mu1,mu2,s1,s2,s3,s4,a1,b1,a2,b2
0.0257985,0.0812626,2.2864e-05,-3.86746e-06,-3.86746e-06,8.62262e-05,22.5904,81.7443,79.1056,961.475
0.0522983,0.11394,8.1437e-05,-5.93015e-06,-5.93015e-06,0.000137411,23.1738,53.8038,94.0291,828.522
0.073574,0.12093,3.06003e-05,2.00247e-06,2.00247e-06,0.000140356,51.8861,21.9502,105.139,865.903
0.0867436,0.0928444,3.61889e-05,3.75906e-07,3.75906e-07,9.94919e-05,60.0586,24.8007,86.7004,933.524
0.0905564,0.0354747,3.22063e-05,2.08715e-06,2.08715e-06,4.60199e-05,101.785,68.4511,27.6534,776.32
0.12285,0.0802887,4.07199e-05,6.35992e-06,6.35992e-06,8.85773e-05,79.1958,21.7929,67.415,877.336
0.0853441,0.0927425,3.46447e-05,3.59985e-07,3.59985e-07,9.92513e-05,59.6664,24.04,86.5594,933.893
0.0308409,0.0830683,2.89606e-05,-6.15956e-07,-6.15956e-07,8.77794e-05,23.9739,67.5039,78.7941,947.508
0.101816,0.0822292,4.06447e-05,9.1583e-07,9.1583e-07,8.91982e-05,64.6966,22.3283,75.6256,920.887
0.0468569,0.115883,6.28005e-05,-4.64522e-06,-4.64522e-06,0.000137127,24.0296,55.0203,99.978,854.941
0.0867628,0.0353655,2.97648e-05,1.91175e-06,1.91175e-06,4.59695e-05,101.51,68.7315,27.4098,773.213
0.0266985,0.0808419,2.40941e-05,-4.0005e-06,-4.0005e-06,8.60333e-05,22.9161,82.1897,75.6123,941.122
0.037991,0.117121,4.58119e-05,-3.48981e-06,-3.48981e-06,0.000136731,21.9851,53.08,100.863,859.716
0.0609904,0.0345338,2.17438e-05,4.32377e-08,4.32377e-08,4.51911e-05,80.6257,72.7602,26.3867,764.128
0.0497898,0.115378,6.81769e-05,-5.10733e-06,-5.10733e-06,0.000136941,24.8547,55.846,98.7789,850.498
0.030069,0.0825397,2.83316e-05,-6.4783e-07,-6.4783e-07,8.7044e-05,23.3711,66.6808,78.3782,948.998
0.0302596,0.0930869,2.80492e-05,-1.73423e-07,-1.73423e-07,9.89113e-05,23.1942,59.382,87.6149,941.171
0.058363,0.114089,9.65737e-05,-6.53479e-06,-6.53479e-06,0.000139672,24.0609,53.7904,92.0796,813.233
0.0438991,0.0906519,5.05453e-05,-1.0218e-06,-1.0218e-06,9.86775e-05,26.4248,61.9288,83.6026,920.548
0.0704456,0.034213,2.90183e-05,1.04807e-07,1.04807e-07,4.53017e-05,80.4691,72.402,25.8258,755.043
0.0724848,0.120851,2.94439e-05,2.00731e-06,2.00731e-06,0.000139843,52.5429,22.3456,104.035,862.945
0.0825439,0.119608,3.81319e-05,2.5603e-06,2.5603e-06,0.000139667,51.6714,21.4282,101.928,854.803
0.0921354,0.0350779,3.428e-05,1.9888e-06,1.9888e-06,4.73889e-05,100.752,69.795,26.7863,752.744
0.0473639,0.0376635,1.9092e-05,-1.34072e-06,-1.34072e-06,4.56707e-05,69.4121,101.632,30.955,824.128
0.0832066,0.0932141,3.31947e-05,2.81196e-07,2.81196e-07,9.95481e-05,59.7102,24.3523,87.2239,936.066
0.0263106,0.0941291,2.27519e-05,-5.69423e-09,-5.69423e-09,9.94989e-05,21.8114,57.7565,89.0487,946.029
0.0362936,0.0917599,3.69317e-05,-5.13591e-07,-5.13591e-07,9.83687e-05,25.0355,61.3124,85.6527,933.164
0.0496682,0.0367113,1.83169e-05,-2.09283e-07,-2.09283e-07,4.76287e-05,71.7271,82.8628,28.321,771.135
0.0819374,0.0936824,3.26291e-05,2.04051e-07,2.04051e-07,0.00010006,59.1047,24.2234,87.7239,936.336
0.0215572,0.0853488,1.57625e-05,-2.27871e-07,-2.27871e-07,8.81973e-05,21.8072,64.8019,82.549,967.468
0.0590293,0.0350659,2.55894e-05,-2.1066e-07,-2.1066e-07,4.60137e-05,71.9992,81.9074,26.7724,762.795
0.0822696,0.0939718,3.3425e-05,1.74375e-07,1.74375e-07,0.000100379,59.9234,25.6069,87.9381,935.987
0.0570906,0.0354381,2.37954e-05,-1.67377e-07,-1.67377e-07,4.56941e-05,72.2933,81.9203,27.5183,776.044
0.0383246,0.117282,4.71611e-05,-3.53239e-06,-3.53239e-06,0.000137261,21.7629,52.8079,100.345,855.841
0.0891919,0.0355921,3.12291e-05,2.04739e-06,2.04739e-06,4.60653e-05,101.751,68.3401,27.9392,779.927
0.0732586,0.120495,2.97727e-05,2.13855e-06,2.13855e-06,0.000139352,52.07,21.5567,104.533,866.579
0.0664647,0.0354326,2.55626e-05,9.20176e-08,9.20176e-08,4.51849e-05,81.1397,72.7018,27.7187,783.234
0.0211774,0.0826874,1.85825e-05,-3.37445e-06,-3.37445e-06,8.75834e-05,19.0673,75.509,76.8344,939.921
0.0500071,0.0389541,1.83789e-05,-1.69492e-07,-1.69492e-07,4.70862e-05,72.3688,83.3594,32.1366,826.153
0.0830075,0.119502,3.84756e-05,2.59854e-06,2.59854e-06,0.000139449,52.1935,21.8805,103.331,861.355
0.0253218,0.0812406,2.55885e-05,-4.33177e-06,-4.33177e-06,8.72691e-05,19.7352,76.8804,76.5709,940.663
0.0525553,0.0351863,2.02218e-05,-1.57563e-07,-1.57563e-07,4.59087e-05,72.1992,82.0776,26.8813,765.215
0.0188105,0.0836874,1.4332e-05,-2.76634e-06,-2.76634e-06,8.77134e-05,19.4538,76.0144,82.4473,972.481
0.122344,0.080099,4.00727e-05,6.30827e-06,6.30827e-06,8.83329e-05,78.8195,21.3482,75.9117,932.284
0.0277695,0.0830833,2.48737e-05,-5.26813e-07,-5.26813e-07,8.71303e-05,22.7839,65.9349,78.8162,951.154
0.0503309,0.0362718,2.1871e-05,-1.50994e-06,-1.50994e-06,4.58973e-05,68.6243,101.227,28.3519,786.848
0.0269757,0.0813255,2.50832e-05,-4.22912e-06,-4.22912e-06,8.65896e-05,22.5244,81.6883,76.6092,944.503
0.023115,0.0820703,1.89132e-05,-3.31818e-06,-3.31818e-06,8.64819e-05,21.9793,80.5396,76.6284,944.493
0.0994092,0.0816515,3.80609e-05,9.98014e-07,9.98014e-07,8.77417e-05,66.195,22.9933,76.063,931.211
0.0238017,0.0821751,2.1437e-05,-3.74722e-06,-3.74722e-06,8.72013e-05,20.7008,78.4471,78.2202,950.682
0.0465632,0.0379487,1.87967e-05,-1.40056e-06,-1.40056e-06,4.61143e-05,68.4956,101.603,31.499,827.413
0.0214006,0.0825883,1.73776e-05,-3.14176e-06,-3.14176e-06,8.69766e-05,20.6431,78.2218,79.9329,961.799
0.0418762,0.0354453,1.51372e-05,-1.11744e-06,-1.11744e-06,4.58766e-05,68.3909,99.9988,26.4596,760.128
0.0463913,0.0373445,1.85891e-05,-1.35916e-06,-1.35916e-06,4.59175e-05,68.6308,101.365,30.1347,810.988
0.0855586,0.093561,3.61495e-05,2.81552e-07,2.81552e-07,0.000100123,61.0849,26.8179,87.5376,935.053
0.0516926,0.0355798,2.33056e-05,-1.61191e-06,-1.61191e-06,4.61189e-05,68.083,100.989,28.0464,780.772
0.120514,0.0798489,3.83804e-05,6.11316e-06,6.11316e-06,8.76055e-05,80.1533,21.8091,67.6033,883.375
0.0804757,0.0946954,3.28367e-05,6.16726e-08,6.16726e-08,0.000101071,60.2722,26.9647,88.7484,937.06
0.0949145,0.0352756,3.57393e-05,2.15417e-06,2.15417e-06,4.62735e-05,101.676,69.4167,27.4671,771.525
0.0825621,0.0837654,2.62487e-05,4.85879e-07,4.85879e-07,8.82271e-05,66.9355,23.5913,79.2716,947.938
0.0276361,0.0835407,2.34115e-05,-4.59757e-07,-4.59757e-07,8.73055e-05,23.837,67.3846,79.8114,956.168
0.122521,0.080641,4.09641e-05,6.32987e-06,6.32987e-06,8.87784e-05,80.5614,22.9833,75.6721,928.367
0.0457475,0.0374764,1.7976e-05,-1.30863e-06,-1.30863e-06,4.57795e-05,68.9113,101.397,31.0865,824.902
0.0682903,0.0349037,2.71166e-05,9.68034e-08,9.68034e-08,4.52305e-05,80.8349,72.5764,26.922,771.506
0.0831308,0.0933025,3.32118e-05,3.09051e-07,3.09051e-07,9.93031e-05,62.0761,26.8178,87.4187,938.268
0.0833908,0.0924912,3.2554e-05,3.44206e-07,3.44206e-07,9.86112e-05,60.9515,24.7344,86.8949,938.733
0.026511,0.0838819,2.57616e-05,-5.17636e-07,-5.17636e-07,8.85803e-05,20.3567,62.7757,79.5428,947.67
0.0847722,0.0833991,2.76357e-05,5.60243e-07,5.60243e-07,8.80405e-05,66.4712,23.1698,79.0187,947.44
0.0945387,0.0829971,3.49075e-05,7.30874e-07,7.30874e-07,8.92834e-05,62.9674,20.8624,77.4244,931.302
0.0345394,0.0819092,3.53239e-05,-8.91087e-07,-8.91087e-07,8.73962e-05,24.5661,68.2216,76.9934,938.721
0.0355055,0.0809073,3.56013e-05,-9.29719e-07,-9.29719e-07,8.61697e-05,25.5365,68.6334,75.7855,937.944
0.0757147,0.120213,3.18243e-05,2.27714e-06,2.27714e-06,0.000139462,51.1834,20.7124,103.869,863.514
0.086656,0.083883,2.92501e-05,5.70262e-07,5.70262e-07,8.95229e-05,60.6588,19.0759,78.4059,935.91
0.0377433,0.0915174,4.12788e-05,-6.38365e-07,-6.38365e-07,9.87569e-05,24.2969,60.178,84.5872,925.529
0.0449079,0.038112,1.73522e-05,-1.29723e-06,-1.29723e-06,4.58477e-05,68.8669,101.604,32.7011,845.439
0.042659,0.0375904,1.55257e-05,-1.15309e-06,-1.15309e-06,4.5677e-05,69.1947,101.154,30.5462,818.536
0.0722693,0.0372656,2.09853e-05,1.3633e-06,1.3633e-06,4.6256e-05,101.213,70.0577,30.3731,811.103
0.0233204,0.084906,2.05284e-05,-3.53177e-07,-3.53177e-07,8.88758e-05,19.8344,62.0686,81.0601,955.051
0.0847372,0.119105,3.9731e-05,2.76435e-06,2.76435e-06,0.000138617,54.105,23.5465,102.658,861.17
0.0245376,0.0814862,2.20598e-05,-3.7714e-06,-3.7714e-06,8.65968e-05,21.3139,79.5354,76.7568,944.997
0.0403768,0.117778,4.54344e-05,-3.42336e-06,-3.42336e-06,0.000137054,24.5901,55.7256,101.383,860.883
0.127616,0.0794744,4.33065e-05,6.79462e-06,6.79462e-06,8.78914e-05,81.1764,22.6216,74.7672,927.967
0.0310807,0.0825555,2.97847e-05,-6.8893e-07,-6.8893e-07,8.72874e-05,23.7129,67.2018,77.7505,943.877
0.0474571,0.038174,1.97322e-05,-1.49769e-06,-1.49769e-06,4.67e-05,67.9791,101.588,31.892,827.392
0.0998479,0.0347657,3.9624e-05,2.33954e-06,2.33954e-06,4.6533e-05,101.551,69.4036,25.4146,740.128
0.0472803,0.0377698,1.92258e-05,-1.39107e-06,-1.39107e-06,4.58199e-05,68.9026,101.678,31.2882,827.257
0.065687,0.0336564,3.19213e-05,-2.90538e-07,-2.90538e-07,4.61636e-05,71.4862,81.368,24.4742,728.143
0.0422468,0.117913,5.29189e-05,-3.4693e-06,-3.4693e-06,0.000139214,23.2026,53.3582,99.655,846.766
0.0784161,0.0331334,3.58605e-05,2.16664e-07,2.16664e-07,4.54551e-05,80.3646,71.7705,24.114,728.365
0.0494678,0.0355995,1.78311e-05,-1.20474e-07,-1.20474e-07,4.56698e-05,72.453,82.1498,27.7042,778.864
0.0676732,0.094935,2.17839e-05,-4.22291e-08,-4.22291e-08,0.000100145,57.5353,22.0558,89.977,947.876
0.0642005,0.122275,2.35162e-05,1.54524e-06,1.54524e-06,0.000141153,51.5072,21.8521,106.734,869.885
0.0347014,0.0921811,3.57875e-05,-4.36908e-07,-4.36908e-07,9.8833e-05,23.7862,59.7822,86.0774,933.266
0.0442528,0.0906191,4.83472e-05,-1.04055e-06,-1.04055e-06,9.81157e-05,27.8801,63.7769,83.5196,922.73
0.0927949,0.0836188,3.41564e-05,5.30872e-07,5.30872e-07,8.99004e-05,65.1176,23.0255,78.0167,931.607
0.0222936,0.0823421,1.9172e-05,-3.41495e-06,-3.41495e-06,8.70829e-05,20.3433,77.8092,78.4527,952.488
0.0307032,0.0830823,2.92242e-05,-6.22045e-07,-6.22045e-07,8.78899e-05,23.5965,67.015,78.3893,944.478
0.0773803,0.0850454,2.33412e-05,3.78258e-07,3.78258e-07,8.99271e-05,59.6407,18.369,80.2862,944.909
0.0840438,0.0936915,3.47885e-05,2.11511e-07,2.11511e-07,0.000100435,58.6031,24.1835,87.4332,933.037
0.0497575,0.0377942,2.17621e-05,-1.61731e-06,-1.61731e-06,4.68034e-05,67.8244,101.604,30.3934,806.88
0.072006,0.0340746,3.00832e-05,1.57032e-07,1.57032e-07,4.53227e-05,80.8025,72.2008,25.6139,751.768
0.0442707,0.0349703,1.43569e-05,-1.16176e-07,-1.16176e-07,4.59635e-05,72.2043,82.1928,26.5519,760.056
0.0430018,0.0383945,1.60177e-05,-1.25083e-06,-1.25083e-06,4.61362e-05,68.5077,101.452,32.436,839.369
0.0926841,0.0821124,2.26368e-05,3.8909e-06,3.8909e-06,8.69095e-05,81.7315,22.7093,79.0524,957.417
0.0345798,0.118156,3.74847e-05,-2.95944e-06,-2.95944e-06,0.000136704,22.2411,53.516,102.306,865.829
0.0245139,0.0814434,2.29681e-05,-3.92552e-06,-3.92552e-06,8.68674e-05,20.5184,78.2108,76.2133,940.309
0.123769,0.0793266,4.04323e-05,6.42457e-06,6.42457e-06,8.80177e-05,76.5025,19.6086,72.1376,910.603
0.0355929,0.0812377,3.94612e-05,-1.08379e-06,-1.08379e-06,8.73944e-05,23.4934,66.8305,75.6336,930.443
0.0222618,0.0823889,1.93481e-05,-3.45112e-06,-3.45112e-06,8.71956e-05,20.1243,77.4319,77.3039,944.913
0.0452009,0.1161,6.2873e-05,-4.48405e-06,-4.48405e-06,0.000137954,22.5393,53.2866,98.1258,844.36
0.0785375,0.11971,3.40105e-05,2.44878e-06,2.44878e-06,0.000138682,53.2137,22.5126,104.008,866.562
0.0404827,0.0901879,4.85762e-05,-9.50569e-07,-9.50569e-07,9.8379e-05,23.8501,59.9418,82.3291,914.885
0.0782852,0.12058,3.49904e-05,2.16224e-06,2.16224e-06,0.000140796,51.3291,21.6926,102.128,852.085
0.0592759,0.0353454,2.56054e-05,-1.66542e-07,-1.66542e-07,4.55436e-05,72.3277,81.7271,27.4242,775.994
0.081008,0.0936524,3.16822e-05,2.04559e-07,2.04559e-07,9.98319e-05,59.6016,24.4834,87.7108,937.335
0.0257708,0.0808467,2.48224e-05,-4.13437e-06,-4.13437e-06,8.66035e-05,20.9328,78.8513,74.1906,929.266
0.0258902,0.0843694,2.41767e-05,-4.30497e-07,-4.30497e-07,8.88981e-05,20.6413,63.0599,79.7615,947.26
0.0809461,0.0372708,2.63231e-05,1.60459e-06,1.60459e-06,4.67888e-05,101.402,70.3915,29.9144,800.431
0.0813835,0.0931717,3.14306e-05,2.5278e-07,2.5278e-07,9.93845e-05,58.9929,23.3247,87.373,937.634
0.0835624,0.0841066,2.71432e-05,4.54046e-07,4.54046e-07,8.90759e-05,64.8457,22.1915,79.2876,943.498
0.0389492,0.0909455,4.3756e-05,-7.60123e-07,-7.60123e-07,9.846e-05,24.4144,60.4994,83.9408,923.391
0.0368757,0.0910385,4.20267e-05,-6.71138e-07,-6.71138e-07,9.8586e-05,23.0079,59.0889,84.3764,925.181
0.0727072,0.0343911,3.06096e-05,1.64696e-07,1.64696e-07,4.5341e-05,80.9156,72.2139,25.9574,756.639
0.0528586,0.0353741,2.06127e-05,-1.97598e-07,-1.97598e-07,4.65781e-05,71.8903,82.3158,26.8552,759.332
0.0426394,0.0383179,1.53764e-05,-1.13428e-06,-1.13428e-06,4.55999e-05,69.6933,101.485,32.5361,845.473
0.0305309,0.0833071,2.79007e-05,-5.63822e-07,-5.63822e-07,8.78594e-05,24.3336,67.926,78.8675,947.509
0.026337,0.0839636,2.37439e-05,-4.587e-07,-4.587e-07,8.81278e-05,21.6309,64.5593,80.0621,953.189
0.0933802,0.0823152,3.35746e-05,8.21698e-07,8.21698e-07,8.79017e-05,64.7099,21.8048,77.2998,937.865
0.0572913,0.0352653,2.40878e-05,-1.97322e-07,-1.97322e-07,4.60298e-05,72.065,82.0178,27.0586,766.726
0.0547713,0.0373767,2.22114e-05,-2.35211e-07,-2.35211e-07,4.73543e-05,71.8774,82.9049,29.5921,790.532
0.0979211,0.0341813,3.76551e-05,2.39765e-06,2.39765e-06,4.62028e-05,101.54,68.0067,23.9561,721.262
0.0895297,0.118669,4.45966e-05,3.01594e-06,3.01594e-06,0.000138855,53.8707,23.485,102.409,859.423
0.108546,0.0813904,3.15529e-05,5.1068e-06,5.1068e-06,8.80099e-05,79.9276,22.0397,77.279,941.486
0.028023,0.0838215,2.62692e-05,-5.00426e-07,-5.00426e-07,8.8449e-05,22.064,64.9924,79.434,947.72
0.036182,0.0916077,3.844e-05,-5.50131e-07,-5.50131e-07,9.85464e-05,24.0502,60.2069,85.0354,928.96
0.0415717,0.0914348,4.49585e-05,-7.81981e-07,-7.81981e-07,9.87992e-05,26.6069,62.0748,84.8254,926.651
0.0276772,0.0940213,2.65077e-05,-9.45482e-08,-9.45482e-08,9.99908e-05,20.8181,56.2121,88.4371,940.455
0.0177435,0.084346,1.44152e-05,-2.8529e-06,-2.8529e-06,8.88486e-05,17.3987,72.0709,81.0744,958.299
0.086414,0.0922112,3.50717e-05,4.09379e-07,4.09379e-07,9.88617e-05,59.2553,23.2357,85.9493,932.433
0.0243143,0.0819761,2.26383e-05,-3.91999e-06,-3.91999e-06,8.72686e-05,20.4801,78.0787,76.1435,937.741
0.0441539,0.0382417,1.71384e-05,-1.35878e-06,-1.35878e-06,4.69233e-05,67.7439,101.217,30.9898,813.606
0.0626766,0.0351003,2.23384e-05,1.60484e-07,1.60484e-07,4.57119e-05,81.8965,72.2531,26.9346,767.62
0.0746183,0.120752,3.1397e-05,2.07849e-06,2.07849e-06,0.00014027,51.5546,21.5404,103.556,859.645
0.0580712,0.0345562,1.97361e-05,2.59994e-08,2.59994e-08,4.51802e-05,80.5923,72.8408,26.4371,764.95
0.0648698,0.122394,2.41901e-05,1.5458e-06,1.5458e-06,0.000141685,50.42,20.9861,106.617,867.767
0.0802917,0.0371976,2.55174e-05,1.65019e-06,1.65019e-06,4.57989e-05,101.99,69.724,30.55,817.682
0.0283545,0.0833748,2.52231e-05,-5.17336e-07,-5.17336e-07,8.74924e-05,23.3574,66.7964,79.4362,952.907
0.0931837,0.0927235,4.32224e-05,4.59706e-07,4.59706e-07,0.000100314,59.7964,25.7648,85.8664,925.211
0.0951164,0.118527,5.16849e-05,3.13516e-06,3.13516e-06,0.000140274,52.4384,22.8556,100.21,845.786
0.0639111,0.0329249,2.40993e-05,5.82018e-08,5.82018e-08,4.53057e-05,79.9972,72.4016,23.9093,726.453
0.0894826,0.0826442,3.06798e-05,6.91349e-07,6.91349e-07,8.73812e-05,69.573,25.6506,78.3485,946.989
0.0469585,0.11531,6.74833e-05,-4.90226e-06,-4.90226e-06,0.00013744,22.6539,53.4666,97.5328,843.493
0.053222,0.114055,8.42565e-05,-6.08331e-06,-6.08331e-06,0.000137959,23.1876,53.7682,93.7836,825.81
0.146337,0.0772515,5.58881e-05,8.77342e-06,8.77342e-06,8.73706e-05,83.7828,23.7265,73.1511,922.313
0.0300963,0.092714,3.151e-05,-2.7447e-07,-2.7447e-07,9.93155e-05,20.756,56.5152,86.5078,933.307
0.0303384,0.082529,3.0313e-05,-7.15671e-07,-7.15671e-07,8.74912e-05,22.3768,65.4937,78.1537,945.224
0.0823859,0.0375109,2.68971e-05,1.69472e-06,1.69472e-06,4.59498e-05,102.137,70.1291,30.5436,816.25
0.107763,0.0806552,4.46879e-05,1.30979e-06,1.30979e-06,8.7393e-05,68.607,24.9691,74.9663,926.382
0.102554,0.0821997,4.13207e-05,9.25877e-07,9.25877e-07,8.92994e-05,64.6077,22.3187,75.8475,921.715
0.0292728,0.093077,2.70062e-05,-1.24717e-07,-1.24717e-07,9.89213e-05,22.6353,58.8269,87.6456,941.286
0.082957,0.0929582,3.26426e-05,2.89327e-07,2.89327e-07,9.94337e-05,58.1592,22.5371,86.7162,933.875
0.0680576,0.0361279,3.44054e-05,-3.50779e-07,-3.50779e-07,4.68313e-05,71.4945,82.0987,27.8126,770.672
0.0365412,0.0911095,4.02982e-05,-6.14096e-07,-6.14096e-07,9.83987e-05,23.499,59.7484,84.2158,925.173
0.0548096,0.114302,8.57873e-05,-6.14286e-06,-6.14286e-06,0.000138297,24.0011,54.467,92.6992,820.019
0.124763,0.0801274,4.19599e-05,6.53525e-06,6.53525e-06,8.8369e-05,80.8448,22.8065,75.0343,926.821
0.0480248,0.0378487,1.68477e-05,-1.29617e-07,-1.29617e-07,4.62965e-05,72.5594,82.961,30.9596,817.764
0.0250321,0.0820834,2.42258e-05,-4.14818e-06,-4.14818e-06,8.77208e-05,20.2918,77.5205,79.8823,958.163
0.0440319,0.037524,1.6732e-05,-1.25686e-06,-1.25686e-06,4.58955e-05,68.6455,101.227,31.3367,827.159
0.0677288,0.0955334,2.22808e-05,-7.69033e-08,-7.69033e-08,0.000101194,54.6005,20.0675,90.1841,944.036
0.0936236,0.0357633,3.47388e-05,2.09901e-06,2.09901e-06,4.62191e-05,101.844,69.605,28.3368,784.082
0.0217098,0.0827038,1.7912e-05,-3.24247e-06,-3.24247e-06,8.71341e-05,20.6168,78.2425,77.3975,945.665
0.111888,0.0806284,3.31722e-05,5.40177e-06,5.40177e-06,8.80777e-05,76.1043,19.4764,72.6983,913.08
0.0228763,0.0819243,2.10165e-05,-3.67816e-06,-3.67816e-06,8.7191e-05,19.6178,76.5631,75.5791,934.489
0.0866876,0.092934,3.62655e-05,3.71353e-07,3.71353e-07,9.95312e-05,60.5151,25.3756,86.7506,933.609
0.0397359,0.0909837,4.15123e-05,-7.33757e-07,-7.33757e-07,9.79329e-05,26.4702,62.8728,84.5092,929.002
0.0785187,0.0853373,2.43784e-05,2.82454e-07,2.82454e-07,9.05861e-05,60.6868,19.4766,80.3716,941.951
0.0258324,0.0825969,2.45784e-05,-4.15287e-06,-4.15287e-06,8.82135e-05,21.1667,78.4128,77.7609,942.643
0.0466328,0.0382972,1.89164e-05,-1.42878e-06,-1.42878e-06,4.63281e-05,68.3497,101.696,32.2791,835.689
0.0337436,0.0821469,3.48366e-05,-8.52016e-07,-8.52016e-07,8.76987e-05,23.8687,67.328,77.0178,937.239
0.0747919,0.120922,3.18088e-05,2.02459e-06,2.02459e-06,0.000140709,51.3126,21.5528,103.894,859.674
0.056644,0.0359956,2.37031e-05,-2.3246e-07,-2.3246e-07,4.6754e-05,71.8525,82.4202,27.6775,769.422
0.0621476,0.0337093,2.26543e-05,5.39914e-08,5.39914e-08,4.52153e-05,80.3741,72.578,25.1187,745.343
0.0871135,0.120347,4.55404e-05,2.22021e-06,2.22021e-06,0.000142601,50.9581,22.888,101.257,842.978
0.0651848,0.0372614,2.4155e-05,1.14911e-07,1.14911e-07,4.52973e-05,82.1578,72.8749,30.6456,822.528
0.0869558,0.0350161,3.00481e-05,1.89246e-06,1.89246e-06,4.60686e-05,101.282,68.8985,26.6806,762.005
0.119004,0.0801295,3.74976e-05,5.97629e-06,5.97629e-06,8.74478e-05,82.0336,23.0398,72.2839,914.164
0.0928555,0.0825447,3.31594e-05,7.52355e-07,7.52355e-07,8.77997e-05,68.7402,25.0624,77.8297,941.604
0.0812606,0.120139,3.75696e-05,2.33729e-06,2.33729e-06,0.000140466,51.8364,22.1009,103.202,857.599
0.0228167,0.0819749,1.96144e-05,-3.43252e-06,-3.43252e-06,8.67874e-05,20.7768,78.4809,78.1086,951.983
0.110719,0.0803054,3.20785e-05,5.22452e-06,5.22452e-06,8.66629e-05,82.5266,23.0063,75.5281,938.168
0.0259754,0.0834791,2.55962e-05,-5.66658e-07,-5.66658e-07,8.80568e-05,19.7524,62.0341,78.823,946.185
0.0699745,0.121421,2.77609e-05,1.80995e-06,1.80995e-06,0.000140525,52.2771,22.4427,104.336,862.031
0.0524294,0.035859,1.98754e-05,-9.40462e-08,-9.40462e-08,4.52492e-05,72.7532,81.8573,28.4324,792.69
0.0510901,0.0362013,1.91091e-05,-1.52783e-07,-1.52783e-07,4.61149e-05,72.3021,82.4339,28.3262,783.754
0.0478833,0.0353843,1.67313e-05,-1.18902e-07,-1.18902e-07,4.57425e-05,72.3839,82.158,27.3454,773.19
0.044406,0.115849,5.74505e-05,-4.33476e-06,-4.33476e-06,0.000136352,23.6614,54.7295,99.3527,854.635
0.114983,0.0812387,3.59805e-05,5.66509e-06,5.66509e-06,8.89399e-05,77.9008,21.2277,77.2118,936.445
0.0535113,0.0367932,2.08489e-05,-1.3977e-07,-1.3977e-07,4.57614e-05,72.5684,82.4195,29.6347,804.739
0.137843,0.0780532,4.99057e-05,7.81229e-06,7.81229e-06,8.76561e-05,80.8989,22.0976,70.9481,906.004
0.0463508,0.0374502,1.84372e-05,-1.33031e-06,-1.33031e-06,4.57643e-05,68.9631,101.445,30.6829,819.673
0.0443005,0.037908,1.68119e-05,-1.24648e-06,-1.24648e-06,4.57244e-05,69.0581,101.477,31.3408,828.744
0.046035,0.116223,6.06136e-05,-4.4472e-06,-4.4472e-06,0.000137316,24.026,54.9775,97.4377,843.374
0.0468266,0.116914,6.22548e-05,-4.14621e-06,-4.14621e-06,0.00013891,24.0842,54.2419,98.7024,843.781
0.135518,0.0777442,4.76147e-05,7.51109e-06,7.51109e-06,8.65326e-05,84.1937,23.7894,70.8756,911.281
0.0792427,0.0939705,3.0447e-05,1.51397e-07,1.51397e-07,9.99925e-05,59.7371,24.7657,88.2372,939.385
0.0415248,0.0385417,1.47431e-05,-1.1416e-06,-1.1416e-06,4.56876e-05,69.1604,101.52,31.9042,836.461
0.111767,0.081037,4.90586e-05,1.30122e-06,1.30122e-06,8.91243e-05,64.4973,22.2182,74.1429,912.265
0.0341709,0.0814925,3.37319e-05,-8.62402e-07,-8.62402e-07,8.65597e-05,25.08,68.5936,76.9577,943.025
0.0359687,0.0916464,4.04384e-05,-5.79572e-07,-5.79572e-07,9.90292e-05,22.754,58.5012,84.929,926.114
0.100336,0.0814721,3.86673e-05,1.03036e-06,1.03036e-06,8.73786e-05,68.8306,25.0956,76.0407,933.015
0.082272,0.0367859,2.67792e-05,1.7217e-06,1.7217e-06,4.58289e-05,101.914,69.5313,29.7787,807.065
0.0488095,0.0370034,2.06608e-05,-1.48085e-06,-1.48085e-06,4.60276e-05,68.4415,101.407,29.6324,803.295
0.0490113,0.11493,7.3144e-05,-5.27028e-06,-5.27028e-06,0.000137734,22.7405,53.4504,97.2992,841.652
0.0801161,0.0365344,2.54735e-05,1.64938e-06,1.64938e-06,4.58702e-05,101.651,69.4157,28.2021,785.021
0.122041,0.0796347,3.91685e-05,6.23874e-06,6.23874e-06,8.71237e-05,82.8482,23.3577,74.2475,928.461
0.147231,0.077867,5.78051e-05,8.94313e-06,8.94313e-06,8.83247e-05,82.9847,23.8665,71.2357,905.183
0.0358559,0.091327,3.70187e-05,-4.86324e-07,-4.86324e-07,9.81554e-05,24.486,60.9203,84.9443,930.303
0.0888548,0.11886,4.41985e-05,2.92412e-06,2.92412e-06,0.000139411,52.501,22.2697,102.436,857.787
0.0506034,0.115873,7.58686e-05,-4.89639e-06,-4.89639e-06,0.000139757,23.1725,52.9469,96.199,830.598
0.0427795,0.0393284,1.57197e-05,-1.23272e-06,-1.23272e-06,4.59102e-05,69.0177,101.946,34.4161,866.73
0.0766576,0.0945063,2.87104e-05,5.74994e-08,5.74994e-08,0.000100927,55.2108,20.7634,88.515,936.496
0.113303,0.0804007,4.96472e-05,1.47802e-06,1.47802e-06,8.78726e-05,69.1626,25.6191,73.7143,916.132
0.0493255,0.0361439,1.78e-05,-1.39961e-07,-1.39961e-07,4.60723e-05,72.3362,82.4382,28.3854,784.933
0.08469,0.119567,4.05153e-05,2.59062e-06,2.59062e-06,0.000140031,51.9809,22.0235,102.731,857.029
0.0741449,0.120068,3.01599e-05,2.26072e-06,2.26072e-06,0.000138478,53.228,22.3671,103.942,866.902
0.0495668,0.034473,1.7987e-05,-1.38856e-07,-1.38856e-07,4.57975e-05,72.1576,81.9269,25.9757,753.126
0.096148,0.0357485,3.6962e-05,2.14871e-06,2.14871e-06,4.69708e-05,101.49,69.9909,27.7461,769.6
0.031285,0.0824783,3.25798e-05,-7.76838e-07,-7.76838e-07,8.78861e-05,22.1651,65.1891,77.2683,937.748
0.0841533,0.0354402,2.80639e-05,1.8139e-06,1.8139e-06,4.59593e-05,101.392,68.7744,26.5879,761.571
0.0858421,0.0928851,3.52543e-05,4.27378e-07,4.27378e-07,9.89404e-05,63.2488,27.8769,87.2275,938.969
0.0716786,0.12129,2.92261e-05,1.86336e-06,1.86336e-06,0.000140642,52.1717,22.4396,105.238,865.391
0.0602247,0.0356594,2.67189e-05,-2.39272e-07,-2.39272e-07,4.63314e-05,71.9099,82.1298,27.4865,770.251
0.0589024,0.0315412,2.02409e-05,9.97863e-08,9.97863e-08,4.5037e-05,80.4685,72.0865,22.1237,700.885
0.0563704,0.0363009,2.32281e-05,-1.74423e-07,-1.74423e-07,4.59239e-05,72.3317,82.2757,28.697,790.506
0.0820941,0.0368357,2.67648e-05,1.69282e-06,1.69282e-06,4.59778e-05,101.813,69.7899,30.0772,809.75
0.0954542,0.0344406,3.57912e-05,2.29863e-06,2.29863e-06,4.61943e-05,101.531,68.0199,25.6138,745.826
0.0449612,0.116753,5.92084e-05,-4.15605e-06,-4.15605e-06,0.000138157,23.5052,54.1502,99.1332,847.973
0.0567315,0.0356712,2.36428e-05,-2.01255e-07,-2.01255e-07,4.61919e-05,72.0654,82.1922,27.5064,771.689
0.0600674,0.034459,2.07708e-05,9.93449e-08,9.93449e-08,4.51882e-05,81.3504,72.5345,26.2311,761.9
0.0238645,0.0837587,2.31282e-05,-5.14042e-07,-5.14042e-07,8.80308e-05,18.5924,60.3907,79.8614,952.532
0.0793045,0.119476,3.45532e-05,2.54334e-06,2.54334e-06,0.000138517,52.4809,21.6679,103.713,865.881
0.0315209,0.0824415,2.81636e-05,-6.37225e-07,-6.37225e-07,8.66858e-05,25.5144,69.285,78.1355,949.481
0.0248588,0.0816032,2.24496e-05,-3.85146e-06,-3.85146e-06,8.6679e-05,21.4819,79.8978,77.6588,950.167
0.0532552,0.032297,1.66735e-05,3.46572e-08,3.46572e-08,4.49781e-05,80.216,72.483,23.1824,717.924
0.0404897,0.037844,1.3843e-05,-1.0327e-06,-1.0327e-06,4.57249e-05,69.6649,100.951,30.9732,823.726
0.120056,0.0801058,3.82768e-05,6.07854e-06,6.07854e-06,8.77067e-05,81.0129,22.4807,72.5067,914.273
0.0200587,0.0826658,1.7242e-05,-3.15593e-06,-3.15593e-06,8.75613e-05,18.4855,74.2684,79.9183,958.527
0.0235898,0.0820388,2.04456e-05,-3.57743e-06,-3.57743e-06,8.67998e-05,21.2609,79.4556,78.9967,957.451
0.0783218,0.120298,3.45824e-05,2.26957e-06,2.26957e-06,0.000140193,51.3851,21.3641,103.021,857.69
0.0423487,0.039102,1.57856e-05,-1.30418e-06,-1.30418e-06,4.72701e-05,67.6986,101.298,33.0186,836.723
0.0844198,0.118983,3.92796e-05,2.8017e-06,2.8017e-06,0.000138549,52.9307,22.2139,102.38,860.238
0.0843337,0.0355628,2.82641e-05,1.79363e-06,1.79363e-06,4.60077e-05,101.397,69.1093,27.1294,768.851
0.0593111,0.03495,2.60219e-05,-2.53852e-07,-2.53852e-07,4.65769e-05,71.6847,82.0511,26.1475,749.276
0.0381714,0.0910104,4.34263e-05,-7.30484e-07,-7.30484e-07,9.85952e-05,23.73,59.7458,84.0668,923.446
0.0842324,0.093283,3.43144e-05,2.74864e-07,2.74864e-07,9.98959e-05,58.7806,23.7449,87.1263,933.911
0.0726511,0.0948078,2.56026e-05,3.95662e-09,3.95662e-09,0.000100372,58.7279,23.7923,89.5527,944.567
0.0281343,0.0829856,2.42402e-05,-4.99052e-07,-4.99052e-07,8.68126e-05,23.8348,67.1184,79.3174,955.913
0.0488216,0.0319061,1.39741e-05,3.40841e-08,3.40841e-08,4.48137e-05,80.343,72.4331,22.728,712.156
0.0289824,0.0929951,2.83076e-05,-1.7093e-07,-1.7093e-07,9.9149e-05,21.3509,57.3403,87.1493,937.54
0.0355475,0.09091,3.92229e-05,-5.26592e-07,-5.26592e-07,9.83116e-05,22.9417,59.2218,84.0377,924.592
0.0714157,0.0954123,2.52496e-05,-7.25702e-08,-7.25702e-08,0.000101102,57.8604,23.6291,90.0794,943.913
0.0473801,0.0349477,1.66572e-05,-1.85359e-07,-1.85359e-07,4.71136e-05,71.6352,82.4154,25.8895,741.308
0.0420646,0.0366169,1.50956e-05,-1.10446e-06,-1.10446e-06,4.57938e-05,69.0745,100.547,28.9956,796.428
0.027407,0.0832403,2.62503e-05,-5.75165e-07,-5.75165e-07,8.77299e-05,21.239,64.0396,79.1111,949.677
0.043447,0.0381917,1.62941e-05,-1.25026e-06,-1.25026e-06,4.59636e-05,68.6804,101.461,32.726,844.682
0.0735621,0.120595,3.01684e-05,2.13407e-06,2.13407e-06,0.000139795,51.038,20.6953,104.117,863.476
0.0626277,0.035163,2.26354e-05,8.68873e-08,8.68873e-08,4.51486e-05,81.2851,72.7068,27.4261,779.401
0.0397387,0.0383543,1.14488e-05,-6.26778e-08,-6.26778e-08,4.58267e-05,72.9597,83.0511,32.0471,836.251
0.0364851,0.0912621,3.76995e-05,-5.24205e-07,-5.24205e-07,9.80987e-05,24.8387,61.2919,84.6439,928.929
0.0836895,0.0329717,4.18482e-05,1.49262e-07,1.49262e-07,4.58416e-05,79.0606,71.6797,23.7584,719.916
0.0155997,0.0849,1.20789e-05,-2.5523e-06,-2.5523e-06,8.92302e-05,16.1655,69.6979,82.864,966.592
0.0695673,0.0348471,2.79194e-05,1.44692e-07,1.44692e-07,4.53022e-05,81.1786,72.3839,26.7875,768.972
0.0854345,0.0836557,2.82226e-05,5.47901e-07,5.47901e-07,8.8674e-05,64.5277,21.7848,78.8939,943.299
0.02964,0.0824278,2.81551e-05,-6.4603e-07,-6.4603e-07,8.69357e-05,22.9043,65.9724,78.2908,949.059
0.0697391,0.0359459,2.77009e-05,1.83605e-07,1.83605e-07,4.55961e-05,81.8443,72.3397,28.3696,788.804
0.0701653,0.0342661,2.82102e-05,2.03032e-07,2.03032e-07,4.56371e-05,81.3907,72.0075,25.7348,750.945
0.0460461,0.0376395,1.82337e-05,-1.33182e-06,-1.33182e-06,4.5811e-05,68.871,101.499,31.0784,824.529
0.0520387,0.0355777,1.961e-05,-9.97752e-08,-9.97752e-08,4.52903e-05,72.6718,81.8349,27.9796,785.997
0.027196,0.0936958,2.61058e-05,-1.05504e-07,-1.05504e-07,9.96548e-05,20.4907,56.1616,88.0883,940.18
0.0298973,0.0834397,2.79785e-05,-5.55904e-07,-5.55904e-07,8.81527e-05,23.393,66.7018,78.7892,945.459
0.0376642,0.0909801,4.00297e-05,-6.23272e-07,-6.23272e-07,9.80608e-05,24.915,61.3543,84.4493,928.051
0.0188774,0.0836225,1.49117e-05,-2.8663e-06,-2.8663e-06,8.78722e-05,18.89,75.0287,78.9665,950.958
0.0754542,0.120224,3.15825e-05,2.26732e-06,2.26732e-06,0.000139404,51.3171,20.8199,102.33,857.271
0.0413921,0.116764,5.56665e-05,-3.98136e-06,-3.98136e-06,0.000138063,21.513,52.2739,98.6894,846.339
0.136889,0.0789087,5.02261e-05,7.76732e-06,7.76732e-06,8.82858e-05,82.1678,23.4904,71.4239,905.63
0.0647578,0.0349645,3.07213e-05,-2.25868e-07,-2.25868e-07,4.57099e-05,72.0075,81.5103,26.63,763.288
0.0495889,0.11519,7.57278e-05,-5.25437e-06,-5.25437e-06,0.000138675,22.4872,52.8946,95.6423,831.566
0.0329169,0.0927066,3.2376e-05,-3.15052e-07,-3.15052e-07,9.89595e-05,23.676,59.6719,86.8711,936.948
0.0834135,0.119847,3.95325e-05,2.45086e-06,2.45086e-06,0.000140052,53.3602,23.6514,103.319,859.373
0.0792334,0.0363386,2.49658e-05,1.61858e-06,1.61858e-06,4.59081e-05,101.488,69.3538,28.4526,788.157
0.0734888,0.0333994,3.13977e-05,1.78064e-07,1.78064e-07,4.53706e-05,80.6208,72.0061,24.5725,735.94
0.0402202,0.116907,4.70631e-05,-3.6473e-06,-3.6473e-06,0.000136166,23.7125,54.973,101.012,862.192
0.0433413,0.0382864,1.64095e-05,-1.29714e-06,-1.29714e-06,4.65478e-05,68.0646,101.29,31.6228,825.144
0.138919,0.0782263,5.09384e-05,7.95225e-06,7.95225e-06,8.78115e-05,81.8536,22.8341,73.6063,922.091
0.0581875,0.0351582,2.45828e-05,-1.37294e-07,-1.37294e-07,4.53521e-05,72.4588,81.5481,27.2746,775.504
0.0503621,0.0358615,1.84732e-05,-1.23356e-07,-1.23356e-07,4.56752e-05,72.4901,82.2009,28.0883,784.198
0.11867,0.0799989,3.72787e-05,5.96486e-06,5.96486e-06,8.79352e-05,77.7066,20.3828,73.4566,918.975
0.0935752,0.0919894,4.21317e-05,5.98812e-07,5.98812e-07,9.92845e-05,60.4111,25.1655,85.2998,926.941
0.0846565,0.119051,3.96449e-05,2.78494e-06,2.78494e-06,0.000138825,52.5284,21.925,102.095,858.172
0.116812,0.079672,3.56796e-05,5.73854e-06,5.73854e-06,8.68229e-05,81.4507,22.3123,74.5488,931.588
0.0552188,0.0350718,2.2299e-05,-1.65685e-07,-1.65685e-07,4.57792e-05,72.2093,81.9241,26.8742,766.196
0.067031,0.121509,2.51833e-05,1.77257e-06,1.77257e-06,0.000140137,51.8748,21.6753,104.906,865.601
0.103428,0.0809325,4.11448e-05,1.16703e-06,1.16703e-06,8.71779e-05,68.1242,24.5431,75.4696,930.605
0.0726799,0.0948085,2.5623e-05,2.94289e-09,2.94289e-09,0.000100431,58.3002,23.3821,89.5002,944.015
0.0895769,0.0832179,3.10614e-05,6.85907e-07,6.85907e-07,8.88752e-05,61.7273,19.6947,77.9609,936.667
0.0834442,0.0355044,2.75064e-05,1.82145e-06,1.82145e-06,4.60133e-05,101.391,68.4125,27.816,778.53
0.0283175,0.0832126,2.52038e-05,-5.27509e-07,-5.27509e-07,8.729e-05,23.3167,66.7107,79.2814,953.084
0.0814654,0.119102,3.63208e-05,2.69721e-06,2.69721e-06,0.000138116,53.1036,22.1658,103.075,864.512
0.0255618,0.0820711,2.27687e-05,-3.91402e-06,-3.91402e-06,8.69805e-05,22.2922,81.0653,76.9851,944.449
0.0224713,0.0825188,2.14851e-05,-3.80746e-06,-3.80746e-06,8.80411e-05,18.6104,74.5953,79.1357,951.731
0.0458576,0.0371299,1.81626e-05,-1.32931e-06,-1.32931e-06,4.59016e-05,68.6047,101.216,30.2493,812.652
0.0841431,0.0934277,3.44424e-05,2.71921e-07,2.71921e-07,9.98683e-05,60.2299,25.3755,87.3051,934.998
0.0316007,0.08221,3.08275e-05,-7.40472e-07,-7.40472e-07,8.70551e-05,23.6811,67.0871,77.657,944.577
0.0870647,0.0359189,2.98644e-05,1.92756e-06,1.92756e-06,4.5896e-05,101.816,68.8676,27.5806,776.254
0.0854831,0.0840191,2.85152e-05,4.63596e-07,4.63596e-07,8.92326e-05,65.2375,22.621,79.2974,942.727
0.0465861,0.116398,6.49567e-05,-4.42831e-06,-4.42831e-06,0.000138731,23.0417,53.4235,97.4898,839.201
0.0625978,0.033972,2.29078e-05,6.28063e-08,6.28063e-08,4.51822e-05,80.5562,72.5968,25.5724,752.32
0.053534,0.11457,8.2843e-05,-5.88165e-06,-5.88165e-06,0.000138367,23.7501,54.2058,96.8313,837.814
0.0600507,0.0344885,2.08366e-05,8.30123e-08,8.30123e-08,4.51196e-05,81.1876,72.6249,26.412,765.102
0.0874609,0.0357223,3.01493e-05,1.94473e-06,1.94473e-06,4.59258e-05,101.739,68.7768,27.9362,780.996
0.0878598,0.0357923,3.05924e-05,1.91046e-06,1.91046e-06,4.60142e-05,101.686,69.3145,28.0334,781.548
0.0681627,0.0330991,2.68701e-05,1.66927e-07,1.66927e-07,4.5374e-05,80.9055,72.0237,24.166,729.8
0.0584653,0.0356783,2.5054e-05,-1.9889e-07,-1.9889e-07,4.59809e-05,72.1412,82.0707,27.7714,777.173
0.127074,0.078717,4.21876e-05,6.68102e-06,6.68102e-06,8.703e-05,81.1706,22.1157,73.9004,927.14
0.0525695,0.114339,7.88463e-05,-5.82964e-06,-5.82964e-06,0.000137266,24.0598,54.8617,97.175,842.712
0.0840865,0.0926927,3.34007e-05,3.28038e-07,3.28038e-07,9.92606e-05,58.2141,22.4604,86.4876,933.46
0.046185,0.116053,6.34777e-05,-4.55751e-06,-4.55751e-06,0.000137781,23.2029,53.9969,97.5828,842.574
0.0745097,0.0942949,2.66137e-05,6.99906e-08,6.99906e-08,9.99446e-05,58.838,23.5084,88.9597,943.447
0.112293,0.0806475,3.33551e-05,5.39366e-06,5.39366e-06,8.7406e-05,81.0542,22.394,75.601,934.697
0.0839372,0.0934327,3.42479e-05,2.53426e-07,2.53426e-07,0.000100024,58.9662,24.0947,87.2027,933.72
0.0895422,0.0834022,3.11519e-05,6.35371e-07,6.35371e-07,8.90794e-05,62.7818,20.5778,77.7541,934.339
0.0847183,0.0934447,3.50615e-05,2.4078e-07,2.4078e-07,0.000100488,56.4471,21.8725,86.8952,929.917
0.0438107,0.116483,5.85786e-05,-4.2142e-06,-4.2142e-06,0.000137779,22.7102,53.5489,97.7562,843.256
0.112402,0.0807694,3.35461e-05,5.41133e-06,5.41133e-06,8.7624e-05,80.6092,22.2233,75.7105,934.202
0.0371843,0.0916087,3.86258e-05,-5.76523e-07,-5.76523e-07,9.8402e-05,25.106,61.3068,85.5166,932.271
0.0209243,0.0829744,1.70792e-05,-3.13958e-06,-3.13958e-06,8.7352e-05,20.1343,77.3567,79.0296,954.329
0.0765215,0.0366693,2.3338e-05,1.52292e-06,1.52292e-06,4.59207e-05,101.45,69.545,28.8434,793.395
0.0471787,0.0391104,1.91859e-05,-1.43674e-06,-1.43674e-06,4.60279e-05,68.9028,102.236,33.5114,854.267
0.0358118,0.0920304,3.44214e-05,-4.38838e-07,-4.38838e-07,9.82034e-05,26.004,62.3941,86.122,936.496
0.0417546,0.0385471,1.52161e-05,-1.23113e-06,-1.23113e-06,4.6552e-05,68.101,101.248,32.9159,841.78
0.0403913,0.11719,5.16066e-05,-3.73023e-06,-3.73023e-06,0.000137877,22.0255,52.894,99.3097,849.524
0.0768099,0.121042,3.41936e-05,1.96715e-06,1.96715e-06,0.000141356,51.8084,22.6612,104.093,858.475
0.0435144,0.116549,5.97361e-05,-4.19931e-06,-4.19931e-06,0.0001383,22.0526,52.7069,98.8254,846.226
0.0251357,0.0816228,2.39593e-05,-4.09656e-06,-4.09656e-06,8.71165e-05,20.6646,78.4677,79.896,961.536
0.0888049,0.092742,3.8218e-05,3.95887e-07,3.95887e-07,9.98494e-05,58.6055,23.6435,85.9998,928.079
0.0481851,0.0383112,2.06277e-05,-1.60442e-06,-1.60442e-06,4.77122e-05,67.2633,101.373,30.2581,797.397
0.0603539,0.0353708,2.05413e-05,1.8326e-07,1.8326e-07,4.63195e-05,82.2496,72.0153,27.0749,764.555
0.048425,0.0359386,1.71366e-05,-1.29595e-07,-1.29595e-07,4.59508e-05,72.3712,82.3635,28.14,782.565
0.040164,0.0909778,4.62705e-05,-8.21759e-07,-8.21759e-07,9.87894e-05,24.493,60.2098,84.2642,923.631
0.0532394,0.0368672,2.07745e-05,-1.72517e-07,-1.72517e-07,4.63026e-05,72.2965,82.6156,29.3937,796.766
0.110271,0.0812587,3.25979e-05,5.25364e-06,5.25364e-06,8.81614e-05,79.2068,21.6221,75.5566,930.235
0.0540316,0.0339172,1.67413e-05,9.45174e-08,9.45174e-08,4.52439e-05,81.5066,72.4056,25.4181,749.538
0.0344628,0.0389074,1.02406e-05,-9.13893e-07,-9.13893e-07,4.59804e-05,68.6222,100.888,32.6982,844.036
0.0939011,0.117821,4.85263e-05,3.43884e-06,3.43884e-06,0.000138169,53.6957,22.9432,100.462,853.452
0.0901104,0.083255,3.14929e-05,6.1249e-07,6.1249e-07,8.86235e-05,66.8931,23.7854,78.2546,939.744
0.0750417,0.120672,3.1713e-05,2.11419e-06,2.11419e-06,0.000140235,51.3378,21.2856,104.944,865.504
0.0915016,0.0926414,4.10531e-05,4.41392e-07,4.41392e-07,0.000100084,58.7913,24.2173,85.5517,924.576
0.109743,0.0812578,3.22424e-05,5.21316e-06,5.21316e-06,8.81547e-05,78.7974,21.3338,76.8544,938.205
0.0331,0.0818556,3.4984e-05,-8.95222e-07,-8.95222e-07,8.74342e-05,22.9908,66.2408,76.8457,937.618
0.0661193,0.0326374,2.58055e-05,7.46474e-08,7.46474e-08,4.53227e-05,79.9265,72.2818,23.5392,720.673
0.0348654,0.0915419,3.71062e-05,-4.88826e-07,-4.88826e-07,9.84874e-05,23.2714,59.5276,85.2696,930.51
0.0249729,0.0816867,2.31966e-05,-3.98035e-06,-3.98035e-06,8.69646e-05,21.0293,79.1078,78.2128,952.094
0.0364342,0.0916791,4.02072e-05,-5.80237e-07,-5.80237e-07,9.89343e-05,23.383,59.1915,84.7498,925.581
0.086749,0.035848,2.96868e-05,1.90971e-06,1.90971e-06,4.59021e-05,101.756,68.9091,28.6631,791.275
0.0481967,0.116015,6.89054e-05,-4.71681e-06,-4.71681e-06,0.000138704,23.2181,53.5847,97.6383,839.985
0.0465492,0.0371646,1.87379e-05,-1.36685e-06,-1.36685e-06,4.59418e-05,68.558,101.289,30.0983,810.286
0.0272561,0.0834216,2.55491e-05,-5.41995e-07,-5.41995e-07,8.77922e-05,21.5426,64.454,79.5512,951.972
0.0271135,0.0841108,2.54313e-05,-4.61704e-07,-4.61704e-07,8.87411e-05,21.416,64.0843,79.6839,947.64
0.020867,0.0829445,1.55485e-05,-2.86353e-06,-2.86353e-06,8.67555e-05,21.8007,80.1195,79.9785,963.079
0.0469248,0.0366105,1.58631e-05,-5.89887e-08,-5.89887e-08,4.51575e-05,73.0147,82.1373,29.6438,810.221
0.085335,0.0929439,3.49156e-05,3.34815e-07,3.34815e-07,9.95449e-05,59.2783,23.9357,87.0324,935.057
0.0721331,0.121124,2.94127e-05,1.95994e-06,1.95994e-06,0.000140628,50.6926,20.7625,103.697,859.11
0.0618523,0.0358364,2.82352e-05,-2.62237e-07,-2.62237e-07,4.64704e-05,71.8274,82.1623,27.6637,771.575
0.0466813,0.0381804,1.85965e-05,-1.33941e-06,-1.33941e-06,4.56555e-05,69.3204,101.852,32.4279,843.67
0.0299244,0.0830853,2.653e-05,-5.60338e-07,-5.60338e-07,8.72619e-05,24.5601,68.2858,79.1843,952.658
0.0765341,0.0939373,2.79643e-05,1.30262e-07,1.30262e-07,9.95934e-05,59.9886,24.4766,88.5516,942.94
0.0224663,0.0847698,1.90951e-05,-3.50509e-07,-3.50509e-07,8.83508e-05,19.8026,62.1336,81.4158,959.986
0.0686705,0.0345644,2.78243e-05,4.87264e-08,4.87264e-08,4.5526e-05,80.0614,72.5792,26.2216,758.927
0.0736433,0.119787,2.95352e-05,2.33219e-06,2.33219e-06,0.000137987,52.3915,21.3156,104.45,870.615
0.037712,0.11841,4.67071e-05,-3.15124e-06,-3.15124e-06,0.000139311,21.271,51.6138,100.377,849.485
0.120856,0.0796385,3.83922e-05,6.12642e-06,6.12642e-06,8.72228e-05,81.4026,22.4308,73.7344,924.629
0.0814318,0.0932213,3.15244e-05,2.59884e-07,2.59884e-07,9.92869e-05,60.1382,24.4771,87.368,938.069
0.0419604,0.0905687,5.11646e-05,-9.75741e-07,-9.75741e-07,9.90285e-05,24.189,59.6006,82.8364,914.684
0.0896623,0.0359532,3.15346e-05,2.04715e-06,2.04715e-06,4.59394e-05,101.98,68.6597,28.7084,791.664
0.0560319,0.0377372,2.3193e-05,-2.33573e-07,-2.33573e-07,4.71589e-05,72.0001,82.9452,30.2552,800.994
0.105764,0.0800634,2.93595e-05,4.7724e-06,4.7724e-06,8.65341e-05,79.4968,21.2241,77.1613,948.553
0.03381,0.0919088,3.69552e-05,-4.6554e-07,-4.6554e-07,9.89669e-05,22.1194,58.0252,85.2903,928.362
0.0491898,0.114677,7.6079e-05,-5.41725e-06,-5.41725e-06,0.000138036,22.107,52.6779,94.2679,827.548
0.0514231,0.114421,7.90451e-05,-5.71729e-06,-5.71729e-06,0.000137755,23.0993,53.7634,95.0887,832.076
0.0314826,0.0796194,3.44022e-05,-5.5421e-06,-5.5421e-06,8.65556e-05,22.3958,81.6793,73.6485,927.227
0.0315779,0.082344,3.01316e-05,-7.09869e-07,-7.09869e-07,8.7047e-05,24.1321,67.6774,77.6116,944.339
0.0864606,0.119581,4.26954e-05,2.60154e-06,2.60154e-06,0.000140634,51.331,21.7055,101.375,849.503
0.0588539,0.0340517,2.01901e-05,5.31631e-08,5.31631e-08,4.5092e-05,80.7441,72.68,25.6942,754.864
0.0674858,0.0344578,2.62498e-05,1.43656e-07,1.43656e-07,4.53168e-05,81.2075,72.334,26.1206,759.216
0.0826197,0.0940321,3.38885e-05,1.47532e-07,1.47532e-07,0.00010074,58.2602,24.1155,87.7823,933.478
0.0944492,0.0829985,3.48438e-05,6.92555e-07,6.92555e-07,8.90509e-05,65.7168,23.0392,77.4102,932.425
0.101778,0.0813866,2.72961e-05,4.54611e-06,4.54611e-06,8.70174e-05,81.6206,22.6388,74.0142,926.301
0.0908965,0.0831304,3.20221e-05,6.53303e-07,6.53303e-07,8.86332e-05,65.8533,22.9104,78.0303,938.353
0.0404316,0.117415,4.97243e-05,-3.61819e-06,-3.61819e-06,0.000137703,22.7868,53.7258,99.1461,849.341
0.0536409,0.0376259,2.14312e-05,-2.56945e-07,-2.56945e-07,4.81274e-05,71.6313,83.0729,29.411,781.759
0.0871296,0.0838587,2.96442e-05,5.06527e-07,5.06527e-07,8.92899e-05,64.6099,22.1384,78.6416,938.525
0.0322799,0.0817692,3.35747e-05,-8.56268e-07,-8.56268e-07,8.70987e-05,22.8011,65.9082,77.0297,940.541
0.0942373,0.0341109,3.52416e-05,2.17394e-06,2.17394e-06,4.62012e-05,101.23,68.6424,26.0015,751.283
0.0375649,0.0915487,3.90802e-05,-5.98116e-07,-5.98116e-07,9.83667e-05,25.2938,61.4977,85.1226,930.291
0.0609861,0.0335126,2.14897e-05,1.10509e-07,1.10509e-07,4.51907e-05,81.0792,72.3403,24.8734,741.901
0.0336876,0.0929869,3.26278e-05,-3.0361e-07,-3.0361e-07,9.91821e-05,24.4445,60.1686,87.1041,937.149
0.0847362,0.0926028,3.38972e-05,3.583e-07,3.583e-07,9.90339e-05,59.6369,23.7617,86.7321,935.85
0.103907,0.0332761,4.30759e-05,2.52979e-06,2.52979e-06,4.67527e-05,101.022,68.8833,22.9597,701.892
0.0949692,0.0919162,4.35158e-05,6.87503e-07,6.87503e-07,9.90821e-05,62.3293,27.2353,85.208,927.399
0.0693267,0.0959266,2.41089e-05,-1.32772e-07,-1.32772e-07,0.000101393,58.8014,25.0185,90.7955,946.303
0.120949,0.0793018,3.82166e-05,6.10579e-06,6.10579e-06,8.68241e-05,81.8827,22.5548,71.192,910.644
0.0392611,0.117659,4.86822e-05,-3.48857e-06,-3.48857e-06,0.000138122,22.0489,52.8592,101.056,856.137
0.0868202,0.0832688,2.90127e-05,5.84067e-07,5.84067e-07,8.80475e-05,67.7947,24.2895,78.417,943.791
0.0425551,0.0385544,1.5483e-05,-1.1833e-06,-1.1833e-06,4.56891e-05,69.1842,101.628,32.1067,839.116
0.0808793,0.0354482,3.77682e-05,2.2825e-07,2.2825e-07,4.54371e-05,81.0022,72.0445,27.6536,780.148
0.0264342,0.0840236,2.29523e-05,-4.28647e-07,-4.28647e-07,8.79661e-05,22.433,65.6155,80.2779,955.345
0.107979,0.0815976,3.1391e-05,5.06973e-06,5.06973e-06,8.8308e-05,79.1736,21.7196,76.5656,935.491
0.109874,0.0810061,3.2104e-05,5.22123e-06,5.22123e-06,8.79306e-05,78.3835,20.9045,75.9,933.594
0.0323717,0.0934304,3.33918e-05,-2.35274e-07,-2.35274e-07,0.000100139,22.304,57.2508,87.2724,933.557
0.0712495,0.0953769,2.50703e-05,-6.77104e-08,-6.77104e-08,0.000100984,58.2774,23.9544,90.095,944.549
0.0891406,0.0831351,3.06647e-05,6.33351e-07,6.33351e-07,8.82844e-05,66.7329,23.4935,78.008,940.069
0.0378068,0.0919554,3.91597e-05,-5.65448e-07,-5.65448e-07,9.877e-05,25.4866,61.2901,85.5867,930.912
0.0208972,0.0838318,1.78778e-05,-3.2796e-06,-3.2796e-06,8.86374e-05,19.2451,75.1945,81.2622,960.759
0.0833983,0.0364842,2.75801e-05,1.74954e-06,1.74954e-06,4.59306e-05,101.777,69.5457,29.512,802.553
0.102362,0.117497,5.92261e-05,3.78535e-06,3.78535e-06,0.000139375,54.2689,24.4555,99.8905,847.319
0.0374034,0.0904851,4.20265e-05,-6.42307e-07,-6.42307e-07,9.81306e-05,23.6023,59.9462,83.5693,922.875
0.084877,0.0932057,3.48499e-05,2.86544e-07,2.86544e-07,9.9963e-05,58.1993,23.1981,86.7155,931.395
0.0928333,0.118941,4.9589e-05,2.91255e-06,2.91255e-06,0.00014057,52.5968,23.2607,100.917,847.811
0.0194604,0.0834133,1.48117e-05,-2.81154e-06,-2.81154e-06,8.7409e-05,20.0812,77.1518,79.7754,958.267
0.0684794,0.121104,2.60579e-05,1.87608e-06,1.87608e-06,0.00013942,53.1703,22.7164,106.34,873.768
0.0290263,0.082967,2.77085e-05,-6.15892e-07,-6.15892e-07,8.75483e-05,22.4069,65.5608,78.5785,947.462
0.042028,0.0384173,1.5485e-05,-1.25713e-06,-1.25713e-06,4.67888e-05,67.8613,101.132,31.1698,817.091
0.0396151,0.091451,4.57715e-05,-7.22665e-07,-7.22665e-07,9.93288e-05,24.0951,59.3299,84.2025,920.767
0.0236015,0.0827623,2.09567e-05,-3.68244e-06,-3.68244e-06,8.77119e-05,20.7912,78.2642,80.335,960.574
0.12366,0.0795402,4.03351e-05,6.39709e-06,6.39709e-06,8.74581e-05,81.2936,22.4624,74.4997,928.349
0.0839194,0.0362921,2.78232e-05,1.79672e-06,1.79672e-06,4.58482e-05,101.804,69.167,29.3667,801.34
0.101628,0.0812576,3.97007e-05,1.08654e-06,1.08654e-06,8.73427e-05,68.163,24.5554,75.8322,931.939
0.0737067,0.0945821,2.6242e-05,3.35829e-08,3.35829e-08,0.000100254,58.4328,23.372,89.2247,943.392
0.0864083,0.119277,4.19795e-05,2.71765e-06,2.71765e-06,0.000139455,53.7052,23.664,101.667,854.369
0.0398722,0.091103,4.15288e-05,-7.36753e-07,-7.36753e-07,9.80135e-05,26.6081,62.9285,84.4941,928.537
0.129248,0.0797678,4.50342e-05,6.97838e-06,6.97838e-06,8.82663e-05,82.4136,23.8256,73.5737,918.63
0.0860305,0.0924398,3.49291e-05,4.04164e-07,4.04164e-07,9.88955e-05,60.3443,24.4263,86.5196,935.361
0.0205422,0.0825969,1.90171e-05,-3.46469e-06,-3.46469e-06,8.79237e-05,17.6676,72.9343,79.662,955.294
0.122229,0.0792738,3.89818e-05,6.22789e-06,6.22789e-06,8.66423e-05,83.6782,23.6523,73.5768,926.859
0.0851891,0.0940003,3.65683e-05,1.39233e-07,1.39233e-07,0.000101485,55.2321,21.6851,87.1071,926.459
0.125146,0.0796427,4.15491e-05,6.551e-06,6.551e-06,8.76788e-05,81.7655,22.9266,70.962,904.98
0.0614148,0.0324519,2.18225e-05,1.3051e-07,1.3051e-07,4.52369e-05,80.9033,72.0745,23.3243,718.061
0.0976261,0.08196,3.66766e-05,9.14116e-07,9.14116e-07,8.77512e-05,67.8619,24.339,76.4255,933.36
0.0485697,0.115305,6.83778e-05,-5.03415e-06,-5.03415e-06,0.000137216,23.7476,54.6585,98.5695,848.703
0.127336,0.0787489,4.23522e-05,6.70965e-06,6.70965e-06,8.69775e-05,81.841,22.5239,68.4318,892.474
0.0259592,0.0813639,2.35844e-05,-4.0023e-06,-4.0023e-06,8.64703e-05,22.2189,81.1909,77.0003,947.382
0.0239957,0.0818653,2.05223e-05,-3.56425e-06,-3.56425e-06,8.65428e-05,21.8507,80.4503,77.8955,952.137
0.0987425,0.0353519,3.79366e-05,2.47692e-06,2.47692e-06,4.6307e-05,102.084,67.9246,26.6047,759.305
0.0903476,0.0929097,4.02169e-05,4.33377e-07,4.33377e-07,9.9923e-05,61.1666,26.8161,86.3153,929.44
0.0238679,0.0818689,2.17506e-05,-3.77766e-06,-3.77766e-06,8.70186e-05,20.5373,78.2335,77.4672,947.101
0.0276753,0.0807473,2.66316e-05,-4.42283e-06,-4.42283e-06,8.63731e-05,22.3538,81.4929,75.5056,938.977
0.0733396,0.0944617,2.57732e-05,4.55672e-08,4.55672e-08,0.000100369,56.0047,20.9087,88.9008,941.136
0.0917291,0.0840031,3.38103e-05,3.95583e-07,3.95583e-07,9.03504e-05,66.2489,24.3962,78.0885,929.693
0.0747591,0.120118,3.08164e-05,2.28586e-06,2.28586e-06,0.00013902,51.4394,20.762,103.398,862.942
0.0467051,0.0361019,1.883e-05,-1.33696e-06,-1.33696e-06,4.58818e-05,68.5488,100.801,28.8122,793.265
0.0368412,0.0915968,4.03274e-05,-5.98122e-07,-5.98122e-07,9.88006e-05,23.7818,59.6844,84.7801,926.375
0.0870489,0.0354527,3.00037e-05,1.90474e-06,1.90474e-06,4.59746e-05,101.541,68.9497,28.0531,782.174
0.0427698,0.0382236,1.58485e-05,-1.23734e-06,-1.23734e-06,4.6117e-05,68.4795,101.357,31.6424,829.201
0.115742,0.0803442,3.54592e-05,5.69305e-06,5.69305e-06,8.75876e-05,80.2121,21.8906,75.6705,934.372
0.094244,0.0832723,3.49972e-05,6.15192e-07,6.15192e-07,8.94896e-05,65.8602,23.4313,77.5926,931.215
0.0820083,0.0936209,3.26049e-05,2.21919e-07,2.21919e-07,9.98732e-05,59.9476,24.9702,87.6714,936.931
0.0358312,0.0919932,3.54423e-05,-4.63366e-07,-4.63366e-07,9.83693e-05,25.3723,61.6594,86.1501,935.861
0.0395502,0.0805685,4.41616e-05,-1.30888e-06,-1.30888e-06,8.71094e-05,25.6049,69.403,74.1685,922.941
0.0370379,0.0380661,1.18821e-05,-1.00399e-06,-1.00399e-06,4.60524e-05,68.3703,100.737,31.765,831.283
0.0394419,0.117298,4.66079e-05,-3.54613e-06,-3.54613e-06,0.000136827,23.1156,54.3218,99.4025,853.183
0.091957,0.0831546,3.28975e-05,6.36576e-07,6.36576e-07,8.87615e-05,67.0829,24.0428,78.0153,937.579
0.0872224,0.118508,4.17043e-05,3.02498e-06,3.02498e-06,0.000138032,53.7659,22.887,101.506,858.222
0.0424191,0.11695,5.59651e-05,-3.94977e-06,-3.94977e-06,0.000138215,22.3297,53.038,100.113,851.937
0.0356874,0.0811587,3.51282e-05,-9.23067e-07,-9.23067e-07,8.6299e-05,26.1018,69.6689,76.5796,942.138
0.0331421,0.0925176,3.47217e-05,-3.70787e-07,-3.70787e-07,9.92388e-05,22.5329,58.2618,86.3867,933.021
0.0491979,0.0379284,2.06283e-05,-1.43835e-06,-1.43835e-06,4.56502e-05,69.4075,101.962,31.8184,835.786
0.044807,0.0907872,5.33719e-05,-1.01616e-06,-1.01616e-06,9.92978e-05,26.0476,60.897,82.7159,912.782
0.0854993,0.118864,4.0247e-05,2.86506e-06,2.86506e-06,0.000138341,53.8785,23.1445,101.978,859.207
0.0843676,0.0830659,2.73835e-05,6.24451e-07,6.24451e-07,8.7804e-05,63.0773,20.5318,78.3925,944.964
0.0842046,0.11973,4.02448e-05,2.51097e-06,2.51097e-06,0.000140142,52.5984,22.812,103.084,858.132
0.0419013,0.116727,5.05326e-05,-3.87266e-06,-3.87266e-06,0.000136411,23.9306,55.1715,101.019,861.491
0.109742,0.0804313,3.16732e-05,5.18746e-06,5.18746e-06,8.74531e-05,77.4301,20.0552,73.3538,920.33
0.0221091,0.0827077,1.87145e-05,-3.36878e-06,-3.36878e-06,8.72946e-05,20.4795,77.9964,79.3347,956.647
0.0744231,0.120884,3.13483e-05,2.07232e-06,2.07232e-06,0.000140759,50.0175,20.1452,104.413,861.689
0.0378441,0.0919766,4.11882e-05,-5.73295e-07,-5.73295e-07,9.92468e-05,24.4045,59.8039,84.9012,924.945
0.109348,0.0806379,3.14401e-05,5.13442e-06,5.13442e-06,8.70422e-05,81.2949,22.3739,73.1462,921.155
0.0273139,0.08358,2.55512e-05,-5.27129e-07,-5.27129e-07,8.79939e-05,21.6211,64.5489,79.3015,949.383
0.0595832,0.0347746,2.04237e-05,9.20827e-08,9.20827e-08,4.51685e-05,81.4186,72.6182,26.7554,769.644
0.0569541,0.0333582,1.90948e-05,2.59978e-08,2.59978e-08,4.51871e-05,80.2102,72.6456,24.6308,738.299
0.082785,0.0369025,2.71023e-05,1.7353e-06,1.7353e-06,4.58278e-05,101.992,69.622,29.808,807.475
0.0531394,0.114275,8.12488e-05,-5.95148e-06,-5.95148e-06,0.000137591,23.8758,54.5938,94.9967,832.241
0.0589227,0.0360629,2.55736e-05,-2.31966e-07,-2.31966e-07,4.64365e-05,71.963,82.3017,28.0605,777.371
0.0295556,0.0834019,2.58962e-05,-5.18064e-07,-5.18064e-07,8.75526e-05,24.5466,68.2676,79.6785,954.03
0.0212783,0.0832658,1.92374e-05,-3.49449e-06,-3.49449e-06,8.8397e-05,18.6227,74.3795,80.0655,955.144
0.0488405,0.115975,6.96004e-05,-4.77138e-06,-4.77138e-06,0.000138658,23.5484,53.9027,96.6939,836.065
0.025022,0.0838912,2.23619e-05,-4.50744e-07,-4.50744e-07,8.78169e-05,20.8359,63.5196,80.1274,955.266
0.0470353,0.115233,6.36806e-05,-4.77197e-06,-4.77197e-06,0.000136383,23.8967,54.863,98.1843,849.593
0.0357094,0.0373095,1.09553e-05,-9.12784e-07,-9.12784e-07,4.57284e-05,68.6905,100.345,31.441,829.882
0.051612,0.038351,1.96313e-05,-1.92115e-07,-1.92115e-07,4.71902e-05,72.1852,83.1876,31.1644,812.666
0.121768,0.0793433,3.87225e-05,6.18786e-06,6.18786e-06,8.67075e-05,83.3916,23.4958,73.434,925.573
0.129654,0.0785127,4.39516e-05,6.93838e-06,6.93838e-06,8.71765e-05,80.8046,21.9122,71.4579,911.111
0.0760573,0.0941966,2.78385e-05,9.442e-08,9.442e-08,9.99693e-05,59.0992,23.8863,88.7536,942.237
0.0301472,0.0827861,2.71058e-05,-5.94656e-07,-5.94656e-07,8.70145e-05,24.412,68.0362,78.2728,948.51
0.0354451,0.0918234,3.54095e-05,-4.5381e-07,-4.5381e-07,9.82931e-05,24.934,61.3118,85.8217,934.437
0.0869932,0.119477,4.31356e-05,2.63448e-06,2.63448e-06,0.000140233,52.7877,23.1491,102.068,853.632
0.0749751,0.120159,3.10374e-05,2.25685e-06,2.25685e-06,0.000138945,52.5931,21.9315,104.507,867.776
0.0873158,0.08384,2.98042e-05,4.69957e-07,4.69957e-07,8.91022e-05,67.385,24.4567,78.9406,941.292
0.0203328,0.0830318,1.73329e-05,-3.20842e-06,-3.20842e-06,8.77362e-05,18.8623,75.0864,78.8583,951.282
0.0570977,0.0393903,2.46405e-05,-3.71155e-07,-3.71155e-07,5.04728e-05,71.0511,83.57,30.7752,780.901
0.0917308,0.0366221,3.30347e-05,2.06687e-06,2.06687e-06,4.57995e-05,102.401,69.5146,30.1032,811.877
0.0735014,0.120599,3.01138e-05,2.08659e-06,2.08659e-06,0.000139405,53.3432,22.996,104.863,867.758
0.0942908,0.0822689,3.42116e-05,8.27976e-07,8.27976e-07,8.78237e-05,66.374,23.1103,77.1442,937.336
0.0799472,0.0374697,2.52981e-05,1.63284e-06,1.63284e-06,4.57978e-05,102.085,69.8927,30.6701,819.286
0.0536456,0.0343277,2.09059e-05,-1.17554e-07,-1.17554e-07,4.53009e-05,72.4079,81.4615,26.0061,757.682
0.0853924,0.0368161,2.89531e-05,1.79256e-06,1.79256e-06,4.61044e-05,101.908,69.9417,28.8231,791.631
0.0841236,0.0366594,2.78523e-05,1.81934e-06,1.81934e-06,4.57945e-05,102.026,69.1276,29.1147,798.388
0.118445,0.0798955,3.69434e-05,5.91623e-06,5.91623e-06,8.73549e-05,80.5576,21.9596,75.4146,934.226
0.0907891,0.0371302,3.24374e-05,2.00106e-06,2.00106e-06,4.58723e-05,102.503,69.9788,30.7607,819.988
0.0646135,0.0347733,3.02434e-05,-1.3816e-07,-1.3816e-07,4.52869e-05,72.372,80.8581,26.7048,767.911
0.0871976,0.0831771,2.92571e-05,6.09887e-07,6.09887e-07,8.80395e-05,66.8661,23.5107,78.4198,943.855
0.0744199,0.0947434,2.70027e-05,2.0272e-08,2.0272e-08,0.000100902,55.5374,20.9938,88.9548,938.935
0.0521586,0.114489,8.10282e-05,-5.79274e-06,-5.79274e-06,0.000138147,23.1595,53.7204,95.2979,831.807
0.0956393,0.0818949,3.51762e-05,8.95864e-07,8.95864e-07,8.75059e-05,66.4147,23.1248,76.5357,935.341
0.0505165,0.114697,7.41403e-05,-5.45829e-06,-5.45829e-06,0.000137218,23.6917,54.527,96.6117,840.323
0.098659,0.0812416,3.73623e-05,1.01616e-06,1.01616e-06,8.67453e-05,69.9691,26.0595,76.4239,938.774
0.0248777,0.0816704,2.42579e-05,-4.15281e-06,-4.15281e-06,8.73572e-05,20.0554,77.3692,79.2462,956.345
0.0436437,0.0348419,1.3862e-05,-8.70549e-08,-8.70549e-08,4.54626e-05,72.4643,81.9693,26.6792,766.058
0.0788098,0.0941576,3.0298e-05,1.18879e-07,1.18879e-07,0.000100263,59.1071,24.3524,88.4484,939.237
0.0223773,0.0823457,1.93882e-05,-3.45117e-06,-3.45117e-06,8.71307e-05,20.2755,77.7005,81.1338,968.393
0.087989,0.0923606,3.67781e-05,4.28115e-07,4.28115e-07,9.93005e-05,58.4388,22.8418,86.0458,930.894
0.0884533,0.0351272,3.09861e-05,1.95933e-06,1.95933e-06,4.60164e-05,101.46,68.826,26.4561,759.263
0.0495115,0.115882,6.93536e-05,-4.86253e-06,-4.86253e-06,0.000138236,24.1986,54.6999,99.7542,850.532
0.0880437,0.118819,4.31312e-05,2.92808e-06,2.92808e-06,0.000139023,52.9849,22.5691,102.233,858.148
0.0325618,0.0821322,3.28277e-05,-8.06696e-07,-8.06696e-07,8.73226e-05,23.6243,67.0676,76.8788,938.403
0.024144,0.0820639,2.02247e-05,-3.53371e-06,-3.53371e-06,8.65282e-05,22.3879,81.3692,79.0713,959.369
0.0583994,0.0347228,1.9799e-05,5.15717e-08,5.15717e-08,4.50755e-05,81.0056,72.7988,26.7713,770.663
0.0532341,0.113779,7.94769e-05,-5.90745e-06,-5.90745e-06,0.000136545,24.4016,55.0725,94.174,831.815
0.0416225,0.0372688,1.5e-05,-1.16342e-06,-1.16342e-06,4.59648e-05,68.4115,100.852,30.7068,818.146
0.0546499,0.030984,2.19703e-05,-1.71195e-07,-1.71195e-07,4.54433e-05,71.6043,80.8092,21.1002,681.42
0.086426,0.0830561,2.86875e-05,6.19689e-07,6.19689e-07,8.77747e-05,66.6366,23.264,78.7489,947.263
0.0382319,0.0397405,1.27177e-05,-1.10337e-06,-1.10337e-06,4.66673e-05,68.2788,101.39,34.0386,854.919
0.126805,0.0791424,4.222e-05,6.68674e-06,6.68674e-06,8.71789e-05,82.6552,23.1879,73.1429,921.583
0.0295694,0.0827995,2.58756e-05,-5.53793e-07,-5.53793e-07,8.68045e-05,24.5685,68.1179,79.2487,955.553
0.0690075,0.0348883,2.73374e-05,1.64651e-07,1.64651e-07,4.54193e-05,81.4051,72.2946,26.8392,768.722
0.0424434,0.0388083,1.56626e-05,-1.25242e-06,-1.25242e-06,4.64008e-05,68.3335,101.491,32.3426,835.784
0.0616032,0.036829,2.8165e-05,-2.98802e-07,-2.98802e-07,4.72109e-05,71.67,82.5788,28.7916,780.955
0.0613286,0.0342685,2.76521e-05,-2.26466e-07,-2.26466e-07,4.59173e-05,71.8538,81.5841,25.6669,747.665
0.0447739,0.11713,5.69385e-05,-3.95342e-06,-3.95342e-06,0.000138261,24.1219,54.661,99.508,849.201
0.0461626,0.038462,1.82671e-05,-1.34559e-06,-1.34559e-06,4.57583e-05,69.1126,101.919,32.8841,848.651
0.0561946,0.0365917,2.76597e-05,-1.90806e-06,-1.90806e-06,4.63716e-05,68.0336,101.805,29.3809,797.12
0.0571774,0.0350878,2.37808e-05,-1.44313e-07,-1.44313e-07,4.54379e-05,72.3974,81.6533,27.1042,772.348
0.03073,0.0825267,2.73726e-05,-6.08298e-07,-6.08298e-07,8.67023e-05,25.0171,68.6416,78.6961,952.785
0.0734294,0.094706,2.61098e-05,1.98572e-08,1.98572e-08,0.000100668,56.0691,21.2698,89.0774,940.672
0.0442633,0.116574,5.68832e-05,-4.17438e-06,-4.17438e-06,0.000137334,23.7225,54.7049,99.1434,850.606
0.105,0.0811419,2.90921e-05,4.80586e-06,4.80586e-06,8.73006e-05,80.0828,21.7253,76.2611,938.916
0.0222143,0.0827934,1.92473e-05,-3.45719e-06,-3.45719e-06,8.75499e-05,20.1354,77.3313,79.7071,957.56
0.0723147,0.0348706,2.95886e-05,2.88656e-07,2.88656e-07,4.65484e-05,81.8955,71.5795,26.0881,748.655
0.0916593,0.0362298,3.34599e-05,1.9954e-06,1.9954e-06,4.65175e-05,101.738,69.9851,27.1378,764.778
0.0802431,0.119554,3.55297e-05,2.52581e-06,2.52581e-06,0.000138577,54.0037,23.3478,103.519,864.861
0.0648565,0.0333014,3.11395e-05,-2.87011e-07,-2.87011e-07,4.61755e-05,71.4421,81.3241,23.8272,718.362
0.0304182,0.0827886,2.96405e-05,-6.71447e-07,-6.71447e-07,8.76399e-05,22.9302,66.2223,78.0152,943.574
0.0315421,0.0925833,3.2974e-05,-3.21424e-07,-3.21424e-07,9.92214e-05,21.6428,57.4537,86.3133,932.702
0.121751,0.0801174,3.95786e-05,6.2428e-06,6.2428e-06,8.80041e-05,80.5585,22.3502,72.8334,914.866
0.0820984,0.0332188,4.02874e-05,1.26051e-07,1.26051e-07,4.58838e-05,79.0873,71.8011,24.0652,724.214
0.0278129,0.0832902,2.45704e-05,-5.08538e-07,-5.08538e-07,8.72873e-05,23.1016,66.4284,79.5644,954.795
0.112622,0.0798261,3.31663e-05,5.36685e-06,5.36685e-06,8.67624e-05,80.2091,21.5528,76.3505,942.811
0.0531974,0.0352255,2.05449e-05,-1.16711e-07,-1.16711e-07,4.53734e-05,72.5296,81.7765,27.3583,776.51
0.0458853,0.116458,6.11924e-05,-4.34775e-06,-4.34775e-06,0.000137942,23.6707,54.3908,98.1038,844.269
0.0307377,0.0924596,3.15346e-05,-2.77169e-07,-2.77169e-07,9.89842e-05,21.5317,57.5545,86.4069,934.322
0.0973186,0.0822289,3.66242e-05,8.83775e-07,8.83775e-07,8.83499e-05,65.1206,22.255,76.473,930.473
0.0582153,0.036768,2.49203e-05,-2.20246e-07,-2.20246e-07,4.64404e-05,72.1054,82.5069,29.1279,791.984
0.0613812,0.0353457,2.15991e-05,1.04286e-07,1.04286e-07,4.52392e-05,81.6153,72.6425,27.6215,781.391
0.042073,0.0381062,1.52353e-05,-1.17881e-06,-1.17881e-06,4.58489e-05,68.7961,101.322,32.7522,846.034
0.103709,0.0817408,4.18023e-05,1.02853e-06,1.02853e-06,8.84263e-05,67.9323,24.7289,75.9109,926.667
0.094688,0.118535,5.10523e-05,3.13571e-06,3.13571e-06,0.000139932,53.4466,23.8185,100.592,848.443
0.0531484,0.0360846,2.04629e-05,-1.08254e-07,-1.08254e-07,4.53589e-05,72.701,82.0014,28.7449,796.071
0.0491812,0.0364967,1.7377e-05,-5.05588e-08,-5.05588e-08,4.50591e-05,73.0788,81.8808,29.5848,810.295
0.0813112,0.0843526,2.56801e-05,4.29183e-07,4.29183e-07,8.91989e-05,63.457,21.0838,79.6931,945.253
0.0495696,0.0368679,1.78857e-05,-1.1955e-07,-1.1955e-07,4.5806e-05,72.615,82.5372,29.6328,804.32
0.031366,0.0820238,3.08006e-05,-7.45177e-07,-7.45177e-07,8.68675e-05,23.3795,66.5674,77.6292,945.429
0.0755723,0.120387,3.18795e-05,2.19511e-06,2.19511e-06,0.000139583,52.3616,22.0377,104.145,864.248
0.0851359,0.120251,4.25555e-05,2.2911e-06,2.2911e-06,0.000141838,51.0624,22.2912,101.795,847.53
0.0208896,0.0831046,1.99632e-05,-3.63125e-06,-3.63125e-06,8.86463e-05,17.4177,72.2294,79.9177,953.049
0.0784484,0.119787,3.40564e-05,2.44793e-06,2.44793e-06,0.000139164,51.3782,20.8085,103.216,861.758
0.0418884,0.0907432,4.48657e-05,-8.90089e-07,-8.90089e-07,9.79609e-05,27.0916,63.3298,84.2028,927.206
0.124277,0.0800636,4.143e-05,6.48379e-06,6.48379e-06,8.80704e-05,81.7944,23.2721,72.7967,914.444
0.0477414,0.0380335,1.94446e-05,-1.38055e-06,-1.38055e-06,4.56565e-05,69.3414,101.879,31.9775,837.794
0.0335391,0.0927662,3.29411e-05,-3.27437e-07,-3.27437e-07,9.90348e-05,24.0777,59.9604,87.0443,937.527
0.0743717,0.120579,3.09353e-05,2.10858e-06,2.10858e-06,0.000139623,52.9228,22.6714,104.409,865.195
0.09909,0.0354592,3.91773e-05,2.27209e-06,2.27209e-06,4.69069e-05,101.559,69.8743,26.9559,759.136
0.069344,0.0356092,2.73832e-05,1.91994e-07,1.91994e-07,4.56767e-05,81.8139,72.2397,27.7001,778.753
0.0301429,0.0830481,2.77521e-05,-5.95986e-07,-5.95986e-07,8.75131e-05,23.9117,67.4782,79.2199,951.508
0.102739,0.0812798,2.77836e-05,4.61241e-06,4.61241e-06,8.6885e-05,82.4243,23.1141,77.1771,946.66
0.0759191,0.0941194,2.7613e-05,9.64456e-08,9.64456e-08,0.000100138,56.9409,21.7352,88.452,939.841
0.0780289,0.0353181,3.59364e-05,9.09488e-08,9.09488e-08,4.56293e-05,79.9634,72.3682,27.3056,773.58
0.1342,0.0783904,4.72323e-05,7.42529e-06,7.42529e-06,8.73815e-05,81.9544,22.7112,71.4584,910.41
0.032439,0.0821686,3.0566e-05,-7.29287e-07,-7.29287e-07,8.68263e-05,24.978,68.673,77.7133,946.162
0.0227749,0.0823591,2.07977e-05,-3.68006e-06,-3.68006e-06,8.75119e-05,19.6437,76.5669,78.0997,948.229
0.0850634,0.0940846,3.66364e-05,1.83064e-07,1.83064e-07,0.000100854,60.6163,27.2851,87.8307,933.21
0.0691439,0.121348,2.68232e-05,1.94505e-06,1.94505e-06,0.000140794,48.3103,18.335,104.686,862.717
0.132252,0.0793664,4.69596e-05,7.27777e-06,7.27777e-06,8.82596e-05,81.8927,23.362,70.5907,900.089
0.0757899,0.0946607,2.81677e-05,3.18919e-08,3.18919e-08,0.000100704,57.7176,23.1795,88.9882,940.033
0.0539394,0.0340028,2.13596e-05,-1.74052e-07,-1.74052e-07,4.58776e-05,71.969,81.7431,25.297,742.575
0.0737408,0.0346633,3.14992e-05,1.6373e-07,1.6373e-07,4.53337e-05,80.9068,72.2482,26.5768,765.675
0.0464698,0.0375775,1.87055e-05,-1.3822e-06,-1.3822e-06,4.60344e-05,68.5069,101.448,30.4765,814.561
0.0467996,0.115501,6.80821e-05,-4.86238e-06,-4.86238e-06,0.000137933,22.3399,53.0425,96.1997,836.181
0.0902701,0.0926784,3.96405e-05,4.91772e-07,4.91772e-07,9.94599e-05,62.0408,27.2505,86.6183,933.242
0.0836079,0.0367181,2.7538e-05,1.79398e-06,1.79398e-06,4.57825e-05,102.02,69.2266,29.4362,802.872
0.0313314,0.0824755,2.89247e-05,-6.63488e-07,-6.63488e-07,8.69383e-05,24.6706,68.3349,78.6663,951.32
0.0617672,0.0354072,2.82749e-05,-2.84956e-07,-2.84956e-07,4.67623e-05,71.615,82.1316,26.8862,758.281
0.069112,0.121575,2.71047e-05,1.79195e-06,1.79195e-06,0.000140856,50.9359,21.1148,105.256,864.805
0.0604536,0.0353708,2.08224e-05,1.27456e-07,1.27456e-07,4.54761e-05,81.8822,72.481,27.5402,778.207
0.0522679,0.0373938,2.00473e-05,-1.73947e-07,-1.73947e-07,4.65367e-05,72.2959,82.8247,30.0133,803.094
0.0905766,0.0353458,3.28148e-05,1.96377e-06,1.96377e-06,4.65959e-05,101.263,69.6161,26.6599,757.363
0.0384334,0.117673,4.5453e-05,-3.39554e-06,-3.39554e-06,0.000137366,22.5783,53.6667,100.684,856.925
0.0435998,0.0380759,1.63766e-05,-1.24549e-06,-1.24549e-06,4.58822e-05,68.7746,101.448,31.2985,826.778
0.122552,0.0793822,3.94997e-05,6.28798e-06,6.28798e-06,8.75284e-05,79.0234,20.9944,72.8721,917.706
0.115364,0.0803551,3.52521e-05,5.67207e-06,5.67207e-06,8.78094e-05,78.5459,20.8972,76.3381,937.279
0.0207742,0.0828608,1.65684e-05,-3.04187e-06,-3.04187e-06,8.71262e-05,20.4249,77.8287,80.1575,962.263
0.0248635,0.0814261,2.33401e-05,-3.98224e-06,-3.98224e-06,8.68429e-05,20.7483,78.6407,77.3229,947.311
0.0670059,0.0361638,2.55408e-05,1.6074e-07,1.6074e-07,4.5545e-05,81.9623,72.4719,28.6858,793.63
0.0187341,0.0836339,1.64771e-05,-3.15473e-06,-3.15473e-06,8.85948e-05,17.0155,71.5415,78.5615,944.901
0.0380524,0.0385821,1.242e-05,-1.0203e-06,-1.0203e-06,4.57651e-05,68.9347,101.173,31.4816,830.155
0.0824151,0.0375119,2.72542e-05,1.64815e-06,1.64815e-06,4.68494e-05,101.553,70.5289,29.1634,789.823
0.0726964,0.0947299,2.55157e-05,1.42571e-08,1.42571e-08,0.000100614,56.0373,21.1556,89.1903,941.519
0.0772078,0.0338249,3.43619e-05,2.51704e-07,2.51704e-07,4.56491e-05,80.9687,71.7427,25.0889,741.367
0.125313,0.0790465,4.11309e-05,6.52777e-06,6.52777e-06,8.7152e-05,81.1862,22.1965,71.9771,914.23
0.0620029,0.0323658,2.28131e-05,3.99379e-08,3.99379e-08,4.53823e-05,79.678,72.3595,23.0888,713.275
0.0421864,0.03893,1.51937e-05,-1.1726e-06,-1.1726e-06,4.56654e-05,69.2861,101.779,33.6131,858.798
0.0474461,0.116356,6.81651e-05,-4.48909e-06,-4.48909e-06,0.00013935,22.7773,52.8507,98.0522,839.725
0.0844648,0.0938432,3.55013e-05,1.76505e-07,1.76505e-07,0.000100889,57.2474,23.2029,87.3194,930.328
0.0734316,0.0376775,2.13656e-05,1.44975e-06,1.44975e-06,4.56804e-05,101.874,69.6339,31.2602,828.131
0.0512577,0.0371123,2.262e-05,-1.5645e-06,-1.5645e-06,4.58353e-05,68.8628,101.736,29.6739,805.566
0.0494704,0.036897,1.81155e-05,-1.94836e-07,-1.94836e-07,4.7348e-05,71.8808,82.8726,28.6873,778.402
0.0713983,0.094475,2.42349e-05,2.5383e-08,2.5383e-08,0.000100079,56.8361,21.4134,89.1859,944.01
0.0704052,0.0340457,2.8585e-05,1.7589e-07,1.7589e-07,4.54159e-05,81.097,72.1229,25.4121,748.034
0.0308303,0.0824862,3.02571e-05,-7.11456e-07,-7.11456e-07,8.73557e-05,23.0564,66.3626,77.7139,943.29
0.0572532,0.0355619,2.41101e-05,-2.10977e-07,-2.10977e-07,4.62632e-05,71.9977,82.1722,27.3195,768.47
0.022229,0.0847808,1.79609e-05,-3.17786e-07,-3.17786e-07,8.80519e-05,20.5158,63.0991,81.6279,962.861
0.041861,0.117485,5.1409e-05,-3.65478e-06,-3.65478e-06,0.000137991,23.4867,54.2578,99.7285,850.93
0.0804788,0.119831,3.61886e-05,2.43647e-06,2.43647e-06,0.000139401,53.006,22.725,103.023,860.181
0.036507,0.0913142,3.75457e-05,-5.23877e-07,-5.23877e-07,9.81012e-05,24.9517,61.4056,84.5812,928.573
0.0789104,0.0936836,2.97691e-05,1.68286e-07,1.68286e-07,9.98891e-05,57.5451,22.219,87.702,937.018
0.0864762,0.0367245,2.95934e-05,1.84596e-06,1.84596e-06,4.596e-05,102.031,69.7732,27.9497,780.806
0.0304367,0.0821077,3.33303e-05,-8.48116e-07,-8.48116e-07,8.77081e-05,20.6938,63.2241,77.1878,938.227
0.0483867,0.0385572,2.0317e-05,-1.50854e-06,-1.50854e-06,4.62529e-05,68.5296,102.013,31.4667,825.814
0.129321,0.0798298,4.53716e-05,6.98859e-06,6.98859e-06,8.88693e-05,79.3287,22.0291,73.0872,912.412
0.118837,0.0803905,3.77874e-05,5.99419e-06,5.99419e-06,8.83521e-05,78.0444,20.8636,74.3322,922.21
0.0902809,0.0833009,3.16612e-05,6.49517e-07,6.49517e-07,8.89989e-05,63.3436,20.9994,77.9325,935.835
0.048194,0.0360982,1.66908e-05,-4.77788e-08,-4.77788e-08,4.50393e-05,73.0314,81.7608,28.9391,801.581
0.0211701,0.0836782,1.8508e-05,-3.37236e-06,-3.37236e-06,8.86239e-05,19.0961,74.9688,77.0854,935.883
0.072116,0.0953722,2.5711e-05,-5.31994e-08,-5.31994e-08,0.000101605,53.9186,19.9594,89.5169,938.632
0.0411288,0.117444,5.52489e-05,-3.70293e-06,-3.70293e-06,0.000139255,21.3674,51.6683,100.41,849.907
0.0917454,0.0830495,3.26401e-05,6.83055e-07,6.83055e-07,8.87086e-05,65.0595,22.2891,77.6565,935.71
0.110557,0.0809107,3.24533e-05,5.26422e-06,5.26422e-06,8.77125e-05,79.6641,21.6391,70.5774,901.418
0.0707475,0.0337437,2.92604e-05,1.1984e-07,1.1984e-07,4.52959e-05,80.4359,72.2828,25.1662,745.387
0.0697983,0.0352588,2.83865e-05,8.86472e-08,8.86472e-08,4.52716e-05,80.7439,72.6267,27.4341,778.456
0.0472159,0.114951,6.52834e-05,-4.82773e-06,-4.82773e-06,0.000136398,23.5271,54.3281,96.9015,843.978
0.077434,0.0946898,2.97335e-05,2.90899e-08,2.90899e-08,0.000101082,56.7868,22.6512,88.704,936.775
0.104912,0.0812958,2.91726e-05,4.83588e-06,4.83588e-06,8.78767e-05,77.1484,20.0874,77.2407,941.838
0.0719206,0.120592,2.86341e-05,2.09257e-06,2.09257e-06,0.000139274,52.0158,21.439,104.671,867.396
0.0484092,0.0371044,2.00601e-05,-1.39999e-06,-1.39999e-06,4.57501e-05,69.0913,101.461,29.9018,809.314
0.0776861,0.0847485,2.34602e-05,3.11711e-07,3.11711e-07,8.90903e-05,66.3297,23.3918,80.7836,952.262
0.0734859,0.121118,3.07612e-05,1.94948e-06,1.94948e-06,0.000140817,51.3484,21.642,104.476,861.731
0.0479334,0.116146,6.51065e-05,-4.62524e-06,-4.62524e-06,0.000137948,24.1843,54.8417,98.1428,844.479
0.0467306,0.115882,6.52763e-05,-4.67719e-06,-4.67719e-06,0.000137835,23.1111,53.8759,97.8886,843.752
0.101687,0.0811435,2.7145e-05,4.52925e-06,4.52925e-06,8.68624e-05,80.91,22.0902,77.8422,950.8
0.0475116,0.0387949,1.64941e-05,-1.28817e-07,-1.28817e-07,4.65235e-05,72.6325,83.27,32.326,833.575
0.1311,0.0794851,4.60275e-05,7.16936e-06,7.16936e-06,8.7897e-05,83.9738,24.653,69.3191,893.75
0.0419645,0.116779,5.39302e-05,-3.95456e-06,-3.95456e-06,0.00013744,22.6591,53.6387,99.4277,851.443
0.0553781,0.0360795,1.79062e-05,-6.71301e-09,-6.71301e-09,4.52403e-05,80.8524,73.1963,28.7715,797.477
0.0724697,0.120754,2.93098e-05,2.06294e-06,2.06294e-06,0.000139817,51.432,21.1087,104.533,865.11
0.0854777,0.0838611,2.83769e-05,5.20672e-07,5.20672e-07,8.90647e-05,63.7735,21.3254,78.9344,941.464
0.0746057,0.0947352,2.71967e-05,1.85059e-08,1.85059e-08,0.000100654,57.6693,23.0183,89.164,941.195
0.0457179,0.0365349,1.52335e-05,-1.06356e-07,-1.06356e-07,4.58773e-05,72.5505,82.5313,29.0418,795.639
0.0280199,0.0801531,2.88318e-05,-4.6983e-06,-4.6983e-06,8.65174e-05,21.2754,79.5778,73.6917,927.017
0.111176,0.0818487,3.39699e-05,5.33536e-06,5.33536e-06,8.9149e-05,78.5658,21.9116,75.129,922.351
0.0467154,0.116284,6.37795e-05,-4.48625e-06,-4.48625e-06,0.000138146,23.547,54.1726,98.6218,845.892
0.0297584,0.0828688,2.85401e-05,-6.39829e-07,-6.39829e-07,8.75422e-05,22.8097,66.0775,78.2239,945.359
0.0202227,0.0832239,1.63582e-05,-3.0518e-06,-3.0518e-06,8.7564e-05,19.6807,76.5143,80.1517,959.865
0.0612561,0.0362683,2.73928e-05,-1.92026e-07,-1.92026e-07,4.57211e-05,72.3263,82.0256,28.6738,791.937
0.0865053,0.0837873,2.90875e-05,5.55884e-07,5.55884e-07,8.92033e-05,62.5666,20.4273,78.704,939.364
0.0438853,0.1162,5.93476e-05,-4.32009e-06,-4.32009e-06,0.000137499,22.5299,53.4316,99.7771,852.829
0.0655388,0.0956455,2.07689e-05,-1.07597e-07,-1.07597e-07,0.000100827,56.8896,21.9663,90.6764,948.332
0.101284,0.0348032,4.01356e-05,2.51361e-06,2.51361e-06,4.60333e-05,102.034,68.4613,26.1429,754.892
0.058604,0.0341135,2.00519e-05,4.50513e-08,4.50513e-08,4.51104e-05,80.6712,72.7163,25.8092,756.396
0.0391493,0.117603,4.98788e-05,-3.53077e-06,-3.53077e-06,0.000138413,21.4762,52.1745,100.342,852.208
0.0744169,0.0943273,2.65628e-05,6.39549e-08,6.39549e-08,0.000100082,57.9878,22.7289,88.9038,942.501
0.120124,0.0798886,3.81262e-05,6.07646e-06,6.07646e-06,8.75593e-05,80.434,21.9774,72.4589,914.766
0.0497979,0.0358664,1.82563e-05,-1.70045e-07,-1.70045e-07,4.65481e-05,72.0407,82.483,27.6321,770.483
0.13212,0.0787369,4.58653e-05,7.22417e-06,7.22417e-06,8.72995e-05,83.1195,23.5049,72.1762,915.25
0.0217026,0.082509,1.87131e-05,-3.36599e-06,-3.36599e-06,8.72792e-05,19.8068,76.8449,81.2349,968.117
0.0713704,0.0335401,2.99286e-05,1.0727e-07,1.0727e-07,4.53601e-05,80.1621,72.2629,24.8156,739.651
0.0188407,0.0837353,1.45943e-05,-2.81605e-06,-2.81605e-06,8.78568e-05,19.1928,75.5482,81.8849,968.415
0.0962362,0.0350366,3.6449e-05,2.2667e-06,2.2667e-06,4.60086e-05,101.855,68.8151,26.7504,763.681
0.0934646,0.0828991,3.39226e-05,7.46258e-07,7.46258e-07,8.89111e-05,63.1947,20.8765,77.4528,933.428
0.0666552,0.0953204,2.12979e-05,-6.68177e-08,-6.68177e-08,0.000100735,55.4029,20.3967,90.1782,946.153
0.117936,0.0799839,3.66825e-05,5.87778e-06,5.87778e-06,8.74894e-05,79.9255,21.6147,72.3288,914.172
0.0348583,0.0913676,3.74182e-05,-4.89491e-07,-4.89491e-07,9.84224e-05,23.0994,59.3843,84.9108,928.857
0.0685525,0.0347985,2.68526e-05,1.89429e-07,1.89429e-07,4.56371e-05,81.592,72.1373,26.4662,761.541
0.0232777,0.0823536,2.0053e-05,-3.54212e-06,-3.54212e-06,8.7042e-05,21.1198,79.1639,80.9577,967.901
0.0783535,0.120355,3.47123e-05,2.2287e-06,2.2287e-06,0.000140142,52.3862,22.4679,104.924,865.715
0.0748051,0.0371543,2.24632e-05,1.43553e-06,1.43553e-06,4.63175e-05,101.283,70.0779,29.49,798.722
0.122343,0.0790366,3.89697e-05,6.21638e-06,6.21638e-06,8.65156e-05,83.1722,23.2649,74.0356,930.414
0.0779842,0.0851679,2.39192e-05,2.72872e-07,2.72872e-07,9.00458e-05,63.2535,21.2789,80.49,945.468
0.01774,0.0840744,1.28359e-05,-2.55291e-06,-2.55291e-06,8.78593e-05,19.3274,75.6934,82.0667,969.278
0.0235586,0.0816792,2.23431e-05,-3.86554e-06,-3.86554e-06,8.71936e-05,19.5766,76.5296,76.4532,939.999
0.0715061,0.121256,2.90022e-05,1.8826e-06,1.8826e-06,0.000140586,51.8246,21.993,104.199,861.292
0.0462778,0.0373464,1.86762e-05,-1.39786e-06,-1.39786e-06,4.62827e-05,68.1391,101.242,30.4756,812.378
0.0211398,0.0829395,1.68804e-05,-3.09574e-06,-3.09574e-06,8.71579e-05,20.7286,78.3922,78.9385,954.795
0.0468248,0.116835,6.47425e-05,-4.18462e-06,-4.18462e-06,0.000139478,23.2595,53.2005,96.6553,833.261
0.0244465,0.0946056,2.20686e-05,8.23811e-09,8.23811e-09,0.000100171,19.6873,55.0881,89.3475,944.429
0.101396,0.0815254,2.71781e-05,4.53812e-06,4.53812e-06,8.73898e-05,79.7554,21.5745,77.4641,945.607
0.0783661,0.0941587,2.98835e-05,1.27549e-07,1.27549e-07,0.000100044,60.3046,25.4608,88.6779,941.484
0.0428188,0.0906441,4.98573e-05,-9.81824e-07,-9.81824e-07,9.87057e-05,25.6282,61.2279,83.4819,919.745
0.0474495,0.116059,6.60075e-05,-4.6453e-06,-4.6453e-06,0.000138166,23.4817,54.0935,98.547,845.542
0.0777281,0.0947044,3.00713e-05,3.73523e-08,3.73523e-08,0.00010086,58.9963,24.9415,88.9169,938.928
0.0715977,0.0373742,2.03058e-05,1.41865e-06,1.41865e-06,4.57252e-05,101.631,69.1588,30.2437,814.162
0.0332367,0.0927331,3.41161e-05,-3.41325e-07,-3.41325e-07,9.93236e-05,22.9809,58.6326,86.715,934.39
0.0829691,0.120009,3.93086e-05,2.40891e-06,2.40891e-06,0.000140729,51.1667,21.5332,102.356,853.281
0.0663874,0.0348143,2.55555e-05,9.8551e-08,9.8551e-08,4.51975e-05,80.9843,72.5818,26.7295,769.024
0.0465551,0.11602,6.47253e-05,-4.60595e-06,-4.60595e-06,0.000137971,23.1247,53.8436,98.8124,847.283
0.0194125,0.0832652,1.50181e-05,-2.83624e-06,-2.83624e-06,8.74024e-05,19.7421,76.5308,80.022,959.793
0.0634665,0.0347094,2.35035e-05,5.82454e-08,5.82454e-08,4.52022e-05,80.7037,72.7189,26.6321,767.58
0.0463506,0.0368963,1.56174e-05,-9.88465e-08,-9.88465e-08,4.57411e-05,72.6907,82.5714,29.7721,806.778
0.064146,0.034246,2.40246e-05,7.00253e-08,7.00253e-08,4.52002e-05,80.6252,72.6023,25.9824,758.177
0.0409579,0.0368266,1.45659e-05,-1.13703e-06,-1.13703e-06,4.60092e-05,68.2177,100.568,29.6573,803.642
0.0469103,0.0371168,1.88755e-05,-1.3433e-06,-1.3433e-06,4.57664e-05,68.9653,101.33,29.6833,806.189
0.0319747,0.0937525,3.09392e-05,-1.74986e-07,-1.74986e-07,9.99986e-05,23.3304,58.4323,87.9984,938.086
0.0436256,0.115878,5.4996e-05,-4.1685e-06,-4.1685e-06,0.000136008,23.8232,54.8434,99.891,857.997
0.0315164,0.093161,3.03523e-05,-2.33469e-07,-2.33469e-07,9.92407e-05,23.21,59.0542,87.6136,939.604
0.0892447,0.0357912,3.14578e-05,1.97707e-06,1.97707e-06,4.59409e-05,101.822,69.1696,29.2064,798.412
0.0975465,0.0356713,3.77345e-05,2.23626e-06,2.23626e-06,4.64175e-05,101.878,69.7392,27.7988,774.984
0.0841989,0.0927584,3.35759e-05,3.28544e-07,3.28544e-07,9.92883e-05,58.6076,22.9019,86.7664,934.832
0.12329,0.079091,3.96541e-05,6.31933e-06,6.31933e-06,8.67215e-05,82.7867,23.0801,72.2161,917.889
0.0947514,0.0356858,3.5227e-05,2.21259e-06,2.21259e-06,4.59024e-05,102.123,68.9513,27.7955,779.342
0.0208673,0.0827682,1.76212e-05,-3.22048e-06,-3.22048e-06,8.74132e-05,19.4778,76.2141,78.162,948.804
0.0504645,0.114322,7.50602e-05,-5.50595e-06,-5.50595e-06,0.000136965,23.388,54.1152,94.8684,833.482
0.0516099,0.0365949,1.91552e-05,-6.34526e-08,-6.34526e-08,4.5103e-05,73.0329,81.8978,29.648,810.766
0.0690181,0.0958374,2.3706e-05,-1.2407e-07,-1.2407e-07,0.000101449,57.0503,23.016,90.5493,944.758
0.0260803,0.0838494,2.21923e-05,-4.26171e-07,-4.26171e-07,8.75688e-05,22.5662,65.7899,80.2861,957.559
0.0490388,0.0364492,1.75726e-05,-1.33819e-07,-1.33819e-07,4.60379e-05,72.4158,82.5108,28.9156,792.526
0.112355,0.0812151,3.39883e-05,5.42097e-06,5.42097e-06,8.82046e-05,80.3273,22.4428,77.2508,940.47
0.0791853,0.0842069,2.41749e-05,4.35942e-07,4.35942e-07,8.85787e-05,64.3198,21.5396,79.9803,950.268
0.0224274,0.0819932,1.91386e-05,-3.34946e-06,-3.34946e-06,8.68171e-05,20.5861,78.025,76.7972,943.716
0.0294207,0.0835347,2.89821e-05,-5.69934e-07,-5.69934e-07,8.86423e-05,22.0367,64.8404,78.7555,942.643
0.0244199,0.0819293,2.32493e-05,-4.01332e-06,-4.01332e-06,8.7408e-05,20.1495,77.4832,78.0127,948.495
0.0396213,0.0390312,1.3452e-05,-1.08757e-06,-1.08757e-06,4.57789e-05,69.0549,101.536,32.8805,848.309
0.0276031,0.0833925,2.53355e-05,-5.31089e-07,-5.31089e-07,8.76487e-05,22.1921,65.3029,79.3744,951.689
0.0524974,0.0352456,1.5849e-05,4.92505e-08,4.92505e-08,4.50171e-05,81.5443,72.8897,27.5845,782.789
0.0229848,0.0829166,1.92759e-05,-3.43787e-06,-3.43787e-06,8.74207e-05,21.3783,79.3498,78.5519,951.261
0.0286243,0.0831444,2.5735e-05,-5.45165e-07,-5.45165e-07,8.73042e-05,23.3312,66.7326,79.344,953.385
0.0331679,0.0926475,3.39238e-05,-3.47008e-07,-3.47008e-07,9.9197e-05,23.0222,58.793,86.3945,933.258
0.0361184,0.0915951,3.89089e-05,-5.59509e-07,-5.59509e-07,9.86386e-05,23.7221,59.8068,84.9102,927.843
0.0810674,0.0360462,2.63966e-05,1.63118e-06,1.63118e-06,4.64931e-05,101.075,69.7612,27.6798,772.429
0.0460465,0.0360734,1.55602e-05,-1.35425e-07,-1.35425e-07,4.63544e-05,72.2125,82.5413,28.0779,778.291
0.0782624,0.119871,3.39386e-05,2.39968e-06,2.39968e-06,0.000139077,52.5336,21.9815,103.225,862.046
0.0293546,0.0834727,2.9004e-05,-5.82302e-07,-5.82302e-07,8.85642e-05,21.9379,64.7515,78.6937,942.692
0.0565541,0.0362057,2.31217e-05,-1.09258e-07,-1.09258e-07,4.52595e-05,72.7502,81.817,28.9447,799.709
0.0289685,0.0802361,2.87016e-05,-4.69281e-06,-4.69281e-06,8.61868e-05,22.6893,82.0781,78.6217,959.384
0.0988354,0.0347584,3.83176e-05,2.40325e-06,2.40325e-06,4.60443e-05,101.881,68.4835,25.6284,747.282
0.0403349,0.0388327,1.38784e-05,-1.09345e-06,-1.09345e-06,4.56396e-05,69.2803,101.554,34.0022,863.958
0.0343356,0.0911331,3.74577e-05,-4.44972e-07,-4.44972e-07,9.84247e-05,22.4806,58.6966,84.4669,926.41
0.0429354,0.116808,5.43527e-05,-3.99254e-06,-3.99254e-06,0.000137358,23.4125,54.4145,100.683,857.069
0.0832152,0.0932427,3.32293e-05,2.57978e-07,2.57978e-07,0.000100171,55.3496,20.3793,86.6715,930.191
0.0722656,0.120908,2.92774e-05,2.04158e-06,2.04158e-06,0.000140269,50.321,20.1677,105.929,869.455
0.0321394,0.0822977,3.14352e-05,-7.52409e-07,-7.52409e-07,8.72387e-05,23.9851,67.5289,77.5696,943.052
0.0525894,0.114182,8.39468e-05,-5.98577e-06,-5.98577e-06,0.000138257,22.7786,53.2764,96.1786,835.347
0.0757226,0.119767,3.13387e-05,2.37332e-06,2.37332e-06,0.000138128,53.6512,22.6742,104.272,869.41
0.0466333,0.0370509,1.91568e-05,-1.45313e-06,-1.45313e-06,4.67515e-05,67.5994,100.986,29.1957,791.178
0.139136,0.078491,5.14447e-05,8.00147e-06,8.00147e-06,8.79692e-05,82.8479,23.6719,73.9761,923.58
0.0328317,0.0821292,3.26542e-05,-7.99811e-07,-7.99811e-07,8.72386e-05,24.081,67.6403,77.2577,941.164
0.0375922,0.0912003,4.11846e-05,-6.59494e-07,-6.59494e-07,9.84468e-05,24.2065,60.3731,84.5528,926.801
0.0851516,0.0945307,3.77043e-05,5.56693e-08,5.56693e-08,0.00010187,58.1258,25.6127,87.7403,928.059
0.0371812,0.0913746,3.89096e-05,-5.89754e-07,-5.89754e-07,9.8248e-05,24.9587,61.2914,84.9741,930.039
0.127443,0.0795367,4.32069e-05,6.77911e-06,6.77911e-06,8.78084e-05,81.9946,23.1538,71.6943,909.119
0.117614,0.0808554,3.74003e-05,5.87758e-06,5.87758e-06,8.84026e-05,80.4787,22.6595,74.4408,922.474
0.0535333,0.0347273,2.09547e-05,-1.54334e-07,-1.54334e-07,4.57283e-05,72.2004,81.8608,26.3376,758.929
0.044319,0.116913,5.74763e-05,-4.04413e-06,-4.04413e-06,0.000138113,23.527,54.1998,98.732,846.368
0.0453354,0.115765,6.40272e-05,-4.61764e-06,-4.61764e-06,0.00013768,22.309,53.1078,95.6395,834.468
0.0769068,0.0329781,3.47825e-05,1.62509e-07,1.62509e-07,4.54272e-05,79.9846,71.9227,23.8822,725.074
0.0232155,0.0822423,1.98177e-05,-3.49656e-06,-3.49656e-06,8.68799e-05,21.2444,79.4038,76.5031,941.732
0.0774369,0.119592,3.28641e-05,2.47489e-06,2.47489e-06,0.000138431,52.0853,21.2074,103.064,863.434
0.0786592,0.119885,3.43808e-05,2.4202e-06,2.4202e-06,0.000139417,51.3341,20.8858,102.758,859.043
0.0750099,0.0944495,2.72115e-05,5.57016e-08,5.57016e-08,0.000100271,58.2264,23.2159,88.9462,941.84
0.0392248,0.0908711,4.20901e-05,-7.31995e-07,-7.31995e-07,9.80374e-05,25.5813,61.9675,83.8705,924.99
0.0795864,0.120244,3.58821e-05,2.26519e-06,2.26519e-06,0.000139988,53.4798,23.6794,103.605,860.732
0.0847886,0.0362093,2.88042e-05,1.74976e-06,1.74976e-06,4.6566e-05,101.316,69.9146,28.652,785.308
0.0994081,0.0819178,3.81618e-05,9.55683e-07,9.55683e-07,8.81195e-05,66.2555,23.125,76.4249,931.409
0.0893202,0.0924879,3.83466e-05,4.35407e-07,4.35407e-07,9.96218e-05,58.4273,23.2059,85.6963,927.502
0.0202974,0.0832434,1.6715e-05,-3.11289e-06,-3.11289e-06,8.76979e-05,19.429,76.0589,81.0819,964.734
0.0856598,0.083472,2.82936e-05,5.70023e-07,5.70023e-07,8.83724e-05,65.2575,22.2784,78.7234,943.891
0.0346817,0.0817109,3.70227e-05,-9.61041e-07,-9.61041e-07,8.75409e-05,23.743,67.1723,76.1372,932.727
0.0443788,0.0357057,1.45409e-05,-1.48767e-07,-1.48767e-07,4.68446e-05,71.9235,82.5701,27.2583,762.827
0.0816932,0.119822,3.75131e-05,2.45786e-06,2.45786e-06,0.000139766,52.469,22.3657,103.649,861.652
0.0811117,0.0938596,3.20811e-05,1.68814e-07,1.68814e-07,0.000100264,58.4849,23.7322,87.8466,936.035
0.0916153,0.0826419,3.22928e-05,7.34152e-07,7.34152e-07,8.79009e-05,67.0355,23.6459,77.4604,938.825
0.0523195,0.0338899,2.00148e-05,-1.44144e-07,-1.44144e-07,4.55933e-05,72.1336,81.6216,25.2269,743.852
0.0596214,0.0374795,2.57592e-05,-1.41657e-07,-1.41657e-07,4.54361e-05,72.7665,82.2876,30.9376,825.176
0.0718658,0.121195,2.92036e-05,1.98089e-06,1.98089e-06,0.000140952,49.1999,19.3482,104.534,861.589
0.0268098,0.0807395,2.55313e-05,-4.23669e-06,-4.23669e-06,8.63518e-05,21.9216,80.6481,76.9756,948.016
0.0354205,0.093395,3.23064e-05,-2.85167e-07,-2.85167e-07,9.9275e-05,26.8246,62.1459,87.8395,940.655
0.0224938,0.0848883,1.96626e-05,-3.58044e-07,-3.58044e-07,8.86847e-05,19.3347,61.4508,81.2037,956.928
0.110806,0.0799871,3.21753e-05,5.2317e-06,5.2317e-06,8.70197e-05,78.3782,20.5181,73.4797,923.439
0.0213846,0.082869,1.92616e-05,-3.49215e-06,-3.49215e-06,8.79361e-05,18.7821,74.9148,78.1812,946.317
0.0445851,0.116589,5.62531e-05,-4.17757e-06,-4.17757e-06,0.000137092,24.2588,55.3094,99.4187,852.55
0.0662901,0.033453,2.59523e-05,5.65642e-08,5.65642e-08,4.5417e-05,79.9609,72.4419,24.6467,736.666
0.0930104,0.0831962,3.38025e-05,6.78757e-07,6.78757e-07,8.9322e-05,63.2007,21.0534,77.0694,928.956
0.0425956,0.0378718,1.57562e-05,-1.23045e-06,-1.23045e-06,4.61635e-05,68.3278,101.162,31.2425,823.523
0.043066,0.0397772,1.58195e-05,-1.22985e-06,-1.22985e-06,4.56956e-05,69.4276,102.267,33.4239,856.143
0.0319278,0.082625,3.24254e-05,-7.44531e-07,-7.44531e-07,8.79633e-05,23.066,66.3072,77.6106,939.403
0.0954681,0.0821172,3.50844e-05,8.69491e-07,8.69491e-07,8.78222e-05,65.9646,22.7915,76.5651,933.828
0.0803434,0.0939462,3.1449e-05,1.46318e-07,1.46318e-07,0.000100443,57.1949,22.4804,87.931,935.649
0.0247724,0.0836841,2.1303e-05,-4.22157e-07,-4.22157e-07,8.73197e-05,21.3536,64.0434,80.4192,959.72
0.0938963,0.0358617,3.46823e-05,2.15368e-06,2.15368e-06,4.5915e-05,102.12,69.2411,28.5871,790.207
0.0507674,0.0369338,1.92687e-05,-2.4914e-07,-2.4914e-07,4.84709e-05,71.4253,82.9909,27.9736,759.711
0.0485848,0.115351,6.79439e-05,-5.01399e-06,-5.01399e-06,0.000137172,23.8928,54.8221,96.9952,842.033
0.0786396,0.0362377,2.48608e-05,1.55359e-06,1.55359e-06,4.64522e-05,101.037,69.7925,28.2814,781.091
0.0282768,0.0838902,2.57265e-05,-4.73126e-07,-4.73126e-07,8.83583e-05,22.8324,65.9783,79.437,948.22
0.0835973,0.0366747,2.77175e-05,1.74843e-06,1.74843e-06,4.59576e-05,101.847,69.6989,29.9706,808.52
0.0798054,0.120478,3.65324e-05,2.19166e-06,2.19166e-06,0.000140827,51.9595,22.486,103.305,856.879
0.0433215,0.116458,5.85951e-05,-4.20425e-06,-4.20425e-06,0.000137868,22.2675,53.0759,99.177,849.081
0.0551925,0.0350827,2.24412e-05,-2.04373e-07,-2.04373e-07,4.63452e-05,71.9088,82.1324,26.5692,757.174
0.0904278,0.0361462,3.19117e-05,2.13124e-06,2.13124e-06,4.62412e-05,102.015,68.1396,28.346,784.153
0.0799212,0.0369528,2.54938e-05,1.60381e-06,1.60381e-06,4.61774e-05,101.598,69.9827,28.4847,786.259
0.0900458,0.0363061,3.19796e-05,1.99219e-06,1.99219e-06,4.59095e-05,102.094,69.4968,28.6033,790.396
0.0403578,0.0908134,4.75906e-05,-8.64018e-07,-8.64018e-07,9.88443e-05,24.1022,59.7729,83.5646,919.538
0.0807997,0.119597,3.62186e-05,2.53229e-06,2.53229e-06,0.000139109,52.3625,21.848,102.984,860.961
0.0445221,0.0384735,1.67231e-05,-1.20281e-06,-1.20281e-06,4.55951e-05,69.8647,101.73,31.838,836.423
0.0262538,0.0841725,2.33143e-05,-4.26268e-07,-4.26268e-07,8.83037e-05,21.8565,64.8147,80.3816,954.131
0.0717483,0.120655,2.8537e-05,2.06219e-06,2.06219e-06,0.000139293,52.4712,21.9332,103.775,863.605
0.0733364,0.120095,2.94867e-05,2.25758e-06,2.25758e-06,0.000138605,51.8728,21.013,103.397,864.243
0.0542203,0.03485,2.14026e-05,-1.34874e-07,-1.34874e-07,4.54725e-05,72.3753,81.7217,26.7649,767.207
0.101571,0.0347888,4.05064e-05,2.48669e-06,2.48669e-06,4.60348e-05,102,68.8042,26.2843,756.879
0.0934183,0.083243,3.42434e-05,6.06152e-07,6.06152e-07,8.91522e-05,67.5233,24.6995,77.4877,932.345
0.0648018,0.0335679,2.48949e-05,3.3099e-08,3.3099e-08,4.55466e-05,79.7868,72.5108,24.7583,737.281
0.067711,0.0351133,2.61828e-05,1.76243e-07,1.76243e-07,4.55805e-05,81.6654,72.2474,27.0515,770.392
0.0873828,0.119266,4.31775e-05,2.73406e-06,2.73406e-06,0.000139928,52.4972,22.5853,101.82,853.558
0.0805022,0.119502,3.57637e-05,2.55171e-06,2.55171e-06,0.000138688,53.1844,22.51,102.453,860.06
0.0913708,0.118639,4.68609e-05,3.05234e-06,3.05234e-06,0.000139352,53.354,23.2366,100.829,851.231
0.022167,0.0822935,2.0216e-05,-3.59599e-06,-3.59599e-06,8.74689e-05,19.1927,75.7892,81.2694,967.454
0.0460572,0.0383168,1.79446e-05,-1.27459e-06,-1.27459e-06,4.55956e-05,69.7491,101.824,32.0434,839.15
0.0255717,0.081669,2.34721e-05,-4.01245e-06,-4.01245e-06,8.68326e-05,21.7146,80.2725,77.9327,951.132
0.0692442,0.0336954,2.81008e-05,9.9343e-08,9.9343e-08,4.53001e-05,80.3299,72.352,25.042,743.509
0.0345762,0.0916199,3.68942e-05,-4.79315e-07,-4.79315e-07,9.85632e-05,23.0496,59.2601,85.3819,930.763
0.0387113,0.0911918,4.24159e-05,-7.10845e-07,-7.10845e-07,9.84813e-05,24.8107,60.8754,84.3934,925.771
0.0461016,0.0357273,1.53521e-05,-6.64036e-08,-6.64036e-08,4.5183e-05,72.827,81.9435,28.2759,791.083
0.0468353,0.0350815,1.60998e-05,-1.37571e-07,-1.37571e-07,4.61368e-05,72.1208,82.2369,26.62,759.601
0.109667,0.0808625,3.18793e-05,5.21458e-06,5.21458e-06,8.79788e-05,76.7932,19.882,76.7606,938.633
0.0254114,0.0844681,2.31463e-05,-4.07402e-07,-4.07402e-07,8.87878e-05,20.7589,63.2679,80.242,950.696
0.125569,0.0792937,4.15204e-05,6.5735e-06,6.5735e-06,8.7437e-05,81.1698,22.3379,73.414,921.811
0.0742118,0.0942995,2.6335e-05,6.77517e-08,6.77517e-08,0.00010029,55.8875,20.7471,88.6928,940.405
0.0641799,0.0351266,3.02685e-05,-2.45025e-07,-2.45025e-07,4.59421e-05,71.9119,81.7055,26.9197,765.489
0.0790124,0.0938869,3.01201e-05,1.59515e-07,1.59515e-07,9.98546e-05,59.7575,24.6131,88.2653,940.184
0.0365118,0.0386629,1.13313e-05,-9.34947e-07,-9.34947e-07,4.55671e-05,69.3677,101.1,32.2685,842.232
0.0885564,0.0930818,3.8553e-05,3.61599e-07,3.61599e-07,0.000100064,60.021,25.5419,86.6334,930.487
0.0945305,0.0828783,3.47906e-05,7.25916e-07,7.25916e-07,8.88842e-05,65.4216,22.6997,77.3497,932.941
0.0353171,0.0917181,3.81375e-05,-5.22329e-07,-5.22329e-07,9.87473e-05,23.2164,59.2506,85.175,928.772
0.0594122,0.0359469,2.56679e-05,-1.56612e-07,-1.56612e-07,4.54874e-05,72.4697,81.8517,28.3437,789.382
0.0364664,0.0812882,3.93219e-05,-1.07217e-06,-1.07217e-06,8.73099e-05,24.592,68.2136,75.5659,930.473
0.0256237,0.0814835,2.31527e-05,-3.94661e-06,-3.94661e-06,8.65413e-05,22.0677,80.921,77.1402,947.814
0.0376263,0.0913388,4.13783e-05,-6.54983e-07,-6.54983e-07,9.8612e-05,24.1323,60.1557,84.5791,926.167
0.0690182,0.0952447,2.31048e-05,-5.38535e-08,-5.38535e-08,0.000100318,60.1172,25.1567,90.423,949.401
0.0529903,0.113773,7.91332e-05,-5.85931e-06,-5.85931e-06,0.000136541,24.2958,54.9302,95.6037,838.103
0.0493525,0.0365822,2.10619e-05,-1.48024e-06,-1.48024e-06,4.59251e-05,68.559,101.284,29.9835,808.925
0.0377994,0.118009,4.2186e-05,-3.20777e-06,-3.20777e-06,0.000137101,23.407,54.6065,101.306,860.369
0.0645479,0.121577,2.31479e-05,1.75872e-06,1.75872e-06,0.000139922,50.7527,20.3235,105.932,870.518
0.0275604,0.0809684,2.73737e-05,-4.56059e-06,-4.56059e-06,8.68405e-05,21.6409,80.2243,76.2257,941.018
0.0913016,0.0831924,3.23952e-05,6.45771e-07,6.45771e-07,8.88328e-05,65.4873,22.6971,78.1491,938.009
0.0834997,0.0369495,2.7647e-05,1.73886e-06,1.73886e-06,4.59676e-05,101.95,69.862,29.6572,804.185
0.048106,0.115576,6.48694e-05,-4.85883e-06,-4.85883e-06,0.000136847,24.4561,55.4943,95.831,837.942
0.0670748,0.121532,2.524e-05,1.77342e-06,1.77342e-06,0.000140233,51.5991,21.4295,105.796,868.963
0.0798859,0.120293,3.63045e-05,2.24817e-06,2.24817e-06,0.000140188,53.3503,23.6831,102.261,854.507
0.122054,0.0795565,3.90748e-05,6.2341e-06,6.2341e-06,8.69312e-05,83.5406,23.723,72.8629,920.797
0.0956808,0.091798,4.41341e-05,7.05528e-07,7.05528e-07,9.90907e-05,61.9632,26.8196,85.1201,926.881
0.0382302,0.117465,4.35823e-05,-3.37836e-06,-3.37836e-06,0.000136519,23.2182,54.5016,101.662,863.776
0.091055,0.0831524,3.21668e-05,6.68985e-07,6.68985e-07,8.88171e-05,64.2979,21.703,78.0669,937.604
0.0903349,0.0830662,3.15045e-05,6.25872e-07,6.25872e-07,8.8104e-05,70.0705,26.3556,78.4582,943.739
0.0656808,0.0346209,2.51108e-05,8.25569e-08,8.25569e-08,4.52005e-05,80.7906,72.609,26.5154,765.912
0.0565628,0.0353928,2.36032e-05,-2.22226e-07,-2.22226e-07,4.65043e-05,71.8617,82.2161,26.8756,760.225
0.0279978,0.0834316,2.75859e-05,-5.85125e-07,-5.85125e-07,8.82735e-05,21.1047,63.8083,78.6844,944.191
0.0409403,0.117599,5.19134e-05,-3.59084e-06,-3.59084e-06,0.000138588,22.395,52.9674,99.1641,846.649
0.0688793,0.121545,2.68748e-05,1.7789e-06,1.7789e-06,0.000140627,51.7136,21.8391,105.117,864.937
0.0988086,0.0819525,3.76719e-05,9.39218e-07,9.39218e-07,8.80418e-05,66.608,23.3869,76.4916,932.224
0.0523469,0.114748,7.44373e-05,-5.62461e-06,-5.62461e-06,0.000136848,25.1156,56.0767,95.6539,837.352
0.0478372,0.0361256,1.67409e-05,-1.31778e-07,-1.31778e-07,4.60787e-05,72.3455,82.4592,28.372,784.693
0.0463334,0.0350345,1.5802e-05,-1.46474e-07,-1.46474e-07,4.63768e-05,71.9961,82.2967,26.3851,754.285
0.0535265,0.0368143,2.50363e-05,-1.75402e-06,-1.75402e-06,4.63039e-05,68.1249,101.682,29.398,797.861
0.115622,0.0810603,3.62341e-05,5.72789e-06,5.72789e-06,8.89254e-05,77.0097,20.578,74.5739,920.455
0.0544616,0.0360244,2.16522e-05,-1.55815e-07,-1.55815e-07,4.58139e-05,72.3797,82.2078,28.2616,785.426
0.117535,0.0801286,3.65534e-05,5.85548e-06,5.85548e-06,8.7744e-05,78.9937,21.1386,77.725,946.249
0.0281551,0.0834618,2.51675e-05,-5.11621e-07,-5.11621e-07,8.76167e-05,23.1144,66.4917,79.4898,952.55
0.0233382,0.0823762,1.98913e-05,-3.51515e-06,-3.51515e-06,8.69793e-05,21.3742,79.5952,77.7804,949.038
0.0700369,0.0352895,2.8718e-05,6.94431e-08,6.94431e-08,4.53662e-05,80.502,72.6565,27.4425,777.762
0.0543215,0.036624,2.57378e-05,-1.78024e-06,-1.78024e-06,4.62037e-05,68.2182,101.698,29.0095,793.435
0.074956,0.0345524,3.3074e-05,1.00006e-07,1.00006e-07,4.54859e-05,80.0931,72.3428,26.3043,760.46
0.0297955,0.0826457,3.2117e-05,-7.6777e-07,-7.6777e-07,8.81913e-05,20.5938,63.0952,77.7031,938.753
0.0730578,0.0947188,2.58244e-05,1.44934e-08,1.44934e-08,0.000100526,56.9931,22.0805,89.2507,942.249
0.0416049,0.0905398,4.6442e-05,-9.19046e-07,-9.19046e-07,9.81202e-05,25.9906,62.1841,83.4142,922.106
0.0200457,0.0834095,1.58901e-05,-2.98517e-06,-2.98517e-06,8.76149e-05,19.8835,76.8298,81.9599,970.3
0.0496587,0.0376523,2.09453e-05,-1.43282e-06,-1.43282e-06,4.56746e-05,69.5488,101.827,30.9616,824.215
0.0311825,0.09195,3.28904e-05,-2.92057e-07,-2.92057e-07,9.88092e-05,21.2879,57.3348,85.5082,930.274
0.0684885,0.0353052,2.66419e-05,2.09942e-07,2.09942e-07,4.59136e-05,81.8861,72.0681,27.1634,769.182
0.121664,0.079579,3.88964e-05,6.19976e-06,6.19976e-06,8.71812e-05,81.8448,22.6993,75.4681,935.719
0.0208399,0.0829704,1.5881e-05,-2.92767e-06,-2.92767e-06,8.69134e-05,21.3412,79.3841,81.5511,971.682
0.0156157,0.0844634,1.1149e-05,-2.33303e-06,-2.33303e-06,8.84139e-05,17.4135,71.9187,79.5075,950.925
0.0784598,0.0937297,2.94241e-05,1.64489e-07,1.64489e-07,9.97028e-05,58.9728,23.5406,88.1745,940.416
0.0295189,0.0825934,2.87628e-05,-6.67449e-07,-6.67449e-07,8.72911e-05,22.3288,65.3909,78.0888,945.906
0.0792169,0.0360716,2.49427e-05,1.62999e-06,1.62999e-06,4.58962e-05,101.391,69.1182,28.1841,784.546
0.0706757,0.0951385,2.42891e-05,-4.04363e-08,-4.04363e-08,0.000100798,56.7346,21.996,89.785,943.793
0.0830255,0.119821,3.90256e-05,2.46214e-06,2.46214e-06,0.000139967,53.0336,23.1844,102.2,854.978
0.0698985,0.12097,2.7178e-05,1.96058e-06,1.96058e-06,0.000139652,51.7921,21.3647,103.856,862.803
0.0314617,0.0930529,3.18773e-05,-2.65049e-07,-2.65049e-07,9.94869e-05,22.165,57.7787,86.9697,934.988
0.0359633,0.0916963,3.98849e-05,-5.65917e-07,-5.65917e-07,9.89677e-05,23.0245,58.8296,84.9333,926.424
0.0286314,0.083586,2.63211e-05,-5.21157e-07,-5.21157e-07,8.80479e-05,22.8813,66.1295,79.396,949.654
0.0416205,0.0374444,1.47975e-05,-1.11354e-06,-1.11354e-06,4.56911e-05,69.0983,100.981,31.1545,826.501
0.0772581,0.119837,3.29035e-05,2.39395e-06,2.39395e-06,0.000138787,52.5586,21.8477,104.221,867.114
0.0355557,0.0813733,3.64461e-05,-9.727e-07,-9.727e-07,8.68527e-05,25.1416,68.8547,76.2475,937.1
0.0282581,0.0803214,2.94515e-05,-4.83168e-06,-4.83168e-06,8.67194e-05,21.198,79.55,76.9098,946.077
0.0506314,0.0380901,1.88106e-05,-1.65039e-07,-1.65039e-07,4.6716e-05,72.3667,83.0681,30.9699,814.224
0.0204092,0.0827799,1.65031e-05,-3.02625e-06,-3.02625e-06,8.72111e-05,19.8475,76.7322,78.6628,952.763
0.0603322,0.0356053,2.14551e-05,-8.61394e-09,-8.61394e-09,4.55757e-05,80.276,72.9976,27.822,781.318
0.0485269,0.115872,6.50307e-05,-4.79305e-06,-4.79305e-06,0.000137267,24.7565,55.6648,99.484,852.419
0.0574153,0.0350351,2.85896e-05,-1.86459e-06,-1.86459e-06,4.6032e-05,68.4089,101.25,27.5913,775.23
0.0286894,0.0834115,2.64e-05,-5.42478e-07,-5.42478e-07,8.78211e-05,22.9062,66.2047,79.1877,949.635
0.071603,0.121003,2.87813e-05,1.96265e-06,1.96265e-06,0.000140054,51.9889,21.8382,104.628,864.737
0.0330752,0.0820122,3.38407e-05,-8.45286e-07,-8.45286e-07,8.73537e-05,23.6423,67.0834,76.5164,936.028
0.0802846,0.0359635,2.59443e-05,1.60202e-06,1.60202e-06,4.65809e-05,100.937,69.7557,26.9338,761.214
0.134899,0.0788595,4.82532e-05,7.54716e-06,7.54716e-06,8.76528e-05,83.915,24.3017,72.1817,913.64
0.0722489,0.120444,2.87953e-05,2.14159e-06,2.14159e-06,0.000139056,51.9464,21.2663,103.374,862.699
0.030576,0.0933524,2.71146e-05,-1.52453e-07,-1.52453e-07,9.88792e-05,24.3107,60.5117,88.1635,944.265
0.0669713,0.0960391,2.2258e-05,-1.46104e-07,-1.46104e-07,0.000101444,57.1558,23.0268,91.0105,947.186
0.0450453,0.0384393,1.80225e-05,-1.45035e-06,-1.45035e-06,4.77384e-05,67.2254,101.112,30.8179,804.45
0.109316,0.0803846,3.1342e-05,5.12556e-06,5.12556e-06,8.70385e-05,79.6311,21.2858,75.9798,938.846
0.0421474,0.0899587,4.83297e-05,-9.97993e-07,-9.97993e-07,9.7864e-05,25.7033,62.0999,82.5193,918.358
0.0402469,0.11737,4.98586e-05,-3.63113e-06,-3.63113e-06,0.00013771,22.5559,53.4951,100.687,855.897
0.0413157,0.0391666,1.42953e-05,-1.06479e-06,-1.06479e-06,4.55844e-05,70.227,101.705,32.5486,845.739
0.0286496,0.0832355,2.47442e-05,-5.07541e-07,-5.07541e-07,8.71496e-05,24.186,67.7927,79.64,956.002
0.0696864,0.121186,2.71971e-05,1.91681e-06,1.91681e-06,0.000140183,50.912,20.7056,104.239,862.735
0.0588387,0.0357594,1.9567e-05,1.48808e-07,1.48808e-07,4.59251e-05,82.2463,72.3109,27.8066,778.133
0.0717723,0.0947757,2.47889e-05,7.48646e-09,7.48646e-09,0.000100624,55.5331,20.6174,89.2667,941.876
0.0624006,0.0351687,2.23144e-05,1.1699e-07,1.1699e-07,4.52933e-05,81.5991,72.5516,27.2687,775.922
0.0311573,0.0932777,3.09865e-05,-2.29065e-07,-2.29065e-07,9.95863e-05,22.3292,57.8806,87.4191,936.93
0.0420119,0.0380821,1.51089e-05,-1.15389e-06,-1.15389e-06,4.57047e-05,69.0669,101.342,32.3253,841.803
0.0424918,0.038716,1.59086e-05,-1.30492e-06,-1.30492e-06,4.72177e-05,67.6226,101.159,31.6254,819.329
0.0238119,0.0846139,1.9806e-05,-3.46721e-07,-3.46721e-07,8.81769e-05,21.2499,64.0828,80.9859,958.39
0.0278218,0.0939893,2.77612e-05,-1.16194e-07,-1.16194e-07,0.000100235,20.1634,55.281,88.1248,937.647
0.0653963,0.03512,2.47775e-05,8.80686e-08,8.80686e-08,4.51765e-05,81.0653,72.6766,27.3076,777.476
0.0499096,0.0340735,1.8057e-05,-9.0292e-08,-9.0292e-08,4.51675e-05,72.4933,81.3936,25.7556,755.135
0.084727,0.0353178,2.88798e-05,1.75189e-06,1.75189e-06,4.66702e-05,100.872,69.5736,26.989,761.323
0.0937852,0.0830592,3.43409e-05,6.61756e-07,6.61756e-07,8.89332e-05,67.0032,24.0923,78.0428,936.84
0.0482609,0.115946,6.61671e-05,-4.74662e-06,-4.74662e-06,0.00013779,24.14,54.8696,97.6722,842.974
0.0231284,0.0828359,1.87486e-05,-3.34979e-06,-3.34979e-06,8.70655e-05,22.1712,80.7736,79.4635,958.647
0.0406328,0.117315,5.23995e-05,-3.70804e-06,-3.70804e-06,0.000138275,21.9467,52.6689,99.6651,849.79
0.0951116,0.0340664,3.60562e-05,2.17664e-06,2.17664e-06,4.64078e-05,101.109,68.9279,23.9925,720.043
0.0823419,0.119525,3.77616e-05,2.57528e-06,2.57528e-06,0.000139226,52.7803,22.3908,101.553,854.595
0.118441,0.0799692,3.69627e-05,5.91534e-06,5.91534e-06,8.72724e-05,81.5915,22.6185,73.0453,919.869
0.0499276,0.0369208,2.14095e-05,-1.48198e-06,-1.48198e-06,4.57977e-05,68.9385,101.517,30.6308,818.737
0.0766127,0.121615,3.50646e-05,1.75801e-06,1.75801e-06,0.000142725,50.7416,22.5072,103.88,853.397
0.0430368,0.0919479,4.69187e-05,-7.03275e-07,-7.03275e-07,9.96671e-05,27.0956,61.4894,84.8421,922.684
0.0286182,0.0831466,2.71658e-05,-5.90885e-07,-5.90885e-07,8.76896e-05,22.2398,65.3551,78.6849,947.335
0.0904912,0.0830176,3.16131e-05,6.52513e-07,6.52513e-07,8.82211e-05,67.9373,24.509,78.3402,942.408
0.0846961,0.084271,2.81209e-05,4.22731e-07,4.22731e-07,8.95967e-05,64.2602,21.9754,79.4671,941.81
0.0852745,0.0842134,2.85204e-05,4.2868e-07,4.2868e-07,8.95813e-05,64.5534,22.2238,79.4576,941.835
0.0408852,0.0391826,1.46185e-05,-1.21744e-06,-1.21744e-06,4.68427e-05,68.0211,101.342,33.4479,845.928
0.0933294,0.0365243,3.46527e-05,2.04926e-06,2.04926e-06,4.65874e-05,101.906,70.1651,28.546,783.798
0.0976375,0.11761,5.28824e-05,3.62116e-06,3.62116e-06,0.000138584,53.7837,23.295,99.5449,848.286
0.0694789,0.121253,2.7084e-05,1.88647e-06,1.88647e-06,0.00014023,51.2147,21.053,105.561,868.032
0.0978379,0.0356009,3.82347e-05,2.21771e-06,2.21771e-06,4.69544e-05,101.526,69.9391,26.2234,748.346
0.0966788,0.082918,3.67348e-05,7.13934e-07,7.13934e-07,8.93506e-05,65.487,23.043,76.9413,928.036
0.0693097,0.122038,2.78561e-05,1.67058e-06,1.67058e-06,0.000142003,49.98,20.8046,104.293,857.298
0.0334628,0.0932325,3.02159e-05,-2.54933e-07,-2.54933e-07,9.89153e-05,25.8325,61.7442,87.7739,942.01
0.0819845,0.119342,3.71163e-05,2.63207e-06,2.63207e-06,0.000138696,53.1414,22.4865,103.511,864.478
0.124183,0.0792775,4.05213e-05,6.4343e-06,6.4343e-06,8.73665e-05,80.511,21.8705,71.6387,910.869
0.0763923,0.0328466,3.44941e-05,1.37173e-07,1.37173e-07,4.54952e-05,79.7313,71.9593,23.7764,722.924
0.0696895,0.0348402,2.7898e-05,1.68345e-07,1.68345e-07,4.54205e-05,81.3625,72.2717,26.8097,768.289
0.0382845,0.117153,4.42478e-05,-3.43191e-06,-3.43191e-06,0.000136255,22.966,54.1787,102.108,866.52
0.0729381,0.12058,2.95644e-05,2.1277e-06,2.1277e-06,0.000139603,51.1911,20.7506,104.714,866.548
0.0649919,0.0352241,3.10643e-05,-2.55821e-07,-2.55821e-07,4.59891e-05,71.8763,81.72,26.9194,765.095
0.119016,0.0792956,3.69925e-05,5.91848e-06,5.91848e-06,8.6791e-05,80.8689,21.9198,73.2614,923.809
0.0579134,0.0321491,1.95828e-05,7.99197e-08,7.99197e-08,4.50171e-05,80.4986,72.2744,22.93,713.699
0.0431236,0.116657,5.84432e-05,-4.12398e-06,-4.12398e-06,0.000138225,22.1294,52.8201,99.8689,850.902
0.0274662,0.0810178,2.89083e-05,-4.79765e-06,-4.79765e-06,8.74386e-05,20.4671,78.0542,74.6488,928.21
0.0460301,0.0383417,1.81355e-05,-1.32945e-06,-1.32945e-06,4.57147e-05,69.174,101.859,32.0991,838.845
0.0715167,0.1208,2.8473e-05,2.03936e-06,2.03936e-06,0.000139713,51.3889,20.9932,105.297,868.591
0.0482445,0.0349846,1.68106e-05,-6.99745e-08,-6.99745e-08,4.51117e-05,72.7342,81.6012,27.1937,776.41
0.0327406,0.0816546,3.38845e-05,-8.69224e-07,-8.69224e-07,8.69739e-05,23.185,66.356,76.4295,937.544
0.113705,0.0797193,3.36322e-05,5.43906e-06,5.43906e-06,8.61355e-05,84.2922,23.9549,72.0953,919.584
0.0235562,0.084547,2.05265e-05,-3.81657e-07,-3.81657e-07,8.83393e-05,20.1998,62.6686,80.7702,956.238
0.0354181,0.0913734,3.68684e-05,-4.76023e-07,-4.76023e-07,9.82405e-05,24.055,60.4517,84.8307,929.276
0.0433782,0.117276,5.48184e-05,-3.82317e-06,-3.82317e-06,0.000138252,23.6098,54.2228,99.2789,848.228
0.0952858,0.117943,5.05061e-05,3.41976e-06,3.41976e-06,0.000138845,53.2668,22.8505,99.4682,847.109
0.0854023,0.11939,4.10288e-05,2.66722e-06,2.66722e-06,0.000139762,52.2667,22.1838,101.8,853.984
0.0832722,0.0836807,2.67158e-05,5.33499e-07,5.33499e-07,8.83915e-05,64.3742,21.5614,79.3702,947.654
0.0285829,0.0830325,2.8511e-05,-6.42892e-07,-6.42892e-07,8.79078e-05,21.2643,64.0593,78.2822,943.742
0.0285929,0.093525,2.73691e-05,-1.40766e-07,-1.40766e-07,9.94935e-05,21.4541,57.2324,87.9684,940.302
0.0374904,0.091825,3.74509e-05,-5.52242e-07,-5.52242e-07,9.83136e-05,26.1463,62.3508,85.7086,933.735
0.0390292,0.0909149,4.28719e-05,-7.45728e-07,-7.45728e-07,9.82498e-05,24.9506,61.197,83.8515,923.886
0.0843567,0.0354341,2.8328e-05,1.78779e-06,1.78779e-06,4.60635e-05,101.302,69.1361,27.2047,769.442
0.0214431,0.0823392,1.74594e-05,-3.10923e-06,-3.10923e-06,8.68704e-05,20.6182,77.9566,77.8352,949.6
