mu1,mu2,s1,s2,s3,s4,a1,b1,a2,b2
0.0578944,0.0347594,2.4229e-05,-1.0418e-07,-1.0418e-07,4.51923e-05,72.5632,81.1571,26.7518,769.39
0.0619118,0.0352412,2.25673e-05,8.44269e-09,8.44269e-09,4.54854e-05,80.2983,72.8973,27.3059,774.806
0.0836585,0.0925818,3.29016e-05,3.23299e-07,3.23299e-07,9.9115e-05,58.1608,22.2627,86.5029,934.228
0.109391,0.0811625,3.19128e-05,5.18008e-06,5.18008e-06,8.79752e-05,78.9488,21.3224,77.4303,942.672
0.100799,0.0351984,4.00537e-05,2.40689e-06,2.40689e-06,4.61499e-05,102.026,69.315,27.1535,768.262
0.0298991,0.0835839,2.73255e-05,-5.20563e-07,-5.20563e-07,8.81754e-05,23.8831,67.2877,79.4128,949.065
0.0304507,0.0821146,3.24827e-05,-8.16806e-07,-8.16806e-07,8.75044e-05,21.1863,63.8697,77.1482,939.072
0.0461569,0.115382,6.50293e-05,-4.76182e-06,-4.76182e-06,0.000137148,22.7106,53.5753,97.9833,846.318
0.085904,0.0933825,3.61991e-05,3.06248e-07,3.06248e-07,9.99657e-05,60.839,26.3056,87.2518,934.259
0.0951308,0.0920161,4.39798e-05,6.31786e-07,6.31786e-07,9.94757e-05,60.8404,25.9596,85.0409,924.646
0.0818723,0.0376913,2.70246e-05,1.61641e-06,1.61641e-06,4.72829e-05,101.329,70.6774,30.132,799.11
0.0467174,0.115729,6.63329e-05,-4.74946e-06,-4.74946e-06,0.000137865,22.7815,53.5302,98.2438,845.206
0.0802278,0.0941402,3.16317e-05,1.19255e-07,1.19255e-07,0.000100623,57.6591,23.194,88.0807,935.606
0.0249515,0.0815696,2.17847e-05,-3.73279e-06,-3.73279e-06,8.63969e-05,22.2186,81.1136,77.3331,949.614
0.108295,0.0807175,4.51629e-05,1.31208e-06,1.31208e-06,8.7543e-05,68.7951,25.1545,74.6871,923.861
0.0358123,0.081571,3.85255e-05,-1.01426e-06,-1.01426e-06,8.75794e-05,24.2536,67.7787,76.1471,932.593
0.0896999,0.118856,4.52233e-05,2.93511e-06,2.93511e-06,0.000139555,52.7365,22.638,101.494,853.383
0.0424728,0.117217,5.35932e-05,-3.8104e-06,-3.8104e-06,0.000137992,23.2342,54.0078,99.8763,851.59
0.0274212,0.0806558,2.64769e-05,-4.38473e-06,-4.38473e-06,8.63544e-05,22.0991,81.0257,77.7897,953.131
0.0725927,0.121126,2.98793e-05,1.94496e-06,1.94496e-06,0.000140643,51.2863,21.4388,104.031,860.435
0.0649837,0.0361223,2.43004e-05,8.86446e-08,8.86446e-08,4.51581e-05,81.4892,72.8362,28.8767,799.664
0.0732971,0.120153,2.94854e-05,2.23378e-06,2.23378e-06,0.000138632,52.3218,21.4796,105.369,872.349
0.0842814,0.119359,3.96875e-05,2.66995e-06,2.66995e-06,0.000139472,52.0666,21.7704,102.911,859.544
0.0751602,0.120508,3.16223e-05,2.16232e-06,2.16232e-06,0.000139851,51.7404,21.5035,105.363,868.444
0.0271975,0.083626,2.34701e-05,-4.62498e-07,-4.62498e-07,8.74888e-05,23.1269,66.5057,79.915,955.786
0.0514061,0.11481,8.16675e-05,-5.59902e-06,-5.59902e-06,0.000139065,22.3987,52.6251,95.8047,831.161
0.0762998,0.0948129,2.88525e-05,1.19747e-08,1.19747e-08,0.000100972,57.7327,23.5406,89.0369,939.042
0.0924735,0.092533,4.19102e-05,5.16955e-07,5.16955e-07,9.97434e-05,61.0503,26.4928,85.9553,928.342
0.0221989,0.0830017,1.8866e-05,-3.39832e-06,-3.39832e-06,8.76237e-05,20.4719,77.8184,77.216,942.031
0.0383161,0.091544,4.2541e-05,-6.60509e-07,-6.60509e-07,9.89561e-05,24.2745,59.9368,84.9951,926.826
0.117552,0.0797023,3.60752e-05,5.80482e-06,5.80482e-06,8.65494e-05,83.8574,23.784,72.9658,923.174
0.021962,0.0821512,1.83662e-05,-3.23955e-06,-3.23955e-06,8.68477e-05,20.5693,77.9406,78.6476,954.766
0.0481238,0.0374852,2.00799e-05,-1.4608e-06,-1.4608e-06,4.60638e-05,68.4813,101.555,30.9466,820.594
0.11572,0.0802895,3.5298e-05,5.67543e-06,5.67543e-06,8.70639e-05,83.2241,23.6688,72.3348,916.31
0.0420187,0.0333629,1.26397e-05,1.25365e-09,1.25365e-09,4.49694e-05,72.8041,80.3409,24.7517,741.898
0.0768755,0.120839,3.39223e-05,2.03397e-06,2.03397e-06,0.000140812,52.5117,23.0885,103.33,857.001
0.0789346,0.120314,3.52756e-05,2.24944e-06,2.24944e-06,0.000140209,52.2789,22.3995,103.405,859.221
0.0549647,0.0369223,2.23884e-05,-2.39858e-07,-2.39858e-07,4.73317e-05,71.8006,82.7858,28.8321,780.501
0.0671657,0.0335839,2.60838e-05,1.48097e-07,1.48097e-07,4.53127e-05,80.9805,72.1842,24.9556,742.126
0.0698439,0.121453,2.76307e-05,1.8456e-06,1.8456e-06,0.000140823,50.5463,20.6781,105.147,864.473
0.127492,0.078736,4.23145e-05,6.72352e-06,6.72352e-06,8.66087e-05,84.1091,23.8602,73.3325,925.897
0.0278655,0.0806923,2.57809e-05,-4.27282e-06,-4.27282e-06,8.6003e-05,23.2994,83.0226,78.1402,957.141
0.0971732,0.0817194,3.63484e-05,9.48697e-07,9.48697e-07,8.75502e-05,65.7671,22.6328,76.1095,932.507
0.0249773,0.0844664,2.07312e-05,-3.573e-07,-3.573e-07,8.81029e-05,22.2048,65.3204,81.2162,960.155
0.0891669,0.0830284,3.06178e-05,6.42786e-07,6.42786e-07,8.80456e-05,67.7313,24.253,78.5393,944.546
0.0995404,0.0831271,3.99384e-05,6.04539e-07,6.04539e-07,9.02776e-05,66.389,24.6224,76.4982,920.572
0.0903872,0.0351401,3.2094e-05,2.1017e-06,2.1017e-06,4.61576e-05,101.583,68.1196,26.9944,765.885
0.0248723,0.094498,2.462e-05,-5.01234e-08,-5.01234e-08,0.000100595,18.4148,53.263,88.7825,939.455
0.0816792,0.119698,3.72845e-05,2.49715e-06,2.49715e-06,0.000139323,53.3685,23.1079,103.909,864.123
0.0454323,0.116434,6.13219e-05,-4.33877e-06,-4.33877e-06,0.000138053,23.2259,53.9263,99.0488,847.979
0.0273607,0.0808428,2.59447e-05,-4.32266e-06,-4.32266e-06,8.63392e-05,22.4187,81.5852,79.0868,961.096
0.0328466,0.0927407,3.67654e-05,-3.63729e-07,-3.63729e-07,0.000100012,21.0588,56.0579,85.9724,927.176
0.0710404,0.120948,2.81733e-05,2.03543e-06,2.03543e-06,0.000140178,49.7105,19.4778,103.703,860.562
0.0534639,0.0361133,2.05269e-05,-5.67209e-08,-5.67209e-08,4.50799e-05,72.9932,81.5151,28.9237,801.007
0.0704061,0.0334067,2.86669e-05,1.78079e-07,1.78079e-07,4.54036e-05,80.9061,72.0202,24.539,735.172
0.0879102,0.0833835,2.9889e-05,5.88588e-07,5.88588e-07,8.85305e-05,66.0397,22.996,78.2987,940.501
0.080391,0.119737,3.59709e-05,2.47578e-06,2.47578e-06,0.000139287,52.4731,22.0604,103.126,860.982
0.0738551,0.120571,3.04228e-05,2.11619e-06,2.11619e-06,0.000139591,52.3447,21.9957,103.951,863.403
0.0727165,0.0333918,3.0485e-05,2.16657e-07,2.16657e-07,4.55744e-05,80.9979,71.8371,24.5172,733.47
0.0878746,0.0358728,3.06029e-05,1.90805e-06,1.90805e-06,4.60182e-05,101.717,69.3709,28.6213,789.664
0.0222261,0.0855862,1.65573e-05,-2.088e-07,-2.088e-07,8.87135e-05,22.0291,64.9851,82.5675,964.753
0.0340383,0.0820125,3.34812e-05,-8.30171e-07,-8.30171e-07,8.71336e-05,25.0975,68.8939,76.8782,939.42
0.058692,0.0347023,2.5547e-05,-2.62712e-07,-2.62712e-07,4.67747e-05,71.5617,82.0607,25.7883,742.538
0.0777686,0.119535,3.30852e-05,2.48694e-06,2.48694e-06,0.000138181,53.1634,22.2123,103.823,867.394
0.0876501,0.0923781,3.64175e-05,4.54638e-07,4.54638e-07,9.89041e-05,61.0358,25.2559,86.1323,933.229
0.049819,0.0363313,2.15251e-05,-1.51057e-06,-1.51057e-06,4.59918e-05,68.3979,101.195,29.1423,796.934
0.0939812,0.0824786,3.39877e-05,7.72331e-07,7.72331e-07,8.78136e-05,69.4423,25.6875,77.1364,937.329
0.0990873,0.0826218,3.85838e-05,7.78292e-07,7.78292e-07,8.91706e-05,66.9254,24.2397,76.8665,928.53
0.0402259,0.0907331,4.29002e-05,-7.85364e-07,-7.85364e-07,9.78897e-05,26.2832,62.7099,84.2734,927.916
0.12489,0.0791068,4.07615e-05,6.48478e-06,6.48478e-06,8.68408e-05,83.1862,23.3851,75.4093,937.444
0.054378,0.0354845,1.72797e-05,-4.81205e-10,-4.81205e-10,4.51869e-05,80.7704,73.0981,27.8654,785.284
0.0875949,0.0350583,3.03293e-05,1.95368e-06,1.95368e-06,4.6019e-05,101.411,68.5176,26.8363,764.694
0.0428845,0.116565,5.33993e-05,-4.03448e-06,-4.03448e-06,0.000136698,23.7421,54.9094,99.9641,856.103
0.0525092,0.0341233,2.01546e-05,-1.44809e-07,-1.44809e-07,4.56144e-05,72.1647,81.6835,25.565,748.647
0.0466423,0.0346129,1.59667e-05,-1.34907e-07,-1.34907e-07,4.60305e-05,72.0836,82.0978,26.1062,753.103
0.0465362,0.0345005,1.59759e-05,-1.54995e-07,-1.54995e-07,4.64432e-05,71.8567,82.1882,25.573,742.057
0.072991,0.0945774,2.56073e-05,3.06438e-08,3.06438e-08,0.000100423,56.368,21.3186,89.0817,941.841
0.0413558,0.116589,4.934e-05,-3.80933e-06,-3.80933e-06,0.000136049,23.8797,55.0931,100.344,859.741
0.0273084,0.0834139,2.62715e-05,-5.64247e-07,-5.64247e-07,8.79739e-05,21.0895,63.8456,79.0368,947.911
0.0272664,0.0831212,2.5766e-05,-5.66666e-07,-5.66666e-07,8.74749e-05,21.3922,64.194,79.055,950.722
0.0627662,0.0361328,2.2622e-05,8.44762e-08,8.44762e-08,4.51488e-05,81.6143,72.8647,28.8759,799.735
0.0298677,0.0825862,3.13221e-05,-7.49717e-07,-7.49717e-07,8.78908e-05,21.1479,63.8743,78.2359,943.573
0.0515396,0.114842,7.63945e-05,-5.54511e-06,-5.54511e-06,0.000137723,23.8857,54.6057,95.306,833.092
0.022849,0.0828536,1.92211e-05,-3.43316e-06,-3.43316e-06,8.73763e-05,21.2085,79.1189,78.3929,950.541
0.0337884,0.0785493,3.55906e-05,-5.5237e-06,-5.5237e-06,8.54957e-05,24.6322,84.8027,71.2329,917.395
0.021106,0.0823493,1.79227e-05,-3.2065e-06,-3.2065e-06,8.71693e-05,19.5705,76.1861,78.4073,951.547
0.02844,0.0839263,2.45744e-05,-4.40552e-07,-4.40552e-07,8.80498e-05,24.0164,67.5275,79.9362,952.855
0.0828649,0.0933994,3.31254e-05,2.43121e-07,2.43121e-07,9.99238e-05,58.3386,23.2406,87.2917,934.665
0.0348049,0.0812692,3.66426e-05,-9.83994e-07,-9.83994e-07,8.68771e-05,24.0986,67.5001,75.9595,935.2
0.0533225,0.113972,8.39742e-05,-6.10495e-06,-6.10495e-06,0.000137743,23.3353,53.9604,94.5176,829.702
0.0315144,0.0828655,2.99157e-05,-6.56984e-07,-6.56984e-07,8.76724e-05,24.2017,67.7933,78.3843,945.625
0.0834369,0.0392351,2.85812e-05,1.61781e-06,1.61781e-06,4.98885e-05,100.536,71.3646,31.1659,791.113
0.0453925,0.0378291,1.78043e-05,-1.32953e-06,-1.32953e-06,4.59675e-05,68.6342,101.481,30.748,818.753
0.0498519,0.0368736,2.11396e-05,-1.42532e-06,-1.42532e-06,4.5804e-05,69.3909,101.4,30.2305,813.256
0.0819158,0.036504,2.65668e-05,1.71649e-06,1.71649e-06,4.58453e-05,101.767,69.3475,29.6436,805.09
0.0212207,0.0827796,1.6824e-05,-3.06882e-06,-3.06882e-06,8.69775e-05,20.9343,78.7332,78.0151,950.141
0.0469602,0.0375634,1.59715e-05,-8.60538e-08,-8.60538e-08,4.55783e-05,72.9072,82.6844,30.9596,824.178
0.0530361,0.114033,8.12888e-05,-5.98932e-06,-5.98932e-06,0.000137285,23.7878,54.5205,96.7896,841.011
0.0320783,0.0924576,3.18411e-05,-2.99597e-07,-2.99597e-07,9.87777e-05,22.9939,59.1751,86.4333,935.443
0.0416811,0.0390219,1.51257e-05,-1.23052e-06,-1.23052e-06,4.65258e-05,68.262,101.466,32.6932,839.17
0.0254564,0.0844334,2.34296e-05,-4.17417e-07,-4.17417e-07,8.88179e-05,20.6007,63.0494,80.2787,950.753
0.107659,0.0811984,3.08347e-05,5.06141e-06,5.06141e-06,8.81418e-05,76.6815,19.9083,74.2482,922.165
0.0456814,0.115894,6.19973e-05,-4.55402e-06,-4.55402e-06,0.000137246,23.2547,54.2095,98.5772,848.534
0.0652769,0.0352633,2.46318e-05,9.33779e-08,9.33779e-08,4.51758e-05,81.1868,72.6815,27.5647,781.135
0.115893,0.0807229,3.59571e-05,5.72124e-06,5.72124e-06,8.80549e-05,80.1918,22.1957,76.4807,936.819
0.0440487,0.116178,5.92327e-05,-4.33039e-06,-4.33039e-06,0.000137389,22.7157,53.6499,98.7624,848.831
0.0372935,0.0914479,4.05809e-05,-6.25073e-07,-6.25073e-07,9.86196e-05,24.1685,60.2018,84.7033,926.808
0.0325253,0.0815611,3.35121e-05,-8.55098e-07,-8.55098e-07,8.68129e-05,23.1308,66.1581,76.7042,940.096
0.0610786,0.0352695,3.24452e-05,-2.10195e-06,-2.10195e-06,4.60554e-05,68.3593,101.697,28.4321,786.877
0.0821977,0.119122,3.71111e-05,2.71105e-06,2.71105e-06,0.000138407,52.6257,21.8031,103.136,863.848
0.049872,0.0375914,2.18234e-05,-1.60832e-06,-1.60832e-06,4.66516e-05,67.9051,101.575,29.5062,796.297
0.0815695,0.119593,3.70378e-05,2.54705e-06,2.54705e-06,0.000139317,52.1531,21.7436,103.359,861.879
0.117415,0.0804242,3.66945e-05,5.84444e-06,5.84444e-06,8.77331e-05,81.1731,22.647,78.3776,950.234
0.0222213,0.0822063,2.1889e-05,-3.87261e-06,-3.87261e-06,8.79751e-05,17.9363,73.4777,76.6378,937
0.0953109,0.0822787,3.49864e-05,8.34844e-07,8.34844e-07,8.79198e-05,67.1887,23.805,76.5505,933.211
0.0380576,0.0911925,4.21882e-05,-6.90808e-07,-6.90808e-07,9.85517e-05,24.2061,60.2592,84.4512,925.754
0.0269125,0.0806622,2.59496e-05,-4.29504e-06,-4.29504e-06,8.63925e-05,21.7524,80.3607,73.07,923.476
0.0950534,0.0827803,3.51469e-05,7.71279e-07,7.71279e-07,8.89524e-05,63.7388,21.3437,76.9999,930.481
0.118537,0.0801397,3.72557e-05,5.94487e-06,5.94487e-06,8.77807e-05,79.6025,21.5634,73.6344,920.874
0.0708356,0.0351361,2.87145e-05,1.90941e-07,1.90941e-07,4.55544e-05,81.5359,72.2001,27.0217,770.189
0.0433554,0.0378126,1.61062e-05,-1.20556e-06,-1.20556e-06,4.57261e-05,69.0184,101.338,31.649,832.774
0.0519122,0.0382608,1.97823e-05,-1.75025e-07,-1.75025e-07,4.6762e-05,72.3563,83.103,31.2847,817.949
0.073733,0.120673,3.04298e-05,2.06874e-06,2.06874e-06,0.000139657,53.0576,22.8356,103.895,862.95
0.0837097,0.0843173,2.73595e-05,4.749e-07,4.749e-07,8.97025e-05,61.1106,19.4637,79.1977,939.667
0.0207298,0.0831157,1.75165e-05,-3.22996e-06,-3.22996e-06,8.77332e-05,19.3476,75.9261,79.1323,952.959
0.0980761,0.0826055,3.76168e-05,7.70021e-07,7.70021e-07,8.88184e-05,68.4573,25.3929,76.5342,928.357
0.10036,0.0352776,3.97424e-05,2.38133e-06,2.38133e-06,4.61868e-05,102.01,69.3948,27.3647,770.918
0.0351683,0.09224,3.67784e-05,-4.53049e-07,-4.53049e-07,9.90278e-05,23.754,59.5469,86.1759,932.882
0.0369777,0.0374917,1.16898e-05,-9.44741e-07,-9.44741e-07,4.56716e-05,68.9735,100.557,30.4971,817.842
0.0870073,0.0366045,2.9487e-05,2.06956e-06,2.06956e-06,4.69954e-05,101.749,67.4555,28.5315,780.381
0.0903004,0.0827254,3.1313e-05,6.9518e-07,6.9518e-07,8.76884e-05,68.6769,24.9578,77.9487,942.913
0.0537463,0.03603,2.07481e-05,-5.80718e-08,-5.80718e-08,4.50849e-05,72.9732,81.4774,28.8016,799.271
0.0275949,0.0807812,2.72328e-05,-4.52484e-06,-4.52484e-06,8.66194e-05,21.794,80.5431,77.7453,951.53
0.0302917,0.0930914,2.97552e-05,-2.18266e-07,-2.18266e-07,9.92661e-05,22.0585,57.9364,87.2623,937.597
0.0823482,0.12013,3.88249e-05,2.3385e-06,2.3385e-06,0.000140655,52.1255,22.599,101.93,851.707
0.0468282,0.0377304,1.87374e-05,-1.3387e-06,-1.3387e-06,4.56911e-05,69.2147,101.635,31.7934,835.04
0.0406764,0.0903385,4.66405e-05,-9.02483e-07,-9.02483e-07,9.81372e-05,24.919,61.1864,83.4105,922.003
0.0867874,0.0360905,2.95597e-05,1.95416e-06,1.95416e-06,4.59958e-05,101.866,68.5133,27.9296,780.341
0.0998073,0.0818503,2.64478e-05,4.42684e-06,4.42684e-06,8.75807e-05,79.8083,21.7262,77.7337,946.118
0.0802469,0.093796,3.11559e-05,1.76878e-07,1.76878e-07,9.99634e-05,59.2596,24.2216,88.0334,938.437
0.106894,0.0808413,4.39579e-05,1.2612e-06,1.2612e-06,8.74622e-05,69.1325,25.4105,74.6244,923.89
0.0515761,0.0352836,1.93599e-05,-1.23115e-07,-1.23115e-07,4.55283e-05,72.4553,81.9468,27.3013,774.381
0.0250719,0.0837948,2.44785e-05,-5.28029e-07,-5.28029e-07,8.8283e-05,19.3,61.4122,79.4847,948.924
0.0457376,0.037671,1.50086e-05,-3.7731e-08,-3.7731e-08,4.50724e-05,73.2921,82.3878,31.5079,836.094
0.0410989,0.0383891,1.44731e-05,-1.12912e-06,-1.12912e-06,4.57341e-05,69.0298,101.393,32.468,843.385
0.0298277,0.0936852,2.82117e-05,-1.47918e-07,-1.47918e-07,9.96249e-05,22.4625,58.0822,88.0837,940.298
0.069435,0.121497,2.73073e-05,1.82401e-06,1.82401e-06,0.000140798,50.7286,20.8552,105.96,867.885
0.11687,0.0799756,3.5894e-05,5.76837e-06,5.76837e-06,8.71298e-05,81.4316,22.443,74.6388,930.511
0.0354495,0.0913876,3.65235e-05,-4.61872e-07,-4.61872e-07,9.81949e-05,24.2892,60.7095,84.9944,930.387
0.0588037,0.0355938,2.53678e-05,-2.05773e-07,-2.05773e-07,4.60278e-05,72.0923,82.056,27.5095,773.106
0.0710431,0.121614,2.89833e-05,1.80228e-06,1.80228e-06,0.000141466,50.3098,20.8464,104.14,858.333
0.121656,0.0789698,3.85262e-05,6.13986e-06,6.13986e-06,8.64697e-05,82.6982,22.9607,76.4083,945.387
0.067083,0.121055,2.48251e-05,1.88907e-06,1.88907e-06,0.000139173,52.2662,21.5803,104.55,867.18
0.0315646,0.0928139,3.0664e-05,-2.59053e-07,-2.59053e-07,9.89511e-05,23.0908,59.1736,87.1707,938.598
0.0804523,0.0936418,3.11371e-05,1.88108e-07,1.88108e-07,0.000100005,57.6961,22.5503,87.5906,935.882
0.0834877,0.119517,3.90366e-05,2.59794e-06,2.59794e-06,0.00013959,52.2077,21.9858,102.597,857.847
0.0237558,0.0820638,2.14892e-05,-3.75125e-06,-3.75125e-06,8.71336e-05,20.5856,78.2853,77.9623,949.484
0.0415248,0.0905439,4.51293e-05,-8.89745e-07,-8.89745e-07,9.78955e-05,26.5679,62.9215,83.5539,923.934
0.127176,0.0802358,4.42051e-05,6.77868e-06,6.77868e-06,8.8959e-05,80.178,22.7815,72.2646,906.61
0.0217336,0.0851561,2.053e-05,-3.8337e-07,-3.8337e-07,8.94467e-05,17.4943,58.6834,81.2716,953.245
0.0398108,0.0366628,1.15302e-05,-7.4271e-08,-7.4271e-08,4.57788e-05,72.6565,82.5865,29.3228,800.337
0.0491746,0.0358286,1.74113e-05,-6.01435e-08,-6.01435e-08,4.50837e-05,72.9262,81.7364,28.4855,794.882
0.0908462,0.0361804,3.26802e-05,1.99762e-06,1.99762e-06,4.61055e-05,101.945,69.6879,28.9568,793.55
0.129339,0.0787944,4.38514e-05,6.92697e-06,6.92697e-06,8.72296e-05,81.9318,22.6831,71.9897,914.206
0.0622091,0.0348109,2.28547e-05,8.82959e-09,8.82959e-09,4.55493e-05,80.1019,72.8077,26.6087,764.313
0.134056,0.0786581,4.73712e-05,7.43163e-06,7.43163e-06,8.75452e-05,82.5712,23.2504,68.8332,892.676
0.102131,0.0815725,4.03454e-05,1.07186e-06,1.07186e-06,8.82621e-05,64.0294,21.4071,74.9052,921.38
0.0885073,0.035777,3.14865e-05,1.86638e-06,1.86638e-06,4.69397e-05,101.112,69.9138,27.4271,765.301
0.0847925,0.119797,4.10805e-05,2.50753e-06,2.50753e-06,0.000140755,50.9954,21.3796,102.549,854.025
0.111673,0.0807184,4.84049e-05,1.37366e-06,1.37366e-06,8.82051e-05,68.0178,24.7571,73.9051,915.559
0.063096,0.0350818,2.89842e-05,-1.74899e-07,-1.74899e-07,4.54292e-05,72.2769,81.3838,27.0073,771.042
0.0726634,0.0947587,2.54932e-05,1.73775e-08,1.73775e-08,0.000100793,54.8105,20.085,89.0947,940.181
0.0900694,0.0831821,3.14025e-05,6.21348e-07,6.21348e-07,8.84496e-05,67.5094,24.2364,78.1056,939.774
0.0310437,0.0922193,3.12936e-05,-2.46102e-07,-2.46102e-07,9.87465e-05,22.059,58.2201,86.1216,933.898
0.0436767,0.116678,6.19063e-05,-4.17695e-06,-4.17695e-06,0.00013912,21.4879,51.8069,97.3883,837.527
0.0297295,0.0828742,2.72299e-05,-5.97843e-07,-5.97843e-07,8.72106e-05,23.729,67.2199,78.4659,948.612
0.0459006,0.0366563,1.79422e-05,-1.25222e-06,-1.25222e-06,4.58253e-05,69.2356,100.911,29.4266,802.107
0.0454541,0.116302,5.98322e-05,-4.37512e-06,-4.37512e-06,0.000137387,23.7697,54.7104,98.0857,845.933
0.0476541,0.11498,6.69957e-05,-4.9534e-06,-4.9534e-06,0.000136691,23.3846,54.2456,96.8398,842.828
0.119584,0.0796536,3.75079e-05,6.00269e-06,6.00269e-06,8.70596e-05,81.65,22.5237,73.9073,926.499
0.0913919,0.0831373,3.24237e-05,6.6805e-07,6.6805e-07,8.88188e-05,64.6993,22.0353,78.0949,937.762
0.0838612,0.0360125,2.79221e-05,1.77054e-06,1.77054e-06,4.59733e-05,101.578,69.3298,27.8039,778.63
0.0340237,0.0909328,4.08785e-05,-5.88373e-07,-5.88373e-07,9.88306e-05,20.4976,56.3424,83.3494,918.384
0.0355136,0.0919217,3.66677e-05,-4.84463e-07,-4.84463e-07,9.86104e-05,24.2535,60.3891,85.2958,930.072
0.129809,0.078671,4.41344e-05,6.96787e-06,6.96787e-06,8.72413e-05,81.4369,22.351,73.8808,926.105
0.0507508,0.0364898,2.24096e-05,-1.57745e-06,-1.57745e-06,4.61001e-05,68.2681,101.331,29.1582,796.257
0.0834113,0.0361067,2.76418e-05,1.75025e-06,1.75025e-06,4.59888e-05,101.578,69.4084,28.2667,784.938
0.0578601,0.0350894,2.44149e-05,-1.63061e-07,-1.63061e-07,4.55721e-05,72.2919,81.7293,27.0035,769.778
0.0732492,0.0352569,3.14285e-05,8.99539e-08,8.99539e-08,4.53953e-05,80.4281,72.5334,27.3488,776.185
0.0742597,0.120481,3.07084e-05,2.15089e-06,2.15089e-06,0.000139504,52.2866,21.8884,103.994,863.867
0.0664471,0.0331921,2.58699e-05,9.35267e-08,9.35267e-08,4.52359e-05,80.3354,72.332,24.3373,733.494
0.0218376,0.0820553,1.89145e-05,-3.32447e-06,-3.32447e-06,8.70367e-05,19.824,76.6105,79.1534,956.856
0.0273027,0.0931058,2.79489e-05,-1.61229e-07,-1.61229e-07,9.95095e-05,19.4493,55.0715,87.138,935.78
0.0513188,0.0360898,1.92371e-05,-1.4283e-07,-1.4283e-07,4.59131e-05,72.3856,82.3357,28.3093,785.238
0.0909689,0.0836337,3.25835e-05,5.23656e-07,5.23656e-07,8.94905e-05,66.221,23.7091,78.0357,933.853
0.0809285,0.118904,3.56657e-05,2.73553e-06,2.73553e-06,0.000137715,52.7369,21.65,102.341,862.713
0.0278092,0.0834944,2.32369e-05,-4.54637e-07,-4.54637e-07,8.71773e-05,24.2567,67.8872,79.5975,955.587
0.053475,0.0361128,2.07451e-05,-1.17725e-07,-1.17725e-07,4.54379e-05,72.6457,82.059,28.7026,794.794
0.0437808,0.0382419,1.60481e-05,-1.12927e-06,-1.12927e-06,4.59178e-05,70.154,101.285,31.4833,828.753
0.0924315,0.0919045,4.07186e-05,5.85509e-07,5.85509e-07,9.90356e-05,60.3693,24.7895,85.2417,927.788
0.0963716,0.0344204,3.68912e-05,2.22883e-06,2.22883e-06,4.63152e-05,101.381,69.0252,25.6521,745.302
0.11913,0.0799196,3.74576e-05,5.98529e-06,5.98529e-06,8.75233e-05,80.1415,21.7673,73.1168,919.036
0.0284863,0.0835821,2.44354e-05,-4.75794e-07,-4.75794e-07,8.75258e-05,24.2137,67.8723,79.9549,955.823
0.0431266,0.0383327,1.58385e-05,-1.1839e-06,-1.1839e-06,4.56177e-05,69.3721,101.585,32.0437,838.932
0.0323358,0.0824513,3.07804e-05,-7.18586e-07,-7.18586e-07,8.724e-05,24.6959,68.4269,77.4623,942.386
0.0929324,0.0344897,3.44251e-05,2.08597e-06,2.08597e-06,4.63659e-05,101.19,69.0822,26.3422,754.778
0.0193275,0.0833139,1.46173e-05,-2.76829e-06,-2.76829e-06,8.73172e-05,20.0693,77.0719,78.3395,950.054
0.092565,0.0826535,3.30078e-05,7.36965e-07,7.36965e-07,8.80002e-05,67.7807,24.3062,77.8166,940.448
0.0325681,0.0821464,3.0792e-05,-7.37866e-07,-7.37866e-07,8.6837e-05,24.991,68.6945,77.7576,946.375
0.0486764,0.038546,2.07681e-05,-1.57054e-06,-1.57054e-06,4.68179e-05,68.0055,101.833,31.294,818.608
0.0510767,0.115007,7.72618e-05,-5.44659e-06,-5.44659e-06,0.000138358,23.2658,53.7666,97.2461,839.533
0.0282019,0.0832578,2.49758e-05,-5.1896e-07,-5.1896e-07,8.73009e-05,23.3355,66.7382,79.4364,953.954
0.0914127,0.0363457,3.34216e-05,1.96807e-06,1.96807e-06,4.68554e-05,101.56,70.1578,28.119,775.636
0.0925865,0.0836995,3.4108e-05,4.92694e-07,4.92694e-07,8.9951e-05,65.9965,23.8575,78.0131,931.318
0.0200164,0.0833676,1.68127e-05,-3.14609e-06,-3.14609e-06,8.79683e-05,18.8432,74.9694,77.2006,939.952
0.0519568,0.0381395,2.33992e-05,-1.66815e-06,-1.66815e-06,4.61249e-05,68.6224,102.206,32.3807,838.95
0.0396185,0.0915844,4.33615e-05,-6.9111e-07,-6.9111e-07,9.89594e-05,25.2762,60.8067,84.9274,926.445
0.125794,0.0790327,4.13611e-05,6.57195e-06,6.57195e-06,8.68831e-05,83.0793,23.3226,75.1897,935.917
0.0435528,0.0381519,1.63613e-05,-1.25061e-06,-1.25061e-06,4.59318e-05,68.7175,101.464,32.062,836.356
0.0787781,0.120074,3.47341e-05,2.32771e-06,2.32771e-06,0.000139516,53.0739,22.8502,104.093,864.257
0.0253709,0.0839789,2.20793e-05,-4.28276e-07,-4.28276e-07,8.77992e-05,21.5935,64.5362,80.4231,957.118
0.0468943,0.115375,6.38826e-05,-4.77086e-06,-4.77086e-06,0.000136646,23.7124,54.7073,97.5611,846.071
0.0854291,0.0837901,2.82918e-05,5.44351e-07,5.44351e-07,8.89868e-05,63.1313,20.7809,78.9473,941.958
0.0439762,0.117489,5.48948e-05,-3.73612e-06,-3.73612e-06,0.000138553,24.1166,54.5071,99.6848,848.995
0.0986615,0.0339099,3.86403e-05,2.3357e-06,2.3357e-06,4.63307e-05,101.288,68.7822,24.7917,732.624
0.0427491,0.0380377,1.56131e-05,-1.17437e-06,-1.17437e-06,4.56714e-05,69.1743,101.397,32.2873,841.616
0.0260065,0.0846313,2.16707e-05,-3.35788e-07,-3.35788e-07,8.85009e-05,22.9163,66.0843,80.7953,955.502
0.122691,0.078803,3.91734e-05,6.22701e-06,6.22701e-06,8.64444e-05,82.5933,22.8866,71.5132,914.798
0.027196,0.0808553,2.65223e-05,-4.42031e-06,-4.42031e-06,8.65914e-05,21.7408,80.4421,76.9813,946.914
0.0238741,0.0819008,1.99025e-05,-3.46186e-06,-3.46186e-06,8.64038e-05,22.2554,81.0858,79.9741,965.443
0.0860929,0.0356938,2.97186e-05,1.7993e-06,1.7993e-06,4.65865e-05,101.161,69.7144,27.5847,770.393
0.0695102,0.0356302,2.79105e-05,1.15462e-07,1.15462e-07,4.52254e-05,81.1998,72.6185,28.0204,787.133
0.0263361,0.0833931,2.76298e-05,-6.30848e-07,-6.30848e-07,8.8457e-05,18.9115,60.8193,78.5465,942.395
0.0475281,0.115777,6.28385e-05,-4.72488e-06,-4.72488e-06,0.00013678,24.6215,55.6958,98.0837,847.914
0.0279218,0.0936913,2.52893e-05,-8.2036e-08,-8.2036e-08,9.93276e-05,22.0626,58.0461,88.3587,943.171
0.032036,0.0822396,2.92264e-05,-6.79092e-07,-6.79092e-07,8.6643e-05,25.4078,69.1153,77.6983,947.063
0.0471477,0.0367826,1.61731e-05,-1.0597e-07,-1.0597e-07,4.57798e-05,72.6399,82.5436,29.5609,803.572
0.0890823,0.0920641,3.75021e-05,4.6976e-07,4.6976e-07,9.91466e-05,58.1216,22.3882,85.4092,928.167
0.0918806,0.118165,4.66732e-05,3.25357e-06,3.25357e-06,0.000138589,52.915,22.2953,101.292,855.613
0.138547,0.0777929,4.99452e-05,7.87342e-06,7.87342e-06,8.69154e-05,84.1414,23.865,71.8506,915.778
0.0645551,0.0323018,2.44116e-05,1.01888e-07,1.01888e-07,4.51683e-05,80.2916,72.1853,23.098,715.11
0.0806268,0.0841987,2.51267e-05,4.53248e-07,4.53248e-07,8.88323e-05,63.6031,21.0593,79.7328,947.443
0.0519115,0.0380553,2.30113e-05,-1.58183e-06,-1.58183e-06,4.56599e-05,69.3766,102.292,31.6515,833.581
0.0439591,0.0387613,1.6655e-05,-1.2812e-06,-1.2812e-06,4.59751e-05,68.8167,101.773,33.4928,854.437
0.0469158,0.0382694,1.64937e-05,-2.30609e-07,-2.30609e-07,4.92883e-05,71.4208,83.3853,29.6453,775.569
0.0787687,0.119796,3.43799e-05,2.44389e-06,2.44389e-06,0.000139183,51.7452,21.2029,102.74,859.701
0.0527764,0.0364278,2.05283e-05,-1.95775e-07,-1.95775e-07,4.67244e-05,72.0199,82.6049,28.3966,779.597
0.0471638,0.115543,6.89029e-05,-4.88377e-06,-4.88377e-06,0.000138122,22.4013,53.0472,96.905,838.66
0.0268264,0.0813922,2.45217e-05,-4.1467e-06,-4.1467e-06,8.65064e-05,22.7596,82.0803,76.305,943.017
0.0531102,0.114292,8.11581e-05,-5.94213e-06,-5.94213e-06,0.000137603,23.876,54.5925,97.0157,840.998
0.0569482,0.0349998,1.89857e-05,1.20826e-08,1.20826e-08,4.52164e-05,80.6214,72.9569,27.0921,774.057
0.0878272,0.0350868,4.51942e-05,2.327e-07,2.327e-07,4.54642e-05,80.1239,71.7804,26.9932,770.545
0.0788905,0.0942243,3.04707e-05,1.10581e-07,1.10581e-07,0.000100359,59.1281,24.498,88.4464,938.78
0.0236204,0.0822631,2.05163e-05,-3.60545e-06,-3.60545e-06,8.70064e-05,21.2425,79.3859,80.9146,967.888
0.0224984,0.0824883,1.98639e-05,-3.53925e-06,-3.53925e-06,8.73846e-05,20.0293,77.2421,78.2854,949.939
0.0424947,0.116775,5.23191e-05,-3.94101e-06,-3.94101e-06,0.000136831,23.7857,54.9463,99.5293,853.798
0.0687845,0.0354746,2.73385e-05,1.13288e-07,1.13288e-07,4.52216e-05,81.1812,72.6096,27.8213,784.365
0.0850721,0.0930469,3.48078e-05,3.07116e-07,3.07116e-07,9.98324e-05,57.8768,22.7107,86.7186,932.022
0.0604922,0.0357962,2.08414e-05,1.1826e-07,1.1826e-07,4.54131e-05,81.9497,72.6026,28.1762,787.687
0.114212,0.0798723,3.4032e-05,5.50375e-06,5.50375e-06,8.6465e-05,83.3353,23.4301,74.432,932.624
0.0913634,0.0824845,3.20433e-05,7.46107e-07,7.46107e-07,8.75624e-05,67.9599,24.3405,78.0819,944.408
0.0902122,0.0350976,3.24326e-05,1.97613e-06,1.97613e-06,4.63081e-05,101.327,69.3076,27.4636,771.108
0.0837522,0.033849,4.12868e-05,2.01343e-07,2.01343e-07,4.55127e-05,79.8828,71.7806,25.1458,743.312
0.0539072,0.0365829,2.12732e-05,-1.69375e-07,-1.69375e-07,4.61335e-05,72.3185,82.4808,29.0657,793.759
0.0507937,0.0380844,1.90477e-05,-1.94526e-07,-1.94526e-07,4.73366e-05,72.0859,83.1462,30.6292,804.412
0.0645825,0.0337456,2.46955e-05,3.26894e-08,3.26894e-08,4.55209e-05,79.868,72.5497,24.9956,741.014
0.135545,0.0779383,4.80996e-05,7.54118e-06,7.54118e-06,8.75139e-05,79.4999,21.1584,74.6853,930.107
0.0297208,0.0830467,2.81244e-05,-6.11827e-07,-6.11827e-07,8.76686e-05,23.0548,66.3925,78.8974,948.729
0.0898476,0.0832207,3.12673e-05,6.45844e-07,6.45844e-07,8.86973e-05,64.6329,21.9174,78.2513,939.341
0.0516148,0.0372539,2.32865e-05,-1.66806e-06,-1.66806e-06,4.63844e-05,68.1103,101.678,29.5891,799.724
0.0582909,0.0357951,1.95592e-05,5.88292e-08,5.88292e-08,4.50733e-05,81.5113,72.9386,28.4457,794.419
0.0585066,0.0352524,2.49492e-05,-1.63468e-07,-1.63468e-07,4.55514e-05,72.3222,81.7357,27.3003,774.173
0.0842119,0.0375945,2.83076e-05,1.71781e-06,1.71781e-06,4.65596e-05,101.877,70.5096,30.3401,808.147
0.0843664,0.0935424,3.48705e-05,2.38274e-07,2.38274e-07,0.000100259,58.7532,24.1508,87.2792,933.034
0.0579808,0.0347863,1.97489e-05,9.37239e-09,9.37239e-09,4.53096e-05,80.4166,72.9014,26.7112,767.807
0.0884055,0.0921072,3.68573e-05,4.69089e-07,4.69089e-07,9.88858e-05,59.7382,23.8224,85.8024,931.528
0.0259404,0.0836866,2.22659e-05,-4.38866e-07,-4.38866e-07,8.74104e-05,22.2846,65.3778,80.0088,956.773
0.103004,0.0810013,4.08017e-05,1.1489e-06,1.1489e-06,8.72076e-05,68.1171,24.5316,75.5525,930.953
0.049047,0.0385537,2.0934e-05,-1.5543e-06,-1.5543e-06,4.63962e-05,68.394,102.024,32.4903,837.869
0.0720483,0.121573,2.99199e-05,1.82359e-06,1.82359e-06,0.000141648,50.0733,20.7209,103.653,855.768
0.0196844,0.0836396,1.60797e-05,-3.04017e-06,-3.04017e-06,8.80682e-05,19.0302,75.2252,79.2096,951.483
0.0794996,0.119884,3.52312e-05,2.41175e-06,2.41175e-06,0.000139386,52.5059,22.141,104.337,865.701
0.0351608,0.0813796,3.75082e-05,-1.00867e-06,-1.00867e-06,8.71652e-05,24.0437,67.5302,76.3332,935.95
0.0870293,0.0827729,2.90643e-05,6.53144e-07,6.53144e-07,8.74319e-05,67.1796,23.6807,78.3131,946.496
0.0899726,0.083538,3.16532e-05,5.31069e-07,5.31069e-07,8.90032e-05,68.023,25.0115,78.4839,939.094
0.0504559,0.115299,7.06964e-05,-5.21886e-06,-5.21886e-06,0.000137295,24.6341,55.5085,96.8439,841.044
0.0578547,0.113257,9.45077e-05,-6.99074e-06,-6.99074e-06,0.000137852,24.2487,54.8209,93.398,824.667
0.0940337,0.0826988,3.42139e-05,7.45729e-07,7.45729e-07,8.83651e-05,67.1114,23.8908,77.3304,935.567
0.0733132,0.120042,2.94268e-05,2.27053e-06,2.27053e-06,0.000138495,51.8862,20.9848,103.456,864.839
0.0857141,0.0936127,3.64359e-05,2.28583e-07,2.28583e-07,0.000100622,58.2497,24.0692,87.1786,930.809
0.0255195,0.0849124,2.38969e-05,-3.47407e-07,-3.47407e-07,8.96983e-05,20.3044,62.2597,80.3882,946.709
0.0491189,0.0370283,1.75201e-05,-1.06551e-07,-1.06551e-07,4.56637e-05,72.7325,82.5343,29.9729,810.18
0.0792407,0.120063,3.52104e-05,2.33907e-06,2.33907e-06,0.000139638,52.8536,22.6842,103.006,859.351
0.123865,0.0789974,4.01434e-05,6.3799e-06,6.3799e-06,8.71294e-05,80.0884,21.4967,74.1404,927.869
0.0280454,0.080449,2.73991e-05,-4.50658e-06,-4.50658e-06,8.62713e-05,22.3154,81.402,75.8746,941.865
0.0402755,0.0903088,4.59834e-05,-8.71632e-07,-8.71632e-07,9.80725e-05,24.8061,61.1412,82.8899,919.42
0.0507391,0.0374799,2.16233e-05,-1.4118e-06,-1.4118e-06,4.60397e-05,70.0452,101.529,30.4948,814.67
0.0342468,0.0927761,3.27561e-05,-3.36578e-07,-3.36578e-07,9.88707e-05,25.0846,61.0334,87.0393,938.278
0.046484,0.0371361,1.5818e-05,-1.29694e-07,-1.29694e-07,4.63623e-05,72.4085,82.8036,29.7878,801.57
0.0453403,0.0378376,1.77068e-05,-1.3133e-06,-1.3133e-06,4.58625e-05,68.7966,101.512,31.6678,831.843
0.0652285,0.034432,2.431e-05,1.72166e-07,1.72166e-07,4.56218e-05,81.5976,72.1422,25.9266,753.864
0.0270721,0.0831721,2.5604e-05,-5.61871e-07,-5.61871e-07,8.75214e-05,21.2424,64.0038,78.9126,949.613
0.079129,0.0942598,3.0742e-05,9.86336e-08,9.86336e-08,0.000100607,57.8427,23.3392,88.3193,936.946
0.071929,0.0324681,3.02696e-05,1.57012e-07,1.57012e-07,4.53212e-05,80.2665,71.9524,23.2904,716.873
0.0447013,0.115853,6.20438e-05,-4.51182e-06,-4.51182e-06,0.000137463,22.3793,53.2422,98.4734,847.395
0.0526957,0.0386851,2.4729e-05,-1.87246e-06,-1.87246e-06,4.80214e-05,67.2436,101.87,30.8183,802.286
0.024959,0.0817135,2.26822e-05,-3.8985e-06,-3.8985e-06,8.68121e-05,21.4377,79.8146,78.274,953.238
0.0683642,0.0333216,2.73723e-05,1.04997e-07,1.04997e-07,4.52668e-05,80.3432,72.2932,24.5507,736.451
0.0408558,0.0908018,4.45766e-05,-8.42263e-07,-8.42263e-07,9.81449e-05,26.095,62.2922,83.7804,924.001
0.0269152,0.083763,2.36096e-05,-4.61446e-07,-4.61446e-07,8.77425e-05,22.5891,65.8281,80.0017,954.92
0.0613965,0.0355048,2.17774e-05,6.71922e-08,6.71922e-08,4.51117e-05,81.2824,72.8467,27.9671,787.373
0.0590968,0.0376707,2.61868e-05,-3.40361e-07,-3.40361e-07,4.8724e-05,71.2924,83.0284,28.9949,771.452
0.0843364,0.036286,2.81462e-05,1.79682e-06,1.79682e-06,4.58842e-05,101.788,69.3273,28.736,792.365
0.118039,0.0811374,3.81611e-05,5.9203e-06,5.9203e-06,8.8901e-05,80.0614,22.7675,74.3792,919.449
0.0182987,0.0833091,1.43731e-05,-2.74055e-06,-2.74055e-06,8.77179e-05,18.4452,73.934,78.2839,947.523
0.0510075,0.0340015,1.87714e-05,-6.69033e-08,-6.69033e-08,4.50479e-05,72.6252,81.0435,25.6583,754.706
0.0406342,0.0396773,1.47946e-05,-1.31058e-06,-1.31058e-06,4.90525e-05,66.7414,100.778,32.1478,810.512
0.0221058,0.082108,1.74708e-05,-3.0417e-06,-3.0417e-06,8.65359e-05,21.7509,79.562,78.0638,952.708
0.0517149,0.0357141,1.92618e-05,-6.84394e-08,-6.84394e-08,4.51015e-05,72.8776,81.615,28.2397,791.291
0.0547516,0.0352824,2.15758e-05,-6.94955e-08,-6.94955e-08,4.51113e-05,72.8043,81.2466,27.6021,782.221
0.0444373,0.116273,5.97317e-05,-4.33287e-06,-4.33287e-06,0.000137578,22.8905,53.7804,96.4145,838.096
0.0763085,0.12028,3.24855e-05,2.27217e-06,2.27217e-06,0.000139803,50.7727,20.4602,101.361,851.97
0.0307662,0.0823657,2.7876e-05,-6.28018e-07,-6.28018e-07,8.6643e-05,24.6636,68.1153,78.5968,952.514
0.0769732,0.0334288,3.47595e-05,1.62865e-07,1.62865e-07,4.54095e-05,80.1375,71.9937,24.6991,737.515
0.0436146,0.0389756,1.63223e-05,-1.2539e-06,-1.2539e-06,4.58279e-05,69.0587,101.891,32.7186,845.842
0.0329008,0.0822911,3.2467e-05,-7.78554e-07,-7.78554e-07,8.73906e-05,24.2931,67.9149,77.6002,942.422
0.0706862,0.121938,2.90954e-05,1.69321e-06,1.69321e-06,0.000142077,50.2104,21.1596,104.538,858.078
0.0292136,0.0802901,3.0034e-05,-4.91722e-06,-4.91722e-06,8.65438e-05,22.1156,81.1448,76.195,942.703
0.0347511,0.0926295,3.51163e-05,-3.83689e-07,-3.83689e-07,9.9165e-05,24.2031,59.8817,86.1878,932.294
0.0840331,0.0926057,3.32581e-05,3.35595e-07,3.35595e-07,9.90796e-05,58.8339,22.9344,86.4844,934.295
0.0936252,0.0348706,3.48101e-05,2.11819e-06,2.11819e-06,4.62391e-05,101.468,69.1557,25.9078,749.578
0.0344407,0.0923147,3.54911e-05,-4.17063e-07,-4.17063e-07,9.89557e-05,23.6394,59.5439,86.0495,932.533
0.0458413,0.116391,6.24176e-05,-4.38589e-06,-4.38589e-06,0.000138182,23.2231,53.8623,97.3868,840.446
0.114309,0.0798996,3.41504e-05,5.51942e-06,5.51942e-06,8.66801e-05,82.1632,22.742,78.7006,957.801
0.0835517,0.0361994,2.75584e-05,1.7969e-06,1.7969e-06,4.58577e-05,101.752,68.983,29.3,800.356
0.0614212,0.0345618,2.22136e-05,2.00617e-08,2.00617e-08,4.53967e-05,80.2485,72.7825,26.3159,761.372
0.10789,0.0805978,3.05667e-05,5.01826e-06,5.01826e-06,8.71024e-05,79.638,21.3224,73.3913,922.298
0.0698898,0.094779,2.3345e-05,-1.05703e-08,-1.05703e-08,9.99412e-05,59.4493,23.9921,89.8802,948.331
0.050845,0.0368999,2.28741e-05,-1.68256e-06,-1.68256e-06,4.6992e-05,67.4361,101.245,28.6985,782.51
0.0445241,0.0389189,1.70393e-05,-1.29866e-06,-1.29866e-06,4.58861e-05,68.9829,101.934,33.1642,851.065
0.0589202,0.0364111,1.97091e-05,1.07804e-07,1.07804e-07,4.54257e-05,82.1713,72.728,29.1402,800.937
0.112343,0.0806243,3.34197e-05,5.41343e-06,5.41343e-06,8.77117e-05,78.8659,21.0813,75.3527,931.542
0.0248036,0.0816199,2.21153e-05,-3.79746e-06,-3.79746e-06,8.65991e-05,21.6868,80.2368,76.9797,946.395
0.0550186,0.0369791,2.19938e-05,-1.36098e-07,-1.36098e-07,4.56206e-05,72.6591,82.373,29.9322,810.015
0.0692376,0.034656,2.78344e-05,1.16273e-07,1.16273e-07,4.52439e-05,80.8671,72.4644,26.509,765.453
0.0173964,0.08469,1.22336e-05,-2.47595e-06,-2.47595e-06,8.83488e-05,19.4752,75.7677,83.428,974.52
0.0935871,0.0825959,3.3774e-05,7.55838e-07,7.55838e-07,8.80612e-05,67.9306,24.4648,77.2427,936.651
0.0610508,0.0344656,2.19341e-05,2.22682e-08,2.22682e-08,4.53622e-05,80.2744,72.7724,26.1822,759.724
0.0413111,0.116835,5.21001e-05,-3.86967e-06,-3.86967e-06,0.000137181,22.7292,53.7885,99.5337,852.695
0.069396,0.0340234,2.79921e-05,1.28858e-07,1.28858e-07,4.52619e-05,80.7541,72.3205,25.5681,751.598
0.0365152,0.0913145,3.77083e-05,-5.30866e-07,-5.30866e-07,9.81243e-05,24.8677,61.3096,84.7816,929.563
0.0655418,0.0337906,2.53174e-05,5.27812e-08,5.27812e-08,4.53826e-05,80.101,72.524,25.19,745.024
0.0275592,0.083292,2.44815e-05,-5.08707e-07,-5.08707e-07,8.73019e-05,22.804,66.0402,79.629,955.103
0.0596855,0.0345474,2.57438e-05,-1.0514e-07,-1.0514e-07,4.52069e-05,72.5141,80.9379,26.3932,764.091
0.0906546,0.0349078,3.23622e-05,2.0927e-06,2.0927e-06,4.60948e-05,101.506,68.256,27.0579,767.29
0.0749051,0.0939242,2.65817e-05,1.10738e-07,1.10738e-07,9.93912e-05,60.1206,24.3422,88.7664,945.043
0.0469127,0.0391567,1.9156e-05,-1.46974e-06,-1.46974e-06,4.6546e-05,68.3861,102.039,32.0591,830.924
0.024181,0.0817543,2.22587e-05,-3.84636e-06,-3.84636e-06,8.69853e-05,20.5934,78.3461,77.9112,950.041
0.021281,0.0829969,1.84203e-05,-3.3586e-06,-3.3586e-06,8.77708e-05,19.3855,75.9872,76.1328,934.612
0.0291865,0.0837595,2.54734e-05,-4.69498e-07,-4.69498e-07,8.79801e-05,24.3531,67.9393,79.8693,952.838
0.0413333,0.0907929,4.74099e-05,-8.93046e-07,-8.93046e-07,9.86202e-05,25.2055,60.9903,83.6018,920.793
0.0430882,0.116356,5.50345e-05,-4.12922e-06,-4.12922e-06,0.000136777,23.317,54.4251,99.5913,854.273
0.104728,0.034194,4.30937e-05,2.62941e-06,2.62941e-06,4.61254e-05,101.853,68.6201,25.5748,745.92
0.021607,0.082346,1.83452e-05,-3.27988e-06,-3.27988e-06,8.70809e-05,20.0006,77.0931,77.5072,946.622
0.0260311,0.0810401,2.58845e-05,-4.34895e-06,-4.34895e-06,8.69479e-05,20.5333,78.321,74.9424,932.324
0.0228134,0.082169,1.99399e-05,-3.51927e-06,-3.51927e-06,8.70214e-05,20.4705,78.0597,80.3415,964.301
0.0577374,0.035545,2.43392e-05,-1.71542e-07,-1.71542e-07,4.57035e-05,72.2938,81.9332,27.6595,777.952
0.0945436,0.0819363,3.42304e-05,8.5781e-07,8.5781e-07,8.70576e-05,70.2124,26.1896,76.7556,939.086
0.0472436,0.0379483,1.89697e-05,-1.33735e-06,-1.33735e-06,4.56356e-05,69.506,101.771,32.4503,844.124
0.0847752,0.0936913,3.55651e-05,2.18145e-07,2.18145e-07,0.000100504,58.8771,24.6188,87.3406,932.22
0.0291049,0.0831799,2.59976e-05,-5.45737e-07,-5.45737e-07,8.73514e-05,23.8122,67.3578,79.1882,952.19
0.0272223,0.0834802,2.28365e-05,-4.48232e-07,-4.48232e-07,8.7137e-05,23.721,67.1757,80.1138,958.902
0.112494,0.0800947,3.31413e-05,5.37673e-06,5.37673e-06,8.68923e-05,80.8206,21.9676,76.5562,943.388
0.0237059,0.081733,2.02711e-05,-3.49884e-06,-3.49884e-06,8.65054e-05,21.6085,79.9009,73.1945,923.079
0.130479,0.0794893,4.5719e-05,7.09415e-06,7.09415e-06,8.83791e-05,80.6431,22.5681,72.2721,909.981
0.121984,0.0804847,4.02731e-05,6.27587e-06,6.27587e-06,8.84847e-05,80.6364,22.7902,71.2915,902.606
0.0338012,0.092104,3.38597e-05,-3.80444e-07,-3.80444e-07,9.85414e-05,23.8722,60.1538,86.044,934.459
0.0189257,0.0837061,1.61826e-05,-3.09534e-06,-3.09534e-06,8.84713e-05,17.6185,72.6483,79.2334,949.535
0.0514516,0.0365224,1.8862e-05,1.16356e-09,1.16356e-09,4.52032e-05,73.2477,81.0483,29.509,807.965
0.0669245,0.0345241,2.57678e-05,1.46768e-07,1.46768e-07,4.53475e-05,81.3019,72.3264,26.3205,761.858
0.097103,0.0351331,3.67607e-05,2.41461e-06,2.41461e-06,4.6396e-05,101.87,67.7728,27.0578,764.979
0.061191,0.0350732,2.20399e-05,9.74269e-09,9.74269e-09,4.54482e-05,80.3053,72.8841,27.0669,771.722
0.0867746,0.0368236,3.01061e-05,1.8069e-06,1.8069e-06,4.66614e-05,101.628,70.2433,29.6214,797.681
0.0802497,0.0368902,2.53875e-05,1.69075e-06,1.69075e-06,4.57768e-05,101.915,69.116,30.8376,821.774
0.0221212,0.082648,2.03592e-05,-3.64003e-06,-3.64003e-06,8.78689e-05,18.9934,75.3133,77.3273,941.592
0.05051,0.0376056,2.19734e-05,-1.54511e-06,-1.54511e-06,4.58527e-05,68.8762,101.901,30.8126,820.724
0.028928,0.0837055,2.57569e-05,-4.87265e-07,-4.87265e-07,8.80173e-05,23.7455,67.1991,79.3393,949.474
0.0298069,0.0797388,3.14291e-05,-5.06936e-06,-5.06936e-06,8.63541e-05,22.0106,80.9359,74.3923,932.585
0.0400574,0.0906813,4.63707e-05,-8.57559e-07,-8.57559e-07,9.85128e-05,24.364,60.3501,83.0632,918.318
0.102837,0.0345433,4.14043e-05,2.57634e-06,2.57634e-06,4.60583e-05,101.98,68.4434,24.9887,737.862
0.0497399,0.0371843,2.08719e-05,-1.3837e-06,-1.3837e-06,4.5946e-05,69.7969,101.386,30.3411,813.44
0.0279814,0.0831084,2.67712e-05,-5.91326e-07,-5.91326e-07,8.76228e-05,21.6515,64.5765,78.8125,948.465
0.0894657,0.0834939,3.11741e-05,5.86097e-07,5.86097e-07,8.90718e-05,64.7442,22.1683,78.4609,938.606
0.083012,0.0844274,2.69706e-05,4.04235e-07,4.04235e-07,8.96044e-05,63.6938,21.483,79.5484,942.249
0.0285517,0.0800293,2.72005e-05,-4.34994e-06,-4.34994e-06,8.58852e-05,23.1653,82.2653,75.8567,943.635
0.0974788,0.0819387,3.65995e-05,9.24764e-07,9.24764e-07,8.78531e-05,66.1828,22.9855,76.2645,931.838
0.0734709,0.120632,3.01198e-05,2.13538e-06,2.13538e-06,0.000139941,50.4914,20.197,104.707,865.468
0.0760185,0.120183,3.20803e-05,2.2764e-06,2.2764e-06,0.000139343,51.8922,21.4022,103.71,863.215
0.112932,0.0802762,3.3531e-05,5.43507e-06,5.43507e-06,8.7213e-05,80.1587,21.6714,74.606,929.611
0.053178,0.113744,8.32059e-05,-6.083e-06,-6.083e-06,0.000137312,23.4101,54.0286,95.5208,835.408
0.0445457,0.116267,5.79811e-05,-4.30343e-06,-4.30343e-06,0.000137053,23.6001,54.6491,98.9481,850.681
0.0433878,0.0385897,1.60219e-05,-1.19929e-06,-1.19929e-06,4.5601e-05,69.4314,101.742,33.2604,854.878
0.0265317,0.0839521,2.16403e-05,-3.95079e-07,-3.95079e-07,8.74798e-05,23.7785,67.334,80.3584,958.472
0.0824827,0.0361437,2.70204e-05,1.72413e-06,1.72413e-06,4.59494e-05,101.569,69.3515,27.9404,780.723
0.130827,0.079759,4.64604e-05,7.14129e-06,7.14129e-06,8.86722e-05,81.2494,23.2728,71.9833,906.624
0.0810632,0.120496,3.80175e-05,2.19603e-06,2.19603e-06,0.000141301,51.2794,22.0522,102.624,852.603
0.0876064,0.0839409,3.00886e-05,4.9835e-07,4.9835e-07,8.95765e-05,63.7872,21.604,78.6025,936.787
0.0834703,0.0840991,2.70736e-05,4.49933e-07,4.49933e-07,8.90229e-05,65.2224,22.4812,79.4953,945.014
0.0890925,0.092563,3.81484e-05,4.88328e-07,4.88328e-07,9.91406e-05,62.0964,26.8412,86.3891,933.507
0.0950126,0.0823252,3.47985e-05,8.33174e-07,8.33174e-07,8.80532e-05,65.9259,22.8026,76.9632,935.014
0.0703535,0.120826,2.74471e-05,2.02752e-06,2.02752e-06,0.000139584,50.9814,20.4875,105.394,869.406
0.0691289,0.0338186,2.78074e-05,1.26987e-07,1.26987e-07,4.52588e-05,80.6872,72.2975,25.3098,747.817
0.0905324,0.0370243,3.26752e-05,1.9352e-06,1.9352e-06,4.6704e-05,101.894,70.391,28.6433,784.094
0.0181572,0.0836563,1.3973e-05,-2.71954e-06,-2.71954e-06,8.78228e-05,18.6688,74.5492,80.509,960.354
0.037618,0.081106,3.73293e-05,-1.02839e-06,-1.02839e-06,8.64565e-05,27.1654,71.2178,76.184,938.867
0.0274408,0.0834128,2.45378e-05,-5.06382e-07,-5.06382e-07,8.74803e-05,22.5895,65.8047,79.3109,952.22
0.0849698,0.0835098,2.78032e-05,5.32682e-07,5.32682e-07,8.81397e-05,67.7309,24.2526,78.7951,945.56
0.0282184,0.0798624,3.02476e-05,-4.88408e-06,-4.88408e-06,8.66759e-05,20.6324,78.4004,72.8905,921.236
0.0472409,0.037546,1.9394e-05,-1.43187e-06,-1.43187e-06,4.61614e-05,68.3528,101.467,30.7896,817.637
0.0831831,0.11984,3.92483e-05,2.47161e-06,2.47161e-06,0.000140314,51.689,21.8558,103.58,859.662
0.03882,0.0906242,4.36438e-05,-7.63626e-07,-7.63626e-07,9.81825e-05,24.3527,60.6692,83.7215,923.487
0.0490893,0.0361901,1.79197e-05,-2.10274e-07,-2.10274e-07,4.76665e-05,71.6226,82.7559,27.4099,758.33
0.0379524,0.090721,4.36003e-05,-7.42356e-07,-7.42356e-07,9.84052e-05,23.4323,59.6121,83.3527,920.405
0.0531811,0.115599,8.0388e-05,-5.18061e-06,-5.18061e-06,0.000139792,23.9944,53.6053,96.5968,832.26
0.0439459,0.116114,5.69188e-05,-4.27059e-06,-4.27059e-06,0.000136696,23.4307,54.5216,97.4381,845.272
0.0900525,0.0356283,3.21902e-05,1.97582e-06,1.97582e-06,4.61487e-05,101.644,69.4259,27.8629,778.045
0.0255369,0.0815786,2.28782e-05,-3.91124e-06,-3.91124e-06,8.65558e-05,22.1696,81.0819,79.4408,961.74
0.0901308,0.082885,3.13286e-05,7.22139e-07,7.22139e-07,8.83544e-05,63.1282,20.6362,78.0112,939.735
0.0689289,0.0358411,2.75039e-05,9.54431e-08,9.54431e-08,4.52065e-05,81.1279,72.7241,28.401,792.626
0.0602516,0.0355772,2.11377e-05,3.07794e-08,3.07794e-08,4.5174e-05,80.916,72.9772,28.0056,787.369
0.0623912,0.0330134,2.30552e-05,3.58011e-08,3.58011e-08,4.54098e-05,79.8214,72.4705,24.0292,727.437
0.0968909,0.0824691,3.64273e-05,8.22157e-07,8.22157e-07,8.85689e-05,66.1098,23.1551,77.0384,932.736
0.065075,0.0959829,2.06798e-05,-1.2861e-07,-1.2861e-07,0.000101397,55.0333,20.5931,90.8338,946.484
0.0409132,0.0905026,4.6342e-05,-8.96352e-07,-8.96352e-07,9.81872e-05,25.3009,61.5032,83.6916,923.319
0.0325884,0.0816871,3.32439e-05,-8.43196e-07,-8.43196e-07,8.68842e-05,23.3818,66.5686,76.9756,941.368
0.0550097,0.0350668,2.22341e-05,-1.89404e-07,-1.89404e-07,4.61283e-05,72.0197,82.066,26.606,759.476
0.0896823,0.0926968,3.90733e-05,4.37992e-07,4.37992e-07,9.96746e-05,60.2599,25.3569,86.2897,930.46
0.12286,0.0791398,3.93735e-05,6.27984e-06,6.27984e-06,8.66866e-05,83.0137,23.2199,74.4023,931.839
0.0272694,0.0835332,2.33588e-05,-4.63206e-07,-4.63206e-07,8.73334e-05,23.3297,66.7376,80.1898,958.279
0.0418856,0.0904445,4.65874e-05,-9.37858e-07,-9.37858e-07,9.80097e-05,26.2296,62.4936,83.4435,922.792
0.0473996,0.116183,6.66027e-05,-4.58273e-06,-4.58273e-06,0.00013858,23.2385,53.6719,97.5188,839.824
0.0498212,0.0348805,1.43554e-05,2.781e-08,2.781e-08,4.49308e-05,81.2626,72.9436,27.0814,776.361
0.0688696,0.0349381,2.7709e-05,7.97456e-08,7.97456e-08,4.52932e-05,80.5978,72.6097,26.938,771.2
0.0190073,0.0838028,1.47733e-05,-2.84413e-06,-2.84413e-06,8.79339e-05,19.2859,75.6883,80.0888,957.335
0.0741107,0.035631,3.12632e-05,2.40819e-07,2.40819e-07,4.58444e-05,81.7509,72.0202,27.6784,777.028
0.0255097,0.0814817,2.55346e-05,-4.33233e-06,-4.33233e-06,8.74029e-05,20.0351,77.3326,77.0163,942.676
0.03856,0.11771,4.81278e-05,-3.44958e-06,-3.44958e-06,0.000138219,21.5853,52.3702,101.873,859.278
0.0339664,0.118672,3.92346e-05,-2.90632e-06,-2.90632e-06,0.000138289,20.6945,51.5375,101.436,857.117
0.07232,0.0337477,3.06067e-05,1.27145e-07,1.27145e-07,4.53267e-05,80.3636,72.2346,25.0567,743.51
0.0899723,0.0358551,3.20629e-05,1.97856e-06,1.97856e-06,4.60598e-05,101.795,69.4468,27.7326,776.981
0.0780019,0.0949443,3.06131e-05,-6.51844e-09,-6.51844e-09,0.000101851,53.9732,20.4944,88.5023,932.169
0.125203,0.0798559,4.18447e-05,6.56718e-06,6.56718e-06,8.78489e-05,82.3273,23.4703,72.2017,911.944
0.0913047,0.0829189,3.22091e-05,7.03937e-07,7.03937e-07,8.84214e-05,65.167,22.2654,77.403,935.703
0.0925072,0.0920906,4.1074e-05,5.92683e-07,5.92683e-07,9.90919e-05,61.535,26.2113,85.4509,928.662
0.0204151,0.08314,1.66504e-05,-3.09165e-06,-3.09165e-06,8.75297e-05,19.7034,76.5699,79.9984,959.161
0.0901206,0.0826753,3.12139e-05,7.13958e-07,7.13958e-07,8.77685e-05,66.5875,23.2453,78.0001,942.798
0.0315966,0.0821135,3.31769e-05,-8.2805e-07,-8.2805e-07,8.75178e-05,22.1977,65.2317,77.0032,938.118
0.0555683,0.0364928,2.26868e-05,-1.98003e-07,-1.98003e-07,4.63878e-05,72.1408,82.4878,28.5644,784.727
0.0440348,0.0347984,1.41595e-05,-1.02141e-07,-1.02141e-07,4.56865e-05,72.3217,82.0562,26.525,761.968
0.0810976,0.0935744,3.16438e-05,1.99168e-07,1.99168e-07,0.000100207,56.1295,21.1368,87.4124,933.988
0.0753872,0.119982,3.12696e-05,2.3259e-06,2.3259e-06,0.000138786,51.9884,21.2296,104.384,867.793
0.0949084,0.0358131,3.56084e-05,2.15574e-06,2.15574e-06,4.61356e-05,101.988,69.5719,27.4868,772.964
0.0321412,0.0926213,3.44463e-05,-3.49104e-07,-3.49104e-07,9.94709e-05,21.5071,57.0611,86.4319,932.174
0.0573347,0.035365,2.4237e-05,-2.23913e-07,-2.23913e-07,4.64264e-05,71.8783,82.168,26.9434,761.822
0.103898,0.081768,2.88895e-05,4.76149e-06,4.76149e-06,8.82181e-05,77.7983,20.7205,77.1017,939.061
0.0386295,0.0912733,4.14467e-05,-6.86302e-07,-6.86302e-07,9.83826e-05,25.2241,61.3636,84.4782,926.698
0.0940697,0.0826253,3.41982e-05,7.65507e-07,7.65507e-07,8.83005e-05,66.5687,23.4036,77.5694,937.359
0.0295881,0.0806058,2.92111e-05,-4.81078e-06,-4.81078e-06,8.64304e-05,23.198,82.8925,74.4233,932.225
0.0891751,0.118821,4.45268e-05,2.94539e-06,2.94539e-06,0.000139449,52.3056,22.0779,102.567,858.221
0.0316144,0.0818551,3.19e-05,-7.90503e-07,-7.90503e-07,8.68992e-05,22.9842,66.0416,77.3024,943.273
0.0228468,0.0832321,2.01159e-05,-3.56678e-06,-3.56678e-06,8.81853e-05,20.3308,77.1994,80.4784,958.748
0.0334533,0.0927389,3.60758e-05,-3.617e-07,-3.617e-07,9.97456e-05,22.111,57.3497,86.2181,929.737
0.0270532,0.0836361,2.51947e-05,-5.16761e-07,-5.16761e-07,8.80037e-05,21.5237,64.4242,79.4981,950.504
0.0263523,0.083596,2.30354e-05,-4.63057e-07,-4.63057e-07,8.74515e-05,22.2372,65.331,79.9146,955.988
0.0379403,0.0915557,4.25284e-05,-6.50614e-07,-6.50614e-07,9.90312e-05,23.8695,59.4949,84.5974,924.303
0.071484,0.0339901,2.95883e-05,1.65281e-07,1.65281e-07,4.5348e-05,80.8946,72.16,25.3974,748.377
0.106006,0.0811756,2.97472e-05,4.90035e-06,4.90035e-06,8.76043e-05,78.9594,21.1297,76.1793,936.841
0.0510782,0.035639,1.90775e-05,-1.4525e-07,-1.4525e-07,4.59153e-05,72.3021,82.2261,27.6306,775.75
0.0226891,0.0821074,2.08458e-05,-3.67348e-06,-3.67348e-06,8.7341e-05,19.4718,76.3126,77.481,945.375
0.0914064,0.0359379,3.31841e-05,2.00761e-06,2.00761e-06,4.62719e-05,101.762,69.7069,28.5096,785.974
0.0221771,0.0824713,1.99215e-05,-3.55807e-06,-3.55807e-06,8.75108e-05,19.4642,76.2482,78.8785,952.864
0.0236162,0.0840324,2.20296e-05,-4.66327e-07,-4.66327e-07,8.81e-05,19.0584,61.0793,79.9227,952.514
0.0893294,0.036448,3.1962e-05,1.89122e-06,1.89122e-06,4.68709e-05,101.48,70.1814,28.255,777.347
0.0276705,0.0939411,2.56618e-05,-8.41192e-08,-8.41192e-08,9.97014e-05,21.4235,57.1009,88.486,942.079
0.0765896,0.12047,3.30165e-05,2.19307e-06,2.19307e-06,0.000140141,51.4708,21.4008,104.208,862.767
0.0426613,0.11655,5.87556e-05,-4.15477e-06,-4.15477e-06,0.000138244,21.6229,52.3035,97.5482,840.909
0.0561117,0.0345101,2.33783e-05,-2.49177e-07,-2.49177e-07,4.69123e-05,71.5184,82.1173,25.2878,734.218
0.0345889,0.0822045,3.44964e-05,-8.30003e-07,-8.30003e-07,8.7579e-05,25.1413,68.8885,77.6514,941.725
0.0463772,0.0368454,1.85305e-05,-1.3332e-06,-1.3332e-06,4.58388e-05,68.7114,101.141,28.7062,792.184
0.104212,0.0355902,4.30419e-05,2.49281e-06,2.49281e-06,4.66807e-05,101.996,69.8863,27.0699,762.689
0.0880233,0.0925557,3.70406e-05,4.50763e-07,4.50763e-07,9.91191e-05,61.2842,25.8091,86.2125,932.65
0.0400023,0.0915913,4.33125e-05,-7.00832e-07,-7.00832e-07,9.88907e-05,25.7243,61.2676,84.7576,925.841
0.0619887,0.0337802,2.22304e-05,1.05198e-07,1.05198e-07,4.51728e-05,81.0396,72.4124,25.2881,748.207
0.0832475,0.0357989,2.73856e-05,1.79777e-06,1.79777e-06,4.59263e-05,101.534,68.7068,27.591,776.089
0.0412589,0.117138,5.06899e-05,-3.75262e-06,-3.75262e-06,0.000137291,23.2208,54.2791,100.758,857.549
0.0259596,0.0838814,2.38765e-05,-4.79226e-07,-4.79226e-07,8.81048e-05,20.9842,63.7164,79.9571,952.692
0.0432513,0.116807,5.80738e-05,-4.06181e-06,-4.06181e-06,0.000138359,22.3575,52.992,96.6853,836.803
0.123104,0.0791901,3.96054e-05,6.31069e-06,6.31069e-06,8.6869e-05,82.333,22.847,70.4863,906.041
0.091496,0.0355648,3.3224e-05,2.02633e-06,2.02633e-06,4.61884e-05,101.67,69.4497,26.8784,763.867
0.101777,0.0819737,4.03112e-05,9.81691e-07,9.81691e-07,8.87606e-05,64.6796,22.0926,75.1507,920.269
0.0417988,0.0379997,1.49436e-05,-1.13991e-06,-1.13991e-06,4.56878e-05,69.0958,101.284,31.3419,829.041
0.101217,0.0812826,3.92395e-05,1.07558e-06,1.07558e-06,8.70329e-05,70.9876,26.8821,75.7993,933.392
0.0382601,0.0391741,1.2475e-05,-1.01965e-06,-1.01965e-06,4.56229e-05,69.3216,101.515,33.1455,853.136
0.0425098,0.0378409,1.54483e-05,-1.16213e-06,-1.16213e-06,4.5684e-05,69.1195,101.274,31.0575,825.31
0.0602532,0.0367592,2.10514e-05,1.75103e-08,1.75103e-08,4.51618e-05,81.2262,73.2094,29.9234,813.991
0.0626007,0.034135,2.25248e-05,1.30008e-07,1.30008e-07,4.53227e-05,81.3533,72.3312,25.7799,754.199
0.0308372,0.0926109,2.92636e-05,-1.94653e-07,-1.94653e-07,9.86906e-05,23.1118,59.3876,86.8087,937.878
0.0670182,0.121742,2.54126e-05,1.7087e-06,1.7087e-06,0.000140637,51.6959,21.7855,105.163,865.088
0.0779711,0.120127,3.39796e-05,2.34827e-06,2.34827e-06,0.000139914,50.4904,20.2435,102.782,857.592
0.0848678,0.0362422,2.87137e-05,1.7723e-06,1.7723e-06,4.62382e-05,101.547,69.7505,28.7184,789.031
0.0691496,0.0353252,2.74513e-05,1.52853e-07,1.52853e-07,4.53584e-05,81.4507,72.4169,27.5131,778.835
0.026093,0.084078,2.2205e-05,-4.09609e-07,-4.09609e-07,8.78667e-05,22.575,65.8108,80.5296,957.38
0.0832528,0.0350312,2.77062e-05,1.74323e-06,1.74323e-06,4.61695e-05,100.993,69.0538,25.5839,745.285
0.044309,0.0382063,1.70671e-05,-1.31764e-06,-1.31764e-06,4.62757e-05,68.3322,101.445,31.9708,832.104
0.0746117,0.120695,3.12993e-05,2.12964e-06,2.12964e-06,0.000140356,50.3207,20.2486,104.228,862.187
0.0857777,0.0836477,2.84674e-05,5.34131e-07,5.34131e-07,8.86263e-05,65.7704,22.7901,79.2172,945.481
0.0306404,0.0931706,2.9325e-05,-2.07431e-07,-2.07431e-07,9.91825e-05,22.7866,58.7347,87.5069,939.305
0.0460955,0.0380726,1.80018e-05,-1.27618e-06,-1.27618e-06,4.56256e-05,69.6491,101.701,31.274,828.74
0.0806961,0.0930545,3.06984e-05,2.39224e-07,2.39224e-07,9.95744e-05,56.1441,20.5688,86.9765,934.611
0.0749968,0.095107,2.80402e-05,-3.20662e-08,-3.20662e-08,0.000101288,56.9254,22.9526,89.2871,938.893
0.105979,0.0351461,4.41168e-05,2.63047e-06,2.63047e-06,4.61259e-05,102.261,69.3221,27.1981,769.195
0.0889642,0.0920537,3.73166e-05,5.04609e-07,5.04609e-07,9.87077e-05,60.9673,24.9988,85.6672,931.637
0.0501602,0.0365344,1.83182e-05,-1.22494e-07,-1.22494e-07,4.57591e-05,72.5713,82.4185,29.2192,799.097
0.0492396,0.0383285,2.14469e-05,-1.63789e-06,-1.63789e-06,4.73823e-05,67.5155,101.594,30.9323,809.044
0.0411894,0.117699,4.99175e-05,-3.5295e-06,-3.5295e-06,0.000138109,23.4237,54.156,100.614,854.303
0.0365808,0.118145,4.36389e-05,-3.18501e-06,-3.18501e-06,0.000138104,21.4562,52.3259,100.856,855.289
0.0416313,0.118153,5.31768e-05,-3.33832e-06,-3.33832e-06,0.000139925,22.4944,52.3355,99.8037,845.184
0.111621,0.0810657,3.32757e-05,5.34647e-06,5.34647e-06,8.7694e-05,81.9036,23.2125,74.3948,925.601
0.0463212,0.0368343,1.5425e-05,-4.73579e-08,-4.73579e-08,4.50887e-05,73.1197,82.1363,30.058,816.483
0.089154,0.0835635,3.09854e-05,5.71314e-07,5.71314e-07,8.91401e-05,64.6701,22.1363,78.4402,938.12
0.0878302,0.0922541,3.64385e-05,4.67174e-07,4.67174e-07,9.8787e-05,61.0425,25.1375,86.2271,934.297
0.0918202,0.0923628,4.08511e-05,5.08726e-07,5.08726e-07,9.95937e-05,59.9065,24.9099,85.6478,927.376
0.0485248,0.0371137,2.01839e-05,-1.4125e-06,-1.4125e-06,4.57625e-05,69.0273,101.481,30.81,821.411
0.0461392,0.0367983,1.52002e-05,-1.00575e-08,-1.00575e-08,4.49642e-05,73.3245,81.672,30.113,818.359
0.0699493,0.0351976,2.83384e-05,1.18522e-07,1.18522e-07,4.52415e-05,81.0274,72.534,27.3256,777.174
0.0624433,0.0350664,2.28767e-05,2.58198e-08,2.58198e-08,4.53469e-05,80.4638,72.8489,27.1235,773.391
0.0869601,0.0358679,3.01967e-05,1.8396e-06,1.8396e-06,4.63863e-05,101.412,69.6964,27.4036,769.545
0.076047,0.0941314,2.77431e-05,9.62806e-08,9.62806e-08,0.000100098,57.4878,22.2722,88.4983,940.277
0.0861931,0.0837274,2.88351e-05,4.90032e-07,4.90032e-07,8.86592e-05,68.1275,24.8497,78.8857,943.317
0.116873,0.0799172,3.58419e-05,5.76276e-06,5.76276e-06,8.7012e-05,81.8081,22.6346,73.3413,923.017
0.0640003,0.0352239,2.37025e-05,8.20492e-08,8.20492e-08,4.51543e-05,81.1489,72.7275,27.51,780.543
0.0582082,0.0377126,2.47865e-05,-1.93644e-07,-1.93644e-07,4.61676e-05,72.4142,82.7032,30.7008,815.48
0.0792333,0.0945029,3.12351e-05,9.52487e-08,9.52487e-08,0.000100545,60.827,26.8314,88.8129,939.848
0.0431727,0.0383446,1.59528e-05,-1.20746e-06,-1.20746e-06,4.57099e-05,69.1221,101.582,31.6889,833.457
0.0931167,0.091827,4.13534e-05,5.99998e-07,5.99998e-07,9.90947e-05,59.9487,24.4034,85.0485,926.461
0.0289353,0.0929584,2.9695e-05,-2.17104e-07,-2.17104e-07,9.93933e-05,20.4116,56.1496,86.8747,934.914
0.0515006,0.115313,7.66206e-05,-5.30697e-06,-5.30697e-06,0.000138634,23.7488,54.0838,96.4717,835.299
0.028108,0.08265,2.69165e-05,-6.09675e-07,-6.09675e-07,8.71017e-05,21.7034,64.421,78.6179,950.127
0.059219,0.0337264,2.03752e-05,7.35315e-08,7.35315e-08,4.50796e-05,80.8661,72.5505,25.16,747.08
0.0445376,0.115761,6.17992e-05,-4.51171e-06,-4.51171e-06,0.000137307,22.3152,53.1861,98.0442,846.031
0.123024,0.079724,3.99806e-05,6.3422e-06,6.3422e-06,8.73417e-05,82.8235,23.4756,71.1623,907.883
0.0601445,0.0347704,2.10866e-05,4.39354e-08,4.39354e-08,4.51461e-05,80.7916,72.8116,26.7755,770.121
0.08314,0.0316825,4.0615e-05,2.68145e-07,2.68145e-07,4.55677e-05,79.7901,71.3081,21.9906,694.701
0.0774516,0.119948,3.32015e-05,2.35363e-06,2.35363e-06,0.000138931,53.2228,22.6426,103.071,861.846
0.0386237,0.0373843,1.27361e-05,-9.96528e-07,-9.96528e-07,4.56794e-05,69.0608,100.654,31.0906,825.705
0.0843043,0.120111,4.11873e-05,2.34159e-06,2.34159e-06,0.000141043,52.4082,23.2961,103.055,855.192
0.0617446,0.0323045,2.82779e-05,-2.71502e-07,-2.71502e-07,4.62083e-05,71.3223,81.2362,22.6796,700.6
0.0363564,0.0911746,4.36551e-05,-6.87105e-07,-6.87105e-07,9.91206e-05,21.6897,57.3031,84.264,922.068
0.0264727,0.0836396,2.64774e-05,-5.6702e-07,-5.6702e-07,8.8451e-05,19.8208,62.0841,78.9538,944.855
0.048004,0.115672,6.45671e-05,-4.81942e-06,-4.81942e-06,0.000136946,24.463,55.4836,98.1653,847.764
0.0906516,0.119038,4.68331e-05,2.85937e-06,2.85937e-06,0.000140036,53.406,23.8044,101.688,852.678
0.0978687,0.0816072,3.68393e-05,9.69155e-07,9.69155e-07,8.73984e-05,66.8574,23.489,76.0517,932.967
0.0881401,0.0360296,3.03873e-05,2.04537e-06,2.04537e-06,4.62845e-05,101.818,68.0495,28.0198,779.222
0.108762,0.0815735,3.18882e-05,5.12511e-06,5.12511e-06,8.82303e-05,80.1917,22.3923,77.8007,943.452
0.0887753,0.0353669,3.15811e-05,1.89582e-06,1.89582e-06,4.66315e-05,101.149,69.6234,26.8763,760.109
0.0400806,0.0382635,1.39086e-05,-1.12476e-06,-1.12476e-06,4.60825e-05,68.4664,101.121,32.1759,836.424
0.0228595,0.08208,1.89502e-05,-3.32872e-06,-3.32872e-06,8.66073e-05,21.5047,79.721,78.8873,957.629
0.0979838,0.0362432,3.86999e-05,2.1805e-06,2.1805e-06,4.79612e-05,101.191,70.3962,27.6722,760.561
0.0316343,0.0824583,3.09931e-05,-7.29338e-07,-7.29338e-07,8.7399e-05,23.6203,67.0858,77.963,944.569
0.0960301,0.0828165,3.60272e-05,7.34031e-07,7.34031e-07,8.89888e-05,66.2152,23.4552,76.8813,929.564
0.0384125,0.117538,4.53038e-05,-3.4245e-06,-3.4245e-06,0.000137099,22.6282,53.7818,100.969,858.989
0.118893,0.0797186,3.7043e-05,5.93781e-06,5.93781e-06,8.69131e-05,82.5306,23.0508,75.5413,937.434
0.0869408,0.118993,4.20511e-05,2.84739e-06,2.84739e-06,0.000138804,54.4638,24.1108,101.766,856.845
0.0848095,0.11874,3.93787e-05,2.88849e-06,2.88849e-06,0.000138018,53.5563,22.6328,102.857,863.94
0.0826176,0.0934803,3.29946e-05,2.4834e-07,2.4834e-07,9.97445e-05,60.1472,25.0661,87.6,937.155
0.0223566,0.0821559,2.07746e-05,-3.6749e-06,-3.6749e-06,8.74829e-05,19.0165,75.4853,79.077,954.296
0.105511,0.0818656,2.99988e-05,4.85676e-06,4.85676e-06,8.80197e-05,81.5079,23.2223,74.9455,926.897
0.0314449,0.0820693,3.22334e-05,-7.99348e-07,-7.99348e-07,8.72507e-05,22.5736,65.6797,77.3643,941.749
0.0877289,0.0356633,3.03736e-05,1.94331e-06,1.94331e-06,4.5927e-05,101.715,68.8813,28.6894,791.435
0.0501545,0.0354598,1.82083e-05,-9.00528e-08,-9.00528e-08,4.52593e-05,72.6913,81.833,27.8046,783.802
0.0261199,0.081896,2.46951e-05,-4.19309e-06,-4.19309e-06,8.7325e-05,21.5376,79.7152,80.3986,963.458
0.0990384,0.0813316,2.57819e-05,4.35002e-06,4.35002e-06,8.70999e-05,78.8417,20.8713,74.6771,929.87
0.0558829,0.034627,2.30066e-05,-2.06863e-07,-2.06863e-07,4.62414e-05,71.863,81.9735,26.0174,750.11
0.115083,0.0803093,3.49886e-05,5.63402e-06,5.63402e-06,8.7532e-05,79.8282,21.6016,73.4728,920.963
0.0491707,0.114903,7.17277e-05,-5.24867e-06,-5.24867e-06,0.000137298,23.2681,54.0911,97.9024,845.615
0.0357995,0.118595,4.02629e-05,-2.95591e-06,-2.95591e-06,0.000138044,22.1612,53.082,102.104,860.704
0.0247848,0.0816948,2.2373e-05,-3.84889e-06,-3.84889e-06,8.67523e-05,21.4324,79.809,78.9046,957.358
0.0218681,0.0826605,1.76985e-05,-3.19758e-06,-3.19758e-06,8.69544e-05,21.1161,79.1013,81.5884,971.887
0.0821722,0.0337768,3.92184e-05,2.63293e-07,2.63293e-07,4.55511e-05,80.5333,71.6533,25.1536,743.12
0.0791912,0.0934994,2.98181e-05,1.9253e-07,1.9253e-07,9.95565e-05,58.6822,23.0969,87.8432,939.338
0.0909544,0.0827779,3.1887e-05,7.2976e-07,7.2976e-07,8.82064e-05,64.5576,21.7171,77.6843,938.55
0.0708107,0.0950619,2.43613e-05,-2.51913e-08,-2.51913e-08,0.000100284,60.202,25.3016,90.1039,947.888
0.0292784,0.0830739,2.60632e-05,-5.52792e-07,-5.52792e-07,8.72131e-05,24.007,67.5807,79.0525,952.129
0.123565,0.0796892,4.04268e-05,6.39726e-06,6.39726e-06,8.76389e-05,81.1291,22.4684,71.3635,907.638
0.0902495,0.118419,4.50944e-05,3.12382e-06,3.12382e-06,0.000138681,53.1041,22.5315,102.136,858.852
0.0506225,0.114536,7.53838e-05,-5.52769e-06,-5.52769e-06,0.000137264,23.4339,54.2184,94.7459,832.039
0.0477547,0.115279,6.76826e-05,-4.96554e-06,-4.96554e-06,0.000137224,23.2676,54.1547,96.2545,838.633
0.0835834,0.0934484,3.39134e-05,2.4044e-07,2.4044e-07,0.000100127,58.0046,23.1258,87.234,933.405
0.0433602,0.0380926,1.59735e-05,-1.17671e-06,-1.17671e-06,4.56179e-05,69.464,101.471,30.8874,823.637
0.0217184,0.0850059,1.94455e-05,-3.6781e-07,-3.6781e-07,8.88844e-05,18.3461,60.0455,81.3862,956.929
0.0289533,0.0826764,3.1331e-05,-7.57346e-07,-7.57346e-07,8.81381e-05,20.0103,62.3248,77.7322,939.212
0.0566737,0.0369106,2.3643e-05,-2.16569e-07,-2.16569e-07,4.66105e-05,72.0852,82.6215,29.2973,792.832
0.0700164,0.0341994,2.87122e-05,9.52013e-08,9.52013e-08,4.53189e-05,80.3941,72.4287,25.8247,754.882
0.0822274,0.0932959,3.23483e-05,2.79981e-07,2.79981e-07,9.93118e-05,61.2224,25.775,87.7737,940.128
0.0394308,0.117223,4.63313e-05,-3.55109e-06,-3.55109e-06,0.00013663,23.2266,54.4647,102.557,867.246
0.0351101,0.0924559,3.46861e-05,-4.05272e-07,-4.05272e-07,9.88053e-05,24.926,60.889,86.8078,937.346
0.0173545,0.0842743,1.42876e-05,-2.85096e-06,-2.85096e-06,8.88638e-05,16.8499,71.1085,83.3285,971.469
0.0813598,0.0375138,2.60455e-05,1.71013e-06,1.71013e-06,4.56738e-05,102.296,69.5858,31.2093,827.644
0.0684158,0.12172,2.65993e-05,1.77423e-06,1.77423e-06,0.000141146,49.9517,20.1962,105.013,862.918
0.0941343,0.0354554,3.48852e-05,2.17378e-06,2.17378e-06,4.59589e-05,101.943,69.0105,27.4215,773.574
0.0442829,0.116918,5.66874e-05,-4.03454e-06,-4.03454e-06,0.000137899,23.7844,54.5393,99.475,850.216
0.0366553,0.0398293,1.14043e-05,-9.63511e-07,-9.63511e-07,4.5547e-05,69.5559,101.689,34.7763,874.582
0.0459531,0.0365459,1.52563e-05,-6.91389e-08,-6.91389e-08,4.52909e-05,72.9071,82.2563,29.4867,806.88
0.0802521,0.0845253,2.50586e-05,3.79684e-07,3.79684e-07,8.92476e-05,64.4655,21.918,80.182,947.882
0.0897977,0.0922006,3.83525e-05,5.16901e-07,5.16901e-07,9.89393e-05,61.1371,25.4765,85.7693,931.101
0.0714876,0.0349981,2.97466e-05,1.12262e-07,1.12262e-07,4.52772e-05,80.747,72.4939,27.1154,773.875
0.0674758,0.12139,2.54528e-05,1.8115e-06,1.8115e-06,0.000139992,51.8485,21.5704,106.536,872.764
0.0934576,0.034813,3.45273e-05,2.14706e-06,2.14706e-06,4.60697e-05,101.567,68.8072,25.7106,748.133
0.0909633,0.0835026,3.24068e-05,5.82234e-07,5.82234e-07,8.93611e-05,64.7092,22.3064,77.9268,933.888
0.0891604,0.118658,4.41935e-05,3.01013e-06,3.01013e-06,0.000138963,52.9249,22.4799,100.757,852.137
0.0721428,0.0352694,2.96964e-05,2.17079e-07,2.17079e-07,4.5721e-05,81.6476,72.0844,27.247,771.984
0.0232493,0.0842859,2.02474e-05,-3.97747e-07,-3.97747e-07,8.79602e-05,19.9762,62.3543,80.7902,958.419
0.087483,0.118633,4.22058e-05,2.98636e-06,2.98636e-06,0.000138504,53.0389,22.3407,101.984,858.752
0.0495646,0.0374956,2.09311e-05,-1.44023e-06,-1.44023e-06,4.56911e-05,69.3808,101.758,31.0235,824.899
0.0432968,0.117776,5.29304e-05,-3.56423e-06,-3.56423e-06,0.000138693,24.2166,54.5239,98.4547,843.272
0.0909098,0.0828468,3.18504e-05,6.959e-07,6.959e-07,8.81114e-05,66.856,23.5513,78.1147,941.646
0.0663199,0.0951229,2.09376e-05,-6.5481e-08,-6.5481e-08,0.000100239,57.436,21.9897,90.2567,948.901
0.0402975,0.11717,5.03816e-05,-3.7054e-06,-3.7054e-06,0.000137504,22.4091,53.4041,99.8775,853.114
0.0376738,0.117726,4.55189e-05,-3.36815e-06,-3.36815e-06,0.000137671,21.7789,52.766,100.071,853.347
0.0873332,0.0365368,2.99726e-05,1.92942e-06,1.92942e-06,4.57992e-05,102.148,69.1717,28.6855,792.487
0.0459827,0.0376967,1.82275e-05,-1.3416e-06,-1.3416e-06,4.58803e-05,68.7533,101.502,31.0045,822.938
0.0614196,0.0349839,2.19326e-05,5.49494e-08,5.49494e-08,4.51383e-05,80.9276,72.8026,27.1143,775.046
0.0562078,0.0343692,2.28439e-05,-9.8225e-08,-9.8225e-08,4.5167e-05,72.5348,81.1042,26.2312,762.08
0.0334519,0.0923025,3.31588e-05,-3.557e-07,-3.557e-07,9.86387e-05,23.8697,60.0974,86.3282,935.537
0.0390638,0.117882,4.53598e-05,-3.3433e-06,-3.3433e-06,0.000137554,23.2514,54.2698,101.184,858.436
0.0762399,0.120421,3.2594e-05,2.20223e-06,2.20223e-06,0.000139916,51.7195,21.5353,104.73,865.632
0.0749282,0.120534,3.14236e-05,2.15725e-06,2.15725e-06,0.000139896,51.4823,21.2446,103.348,859.961
0.0384898,0.0382356,1.28323e-05,-1.0631e-06,-1.0631e-06,4.60894e-05,68.4103,100.947,31.4389,826.701
0.0790757,0.119429,3.42377e-05,2.54455e-06,2.54455e-06,0.00013818,53.4839,22.563,102.216,860.666
0.0372165,0.0906908,4.47747e-05,-7.60906e-07,-7.60906e-07,9.87162e-05,22.1223,58.049,83.2152,918.197
0.0400387,0.11719,4.8901e-05,-3.65448e-06,-3.65448e-06,0.000137169,22.7494,53.8505,97.6305,844.496
0.0332239,0.0816544,3.40397e-05,-8.7347e-07,-8.7347e-07,8.69433e-05,23.6965,67.0273,76.0834,935.584
0.02929,0.0832866,2.61293e-05,-5.38767e-07,-5.38767e-07,8.74992e-05,23.9727,67.5657,79.1319,951.046
0.08301,0.0362769,2.76239e-05,1.69172e-06,1.69172e-06,4.65173e-05,101.272,69.8997,27.9519,776.037
0.0360576,0.0924684,3.50141e-05,-4.28996e-07,-4.28996e-07,9.87185e-05,25.8782,61.8061,86.7229,937.301
0.077481,0.120719,3.43478e-05,2.10268e-06,2.10268e-06,0.000140876,51.4856,21.9171,103.317,856.774
0.07953,0.120021,3.54667e-05,2.39729e-06,2.39729e-06,0.000140026,50.6452,20.4836,101.804,853.159
0.0610927,0.0351431,2.16014e-05,6.70103e-08,6.70103e-08,4.51113e-05,81.165,72.792,27.372,778.953
0.0485606,0.0373421,2.03128e-05,-1.44521e-06,-1.44521e-06,4.5848e-05,68.8085,101.589,29.8933,808.378
0.0216623,0.0823587,1.88164e-05,-3.36785e-06,-3.36785e-06,8.7225e-05,19.6407,76.5204,79.9189,960.528
0.0540353,0.0325003,2.11817e-05,-9.87427e-08,-9.87427e-08,4.5096e-05,72.2453,80.6639,23.4328,720.851
0.0188451,0.0836057,1.45958e-05,-2.80819e-06,-2.80819e-06,8.77389e-05,19.1997,75.5754,79.6541,955.761
0.0693562,0.121229,2.68945e-05,1.99556e-06,1.99556e-06,0.000140671,47.8635,17.8541,105.002,864.419
0.0273082,0.0834,2.52616e-05,-5.33292e-07,-5.33292e-07,8.76788e-05,21.832,64.8318,79.284,950.984
0.0498729,0.0371323,2.18338e-05,-1.59755e-06,-1.59755e-06,4.65801e-05,67.8486,101.392,29.4268,795.823
0.0590815,0.0373668,2.55296e-05,-1.96202e-07,-1.96202e-07,4.60657e-05,72.3831,82.5499,30.3268,811.394
0.0664003,0.0349454,2.58878e-05,4.53932e-08,4.53932e-08,4.53918e-05,80.3721,72.7156,26.9242,770.164
0.122011,0.0787052,5.75722e-05,2.02758e-06,2.02758e-06,8.69792e-05,68.7204,25.2366,71.8692,909.373
0.0422383,0.0358492,1.30979e-05,-1.16393e-07,-1.16393e-07,4.63603e-05,72.1886,82.5246,27.6699,772.566
0.0325709,0.0919393,3.28981e-05,-3.0776e-07,-3.0776e-07,9.85268e-05,22.9607,59.2442,85.9273,933.888
0.0260701,0.0808725,2.45716e-05,-4.0936e-06,-4.0936e-06,8.64277e-05,21.5713,79.9686,76.9942,947.595
0.118762,0.0796432,3.69211e-05,5.92028e-06,5.92028e-06,8.68832e-05,82.1531,22.7814,73.0675,922.104
0.0363897,0.0382142,1.13171e-05,-9.389e-07,-9.389e-07,4.56517e-05,69.0513,100.861,32.9386,850.149
0.133588,0.0786497,4.70051e-05,7.37848e-06,7.37848e-06,8.75356e-05,82.2304,23.0111,72.361,915.276
0.0239045,0.0822036,2.13525e-05,-3.732e-06,-3.732e-06,8.71604e-05,20.9364,78.8436,75.9253,936.838
0.0995201,0.0820073,3.83056e-05,9.3713e-07,9.3713e-07,8.82376e-05,66.6587,23.502,76.1882,929.337
0.0649084,0.033018,2.43859e-05,1.39958e-07,1.39958e-07,4.52756e-05,80.9045,72.1338,24.1498,730.345
0.081234,0.0930884,3.12093e-05,2.4929e-07,2.4929e-07,9.94599e-05,57.6541,21.989,87.2388,936.559
0.0389209,0.0384889,1.28916e-05,-1.02213e-06,-1.02213e-06,4.55946e-05,69.3375,101.251,33.6878,860.332
0.0646312,0.0351806,2.39997e-05,1.19318e-07,1.19318e-07,4.52614e-05,81.4632,72.5544,27.3212,776.942
0.0382115,0.117621,4.46952e-05,-3.3827e-06,-3.3827e-06,0.000137105,22.6881,53.8504,101.87,862.786
0.0817311,0.0322971,3.93521e-05,2.19943e-07,2.19943e-07,4.55121e-05,79.752,71.5597,22.962,710.309
0.0854283,0.0348115,2.88649e-05,1.89946e-06,1.89946e-06,4.61187e-05,101.156,68.1304,26.5623,759.949
0.0416831,0.116928,5.80932e-05,-3.9756e-06,-3.9756e-06,0.000138983,20.9536,51.3691,98.8332,844.105
0.0779779,0.0370226,2.44703e-05,1.51734e-06,1.51734e-06,4.66707e-05,101.193,70.2083,29.8481,800.524
0.136324,0.0783128,4.89112e-05,7.65945e-06,7.65945e-06,8.7668e-05,81.3204,22.4164,72.0174,912.619
0.0770232,0.120491,3.3501e-05,2.18055e-06,2.18055e-06,0.000140223,51.8281,21.8587,105.07,866.063
0.0774511,0.120243,3.35917e-05,2.25983e-06,2.25983e-06,0.000139656,52.6155,22.396,103.012,859.313
0.0252486,0.0816432,2.3631e-05,-4.04251e-06,-4.04251e-06,8.69797e-05,21.0938,79.2165,77.3864,947.014
0.0814063,0.0370282,2.62771e-05,1.67616e-06,1.67616e-06,4.5895e-05,101.913,69.7894,29.9279,808.466
0.045965,0.0384294,1.82779e-05,-1.37705e-06,-1.37705e-06,4.60897e-05,68.6336,101.776,32.2479,837.41
0.0367306,0.0914758,4.16209e-05,-6.27841e-07,-6.27841e-07,9.89602e-05,23.0135,58.7823,84.494,924.067
0.0712625,0.0342746,2.93671e-05,1.6227e-07,1.6227e-07,4.53432e-05,80.9853,72.2162,25.8854,755.571
0.0315325,0.0924344,3.0517e-05,-2.41921e-07,-2.41921e-07,9.86415e-05,23.1656,59.4522,86.5272,936.593
0.0395897,0.0914309,4.17838e-05,-7.03929e-07,-7.03929e-07,9.84443e-05,26.1098,62.0854,84.7922,928.13
0.0452574,0.0380025,1.76946e-05,-1.32726e-06,-1.32726e-06,4.59771e-05,68.6578,101.546,30.8995,820.684
0.0545651,0.11377,8.68102e-05,-6.33819e-06,-6.33819e-06,0.000137763,23.5931,54.2062,93.8923,826.951
0.0853259,0.0360287,2.87209e-05,1.86057e-06,1.86057e-06,4.58798e-05,101.769,68.932,27.8333,779.907
0.0692004,0.0372806,1.93052e-05,1.27367e-06,1.27367e-06,4.63079e-05,100.992,70.0412,29.9559,805.023
0.0909194,0.0834282,3.23072e-05,5.78721e-07,5.78721e-07,8.91056e-05,66.3089,23.5452,78.4464,938.338
0.108483,0.0807179,3.09379e-05,5.06204e-06,5.06204e-06,8.69721e-05,81.7326,22.6412,74.9092,932.514
0.0435367,0.116702,5.99974e-05,-4.14032e-06,-4.14032e-06,0.000138649,21.9742,52.4901,99.6116,848.486
0.0439255,0.0367562,1.42909e-05,-1.60221e-07,-1.60221e-07,4.7466e-05,71.86,82.9064,28.5035,774.937
0.0442895,0.116276,6.05383e-05,-4.34115e-06,-4.34115e-06,0.000137847,22.4891,53.289,98.6773,847.033
0.0800316,0.119923,3.58572e-05,2.41358e-06,2.41358e-06,0.000139709,51.8622,21.6271,102.874,858.607
0.0214149,0.082835,1.97086e-05,-3.56449e-06,-3.56449e-06,8.80654e-05,18.4422,74.2847,78.3582,946.749
0.0618833,0.0345717,2.83754e-05,-2.80119e-07,-2.80119e-07,4.65707e-05,71.5535,81.8762,25.623,741.774
0.0233057,0.0820646,2.03198e-05,-3.56386e-06,-3.56386e-06,8.68849e-05,20.9166,78.8531,78.0621,951.296
0.0468019,0.116252,6.35304e-05,-4.50459e-06,-4.50459e-06,0.000137992,23.7084,54.3925,98.8732,847.454
0.0816927,0.0936835,3.23685e-05,2.42259e-07,2.42259e-07,9.96387e-05,61.8397,26.9227,88.1313,940.492
0.0797199,0.120117,3.58138e-05,2.32984e-06,2.32984e-06,0.000139962,52.3251,22.2991,102.287,855.344
0.0822962,0.119441,3.7589e-05,2.60455e-06,2.60455e-06,0.000139021,52.8771,22.3792,103.455,863.212
0.0871332,0.0831433,2.92138e-05,6.24738e-07,6.24738e-07,8.80668e-05,65.7791,22.6304,78.5655,944.589
0.0459951,0.0389581,1.88371e-05,-1.52182e-06,-1.52182e-06,4.81438e-05,67.1421,101.298,32.3183,820.369
0.0930967,0.117972,4.7795e-05,3.35979e-06,3.35979e-06,0.000138337,53.4935,22.8017,99.9837,850.875
0.0539257,0.036567,1.65292e-05,7.15906e-08,7.15906e-08,4.5246e-05,82.1864,72.9309,29.5696,808.415
0.0966398,0.0825627,3.62861e-05,7.87334e-07,7.87334e-07,8.8568e-05,67.4113,24.2763,77.2058,933.745
0.0347854,0.0933152,3.31841e-05,-2.80493e-07,-2.80493e-07,9.95193e-05,25.4054,60.6626,87.4421,937.372
0.0842922,0.0840966,2.76708e-05,4.60745e-07,4.60745e-07,8.92069e-05,64.4931,21.967,79.1311,941.875
0.0219545,0.082642,2.03707e-05,-3.64807e-06,-3.64807e-06,8.79278e-05,18.7256,74.837,77.4036,941.752
0.052873,0.0367328,2.05171e-05,-1.76653e-07,-1.76653e-07,4.6401e-05,72.2291,82.6112,29.0482,791.23
0.0921019,0.0354582,3.36338e-05,2.05554e-06,2.05554e-06,4.61543e-05,101.683,69.3637,27.9917,779.83
0.0252621,0.0814265,2.47052e-05,-4.20256e-06,-4.20256e-06,8.71533e-05,20.2847,77.836,76.6756,941.836
0.0851604,0.0361683,2.88287e-05,1.79761e-06,1.79761e-06,4.60809e-05,101.639,69.5823,27.9928,780.354
0.0806513,0.119643,3.61252e-05,2.51517e-06,2.51517e-06,0.000139191,52.2664,21.7858,102.531,858.808
0.0292777,0.0931167,2.67444e-05,-1.1687e-07,-1.1687e-07,9.89012e-05,22.834,59.0458,87.7255,941.81
0.0768769,0.119749,3.24525e-05,2.41421e-06,2.41421e-06,0.000138547,52.476,21.6464,103.567,865.156
0.074232,0.0958167,2.84344e-05,-1.22928e-07,-1.22928e-07,0.000101896,58.9345,26.1918,90.0403,940.03
0.109011,0.0808367,3.13875e-05,5.12708e-06,5.12708e-06,8.74222e-05,79.9022,21.6412,71.7787,910.495
0.0790799,0.0844424,2.41969e-05,4.24223e-07,4.24223e-07,8.90312e-05,62.7343,20.4296,80.1699,948.97
0.0756518,0.0369641,2.2792e-05,1.49646e-06,1.49646e-06,4.58768e-05,101.553,69.6389,30.0638,810.384
0.0340316,0.0924098,3.36317e-05,-3.72521e-07,-3.72521e-07,9.87256e-05,24.2764,60.3975,86.2325,934.609
0.0268314,0.0807984,2.67405e-05,-4.45354e-06,-4.45354e-06,8.67474e-05,21.0609,79.2642,75.59,937.494
0.085323,0.0928765,3.48074e-05,3.22565e-07,3.22565e-07,0.000100002,55.3145,20.2488,86.4818,929.96
0.0797517,0.0365744,2.55534e-05,1.5814e-06,1.5814e-06,4.65471e-05,101.186,69.9982,28.4618,782.784
0.0442889,0.116191,5.80216e-05,-4.30864e-06,-4.30864e-06,0.000137013,23.3523,54.398,98.2192,847.666
0.0782041,0.0375282,2.43488e-05,1.55377e-06,1.55377e-06,4.60297e-05,101.842,70.1348,30.627,816.586
0.0571592,0.0341538,1.88825e-05,7.42991e-08,7.42991e-08,4.50741e-05,81.1705,72.6115,25.8573,757.407
0.0804698,0.0844711,2.511e-05,4.91377e-07,4.91377e-07,8.95454e-05,58.9511,17.766,79.9633,945.033
0.0392025,0.117962,4.78899e-05,-3.35892e-06,-3.35892e-06,0.000138463,22.2889,52.9562,102.237,860.018
0.0949689,0.0349537,3.56373e-05,2.19468e-06,2.19468e-06,4.60815e-05,101.689,68.9762,26.1897,754.987
0.0868108,0.119202,4.23764e-05,2.76424e-06,2.76424e-06,0.000139811,51.738,21.6382,102.456,856.6
0.0798159,0.11973,3.53284e-05,2.45922e-06,2.45922e-06,0.000138917,53.6539,23.1497,104.143,866.374
0.116061,0.0800997,5.20112e-05,1.61364e-06,1.61364e-06,8.76714e-05,71.1102,27.2935,73.1735,913.844
0.0737854,0.0947344,2.64495e-05,1.75822e-08,1.75822e-08,0.000100741,56.1167,21.4079,89.0839,940.365
0.107996,0.0820366,3.19144e-05,5.08006e-06,5.08006e-06,8.90365e-05,78.1365,21.5216,76.7092,932.44
0.0227331,0.0822708,2.0257e-05,-3.58518e-06,-3.58518e-06,8.7248e-05,20.0525,77.3277,78.6232,952.758
0.0598404,0.0338384,2.08803e-05,6.09615e-08,6.09615e-08,4.51034e-05,80.6982,72.6115,25.4045,750.5
0.0849226,0.0363355,2.88887e-05,1.75208e-06,1.75208e-06,4.6584e-05,101.365,69.9791,28.5438,783.669
0.0887389,0.0357174,3.0977e-05,2.00171e-06,2.00171e-06,4.59419e-05,101.812,68.6858,28.2326,785.024
0.0736659,0.0357588,3.15785e-05,1.08149e-07,1.08149e-07,4.52949e-05,80.7952,72.5815,28.2109,789.197
0.0440013,0.0385721,1.64001e-05,-1.20306e-06,-1.20306e-06,4.55608e-05,69.6744,101.78,33.1513,853.838
0.0340876,0.0931392,3.15995e-05,-2.86662e-07,-2.86662e-07,9.90327e-05,25.6454,61.4158,87.5057,940.015
0.0977577,0.0822071,3.69583e-05,8.82994e-07,8.82994e-07,8.82944e-05,66.1876,23.1145,76.3199,929.832
0.0970044,0.0910744,4.4453e-05,7.72165e-07,7.72165e-07,9.86343e-05,60.5465,24.6564,84.4511,925.376
0.0856407,0.0835144,2.8298e-05,5.61256e-07,5.61256e-07,8.84222e-05,65.414,22.4207,78.8109,944.147
0.0415499,0.117162,5.31577e-05,-3.79942e-06,-3.79942e-06,0.000137992,22.5348,53.3446,100.136,852.698
0.0352282,0.0815612,3.53932e-05,-9.24919e-07,-9.24919e-07,8.6876e-05,25.3836,69.1817,76.5794,939.002
0.0512923,0.0357676,2.30927e-05,-1.63141e-06,-1.63141e-06,4.63566e-05,67.7713,100.977,26.3799,755.303
0.0487575,0.115228,6.92225e-05,-5.08578e-06,-5.08578e-06,0.000137264,23.6522,54.5413,96.6739,840.366
0.0378847,0.0907987,4.28459e-05,-7.18412e-07,-7.18412e-07,9.835e-05,23.7182,59.9475,83.8899,923.622
0.0729194,0.0335855,3.09893e-05,1.55645e-07,1.55645e-07,4.53287e-05,80.5344,72.1187,24.908,741.288
0.120264,0.0798381,3.81611e-05,6.08433e-06,6.08433e-06,8.74412e-05,80.9387,22.2498,73.4697,921.762
0.0688942,0.121049,2.63619e-05,1.94994e-06,1.94994e-06,0.000139747,50.8428,20.4003,105.106,867.695
0.0454689,0.11569,6.29716e-05,-4.61143e-06,-4.61143e-06,0.000137251,22.7566,53.6621,98.0889,846.421
0.041564,0.0384803,1.51668e-05,-1.24414e-06,-1.24414e-06,4.68965e-05,67.7807,101.076,30.8029,811.331
0.0452455,0.0380998,1.74714e-05,-1.27519e-06,-1.27519e-06,4.56585e-05,69.2812,101.672,32.2304,841.037
0.0853888,0.0930265,3.50211e-05,3.95846e-07,3.95846e-07,9.91094e-05,62.9305,27.6953,87.2023,938.029
0.0759536,0.12037,3.22374e-05,2.19627e-06,2.19627e-06,0.000139544,52.8715,22.5908,104.576,866.151
0.0227264,0.0823857,2.1318e-05,-3.76826e-06,-3.76826e-06,8.77504e-05,19.1334,75.6169,77.7212,944.713
0.0214127,0.0830248,1.95373e-05,-3.53869e-06,-3.53869e-06,8.81998e-05,18.5807,74.4386,80.6289,959.611
0.0749312,0.0951966,2.81542e-05,-2.65735e-08,-2.65735e-08,0.000101003,60.0306,26.2827,89.7231,942.508
0.0334334,0.0916168,3.44952e-05,-3.52498e-07,-3.52498e-07,9.84292e-05,23.0577,59.3496,85.1831,930.299
0.0270344,0.0832005,2.62397e-05,-5.84275e-07,-5.84275e-07,8.7729e-05,20.738,63.3579,78.9087,948.469
0.0868885,0.0927599,3.62115e-05,3.84754e-07,3.84754e-07,9.94386e-05,59.8314,24.4837,86.4863,932.621
0.12934,0.0779268,4.36069e-05,6.83255e-06,6.83255e-06,8.65837e-05,81.2814,22.1202,68.5093,895.073
0.0448712,0.116181,6.04565e-05,-4.39655e-06,-4.39655e-06,0.00013751,23.0376,53.9411,97.5233,843.126
0.0964629,0.0821948,3.58415e-05,8.57181e-07,8.57181e-07,8.78847e-05,68.2057,24.66,76.8701,935.347
0.0763346,0.119974,3.2144e-05,2.33321e-06,2.33321e-06,0.000138828,52.7682,22.0782,103.191,862.677
0.035993,0.0812068,3.78906e-05,-1.03398e-06,-1.03398e-06,8.69289e-05,24.8258,68.4636,75.8809,934.447
0.0216165,0.0824132,1.9168e-05,-3.4392e-06,-3.4392e-06,8.74048e-05,19.2422,75.8429,79.0592,954.436
0.0723139,0.0328931,3.06194e-05,1.45859e-07,1.45859e-07,4.53259e-05,80.2604,72.0477,23.8893,725.991
0.101288,0.0353736,4.00117e-05,2.5142e-06,2.5142e-06,4.59459e-05,102.328,68.6226,27.2154,770.96
0.0728272,0.120767,2.9656e-05,2.08623e-06,2.08623e-06,0.000140077,50.4936,20.2578,105.205,867.088
0.0810825,0.0840473,2.53683e-05,4.41155e-07,4.41155e-07,8.84815e-05,66.3304,23.161,79.7619,949.49
0.0883265,0.117874,4.23977e-05,3.22584e-06,3.22584e-06,0.000137181,53.4485,22.2899,100.066,854.844
0.0407418,0.0376322,1.42676e-05,-1.10847e-06,-1.10847e-06,4.57782e-05,68.7944,100.986,30.58,818.084
0.0942085,0.0827843,3.44305e-05,7.33013e-07,7.33013e-07,8.85735e-05,66.6253,23.5712,77.623,936.228
0.0656594,0.0345975,2.48944e-05,1.17836e-07,1.17836e-07,4.52293e-05,81.1642,72.4762,26.4227,764.331
0.0345001,0.0923215,3.42071e-05,-3.96427e-07,-3.96427e-07,9.86738e-05,24.4951,60.6282,86.5324,936.48
0.0255808,0.0842314,2.25167e-05,-4.15221e-07,-4.15221e-07,8.82354e-05,21.5314,64.4229,80.3109,954.079
0.123409,0.0801053,4.09557e-05,6.41878e-06,6.41878e-06,8.86726e-05,77.6215,20.7407,71.925,905.78
0.0318583,0.0822208,3.16318e-05,-7.66231e-07,-7.66231e-07,8.72307e-05,23.4875,66.8861,77.3954,942.04
0.0673465,0.035377,2.55611e-05,2.4817e-07,2.4817e-07,4.66144e-05,82.1789,71.7563,26.7919,758.147
0.0313675,0.093006,2.89457e-05,-2.10941e-07,-2.10941e-07,9.88033e-05,24.0169,60.2328,87.5602,941.393
0.0776652,0.0324791,3.57827e-05,1.40568e-07,1.40568e-07,4.55674e-05,79.5001,71.8509,23.1431,712.666
0.032565,0.0917977,3.51214e-05,-3.9605e-07,-3.9605e-07,9.87724e-05,21.681,57.7598,85.3685,929.696
0.020808,0.0834437,1.68495e-05,-3.12121e-06,-3.12121e-06,8.77688e-05,20.1688,77.2365,79.7862,956.597
0.0471761,0.114998,6.40385e-05,-4.76393e-06,-4.76393e-06,0.000136181,23.887,54.7053,97.1923,845.91
0.0506785,0.114814,7.44967e-05,-5.45401e-06,-5.45401e-06,0.000137434,23.7211,54.5272,95.6234,835.346
0.0835967,0.0364665,2.79258e-05,1.71796e-06,1.71796e-06,4.63628e-05,101.486,69.9159,28.6877,787.515
0.0388362,0.117287,4.7963e-05,-3.57049e-06,-3.57049e-06,0.000137367,21.943,52.9762,101.158,858.974
0.0451355,0.116098,6.04195e-05,-4.43402e-06,-4.43402e-06,0.000137292,23.2903,54.2536,99.1874,850.983
0.0351215,0.0818985,3.18118e-05,-7.90055e-07,-7.90055e-07,8.64335e-05,27.7121,71.9185,77.5398,947.263
0.0288496,0.083198,2.46409e-05,-5.04129e-07,-5.04129e-07,8.70494e-05,24.5712,68.2513,79.1992,953.901
0.0248862,0.0818301,2.20635e-05,-3.80701e-06,-3.80701e-06,8.67201e-05,21.8626,80.5214,77.7146,950.261
0.0889045,0.119492,4.56578e-05,2.63346e-06,2.63346e-06,0.000140872,52.2218,22.9902,101.382,848.795
0.101952,0.0815174,4.00424e-05,1.0544e-06,1.0544e-06,8.77639e-05,68.0656,24.5465,75.6659,928.669
0.0297022,0.0931083,2.74517e-05,-1.48869e-07,-1.48869e-07,9.89278e-05,22.8848,59.0763,87.7134,941.62
0.0517147,0.114847,7.76829e-05,-5.5705e-06,-5.5705e-06,0.000138016,23.6705,54.2879,95.5012,833.048
0.0332124,0.0819082,3.29784e-05,-8.23846e-07,-8.23846e-07,8.69936e-05,24.3564,67.9293,76.9389,940.548
0.0460627,0.115537,5.97393e-05,-4.54074e-06,-4.54074e-06,0.000136071,24.366,55.4256,99.4155,855.845
0.032083,0.0919109,3.62697e-05,-4.33489e-07,-4.33489e-07,9.91538e-05,20.5263,56.2639,84.9905,925.853
0.0228871,0.0821776,1.90981e-05,-3.37062e-06,-3.37062e-06,8.67027e-05,21.405,79.6271,78.1986,952.968
0.0365194,0.0915339,3.78577e-05,-5.45114e-07,-5.45114e-07,9.83083e-05,24.7757,61.0965,85.3022,931.542
0.0611879,0.0336577,2.77453e-05,-2.70756e-07,-2.70756e-07,4.64194e-05,71.48,81.6395,24.4035,725.084
0.0433626,0.0370516,1.3583e-05,-6.06493e-08,-6.06493e-08,4.53519e-05,72.9765,82.477,30.2727,817.013
0.0197122,0.0843896,1.49082e-05,-2.83355e-06,-2.83355e-06,8.84157e-05,20.4044,77.1665,82.9759,971.713
0.0833161,0.0937857,3.41894e-05,1.90544e-07,1.90544e-07,0.000100494,58.3378,23.9237,87.4893,933.062
0.0491469,0.0385314,2.05738e-05,-1.45249e-06,-1.45249e-06,4.56094e-05,69.4982,102.276,32.6243,846.705
0.0372524,0.0809166,3.69199e-05,-1.00855e-06,-1.00855e-06,8.62099e-05,26.9392,70.6811,76.2175,940.412
0.0422934,0.11698,5.38701e-05,-3.90049e-06,-3.90049e-06,0.000137686,22.9788,53.8836,100.933,857.073
0.069568,0.121081,2.70009e-05,1.89614e-06,1.89614e-06,0.000139607,53.1123,22.7862,106.024,871.88
0.0258346,0.0813841,2.45152e-05,-4.1579e-06,-4.1579e-06,8.68476e-05,21.2712,79.5685,76.592,942.938
0.132384,0.0785783,4.59383e-05,7.23933e-06,7.23933e-06,8.72395e-05,82.6677,23.1453,70.4492,904.565
0.0206478,0.0830471,1.67243e-05,-3.09078e-06,-3.09078e-06,8.73848e-05,20.0318,77.1624,79.0219,954.069
0.09638,0.0822751,3.5877e-05,8.62997e-07,8.62997e-07,8.82463e-05,65.3491,22.3999,76.6039,931.811
0.0291979,0.0828622,2.84385e-05,-6.44794e-07,-6.44794e-07,8.75838e-05,22.1276,65.1923,78.1523,944.703
0.0810105,0.0937275,3.17904e-05,1.88377e-07,1.88377e-07,0.000100033,58.828,23.8439,87.9449,937.639
0.111281,0.0807421,3.28288e-05,5.33671e-06,5.33671e-06,8.78805e-05,77.7959,20.4729,74.0921,922.771
0.0846553,0.119184,3.98175e-05,2.73486e-06,2.73486e-06,0.000139038,52.8156,22.3506,102.367,858.631
0.0977576,0.0359065,3.80287e-05,2.22137e-06,2.22137e-06,4.6719e-05,101.793,69.9879,27.5507,768.995
0.0912033,0.0919812,3.94778e-05,5.8171e-07,5.8171e-07,9.87553e-05,61.7923,26.0567,85.5384,930.72
0.0930598,0.0827174,3.34381e-05,7.31937e-07,7.31937e-07,8.82027e-05,67.4813,24.1306,77.5067,937.493
0.0575867,0.0387396,2.49945e-05,-3.58483e-07,-3.58483e-07,4.98234e-05,71.1366,83.3831,30.2466,779.191
0.0617132,0.0356441,2.19203e-05,8.10201e-08,8.10201e-08,4.51361e-05,81.4678,72.8085,28.0871,788.846
0.0329181,0.0927352,3.45529e-05,-3.43277e-07,-3.43277e-07,9.94833e-05,22.3455,57.8664,86.2944,931.373
0.0849134,0.0924746,3.39468e-05,3.54348e-07,3.54348e-07,9.91594e-05,57.9443,22.1131,86.0288,931.458
0.106921,0.0810295,3.01579e-05,4.94441e-06,4.94441e-06,8.7075e-05,82.1985,23.0359,77.618,948.561
0.036853,0.0917932,4.22672e-05,-5.92183e-07,-5.92183e-07,9.9435e-05,22.7975,58.1188,84.9297,924.226
0.0452623,0.115617,6.05693e-05,-4.52088e-06,-4.52088e-06,0.000136597,23.3569,54.3529,98.0721,848.376
0.085255,0.0364683,2.85705e-05,1.87217e-06,1.87217e-06,4.58434e-05,101.995,68.9267,29.0109,796.571
0.0606436,0.0356767,2.7358e-05,-2.99977e-07,-2.99977e-07,4.72294e-05,71.4863,82.3287,26.9243,755.059
0.078453,0.120699,3.54008e-05,2.10505e-06,2.10505e-06,0.00014102,51.7442,22.3488,103.851,858.535
0.022756,0.0824722,2.01809e-05,-3.58339e-06,-3.58339e-06,8.73945e-05,20.1547,77.4513,80.8044,965.077
0.0605839,0.0359058,2.13101e-05,3.48887e-08,3.48887e-08,4.51434e-05,81.0859,73.0206,28.5648,795.46
0.0830405,0.0354199,2.76427e-05,1.7123e-06,1.7123e-06,4.63569e-05,101.016,69.4223,26.7351,760.293
0.0536872,0.114535,8.29043e-05,-5.91255e-06,-5.91255e-06,0.000138281,23.8555,54.3422,97.0838,839.182
0.0661181,0.121164,2.41161e-05,1.86135e-06,1.86135e-06,0.000139293,51.6247,20.9545,104.276,865.668
0.072645,0.0947071,2.54746e-05,1.31149e-08,1.31149e-08,0.000100379,57.6787,22.6418,89.3557,943.496
0.0191911,0.0833521,1.53788e-05,-2.9201e-06,-2.9201e-06,8.77031e-05,18.9275,75.1204,79.226,953.463
0.0497497,0.034871,1.82693e-05,-1.78371e-07,-1.78371e-07,4.65583e-05,71.8454,82.2516,26.2475,750.85
0.0802576,0.119723,3.5827e-05,2.49048e-06,2.49048e-06,0.000139376,51.6956,21.2669,102.59,858.477
0.0169838,0.0842204,1.41033e-05,-2.83595e-06,-2.83595e-06,8.88764e-05,16.3948,70.2797,78.389,942.176
0.0749203,0.120062,3.08848e-05,2.28153e-06,2.28153e-06,0.000138697,52.8295,22.0598,102.971,862.161
0.0336493,0.0915156,3.62764e-05,-4.34669e-07,-4.34669e-07,9.8569e-05,22.3184,58.5152,84.7341,927.194
0.0560948,0.0376003,2.30947e-05,-1.98946e-07,-1.98946e-07,4.64956e-05,72.279,82.7968,30.5124,810.103
0.131352,0.078595,4.53148e-05,7.13195e-06,7.13195e-06,8.75346e-05,80.291,21.7235,70.2102,901.39
0.0923471,0.0831077,3.31756e-05,6.5452e-07,6.5452e-07,8.87942e-05,66.5246,23.5764,77.7065,935.552
0.0314281,0.0926581,3.13324e-05,-2.78067e-07,-2.78067e-07,9.89737e-05,22.4964,58.5516,86.741,936.177
0.025797,0.0813831,2.42092e-05,-4.10866e-06,-4.10866e-06,8.6756e-05,21.4574,79.8937,77.5078,949.02
0.0714086,0.121092,2.86616e-05,1.99885e-06,1.99885e-06,0.000140577,49.5765,19.5382,104.709,863.476
0.0805334,0.0337818,3.76479e-05,2.47459e-07,2.47459e-07,4.55239e-05,80.5948,71.7325,25.0222,741.396
0.0517181,0.115823,7.72571e-05,-4.97224e-06,-4.97224e-06,0.00013976,23.6746,53.3629,96.9234,833.722
0.0341256,0.0919715,3.62547e-05,-4.50385e-07,-4.50385e-07,9.88287e-05,22.8594,58.8859,85.578,930.576
0.0665073,0.0959791,2.18116e-05,-1.37191e-07,-1.37191e-07,0.00010139,56.486,22.1942,90.8085,946.383
0.0334845,0.0913884,3.54737e-05,-3.61632e-07,-3.61632e-07,9.84633e-05,22.5616,58.7696,84.8771,928.466
0.0627986,0.0344525,2.33057e-05,1.64416e-08,1.64416e-08,4.55291e-05,80.0358,72.7274,26.0798,756.847
0.0614475,0.0346041,2.18566e-05,8.07991e-08,8.07991e-08,4.51259e-05,81.1015,72.6505,26.5438,766.956
0.0430541,0.0369745,1.3609e-05,-1.22607e-07,-1.22607e-07,4.66268e-05,72.2769,82.8426,29.3634,793.579
0.0710591,0.121304,2.85911e-05,1.90877e-06,1.90877e-06,0.000140833,50.2365,20.3682,104.03,859.852
0.08935,0.0352465,3.16011e-05,1.9861e-06,1.9861e-06,4.60134e-05,101.556,68.9407,26.2745,756.684
0.0438934,0.0383042,1.69966e-05,-1.36329e-06,-1.36329e-06,4.71795e-05,67.5565,101.129,30.5459,805.571
0.0680065,0.0957925,2.28615e-05,-1.17139e-07,-1.17139e-07,0.000101001,59.2493,24.9543,90.8362,948.351
0.0446968,0.0387207,1.72857e-05,-1.3288e-06,-1.3288e-06,4.61408e-05,68.6252,101.768,32.9405,845.87
0.0894952,0.0828409,3.08392e-05,7.06519e-07,7.06519e-07,8.80998e-05,64.313,21.4966,77.6981,939.199
0.0875791,0.119024,4.29398e-05,2.83851e-06,2.83851e-06,0.000139375,52.8547,22.6324,100.778,850.909
0.0691044,0.0354587,2.71318e-05,2.08881e-07,2.08881e-07,4.58661e-05,81.8851,72.1082,27.3364,772.027
0.0977348,0.0341184,3.80593e-05,2.27081e-06,2.27081e-06,4.6505e-05,101.204,69.0602,24.7165,730.091
0.0828494,0.0837611,2.64562e-05,5.21202e-07,5.21202e-07,8.84588e-05,64.2274,21.4597,79.4435,947.728
0.119981,0.080802,3.91775e-05,6.09482e-06,6.09482e-06,8.87061e-05,80.1371,22.6314,72.5749,909.39
0.080438,0.0367959,2.58865e-05,1.61234e-06,1.61234e-06,4.63343e-05,101.459,70.008,28.9643,791.5
0.0699146,0.0332867,2.83539e-05,1.61575e-07,1.61575e-07,4.53322e-05,80.7677,72.0772,24.4863,734.957
0.112101,0.0815002,3.41471e-05,5.39768e-06,5.39768e-06,8.84165e-05,81.2026,23.2733,76.8465,936.809
0.0196026,0.0832396,1.6605e-05,-3.12019e-06,-3.12019e-06,8.79252e-05,18.3506,74.1217,81.1968,964.197
0.088374,0.0836111,3.04133e-05,5.49592e-07,5.49592e-07,8.90268e-05,65.4502,22.7296,78.5099,939.13
0.105092,0.0812011,2.91689e-05,4.80849e-06,4.80849e-06,8.72348e-05,81.0601,22.3532,76.8803,943.072
0.0228504,0.0823543,2.08871e-05,-3.69224e-06,-3.69224e-06,8.75131e-05,19.685,76.6367,79.2398,955.126
0.0447922,0.0371738,1.72892e-05,-1.27386e-06,-1.27386e-06,4.58416e-05,68.7022,101.148,31.0037,823.232
0.0967138,0.0824805,3.6296e-05,8.29423e-07,8.29423e-07,8.86477e-05,65.0465,22.2993,76.4895,928.995
0.0319977,0.0827542,3.05946e-05,-6.82631e-07,-6.82631e-07,8.76397e-05,24.3716,67.9983,78.4046,945.928
0.0313888,0.0929373,2.88424e-05,-2.07952e-07,-2.07952e-07,9.87204e-05,24.1247,60.3993,87.6519,942.281
0.0366719,0.0911327,4.063e-05,-6.27202e-07,-6.27202e-07,9.8451e-05,23.4733,59.6785,84.1215,924.41
0.0933603,0.0345691,3.47503e-05,2.09679e-06,2.09679e-06,4.64052e-05,101.219,69.1606,25.2157,738.151
0.0808635,0.0937576,3.16867e-05,1.77302e-07,1.77302e-07,0.000100188,57.8104,22.8868,87.747,935.859
0.0597522,0.0348476,2.07207e-05,5.63807e-08,5.63807e-08,4.50971e-05,81.0188,72.7924,26.926,772.702
0.083287,0.0942375,3.49813e-05,1.36462e-07,1.36462e-07,0.0001009,59.9109,26.3697,87.9698,933.731
0.0608732,0.0319257,2.16298e-05,1.01399e-07,1.01399e-07,4.50831e-05,80.4622,72.1438,22.5737,707.614
0.0433569,0.0387253,1.62928e-05,-1.27717e-06,-1.27717e-06,4.62222e-05,68.5101,101.609,32.1521,834.93
0.111494,0.0805352,3.27942e-05,5.33275e-06,5.33275e-06,8.74946e-05,79.0473,21.0908,78.5838,952.443
0.0905096,0.0833312,2.21827e-05,3.7851e-06,3.7851e-06,8.846e-05,79.3019,21.9594,82.1914,967.455
0.0892441,0.0352305,3.16164e-05,1.96327e-06,1.96327e-06,4.60978e-05,101.475,69.1227,26.7571,762.877
0.077846,0.0848862,2.35648e-05,4.03288e-07,4.03288e-07,8.97311e-05,59.7958,18.4191,80.2595,945.787
0.056892,0.033766,2.39923e-05,-2.42286e-07,-2.42286e-07,4.6563e-05,71.5243,81.8418,24.5275,725.801
0.0293849,0.0937077,2.66151e-05,-1.18737e-07,-1.18737e-07,9.93487e-05,23.0435,58.945,88.4075,943.332
0.0332427,0.0820549,3.268e-05,-8.04521e-07,-8.04521e-07,8.70959e-05,24.5942,68.2658,77.498,943.4
0.0997704,0.033146,3.92711e-05,2.47085e-06,2.47085e-06,4.63058e-05,101.132,67.8009,23.4423,712.71
0.0191944,0.0837898,1.62956e-05,-3.1027e-06,-3.1027e-06,8.85078e-05,17.9584,73.2102,77.6002,939.496
0.0785825,0.120172,3.46757e-05,2.30005e-06,2.30005e-06,0.000139814,52.3376,22.1998,104.075,863.247
0.0663502,0.03527,2.49117e-05,2.14961e-07,2.14961e-07,4.61785e-05,82.0447,71.9671,27.0236,764.998
0.0687594,0.0956493,2.32881e-05,-1.02888e-07,-1.02888e-07,0.000101119,57.524,23.1391,90.4748,945.907
0.0296002,0.0827613,2.95065e-05,-6.81201e-07,-6.81201e-07,8.76797e-05,21.9427,64.946,78.1674,944.283
0.0664441,0.0336258,2.5751e-05,1.02307e-07,1.02307e-07,4.52134e-05,80.5919,72.3783,25.0238,743.952
0.0907227,0.0355509,3.2704e-05,1.99458e-06,1.99458e-06,4.62198e-05,101.601,69.4633,28.5607,787.124
0.0175566,0.0839494,1.26253e-05,-2.50787e-06,-2.50787e-06,8.77511e-05,19.2502,75.492,80.8571,962.652
0.0901138,0.0364552,3.18618e-05,2.02972e-06,2.02972e-06,4.58001e-05,102.263,69.1997,30.0552,811.223
0.0518967,0.0365264,1.98461e-05,-1.8947e-07,-1.8947e-07,4.67484e-05,72.0414,82.65,28.4488,780.112
0.0976049,0.035483,3.77155e-05,2.25364e-06,2.25364e-06,4.62874e-05,101.889,69.5614,26.3015,754.903
0.0654856,0.0331192,2.47418e-05,1.57171e-07,1.57171e-07,4.53763e-05,81.0462,72.0595,24.1452,729.467
0.0545976,0.03777,2.25294e-05,-3.39544e-07,-3.39544e-07,5.00514e-05,70.9636,83.2433,28.4713,754.254
0.0447918,0.0369302,1.7127e-05,-1.22494e-06,-1.22494e-06,4.57525e-05,69.1349,101,29.0836,798.055
0.0801865,0.119471,3.5412e-05,2.55729e-06,2.55729e-06,0.000138594,53.0031,22.2628,104.251,867.874
0.0257957,0.0819668,2.46278e-05,-4.1896e-06,-4.1896e-06,8.74862e-05,21.108,78.9464,74.8087,928.501
0.0639604,0.0354645,2.37687e-05,5.95757e-08,5.95757e-08,4.51764e-05,80.9763,72.8359,27.8359,784.96
0.0476129,0.0372379,1.64045e-05,-8.4153e-08,-8.4153e-08,4.54706e-05,72.906,82.5303,30.521,819.287
0.0456813,0.116035,6.07798e-05,-4.48971e-06,-4.48971e-06,0.000137142,23.6597,54.6617,98.097,846.776
0.0212688,0.0825754,1.69477e-05,-3.06176e-06,-3.06176e-06,8.6876e-05,20.8767,78.5429,79.2912,958.406
0.0669244,0.0343414,2.59961e-05,1.0968e-07,1.0968e-07,4.52155e-05,80.8859,72.4626,26.0551,759.11
0.0226533,0.0821916,1.83185e-05,-3.23439e-06,-3.23439e-06,8.65426e-05,21.811,80.2104,78.6835,956.676
0.0306609,0.0821815,2.81669e-05,-6.36787e-07,-6.36787e-07,8.6534e-05,24.2774,67.4482,78.2361,950.925
0.0877761,0.0834293,2.9817e-05,5.79888e-07,5.79888e-07,8.85855e-05,65.99,22.9756,78.8411,943.458
0.122347,0.079697,3.96822e-05,6.30337e-06,6.30337e-06,8.81368e-05,77.1342,20.0838,71.3377,904.82
0.0464311,0.0375402,1.83986e-05,-1.31008e-06,-1.31008e-06,4.56919e-05,69.2464,101.492,30.3808,816.251
0.0460058,0.116603,6.09243e-05,-4.28294e-06,-4.28294e-06,0.000138107,23.8568,54.4857,100.459,853.808
0.0641469,0.0350851,2.3781e-05,9.18207e-08,9.18207e-08,4.5166e-05,81.1932,72.6674,27.2543,776.807
0.0321431,0.0794053,3.61632e-05,-5.79888e-06,-5.79888e-06,8.66799e-05,22.2271,81.395,71.3243,912.014
0.0715853,0.0326357,2.99501e-05,1.54981e-07,1.54981e-07,4.5315e-05,80.3354,71.9896,23.4436,719.275
0.0976413,0.0815603,3.67176e-05,9.74183e-07,9.74183e-07,8.74149e-05,65.7269,22.6156,75.8906,931.891
0.0539901,0.0357514,2.12511e-05,-1.45395e-07,-1.45395e-07,4.56877e-05,72.411,82.0907,27.9451,782.092
0.077477,0.0938499,2.86891e-05,1.50728e-07,1.50728e-07,9.95729e-05,60.1548,24.6768,88.4195,942.335
0.0431324,0.0384891,1.6384e-05,-1.3261e-06,-1.3261e-06,4.71141e-05,67.6457,101.159,31.5985,819.885
0.0300119,0.082786,2.76788e-05,-6.15025e-07,-6.15025e-07,8.71796e-05,23.7818,67.278,79.1907,953.156
0.035716,0.0914626,3.56201e-05,-4.32978e-07,-4.32978e-07,9.80626e-05,25.144,61.6196,85.2776,932.561
0.0302543,0.0934729,2.93061e-05,-1.83699e-07,-1.83699e-07,9.9572e-05,22.2779,57.9074,87.7153,938.581
0.0685529,0.0342326,2.75738e-05,7.73939e-08,7.73939e-08,4.53382e-05,80.3265,72.4989,25.8549,755.161
0.0975595,0.0347372,3.80782e-05,2.22488e-06,2.22488e-06,4.68767e-05,101.209,69.545,25.9601,745.209
0.0518354,0.0352235,1.94991e-05,-1.09097e-07,-1.09097e-07,4.53574e-05,72.5565,81.8062,27.3268,776.199
0.0427887,0.116308,5.4911e-05,-4.11614e-06,-4.11614e-06,0.000136757,23.0813,54.1676,99.226,852.763
0.0692096,0.122091,2.77192e-05,1.72424e-06,1.72424e-06,0.000142383,48.0135,18.8582,105.51,861.158
0.0627704,0.0362012,2.92615e-05,-3.09182e-07,-3.09182e-07,4.70877e-05,71.5781,82.3636,27.8648,769.288
0.137649,0.078618,5.04716e-05,7.83353e-06,7.83353e-06,8.81901e-05,81.2956,22.7476,75.5876,932.244
0.101614,0.0815732,2.73545e-05,4.57935e-06,4.57935e-06,8.77546e-05,77.674,20.3839,75.5354,931.85
0.0632701,0.034511,2.91199e-05,-1.65156e-07,-1.65156e-07,4.5362e-05,72.2398,81.1106,26.2876,761.262
0.0425671,0.116445,5.87468e-05,-4.1856e-06,-4.1856e-06,0.000138086,21.5484,52.2726,98.2723,844.519
0.088804,0.0357867,3.15169e-05,1.89739e-06,1.89739e-06,4.65252e-05,101.392,69.7574,28.7122,786.544
0.0818957,0.119556,3.73349e-05,2.56374e-06,2.56374e-06,0.000139295,52.2485,21.8391,102.707,859.227
0.117375,0.0799818,3.62284e-05,5.81458e-06,5.81458e-06,8.71345e-05,81.7996,22.6917,73.3628,922.531
0.0830557,0.0926434,3.23739e-05,3.42679e-07,3.42679e-07,9.86365e-05,61.5419,25.3992,86.9734,939.036
0.136718,0.0783006,4.90155e-05,7.70802e-06,7.70802e-06,8.72753e-05,83.8008,23.8833,73.3661,923.292
0.0894962,0.0354289,3.16801e-05,1.98902e-06,1.98902e-06,4.59915e-05,101.653,69.0267,26.8682,765.368
0.116459,0.081079,3.68766e-05,5.7907e-06,5.7907e-06,8.88823e-05,78.2192,21.3992,73.2351,912.399
0.0365778,0.0921234,3.92626e-05,-5.15113e-07,-5.15113e-07,9.92041e-05,23.999,59.5331,85.7715,929.869
0.0516575,0.0370993,1.95578e-05,-1.63723e-07,-1.63723e-07,4.63782e-05,72.3284,82.7243,29.7442,800.849
0.0323677,0.0925594,3.54486e-05,-3.71518e-07,-3.71518e-07,9.95851e-05,21.2264,56.6501,86.0104,929.366
0.0606858,0.035537,2.71167e-05,-2.38807e-07,-2.38807e-07,4.6257e-05,71.9138,82.0607,27.2472,767.506
0.0416238,0.0796435,4.48704e-05,-1.37831e-06,-1.37831e-06,8.59119e-05,27.5293,70.8656,74.0909,928.887
0.0528288,0.0355899,2.02997e-05,-1.26939e-07,-1.26939e-07,4.5528e-05,72.4977,81.9928,27.7976,781.391
0.0813367,0.0366426,2.61347e-05,1.71185e-06,1.71185e-06,4.57983e-05,101.839,69.2209,29.6866,806.098
0.0241721,0.0817918,2.21689e-05,-3.83485e-06,-3.83485e-06,8.69878e-05,20.6548,78.4501,80.1795,963.751
0.0377947,0.0389316,1.21675e-05,-9.9482e-07,-9.9482e-07,4.56034e-05,69.3133,101.357,32.797,848.801
0.0704176,0.094855,2.37552e-05,-3.40309e-10,-3.40309e-10,0.000100693,54.4949,19.6065,89.3555,942.022
0.079642,0.0945602,3.17375e-05,6.5427e-08,6.5427e-08,0.000100905,59.2236,25.362,88.6068,937.083
0.0733298,0.0954257,2.69802e-05,-7.20514e-08,-7.20514e-08,0.000101304,58.4126,24.632,89.928,942.182
0.0364635,0.0817637,3.56706e-05,-9.17029e-07,-9.17029e-07,8.70327e-05,26.7807,70.9016,76.6554,938.618
0.0366789,0.0915378,3.96402e-05,-5.88529e-07,-5.88529e-07,9.86286e-05,23.9691,60.0305,84.8585,927.61
0.0759183,0.121041,3.31834e-05,1.98472e-06,1.98472e-06,0.000141255,51.1556,21.7741,104.435,860.21
0.120329,0.0801444,3.83719e-05,6.10588e-06,6.10588e-06,8.72155e-05,84.6234,24.754,73.505,923.197
0.0509179,0.0353889,1.89373e-05,-1.38319e-07,-1.38319e-07,4.57917e-05,72.3253,82.1186,27.3696,773.117
0.0706458,0.095259,2.43554e-05,-4.57389e-08,-4.57389e-08,0.000101154,54.9647,20.5139,89.7008,941.689
0.0441396,0.038616,1.69067e-05,-1.31354e-06,-1.31354e-06,4.62632e-05,68.4534,101.621,32.5166,839.294
0.0453329,0.0385436,1.77532e-05,-1.34544e-06,-1.34544e-06,4.60431e-05,68.7054,101.783,31.7945,831.907
0.0741334,0.120573,3.06939e-05,2.13491e-06,2.13491e-06,0.00013979,51.5522,21.2487,103.776,862.066
0.0209593,0.0828204,1.72609e-05,-3.15819e-06,-3.15819e-06,8.72807e-05,20.0034,77.1365,77.3939,944.793
0.0405989,0.117243,4.86901e-05,-3.65524e-06,-3.65524e-06,0.000137048,23.3909,54.5361,99.632,853.49
0.090632,0.0352529,3.28658e-05,1.96666e-06,1.96666e-06,4.66045e-05,101.222,69.5799,26.5746,756.081
0.029969,0.0824479,2.80968e-05,-6.41018e-07,-6.41018e-07,8.68974e-05,23.3974,66.6204,77.7961,946.263
0.0434487,0.0385194,1.64203e-05,-1.29031e-06,-1.29031e-06,4.63642e-05,68.3091,101.472,31.6171,826.695
0.0959757,0.0356882,3.63872e-05,2.20158e-06,2.20158e-06,4.61259e-05,101.999,69.5067,27.8633,778.344
0.0916041,0.0920031,4.00251e-05,5.29157e-07,5.29157e-07,9.93358e-05,58.4114,22.9457,85.2297,926.313
0.0397508,0.0912057,4.12407e-05,-7.22586e-07,-7.22586e-07,9.80739e-05,26.6225,62.8944,84.5667,928.648
0.099004,0.0816947,3.7675e-05,9.75147e-07,9.75147e-07,8.75401e-05,68.3119,24.6792,75.7025,930.067
0.046204,0.11645,6.65573e-05,-4.39253e-06,-4.39253e-06,0.000139385,22.2181,52.337,97.7928,838.489
0.0368577,0.090967,4.04367e-05,-6.19189e-07,-6.19189e-07,9.82622e-05,23.7877,60.1199,83.9288,924.237
0.10925,0.0807821,3.14859e-05,5.13882e-06,5.13882e-06,8.72798e-05,80.6459,22.0636,76.2933,939.47
0.0504492,0.037448,2.23969e-05,-1.6488e-06,-1.6488e-06,4.67896e-05,67.7527,101.519,30.8789,813.431
0.0419867,0.038729,1.50818e-05,-1.16748e-06,-1.16748e-06,4.57119e-05,69.1568,101.649,33.0088,850.609
0.0430219,0.0369579,1.59237e-05,-1.18698e-06,-1.18698e-06,4.5797e-05,68.7286,100.878,29.9126,808.963
0.0529053,0.0353571,2.03548e-05,-1.25337e-07,-1.25337e-07,4.54849e-05,72.4809,81.9022,27.4444,776.778
0.0345564,0.0924515,3.68005e-05,-4.18646e-07,-4.18646e-07,9.93812e-05,23.0093,58.5211,85.8498,929.454
0.022407,0.0820594,1.80122e-05,-3.14315e-06,-3.14315e-06,8.65215e-05,21.6957,79.6974,72.7702,920.017
0.0215159,0.085708,1.95252e-05,-2.93998e-07,-2.93998e-07,8.99835e-05,17.9546,59.1365,81.8625,953.832
0.0531873,0.0355709,2.05529e-05,-1.22403e-07,-1.22403e-07,4.54571e-05,72.5361,81.932,27.9032,783.483
0.0721102,0.0943681,2.4719e-05,3.91457e-08,3.91457e-08,9.98268e-05,58.4473,22.872,89.2075,945.316
0.0724501,0.120525,2.9052e-05,2.11515e-06,2.11515e-06,0.000139215,52.2362,21.651,104.532,867.006
0.0751108,0.0939235,2.67434e-05,1.04187e-07,1.04187e-07,9.97466e-05,57.5844,21.9962,88.4676,941.768
0.0781662,0.0838411,2.34596e-05,4.6081e-07,4.6081e-07,8.78748e-05,64.976,21.9311,80.1527,955.101
0.083882,0.0358669,2.8095e-05,1.74455e-06,1.74455e-06,4.62311e-05,101.337,69.5506,28.2938,783.227
0.071631,0.09505,2.50229e-05,-2.50015e-08,-2.50015e-08,0.000100477,59.3422,24.5751,89.9176,945.996
0.0997068,0.034387,3.94771e-05,2.35289e-06,2.35289e-06,4.64246e-05,101.464,69.1419,25.792,746.492
0.119877,0.0804407,3.85872e-05,6.07993e-06,6.07993e-06,8.82794e-05,79.7852,22.0261,71.8929,907.367
