tree logl logTop logProp logPrior logWt
(1,(2,(((((7,8),9),10),11),12)),(3,((4,5),6))); -7703.6 -3.2175 78.14 38.8918 -7746.06
(1,2,((3,((4,5),6)),(((((7,8),9),10),12),11))); -7694.67 -1.54651 73.0399 38.1372 -7731.12
(1,2,((3,((4,5),6)),((((7,8),9),10),(11,12)))); -7691.83 -1.42103 81.6194 38.9728 -7735.9
(1,2,((3,((4,5),6)),(((((7,8),9),10),11),12))); -7706.21 -1.29079 75.5362 38.9803 -7744.06
(1,2,((3,((4,5),6)),(((((7,8),9),10),12),11))); -7693.01 -1.54651 76.6794 39.2664 -7731.96
(1,2,((3,((4,5),6)),(((((7,8),9),10),11),12))); -7698.75 -1.29079 82.1322 38.9063 -7743.27
(1,2,((3,((4,5),6)),(((((7,8),9),10),11),12))); -7708.83 -1.29079 74.0622 39.2764 -7744.91
(1,2,(((3,6),(4,5)),((((7,8),9),10),(11,12)))); -7694.09 -3.6394 83.1571 39.0085 -7741.88
(1,2,((3,((4,5),6)),(((((7,8),9),10),12),11))); -7695.1 -1.54651 74.3298 39.2221 -7731.76
(1,2,((3,((4,5),6)),(((((7,8),9),10),12),11))); -7683.81 -1.54651 84.9362 38.9225 -7731.37
(1,2,((3,((4,5),6)),((((7,8),9),10),(11,12)))); -7689.78 -1.42103 83.9218 38.9619 -7736.16
(1,2,((3,((4,5),6)),(((((7,8),9),10),12),11))); -7694.5 -1.54651 74.2933 38.9485 -7731.39
(1,(2,((((7,8),9),10),(11,12))),(3,((4,5),6))); -7686.29 -3.34774 84.0121 39.1442 -7734.51
(1,2,(((3,(4,5)),6),((((7,8),9),10),(11,12)))); -7703.41 -4.06202 78.1001 38.997 -7746.57
(1,2,((3,((4,5),6)),(((((7,8),9),10),11),12))); -7701.62 -1.29079 80.3574 39.0241 -7744.25
(1,2,((3,((4,5),6)),((((7,8),9),10),(11,12)))); -7694.61 -1.42103 80.2762 39.2749 -7737.03
(1,2,((3,((4,5),6)),(((((7,8),9),10),11),12))); -7698.89 -1.29079 81.8785 39.1696 -7742.89
(1,2,((3,((4,5),6)),(((((7,8),9),10),12),11))); -7693.06 -1.54651 72.139 38.5522 -7728.19
(1,(2,(((((7,8),9),10),11),12)),(3,((4,5),6))); -7700.28 -3.2175 78.9585 39.3494 -7743.1
(1,(2,(((((7,8),9),10),11),12)),(3,((4,5),6))); -7701.85 -3.2175 78.7704 39.1529 -7744.69
(1,2,((3,((4,5),6)),((((7,8),9),10),(11,12)))); -7692.87 -1.42103 80.7481 39.1737 -7735.86
(1,2,((3,((4,5),6)),(((((7,8),9),10),12),11))); -7685.83 -1.54651 82.8369 38.8445 -7731.37
(1,2,((3,((4,5),6)),(((((7,8),9),10),12),11))); -7685.67 -1.54651 82.9126 39.3326 -7730.79
(1,2,(((3,(4,5)),6),(((((7,8),9),10),12),11))); -7691.57 -4.18751 84.0003 38.8994 -7740.86
(1,2,((3,((4,5),6)),(((((7,8),9),10),12),11))); -7686.32 -1.54651 81.6451 39.0872 -7730.42
(1,2,((3,((4,5),6)),(((((7,8),9),10),11),12))); -7703.23 -1.29079 77.2299 39.0113 -7742.74
(1,2,((3,((4,5),6)),(((((7,8),9),10),12),11))); -7685.86 -1.54651 82.63 39.1049 -7730.93
(1,2,((3,((4,5),6)),((((7,8),9),10),(11,12)))); -7692.58 -1.42103 82.4415 39.0773 -7737.36
(1,2,((3,((4,5),6)),((((7,8),9),10),(11,12)))); -7697.77 -1.42103 76.2112 38.9613 -7736.45
(1,2,((3,((4,5),6)),(((((7,8),9),10),11),12))); -7695.99 -1.29079 85.8157 38.9649 -7744.14
(1,(2,(((((7,8),9),10),12),11)),(3,((4,5),6))); -7689.1 -3.47322 77.4481 39.0914 -7730.93
(1,2,((3,((4,5),6)),((((7,8),9),10),(11,12)))); -7693.6 -1.42103 79.752 38.5147 -7736.25
(1,2,((3,((4,5),6)),((((7,8),9),10),(11,12)))); -7694.81 -1.42103 77.0281 38.6261 -7734.63
(1,2,((3,((4,5),6)),(((((7,8),9),10),11),12))); -7702.49 -1.29079 78.8528 39.5076 -7743.12
(1,2,((3,((4,5),6)),((((7,8),9),10),(11,12)))); -7696.22 -1.42103 77.9439 39.5259 -7736.06
(1,2,(((3,(4,5)),6),(((((7,8),9),10),12),11))); -7703.62 -4.18751 72.9904 38.583 -7742.21
(1,2,(((3,6),(4,5)),(((((7,8),9),10),11),12))); -7700.71 -3.50917 84.0552 39.3028 -7748.97
(1,2,((3,((4,5),6)),(((((7,8),9),10),11),12))); -7700.72 -1.29079 80.3742 39.0877 -7743.29
(1,2,(((3,6),(4,5)),(((((7,8),9),10),12),11))); -7691.03 -3.76489 78.676 39.0506 -7734.42
(1,(2,(((((7,8),9),10),12),11)),(3,((4,5),6))); -7689.65 -3.47322 76.7878 39.0281 -7730.88
(1,2,((3,((4,5),6)),(((((7,8),9),10),11),12))); -7703.35 -1.29079 76.7295 38.8131 -7742.55
(1,2,((3,((4,5),6)),((((7,8),9),10),(11,12)))); -7694.82 -1.42103 81.2244 39.4852 -7737.98
(1,2,((3,((4,5),6)),((((7,8),9),10),(11,12)))); -7688.76 -1.42103 85.1653 39.136 -7736.21
(1,2,((3,((4,5),6)),(((((7,8),9),10),12),11))); -7685.42 -1.54651 83.3029 38.9169 -7731.36
(1,2,((3,((4,5),6)),(((((7,8),9),10),11),12))); -7697.35 -1.29079 84.1482 39.0098 -7743.78
(1,2,((3,((4,5),6)),(((((7,8),9),10),11),12))); -7697.25 -1.29079 85.1554 38.8869 -7744.81
(1,2,(((3,(4,5)),6),(((((7,8),9),10),11),12))); -7708.48 -3.93178 80.7505 39.0713 -7754.1
(1,2,((3,((4,5),6)),((((7,8),9),10),(11,12)))); -7693.52 -1.42103 81.4154 39.216 -7737.14
(1,2,((3,((4,5),6)),(((((7,8),9),10),11),12))); -7697.19 -1.29079 84.3758 39.2611 -7743.59
(1,2,((3,((4,5),6)),((((7,8),9),10),(11,12)))); -7695.39 -1.42103 78.552 38.7191 -7736.64
(1,2,((3,((4,5),6)),(((((7,8),9),10),12),11))); -7686.54 -1.54651 80.3878 38.7686 -7729.7
(1,2,((3,((4,5),6)),((((7,8),9),10),(11,12)))); -7690.19 -1.42103 82.9081 38.9514 -7735.57
(1,2,((3,((4,5),6)),(((((7,8),9),10),11),12))); -7699.96 -1.29079 81.5464 39.0717 -7743.72
(1,(2,(((((7,8),9),10),11),12)),(3,((4,5),6))); -7698.97 -3.2175 81.2001 38.757 -7744.63
(1,2,(((3,6),(4,5)),((((7,8),9),10),(11,12)))); -7699.04 -3.6394 76.1619 38.73 -7740.11
(1,2,(((3,6),(4,5)),(((((7,8),9),10),11),12))); -7704.79 -3.50917 79.0392 39.0652 -7748.27
(1,2,((3,((4,5),6)),(((((7,8),9),10),11),12))); -7697.61 -1.29079 84.4398 39.1216 -7744.22
(1,2,(((3,6),(4,5)),(((((7,8),9),10),11),12))); -7698.09 -3.50917 86.0557 39.2181 -7748.44
(1,(2,(((((7,8),9),10),12),11)),(3,((4,5),6))); -7688.57 -3.47322 77.4283 39.3668 -7730.11
(1,2,((3,((4,5),6)),(((((7,8),9),10),12),11))); -7689.08 -1.54651 77.3694 38.6065 -7729.39
(1,2,(((3,6),(4,5)),(((((7,8),9),10),11),12))); -7699.53 -3.50917 83.4036 38.7652 -7747.67
(1,2,((3,((4,5),6)),((((7,8),9),10),(11,12)))); -7690.81 -1.42103 84.1075 38.9635 -7737.38
(1,2,((3,((4,5),6)),(((((7,8),9),10),12),11))); -7683.28 -1.54651 84.7739 39.2633 -7730.34
(1,2,((3,((4,5),6)),((((7,8),9),10),(11,12)))); -7701.3 -1.42103 75.1786 39.5239 -7738.38
(1,2,((3,((4,5),6)),(((((7,8),9),10),11),12))); -7704.68 -1.29079 77.432 39.533 -7743.87
(1,2,((3,((4,5),6)),(((((7,8),9),10),11),12))); -7696.82 -1.29079 85.6028 39.4125 -7744.3
(1,2,(((3,6),(4,5)),((((7,8),9),10),(11,12)))); -7699.06 -3.6394 75.99 38.4463 -7740.25
(1,2,((3,((4,5),6)),((((7,8),9),10),(11,12)))); -7698.3 -1.42103 75.5228 39.2604 -7735.99
(1,(2,(((((7,8),9),10),12),11)),(3,((4,5),6))); -7688.85 -3.47322 79.1108 38.9299 -7732.5
(1,2,(((3,6),(4,5)),(((((7,8),9),10),11),12))); -7703.13 -3.50917 79.6212 38.6767 -7747.59
(1,2,((3,((4,5),6)),(((((7,8),9),10),11),12))); -7702.65 -1.29079 78.704 39.274 -7743.37
(1,2,((3,((4,5),6)),(((((7,8),9),10),11),12))); -7701.48 -1.29079 79.0339 39.2776 -7742.53
(1,2,((3,((4,5),6)),((((7,8),9),10),(11,12)))); -7697.12 -1.42103 78.5679 39.3002 -7737.8
(1,2,((3,((4,5),6)),(((((7,8),9),10),11),12))); -7698.53 -1.29079 82.4515 38.9622 -7743.31
(1,2,((3,((4,5),6)),(((((7,8),9),10),11),12))); -7700.92 -1.29079 79.5597 38.7017 -7743.07
(1,2,((3,((4,5),6)),(((((7,8),9),10),12),11))); -7684.38 -1.54651 83.174 39.0255 -7730.07
(1,2,((3,((4,5),6)),(((((7,8),9),10),11),12))); -7703.87 -1.29079 77.3238 39.0217 -7743.46
(1,2,((3,((4,5),6)),(((((7,8),9),10),11),12))); -7698.51 -1.29079 83.6904 39.0805 -7744.41
(1,2,((3,((4,5),6)),(((((7,8),9),10),11),12))); -7701.63 -1.29079 79.5344 39.0397 -7743.41
(1,2,((3,((4,5),6)),(((((7,8),9),10),11),12))); -7705.88 -1.29079 74.8978 39.104 -7742.96
(1,(2,(((((7,8),9),10),12),11)),(3,((4,5),6))); -7686.23 -3.47322 79.8525 38.7892 -7730.77
(1,2,((3,((4,5),6)),((((7,8),9),10),(11,12)))); -7690.08 -1.42103 82.9904 38.7091 -7735.78
(1,2,((3,((4,5),6)),(((((7,8),9),10),12),11))); -7686.03 -1.54651 81.4823 39.0333 -7730.03
(1,2,((3,((4,5),6)),(((((7,8),9),10),12),11))); -7686.59 -1.54651 82.0686 39.0357 -7731.17
(1,2,(((3,(4,5)),6),(((((7,8),9),10),11),12))); -7706.9 -3.93178 81.0062 39.0121 -7752.82
(1,(2,(((((7,8),9),10),12),11)),(3,((4,5),6))); -7688.66 -3.47322 78.1781 38.9789 -7731.33
(1,2,((3,((4,5),6)),(((((7,8),9),10),12),11))); -7693.57 -1.54651 75.2329 38.7084 -7731.64
(1,2,((3,((4,5),6)),(((((7,8),9),10),12),11))); -7685.75 -1.54651 83.1118 39.1111 -7731.3
(1,2,((3,((4,5),6)),((((7,8),9),10),(11,12)))); -7689.74 -1.42103 84.8309 38.9512 -7737.04
(1,2,(((3,(4,5)),6),(((((7,8),9),10),11),12))); -7709.09 -3.93178 78.6187 39.3256 -7752.31
(1,2,((3,((4,5),6)),(((((7,8),9),10),12),11))); -7687.3 -1.54651 81.5925 39.0792 -7731.36
(1,2,((3,((4,5),6)),((((7,8),9),10),(11,12)))); -7694.21 -1.42103 80.1034 38.6198 -7737.11
(1,2,((3,((4,5),6)),((((7,8),9),10),(11,12)))); -7690.63 -1.42103 83.022 39.0838 -7735.98
(1,2,((3,((4,5),6)),((((7,8),9),10),(11,12)))); -7696.2 -1.42103 78.1014 38.9655 -7736.76
(1,2,((3,((4,5),6)),(((((7,8),9),10),12),11))); -7691.71 -1.54651 76.1566 39.236 -7730.18
(1,2,((3,((4,5),6)),(((((7,8),9),10),11),12))); -7703.06 -1.29079 77.9414 38.6848 -7743.61
(1,(2,(((((7,8),9),10),12),11)),(3,((4,5),6))); -7683.34 -3.47322 82.8068 38.882 -7730.73
(1,(2,((((7,8),9),10),(11,12))),(3,((4,5),6))); -7697.99 -3.34774 73.1611 39.5972 -7734.91
(1,2,((3,((4,5),6)),((((7,8),9),10),(11,12)))); -7692.49 -1.42103 82.4889 38.8164 -7737.58
(1,(2,(((((7,8),9),10),11),12)),(3,((4,5),6))); -7700.98 -3.2175 79.0878 38.9762 -7744.31
(1,2,((3,((4,5),6)),(((((7,8),9),10),12),11))); -7686.91 -1.54651 80.1883 38.9229 -7729.72
(1,(2,(((((7,8),9),10),12),11)),(3,((4,5),6))); -7686.63 -3.47322 81.1176 39.344 -7731.88
(1,(2,(((((7,8),9),10),12),11)),(3,((4,5),6))); -7689.02 -3.47322 78.4408 38.6678 -7732.27
(1,2,((3,((4,5),6)),(((((7,8),9),10),11),12))); -7697.71 -1.29079 82.7908 39.0471 -7742.74
(1,2,((3,((4,5),6)),((((7,8),9),10),(11,12)))); -7696.25 -1.42103 77.6861 39.1893 -7736.17
(1,2,((3,((4,5),6)),(((((7,8),9),10),12),11))); -7687.22 -1.54651 80.8081 38.8689 -7730.71
(1,2,((3,((4,5),6)),(((((7,8),9),10),12),11))); -7683.45 -1.54651 84.6056 39.3194 -7730.28
(1,2,((3,((4,5),6)),(((((7,8),9),10),11),12))); -7703.14 -1.29079 78.3706 39.0599 -7743.75
(1,(2,((((7,8),9),10),(11,12))),(3,((4,5),6))); -7693.97 -3.34774 75.71 38.7077 -7734.32
(1,2,(((3,(4,5)),6),(((((7,8),9),10),11),12))); -7703.4 -3.93178 85.4113 38.9939 -7753.75
(1,2,((3,((4,5),6)),(((((7,8),9),10),11),12))); -7703.15 -1.29079 79.9736 39.2688 -7745.14
(1,2,((3,((4,5),6)),((((7,8),9),10),(11,12)))); -7690.95 -1.42103 83.2912 39.12 -7736.54
(1,2,((3,((4,5),6)),(((((7,8),9),10),12),11))); -7689.08 -1.54651 79.9217 39.4981 -7731.05
(1,(2,(((((7,8),9),10),11),12)),(3,((4,5),6))); -7703.81 -3.2175 77.8885 38.759 -7746.15
(1,2,((3,((4,5),6)),(((((7,8),9),10),11),12))); -7699.17 -1.29079 82.6956 38.9204 -7744.24
(1,2,((3,((4,5),6)),(((((7,8),9),10),12),11))); -7687.54 -1.54651 78.4747 38.2845 -7729.28
(1,2,((3,((4,5),6)),((((7,8),9),10),(11,12)))); -7692.27 -1.42103 81.5197 38.6171 -7736.59
(1,2,((3,((4,5),6)),((((7,8),9),10),(11,12)))); -7697.74 -1.42103 75.2815 38.9403 -7735.5
(1,2,((3,((4,5),6)),(((((7,8),9),10),12),11))); -7686.97 -1.54651 80.1329 39.1131 -7729.54
(1,2,(((3,6),(4,5)),(((((7,8),9),10),11),12))); -7703.01 -3.50917 80.1293 38.8336 -7747.81
(1,2,((3,((4,5),6)),(((((7,8),9),10),12),11))); -7693.9 -1.54651 77.5989 39.3603 -7733.68
(1,2,((3,((4,5),6)),((((7,8),9),10),(11,12)))); -7703.58 -1.42103 72.1478 39.1009 -7738.05
(1,2,((3,((4,5),6)),(((((7,8),9),10),12),11))); -7686.55 -1.54651 81.6312 39.0647 -7730.66
(1,2,(((3,6),(4,5)),(((((7,8),9),10),11),12))); -7702.41 -3.50917 80.9575 38.6823 -7748.2
(1,2,((3,((4,5),6)),((((7,8),9),10),(11,12)))); -7688.64 -1.42103 85.2364 38.9048 -7736.39
(1,2,((3,((4,5),6)),((((7,8),9),10),(11,12)))); -7697.04 -1.42103 77.2738 39.1699 -7736.56
(1,2,((3,((4,5),6)),(((((7,8),9),10),11),12))); -7703.21 -1.29079 78.4612 39.0158 -7743.94
(1,2,((3,((4,5),6)),(((((7,8),9),10),11),12))); -7706.38 -1.29079 73.6343 38.5786 -7742.73
(1,2,((3,((4,5),6)),(((((7,8),9),10),12),11))); -7693.98 -1.54651 77.2035 39.5743 -7733.15
(1,2,((3,((4,5),6)),((((7,8),9),10),(11,12)))); -7695.9 -1.42103 79.8896 39.6163 -7737.59
(1,2,((3,((4,5),6)),(((((7,8),9),10),11),12))); -7701.46 -1.29079 80.6268 39.1359 -7744.25
(1,2,((3,((4,5),6)),(((((7,8),9),10),12),11))); -7688.6 -1.54651 80.0002 39.4545 -7730.69
(1,2,((3,((4,5),6)),(((((7,8),9),10),11),12))); -7699.5 -1.29079 80.7638 38.7502 -7742.8
(1,2,((3,((4,5),6)),((((7,8),9),10),(11,12)))); -7693.75 -1.42103 80.8816 39.4333 -7736.62
(1,2,(((3,6),(4,5)),((((7,8),9),10),(11,12)))); -7694.06 -3.6394 82.5991 39.2524 -7741.05
(1,2,((3,((4,5),6)),((((7,8),9),10),(11,12)))); -7691.8 -1.42103 83.0877 38.9761 -7737.34
(1,2,((3,((4,5),6)),(((((7,8),9),10),12),11))); -7687.46 -1.54651 82.1301 39.621 -7731.52
(1,2,((3,((4,5),6)),((((7,8),9),10),(11,12)))); -7692.27 -1.42103 82.4049 38.9084 -7737.18
(1,2,(((3,6),(4,5)),(((((7,8),9),10),11),12))); -7702.86 -3.50917 80.4627 38.8694 -7747.96
(1,2,((3,((4,5),6)),(((((7,8),9),10),11),12))); -7708.83 -1.29079 73.4138 39.0046 -7744.53
(1,2,((3,((4,5),6)),(((((7,8),9),10),11),12))); -7701.85 -1.29079 77.359 38.4529 -7742.05
(1,2,(((3,(4,5)),6),((((7,8),9),10),(11,12)))); -7699.6 -4.06202 80.8992 39.0667 -7745.49
(1,2,((3,((4,5),6)),(((((7,8),9),10),12),11))); -7686.02 -1.54651 80.7098 38.8976 -7729.37
(1,2,((3,((4,5),6)),((((7,8),9),10),(11,12)))); -7699.56 -1.42103 74.0818 39.5226 -7735.54
(1,2,(((3,6),(4,5)),(((((7,8),9),10),11),12))); -7701.35 -3.50917 80.5393 38.8519 -7746.55
(1,2,((3,((4,5),6)),((((7,8),9),10),(11,12)))); -7693.71 -1.42103 80.2175 38.7061 -7736.64
(1,(2,(((((7,8),9),10),12),11)),(3,((4,5),6))); -7689.34 -3.47322 77.7712 38.8883 -7731.7
(1,2,(((3,(4,5)),6),((((7,8),9),10),(11,12)))); -7698.98 -4.06202 80.6123 38.6689 -7744.98
(1,2,((3,((4,5),6)),(((((7,8),9),10),12),11))); -7688.36 -1.54651 80.6406 38.8703 -7731.67
(1,(2,(((((7,8),9),10),11),12)),(3,((4,5),6))); -7699.61 -3.2175 81.7719 39.5307 -7745.07
(1,2,(((3,6),(4,5)),((((7,8),9),10),(11,12)))); -7697.61 -3.6394 77.6615 38.6357 -7740.27
(1,2,((3,((4,5),6)),(((((7,8),9),10),12),11))); -7685.72 -1.54651 83.9113 39.3149 -7731.86
(1,2,((3,((4,5),6)),(((((7,8),9),10),11),12))); -7700.03 -1.29079 82.7076 39.2724 -7744.75
(1,2,((3,((4,5),6)),((((7,8),9),10),(11,12)))); -7698.45 -1.42103 74.8169 39.2102 -7735.47
(1,2,((3,((4,5),6)),((((7,8),9),10),(11,12)))); -7692.18 -1.42103 82.2352 39.2073 -7736.63
(1,(2,((((7,8),9),10),(11,12))),(3,((4,5),6))); -7687.75 -3.34774 82.937 39.2789 -7734.76
(1,(2,((((7,8),9),10),(11,12))),(3,((4,5),6))); -7693.37 -3.34774 75.1111 38.4271 -7733.4
(1,2,((3,((4,5),6)),(((((7,8),9),10),11),12))); -7703.66 -1.29079 77.217 39.4406 -7742.73
(1,2,((3,((4,5),6)),(((((7,8),9),10),11),12))); -7701.94 -1.29079 78.4796 39.2698 -7742.44
(1,2,((3,((4,5),6)),(((((7,8),9),10),12),11))); -7684.12 -1.54651 83.3942 39.1772 -7729.88
(1,2,((3,((4,5),6)),((((7,8),9),10),(11,12)))); -7693.95 -1.42103 80.2833 39.264 -7736.39
(1,2,((3,((4,5),6)),(((((7,8),9),10),11),12))); -7703.63 -1.29079 80.4256 39.5494 -7745.8
(1,2,(((3,6),(4,5)),((((7,8),9),10),(11,12)))); -7697.54 -3.6394 78.9369 38.7842 -7741.33
(1,2,((3,((4,5),6)),(((((7,8),9),10),11),12))); -7703.8 -1.29079 76.9088 38.9121 -7743.09
(1,2,(((3,6),(4,5)),(((((7,8),9),10),11),12))); -7705.49 -3.50917 78.9436 38.6496 -7749.3
(1,(2,((((7,8),9),10),(11,12))),(3,((4,5),6))); -7694.36 -3.34774 76.0863 39.249 -7734.54
(1,2,((3,((4,5),6)),((((7,8),9),10),(11,12)))); -7693.19 -1.42103 80.204 38.7398 -7736.08
(1,2,((3,((4,5),6)),(((((7,8),9),10),11),12))); -7698.89 -1.29079 81.7157 38.82 -7743.08
(1,2,((3,((4,5),6)),(((((7,8),9),10),11),12))); -7700.55 -1.29079 81.1468 39.0624 -7743.93
(1,2,((3,((4,5),6)),(((((7,8),9),10),11),12))); -7698.15 -1.29079 81.9937 38.8999 -7742.53
(1,2,((3,((4,5),6)),(((((7,8),9),10),11),12))); -7701.89 -1.29079 80.821 39.2991 -7744.71
(1,2,((3,((4,5),6)),(((((7,8),9),10),11),12))); -7700.32 -1.29079 79.6656 38.6164 -7742.66
(1,2,((3,((4,5),6)),(((((7,8),9),10),12),11))); -7690.23 -1.54651 77.45 38.9262 -7730.3
(1,2,((3,((4,5),6)),((((7,8),9),10),(11,12)))); -7697.37 -1.42103 78.042 39.1458 -7737.69
(1,2,((3,((4,5),6)),(((((7,8),9),10),11),12))); -7702.27 -1.29079 80.9719 39.5966 -7744.93
(1,2,((3,((4,5),6)),(((((7,8),9),10),11),12))); -7702.43 -1.29079 78.8691 38.9897 -7743.61
(1,2,((3,((4,5),6)),(((((7,8),9),10),11),12))); -7708.12 -1.29079 72.7426 38.8153 -7743.34
(1,2,(((3,6),(4,5)),((((7,8),9),10),(11,12)))); -7695.5 -3.6394 79.0542 38.5216 -7739.67
(1,2,((3,((4,5),6)),(((((7,8),9),10),12),11))); -7683 -1.54651 84.0226 38.752 -7729.82
(1,2,((3,((4,5),6)),((((7,8),9),10),(11,12)))); -7688.65 -1.42103 85.4641 39.1155 -7736.42
(1,2,((3,((4,5),6)),(((((7,8),9),10),11),12))); -7702.06 -1.29079 77.307 38.1312 -7742.53
(1,2,((3,((4,5),6)),(((((7,8),9),10),12),11))); -7689.93 -1.54651 80.3743 39.3376 -7732.52
(1,2,((3,((4,5),6)),(((((7,8),9),10),12),11))); -7689.25 -1.54651 78.1228 38.6915 -7730.22
(1,2,(((3,6),(4,5)),((((7,8),9),10),(11,12)))); -7697.83 -3.6394 80.0614 39.0231 -7742.51
(1,2,(((3,(4,5)),6),(((((7,8),9),10),12),11))); -7698.17 -4.18751 76.7232 38.1474 -7740.93
(1,2,((3,((4,5),6)),(((((7,8),9),10),11),12))); -7699.83 -1.29079 79.0428 38.5361 -7741.62
(1,2,((3,((4,5),6)),((((7,8),9),10),(11,12)))); -7692.51 -1.42103 82.1284 38.8096 -7737.25
(1,(2,(((((7,8),9),10),12),11)),(3,((4,5),6))); -7687.18 -3.47322 80.1777 39.2866 -7731.55
(1,2,((3,((4,5),6)),(((((7,8),9),10),11),12))); -7707.28 -1.29079 75.3701 39.4923 -7744.45
(1,2,(((3,(4,5)),6),(((((7,8),9),10),11),12))); -7706.89 -3.93178 82.1601 39.1307 -7753.85
(1,(2,(((((7,8),9),10),11),12)),(3,((4,5),6))); -7702.86 -3.2175 77.6301 39.0732 -7744.64
(1,2,((3,((4,5),6)),((((7,8),9),10),(11,12)))); -7693.13 -1.42103 80.2204 38.8525 -7735.92
(1,2,((3,((4,5),6)),(((((7,8),9),10),11),12))); -7697.63 -1.29079 84.0684 39.1865 -7743.81
(1,2,((3,((4,5),6)),(((((7,8),9),10),12),11))); -7690.23 -1.54651 77.4768 38.543 -7730.71
(1,2,((3,((4,5),6)),(((((7,8),9),10),11),12))); -7706.42 -1.29079 74.8425 39.0865 -7743.47
(1,2,((3,((4,5),6)),(((((7,8),9),10),11),12))); -7696.38 -1.29079 84.0031 38.6967 -7742.97
(1,2,((3,((4,5),6)),((((7,8),9),10),(11,12)))); -7689.74 -1.42103 85.1767 39.0551 -7737.29
(1,2,((3,((4,5),6)),((((7,8),9),10),(11,12)))); -7690.29 -1.42103 82.1034 38.9324 -7734.89
(1,2,((3,((4,5),6)),((((7,8),9),10),(11,12)))); -7690.1 -1.42103 84.698 38.8808 -7737.34
(1,2,((3,((4,5),6)),(((((7,8),9),10),12),11))); -7686.72 -1.54651 81.2659 39.0161 -7730.52
(1,2,((3,((4,5),6)),(((((7,8),9),10),12),11))); -7691.46 -1.54651 73.9672 39.0155 -7727.96
(1,2,((3,((4,5),6)),(((((7,8),9),10),11),12))); -7702.45 -1.29079 78.934 39.1699 -7743.51
(1,2,(((3,6),(4,5)),(((((7,8),9),10),11),12))); -7702.6 -3.50917 82.1154 39.5971 -7748.63
(1,2,((3,((4,5),6)),(((((7,8),9),10),11),12))); -7699.04 -1.29079 82.2555 39.0536 -7743.53
(1,2,((3,((4,5),6)),(((((7,8),9),10),11),12))); -7702.38 -1.29079 80.8252 39.6752 -7744.82
(1,2,((3,((4,5),6)),((((7,8),9),10),(11,12)))); -7693.74 -1.42103 80.651 39.0879 -7736.72
(1,2,(((3,(4,5)),6),(((((7,8),9),10),12),11))); -7690.93 -4.18751 83.6052 38.873 -7739.85
(1,2,((3,((4,5),6)),(((((7,8),9),10),12),11))); -7689 -1.54651 79.536 38.6975 -7731.39
(1,2,((3,((4,5),6)),(((((7,8),9),10),12),11))); -7689.42 -1.54651 79.6895 39.1488 -7731.51
(1,2,((3,((4,5),6)),(((((7,8),9),10),12),11))); -7692.35 -1.54651 75.8204 38.8727 -7730.84
(1,2,((3,((4,5),6)),((((7,8),9),10),(11,12)))); -7693.99 -1.42103 80.9462 38.8624 -7737.5
(1,(2,(((((7,8),9),10),11),12)),(3,((4,5),6))); -7698.5 -3.2175 81.0971 38.7216 -7744.09
(1,2,((3,((4,5),6)),(((((7,8),9),10),11),12))); -7706.39 -1.29079 75.0883 39.0571 -7743.72
(1,2,(((3,(5,6)),4),(((((7,8),9),10),12),11))); -7714.99 -10.5794 83.2856 38.9985 -7769.86
(1,2,((3,((4,5),6)),((((7,8),9),10),(11,12)))); -7687.93 -1.42103 86.6138 39.3873 -7736.58
(1,2,((3,((4,5),6)),((((7,8),9),10),(11,12)))); -7693.04 -1.42103 81.6178 39.2902 -7736.79
(1,(2,(((((7,8),9),10),11),12)),(3,((4,5),6))); -7700.96 -3.2175 79.0705 38.8185 -7744.43
(1,2,((3,((4,5),6)),(((((7,8),9),10),11),12))); -7706.56 -1.29079 73.3819 38.9752 -7742.26
(1,(2,(((((7,8),9),10),11),12)),(3,((4,5),6))); -7697.41 -3.2175 84.1824 39.2256 -7745.58
(1,2,((3,((4,5),6)),((((7,8),9),10),(11,12)))); -7698.53 -1.42103 76.4922 38.875 -7737.57
(1,2,((3,((4,5),6)),(((((7,8),9),10),11),12))); -7704.04 -1.29079 78.3364 38.7988 -7744.87
(1,(2,((((7,8),9),10),(11,12))),(3,((4,5),6))); -7693.25 -3.34774 78.3423 39.1392 -7735.8
(1,2,((3,((4,5),6)),(((((7,8),9),10),12),11))); -7683.53 -1.54651 84.0764 39.0671 -7730.08
(1,2,((3,((4,5),6)),(((((7,8),9),10),11),12))); -7701.61 -1.29079 78.7627 39.3904 -7742.27
(1,2,((3,((4,5),6)),(((((7,8),9),10),12),11))); -7682.7 -1.54651 84.461 39.1745 -7729.53
(1,2,((3,((4,5),6)),(((((7,8),9),10),12),11))); -7684.31 -1.54651 83.9645 39.0373 -7730.79
(1,2,((3,((4,5),6)),(((((7,8),9),10),12),11))); -7687.32 -1.54651 81.3918 38.9116 -7731.35
(1,2,((3,((4,5),6)),(((((7,8),9),10),12),11))); -7688.47 -1.54651 79.7222 38.6199 -7731.12
(1,2,((3,((4,5),6)),((((7,8),9),10),(11,12)))); -7692.15 -1.42103 83.4541 39.0397 -7737.98
(1,2,((3,((4,5),6)),(((((7,8),9),10),11),12))); -7702.35 -1.29079 78.5785 39.0996 -7743.12
(1,(2,((((7,8),9),10),(11,12))),(3,((4,5),6))); -7691.47 -3.34774 78.6052 39.5213 -7733.9
(1,2,(((3,6),(4,5)),(((((7,8),9),10),11),12))); -7708.96 -3.50917 76.3176 38.9808 -7749.81
(1,2,((3,((4,5),6)),(((((7,8),9),10),12),11))); -7688.55 -1.54651 81.1655 39.4068 -7731.86
(1,2,(((3,(4,5)),6),((((7,8),9),10),(11,12)))); -7697.38 -4.06202 80.2381 38.6572 -7743.03
(1,2,((3,((4,5),6)),((((7,8),9),10),(11,12)))); -7693.37 -1.42103 81.8553 39.292 -7737.35
(1,2,((3,((4,5),6)),(((((7,8),9),10),11),12))); -7700.39 -1.29079 82.114 39.1271 -7744.67
(1,(2,(((((7,8),9),10),11),12)),(3,((4,5),6))); -7704.36 -3.2175 75.3858 38.4582 -7744.51
(1,2,((3,((4,5),6)),(((((7,8),9),10),12),11))); -7686.77 -1.54651 79.3619 38.7044 -7728.97
(1,2,((3,((4,5),6)),((((7,8),9),10),(11,12)))); -7692.48 -1.42103 81.7341 38.9893 -7736.65
(1,2,((3,((4,5),6)),(((((7,8),9),10),12),11))); -7686.68 -1.54651 80.0071 38.9586 -7729.28
(1,2,((3,((4,5),6)),(((((7,8),9),10),12),11))); -7687.79 -1.54651 81.017 39.3075 -7731.05
(1,2,((3,((4,5),6)),((((7,8),9),10),(11,12)))); -7690.48 -1.42103 81.8582 38.7323 -7735.03
(1,2,((3,((4,5),6)),(((((7,8),9),10),11),12))); -7701.78 -1.29079 79.3313 38.6647 -7743.74
(1,2,((3,((4,5),6)),(((((7,8),9),10),12),11))); -7690.96 -1.54651 78.0579 38.9884 -7731.57
(1,2,((3,((4,5),6)),(((((7,8),9),10),11),12))); -7701.01 -1.29079 81.0215 38.7954 -7744.53
(1,2,((3,((4,5),6)),(((((7,8),9),10),11),12))); -7702.46 -1.29079 81.3946 39.6362 -7745.51
(1,2,((3,((4,5),6)),(((((7,8),9),10),11),12))); -7708.64 -1.29079 72.0229 38.9687 -7742.99
(1,(2,((((7,8),9),10),(11,12))),(3,((4,5),6))); -7695.58 -3.34774 75.3604 38.9994 -7735.28
(1,(2,(((((7,8),9),10),12),11)),(3,((4,5),6))); -7687.44 -3.47322 78.9166 38.7681 -7731.06
(1,2,((3,((4,5),6)),(((((7,8),9),10),11),12))); -7701.4 -1.29079 79.4994 38.9206 -7743.27
(1,2,((3,((4,5),6)),((((7,8),9),10),(11,12)))); -7694.87 -1.42103 81.1563 39.1533 -7738.29
(1,2,((3,((4,5),6)),((((7,8),9),10),(11,12)))); -7691.78 -1.42103 81.7442 38.9982 -7735.95
(1,2,((3,((4,5),6)),(((((7,8),9),10),11),12))); -7696.34 -1.29079 83.7802 39.0295 -7742.38
(1,2,((3,((4,5),6)),((((7,8),9),10),(11,12)))); -7694.95 -1.42103 79.9478 38.669 -7737.65
(1,2,((3,((4,5),6)),(((((7,8),9),10),11),12))); -7699.57 -1.29079 80.5799 39.1228 -7742.32
(1,2,(((3,6),(4,5)),(((((7,8),9),10),12),11))); -7685.2 -3.76489 84.2017 38.6787 -7734.49
(1,2,((3,((4,5),6)),(((((7,8),9),10),12),11))); -7691.57 -1.54651 76.7376 39.056 -7730.8
(1,2,((3,((4,5),6)),(((((7,8),9),10),11),12))); -7707.65 -1.29079 74.1258 38.9198 -7744.15
(1,2,((3,((4,5),6)),(((((7,8),9),10),11),12))); -7698.43 -1.29079 84.0648 39.6402 -7744.14
(1,2,((3,((4,5),6)),(((((7,8),9),10),12),11))); -7692.38 -1.54651 75.9127 38.9209 -7730.91
(1,2,((3,((4,5),6)),(((((7,8),9),10),11),12))); -7700.11 -1.29079 80.406 38.8332 -7742.98
(1,2,((3,((4,5),6)),((((7,8),9),10),(11,12)))); -7693.66 -1.42103 81.2687 38.8342 -7737.52
(1,2,((3,((4,5),6)),(((((7,8),9),10),11),12))); -7704.75 -1.29079 76.523 39.0282 -7743.54
(1,2,((3,((4,5),6)),(((((7,8),9),10),11),12))); -7704.89 -1.29079 75.1459 38.9214 -7742.41
(1,(2,(((((7,8),9),10),11),12)),(3,((4,5),6))); -7703.41 -3.2175 77.5819 39.3754 -7744.83
(1,2,((3,((4,5),6)),(((((7,8),9),10),12),11))); -7689.64 -1.54651 78.3407 39.4091 -7730.12
(1,2,(((3,6),(4,5)),(((((7,8),9),10),11),12))); -7700.03 -3.50917 84.2262 39.1433 -7748.62
(1,2,((3,((4,5),6)),(((((7,8),9),10),11),12))); -7705.69 -1.29079 73.8464 38.7125 -7742.12
(1,2,((3,((4,5),6)),((((7,8),9),10),(11,12)))); -7691.7 -1.42103 81.0498 38.8001 -7735.37
(1,2,((3,((4,5),6)),(((((7,8),9),10),11),12))); -7704.49 -1.29079 78.612 39.4771 -7744.91
(1,2,(((3,6),(4,5)),((((7,8),9),10),(11,12)))); -7700.11 -3.6394 76.0619 39.0384 -7740.78
(1,2,((3,((4,5),6)),(((((7,8),9),10),12),11))); -7690.11 -1.54651 77.1748 38.7718 -7730.06
(1,2,((3,((4,5),6)),(((((7,8),9),10),11),12))); -7696.22 -1.29079 84.5564 38.8036 -7743.26
(1,2,((3,((4,5),6)),(((((7,8),9),10),12),11))); -7685.79 -1.54651 83.3964 39.1259 -7731.61
(1,2,((3,((4,5),6)),(((((7,8),9),10),11),12))); -7705.41 -1.29079 78.5405 39.2422 -7745.99
(1,2,(((3,(4,5)),6),(((((7,8),9),10),11),12))); -7704.46 -3.93178 82.4087 38.7747 -7752.03
(1,(2,((((7,8),9),10),(11,12))),(3,((4,5),6))); -7686.18 -3.34774 82.8014 38.6141 -7733.71
(1,2,(((3,6),(4,5)),((((7,8),9),10),(11,12)))); -7696.05 -3.6394 81.9156 39.2547 -7742.35
(1,2,((3,((4,5),6)),(((((7,8),9),10),11),12))); -7700.63 -1.29079 80.4669 39.3968 -7742.99
(1,2,((3,((4,5),6)),(((((7,8),9),10),11),12))); -7699.12 -1.29079 82.2075 39.0352 -7743.58
(1,2,((3,((4,5),6)),((((7,8),9),10),(11,12)))); -7689.89 -1.42103 85.1991 39.1431 -7737.37
(1,2,((3,((4,5),6)),(((((7,8),9),10),11),12))); -7705.17 -1.29079 79.784 38.7852 -7747.46
(1,2,((3,((4,5),6)),(((((7,8),9),10),11),12))); -7698.45 -1.29079 83.0167 38.9122 -7743.85
(1,2,(((3,(4,5)),6),((((7,8),9),10),(11,12)))); -7695.87 -4.06202 84.8399 39.1334 -7745.64
(1,2,((3,((4,5),6)),(((((7,8),9),10),12),11))); -7688.98 -1.54651 78.5995 39.357 -7729.76
(1,2,((3,((4,5),6)),(((((7,8),9),10),11),12))); -7700.37 -1.29079 81.1926 39.0438 -7743.81
(1,(2,((((7,8),9),10),(11,12))),(3,((4,5),6))); -7690.65 -3.34774 78.4117 38.9457 -7733.46
(1,2,((3,((4,5),6)),(((((7,8),9),10),12),11))); -7683.87 -1.54651 84.6289 38.9381 -7731.1
(1,2,((3,((4,5),6)),(((((7,8),9),10),11),12))); -7704.68 -1.29079 76.335 39.001 -7743.3
(1,2,((3,((4,5),6)),(((((7,8),9),10),12),11))); -7687.99 -1.54651 81.123 38.8115 -7731.84
(1,2,(((3,6),(4,5)),(((((7,8),9),10),11),12))); -7703.18 -3.50917 79.5726 38.9117 -7747.35
(1,2,((3,((4,5),6)),((((7,8),9),10),(11,12)))); -7694.28 -1.42103 80.1706 39.3173 -7736.55
(1,2,((3,((4,5),6)),(((((7,8),9),10),12),11))); -7694.36 -1.54651 73.2123 39.1041 -7730.01
(1,2,((3,((4,5),6)),(((((7,8),9),10),11),12))); -7701.3 -1.29079 80.4593 39.2524 -7743.8
(1,2,((3,((4,5),6)),(((((7,8),9),10),12),11))); -7692.24 -1.54651 77.472 39.1723 -7732.09
(1,2,((3,((4,5),6)),((((7,8),9),10),(11,12)))); -7697.74 -1.42103 76.7687 39.0888 -7736.84
(1,2,((3,((4,5),6)),((((7,8),9),10),(11,12)))); -7697.22 -1.42103 79.2772 39.54 -7738.38
(1,2,((3,((4,5),6)),((((7,8),9),10),(11,12)))); -7697.23 -1.42103 77.3488 39.1257 -7736.87
(1,2,((3,((4,5),6)),((((7,8),9),10),(11,12)))); -7704.18 -1.42103 72.1327 39.4693 -7738.27
(1,(2,((((7,8),9),10),(11,12))),(3,((4,5),6))); -7693.43 -3.34774 76.5401 39.2811 -7734.04
(1,(2,(((((7,8),9),10),12),11)),(3,((4,5),6))); -7685.98 -3.47322 80.1501 39.5939 -7730.01
(1,2,((3,((4,5),6)),(((((7,8),9),10),12),11))); -7686.96 -1.54651 80.0367 38.8551 -7729.69
(1,2,(((3,6),(4,5)),(((((7,8),9),10),12),11))); -7686.26 -3.76489 83.3787 38.9087 -7734.49
(1,2,((3,((4,5),6)),((((7,8),9),10),(11,12)))); -7696.73 -1.42103 77.2304 39.1451 -7736.24
(1,(2,(((((7,8),9),10),11),12)),(3,((4,5),6))); -7705.52 -3.2175 75.4063 39.113 -7745.03
(1,2,((3,((4,5),6)),(((((7,8),9),10),12),11))); -7689.27 -1.54651 77.1457 38.8967 -7729.07
(1,2,((3,((4,5),6)),(((((7,8),9),10),12),11))); -7685.17 -1.54651 82.5306 38.851 -7730.39
(1,2,((3,((4,5),6)),((((7,8),9),10),(11,12)))); -7705.96 -1.42103 71.2486 39.0844 -7739.55
(1,2,((3,((4,5),6)),(((((7,8),9),10),11),12))); -7700.46 -1.29079 79.0276 38.7607 -7742.02
(1,2,((3,((4,5),6)),(((((7,8),9),10),12),11))); -7683.86 -1.54651 82.1768 38.8756 -7728.71
(1,2,((3,((4,5),6)),((((7,8),9),10),(11,12)))); -7695.42 -1.42103 76.1369 38.6963 -7734.28
(1,2,((3,((4,5),6)),((((7,8),9),10),(11,12)))); -7691.78 -1.42103 80.7559 38.4616 -7735.49
(1,2,((3,((4,5),6)),(((((7,8),9),10),12),11))); -7691.76 -1.54651 78.1893 39.6105 -7731.88
(1,2,((3,((4,5),6)),(((((7,8),9),10),11),12))); -7702.01 -1.29079 77.8617 39.0454 -7742.12
(1,2,(((3,(4,5)),6),(((((7,8),9),10),11),12))); -7711.56 -3.93178 74.3759 38.9262 -7750.95
(1,2,((3,((4,5),6)),(((((7,8),9),10),11),12))); -7702.15 -1.29079 80.3724 39.3647 -7744.45
(1,2,((3,((4,5),6)),(((((7,8),9),10),11),12))); -7705.25 -1.29079 74.8403 38.67 -7742.71
(1,2,((3,((4,5),6)),((((7,8),9),10),(11,12)))); -7697.15 -1.42103 78.2527 39.2673 -7737.56
(1,2,((3,((4,5),6)),((((7,8),9),10),(11,12)))); -7692.17 -1.42103 81.2991 38.869 -7736.02
(1,2,((3,((4,5),6)),(((((7,8),9),10),12),11))); -7686.58 -1.54651 81.7946 39.457 -7730.46
(1,2,((3,((4,5),6)),(((((7,8),9),10),12),11))); -7688.06 -1.54651 80.0637 39.1816 -7730.49
(1,2,((3,((4,5),6)),(((((7,8),9),10),12),11))); -7692.85 -1.54651 76.5824 38.8113 -7732.17
(1,2,((3,((4,5),6)),(((((7,8),9),10),11),12))); -7704.53 -1.29079 76.5488 39.1715 -7743.2
(1,2,((3,((4,5),6)),((((7,8),9),10),(11,12)))); -7692.93 -1.42103 81.087 39.4947 -7735.94
(1,2,((3,((4,5),6)),((((7,8),9),10),(11,12)))); -7689.63 -1.42103 84.1746 39.1375 -7736.09
(1,2,(((3,6),(4,5)),(((((7,8),9),10),11),12))); -7702.14 -3.50917 80.7844 38.8289 -7747.6
(1,2,((3,((4,5),6)),(((((7,8),9),10),12),11))); -7685.74 -1.54651 82.2612 39.0408 -7730.5
(1,2,((3,((4,5),6)),((((7,8),9),10),(11,12)))); -7688.23 -1.42103 85.9172 39.0829 -7736.48
(1,2,(((3,6),(4,5)),(((((7,8),9),10),12),11))); -7693.32 -3.76489 77.173 38.9307 -7735.33
(1,2,((3,((4,5),6)),(((((7,8),9),10),12),11))); -7691.19 -1.54651 76.9878 38.8863 -7730.84
(1,2,((3,((4,5),6)),(((((7,8),9),10),11),12))); -7703.63 -1.29079 78.9034 39.3418 -7744.49
(1,(2,((((7,8),9),10),(11,12))),(3,((4,5),6))); -7692.55 -3.34774 77.1326 38.9562 -7734.07
(1,(2,((((7,8),9),10),(11,12))),(3,((4,5),6))); -7692.07 -3.34774 78.6336 39.1673 -7734.89
(1,2,((3,((4,5),6)),((((7,8),9),10),(11,12)))); -7692.9 -1.42103 80.6826 38.698 -7736.31
(1,2,((3,((4,5),6)),(((((7,8),9),10),12),11))); -7686.66 -1.54651 81.1954 39.427 -7729.98
(1,2,((3,((4,5),6)),((((7,8),9),10),(11,12)))); -7690.85 -1.42103 84.3349 38.968 -7737.64
(1,2,((3,((4,5),6)),((((7,8),9),10),(11,12)))); -7698.91 -1.42103 76.3455 38.9794 -7737.7
(1,2,((3,((4,5),6)),((((7,8),9),10),(11,12)))); -7691.89 -1.42103 82.5183 38.6322 -7737.19
(1,2,((3,((4,5),6)),(((((7,8),9),10),11),12))); -7697.78 -1.29079 82.3355 38.8257 -7742.58
(1,2,((3,((4,5),6)),((((7,8),9),10),(11,12)))); -7689.7 -1.42103 84.6863 39.0925 -7736.72
(1,2,((3,((4,5),6)),((((7,8),9),10),(11,12)))); -7691.23 -1.42103 81.1116 38.9615 -7734.81
(1,2,((3,((4,5),6)),(((((7,8),9),10),11),12))); -7699.91 -1.29079 79.9 39.3118 -7741.79
(1,2,((3,((4,5),6)),(((((7,8),9),10),12),11))); -7687.73 -1.54651 80.7114 38.9782 -7731
(1,2,((3,((4,5),6)),(((((7,8),9),10),11),12))); -7702.56 -1.29079 79.542 39.1988 -7744.19
(1,2,((3,((4,5),6)),(((((7,8),9),10),11),12))); -7702.32 -1.29079 77.6337 38.89 -7742.36
(1,2,(((3,6),(4,5)),(((((7,8),9),10),11),12))); -7699.62 -3.50917 83.2954 39.011 -7747.41
(1,2,((3,((4,5),6)),((((7,8),9),10),(11,12)))); -7703.25 -1.42103 71.0091 38.9842 -7736.7
(1,(2,(((((7,8),9),10),12),11)),(3,((4,5),6))); -7686.21 -3.47322 79.9213 38.7992 -7730.8
(1,2,((3,((4,5),6)),(((((7,8),9),10),12),11))); -7688.69 -1.54651 81.587 39.3834 -7732.44
(1,(2,((((7,8),9),10),(11,12))),(3,((4,5),6))); -7690.37 -3.34774 79.8003 38.8473 -7734.68
(1,2,((3,((4,5),6)),(((((7,8),9),10),11),12))); -7699.22 -1.29079 80.0039 38.9728 -7741.54
(1,2,((3,((4,5),6)),(((((7,8),9),10),11),12))); -7703.88 -1.29079 75.137 38.5696 -7741.74
(1,2,((3,((4,5),6)),(((((7,8),9),10),11),12))); -7700.69 -1.29079 79.7592 38.8829 -7742.86
(1,2,((3,((4,5),6)),(((((7,8),9),10),11),12))); -7707.72 -1.29079 73.2804 38.7061 -7743.58
(1,2,(((3,6),(4,5)),(((((7,8),9),10),11),12))); -7707.2 -3.50917 74.5002 38.8563 -7746.35
(1,2,((3,((4,5),6)),(((((7,8),9),10),12),11))); -7686.92 -1.54651 80.2458 38.8871 -7729.83
(1,2,((3,((4,5),6)),(((((7,8),9),10),11),12))); -7698.43 -1.29079 82.7636 39.2781 -7743.2
(1,2,(((3,6),(4,5)),(((((7,8),9),10),12),11))); -7694.05 -3.76489 76.0778 39.2054 -7734.69
(1,2,((3,((4,5),6)),(((((7,8),9),10),11),12))); -7702.86 -1.29079 78.6605 39.3872 -7743.42
(1,2,((3,((4,5),6)),((((7,8),9),10),(11,12)))); -7692.69 -1.42103 82.2333 38.6753 -7737.67
(1,2,((3,((4,5),6)),(((((7,8),9),10),11),12))); -7700.73 -1.29079 80.9289 39.4302 -7743.52
(1,2,((3,(((((7,8),9),10),12),11)),((4,5),6))); -7705.71 -7.08104 79.4172 38.878 -7753.33
(1,2,((3,((4,5),6)),((((7,8),9),10),(11,12)))); -7692.21 -1.42103 80.7333 38.9076 -7735.46
(1,2,(((3,6),(4,5)),((((7,8),9),10),(11,12)))); -7697.91 -3.6394 77.681 38.8477 -7740.38
(1,2,(((3,6),(4,5)),((((7,8),9),10),(11,12)))); -7695.52 -3.6394 79.4557 38.7573 -7739.86
(1,2,((3,((4,5),6)),(((((7,8),9),10),11),12))); -7697.5 -1.29079 83.3054 39.3297 -7742.77
(1,2,(((3,(4,5)),6),(((((7,8),9),10),12),11))); -7695.71 -4.18751 80.7804 38.9179 -7741.76
(1,(2,(((((7,8),9),10),12),11)),(3,((4,5),6))); -7683.45 -3.47322 83.1718 39.1882 -7730.9
(1,2,((3,((4,5),6)),((((7,8),9),10),(11,12)))); -7697.52 -1.42103 77.2487 39.1394 -7737.05
(1,2,((3,((4,5),6)),((((7,8),9),10),(11,12)))); -7691.38 -1.42103 81.6435 38.8871 -7735.56
(1,2,(((3,(4,5)),6),((((7,8),9),10),(11,12)))); -7703.04 -4.06202 76.4107 38.9518 -7744.56
(1,(2,((((7,8),9),10),(11,12))),((3,(4,5)),6)); -7703.68 -5.98873 75.5868 39.6467 -7745.61
(1,2,(((3,(4,5)),6),((((7,8),9),10),(11,12)))); -7700.57 -4.06202 79.6564 38.5338 -7745.76
(1,2,((3,((4,5),6)),(((((7,8),9),10),11),12))); -7705.08 -1.29079 75.16 39.4786 -7742.05
(1,2,((3,((4,5),6)),(((((7,8),9),10),11),12))); -7698.19 -1.29079 83.5811 39.0215 -7744.04
(1,2,((3,((4,5),6)),(((((7,8),9),10),12),11))); -7688.17 -1.54651 80.4893 39.1132 -7731.1
(1,2,((3,((4,5),6)),((((7,8),9),10),(11,12)))); -7692.29 -1.42103 82.7469 39.1356 -7737.32
(1,2,((3,((4,5),6)),((((7,8),9),10),(11,12)))); -7694.63 -1.42103 80.2243 39.2979 -7736.98
(1,2,(((3,6),(4,5)),(((((7,8),9),10),12),11))); -7693.14 -3.76489 76.5124 39.1943 -7734.23
(1,2,(((3,6),(4,5)),(((((7,8),9),10),12),11))); -7688.19 -3.76489 80.7442 39.1668 -7733.54
(1,2,(((3,6),(4,5)),(((((7,8),9),10),11),12))); -7700.7 -3.50917 81.2489 38.85 -7746.61
(1,2,((3,((4,5),6)),((((7,8),9),10),(11,12)))); -7694.91 -1.42103 80.4469 39.0653 -7737.71
(1,2,((3,((4,5),6)),(((((7,8),9),10),11),12))); -7702.3 -1.29079 77.9071 38.5548 -7742.94
(1,2,((3,((4,5),6)),((((7,8),9),10),(11,12)))); -7697.34 -1.42103 75.6365 38.5855 -7735.82
(1,2,((3,((4,5),6)),(((((7,8),9),10),11),12))); -7699.31 -1.29079 82.3911 39.0395 -7743.95
(1,2,((3,((4,5),6)),((((7,8),9),10),(11,12)))); -7693.56 -1.42103 78.2146 38.6181 -7734.58
(1,2,(((3,6),(4,5)),(((((7,8),9),10),12),11))); -7690.22 -3.76489 78.9499 38.6639 -7734.27
(1,2,((3,((4,5),6)),((((7,8),9),10),(11,12)))); -7694.76 -1.42103 80.7877 39.2788 -7737.69
(1,2,((3,((4,5),6)),(((((7,8),9),10),12),11))); -7686.96 -1.54651 79.6443 38.7936 -7729.36
(1,2,((3,((4,5),6)),(((((7,8),9),10),12),11))); -7684.71 -1.54651 84.2279 39.2177 -7731.26
(1,2,(((3,6),(4,5)),((((7,8),9),10),(11,12)))); -7700.08 -3.6394 78.4255 38.8386 -7743.31
(1,2,((3,((4,5),6)),((((7,8),9),10),(11,12)))); -7691.79 -1.42103 82.6579 38.8788 -7736.99
(1,2,(((3,(4,5)),6),(((((7,8),9),10),12),11))); -7691.46 -4.18751 83.2558 38.8538 -7740.05
(1,2,((3,((4,5),6)),(((((7,8),9),10),12),11))); -7691.19 -1.54651 78.1564 39.4048 -7731.49
(1,2,((3,((4,5),6)),((((7,8),9),10),(11,12)))); -7695.46 -1.42103 77.3822 38.5366 -7735.73
(1,2,(((3,(4,5)),6),(((((7,8),9),10),12),11))); -7692.96 -4.18751 82.9833 38.803 -7741.33
(1,2,((3,((4,5),6)),((((7,8),9),10),(11,12)))); -7693.17 -1.42103 81.2741 39.4962 -7736.37
(1,(2,((((7,8),9),10),(11,12))),(3,((4,5),6))); -7696.58 -3.34774 75.0761 39.0226 -7735.98
(1,2,((3,((4,5),6)),(((((7,8),9),10),12),11))); -7683.55 -1.54651 83.8524 38.704 -7730.25
(1,2,((3,((4,5),6)),(((((7,8),9),10),12),11))); -7688.09 -1.54651 79.8884 39.0976 -7730.43
(1,2,((3,((4,5),6)),((((7,8),9),10),(11,12)))); -7692.95 -1.42103 82.2957 39.1582 -7737.51
(1,2,(((3,6),(4,5)),(((((7,8),9),10),12),11))); -7687.62 -3.76489 83.0961 39.1067 -7735.38
(1,2,((3,((4,5),6)),(((((7,8),9),10),12),11))); -7696.14 -1.54651 71.5666 38.9886 -7730.27
(1,2,((3,((4,5),6)),((((7,8),9),10),(11,12)))); -7694.15 -1.42103 79.5965 39.3604 -7735.81
(1,2,((3,((4,5),6)),(((((7,8),9),10),11),12))); -7695.96 -1.29079 84.6247 39.1375 -7742.73
(1,2,(((3,(4,5)),6),(((((7,8),9),10),11),12))); -7709.51 -3.93178 78.3716 39.2814 -7752.53
(1,2,((3,((4,5),6)),(((((7,8),9),10),12),11))); -7687.38 -1.54651 81.253 39.181 -7731
(1,2,((3,((4,5),6)),(((((7,8),9),10),12),11))); -7684.6 -1.54651 83.7377 39.1638 -7730.72
(1,2,((3,((4,5),6)),((((7,8),9),10),(11,12)))); -7693.24 -1.42103 80.1574 39.2631 -7735.56
(1,2,(((3,6),(4,5)),(((((7,8),9),10),12),11))); -7687.9 -3.76489 83.2021 39.1468 -7735.72
(1,2,((3,((4,5),6)),(((((7,8),9),10),11),12))); -7698.4 -1.29079 82.9429 39.2056 -7743.42
(1,2,(((3,(4,5)),6),(((((7,8),9),10),12),11))); -7696.85 -4.18751 77.641 39.0174 -7739.66
(1,2,((3,((4,5),6)),((((7,8),9),10),(11,12)))); -7691.22 -1.42103 83.0689 39.3354 -7736.38
(1,(2,(((((7,8),9),10),12),11)),(3,((4,5),6))); -7684.61 -3.47322 82.2979 39.0377 -7731.34
(1,2,(((3,(4,5)),6),(((((7,8),9),10),12),11))); -7694.69 -4.18751 81.144 39.1775 -7740.85
(1,2,((3,((4,5),6)),(((((7,8),9),10),11),12))); -7702.51 -1.29079 78.6752 39.2322 -7743.25
(1,2,((3,((4,5),6)),(((((7,8),9),10),12),11))); -7693.02 -1.54651 76.7107 39.0239 -7732.25
(1,2,((3,((4,5),6)),(((((7,8),9),10),12),11))); -7685 -1.54651 81.3844 38.7481 -7729.18
(1,2,(((3,6),(4,5)),((((7,8),9),10),(11,12)))); -7696.14 -3.6394 79.7994 38.8914 -7740.69
(1,2,(((3,6),(4,5)),(((((7,8),9),10),11),12))); -7700.44 -3.50917 82.3673 39.0127 -7747.3
(1,2,((3,((4,5),6)),(((((7,8),9),10),12),11))); -7687.72 -1.54651 79.4075 38.6892 -7729.98
(1,2,(((3,(4,5)),6),(((((7,8),9),10),11),12))); -7706.74 -3.93178 81.0679 39.256 -7752.48
(1,(2,(((((7,8),9),10),11),12)),(3,((4,5),6))); -7699.09 -3.2175 81.8025 39.5674 -7744.54
(1,2,((3,((4,5),6)),((((7,8),9),10),(11,12)))); -7690.39 -1.42103 84.7015 39.3229 -7737.19
(1,2,((3,((4,5),6)),((((7,8),9),10),(11,12)))); -7690.9 -1.42103 81.2403 38.7938 -7734.77
(1,2,((3,((4,5),6)),(((((7,8),9),10),11),12))); -7707.57 -1.29079 71.9978 38.4491 -7742.4
(1,2,((3,((4,5),6)),((((7,8),9),10),(11,12)))); -7693.6 -1.42103 82.0907 39.5957 -7737.51
(1,2,(((3,6),(4,5)),((((7,8),9),10),(11,12)))); -7702.94 -3.6394 72.0053 39.4531 -7739.13
(1,2,((3,((4,5),6)),(((((7,8),9),10),11),12))); -7709.16 -1.29079 72.2221 38.7613 -7743.91
(1,2,((3,((4,5),6)),((((7,8),9),10),(11,12)))); -7697.9 -1.42103 76.5713 39.2002 -7736.7
(1,2,((3,((4,6),5)),((((7,8),9),10),(11,12)))); -7710.31 -7.28074 80.0835 38.297 -7759.37
(1,2,((3,((4,5),6)),(((((7,8),9),10),12),11))); -7689.45 -1.54651 78.9658 38.9199 -7731.04
(1,2,((3,((4,5),6)),(((((7,8),9),10),12),11))); -7683.65 -1.54651 84.9864 38.9304 -7731.26
(1,2,((3,((4,5),6)),((((7,8),9),10),(11,12)))); -7693.33 -1.42103 79.2462 38.9853 -7735.01
(1,2,(((3,6),(4,5)),(((((7,8),9),10),11),12))); -7708.8 -3.50917 75.651 38.9698 -7748.99
(1,2,((3,((4,5),6)),((((7,8),9),10),(11,12)))); -7695.27 -1.42103 78.654 38.9956 -7736.35
(1,2,((3,((4,5),6)),(((((7,8),9),10),11),12))); -7698.82 -1.29079 82.115 38.6245 -7743.61
(1,2,(((3,(4,5)),6),(((((7,8),9),10),12),11))); -7695.02 -4.18751 81.0136 39.1141 -7741.1
(1,2,((3,((4,5),6)),(((((7,8),9),10),11),12))); -7700.35 -1.29079 80.2165 38.6288 -7743.23
(1,2,((3,((4,5),6)),((((7,8),9),10),(11,12)))); -7695.61 -1.42103 77.7647 38.9816 -7735.82
(1,2,((3,((4,5),6)),(((((7,8),9),10),11),12))); -7706.82 -1.29079 76.0723 39.6545 -7744.53
(1,2,(((3,6),(4,5)),((((7,8),9),10),(11,12)))); -7694.44 -3.6394 83.0106 39.4255 -7741.67
(1,2,((3,((4,5),6)),(((((7,8),9),10),12),11))); -7684.51 -1.54651 84.5428 38.9971 -7731.6
(1,2,((3,((4,5),6)),(((((7,8),9),10),12),11))); -7684.38 -1.54651 82.4551 39.1088 -7729.27
(1,2,((3,((4,5),6)),(((((7,8),9),10),12),11))); -7694.11 -1.54651 76.6688 39.5398 -7732.79
(1,2,((3,((4,5),6)),(((((7,8),9),10),12),11))); -7684.63 -1.54651 83.0867 38.8664 -7730.4
(1,2,((3,((4,5),6)),(((((7,8),9),10),11),12))); -7700.82 -1.29079 81.7858 39.5197 -7744.38
(1,2,((3,((4,5),6)),((((7,8),9),10),(11,12)))); -7701.55 -1.42103 73.599 38.9845 -7737.58
(1,2,((3,((4,5),6)),(((((7,8),9),10),12),11))); -7689.5 -1.54651 79.7154 39.1855 -7731.58
(1,2,((3,((4,5),6)),(((((7,8),9),10),11),12))); -7698.47 -1.29079 81.8625 38.9861 -7742.64
(1,2,((3,((4,5),6)),(((((7,8),9),10),12),11))); -7690.21 -1.54651 78.5381 38.9569 -7731.33
(1,2,((3,((4,5),6)),(((((7,8),9),10),11),12))); -7696.96 -1.29079 84.563 39.068 -7743.74
(1,2,((3,((4,5),6)),(((((7,8),9),10),12),11))); -7689.1 -1.54651 76.878 38.279 -7729.25
(1,(2,(((((7,8),9),10),11),12)),(3,((4,5),6))); -7704.05 -3.2175 74.7669 38.656 -7743.38
(1,2,(((3,6),(4,5)),(((((7,8),9),10),12),11))); -7692.39 -3.76489 79.1441 39.2399 -7736.06
(1,2,((3,((4,5),6)),(((((7,8),9),10),11),12))); -7699.61 -1.29079 80.9425 39.1505 -7742.69
(1,2,((3,((4,5),6)),(((((7,8),9),10),11),12))); -7699.46 -1.29079 81.0265 38.9959 -7742.78
(1,2,((3,((4,5),6)),(((((7,8),9),10),11),12))); -7701.07 -1.29079 78.8396 38.773 -7742.43
(1,2,((3,((4,5),6)),((((7,8),9),10),(11,12)))); -7692.12 -1.42103 81.154 38.5407 -7736.15
(1,2,((3,((4,5),6)),((((7,8),9),10),(11,12)))); -7693.83 -1.42103 79.2495 38.7524 -7735.75
(1,2,((3,((4,5),6)),(((((7,8),9),10),11),12))); -7702.98 -1.29079 76.9318 39.0934 -7742.11
(1,2,((3,((4,5),6)),(((((7,8),9),10),11),12))); -7696.36 -1.29079 83.8951 38.6615 -7742.88
(1,(2,((((7,8),9),10),(11,12))),(3,((4,5),6))); -7690.37 -3.34774 81.5263 39.3918 -7735.85
(1,2,((3,((4,5),6)),((((7,8),9),10),(11,12)))); -7698.16 -1.42103 76.2492 39.1608 -7736.67
(1,2,((3,((4,5),6)),((((7,8),9),10),(11,12)))); -7694.29 -1.42103 79.186 38.7496 -7736.14
(1,2,(((3,6),(4,5)),(((((7,8),9),10),11),12))); -7701 -3.50917 81.5325 39.059 -7746.98
(1,2,(((3,6),(4,5)),(((((7,8),9),10),11),12))); -7712.2 -3.50917 73.3514 39.4822 -7749.58
(1,2,((3,((4,5),6)),(((((7,8),9),10),11),12))); -7701.69 -1.29079 78.9296 38.7466 -7743.16
(1,2,((3,((4,5),6)),(((((7,8),9),10),11),12))); -7702.91 -1.29079 80.0072 39.2607 -7744.94
(1,(2,((((7,8),9),10),(11,12))),((3,(4,5)),6)); -7697.86 -5.98873 80.3671 39.2022 -7745.02
(1,2,((3,((4,5),6)),(((((7,8),9),10),12),11))); -7689.79 -1.54651 79.4382 39.0327 -7731.74
(1,2,((3,((4,5),6)),(((((7,8),9),10),11),12))); -7695.82 -1.29079 84.5502 39.0298 -7742.63
(1,2,(((3,(4,5)),6),((((7,8),9),10),(11,12)))); -7706.3 -4.06202 74.7946 39.1084 -7746.04
(1,2,((3,((4,5),6)),(((((7,8),9),10),11),12))); -7697.09 -1.29079 82.7387 38.6965 -7742.42
(1,(2,(((((7,8),9),10),12),11)),(3,((4,5),6))); -7689.24 -3.47322 78.2893 39.0851 -7731.91
(1,(2,(((((7,8),9),10),11),12)),(3,((4,5),6))); -7704.31 -3.2175 75.3113 39.1229 -7743.71
(1,2,((3,((4,5),6)),(((((7,8),9),10),12),11))); -7688.69 -1.54651 81.4119 39.4946 -7732.15
(1,2,((3,((4,5),6)),(((((7,8),9),10),11),12))); -7707.16 -1.29079 75.1317 39.2555 -7744.33
(1,2,((3,((4,5),6)),((((7,8),9),10),(11,12)))); -7687.65 -1.42103 86.4509 39.1561 -7736.36
(1,2,((3,((4,5),6)),((((7,8),9),10),(11,12)))); -7694.55 -1.42103 79.3235 38.8951 -7736.4
(1,2,((3,((4,5),6)),((((7,8),9),10),(11,12)))); -7691.96 -1.42103 80.9065 38.6471 -7735.64
(1,2,((3,((4,5),6)),(((((7,8),9),10),12),11))); -7691.92 -1.54651 77.952 39.1602 -7732.26
(1,2,((3,((4,5),6)),(((((7,8),9),10),11),12))); -7700.35 -1.29079 80.4875 39.1646 -7742.96
(1,2,((3,((4,5),6)),(((((7,8),9),10),11),12))); -7697.49 -1.29079 83.6538 39.0678 -7743.37
(1,2,((3,((4,5),6)),(((((7,8),9),10),12),11))); -7684.89 -1.54651 81.2071 38.758 -7728.88
(1,(2,(((((7,8),9),10),11),12)),(3,((4,5),6))); -7694.21 -3.2175 86.5846 39.1938 -7744.82
(1,(2,((((7,8),9),10),(11,12))),(3,((4,5),6))); -7687.92 -3.34774 81.0224 38.719 -7733.57
(1,(2,(((((7,8),9),10),11),12)),(3,((4,5),6))); -7701.21 -3.2175 79.3181 38.9723 -7744.77
(1,2,(((3,6),(4,5)),(((((7,8),9),10),11),12))); -7707.71 -3.50917 75.0314 38.8274 -7747.43
(1,2,((3,((4,5),6)),(((((7,8),9),10),12),11))); -7687.16 -1.54651 79.3702 38.8172 -7729.26
(1,2,((3,((4,5),6)),(((((7,8),9),10),11),12))); -7702.98 -1.29079 78.6945 39.3423 -7743.63
(1,2,((3,((4,5),6)),((((7,8),9),10),(11,12)))); -7701.92 -1.42103 71.0964 39.0577 -7735.38
(1,(2,(((((7,8),9),10),12),11)),(3,((4,5),6))); -7689.46 -3.47322 77.9674 39.2888 -7731.61
(1,2,((3,((4,5),6)),((((7,8),9),10),(11,12)))); -7693.46 -1.42103 79.8192 39.3482 -7735.35
(1,2,((3,((4,5),6)),((((7,8),9),10),(11,12)))); -7691.95 -1.42103 84.0843 39.0165 -7738.43
(1,2,((3,((4,5),6)),(((((7,8),9),10),12),11))); -7687.85 -1.54651 79.3221 38.9294 -7729.79
(1,2,((3,((4,5),6)),(((((7,8),9),10),11),12))); -7699.37 -1.29079 81.9397 38.9613 -7743.64
(1,2,((3,((4,5),6)),((((7,8),9),10),(11,12)))); -7693.95 -1.42103 77.4786 38.7223 -7734.13
(1,2,((3,((4,5),6)),(((((7,8),9),10),12),11))); -7688 -1.54651 80.7156 39.2657 -7731
(1,2,((3,((4,5),6)),(((((7,8),9),10),11),12))); -7700.08 -1.29079 80.97 39.2172 -7743.12
(1,2,((3,((4,5),6)),(((((7,8),9),10),12),11))); -7686.66 -1.54651 81.4207 39.3304 -7730.3
(1,2,((3,((4,5),6)),(((((7,8),9),10),12),11))); -7691.01 -1.54651 76.8056 38.7852 -7730.57
(1,2,(((3,6),(4,5)),((((7,8),9),10),(11,12)))); -7700.03 -3.6394 78.4902 39.652 -7742.51
(1,2,((3,((4,5),6)),((((7,8),9),10),(11,12)))); -7697.12 -1.42103 78.2923 39.1419 -7737.69
(1,2,(((3,6),(4,5)),((((7,8),9),10),(11,12)))); -7693.13 -3.6394 83.6993 39.4555 -7741.01
(1,2,((3,((4,5),6)),((((7,8),9),10),(11,12)))); -7689.51 -1.42103 84.2506 38.9744 -7736.21
(1,2,(((3,6),(4,5)),(((((7,8),9),10),12),11))); -7689.46 -3.76489 81.8902 38.9707 -7736.14
(1,2,((3,((4,5),6)),(((((7,8),9),10),12),11))); -7685.49 -1.54651 82.6809 39.0946 -7730.62
(1,(2,(((((7,8),9),10),12),11)),((3,6),(4,5))); -7690.01 -5.6916 79.2113 39.2401 -7735.67
(1,2,((3,((4,5),6)),(((((7,8),9),10),12),11))); -7690.84 -1.54651 76.6565 39.2759 -7729.77
(1,2,(((3,(4,5)),6),(((((7,8),9),10),12),11))); -7692.58 -4.18751 82.9712 38.8856 -7740.85
(1,(2,(((((7,8),9),10),12),11)),(3,((4,5),6))); -7688.43 -3.47322 79.2809 39.1489 -7732.03
(1,2,((3,((4,5),6)),(((((7,8),9),10),11),12))); -7698.57 -1.29079 82.5585 38.5841 -7743.84
(1,2,((3,((4,5),6)),(((((7,8),9),10),12),11))); -7693.29 -1.54651 77.2119 39.2397 -7732.81
(1,2,((3,((4,5),6)),(((((7,8),9),10),11),12))); -7697.77 -1.29079 84.8601 39.1388 -7744.78
(1,2,((3,((4,5),6)),(((((7,8),9),10),11),12))); -7701.73 -1.29079 81.279 39.1238 -7745.17
(1,(2,(((((7,8),9),10),11),12)),((3,(4,5)),6)); -7710.37 -5.85849 80.8092 38.9044 -7758.14
(1,2,((3,((4,5),6)),((((7,8),9),10),(11,12)))); -7695.04 -1.42103 80.1718 39.0544 -7737.57
(1,2,((3,((4,5),6)),(((((7,8),9),10),12),11))); -7685.09 -1.54651 83.2631 39.127 -7730.78
(1,2,((3,((4,5),6)),((((7,8),9),10),(11,12)))); -7697.68 -1.42103 77.7028 39.3108 -7737.49
(1,(2,((((7,8),9),10),(11,12))),((3,(4,5)),6)); -7696.47 -5.98873 81.4564 38.659 -7745.26
(1,2,((3,((4,5),6)),(((((7,8),9),10),11),12))); -7699.12 -1.29079 83.2429 38.8591 -7744.8
(1,2,((3,((4,5),6)),((((7,8),9),10),(11,12)))); -7692.13 -1.42103 81.3253 38.7495 -7736.13
(1,2,(((3,6),(4,5)),((((7,8),9),10),(11,12)))); -7698.6 -3.6394 78.8056 38.9496 -7742.1
(1,2,(((3,6),(4,5)),((((7,8),9),10),(11,12)))); -7696.72 -3.6394 79.5999 39.0153 -7740.94
(1,2,(((3,6),(4,5)),((((7,8),9),10),(11,12)))); -7699.37 -3.6394 78.3596 39.3064 -7742.06
(1,(2,((((7,8),9),10),(11,12))),(3,((4,5),6))); -7694.19 -3.34774 76.2374 38.8182 -7734.96
(1,2,((3,((4,5),6)),(((((7,8),9),10),12),11))); -7689.54 -1.54651 81.1457 39.5064 -7732.72
(1,2,(3,(((4,5),6),(((((7,8),9),10),11),12)))); -7727.37 -9.094 74.1439 38.8751 -7771.73
(1,2,(((3,6),(4,5)),((((7,8),9),10),(11,12)))); -7697.77 -3.6394 79.6836 39.0855 -7742.01
(1,(2,(((((7,8),9),10),11),12)),(3,((4,5),6))); -7711.73 -3.2175 67.9054 39.0263 -7743.83
(1,2,((3,((4,5),6)),(((((7,8),9),10),11),12))); -7707.41 -1.29079 75.7377 39.1975 -7745.24
(1,2,((3,((4,5),6)),(((((7,8),9),10),12),11))); -7687.15 -1.54651 81.074 38.8861 -7730.89
(1,2,((3,((4,5),6)),(((((7,8),9),10),12),11))); -7684.82 -1.54651 83.665 39.2824 -7730.75
(1,2,((3,((4,5),6)),((((7,8),9),10),(11,12)))); -7696.02 -1.42103 77.5528 38.9533 -7736.04
(1,2,((3,((4,5),6)),(((((7,8),9),10),11),12))); -7699.49 -1.29079 82.7759 39.1838 -7744.38
(1,2,((3,((4,5),6)),((((7,8),9),10),(11,12)))); -7701.84 -1.42103 71.4129 38.6276 -7736.05
(1,2,((3,((4,5),6)),(((((7,8),9),10),11),12))); -7694.88 -1.29079 85.4231 38.757 -7742.83
(1,(2,(((((7,8),9),10),12),11)),((3,(4,5)),6)); -7698.31 -6.11421 78.867 39.1982 -7744.09
(1,2,((3,((4,5),6)),(((((7,8),9),10),12),11))); -7685.03 -1.54651 84.0214 39.3097 -7731.29
(1,2,((3,((4,5),6)),(((((7,8),9),10),12),11))); -7689.7 -1.54651 77.4442 38.9595 -7729.74
(1,2,((3,((4,5),6)),((((7,8),9),10),(11,12)))); -7693.23 -1.42103 80.9834 38.7305 -7736.9
(1,2,((3,((4,5),6)),(((((7,8),9),10),12),11))); -7689.37 -1.54651 78.1121 38.3557 -7730.67
(1,2,((3,(((((7,8),9),10),11),12)),((4,5),6))); -7716.16 -6.82532 81.3595 38.9074 -7765.44
(1,2,((3,((4,5),6)),((((7,8),9),10),(11,12)))); -7691.79 -1.42103 81.8338 38.9822 -7736.06
(1,2,((3,((4,5),6)),(((((7,8),9),10),11),12))); -7707.75 -1.29079 73.0946 39.1054 -7743.03
(1,2,((3,((4,5),6)),(((((7,8),9),10),11),12))); -7695.09 -1.29079 86.447 39.4181 -7743.41
(1,2,((3,((4,5),6)),(((((7,8),9),10),11),12))); -7697 -1.29079 83.9576 39.1519 -7743.09
(1,2,((3,((4,5),6)),((((7,8),9),10),(11,12)))); -7693.05 -1.42103 81.7581 39.3531 -7736.88
(1,2,((3,((4,5),6)),(((((7,8),9),10),11),12))); -7700.49 -1.29079 79.5332 38.4334 -7742.88
(1,2,((3,((4,5),6)),((((7,8),9),10),(11,12)))); -7697.28 -1.42103 78.169 39.2712 -7737.6
(1,2,(((3,(4,5)),6),(((((7,8),9),10),12),11))); -7691.27 -4.18751 85.2198 39.3523 -7741.32
(1,2,((3,((4,5),6)),((((7,8),9),10),(11,12)))); -7695.06 -1.42103 78.862 38.7329 -7736.61
(1,2,((3,((4,5),6)),((((7,8),9),10),(11,12)))); -7696.49 -1.42103 76.7998 38.9649 -7735.74
(1,2,((3,((4,5),6)),(((((7,8),9),10),12),11))); -7688.67 -1.54651 80.3273 39.5521 -7730.99
(1,2,((3,((4,5),6)),(((((7,8),9),10),11),12))); -7696.97 -1.29079 84.7418 39.4668 -7743.53
(1,2,((3,((4,5),6)),((((7,8),9),10),(11,12)))); -7690.68 -1.42103 84.6247 38.9499 -7737.77
(1,2,((3,((4,5),6)),(((((7,8),9),10),11),12))); -7698.81 -1.29079 80.2589 38.6772 -7741.69
(1,(2,(((((7,8),9),10),11),12)),(3,((4,5),6))); -7698.08 -3.2175 82.5594 38.6917 -7745.17
(1,2,(((3,(4,5)),6),(((((7,8),9),10),12),11))); -7694.91 -4.18751 79.4564 38.6182 -7739.93
(1,2,((3,((4,5),6)),((((7,8),9),10),(11,12)))); -7694.1 -1.42103 81.5141 39.4699 -7737.57
(1,2,((3,((4,5),6)),((((7,8),9),10),(11,12)))); -7699.91 -1.42103 73.9301 38.8159 -7736.44
(1,2,((3,((4,5),6)),(((((7,8),9),10),11),12))); -7700.91 -1.29079 81.3149 39.092 -7744.42
(1,2,((3,((4,5),6)),((((7,8),9),10),(11,12)))); -7694.43 -1.42103 79.5649 39.0773 -7736.34
(1,2,(((3,6),(4,5)),(((((7,8),9),10),11),12))); -7711.93 -3.50917 71.1989 38.4901 -7748.15
(1,2,((3,((4,5),6)),(((((7,8),9),10),11),12))); -7699.92 -1.29079 82.2969 39.5742 -7743.94
(1,2,((3,((4,5),6)),((((7,8),9),10),(11,12)))); -7690.67 -1.42103 83.0323 38.6906 -7736.44
(1,2,((3,((4,5),6)),(((((7,8),9),10),12),11))); -7686.67 -1.54651 80.9482 38.7795 -7730.39
(1,2,((3,((4,5),6)),((((7,8),9),10),(11,12)))); -7694.59 -1.42103 79.6559 38.9674 -7736.7
(1,2,((3,((4,5),6)),((((7,8),9),10),(11,12)))); -7691.31 -1.42103 82.2309 38.9144 -7736.05
(1,2,((3,((4,5),6)),(((((7,8),9),10),12),11))); -7687.15 -1.54651 79.8675 39.2003 -7729.36
(1,2,((3,((4,5),6)),(((((7,8),9),10),11),12))); -7701.31 -1.29079 80.5125 39.4525 -7743.66
(1,2,((3,((4,5),6)),(((((7,8),9),10),12),11))); -7689.76 -1.54651 77.739 38.8097 -7730.24
(1,2,((3,((4,5),6)),((((7,8),9),10),(11,12)))); -7694.13 -1.42103 79.3949 39.178 -7735.77
(1,2,((3,((4,5),6)),((((7,8),9),10),(11,12)))); -7693.48 -1.42103 81.7293 39.2507 -7737.38
(1,2,((3,((4,5),6)),(((((7,8),9),10),11),12))); -7702.14 -1.29079 79.2282 39.4434 -7743.21
(1,2,((3,((4,5),6)),(((((7,8),9),10),12),11))); -7685.23 -1.54651 81.8366 38.9176 -7729.7
(1,2,((3,((4,5),6)),(((((7,8),9),10),11),12))); -7697.9 -1.29079 83.174 39.0839 -7743.28
(1,2,(((3,6),(4,5)),(((((7,8),9),10),11),12))); -7701.32 -3.50917 81.1005 38.7069 -7747.23
(1,2,((3,((4,5),6)),((((7,8),9),10),(11,12)))); -7690.59 -1.42103 82.6682 38.9745 -7735.71
(1,2,(((3,6),(4,5)),((((7,8),9),10),(11,12)))); -7695.01 -3.6394 82.1059 39.5036 -7741.25
(1,2,((3,((4,5),6)),(((((7,8),9),10),12),11))); -7686.28 -1.54651 82.4743 39.2407 -7731.06
(1,2,((3,((4,5),6)),(((((7,8),9),10),12),11))); -7698.69 -1.54651 71.4653 39.0255 -7732.68
(1,2,((3,((4,5),6)),(((((7,8),9),10),11),12))); -7699.24 -1.29079 81.5943 39.0663 -7743.06
(1,2,((3,((4,5),6)),((((7,8),9),10),(11,12)))); -7695.98 -1.42103 77.6136 38.8595 -7736.16
(1,2,(((3,6),(4,5)),((((7,8),9),10),(11,12)))); -7694.66 -3.6394 82.5332 39.1676 -7741.66
(1,2,((3,((4,5),6)),((((7,8),9),10),(11,12)))); -7692.89 -1.42103 81.1432 38.8789 -7736.58
(1,2,((3,((4,5),6)),(((((7,8),9),10),11),12))); -7702.13 -1.29079 78.8824 39.123 -7743.18
(1,(2,((((7,8),9),10),(11,12))),(3,((4,5),6))); -7688.12 -3.34774 81.9185 39.1073 -7734.28
(1,2,(((3,6),(4,5)),(((((7,8),9),10),12),11))); -7688.13 -3.76489 82.1135 38.7377 -7735.27
(1,2,((3,((4,5),6)),(((((7,8),9),10),11),12))); -7701.84 -1.29079 79.4491 39.4434 -7743.14
(1,2,((3,((4,5),6)),(((((7,8),9),10),12),11))); -7695.5 -1.54651 73.3481 38.8228 -7731.57
(1,2,(((3,6),(4,5)),(((((7,8),9),10),12),11))); -7689.11 -3.76489 81.4633 39.1257 -7735.22
(1,2,((3,((4,5),6)),(((((7,8),9),10),11),12))); -7702.77 -1.29079 78.5717 38.9529 -7743.68
(1,2,((3,((4,5),6)),(((((7,8),9),10),11),12))); -7701.66 -1.29079 77.8077 38.9811 -7741.78
(1,2,((3,((4,5),6)),(((((7,8),9),10),11),12))); -7709.08 -1.29079 72.0719 38.6492 -7743.79
(1,2,((3,((4,5),6)),(((((7,8),9),10),12),11))); -7684.71 -1.54651 83.1283 39.1217 -7730.26
(1,2,((3,((4,5),6)),(((((7,8),9),10),11),12))); -7698.94 -1.29079 83.5868 39.4065 -7744.41
(1,2,(((3,6),(4,5)),((((7,8),9),10),(11,12)))); -7699.74 -3.6394 76.5841 39.3271 -7740.64
(1,2,((3,((4,5),6)),((((7,8),9),10),(11,12)))); -7691.44 -1.42103 82.2529 38.9924 -7736.12
(1,(2,(((((7,8),9),10),11),12)),(3,((4,5),6))); -7697.66 -3.2175 83.0948 38.7312 -7745.24
(1,2,((3,((4,5),6)),(((((7,8),9),10),11),12))); -7697.13 -1.29079 83.3689 38.8841 -7742.9
(1,2,(((3,6),(4,5)),(((((7,8),9),10),11),12))); -7704.43 -3.50917 78.723 38.6765 -7747.99
(1,2,((3,((4,5),6)),(((((7,8),9),10),11),12))); -7703.22 -1.29079 79.2073 39.4244 -7744.29
(1,2,((3,((4,5),6)),(((((7,8),9),10),11),12))); -7700.79 -1.29079 78.4433 38.8122 -7741.72
(1,2,((3,((4,5),6)),((((7,8),9),10),(11,12)))); -7698.07 -1.42103 76.1182 39.3463 -7736.26
(1,2,((3,((4,5),6)),(((((7,8),9),10),11),12))); -7702.6 -1.29079 76.4108 38.4752 -7741.82
(1,2,((3,((4,5),6)),(((((7,8),9),10),11),12))); -7701.2 -1.29079 80.6193 39.3331 -7743.78
(1,2,((3,((4,5),6)),(((((7,8),9),10),12),11))); -7687.76 -1.54651 80.9936 38.9516 -7731.35
(1,2,((3,((4,5),6)),((((7,8),9),10),(11,12)))); -7692.61 -1.42103 82.5923 39.209 -7737.42
(1,2,((3,((4,5),6)),(((((7,8),9),10),12),11))); -7687.94 -1.54651 80.79 39.2884 -7730.99
(1,2,((3,((4,5),6)),((((7,8),9),10),(11,12)))); -7690.84 -1.42103 82.8267 39.0395 -7736.05
(1,2,((3,((4,5),6)),(((((7,8),9),10),11),12))); -7698.04 -1.29079 81.9081 39.1626 -7742.07
(1,2,(((3,6),(4,5)),((((7,8),9),10),(11,12)))); -7694.49 -3.6394 83.3754 38.9385 -7742.56
(1,2,(((3,(4,5)),6),(((((7,8),9),10),11),12))); -7711.45 -3.93178 76.0718 39.0256 -7752.43
(1,2,((3,((4,5),6)),(((((7,8),9),10),12),11))); -7689.12 -1.54651 78.1917 39.0967 -7729.76
(1,2,((3,((4,5),6)),(((((7,8),9),10),11),12))); -7700.4 -1.29079 81.2375 39.1451 -7743.78
(1,(2,((((7,8),9),10),(11,12))),(3,((4,5),6))); -7692.82 -3.34774 78.3598 39.2259 -7735.3
(1,2,((3,((4,5),6)),(((((7,8),9),10),11),12))); -7708.19 -1.29079 73.6491 38.9379 -7744.19
(1,2,((3,((4,5),6)),(((((7,8),9),10),12),11))); -7682.63 -1.54651 85.0623 38.9174 -7730.32
(1,2,((3,((4,5),6)),(((((7,8),9),10),12),11))); -7686.62 -1.54651 81.0388 38.4498 -7730.75
(1,2,((3,((4,5),6)),((((7,8),9),10),(11,12)))); -7688.3 -1.42103 86.086 39.049 -7736.76
(1,2,((3,((4,5),6)),(((((7,8),9),10),11),12))); -7699.95 -1.29079 80.7804 38.881 -7743.14
(1,2,(((3,(4,5)),6),(((((7,8),9),10),12),11))); -7695.61 -4.18751 80.0986 38.6677 -7741.23
(1,2,((3,((4,5),6)),(((((7,8),9),10),11),12))); -7700.33 -1.29079 81.762 39.0174 -7744.37
(1,2,(((3,(4,5)),6),(((((7,8),9),10),11),12))); -7710.38 -3.93178 77.8843 39.2544 -7752.94
(1,2,(((3,6),(4,5)),(((((7,8),9),10),11),12))); -7699 -3.50917 83.343 38.8126 -7747.03
(1,2,(((3,6),(4,5)),(((((7,8),9),10),11),12))); -7700.9 -3.50917 81.1297 38.9837 -7746.56
(1,2,((3,((4,5),6)),(((((7,8),9),10),11),12))); -7704.02 -1.29079 77.6065 39.3677 -7743.55
(1,2,((3,((4,5),6)),(((((7,8),9),10),12),11))); -7692.88 -1.54651 74.188 39.2333 -7729.38
(1,2,((3,((4,5),6)),(((((7,8),9),10),12),11))); -7691.92 -1.54651 75.9001 39.1369 -7730.23
(1,2,((3,((4,5),6)),(((((7,8),9),10),12),11))); -7687 -1.54651 81.0202 39.3552 -7730.21
(1,2,((3,((4,5),6)),(((((7,8),9),10),12),11))); -7691.77 -1.54651 76.0917 39.1737 -7730.23
(1,2,((3,((4,5),6)),((((7,8),9),10),(11,12)))); -7693.45 -1.42103 81.7353 39.1201 -7737.48
(1,2,((3,((4,5),6)),(((((7,8),9),10),12),11))); -7694.99 -1.54651 72.9585 39.0417 -7730.45
(1,2,((3,((4,5),6)),(((((7,8),9),10),12),11))); -7687.47 -1.54651 79.9404 38.6768 -7730.28
(1,2,((3,(4,(5,6))),(((((7,8),9),10),12),11))); -7703.71 -7.05792 81.2144 38.7586 -7753.22
(1,2,((3,((4,5),6)),(((((7,8),9),10),11),12))); -7708.56 -1.29079 71.5715 38.8579 -7742.57
(1,2,((3,((4,5),6)),(((((7,8),9),10),12),11))); -7693.89 -1.54651 75.4234 38.7527 -7732.11
(1,2,((3,((4,5),6)),((((7,8),9),10),(11,12)))); -7691.65 -1.42103 82.0389 39.2447 -7735.86
(1,2,((3,((4,5),6)),((((7,8),9),10),(11,12)))); -7692.64 -1.42103 81.8422 39.1989 -7736.7
(1,2,((3,((4,5),6)),(((((7,8),9),10),11),12))); -7701.41 -1.29079 79.8509 38.9511 -7743.6
(1,(2,(((((7,8),9),10),11),12)),(3,((4,5),6))); -7703.27 -3.2175 77.6011 39.0127 -7745.08
(1,(2,(3,((4,5),6))),(((((7,8),9),10),12),11)); -7706.58 -7.61794 76.0113 39.1878 -7751.03
(1,(2,(((((7,8),9),10),12),11)),((3,6),(4,5))); -7687.15 -5.6916 83.207 39.261 -7736.79
(1,2,((3,((4,5),6)),(((((7,8),9),10),12),11))); -7684.86 -1.54651 82.6507 39.0152 -7730.04
(1,2,((3,((4,5),6)),(((((7,8),9),10),12),11))); -7684.49 -1.54651 83.6382 38.9485 -7730.73
(1,2,((3,((4,5),6)),(((((7,8),9),10),12),11))); -7685.75 -1.54651 81.1097 39.0939 -7729.32
(1,2,((3,((4,5),6)),((((7,8),9),10),(11,12)))); -7688.61 -1.42103 85.6269 38.9971 -7736.66
(1,(2,(((((7,8),9),10),12),11)),((3,6),(4,5))); -7688.13 -5.6916 82.6675 38.9285 -7737.56
(1,2,((3,((4,5),6)),(((((7,8),9),10),11),12))); -7697.95 -1.29079 82.8493 39.1278 -7742.96
(1,2,((3,((4,5),6)),(((((7,8),9),10),11),12))); -7703.02 -1.29079 77.7973 39.149 -7742.96
(1,2,(((3,(4,5)),6),((((7,8),9),10),(11,12)))); -7700.63 -4.06202 77.7161 38.5565 -7743.85
(1,2,((3,((4,5),6)),(((((7,8),9),10),12),11))); -7687.78 -1.54651 80.1209 38.9339 -7730.51
(1,(2,((((7,8),9),10),(11,12))),(3,((4,5),6))); -7687.93 -3.34774 83.5953 39.4485 -7735.43
(1,2,((3,((4,5),6)),(((((7,8),9),10),11),12))); -7705.16 -1.29079 76.9777 39.0153 -7744.41
(1,2,((3,((4,5),6)),(((((7,8),9),10),11),12))); -7701.38 -1.29079 79.0323 38.7727 -7742.93
(1,2,((3,((4,5),6)),(((((7,8),9),10),12),11))); -7689.63 -1.54651 78.1078 38.6929 -7730.59
(1,(2,((((7,8),9),10),(11,12))),(3,((4,5),6))); -7693.3 -3.34774 75.7484 38.7281 -7733.66
(1,2,((3,((4,5),6)),(((((7,8),9),10),12),11))); -7685.74 -1.54651 82.4152 39.111 -7730.59
(1,2,((3,((4,5),6)),(((((7,8),9),10),11),12))); -7698.95 -1.29079 81.9246 39.222 -7742.94
(1,2,((3,((4,5),6)),(((((7,8),9),10),11),12))); -7703.55 -1.29079 78.0939 38.8027 -7744.14
(1,2,((3,((4,5),6)),(((((7,8),9),10),11),12))); -7699.33 -1.29079 82.123 38.9553 -7743.78
(1,2,(((3,(4,5)),6),((((7,8),9),10),(11,12)))); -7702.1 -4.06202 78.9372 39.0807 -7746.02
(1,2,((3,((4,5),6)),((((7,8),9),10),(11,12)))); -7692.74 -1.42103 80.9046 38.7049 -7736.36
(1,2,((3,((4,5),6)),(((((7,8),9),10),12),11))); -7683.7 -1.54651 85.6222 39.2069 -7731.66
(1,2,((3,((4,5),6)),(((((7,8),9),10),11),12))); -7696.77 -1.29079 83.7716 38.9242 -7742.91
(1,2,((3,((4,5),6)),(((((7,8),9),10),11),12))); -7697.2 -1.29079 84.0256 39.0952 -7743.42
(1,(2,(((((7,8),9),10),12),11)),((3,6),(4,5))); -7692.72 -5.6916 76.917 38.9845 -7736.35
(1,2,((3,((4,5),6)),(((((7,8),9),10),12),11))); -7688.01 -1.54651 81.1688 39.6252 -7731.1
(1,2,((3,((4,5),6)),(((((7,8),9),10),11),12))); -7700.26 -1.29079 81.0232 38.9117 -7743.67
(1,(2,((((7,8),9),10),(11,12))),(3,((4,5),6))); -7693.34 -3.34774 76.1154 39.0935 -7733.71
(1,2,((3,((4,5),6)),(((((7,8),9),10),12),11))); -7682.7 -1.54651 83.9034 39.0646 -7729.08
(1,2,((3,((4,5),6)),(((((7,8),9),10),11),12))); -7698.7 -1.29079 82.4264 38.7481 -7743.67
(1,2,(((3,(4,5)),6),((((7,8),9),10),(11,12)))); -7699.11 -4.06202 80.6768 38.9758 -7744.87
(1,2,((3,((4,5),6)),((((7,8),9),10),(11,12)))); -7693.42 -1.42103 79.9894 38.9145 -7735.91
(1,(2,(8,12)),((((3,(((7,9),10),11)),6),5),4)); -8735.15 -9.21034 72.8261 36.4917 -8780.69
(1,2,((3,((4,5),6)),(((((7,8),9),10),11),12))); -7698.28 -1.29079 84.2719 39.0689 -7744.78
(1,2,((3,((4,5),6)),(((((7,8),9),10),12),11))); -7688.05 -1.54651 79.6224 38.8309 -7730.39
(1,2,((3,((4,5),6)),(((((7,8),9),10),11),12))); -7705.73 -1.29079 75.5236 39.3934 -7743.15
(1,2,((3,((4,5),6)),((((7,8),9),10),(11,12)))); -7691.02 -1.42103 82.9929 39.3743 -7736.06
(1,2,((3,((4,5),6)),(((((7,8),9),10),11),12))); -7698.34 -1.29079 80.4718 38.6031 -7741.5
(1,2,((3,((4,5),6)),((((7,8),9),10),(11,12)))); -7689.11 -1.42103 84.9633 39.0695 -7736.42
(1,2,((3,((4,5),6)),(((((7,8),9),10),12),11))); -7692.25 -1.54651 78.3487 39.3109 -7732.84
(1,2,((3,((4,5),6)),(((((7,8),9),10),12),11))); -7694.58 -1.54651 74.5307 38.9068 -7731.75
(1,2,(((3,6),(4,5)),(((((7,8),9),10),11),12))); -7703.22 -3.50917 80.8136 39.0859 -7748.45
(1,2,((3,((4,5),6)),(((((7,8),9),10),11),12))); -7706.91 -1.29079 75.0745 39.3828 -7743.89
(1,2,((3,((4,5),6)),(((((7,8),9),10),11),12))); -7699.25 -1.29079 79.2911 38.6757 -7741.16
(1,2,(((3,(4,5)),6),((((7,8),9),10),(11,12)))); -7706.3 -4.06202 74.4952 38.5974 -7746.26
(1,2,((3,((4,5),6)),((((7,8),9),10),(11,12)))); -7693.71 -1.42103 80.6705 39.0523 -7736.75
(1,2,((3,((4,5),6)),(((((7,8),9),10),11),12))); -7701.28 -1.29079 80.5114 38.9635 -7744.12
(1,2,((3,((4,5),6)),(((((7,8),9),10),11),12))); -7698.64 -1.29079 82.0568 38.6539 -7743.33
(1,2,((3,((4,5),6)),((((7,8),9),10),(11,12)))); -7696.07 -1.42103 77.6068 38.9847 -7736.11
(1,2,((3,((4,5),6)),(((((7,8),9),10),11),12))); -7699.98 -1.29079 80.7354 39.1066 -7742.9
(1,2,((3,((4,5),6)),(((((7,8),9),10),12),11))); -7691.66 -1.54651 76.9064 39.3653 -7730.75
(1,2,((3,((4,5),6)),(((((7,8),9),10),11),12))); -7704.57 -1.29079 76.6633 38.6925 -7743.83
(1,2,((3,((4,5),6)),(((((7,8),9),10),12),11))); -7688.74 -1.54651 78.2586 39.0691 -7729.47
(1,2,((3,((4,5),6)),((((7,8),9),10),(11,12)))); -7697.33 -1.42103 77.2375 39.2402 -7736.75
(1,2,((3,((4,5),6)),(((((7,8),9),10),12),11))); -7688.53 -1.54651 79.302 38.5831 -7730.8
(1,2,((3,((4,5),6)),((((7,8),9),10),(11,12)))); -7694.73 -1.42103 80.0458 38.9723 -7737.22
(1,2,((3,((4,5),6)),((((7,8),9),10),(11,12)))); -7693.63 -1.42103 80.1179 39.0639 -7736.1
(1,2,(((3,(4,5)),6),(((((7,8),9),10),11),12))); -7706.06 -3.93178 82.6787 39.1164 -7753.55
(1,2,((3,((4,5),6)),(((((7,8),9),10),11),12))); -7700.43 -1.29079 81.3291 39.5438 -7743.5
(1,(2,((((7,8),9),10),(11,12))),(3,((4,5),6))); -7696.68 -3.34774 73.9829 39.0864 -7734.93
(1,2,((3,((4,5),6)),((((7,8),9),10),(11,12)))); -7691.79 -1.42103 82.5706 39.3 -7736.49
(1,2,((3,((4,5),6)),((((7,8),9),10),(11,12)))); -7699.45 -1.42103 75.4406 39.2459 -7737.06
(1,2,((3,((4,5),6)),(((((7,8),9),10),12),11))); -7693.25 -1.54651 76.421 39.4889 -7731.73
(1,2,((3,((4,5),6)),((((7,8),9),10),(11,12)))); -7701.11 -1.42103 72.5755 38.9496 -7736.16
(1,2,((3,((4,5),6)),(((((7,8),9),10),11),12))); -7699.83 -1.29079 83.1001 39.4259 -7744.8
(1,2,(((3,6),(4,5)),(((((7,8),9),10),12),11))); -7692.81 -3.76489 77.189 39.4542 -7734.3
(1,(2,(((((7,8),9),10),11),12)),(3,((4,5),6))); -7703.11 -3.2175 78.4599 38.5917 -7746.19
(1,2,((3,((4,5),6)),(((((7,8),9),10),11),12))); -7701.31 -1.29079 79.6346 38.7915 -7743.45
(1,2,((3,((4,5),6)),(((((7,8),9),10),12),11))); -7686.12 -1.54651 82.3073 39.4261 -7730.54
(1,2,((3,((4,5),6)),(((((7,8),9),10),12),11))); -7694.71 -1.54651 73.5846 39.1167 -7730.72
(1,2,((3,((4,5),6)),(((((7,8),9),10),11),12))); -7705.64 -1.29079 78.0704 39.3965 -7745.6
(1,2,((3,((4,5),6)),(((((7,8),9),10),11),12))); -7703.85 -1.29079 78.4069 39.0817 -7744.47
(1,2,((3,((4,5),6)),((((7,8),9),10),(11,12)))); -7691.98 -1.42103 81.4928 39.0007 -7735.9
(1,2,((3,((4,5),6)),((((7,8),9),10),(11,12)))); -7694.72 -1.42103 78.1273 39.1035 -7735.17
(1,2,((3,((4,5),6)),(((((7,8),9),10),11),12))); -7699.17 -1.29079 81.6104 38.8118 -7743.26
(1,2,((3,((4,5),6)),(((((7,8),9),10),12),11))); -7689.82 -1.54651 77.2664 39.2891 -7729.34
(1,2,((3,((4,5),6)),(((((7,8),9),10),12),11))); -7688.37 -1.54651 79.7935 39.3166 -7730.39
(1,2,((3,((4,5),6)),((((7,8),9),10),(11,12)))); -7694.06 -1.42103 78.6224 38.8223 -7735.28
(1,2,((3,((4,5),6)),((((7,8),9),10),(11,12)))); -7689.56 -1.42103 85.2705 39.4728 -7736.78
(1,2,((3,((4,5),6)),(((((7,8),9),10),11),12))); -7700.82 -1.29079 82.0195 39.263 -7744.87
(1,2,((3,((4,5),6)),(((((7,8),9),10),11),12))); -7705.34 -1.29079 76.1433 38.8139 -7743.96
(1,2,((3,((4,5),6)),((((7,8),9),10),(11,12)))); -7696.83 -1.42103 76.2137 38.6469 -7735.82
(1,2,((3,((4,5),6)),(((((7,8),9),10),11),12))); -7708.53 -1.29079 73.6986 39.0506 -7744.47
(1,2,((3,((4,5),6)),((((7,8),9),10),(11,12)))); -7698.26 -1.42103 74.5377 38.6855 -7735.53
(1,2,((3,((4,5),6)),(((((7,8),9),10),12),11))); -7688.45 -1.54651 80.8884 39.4431 -7731.44
(1,(2,(((((7,8),9),10),12),11)),(3,((4,5),6))); -7686.26 -3.47322 80.5704 39.3543 -7730.95
(1,2,((3,((4,5),6)),(((((7,8),9),10),12),11))); -7685.57 -1.54651 82.886 39.0444 -7730.96
(1,2,((3,((4,5),6)),((((7,8),9),10),(11,12)))); -7693.17 -1.42103 80.2922 39.2247 -7735.66
(1,2,((3,(((((7,8),9),10),11),12)),((4,5),6))); -7727.18 -6.82532 69.9248 38.7083 -7765.22
(1,(2,(((((7,8),9),10),11),12)),(3,((4,5),6))); -7701.53 -3.2175 77.1447 39.223 -7742.66
(1,2,(((3,(4,5)),6),(((((7,8),9),10),11),12))); -7705.15 -3.93178 82.3656 38.8541 -7752.59
(1,2,((3,((4,5),6)),(((((7,8),9),10),12),11))); -7686.7 -1.54651 81.5053 38.9775 -7730.78
(1,2,((3,((4,5),6)),((((7,8),9),10),(11,12)))); -7695.67 -1.42103 78.4883 39.4189 -7736.16
(1,2,((3,((4,5),6)),((((7,8),9),10),(11,12)))); -7690.69 -1.42103 83.4428 39.0711 -7736.49
(1,2,(((3,6),(4,5)),((((7,8),9),10),(11,12)))); -7699.52 -3.6394 76.1159 39.1734 -7740.11
(1,2,((3,((4,5),6)),(((((7,8),9),10),11),12))); -7699.03 -1.29079 81.5741 38.5896 -7743.3
(1,2,((3,((4,5),6)),((((7,8),9),10),(11,12)))); -7706.21 -1.42103 71.4204 39.6947 -7739.36
(1,2,((3,((4,5),6)),(((((7,8),9),10),11),12))); -7704.92 -1.29079 75.2171 38.7187 -7742.7
(1,2,((3,((4,5),6)),(((((7,8),9),10),12),11))); -7686.48 -1.54651 81.4035 39.1338 -7730.3
(1,2,((3,((4,5),6)),(((((7,8),9),10),11),12))); -7707.05 -1.29079 73.747 38.8063 -7743.28
(1,(2,((((7,8),9),10),(11,12))),(3,((4,5),6))); -7686.57 -3.34774 84.0875 39.0833 -7734.92
(1,2,((3,((4,5),6)),(((((7,8),9),10),11),12))); -7701.39 -1.29079 80.1894 38.7655 -7744.11
(1,2,((3,((4,5),6)),(((((7,8),9),10),11),12))); -7701.41 -1.29079 80.0651 38.6866 -7744.08
(1,2,((3,((4,5),6)),((((7,8),9),10),(11,12)))); -7700.45 -1.42103 73.4947 38.5609 -7736.81
(1,2,((3,((4,5),6)),((((7,8),9),10),(11,12)))); -7696.04 -1.42103 76.8561 38.992 -7735.33
(1,2,((3,((4,5),6)),((((7,8),9),10),(11,12)))); -7698.09 -1.42103 74.5854 38.3923 -7735.71
(1,(2,(((((7,8),9),10),12),11)),(3,((4,5),6))); -7682.95 -3.47322 82.5213 39.0576 -7729.88
(1,2,((3,((4,5),6)),(((((7,8),9),10),11),12))); -7699.7 -1.29079 81.6437 38.9227 -7743.71
(1,2,((3,((4,5),6)),(((((7,8),9),10),12),11))); -7686.97 -1.54651 80.6924 38.8123 -7730.4
(1,2,((3,((4,5),6)),((((7,8),9),10),(11,12)))); -7692.03 -1.42103 82.5992 39.0413 -7737.01
(1,(2,(((((7,8),9),10),12),11)),(3,((4,5),6))); -7683.87 -3.47322 83.0314 39.1863 -7731.19
(1,2,((3,((4,5),6)),((((7,8),9),10),(11,12)))); -7692.17 -1.42103 81.5707 39.2629 -7735.9
(1,2,((3,((4,5),6)),(((((7,8),9),10),12),11))); -7683.71 -1.54651 84.3421 39.2654 -7730.34
(1,2,((3,((4,5),6)),(((((7,8),9),10),12),11))); -7687.6 -1.54651 81.6486 39.2814 -7731.51
(1,2,((3,((4,5),6)),(((((7,8),9),10),11),12))); -7700.52 -1.29079 79.5998 38.9957 -7742.42
(1,2,((3,((4,5),6)),(((((7,8),9),10),11),12))); -7700.57 -1.29079 79.4528 38.9414 -7742.38
(1,2,((3,((4,5),6)),(((((7,8),9),10),11),12))); -7702.01 -1.29079 77.0286 39.0235 -7741.31
(1,2,((3,((4,5),6)),(((((7,8),9),10),12),11))); -7691.25 -1.54651 76.0123 39.1677 -7729.64
(1,2,((3,((4,5),6)),(((((7,8),9),10),12),11))); -7691.32 -1.54651 76.7056 39.0838 -7730.49
(1,2,(((3,(4,5)),6),(((((7,8),9),10),12),11))); -7696.31 -4.18751 80.0868 38.8206 -7741.77
(1,2,((3,((4,5),6)),(((((7,8),9),10),12),11))); -7690.04 -1.54651 78.0332 38.771 -7730.85
(1,2,(((3,(4,5)),6),(((((7,8),9),10),11),12))); -7707.99 -3.93178 80.9679 39.2469 -7753.64
(1,2,((3,((4,5),6)),(((((7,8),9),10),12),11))); -7684.08 -1.54651 85.278 39.2083 -7731.69
(1,2,((3,((4,5),6)),(((((7,8),9),10),12),11))); -7690.25 -1.54651 77.0319 38.6486 -7730.18
(1,2,((3,((4,5),6)),((((7,8),9),10),(11,12)))); -7693.17 -1.42103 82.7129 39.2835 -7738.02
(1,2,((3,((4,5),6)),(((((7,8),9),10),11),12))); -7698.52 -1.29079 80.6999 38.9665 -7741.55
(1,(2,(((((7,8),9),10),11),12)),((3,6),(4,5))); -7704.38 -5.43588 79.1433 38.6938 -7750.26
(1,2,(((3,6),(4,5)),(((((7,8),9),10),12),11))); -7690.55 -3.76489 80.7324 39.3452 -7735.7
(1,2,(((3,(4,5)),6),((((7,8),9),10),(11,12)))); -7700.14 -4.06202 79.428 38.9844 -7744.65
(1,2,((3,((4,5),6)),((((7,8),9),10),(11,12)))); -7689.42 -1.42103 84.2253 39.0928 -7735.97
(1,2,((3,((4,5),6)),(((((7,8),9),10),11),12))); -7696.14 -1.29079 85.0238 39.0899 -7743.37
(1,2,((3,((4,5),6)),(((((7,8),9),10),12),11))); -7685.38 -1.54651 82.7171 39.1662 -7730.48
(1,2,((3,((4,5),6)),(((((7,8),9),10),11),12))); -7702.19 -1.29079 80.209 39.1447 -7744.54
(1,2,(((3,6),(4,5)),(((((7,8),9),10),11),12))); -7703.75 -3.50917 78.7037 38.3524 -7747.61
(1,2,((3,((4,5),6)),(((((7,8),9),10),12),11))); -7690.17 -1.54651 78.4691 38.9902 -7731.19
(1,2,((3,((4,5),6)),(((((7,8),9),10),11),12))); -7704.02 -1.29079 76.7228 38.8648 -7743.17
(1,2,((3,((4,5),6)),(((((7,8),9),10),12),11))); -7686.78 -1.54651 81.5964 39.3919 -7730.53
(1,2,((3,((4,5),6)),(((((7,8),9),10),11),12))); -7698.9 -1.29079 81.2299 38.7354 -7742.68
(1,2,((3,((4,5),6)),(((((7,8),9),10),12),11))); -7687.47 -1.54651 78.9724 39.0232 -7728.96
(1,2,((3,((4,5),6)),(((((7,8),9),10),11),12))); -7706.5 -1.29079 73.0415 38.7539 -7742.08
(1,2,((3,((4,5),6)),(((((7,8),9),10),12),11))); -7687.24 -1.54651 80.6746 38.8656 -7730.6
(1,2,((3,((4,5),6)),(((((7,8),9),10),12),11))); -7685.04 -1.54651 82.6803 38.8995 -7730.37
(1,2,((3,((4,5),6)),((((7,8),9),10),(11,12)))); -7693.93 -1.42103 80.0845 38.6785 -7736.76
(1,2,((3,((4,5),6)),(((((7,8),9),10),11),12))); -7699.85 -1.29079 82.6683 39.0501 -7744.76
(1,2,((3,((4,5),6)),(((((7,8),9),10),12),11))); -7691.05 -1.54651 77.5085 39.2511 -7730.85
(1,2,((3,((4,5),6)),(((((7,8),9),10),12),11))); -7685.44 -1.54651 80.8673 38.7549 -7729.1
(1,(2,(((((7,8),9),10),11),12)),(3,((4,5),6))); -7700.75 -3.2175 79.1207 38.7772 -7744.31
(1,2,((3,((4,5),6)),(((((7,8),9),10),12),11))); -7689.28 -1.54651 78.7996 38.8897 -7730.74
(1,2,((3,((4,5),6)),((((7,8),9),10),(11,12)))); -7694.83 -1.42103 81.0639 38.887 -7738.43
(1,2,(((3,6),(4,5)),((((7,8),9),10),(11,12)))); -7695.25 -3.6394 81.2373 39.4009 -7740.72
(1,2,((3,((4,5),6)),(((((7,8),9),10),11),12))); -7701.55 -1.29079 79.9126 39.206 -7743.54
(1,2,((3,((4,5),6)),((((7,8),9),10),(11,12)))); -7689.49 -1.42103 84.6183 39.1916 -7736.33
(1,2,((3,((4,5),6)),(((((7,8),9),10),11),12))); -7700.26 -1.29079 82.6397 39.1272 -7745.07
(1,2,((3,((4,5),6)),(((((7,8),9),10),12),11))); -7696.8 -1.54651 73.671 39.2257 -7732.79
(1,2,((3,((4,5),6)),((((7,8),9),10),(11,12)))); -7696.4 -1.42103 75.6988 38.9355 -7734.58
(1,2,((3,((4,5),6)),((((7,8),9),10),(11,12)))); -7696.71 -1.42103 78.4085 38.6668 -7737.87
(1,2,(((3,6),(4,5)),((((7,8),9),10),(11,12)))); -7694.12 -3.6394 83.3104 39.1361 -7741.93
(1,2,((3,((4,5),6)),(((((7,8),9),10),11),12))); -7696.27 -1.29079 84.1638 38.954 -7742.77
(1,(2,((((7,8),9),10),(11,12))),(3,((4,5),6))); -7687.07 -3.34774 81.661 38.8468 -7733.24
(1,2,((3,((4,5),6)),(((((7,8),9),10),12),11))); -7688.62 -1.54651 79.896 38.848 -7731.21
(1,2,((3,((4,5),6)),(((((7,8),9),10),12),11))); -7688.78 -1.54651 79.2427 39.2105 -7730.36
(1,2,((3,((4,5),6)),(((((7,8),9),10),12),11))); -7687.1 -1.54651 80.2686 39.1525 -7729.76
(1,2,((3,((4,5),6)),(((((7,8),9),10),12),11))); -7683.9 -1.54651 85.1843 39.4631 -7731.17
(1,2,((3,((4,5),6)),(((((7,8),9),10),12),11))); -7686.68 -1.54651 82.9657 39.3779 -7731.81
(1,2,((3,((4,5),6)),(((((7,8),9),10),12),11))); -7691.23 -1.54651 76.4289 38.8809 -7730.32
(1,2,((3,((4,5),6)),((((7,8),9),10),(11,12)))); -7695.82 -1.42103 80.6372 39.5577 -7738.32
(1,(2,(((((7,8),9),10),12),11)),(3,((4,5),6))); -7681.5 -3.47322 84.2561 39.1426 -7730.09
(1,(2,(((((7,8),9),10),12),11)),(3,((4,5),6))); -7687.99 -3.47322 79.7961 39.4948 -7731.76
(1,2,(((3,6),(4,5)),(((((7,8),9),10),11),12))); -7707 -3.50917 76.2117 38.8295 -7747.89
(1,2,((3,((4,5),6)),(((((7,8),9),10),11),12))); -7704.01 -1.29079 77.4404 38.9351 -7743.81
(1,2,((3,((4,5),6)),(((((7,8),9),10),12),11))); -7690.38 -1.54651 79.7066 39.0988 -7732.54
(1,2,((3,((4,5),6)),(((((7,8),9),10),12),11))); -7685.48 -1.54651 82.6043 39.329 -7730.3
(1,2,(((3,(4,5)),6),(((((7,8),9),10),11),12))); -7707.32 -3.93178 81.3594 38.8034 -7753.81
(1,2,((3,((4,5),6)),(((((7,8),9),10),12),11))); -7688.26 -1.54651 81.7524 39.3341 -7732.22
(1,2,((3,((4,5),6)),((((7,8),9),10),(11,12)))); -7694.07 -1.42103 78.2268 38.6523 -7735.06
(1,2,((3,((4,5),6)),((((7,8),9),10),(11,12)))); -7698.48 -1.42103 75.1498 38.7554 -7736.29
(1,2,(((3,(5,6)),4),(((((7,8),9),10),11),12))); -7725.28 -10.3237 85.1896 39.0433 -7781.75
(1,2,(((3,(4,5)),6),((((7,8),9),10),(11,12)))); -7701.2 -4.06202 77.1231 38.8013 -7743.59
(1,2,((3,((4,5),6)),(((((7,8),9),10),12),11))); -7684.7 -1.54651 84.4014 38.9275 -7731.73
(1,2,((3,((4,5),6)),(((((7,8),9),10),11),12))); -7698.42 -1.29079 81.723 38.9329 -7742.51
(1,2,(((3,(4,5)),6),((((7,8),9),10),(11,12)))); -7708.44 -4.06202 73.4192 38.8708 -7747.05
(1,2,((3,((4,5),6)),(((((7,8),9),10),12),11))); -7692.41 -1.54651 76.0399 39.0548 -7730.94
(1,2,((3,((4,5),6)),(((((7,8),9),10),11),12))); -7703.45 -1.29079 77.5978 39.3785 -7742.96
(1,2,(((3,6),(4,5)),(((((7,8),9),10),11),12))); -7706.35 -3.50917 77.77 38.8432 -7748.79
(1,2,((3,((4,5),6)),(((((7,8),9),10),12),11))); -7686.39 -1.54651 80.6768 38.9504 -7729.67
(1,2,(((3,6),(4,5)),((((7,8),9),10),(11,12)))); -7697.85 -3.6394 79.052 38.7749 -7741.77
(1,2,((3,((4,5),6)),(((((7,8),9),10),12),11))); -7686.25 -1.54651 79.9614 39.0028 -7728.75
(1,2,((3,((4,5),6)),(((((7,8),9),10),12),11))); -7688.12 -1.54651 78.4766 39.1441 -7729
(1,2,((3,((4,5),6)),(((((7,8),9),10),12),11))); -7684.92 -1.54651 82.0069 38.7492 -7729.73
(1,2,((3,((4,5),6)),((((7,8),9),10),(11,12)))); -7694.86 -1.42103 79.2376 39.116 -7736.4
(1,2,((3,((4,5),6)),((((7,8),9),10),(11,12)))); -7694.66 -1.42103 79.3605 38.9022 -7736.54
(1,2,((3,((4,5),6)),(((((7,8),9),10),11),12))); -7708.34 -1.29079 73.9092 38.7401 -7744.8
(1,2,((3,((4,5),6)),(((((7,8),9),10),11),12))); -7705.69 -1.29079 77.9185 39.1396 -7745.76
(1,2,((3,((4,5),6)),(((((7,8),9),10),11),12))); -7695.73 -1.29079 85.1395 39.2041 -7742.96
(1,2,((3,((4,5),6)),(((((7,8),9),10),12),11))); -7686.14 -1.54651 80.4224 38.599 -7729.51
(1,2,((3,((4,5),6)),(((((7,8),9),10),12),11))); -7685.76 -1.54651 82.1587 38.9335 -7730.53
(1,2,((3,((4,5),6)),(((((7,8),9),10),12),11))); -7690.04 -1.54651 77.296 38.8929 -7729.99
(1,2,(((3,6),(4,5)),(((((7,8),9),10),12),11))); -7696.47 -3.76489 74.2497 38.9028 -7735.59
(1,2,((3,(((((7,8),9),10),12),11)),((4,5),6))); -7715.67 -7.08104 70.1564 38.5482 -7754.36
(1,2,((3,((4,5),6)),((((7,8),9),10),(11,12)))); -7693.91 -1.42103 79.4956 38.6451 -7736.19
(1,2,((3,((4,5),6)),(((((7,8),9),10),12),11))); -7688.12 -1.54651 79.8852 39.4082 -7730.14
(1,2,((3,((4,5),6)),(((((7,8),9),10),12),11))); -7687.46 -1.54651 82.1315 39.3218 -7731.82
(1,2,((3,((4,5),6)),(((((7,8),9),10),12),11))); -7689.09 -1.54651 78.1194 38.8441 -7729.91
(1,2,((3,((4,5),6)),(((((7,8),9),10),12),11))); -7691.01 -1.54651 75.4323 38.5469 -7729.44
(1,2,((3,((4,5),6)),(((((7,8),9),10),12),11))); -7689.05 -1.54651 80.9838 38.9667 -7732.61
(1,(2,(((((7,8),9),10),11),12)),(3,((4,5),6))); -7698.39 -3.2175 83.8521 39.3101 -7746.15
(1,((2,(((((7,8),9),10),11),12)),3),((4,5),6)); -7748.91 -8.2467 79.2142 38.7159 -7797.65
(1,2,((3,((4,5),6)),(((((7,8),9),10),11),12))); -7700.56 -1.29079 79.3664 38.9442 -7742.27
(1,2,((3,((4,5),6)),(((((7,8),9),10),12),11))); -7684.44 -1.54651 82.4867 38.5629 -7729.91
(1,(2,((((7,8),9),10),(11,12))),(3,((4,5),6))); -7692 -3.34774 77.2882 39.5075 -7733.12
(1,2,((3,((4,5),6)),(((((7,8),9),10),12),11))); -7697.5 -1.54651 68.7907 38.6107 -7729.23
(1,2,((3,((4,5),6)),(((((7,8),9),10),12),11))); -7688.59 -1.54651 81.7059 39.2647 -7732.58
(1,2,(((3,6),(4,5)),(((((7,8),9),10),11),12))); -7705.46 -3.50917 80.1591 39.1386 -7749.99
(1,(2,((((7,8),9),10),(11,12))),(3,((4,5),6))); -7694.83 -3.34774 77.8758 39.1839 -7736.87
(1,2,((3,((4,5),6)),(((((7,8),9),10),12),11))); -7691.92 -1.54651 76.8049 39.6819 -7730.59
(1,2,(((3,6),(4,5)),((((7,8),9),10),(11,12)))); -7694.09 -3.6394 82.9995 39.2059 -7741.52
(1,2,((3,((4,5),6)),((((7,8),9),10),(11,12)))); -7702.66 -1.42103 71.4322 39.2511 -7736.26
(1,2,((3,((4,5),6)),((((7,8),9),10),(11,12)))); -7699.59 -1.42103 76.0047 39.0415 -7737.98
(1,2,((3,((4,5),6)),((((7,8),9),10),(11,12)))); -7699.13 -1.42103 73.7603 38.9659 -7735.35
(1,2,((3,((4,5),6)),(((((7,8),9),10),12),11))); -7686.69 -1.54651 81.722 39.2087 -7730.75
(1,2,((3,((4,5),6)),(((((7,8),9),10),12),11))); -7691.26 -1.54651 76.4885 38.4292 -7730.86
(1,2,((3,((4,5),6)),(((((7,8),9),10),11),12))); -7703.43 -1.29079 78.3295 39.2557 -7743.79
(1,2,((3,((4,5),6)),(((((7,8),9),10),12),11))); -7687.07 -1.54651 80.6745 38.9987 -7730.3
(1,2,((3,((4,5),6)),(((((7,8),9),10),11),12))); -7705.92 -1.29079 76.3524 39.2963 -7744.26
(1,2,((3,((4,5),6)),(((((7,8),9),10),12),11))); -7691.49 -1.54651 76.222 38.7239 -7730.53
(1,2,((3,((4,5),6)),(((((7,8),9),10),11),12))); -7703.85 -1.29079 76.3455 38.4058 -7743.08
(1,(2,(((((7,8),9),10),12),11)),((3,6),(4,5))); -7692.3 -5.6916 77.0189 38.785 -7736.23
(1,2,((3,((4,5),6)),(((((7,8),9),10),11),12))); -7700.64 -1.29079 81.914 39.1256 -7744.72
(1,2,((3,((4,5),6)),(((((7,8),9),10),11),12))); -7698.69 -1.29079 80.6839 39.2633 -7741.4
(1,2,((3,((4,5),6)),(((((7,8),9),10),11),12))); -7693.46 -1.29079 87.4576 39.1686 -7743.04
(1,2,((3,((4,5),6)),((((7,8),9),10),(11,12)))); -7701.69 -1.42103 71.4623 38.7472 -7735.82
(1,2,((3,((4,5),6)),(((((7,8),9),10),11),12))); -7704.8 -1.29079 78.4769 39.468 -7745.1
(1,(2,((((7,8),9),10),(11,12))),(3,((4,5),6))); -7687.38 -3.34774 83.164 38.8936 -7735
(1,2,((3,((((7,8),9),10),(11,12))),((4,5),6))); -7716.56 -6.95556 77.0776 38.6738 -7761.92
(1,2,((3,((4,5),6)),(((((7,8),9),10),11),12))); -7699.64 -1.29079 82.0798 38.7134 -7744.3
(1,2,((3,((4,5),6)),(((((7,8),9),10),12),11))); -7693.83 -1.54651 74.2508 39.0898 -7730.53
(1,2,(((3,6),(4,5)),(((((7,8),9),10),11),12))); -7709.82 -3.50917 72.1513 39.1104 -7746.37
(1,2,((3,((4,5),6)),(((((7,8),9),10),11),12))); -7699.67 -1.29079 80.1044 38.9505 -7742.12
(1,2,((3,((4,5),6)),((((7,8),9),10),(11,12)))); -7695.21 -1.42103 80.2999 39.4073 -7737.52
(1,2,(((3,6),(4,5)),(((((7,8),9),10),11),12))); -7702.48 -3.50917 79.8887 38.6008 -7747.28
(1,(2,(((((7,8),9),10),11),12)),(3,((4,5),6))); -7696.56 -3.2175 84.2616 38.851 -7745.19
(1,(2,((((7,8),9),10),(11,12))),(3,((4,5),6))); -7690.38 -3.34774 80.1001 39.0826 -7734.74
(1,2,((3,((4,5),6)),((((7,8),9),10),(11,12)))); -7697.98 -1.42103 75.3933 38.5247 -7736.27
(1,2,((3,((4,5),6)),((((7,8),9),10),(11,12)))); -7692.13 -1.42103 82.0153 39.1228 -7736.44
(1,2,((3,((4,5),6)),(((((7,8),9),10),11),12))); -7699.16 -1.29079 82.2199 38.7986 -7743.87
(1,2,((3,((4,5),6)),((((7,8),9),10),(11,12)))); -7691.31 -1.42103 81.7592 38.7809 -7735.71
(1,(2,(((((7,8),9),10),11),12)),((3,6),(4,5))); -7699.29 -5.43588 85.0806 39.0082 -7750.8
(1,2,((3,((4,5),6)),((((7,8),9),10),(11,12)))); -7694.09 -1.42103 80.4813 39.0052 -7736.98
(1,2,((3,((4,5),6)),(((((7,8),9),10),12),11))); -7685.64 -1.54651 82.1695 38.9001 -7730.46
(1,2,((3,((4,5),6)),(((((7,8),9),10),12),11))); -7688.16 -1.54651 79.9221 38.9216 -7730.7
(1,2,((3,((4,5),6)),(((((7,8),9),10),12),11))); -7681.61 -1.54651 86.8933 39.355 -7730.7
(1,2,((3,((4,5),6)),(((((7,8),9),10),12),11))); -7686.74 -1.54651 79.9434 39.0326 -7729.2
(1,2,((3,((4,5),6)),(((((7,8),9),10),12),11))); -7685.74 -1.54651 81.8829 39.1194 -7730.05
(1,2,(((3,6),(4,5)),((((7,8),9),10),(11,12)))); -7694.99 -3.6394 80.2581 38.9367 -7739.95
(1,2,((3,((4,5),6)),(((((7,8),9),10),12),11))); -7684.67 -1.54651 83.0229 38.7428 -7730.5
(1,(2,(((((7,8),9),10),12),11)),(3,((4,5),6))); -7694.3 -3.47322 72.6035 39.0152 -7731.36
(1,2,((3,((4,5),6)),(((((7,8),9),10),11),12))); -7702.21 -1.29079 80.0393 39.5097 -7744.03
(1,2,((3,((4,5),6)),((((7,8),9),10),(11,12)))); -7692.16 -1.42103 83.807 39.0528 -7738.33
(1,2,((3,((4,5),6)),(((((7,8),9),10),12),11))); -7690.22 -1.54651 77.882 39.0092 -7730.64
(1,2,((3,((4,5),6)),(((((7,8),9),10),11),12))); -7699.43 -1.29079 82.5574 39.0584 -7744.22
(1,2,((3,((4,5),6)),(((((7,8),9),10),11),12))); -7710.06 -1.29079 71.5921 38.8023 -7744.14
(1,2,((3,((4,5),6)),(((((7,8),9),10),12),11))); -7689.24 -1.54651 79.6766 39.3848 -7731.07
(1,2,((3,((4,5),6)),(((((7,8),9),10),12),11))); -7693.17 -1.54651 74.7146 38.9039 -7730.53
(1,2,((3,((4,5),6)),((((7,8),9),10),(11,12)))); -7692.13 -1.42103 81.4606 39.191 -7735.82
(1,2,((3,((4,5),6)),((((7,8),9),10),(11,12)))); -7691.69 -1.42103 81.9245 38.8563 -7736.18
(1,2,((3,((4,5),6)),(((((7,8),9),10),11),12))); -7704.18 -1.29079 75.3111 38.8847 -7741.9
(1,2,((3,((4,5),6)),((((7,8),9),10),(11,12)))); -7695.45 -1.42103 79.3904 39.2011 -7737.06
(1,2,((3,((4,5),6)),(((((7,8),9),10),11),12))); -7703.42 -1.29079 77.8997 39.007 -7743.6
(1,2,((3,((4,5),6)),(((((7,8),9),10),11),12))); -7697.62 -1.29079 83.43 39.2793 -7743.06
(1,2,((3,((4,5),6)),(((((7,8),9),10),11),12))); -7700.71 -1.29079 79.2265 38.8511 -7742.38
(1,2,((3,((4,5),6)),(((((7,8),9),10),11),12))); -7702.62 -1.29079 79.803 39.3797 -7744.33
(1,2,((3,((4,5),6)),(((((7,8),9),10),11),12))); -7700.44 -1.29079 82.0541 38.9143 -7744.87
(1,(2,(((((7,8),9),10),11),12)),(3,((4,5),6))); -7696.32 -3.2175 83.1475 39.156 -7743.52
(1,2,((3,((4,5),6)),(((((7,8),9),10),12),11))); -7691.84 -1.54651 76.6846 39.142 -7730.93
(1,2,((3,((4,5),6)),(((((7,8),9),10),11),12))); -7697.64 -1.29079 81.8458 38.7402 -7742.03
(1,(2,(((((7,8),9),10),12),11)),(3,((4,5),6))); -7689.55 -3.47322 79.5178 39.0409 -7733.5
(1,2,((3,((4,5),6)),((((7,8),9),10),(11,12)))); -7697.09 -1.42103 77.0869 39.0366 -7736.56
(1,2,((3,((4,5),6)),((((7,8),9),10),(11,12)))); -7688.87 -1.42103 85.1438 39.171 -7736.26
(1,2,((3,((4,5),6)),((((7,8),9),10),(11,12)))); -7699.06 -1.42103 74.0751 39.2455 -7735.31
(1,2,((3,((4,5),6)),(((((7,8),9),10),11),12))); -7705.7 -1.29079 77.3581 39.1086 -7745.24
(1,2,((3,((4,5),6)),(((((7,8),9),10),11),12))); -7708.7 -1.29079 71.1669 38.5304 -7742.63
(1,2,((3,((4,5),6)),(((((7,8),9),10),11),12))); -7706.99 -1.29079 72.5545 38.489 -7742.35
(1,2,(((3,6),(4,5)),(((((7,8),9),10),12),11))); -7692.95 -3.76489 77.0956 39.2129 -7734.6
(1,2,(((3,6),(4,5)),(((((7,8),9),10),11),12))); -7702.55 -3.50917 82.5948 39.4309 -7749.23
(1,2,((3,((4,5),6)),(((((7,8),9),10),12),11))); -7693.41 -1.54651 74.796 38.8318 -7730.93
(1,2,((3,((4,5),6)),(((((7,8),9),10),11),12))); -7697.07 -1.29079 84.0631 38.791 -7743.63
(1,2,((3,((4,5),6)),(((((7,8),9),10),12),11))); -7688.78 -1.54651 78.3092 39.094 -7729.54
(1,2,((3,((4,5),6)),((((7,8),9),10),(11,12)))); -7691.23 -1.42103 81.4943 38.636 -7735.51
(1,2,((3,((4,5),6)),(((((7,8),9),10),11),12))); -7699.08 -1.29079 82.5784 39.264 -7743.69
(1,2,(((3,6),(4,5)),(((((7,8),9),10),11),12))); -7705.14 -3.50917 78.076 38.629 -7748.09
(1,2,(((3,6),(4,5)),((((7,8),9),10),(11,12)))); -7697.03 -3.6394 79.785 38.9184 -7741.54
(1,(2,(((((7,8),9),10),12),11)),((3,(4,5)),6)); -7690.56 -6.11421 84.7382 39.0926 -7742.31
(1,2,((3,((4,5),6)),(((((7,8),9),10),12),11))); -7692.92 -1.54651 75.4991 39.1421 -7730.82
(1,2,(((3,(4,5)),6),(((((7,8),9),10),11),12))); -7710.1 -3.93178 78.5378 38.7748 -7753.79
(1,2,(((3,6),(4,5)),(((((7,8),9),10),12),11))); -7690.74 -3.76489 80.3219 38.7034 -7736.13
(1,2,((3,((4,5),6)),(((((7,8),9),10),11),12))); -7696.46 -1.29079 84.2937 38.9856 -7743.06
(1,2,((3,((4,5),6)),((((7,8),9),10),(11,12)))); -7692.62 -1.42103 81.6433 38.8066 -7736.88
(1,2,((3,((4,5),6)),(((((7,8),9),10),11),12))); -7699.38 -1.29079 80.8703 38.7137 -7742.83
(1,2,((3,((4,5),6)),(((((7,8),9),10),11),12))); -7698.5 -1.29079 82.6105 39.0422 -7743.36
(1,2,((3,((4,5),6)),(((((7,8),9),10),11),12))); -7703.89 -1.29079 78.3075 39.4925 -7743.99
(1,2,((3,((4,5),6)),((((7,8),9),10),(11,12)))); -7696.54 -1.42103 75.7091 38.6717 -7735
(1,2,((3,((4,5),6)),((((7,8),9),10),(11,12)))); -7694.7 -1.42103 80.3497 38.9872 -7737.49
(1,2,((3,((4,5),6)),(((((7,8),9),10),12),11))); -7686 -1.54651 82.5144 39.1615 -7730.9
(1,2,((3,((4,5),6)),(((((7,8),9),10),11),12))); -7701.2 -1.29079 79.7299 38.8763 -7743.34
(1,2,((3,((4,5),6)),((((7,8),9),10),(11,12)))); -7690.96 -1.42103 82.9669 39.0473 -7736.3
(1,(2,(((((7,8),9),10),11),12)),(3,((4,5),6))); -7695.51 -3.2175 84.0775 39.0409 -7743.76
(1,(2,((((7,8),9),10),(11,12))),(3,((4,5),6))); -7686.35 -3.34774 82.9192 38.7208 -7733.9
(1,2,((3,((4,5),6)),(((((7,8),9),10),12),11))); -7689.92 -1.54651 77.9989 39.3849 -7730.08
(1,2,((3,((4,5),6)),((((7,8),9),10),(11,12)))); -7695.72 -1.42103 78.7786 39.4649 -7736.46
(1,2,((3,((4,5),6)),(((((7,8),9),10),12),11))); -7689.7 -1.54651 78.9016 38.9912 -7731.16
(1,2,((3,((4,5),6)),(((((7,8),9),10),11),12))); -7698.94 -1.29079 82.907 38.9542 -7744.19
(1,2,((3,((4,5),6)),(((((7,8),9),10),11),12))); -7700.51 -1.29079 79.3706 38.5494 -7742.63
(1,2,((3,((4,5),6)),((((7,8),9),10),(11,12)))); -7693.42 -1.42103 80.432 39.0622 -7736.21
(1,2,((3,((4,5),6)),((((7,8),9),10),(11,12)))); -7690.75 -1.42103 83.6589 38.8219 -7737.01
(1,2,(((3,6),(4,5)),(((((7,8),9),10),11),12))); -7708.03 -3.50917 74.9729 39.1592 -7747.36
(1,2,((3,((4,5),6)),((((7,8),9),10),(11,12)))); -7693.32 -1.42103 81.3809 39.4494 -7736.68
(1,2,(((3,6),(4,5)),((((7,8),9),10),(11,12)))); -7691.91 -3.6394 83.5045 38.8994 -7740.16
(1,2,((3,((4,5),6)),((((7,8),9),10),(11,12)))); -7690.53 -1.42103 83.736 38.6893 -7737
(1,2,((3,((4,5),6)),(((((7,8),9),10),11),12))); -7705.43 -1.29079 75.4349 38.9743 -7743.18
(1,2,((3,((4,5),6)),(((((7,8),9),10),11),12))); -7703.48 -1.29079 77.8133 39.0401 -7743.55
(1,(2,(((((7,8),9),10),12),11)),((3,6),(4,5))); -7689.27 -5.6916 82.7266 39.5734 -7738.12
(1,(2,(((((7,8),9),10),11),12)),(3,((4,5),6))); -7700.08 -3.2175 80.7219 38.7762 -7745.24
(1,2,((3,((4,5),6)),(((((7,8),9),10),11),12))); -7697.95 -1.29079 83.9433 38.9208 -7744.27
(1,2,((3,((4,5),6)),(((((7,8),9),10),11),12))); -7698.79 -1.29079 83.6475 39.1864 -7744.54
(1,2,((3,((4,5),6)),(((((7,8),9),10),11),12))); -7697.45 -1.29079 84.735 39.5197 -7743.96
(1,2,(((3,6),(4,5)),(((((7,8),9),10),12),11))); -7690.45 -3.76489 79.0124 38.5241 -7734.7
(1,2,((3,((4,5),6)),(((((7,8),9),10),11),12))); -7706.38 -1.29079 74.2567 38.9234 -7743
(1,2,((3,((4,5),6)),(((((7,8),9),10),11),12))); -7701.66 -1.29079 78.6435 38.7694 -7742.83
(1,(2,(((((7,8),9),10),11),12)),((3,6),(4,5))); -7702.92 -5.43588 79.9494 39.0651 -7749.24
(1,2,((3,((4,5),6)),((((7,8),9),10),(11,12)))); -7692.71 -1.42103 81.8287 39.1135 -7736.84
(1,2,(((3,6),(4,5)),((((7,8),9),10),(11,12)))); -7695.97 -3.6394 82.0151 39.1397 -7742.49
(1,2,((3,((4,5),6)),((((7,8),9),10),(11,12)))); -7698.71 -1.42103 73.2161 38.4203 -7734.93
(1,2,((3,((4,5),6)),(((((7,8),9),10),12),11))); -7691.27 -1.54651 74.662 38.6309 -7728.85
(1,2,((3,((4,5),6)),(((((7,8),9),10),12),11))); -7687.53 -1.54651 80.0977 39.0304 -7730.15
(1,(2,(((((7,8),9),10),11),12)),((3,6),(4,5))); -7700.46 -5.43588 83.6335 39.0172 -7750.51
(1,2,((3,((4,5),6)),((((7,8),9),10),(11,12)))); -7690.87 -1.42103 82.5947 38.9921 -7735.89
(1,2,((3,((4,5),6)),(((((7,8),9),10),11),12))); -7698.41 -1.29079 82.0311 38.8041 -7742.92
(1,2,((3,((4,5),6)),((((7,8),9),10),(11,12)))); -7694.39 -1.42103 79.3937 39.0542 -7736.15
(1,2,((3,((4,5),6)),((((7,8),9),10),(11,12)))); -7695.66 -1.42103 78.8966 39.1179 -7736.86
(1,2,((3,((4,5),6)),(((((7,8),9),10),12),11))); -7687.17 -1.54651 80.5771 38.756 -7730.54
(1,(2,((((7,8),9),10),(11,12))),(3,((4,5),6))); -7689.32 -3.34774 79.2246 38.6975 -7733.2
(1,2,((3,((4,5),6)),((((7,8),9),10),(11,12)))); -7690.98 -1.42103 82.662 38.9839 -7736.08
(1,2,(((3,6),(4,5)),(((((7,8),9),10),12),11))); -7689.77 -3.76489 78.9109 38.9928 -7733.45
(1,2,((3,((4,5),6)),(((((7,8),9),10),12),11))); -7693.57 -1.54651 76.24 39.2061 -7732.15
(1,2,((3,((4,5),6)),(((((7,8),9),10),12),11))); -7688.46 -1.54651 78.8342 38.9257 -7729.92
(1,2,((3,((4,5),6)),(((((7,8),9),10),12),11))); -7689.8 -1.54651 76.5379 39.1219 -7728.76
(1,2,((3,((4,5),6)),(((((7,8),9),10),11),12))); -7705.97 -1.29079 75.2568 39.2095 -7743.31
(1,2,((3,((4,5),6)),((((7,8),9),10),(11,12)))); -7698.47 -1.42103 75.8717 39.072 -7736.69
(1,(2,(((((7,8),9),10),11),12)),(3,((4,5),6))); -7700.47 -3.2175 78.8104 38.7958 -7743.7
(1,2,((3,((4,5),6)),(((((7,8),9),10),12),11))); -7686.76 -1.54651 81.0506 38.7729 -7730.58
(1,(2,((((7,8),9),10),(11,12))),(3,((4,5),6))); -7698.94 -3.34774 75.0581 39.6545 -7737.69
(1,(2,(((((7,8),9),10),11),12)),(3,((4,5),6))); -7703.23 -3.2175 77.7889 38.7823 -7745.45
(1,2,((3,((4,5),6)),(((((7,8),9),10),12),11))); -7689.26 -1.54651 76.2568 38.6705 -7728.39
(1,2,((3,((4,5),6)),((((7,8),9),10),(11,12)))); -7688.53 -1.42103 84.9608 39.0581 -7735.86
(1,2,((3,((4,5),6)),(((((7,8),9),10),12),11))); -7684.29 -1.54651 83.3009 38.7761 -7730.36
(1,2,((3,((4,5),6)),(((((7,8),9),10),11),12))); -7701.54 -1.29079 80.8368 39.1537 -7744.52
