tree logl logTop logProp logPrior logWt parsimonyScore
(1,2,((3,((4,5),6)),(((((7,8),9),10),12),11))); -7685.52 -1.52008 82.7566 39.3828 -7730.42 1298
(1,2,((3,((4,5),6)),(((((7,8),9),10),11),12))); -7699.88 -1.29017 81.7476 39.1537 -7743.76 1292
(1,2,((3,((4,5),6)),(((((7,8),9),10),11),12))); -7706.42 -1.29017 75.5521 38.824 -7744.44 1292
(1,(2,(((((7,8),9),10),11),12)),(3,((4,5),6))); -7696.93 -3.19639 84.136 39.1669 -7745.1 1288
(1,2,((3,((4,5),6)),((((7,8),9),10),(11,12)))); -7690.07 -1.45535 83.4056 38.6701 -7736.26 1293
(1,2,((3,((4,5),6)),((((7,8),9),10),(11,12)))); -7692.17 -1.45535 82.0234 38.6289 -7737.02 1293
(1,(2,((((7,8),9),10),(11,12))),(3,((4,5),6))); -7687.47 -3.36157 81.0243 38.8798 -7732.98 1284
(1,2,(((3,6),(4,5)),((((7,8),9),10),(11,12)))); -7699.94 -3.68437 75.6939 38.6722 -7740.64 1295
(1,2,((3,((4,5),6)),(((((7,8),9),10),11),12))); -7702.86 -1.29017 78.4125 39.4953 -7743.07 1292
(1,2,((3,((4,5),6)),(((((7,8),9),10),12),11))); -7687.29 -1.52008 78.9634 38.4454 -7729.32 1298
(1,2,((3,((4,5),6)),(((((7,8),9),10),11),12))); -7702.63 -1.29017 80.1907 38.9767 -7745.13 1292
(1,2,((3,((4,5),6)),(((((7,8),9),10),12),11))); -7685.67 -1.52008 81.441 39.0225 -7729.61 1298
(1,2,((3,((4,5),6)),((((7,8),9),10),(11,12)))); -7698.64 -1.45535 76.7654 39.4384 -7737.43 1293
(1,2,((3,((4,5),6)),((((7,8),9),10),(11,12)))); -7690.11 -1.45535 84.6893 39.1383 -7737.12 1293
(1,2,((3,((4,5),6)),(((((7,8),9),10),12),11))); -7688.03 -1.52008 78.994 38.845 -7729.7 1298
(1,(2,(((((7,8),9),10),12),11)),(3,((4,5),6))); -7687.91 -3.4263 76.4675 38.8879 -7728.92 1289
(1,2,((3,((4,5),6)),(((((7,8),9),10),12),11))); -7687.66 -1.52008 80.7408 39.0297 -7730.89 1298
(1,2,((3,((4,5),6)),(((((7,8),9),10),12),11))); -7690.5 -1.52008 77.2654 38.9495 -7730.34 1298
(1,2,((3,((4,5),6)),(((((7,8),9),10),12),11))); -7685.37 -1.52008 82.6916 39.1679 -7730.42 1298
(1,2,((3,((4,5),6)),(((((7,8),9),10),11),12))); -7699.98 -1.29017 81.6842 39.2538 -7743.7 1292
(1,(2,((((7,8),9),10),(11,12))),(3,((4,5),6))); -7686.87 -3.36157 82.1404 39.0213 -7733.35 1284
(1,2,((3,((4,5),6)),(((((7,8),9),10),11),12))); -7697.77 -1.29017 84.9285 39.2779 -7744.71 1292
(1,2,(((3,6),(4,5)),(((((7,8),9),10),11),12))); -7703.84 -3.51919 79.019 39.0068 -7747.37 1294
(1,2,(((3,6),(4,5)),(((((7,8),9),10),11),12))); -7699.82 -3.51919 84.411 39.2118 -7748.53 1294
(1,2,((3,((4,5),6)),(((((7,8),9),10),12),11))); -7687.35 -1.52008 80.0632 38.8991 -7730.04 1298
(1,2,(((3,6),(4,5)),((((7,8),9),10),(11,12)))); -7703.48 -3.68437 74.2284 38.7811 -7742.61 1295
(1,2,((3,((4,5),6)),(((((7,8),9),10),11),12))); -7697.21 -1.29017 85.3609 39.4603 -7744.4 1292
(1,2,(((3,(4,5)),6),(((((7,8),9),10),11),12))); -7706.02 -3.93522 81.0875 38.732 -7752.31 1297
(1,(2,((((7,8),9),10),(11,12))),(3,(4,(5,6)))); -7704.02 -8.78807 82.5818 38.6604 -7756.73 1296
(1,(2,(((((7,8),9),10),12),11)),(3,((4,5),6))); -7682.06 -3.4263 84.6963 39.0109 -7731.17 1289
(1,2,((3,((4,5),6)),((((7,8),9),10),(11,12)))); -7700.87 -1.45535 76.5181 39.7043 -7739.14 1293
(1,2,((3,((4,5),6)),(((((7,8),9),10),11),12))); -7698.73 -1.29017 82.1564 38.9363 -7743.24 1292
(1,(2,(((((7,8),9),10),11),12)),(3,((4,5),6))); -7701.26 -3.19639 79.1914 38.7723 -7744.88 1288
(1,2,((3,((4,5),6)),(((((7,8),9),10),11),12))); -7704.35 -1.29017 77.3407 39.2608 -7743.72 1292
(1,2,((3,((4,5),6)),(((((7,8),9),10),12),11))); -7687.12 -1.52008 80.2 38.9988 -7729.84 1298
(1,2,((3,((4,5),6)),(((((7,8),9),10),11),12))); -7701.72 -1.29017 78.867 38.9382 -7742.94 1292
(1,2,((3,((4,5),6)),(((((7,8),9),10),11),12))); -7704.16 -1.29017 79.9732 39.5342 -7745.89 1292
(1,(2,(((((7,8),9),10),11),12)),(3,((4,5),6))); -7698.55 -3.19639 82.4228 39.0873 -7745.08 1288
(1,2,((3,((4,5),6)),(((((7,8),9),10),12),11))); -7695.29 -1.52008 73.6615 39.5616 -7730.91 1298
(1,2,((3,((4,5),6)),((((7,8),9),10),(11,12)))); -7693.99 -1.45535 80.9389 39.2003 -7737.19 1293
(1,(2,((((7,8),9),10),(11,12))),(3,((4,5),6))); -7689.16 -3.36157 81.4006 39.0368 -7734.89 1284
(1,(2,(((((7,8),9),10),11),12)),(3,((4,5),6))); -7698.96 -3.19639 81.5936 39.1957 -7744.56 1288
(1,2,((3,((4,5),6)),((((7,8),9),10),(11,12)))); -7690.05 -1.45535 84.5031 39.1786 -7736.83 1293
(1,2,((3,((4,5),6)),(((((7,8),9),10),12),11))); -7687.11 -1.52008 82.1916 39.2568 -7731.57 1298
(1,2,((3,((4,5),6)),(((((7,8),9),10),11),12))); -7701.31 -1.29017 80.3313 39.5517 -7743.38 1292
(1,(2,((((7,8),9),10),(11,12))),(3,((4,5),6))); -7691.69 -3.36157 80.2512 38.9701 -7736.33 1284
(1,2,((3,((4,5),6)),(((((7,8),9),10),11),12))); -7707.46 -1.29017 74.2714 39.2601 -7743.77 1292
(1,2,((3,((4,5),6)),(((((7,8),9),10),12),11))); -7685.35 -1.52008 83.3552 38.9363 -7731.28 1298
(1,2,((3,((4,5),6)),(((((7,8),9),10),11),12))); -7702.56 -1.29017 79.71 38.8511 -7744.71 1292
(1,2,((3,((4,5),6)),(((((7,8),9),10),11),12))); -7702.33 -1.29017 77.8528 38.8697 -7742.6 1292
(1,2,((3,((4,5),6)),(((((7,8),9),10),12),11))); -7689.37 -1.52008 77.6387 38.7373 -7729.79 1298
(1,2,((3,((4,5),6)),(((((7,8),9),10),12),11))); -7687.79 -1.52008 80.0073 39.403 -7729.91 1298
(1,2,((3,((4,5),6)),(((((7,8),9),10),12),11))); -7688.19 -1.52008 80.7276 39.0913 -7731.34 1298
(1,2,((3,((4,5),6)),(((((7,8),9),10),11),12))); -7700.7 -1.29017 79.0641 38.9888 -7742.07 1292
(1,2,((3,((4,5),6)),((((7,8),9),10),(11,12)))); -7699.56 -1.45535 74.3836 38.8576 -7736.54 1293
(1,2,(((3,6),(4,5)),((((7,8),9),10),(11,12)))); -7697.52 -3.68437 78.809 38.549 -7741.46 1295
(1,2,((3,((4,5),6)),(((((7,8),9),10),11),12))); -7696.99 -1.29017 84.6586 39.33 -7743.61 1292
(1,2,((3,((4,5),6)),((((7,8),9),10),(11,12)))); -7697.05 -1.45535 79.4534 39.3704 -7738.59 1293
(1,2,((3,((4,5),6)),(((((7,8),9),10),11),12))); -7700.88 -1.29017 81.411 39.0144 -7744.57 1292
(1,2,((3,((4,5),6)),(((((7,8),9),10),11),12))); -7711.01 -1.29017 71.2449 38.4647 -7745.08 1292
(1,2,((3,((4,5),6)),(((((7,8),9),10),12),11))); -7684.93 -1.52008 81.9299 38.7037 -7729.67 1298
(1,2,((3,((4,5),6)),(((((7,8),9),10),11),12))); -7704.28 -1.29017 77.2049 39.2001 -7743.57 1292
(1,2,(((3,6),(4,5)),((((7,8),9),10),(11,12)))); -7699.92 -3.68437 76.7172 39.031 -7741.29 1295
(1,(2,(((((7,8),9),10),11),12)),(3,((4,5),6))); -7707.43 -3.19639 74.4571 39.4744 -7745.61 1288
(1,2,((3,((4,5),6)),(((((7,8),9),10),12),11))); -7684.31 -1.52008 85.1508 39.0936 -7731.88 1298
(1,2,((3,((4,5),6)),((((7,8),9),10),(11,12)))); -7700.39 -1.45535 74.0691 39.0315 -7736.89 1293
(1,2,((3,((4,5),6)),(((((7,8),9),10),11),12))); -7701.01 -1.29017 81.0334 38.9513 -7744.38 1292
(1,2,((3,((4,5),6)),((((7,8),9),10),(11,12)))); -7695.24 -1.45535 78.5192 39.1348 -7736.08 1293
(1,2,((3,((4,5),6)),(((((7,8),9),10),12),11))); -7691.5 -1.52008 75.8424 38.484 -7730.37 1298
(1,2,((3,((4,5),6)),(((((7,8),9),10),11),12))); -7702.78 -1.29017 79.3137 39.5256 -7743.86 1292
(1,(2,(((((7,8),9),10),12),11)),(3,((4,5),6))); -7685.57 -3.4263 79.7756 38.8844 -7729.88 1289
(1,2,(((3,6),(4,5)),(((((7,8),9),10),11),12))); -7704.06 -3.51919 78.6059 38.7974 -7747.38 1294
(1,2,((3,((4,5),6)),(((((7,8),9),10),11),12))); -7712.03 -1.29017 68.3683 39.2974 -7742.39 1292
(1,2,((3,((4,5),6)),(((((7,8),9),10),11),12))); -7699.71 -1.29017 80.6 38.9899 -7742.61 1292
(1,2,((3,((4,5),6)),((((7,8),9),10),(11,12)))); -7696.06 -1.45535 77.5786 38.8749 -7736.22 1293
(1,2,(((3,6),(4,5)),((((7,8),9),10),(11,12)))); -7701.66 -3.68437 76.0025 38.6901 -7742.65 1295
(1,2,((3,((4,5),6)),((((7,8),9),10),(11,12)))); -7693.42 -1.45535 80.9642 39.0488 -7736.79 1293
(1,2,((3,((4,5),6)),((((7,8),9),10),(11,12)))); -7694.98 -1.45535 79.3942 39.0998 -7736.73 1293
(1,(2,(((((7,8),9),10),12),11)),(3,((4,5),6))); -7690.82 -3.4263 75.5641 39.0064 -7730.8 1289
(1,2,(((3,6),(4,5)),(((((7,8),9),10),12),11))); -7697.79 -3.7491 72.7247 39.3761 -7734.89 1298
(1,2,((3,((4,5),6)),((((7,8),9),10),(11,12)))); -7692.99 -1.45535 80.1447 38.8568 -7735.73 1293
(1,2,((3,((4,5),6)),(((((7,8),9),10),12),11))); -7689.1 -1.52008 79.9789 39.1237 -7731.47 1298
(1,2,((3,((4,5),6)),((((7,8),9),10),(11,12)))); -7694.4 -1.45535 79.0489 39.1882 -7735.71 1293
(1,2,((3,((4,5),6)),(((((7,8),9),10),12),11))); -7688.88 -1.52008 79.1982 39.1588 -7730.44 1298
(1,2,((3,((4,5),6)),(((((7,8),9),10),12),11))); -7689.75 -1.52008 78.2603 38.8033 -7730.73 1298
(1,2,((3,((4,5),6)),(((((7,8),9),10),12),11))); -7687.13 -1.52008 80.8884 38.7712 -7730.77 1298
(1,2,((3,((4,5),6)),((((7,8),9),10),(11,12)))); -7693.75 -1.45535 81.7813 38.8377 -7738.15 1293
(1,2,((3,((4,5),6)),((((7,8),9),10),(11,12)))); -7696.1 -1.45535 79.035 39.4708 -7737.12 1293
(1,2,((3,((4,5),6)),(((((7,8),9),10),11),12))); -7702.32 -1.29017 81.5461 39.1072 -7746.05 1292
(1,2,(((3,6),(4,5)),(((((7,8),9),10),11),12))); -7703.85 -3.51919 79.7979 38.8556 -7748.31 1294
(1,2,((3,((4,5),6)),(((((7,8),9),10),11),12))); -7705 -1.29017 74.3675 38.5231 -7742.14 1292
(1,2,((3,((4,5),6)),((((7,8),9),10),(11,12)))); -7690.78 -1.45535 82.896 39.1607 -7735.97 1293
(1,2,((3,((4,5),6)),(((((7,8),9),10),11),12))); -7704.42 -1.29017 76.8582 38.9101 -7743.65 1292
(1,2,((3,((4,5),6)),(((((7,8),9),10),11),12))); -7703.9 -1.29017 77.5666 39.1176 -7743.64 1292
(1,2,((3,((4,5),6)),(((((7,8),9),10),12),11))); -7685.69 -1.52008 82.8189 38.6629 -7731.36 1298
(1,(2,(((((7,8),9),10),12),11)),((3,6),(4,5))); -7692.38 -5.65532 77.1659 38.8734 -7736.33 1292
(1,2,((3,((4,5),6)),((((7,8),9),10),(11,12)))); -7694.08 -1.45535 80.4613 39.089 -7736.91 1293
(1,2,((3,((4,5),6)),((((7,8),9),10),(11,12)))); -7691.95 -1.45535 80.5547 38.8921 -7735.07 1293
(1,(2,(((((7,8),9),10),12),11)),(3,((4,5),6))); -7688.29 -3.4263 79.225 39.1423 -7731.8 1289
(1,2,((3,((4,5),6)),(((((7,8),9),10),11),12))); -7698.76 -1.29017 82.0039 39.1079 -7742.95 1292
(1,2,((3,((4,5),6)),((((7,8),9),10),(11,12)))); -7692.45 -1.45535 81.1709 38.7369 -7736.33 1293
(1,2,((3,((4,5),6)),(((((7,8),9),10),12),11))); -7690.46 -1.52008 76.3389 38.5802 -7729.74 1298
(1,2,((3,((4,5),6)),(((((7,8),9),10),12),11))); -7686.76 -1.52008 83.4293 39.1361 -7732.57 1298
(1,2,((3,((4,5),6)),(((((7,8),9),10),11),12))); -7698.41 -1.29017 83.5886 39.1675 -7744.13 1292
(1,2,((3,((4,5),6)),((((7,8),9),10),(11,12)))); -7693.49 -1.45535 81.1528 38.9206 -7737.18 1293
(1,2,((3,((4,5),6)),(((((7,8),9),10),11),12))); -7708.25 -1.29017 71.7141 38.7244 -7742.53 1292
(1,2,((3,((4,5),6)),(((((7,8),9),10),11),12))); -7705.83 -1.29017 76.3735 39.0636 -7744.43 1292
(1,2,((3,((4,5),6)),((((7,8),9),10),(11,12)))); -7696.21 -1.45535 77.4038 39.3572 -7735.71 1293
(1,2,(((3,6),(4,5)),(((((7,8),9),10),12),11))); -7689.55 -3.7491 81.0153 38.6803 -7735.64 1298
(1,2,((3,((4,5),6)),(((((7,8),9),10),12),11))); -7688.21 -1.52008 79.4135 38.8913 -7730.25 1298
(1,2,(((3,6),(4,5)),(((((7,8),9),10),11),12))); -7703.84 -3.51919 78.8776 38.887 -7747.35 1294
(1,2,(((3,(4,5)),6),((((7,8),9),10),(11,12)))); -7696.67 -4.10041 84.8401 39.3533 -7746.26 1293
(1,2,((3,((4,5),6)),(((((7,8),9),10),12),11))); -7692.48 -1.52008 75.7614 39.0304 -7730.73 1298
(1,(2,((((7,8),9),10),(11,12))),(3,((4,5),6))); -7689.57 -3.36157 80.8114 38.7501 -7734.99 1284
(1,2,((3,((4,5),6)),((((7,8),9),10),(11,12)))); -7692.3 -1.45535 81.2588 39.1119 -7735.91 1293
(1,2,((3,((4,5),6)),((((7,8),9),10),(11,12)))); -7699.96 -1.45535 75.9383 39.4546 -7737.9 1293
(1,2,((3,((4,5),6)),(((((7,8),9),10),11),12))); -7696.13 -1.29017 85.2057 38.985 -7743.64 1292
(1,2,(((3,6),(4,5)),((((7,8),9),10),(11,12)))); -7695.73 -3.68437 79.2028 38.8404 -7739.77 1295
(1,2,((3,((4,5),6)),(((((7,8),9),10),12),11))); -7692.52 -1.52008 77.6118 39.3461 -7732.31 1298
(1,2,(((3,6),(4,5)),(((((7,8),9),10),11),12))); -7702.65 -3.51919 79.3069 38.7129 -7746.77 1294
(1,2,((3,((4,5),6)),((((7,8),9),10),(11,12)))); -7697 -1.45535 78.8787 39.3573 -7737.97 1293
(1,2,((3,((4,5),6)),(((((7,8),9),10),11),12))); -7698.76 -1.29017 81.2689 39.0621 -7742.26 1292
(1,(2,((((7,8),9),10),(11,12))),(3,((4,5),6))); -7686.29 -3.36157 83.3466 38.9236 -7734.07 1284
(1,2,((3,((4,5),6)),(((((7,8),9),10),12),11))); -7687.14 -1.52008 80.2268 38.5405 -7730.35 1298
(1,2,((3,((4,5),6)),(((((7,8),9),10),12),11))); -7688.7 -1.52008 78.3654 39.0706 -7729.52 1298
(1,(2,(((((7,8),9),10),11),12)),((3,6),(4,5))); -7706.54 -5.42541 77.681 39.3199 -7750.32 1291
(1,2,((3,((4,5),6)),(((((7,8),9),10),11),12))); -7700.59 -1.29017 81.212 38.9099 -7744.18 1292
(1,2,((3,((4,5),6)),(((((7,8),9),10),11),12))); -7706.11 -1.29017 74.9032 39.0571 -7743.24 1292
(1,(2,((((7,8),9),10),(11,12))),(3,((4,5),6))); -7690.14 -3.36157 80.1055 38.8502 -7734.75 1284
(1,2,((3,((4,5),6)),(((((7,8),9),10),12),11))); -7688.47 -1.52008 77.6079 38.7797 -7728.82 1298
(1,2,((3,((4,5),6)),(((((7,8),9),10),11),12))); -7707.18 -1.29017 74.569 38.7248 -7744.32 1292
(1,2,((3,((4,5),6)),((((7,8),9),10),(11,12)))); -7693.67 -1.45535 82.6037 39.5773 -7738.15 1293
(1,2,((3,((4,5),6)),(((((7,8),9),10),12),11))); -7683.9 -1.52008 84.6198 38.6999 -7731.34 1298
(1,2,((3,((4,5),6)),(((((7,8),9),10),12),11))); -7687.54 -1.52008 79.8571 38.9411 -7729.98 1298
(1,(2,(((((7,8),9),10),11),12)),(3,((4,5),6))); -7697.94 -3.19639 83.8191 38.9922 -7745.96 1288
(1,2,((3,((4,5),6)),(((((7,8),9),10),12),11))); -7687.34 -1.52008 81.6823 39.4975 -7731.05 1298
(1,2,((3,((4,5),6)),(((((7,8),9),10),12),11))); -7686.57 -1.52008 81.862 39.4839 -7730.47 1298
(1,(2,((((7,8),9),10),(11,12))),(3,((4,5),6))); -7685.31 -3.36157 85.0459 39.0411 -7734.68 1284
(1,2,((3,((4,5),6)),(((((7,8),9),10),11),12))); -7706.17 -1.29017 74.7284 38.9451 -7743.24 1292
(1,2,((3,((4,5),6)),((((7,8),9),10),(11,12)))); -7692.23 -1.45535 82.4884 39.0051 -7737.17 1293
(1,2,((3,((4,5),6)),(((((7,8),9),10),12),11))); -7685.31 -1.52008 83.3455 38.9655 -7731.21 1298
(1,2,((3,((4,5),6)),(((((7,8),9),10),11),12))); -7696.04 -1.29017 83.3761 39.0119 -7741.7 1292
(1,2,((3,((4,5),6)),(((((7,8),9),10),12),11))); -7689.76 -1.52008 78.4244 39.3362 -7730.37 1298
(1,2,((3,((4,5),6)),(((((7,8),9),10),12),11))); -7683.81 -1.52008 84.8086 39.1853 -7730.95 1298
(1,2,(((3,6),(4,5)),((((7,8),9),10),(11,12)))); -7694.19 -3.68437 81.9211 38.9276 -7740.87 1295
(1,2,(((3,6),(4,5)),((((7,8),9),10),(11,12)))); -7694.59 -3.68437 83.5461 39.0269 -7742.79 1295
(1,2,((3,((4,5),6)),(((((7,8),9),10),11),12))); -7699.07 -1.29017 83.2405 39.0092 -7744.59 1292
(1,2,((3,((4,5),6)),(((((7,8),9),10),11),12))); -7697.14 -1.29017 83.7289 39.1388 -7743.02 1292
(1,2,((3,((4,5),6)),(((((7,8),9),10),12),11))); -7692.26 -1.52008 74.2602 39.1709 -7728.87 1298
(1,2,((3,((4,5),6)),(((((7,8),9),10),12),11))); -7696.23 -1.52008 75.5386 39.5563 -7733.73 1298
(1,2,((3,((4,5),6)),(((((7,8),9),10),12),11))); -7686.74 -1.52008 81.1275 39.3144 -7730.07 1298
(1,2,((3,((4,5),6)),((((7,8),9),10),(11,12)))); -7692.66 -1.45535 80.6312 38.8526 -7735.89 1293
(1,2,((3,((4,5),6)),((((7,8),9),10),(11,12)))); -7693.81 -1.45535 80.5543 39.0715 -7736.75 1293
(1,2,((3,((4,5),6)),((((7,8),9),10),(11,12)))); -7697.46 -1.45535 76.8708 39.166 -7736.62 1293
(1,2,((3,((4,5),6)),(((((7,8),9),10),12),11))); -7688.21 -1.52008 80.5891 39.0349 -7731.29 1298
(1,2,((3,((4,5),6)),((((7,8),9),10),(11,12)))); -7693.91 -1.45535 79.3387 39.1963 -7735.51 1293
(1,2,((3,((4,5),6)),((((7,8),9),10),(11,12)))); -7695.69 -1.45535 79.0686 39.1446 -7737.07 1293
(1,2,(((3,6),(4,5)),((((7,8),9),10),(11,12)))); -7698.62 -3.68437 81.0094 39.0696 -7744.24 1295
(1,2,((3,((4,5),6)),((((7,8),9),10),(11,12)))); -7699.29 -1.45535 75.5661 39.1086 -7737.2 1293
(1,2,((3,((4,5),6)),(((((7,8),9),10),12),11))); -7686.69 -1.52008 81.052 38.97 -7730.29 1298
(1,2,((3,((4,5),6)),((((7,8),9),10),(11,12)))); -7691.22 -1.45535 82.805 39.0632 -7736.41 1293
(1,2,((3,((4,5),6)),((((7,8),9),10),(11,12)))); -7691.71 -1.45535 82.6818 38.8381 -7737.01 1293
(1,2,((3,((4,5),6)),((((7,8),9),10),(11,12)))); -7696.4 -1.45535 76.8528 38.5416 -7736.16 1293
(1,2,((3,((4,5),6)),(((((7,8),9),10),11),12))); -7705.1 -1.29017 75.1905 38.4921 -7743.09 1292
(1,(2,(((((7,8),9),10),11),12)),(3,((4,5),6))); -7697.05 -3.19639 82.3451 38.9338 -7743.66 1288
(1,2,((3,((4,5),6)),((((7,8),9),10),(11,12)))); -7690.19 -1.45535 83.772 38.6269 -7736.79 1293
(1,2,((3,((4,5),6)),((((7,8),9),10),(11,12)))); -7697.24 -1.45535 77.3287 39.1561 -7736.87 1293
(1,2,((3,((4,5),6)),(((((7,8),9),10),12),11))); -7691.34 -1.52008 75.4192 38.6928 -7729.59 1298
(1,2,((3,((4,5),6)),(((((7,8),9),10),12),11))); -7691.1 -1.52008 78.3057 39.5188 -7731.41 1298
(1,2,((3,((4,5),6)),((((7,8),9),10),(11,12)))); -7691.85 -1.45535 81.8884 39.2028 -7735.99 1293
(1,2,((3,((4,5),6)),(((((7,8),9),10),12),11))); -7691.44 -1.52008 75.1394 39.1056 -7729 1298
(1,2,((3,((4,5),6)),(((((7,8),9),10),12),11))); -7688.49 -1.52008 77.8199 38.9965 -7728.83 1298
(1,2,((3,((4,5),6)),(((((7,8),9),10),11),12))); -7700.45 -1.29017 80.7716 38.9725 -7743.54 1292
(1,2,(((3,(4,5)),6),(((((7,8),9),10),12),11))); -7693.56 -4.16513 82.5091 39.2372 -7741 1299
(1,2,((3,((4,5),6)),(((((7,8),9),10),12),11))); -7689.86 -1.52008 77.4625 39.1407 -7729.7 1298
(1,2,((3,((4,5),6)),(((((7,8),9),10),11),12))); -7705.57 -1.29017 74.7193 38.4742 -7743.1 1292
(1,2,(((3,6),(4,5)),(((((7,8),9),10),12),11))); -7692.53 -3.7491 76.9303 38.9868 -7734.22 1298
(1,2,((3,((4,5),6)),(((((7,8),9),10),12),11))); -7690.43 -1.52008 77.7242 39.1033 -7730.57 1298
(1,2,((3,((4,5),6)),(((((7,8),9),10),11),12))); -7697.25 -1.29017 83.56 38.7126 -7743.39 1292
(1,2,((3,((4,5),6)),(((((7,8),9),10),11),12))); -7697.53 -1.29017 82.9847 38.9499 -7742.86 1292
(1,2,((3,((4,5),6)),(((((7,8),9),10),11),12))); -7704.71 -1.29017 77.2855 39.1772 -7744.11 1292
(1,2,((3,((4,5),6)),((((7,8),9),10),(11,12)))); -7692.66 -1.45535 82.5565 39.0151 -7737.66 1293
(1,2,((3,((4,5),6)),((((7,8),9),10),(11,12)))); -7693.6 -1.45535 79.9871 38.7887 -7736.25 1293
(1,(2,(((((7,8),9),10),11),12)),(3,((4,5),6))); -7707.66 -3.19639 73.6628 39.0364 -7745.49 1288
(1,2,((3,((4,5),6)),(((((7,8),9),10),11),12))); -7695.49 -1.29017 83.522 38.6388 -7741.67 1292
(1,2,((3,((4,5),6)),(((((7,8),9),10),12),11))); -7692.37 -1.52008 78.5228 39.4094 -7733 1298
(1,2,((3,((4,5),6)),(((((7,8),9),10),12),11))); -7684.91 -1.52008 82.7322 39.1218 -7730.04 1298
(1,2,((3,((4,5),6)),(((((7,8),9),10),11),12))); -7701.22 -1.29017 79.4908 39.4528 -7742.55 1292
(1,2,((3,((4,5),6)),(((((7,8),9),10),12),11))); -7695.59 -1.52008 74.011 39.0601 -7732.06 1298
(1,2,(((3,6),(4,5)),(((((7,8),9),10),12),11))); -7690.5 -3.7491 80.1723 39.1756 -7735.25 1298
(1,2,((3,((4,5),6)),(((((7,8),9),10),11),12))); -7705.74 -1.29017 76.1015 38.8069 -7744.32 1292
(1,2,((3,((4,5),6)),((((7,8),9),10),(11,12)))); -7692.48 -1.45535 81.1702 39.1229 -7735.98 1293
(1,(2,(((((7,8),9),10),12),11)),(3,((4,5),6))); -7687.43 -3.4263 79.6665 39.3336 -7731.19 1289
(1,2,((3,((4,5),6)),((((7,8),9),10),(11,12)))); -7693.25 -1.45535 82.5995 39.1728 -7738.14 1293
(1,(2,(((((7,8),9),10),11),12)),((3,6),(4,5))); -7701.83 -5.42541 83.1672 39.0415 -7751.38 1291
(1,2,((3,((4,5),6)),(((((7,8),9),10),11),12))); -7699.36 -1.29017 80.8198 39.026 -7742.44 1292
(1,2,((3,((4,5),6)),((((7,8),9),10),(11,12)))); -7693.51 -1.45535 79.2327 38.9834 -7735.22 1293
(1,2,((3,((4,5),6)),(((((7,8),9),10),11),12))); -7699.95 -1.29017 80.1759 38.9317 -7742.48 1292
(1,(2,(((((7,8),9),10),11),12)),(3,((4,5),6))); -7695.63 -3.19639 83.6082 38.8833 -7743.55 1288
(1,2,((3,((4,5),6)),((((7,8),9),10),(11,12)))); -7692.49 -1.45535 82.4744 38.9678 -7737.45 1293
(1,2,((3,((4,5),6)),(((((7,8),9),10),12),11))); -7690.33 -1.52008 76.9955 38.9175 -7729.93 1298
(1,2,(((3,6),(4,5)),((((7,8),9),10),(11,12)))); -7696.45 -3.68437 80.7994 39.234 -7741.7 1295
(1,2,((3,((4,5),6)),((((7,8),9),10),(11,12)))); -7691.56 -1.45535 82.7277 39.0446 -7736.7 1293
(1,2,((3,((4,5),6)),(((((7,8),9),10),11),12))); -7697.65 -1.29017 83.1956 38.8362 -7743.3 1292
(1,2,((3,((4,5),6)),((((7,8),9),10),(11,12)))); -7696.96 -1.45535 75.8365 38.7031 -7735.55 1293
(1,2,((3,((4,5),6)),((((7,8),9),10),(11,12)))); -7696.76 -1.45535 76.48 38.8442 -7735.85 1293
(1,2,((3,((4,5),6)),((((7,8),9),10),(11,12)))); -7693.2 -1.45535 81.153 38.9846 -7736.82 1293
(1,2,((3,((4,5),6)),(((((7,8),9),10),12),11))); -7687.55 -1.52008 82.0597 39.3137 -7731.82 1298
(1,2,(((3,6),(4,5)),(((((7,8),9),10),12),11))); -7691.73 -3.7491 77.668 38.7949 -7734.35 1298
(1,2,(((3,6),(4,5)),(((((7,8),9),10),11),12))); -7703.19 -3.51919 79.2745 39.0142 -7746.97 1294
(1,2,((3,((4,5),6)),((((7,8),9),10),(11,12)))); -7690.84 -1.45535 82.0687 39.0373 -7735.33 1293
(1,2,((3,((4,5),6)),(((((7,8),9),10),11),12))); -7698.23 -1.29017 83.8353 39.1531 -7744.2 1292
(1,2,((3,((4,6),5)),(((((7,8),9),10),12),11))); -7707.49 -7.09176 75.8453 39.1275 -7751.3 1304
(1,2,((3,((4,5),6)),(((((7,8),9),10),12),11))); -7688.04 -1.52008 78.3367 38.869 -7729.03 1298
(1,2,((3,((4,5),6)),(((((7,8),9),10),12),11))); -7686.95 -1.52008 82.2838 38.7894 -7731.97 1298
(1,2,((3,((4,5),6)),(((((7,8),9),10),12),11))); -7692.5 -1.52008 76.1592 39.2794 -7730.9 1298
(1,2,((3,((4,5),6)),(((((7,8),9),10),11),12))); -7703.32 -1.29017 76.6233 38.8966 -7742.33 1292
(1,2,((3,((4,5),6)),((((7,8),9),10),(11,12)))); -7694.42 -1.45535 80.2927 39.1533 -7737.02 1293
(1,2,((3,((4,5),6)),(((((7,8),9),10),11),12))); -7698.66 -1.29017 82.4607 38.8786 -7743.53 1292
(1,2,((3,((4,5),6)),(((((7,8),9),10),11),12))); -7698.82 -1.29017 82.2182 39.0667 -7743.26 1292
(1,2,((3,((4,5),6)),((((7,8),9),10),(11,12)))); -7693.19 -1.45535 80.8203 39.2194 -7736.25 1293
(1,2,((3,((4,5),6)),(((((7,8),9),10),11),12))); -7706.36 -1.29017 77.6038 39.7809 -7745.47 1292
(1,(2,((((7,8),9),10),(11,12))),(3,((4,5),6))); -7690.12 -3.36157 81.7757 39.1382 -7736.12 1284
(1,2,((3,((4,5),6)),(((((7,8),9),10),12),11))); -7684.27 -1.52008 83.1604 38.7717 -7730.18 1298
(1,2,((3,((4,5),6)),(((((7,8),9),10),12),11))); -7685.99 -1.52008 83.5099 39.2806 -7731.74 1298
(1,2,((3,((4,5),6)),(((((7,8),9),10),12),11))); -7693.45 -1.52008 73.7585 38.9185 -7729.81 1298
(1,2,((3,((4,5),6)),((((7,8),9),10),(11,12)))); -7695.78 -1.45535 79.1108 39.1299 -7737.22 1293
(1,2,((3,((4,5),6)),(((((7,8),9),10),12),11))); -7687.31 -1.52008 80.5599 39.1288 -7730.26 1298
(1,(2,((((7,8),9),10),(11,12))),(3,((4,5),6))); -7684.26 -3.36157 85.1536 38.8803 -7733.89 1284
(1,2,(((3,(4,5)),6),((((7,8),9),10),(11,12)))); -7703.62 -4.10041 77.5814 38.8592 -7746.45 1293
(1,2,((3,((4,5),6)),((((7,8),9),10),(11,12)))); -7696.59 -1.45535 75.9864 38.9159 -7735.12 1293
(1,2,((3,((4,5),6)),(((((7,8),9),10),11),12))); -7701.42 -1.29017 80.6843 39.3502 -7744.04 1292
(1,2,(((3,6),(4,5)),(((((7,8),9),10),11),12))); -7713.71 -3.51919 71.8337 39.3233 -7749.74 1294
(1,2,((3,((4,5),6)),((((7,8),9),10),(11,12)))); -7695.23 -1.45535 79.6442 39.5677 -7736.76 1293
(1,2,((3,((4,5),6)),(((((7,8),9),10),12),11))); -7684.73 -1.52008 82.7707 38.8489 -7730.17 1298
(1,2,((3,((4,5),6)),(((((7,8),9),10),12),11))); -7693.32 -1.52008 73.9795 38.7705 -7730.05 1298
(1,2,((3,((4,5),6)),(((((7,8),9),10),11),12))); -7699.53 -1.29017 81.6521 39.0547 -7743.42 1292
(1,2,((3,((4,5),6)),(((((7,8),9),10),11),12))); -7696.34 -1.29017 84.7755 39.0387 -7743.36 1292
(1,2,((3,((4,5),6)),((((7,8),9),10),(11,12)))); -7694.45 -1.45535 79.4264 38.8232 -7736.5 1293
(1,2,(((3,6),(4,5)),(((((7,8),9),10),11),12))); -7702.08 -3.51919 80.9133 38.5412 -7747.97 1294
(1,2,((3,((4,5),6)),(((((7,8),9),10),12),11))); -7689.07 -1.52008 77.3206 39.0254 -7728.89 1298
(1,2,((3,((4,5),6)),(((((7,8),9),10),12),11))); -7698.17 -1.52008 71.5289 39.3228 -7731.89 1298
(1,2,((3,((4,5),6)),((((7,8),9),10),(11,12)))); -7695.48 -1.45535 79.7541 39.5009 -7737.19 1293
(1,2,((3,((4,5),6)),(((((7,8),9),10),12),11))); -7690.13 -1.52008 79.4622 39.1015 -7732.01 1298
(1,2,((3,((4,5),6)),(((((7,8),9),10),12),11))); -7685.4 -1.52008 81.7625 38.9306 -7729.75 1298
(1,2,((3,((4,5),6)),((((7,8),9),10),(11,12)))); -7696.73 -1.45535 75.0881 38.7039 -7734.57 1293
(1,2,((3,((4,5),6)),((((7,8),9),10),(11,12)))); -7691.39 -1.45535 84.5199 39.4129 -7737.95 1293
(1,2,((3,((4,5),6)),(((((7,8),9),10),12),11))); -7689.6 -1.52008 79.2592 38.9775 -7731.41 1298
(1,2,(((3,(4,5)),6),((((7,8),9),10),(11,12)))); -7703.84 -4.10041 75.5766 38.5669 -7744.95 1293
(1,2,((3,((4,5),6)),((((7,8),9),10),(11,12)))); -7694.4 -1.45535 78.2001 39.1279 -7734.92 1293
(1,2,((3,((4,5),6)),(((((7,8),9),10),11),12))); -7700.52 -1.29017 81.1375 39.0717 -7743.87 1292
(1,2,(((3,(4,5)),6),((((7,8),9),10),(11,12)))); -7698.17 -4.10041 82.075 38.907 -7745.44 1293
(1,2,((3,((4,5),6)),((((7,8),9),10),(11,12)))); -7693.18 -1.45535 82.328 39.3497 -7737.61 1293
(1,2,((3,((4,5),6)),((((7,8),9),10),(11,12)))); -7698.9 -1.45535 75.4531 39.1552 -7736.65 1293
(1,2,((3,((4,5),6)),(((((7,8),9),10),12),11))); -7686.98 -1.52008 82.1861 39.262 -7731.42 1298
(1,2,((3,((4,5),6)),((((7,8),9),10),(11,12)))); -7690.84 -1.45535 82.3225 38.9325 -7735.68 1293
(1,2,(((3,(4,5)),6),((((7,8),9),10),(11,12)))); -7698.45 -4.10041 82.0857 39.3689 -7745.27 1293
(1,2,((3,((4,5),6)),(((((7,8),9),10),12),11))); -7690.84 -1.52008 76.971 38.4731 -7730.86 1298
(1,2,(((3,6),(4,5)),((((7,8),9),10),(11,12)))); -7692.43 -3.68437 82.4192 38.7599 -7739.77 1295
(1,2,((3,((4,5),6)),(((((7,8),9),10),11),12))); -7702.16 -1.29017 78.8374 38.7983 -7743.49 1292
(1,2,((3,((4,5),6)),(((((7,8),9),10),12),11))); -7690.54 -1.52008 76.8254 38.8233 -7730.06 1298
(1,2,((3,((4,5),6)),(((((7,8),9),10),11),12))); -7699.96 -1.29017 79.4517 38.5332 -7742.17 1292
(1,2,((3,((4,5),6)),(((((7,8),9),10),11),12))); -7695.66 -1.29017 85.4231 38.8166 -7743.55 1292
(1,2,((3,((4,5),6)),((((7,8),9),10),(11,12)))); -7689.26 -1.45535 84.5218 38.8695 -7736.36 1293
(1,2,(((3,6),(4,5)),((((7,8),9),10),(11,12)))); -7694.99 -3.68437 81.6901 38.9876 -7741.37 1295
(1,2,(((3,6),(4,5)),(((((7,8),9),10),11),12))); -7702.5 -3.51919 81.4731 38.606 -7748.89 1294
(1,2,((3,((4,5),6)),(((((7,8),9),10),11),12))); -7696.94 -1.29017 83.7642 38.9292 -7743.07 1292
(1,2,((3,((4,5),6)),(((((7,8),9),10),11),12))); -7707.61 -1.29017 73.8564 38.8116 -7743.95 1292
(1,2,((3,((4,5),6)),(((((7,8),9),10),11),12))); -7706.25 -1.29017 77.466 39.3894 -7745.62 1292
(1,2,(((3,6),(4,5)),((((7,8),9),10),(11,12)))); -7696.83 -3.68437 81.4106 38.967 -7742.96 1295
(1,2,((3,((4,5),6)),(((((7,8),9),10),11),12))); -7704.85 -1.29017 77.0253 39.192 -7743.98 1292
(1,2,(((3,6),(4,5)),((((7,8),9),10),(11,12)))); -7700.18 -3.68437 75.9492 39.0668 -7740.75 1295
(1,2,(((3,6),(4,5)),(((((7,8),9),10),11),12))); -7710.32 -3.51919 75.5419 39.0625 -7750.32 1294
(1,2,((3,((4,5),6)),(((((7,8),9),10),12),11))); -7689.51 -1.52008 77.9027 38.5574 -7730.37 1298
(1,2,((3,((4,5),6)),((((7,8),9),10),(11,12)))); -7699.31 -1.45535 75.6006 38.745 -7737.62 1293
(1,2,((3,((4,5),6)),(((((7,8),9),10),11),12))); -7705.03 -1.29017 75.1133 38.8239 -7742.61 1292
(1,2,((3,((4,5),6)),(((((7,8),9),10),11),12))); -7697.47 -1.29017 83.3522 39.0192 -7743.09 1292
(1,2,((3,((4,5),6)),(((((7,8),9),10),12),11))); -7685.57 -1.52008 82.8876 39.1096 -7730.87 1298
(1,2,((3,((4,5),6)),((((7,8),9),10),(11,12)))); -7690.37 -1.45535 84.5792 39.0821 -7737.33 1293
(1,2,((3,((4,5),6)),(((((7,8),9),10),11),12))); -7705.84 -1.29017 74.7214 38.5802 -7743.27 1292
(1,2,((3,((4,5),6)),(((((7,8),9),10),11),12))); -7696.75 -1.29017 84.0275 38.9952 -7743.07 1292
(1,2,((3,((4,5),6)),((((7,8),9),10),(11,12)))); -7690.9 -1.45535 80.7725 38.8423 -7734.28 1293
(1,2,((3,((4,5),6)),(((((7,8),9),10),11),12))); -7698.72 -1.29017 82.0728 38.8402 -7743.24 1292
(1,2,((3,((4,5),6)),(((((7,8),9),10),12),11))); -7690.54 -1.52008 77.2641 38.896 -7730.43 1298
(1,(2,(((((7,8),9),10),12),11)),((3,(4,5)),6)); -7696.2 -6.07135 79.5275 39.1019 -7742.69 1294
(1,2,((3,((4,5),6)),((((7,8),9),10),(11,12)))); -7692.81 -1.45535 82.828 38.8848 -7738.21 1293
(1,(2,(((((7,8),9),10),11),12)),((3,6),(4,5))); -7702.92 -5.42541 79.8835 38.5764 -7749.65 1291
(1,2,((3,((4,5),6)),(((((7,8),9),10),12),11))); -7685.87 -1.52008 81.9756 38.9674 -7730.4 1298
(1,2,((3,((4,5),6)),(((((7,8),9),10),12),11))); -7694.63 -1.52008 76.0681 39.0649 -7733.15 1298
(1,(2,((((7,8),9),10),(11,12))),(3,((4,5),6))); -7688.25 -3.36157 82.0123 39.1359 -7734.49 1284
(1,2,((3,((4,5),6)),(((((7,8),9),10),11),12))); -7696.03 -1.29017 84.8705 39.2335 -7742.96 1292
(1,2,((3,((4,5),6)),((((7,8),9),10),(11,12)))); -7698.23 -1.45535 74.5634 39.2393 -7735.01 1293
(1,2,((3,((4,5),6)),(((((7,8),9),10),11),12))); -7698.47 -1.29017 81.6705 38.9695 -7742.47 1292
(1,2,((3,((4,5),6)),((((7,8),9),10),(11,12)))); -7691.08 -1.45535 81.7893 38.782 -7735.55 1293
(1,2,((3,((4,5),6)),(((((7,8),9),10),12),11))); -7688.6 -1.52008 79.3214 38.8814 -7730.56 1298
(1,2,((3,((4,5),6)),((((7,8),9),10),(11,12)))); -7691.77 -1.45535 82.629 39.0536 -7736.8 1293
(1,2,((3,((4,5),6)),((((7,8),9),10),(11,12)))); -7694.39 -1.45535 79.2682 39.0414 -7736.07 1293
(1,(2,(((((7,8),9),10),12),11)),(3,((4,5),6))); -7685.54 -3.4263 80.0941 39.0154 -7730.05 1289
(1,2,((3,((4,5),6)),(((((7,8),9),10),11),12))); -7700.94 -1.29017 81.133 39.4534 -7743.91 1292
(1,(2,(((((7,8),9),10),12),11)),(3,((4,5),6))); -7686.92 -3.4263 81.202 39.4679 -7732.08 1289
(1,2,((3,((4,5),6)),(((((7,8),9),10),11),12))); -7700.1 -1.29017 80.9586 38.8906 -7743.46 1292
(1,2,((3,((4,5),6)),(((((7,8),9),10),12),11))); -7691.49 -1.52008 76.1584 39.0063 -7730.16 1298
(1,2,((3,((4,5),6)),(((((7,8),9),10),11),12))); -7705.61 -1.29017 76.4149 39.1623 -7744.15 1292
(1,(2,((((7,8),9),10),(11,12))),(3,((4,5),6))); -7690.27 -3.36157 80.4858 38.8722 -7735.25 1284
(1,2,((3,((4,5),6)),(((((7,8),9),10),12),11))); -7688.85 -1.52008 79.6172 38.5821 -7731.4 1298
(1,2,(((3,(4,5)),6),((((7,8),9),10),(11,12)))); -7696.38 -4.10041 85.0436 39.0176 -7746.51 1293
(1,2,((3,((4,5),6)),((((7,8),9),10),(11,12)))); -7700.95 -1.45535 72.2114 38.9863 -7735.63 1293
(1,2,((3,((4,5),6)),((((7,8),9),10),(11,12)))); -7691.11 -1.45535 83.1188 39.1028 -7736.59 1293
(1,2,((3,((4,5),6)),(((((7,8),9),10),11),12))); -7703.24 -1.29017 77.841 39.3064 -7743.07 1292
(1,(2,(((((7,8),9),10),11),12)),(3,((4,5),6))); -7697.65 -3.19639 84.0238 39.3779 -7745.49 1288
(1,2,((3,((4,5),6)),(((((7,8),9),10),11),12))); -7699.1 -1.29017 81.2872 38.6688 -7743.01 1292
(1,2,((3,((4,5),6)),(((((7,8),9),10),12),11))); -7685.77 -1.52008 82.7632 39.0457 -7731 1298
(1,2,((3,((4,5),6)),(((((7,8),9),10),11),12))); -7705.17 -1.29017 74.0298 38.5108 -7741.98 1292
(1,(2,((((7,8),9),10),(11,12))),(3,((4,5),6))); -7693.92 -3.36157 77.9423 39.8185 -7735.4 1284
(1,2,((3,((4,5),6)),(((((7,8),9),10),12),11))); -7691.41 -1.52008 76.4702 38.85 -7730.55 1298
(1,(2,(((((7,8),9),10),12),11)),(3,((4,5),6))); -7688.03 -3.4263 77.8781 39.0822 -7730.25 1289
(1,2,((3,((4,5),6)),((((7,8),9),10),(11,12)))); -7695.37 -1.45535 78.2582 38.7938 -7736.29 1293
(1,2,(((3,(4,5)),6),((((7,8),9),10),(11,12)))); -7697.14 -4.10041 83.6456 39.2622 -7745.63 1293
(1,2,((3,((4,5),6)),(((((7,8),9),10),12),11))); -7687.67 -1.52008 81.1564 39.0848 -7731.27 1298
(1,2,((3,((4,5),6)),(((((7,8),9),10),11),12))); -7701.81 -1.29017 80.6039 39.4484 -7744.26 1292
(1,2,((3,((4,5),6)),((((7,8),9),10),(11,12)))); -7698.06 -1.45535 76.8271 39.1694 -7737.17 1293
(1,2,(((3,6),(4,5)),(((((7,8),9),10),12),11))); -7692.17 -3.7491 76.4518 38.6657 -7733.71 1298
(1,2,((3,((4,5),6)),(((((7,8),9),10),12),11))); -7685.44 -1.52008 82.964 38.7674 -7731.15 1298
(1,2,((3,((4,5),6)),(((((7,8),9),10),12),11))); -7682.85 -1.52008 83.905 38.9 -7729.38 1298
(1,(2,(((((7,8),9),10),11),12)),(3,((4,5),6))); -7698.89 -3.19639 79.4698 38.558 -7742.99 1288
(1,2,(((3,6),(4,5)),((((7,8),9),10),(11,12)))); -7699.41 -3.68437 76.6225 39.0643 -7740.66 1295
(1,2,((3,((4,5),6)),(((((7,8),9),10),11),12))); -7702.09 -1.29017 81.3227 39.2403 -7745.46 1292
(1,2,((3,((4,5),6)),(((((7,8),9),10),11),12))); -7703.42 -1.29017 77.2361 39.3157 -7742.63 1292
(1,2,((3,((4,5),6)),(((((7,8),9),10),11),12))); -7702.43 -1.29017 79.1857 39.1103 -7743.79 1292
(1,2,((3,((4,5),6)),(((((7,8),9),10),12),11))); -7685.28 -1.52008 84.2318 39.1757 -7731.85 1298
(1,2,((3,((4,5),6)),(((((7,8),9),10),12),11))); -7690.61 -1.52008 76.305 38.8759 -7729.56 1298
(1,2,((3,((4,5),6)),(((((7,8),9),10),11),12))); -7700.83 -1.29017 79.2557 38.9042 -7742.47 1292
(1,2,((3,((4,5),6)),((((7,8),9),10),(11,12)))); -7696.98 -1.45535 76.6289 38.9482 -7736.11 1293
(1,2,(((3,(4,5)),6),((((7,8),9),10),(11,12)))); -7698.67 -4.10041 81.5542 38.8513 -7745.47 1293
(1,2,((3,((4,5),6)),((((7,8),9),10),(11,12)))); -7688.66 -1.45535 85.0248 38.9043 -7736.23 1293
(1,2,((3,((4,5),6)),(((((7,8),9),10),11),12))); -7702.4 -1.29017 77.4543 39.1841 -7741.96 1292
(1,(2,(((((7,8),9),10),12),11)),((3,6),(4,5))); -7690.48 -5.65532 79.5095 38.7599 -7736.88 1292
(1,2,((3,((4,5),6)),((((7,8),9),10),(11,12)))); -7695.02 -1.45535 80.3774 38.8865 -7737.96 1293
(1,2,((3,((4,5),6)),((((7,8),9),10),(11,12)))); -7694.05 -1.45535 79.5727 38.8981 -7736.18 1293
(1,2,((3,((4,5),6)),(((((7,8),9),10),12),11))); -7689.75 -1.52008 76.1553 38.5353 -7728.89 1298
(1,(2,((((7,8),9),10),(11,12))),(3,((4,5),6))); -7690.48 -3.36157 77.687 38.6276 -7732.9 1284
(1,2,((3,((4,5),6)),(((((7,8),9),10),11),12))); -7700.72 -1.29017 81.0739 38.9842 -7744.1 1292
(1,2,((3,((4,5),6)),(((((7,8),9),10),11),12))); -7701.88 -1.29017 78.5508 38.8059 -7742.92 1292
(1,2,((3,((4,5),6)),((((7,8),9),10),(11,12)))); -7695.23 -1.45535 78.1766 39.2985 -7735.56 1293
(1,2,((3,((4,5),6)),(((((7,8),9),10),11),12))); -7702.06 -1.29017 77.5094 39.2825 -7741.58 1292
(1,2,((3,((4,5),6)),((((7,8),9),10),(11,12)))); -7694.14 -1.45535 78.6781 38.7167 -7735.56 1293
(1,2,((3,((4,5),6)),(((((7,8),9),10),11),12))); -7701.01 -1.29017 79.5681 38.8069 -7743.06 1292
(1,2,((3,((4,5),6)),((((7,8),9),10),(11,12)))); -7695.72 -1.45535 77.9697 39.0555 -7736.09 1293
(1,2,(((3,6),(4,5)),(((((7,8),9),10),12),11))); -7689.64 -3.7491 79.4441 38.6595 -7734.18 1298
(1,(2,(((((7,8),9),10),11),12)),(3,((4,5),6))); -7700.05 -3.19639 80.3066 38.9259 -7744.63 1288
(1,2,(((3,6),(4,5)),(((((7,8),9),10),11),12))); -7704.78 -3.51919 77.7834 38.5642 -7747.52 1294
(1,2,((3,((4,5),6)),(((((7,8),9),10),11),12))); -7697.76 -1.29017 82.3082 39.0254 -7742.34 1292
(1,2,((3,((4,5),6)),((((7,8),9),10),(11,12)))); -7693.32 -1.45535 83.1733 39.3685 -7738.58 1293
(1,2,((3,((4,5),6)),((((7,8),9),10),(11,12)))); -7694.35 -1.45535 79.9801 38.9741 -7736.82 1293
(1,2,((3,((4,5),6)),((((7,8),9),10),(11,12)))); -7688.84 -1.45535 84.2049 39.0923 -7735.41 1293
(1,2,((3,((4,5),6)),(((((7,8),9),10),11),12))); -7710.92 -1.29017 70.3982 39.017 -7743.59 1292
(1,2,((3,((4,5),6)),(((((7,8),9),10),12),11))); -7684.73 -1.52008 82.4948 38.8483 -7729.89 1298
(1,2,(((3,(4,5)),6),((((7,8),9),10),(11,12)))); -7703.27 -4.10041 77.1564 38.2936 -7746.24 1293
(1,2,((3,((4,5),6)),(((((7,8),9),10),12),11))); -7685.67 -1.52008 82.6102 38.9046 -7730.89 1298
(1,2,((3,((4,5),6)),((((7,8),9),10),(11,12)))); -7693.77 -1.45535 81.5369 39.1927 -7737.57 1293
(1,(2,(((((7,8),9),10),11),12)),(3,((4,5),6))); -7701.1 -3.19639 80.8446 39.1416 -7746 1288
(1,2,((3,((4,5),6)),(((((7,8),9),10),11),12))); -7705.33 -1.29017 77.8767 39.245 -7745.26 1292
(1,2,((3,((4,5),6)),(((((7,8),9),10),11),12))); -7698.45 -1.29017 81.0229 38.69 -7742.07 1292
(1,2,((3,((4,5),6)),(((((7,8),9),10),11),12))); -7702.14 -1.29017 78.4552 39.1083 -7742.77 1292
(1,2,(((3,6),(4,5)),(((((7,8),9),10),12),11))); -7693.82 -3.7491 75.7669 39.0241 -7734.31 1298
(1,2,((3,((4,5),6)),((((7,8),9),10),(11,12)))); -7690.8 -1.45535 84.4062 39.3757 -7737.29 1293
(1,2,((3,((4,5),6)),(((((7,8),9),10),12),11))); -7687.51 -1.52008 80.5662 38.9674 -7730.63 1298
(1,2,((3,(4,(5,6))),((((7,8),9),10),(11,12)))); -7711.64 -6.88185 79.91 39.0282 -7759.4 1301
(1,2,((3,((4,5),6)),(((((7,8),9),10),12),11))); -7684.94 -1.52008 82.5732 38.997 -7730.04 1298
(1,2,((3,((4,5),6)),(((((7,8),9),10),11),12))); -7707.78 -1.29017 74.9968 39.0354 -7745.03 1292
(1,2,((3,((4,5),6)),(((((7,8),9),10),11),12))); -7699.97 -1.29017 80.1135 39.1269 -7742.25 1292
(1,2,((3,((4,5),6)),(((((7,8),9),10),12),11))); -7685.96 -1.52008 81.3462 38.7702 -7730.06 1298
(1,2,((3,((4,5),6)),((((7,8),9),10),(11,12)))); -7698.19 -1.45535 76.4228 38.8019 -7737.27 1293
(1,2,(((3,6),(4,5)),((((7,8),9),10),(11,12)))); -7701.35 -3.68437 74.6781 38.7263 -7740.99 1295
(1,2,((3,((4,5),6)),((((7,8),9),10),(11,12)))); -7701.14 -1.45535 76.3756 39.5758 -7739.39 1293
(1,2,((3,((4,5),6)),((((7,8),9),10),(11,12)))); -7695.06 -1.45535 80.6938 38.9423 -7738.27 1293
(1,2,((3,((4,5),6)),((((7,8),9),10),(11,12)))); -7698.02 -1.45535 75.7378 39.1723 -7736.05 1293
(1,2,((3,((4,5),6)),(((((7,8),9),10),11),12))); -7699.92 -1.29017 80.0818 39.2019 -7742.09 1292
(1,2,(((3,6),(4,5)),(((((7,8),9),10),11),12))); -7702.59 -3.51919 78.9269 38.924 -7746.11 1294
(1,2,((3,((4,5),6)),(((((7,8),9),10),12),11))); -7695.8 -1.52008 72.7017 38.6454 -7731.37 1298
(1,2,((3,((4,5),6)),((((7,8),9),10),(11,12)))); -7697.65 -1.45535 76.4994 38.9278 -7736.68 1293
(1,2,((3,((4,5),6)),((((7,8),9),10),(11,12)))); -7698.57 -1.45535 75.8083 38.8334 -7737 1293
(1,2,((3,((4,5),6)),((((7,8),9),10),(11,12)))); -7696.36 -1.45535 77.74 38.8397 -7736.71 1293
(1,2,((3,((4,5),6)),(((((7,8),9),10),11),12))); -7705.02 -1.29017 75.6381 39.1083 -7742.84 1292
(1,2,((3,((4,5),6)),(((((7,8),9),10),12),11))); -7690.28 -1.52008 78.3161 38.84 -7731.27 1298
(1,2,(((3,6),(4,5)),(((((7,8),9),10),11),12))); -7697.9 -3.51919 86.2016 39.0547 -7748.57 1294
(1,2,((3,((4,5),6)),(((((7,8),9),10),11),12))); -7699.45 -1.29017 81.0283 39.0206 -7742.74 1292
(1,2,((3,((4,5),6)),((((7,8),9),10),(11,12)))); -7696.28 -1.45535 77.2151 39.4212 -7735.53 1293
(1,(2,((((7,8),9),10),(11,12))),(3,((4,5),6))); -7693.01 -3.36157 78.1493 39.1983 -7735.32 1284
(1,2,((3,((4,5),6)),(((((7,8),9),10),11),12))); -7704.92 -1.29017 75.6061 38.9665 -7742.84 1292
(1,2,((3,((4,5),6)),(((((7,8),9),10),12),11))); -7689.73 -1.52008 77.1764 38.6901 -7729.73 1298
(1,2,((3,((4,5),6)),(((((7,8),9),10),12),11))); -7692.84 -1.52008 77.0537 39.3971 -7732.02 1298
(1,(2,(((((7,8),9),10),12),11)),(3,((4,5),6))); -7688.86 -3.4263 78.8587 39.0395 -7732.11 1289
(1,2,(((3,6),(4,5)),(((((7,8),9),10),12),11))); -7688.72 -3.7491 82.2072 39.1099 -7735.56 1298
(1,2,((3,((4,5),6)),(((((7,8),9),10),11),12))); -7708.8 -1.29017 70.5169 38.5287 -7742.08 1292
(1,2,((3,((4,5),6)),((((7,8),9),10),(11,12)))); -7694.25 -1.45535 81.2638 39.1901 -7737.78 1293
(1,2,((3,((4,5),6)),(((((7,8),9),10),12),11))); -7685.01 -1.52008 83.2535 38.8089 -7730.97 1298
(1,2,((3,((4,5),6)),((((7,8),9),10),(11,12)))); -7692.96 -1.45535 80.6065 38.509 -7736.51 1293
(1,2,((3,((4,5),6)),(((((7,8),9),10),12),11))); -7688.67 -1.52008 78.5121 39.3698 -7729.33 1298
(1,2,((3,((4,5),6)),((((7,8),9),10),(11,12)))); -7689.7 -1.45535 85.451 39.3501 -7737.26 1293
(1,(2,((((7,8),9),10),(11,12))),(3,((4,5),6))); -7687.55 -3.36157 83.7068 38.9766 -7735.64 1284
(1,2,((3,((4,5),6)),((((7,8),9),10),(11,12)))); -7694.42 -1.45535 79.5202 38.9703 -7736.42 1293
(1,2,((3,((4,5),6)),((((7,8),9),10),(11,12)))); -7692.1 -1.45535 81.7218 39.139 -7736.14 1293
(1,2,((3,((4,5),6)),(((((7,8),9),10),11),12))); -7701.04 -1.29017 78.9092 39.0412 -7742.2 1292
(1,2,((3,((4,5),6)),((((7,8),9),10),(11,12)))); -7690.16 -1.45535 83.2158 38.833 -7736 1293
(1,2,((3,((4,5),6)),((((7,8),9),10),(11,12)))); -7699.2 -1.45535 76.0928 39.4266 -7737.32 1293
(1,2,(((3,6),(4,5)),((((7,8),9),10),(11,12)))); -7701.72 -3.68437 75.1821 38.9573 -7741.63 1295
(1,2,((3,((4,5),6)),((((7,8),9),10),(11,12)))); -7696.74 -1.45535 77.9433 38.7968 -7737.34 1293
(1,2,((3,((4,5),6)),(((((7,8),9),10),12),11))); -7689.28 -1.52008 79.1358 39.2742 -7730.66 1298
(1,2,((3,((4,5),6)),(((((7,8),9),10),12),11))); -7687.81 -1.52008 81.1617 39.1527 -7731.34 1298
(1,2,((3,((4,5),6)),(((((7,8),9),10),12),11))); -7686.07 -1.52008 81.5029 38.9601 -7730.13 1298
(1,2,((3,((4,5),6)),(((((7,8),9),10),11),12))); -7697.34 -1.29017 83.1913 38.9282 -7742.89 1292
(1,2,((3,((4,5),6)),(((((7,8),9),10),11),12))); -7707.4 -1.29017 73.2012 38.5047 -7743.39 1292
(1,2,((3,((4,5),6)),(((((7,8),9),10),12),11))); -7687.19 -1.52008 79.8242 39.3244 -7729.21 1298
(1,2,(((3,6),(4,5)),(((((7,8),9),10),12),11))); -7688.55 -3.7491 82.5271 38.7703 -7736.05 1298
(1,2,((3,((4,5),6)),(((((7,8),9),10),11),12))); -7703.01 -1.29017 78.5939 39.282 -7743.62 1292
(1,2,((3,((4,5),6)),(((((7,8),9),10),12),11))); -7688.48 -1.52008 79.988 38.7964 -7731.2 1298
(1,2,((3,((4,5),6)),(((((7,8),9),10),11),12))); -7700.18 -1.29017 80.2966 39.0848 -7742.68 1292
(1,2,((3,((4,5),6)),(((((7,8),9),10),11),12))); -7701.43 -1.29017 79.5709 39.0975 -7743.19 1292
(1,2,((3,((4,5),6)),(((((7,8),9),10),11),12))); -7700.57 -1.29017 80.0799 39.1777 -7742.76 1292
(1,2,((3,((4,5),6)),((((7,8),9),10),(11,12)))); -7699.66 -1.45535 75.4815 39.308 -7737.29 1293
(1,(2,(((((7,8),9),10),11),12)),(3,((4,5),6))); -7700.89 -3.19639 80.5411 39.3785 -7745.25 1288
(1,2,(((3,(4,5)),6),(((((7,8),9),10),11),12))); -7709.33 -3.93522 78.9967 39.4358 -7752.83 1297
(1,2,((3,((4,5),6)),(((((7,8),9),10),11),12))); -7701.7 -1.29017 79.7912 38.7374 -7744.05 1292
(1,2,((3,((4,5),6)),((((7,8),9),10),(11,12)))); -7689.45 -1.45535 85.2629 39.0796 -7737.09 1293
(1,2,((3,((4,5),6)),(((((7,8),9),10),12),11))); -7686.22 -1.52008 81.34 39.0772 -7730 1298
(1,2,((3,((4,5),6)),(((((7,8),9),10),12),11))); -7693.1 -1.52008 74.8141 39.0086 -7730.43 1298
(1,2,((3,((4,5),6)),(((((7,8),9),10),12),11))); -7688.28 -1.52008 79.938 38.9333 -7730.8 1298
(1,2,((3,((4,5),6)),(((((7,8),9),10),11),12))); -7699.46 -1.29017 80.2702 38.7729 -7742.25 1292
(1,2,((3,((4,5),6)),((((7,8),9),10),(11,12)))); -7690.2 -1.45535 83.7549 38.96 -7736.45 1293
(1,2,((3,((4,5),6)),(((((7,8),9),10),11),12))); -7698.95 -1.29017 82.0659 39.1371 -7743.17 1292
(1,2,(((3,6),(4,5)),(((((7,8),9),10),11),12))); -7704.12 -3.51919 79.6353 38.8506 -7748.42 1294
(1,2,(((3,6),(4,5)),((((7,8),9),10),(11,12)))); -7697.03 -3.68437 79.7444 38.9714 -7741.48 1295
(1,2,((3,((4,5),6)),(((((7,8),9),10),12),11))); -7689.18 -1.52008 79.9812 39.1323 -7731.54 1298
(1,2,((3,((4,5),6)),((((7,8),9),10),(11,12)))); -7694.26 -1.45535 79.5381 38.6014 -7736.65 1293
(1,2,((3,((4,5),6)),(((((7,8),9),10),12),11))); -7685.64 -1.52008 81.1306 39.0253 -7729.26 1298
(1,2,((3,((4,5),6)),(((((7,8),9),10),11),12))); -7705.78 -1.29017 74.8306 38.6146 -7743.29 1292
(1,2,((3,((4,5),6)),(((((7,8),9),10),12),11))); -7692.68 -1.52008 75.423 39.1503 -7730.47 1298
(1,2,(((3,6),(4,5)),(((((7,8),9),10),11),12))); -7707.56 -3.51919 76.6749 38.8306 -7748.92 1294
(1,2,((3,((4,5),6)),(((((7,8),9),10),11),12))); -7697.32 -1.29017 83.3355 38.9521 -7743 1292
(1,2,((3,((4,5),6)),((((7,8),9),10),(11,12)))); -7697.24 -1.45535 78.7614 39.4267 -7738.03 1293
(1,2,(((3,6),(4,5)),(((((7,8),9),10),12),11))); -7698.26 -3.7491 71.2479 39.2828 -7733.97 1298
(1,2,(((3,6),(4,5)),((((7,8),9),10),(11,12)))); -7699.63 -3.68437 77.998 39.2439 -7742.07 1295
(1,2,((3,((4,5),6)),(((((7,8),9),10),12),11))); -7687.42 -1.52008 78.6025 38.4717 -7729.07 1298
(1,2,((3,((4,5),6)),((((7,8),9),10),(11,12)))); -7694.96 -1.45535 79.9744 39.2067 -7737.19 1293
(1,2,((3,((4,5),6)),((((7,8),9),10),(11,12)))); -7696.33 -1.45535 77.1868 39.052 -7735.92 1293
(1,2,(((3,(4,5)),6),(((((7,8),9),10),11),12))); -7708.76 -3.93522 79.9058 38.8219 -7753.78 1297
(1,2,((3,((4,5),6)),(((((7,8),9),10),12),11))); -7690.29 -1.52008 79.0425 38.928 -7731.92 1298
(1,2,((3,((4,5),6)),((((7,8),9),10),(11,12)))); -7690.13 -1.45535 83.5056 38.7568 -7736.33 1293
(1,2,(((3,6),(4,5)),(((((7,8),9),10),12),11))); -7690.59 -3.7491 80.2579 39.5149 -7735.08 1298
(1,2,((3,((4,5),6)),(((((7,8),9),10),12),11))); -7689.56 -1.52008 80.5672 39.0293 -7732.62 1298
(1,2,(((3,6),(4,5)),((((7,8),9),10),(11,12)))); -7694.6 -3.68437 80.8983 38.7832 -7740.4 1295
(1,2,((3,((4,5),6)),((((7,8),9),10),(11,12)))); -7705.43 -1.45535 69.3924 39.1253 -7737.16 1293
(1,2,(((3,(4,5)),6),(((((7,8),9),10),11),12))); -7717.85 -3.93522 70.6553 38.8434 -7753.6 1297
(1,2,((3,((4,6),5)),(((((7,8),9),10),11),12))); -7713.37 -6.86185 83.1158 38.8603 -7764.49 1301
(1,2,((3,(((((7,8),9),10),11),12)),((4,5),6))); -7726.52 -6.9713 72.0695 39.1896 -7766.37 1297
(1,2,(((3,6),(4,5)),(((((7,8),9),10),11),12))); -7704.11 -3.51919 80.562 38.8609 -7749.33 1294
(1,2,((3,((4,5),6)),(((((7,8),9),10),12),11))); -7691.1 -1.52008 77.3938 39.2228 -7730.8 1298
(1,2,((3,((4,5),6)),((((7,8),9),10),(11,12)))); -7696.08 -1.45535 77.5556 38.9604 -7736.13 1293
(1,2,(((3,6),(4,5)),((((7,8),9),10),(11,12)))); -7696.67 -3.68437 80.3445 39.3098 -7741.39 1295
(1,2,((3,((4,5),6)),(((((7,8),9),10),12),11))); -7689.7 -1.52008 78.4578 38.8379 -7730.84 1298
(1,2,((3,((4,5),6)),(((((7,8),9),10),11),12))); -7704.21 -1.29017 77.9048 39.1541 -7744.25 1292
(1,2,((3,((4,5),6)),(((((7,8),9),10),12),11))); -7683.74 -1.52008 83.5454 38.7775 -7730.03 1298
(1,2,((3,((4,5),6)),(((((7,8),9),10),11),12))); -7702.5 -1.29017 79.0067 39.1475 -7743.65 1292
(1,(2,(((((7,8),9),10),11),12)),((3,6),(4,5))); -7710.77 -5.42541 73.5239 38.9123 -7750.81 1291
(1,2,((3,((4,5),6)),(((((7,8),9),10),12),11))); -7689.85 -1.52008 78.7441 39.3303 -7730.78 1298
(1,(2,(((((7,8),9),10),11),12)),(3,((4,5),6))); -7699.72 -3.19639 80.9695 38.9111 -7744.97 1288
(1,2,((3,((4,5),6)),(((((7,8),9),10),12),11))); -7686.1 -1.52008 83.2754 39.3814 -7731.51 1298
(1,2,((3,((4,5),6)),(((((7,8),9),10),11),12))); -7703.94 -1.29017 78.089 38.7626 -7744.56 1292
(1,(2,(((((7,8),9),10),11),12)),((3,6),(4,5))); -7708.11 -5.42541 75.3442 38.7764 -7750.1 1291
(1,2,((3,((4,5),6)),(((((7,8),9),10),12),11))); -7685.37 -1.52008 84.1444 39.1281 -7731.9 1298
(1,2,((3,((4,5),6)),(((((7,8),9),10),12),11))); -7688.15 -1.52008 78.661 38.6582 -7729.68 1298
(1,2,((3,((4,5),6)),((((7,8),9),10),(11,12)))); -7693.82 -1.45535 81.4909 39.1972 -7737.57 1293
(1,(2,(((((7,8),9),10),12),11)),(3,((4,5),6))); -7685.18 -3.4263 83.1121 39.2415 -7732.48 1289
(1,2,(((3,6),(4,5)),(((((7,8),9),10),11),12))); -7705.32 -3.51919 77.0858 38.7238 -7747.2 1294
(1,2,((3,((4,5),6)),((((7,8),9),10),(11,12)))); -7694.81 -1.45535 79.0589 38.6903 -7736.63 1293
(1,2,((3,((4,6),5)),((((7,8),9),10),(11,12)))); -7710.62 -7.02703 80.3033 39.0888 -7758.86 1300
(1,2,((3,((4,5),6)),(((((7,8),9),10),11),12))); -7697.95 -1.29017 82.9566 38.8203 -7743.38 1292
(1,2,((3,((4,5),6)),(((((7,8),9),10),11),12))); -7698.74 -1.29017 82.8717 38.9194 -7743.99 1292
(1,2,((3,((4,5),6)),(((((7,8),9),10),11),12))); -7702.81 -1.29017 77.216 38.639 -7742.68 1292
(1,2,((3,((4,5),6)),((((7,8),9),10),(11,12)))); -7692.43 -1.45535 82.5435 39.2969 -7737.13 1293
(1,2,((3,((4,5),6)),(((((7,8),9),10),12),11))); -7688.35 -1.52008 80.0621 38.76 -7731.17 1298
(1,2,((3,((4,5),6)),(((((7,8),9),10),12),11))); -7686.5 -1.52008 81.6119 38.9421 -7730.69 1298
(1,2,(((3,(4,5)),6),(((((7,8),9),10),11),12))); -7715.08 -3.93522 74.0849 39.321 -7753.78 1297
(1,2,((3,((4,5),6)),(((((7,8),9),10),12),11))); -7690.17 -1.52008 76.1119 38.9874 -7728.81 1298
(1,2,((3,((4,5),6)),(((((7,8),9),10),12),11))); -7689.2 -1.52008 78.3013 39.2201 -7729.8 1298
(1,2,((3,((4,5),6)),(((((7,8),9),10),11),12))); -7699.63 -1.29017 82.3047 39.155 -7744.07 1292
(1,2,((3,((4,5),6)),((((7,8),9),10),(11,12)))); -7692.69 -1.45535 82.7344 38.9401 -7737.94 1293
(1,2,((3,((4,5),6)),(((((7,8),9),10),11),12))); -7699.35 -1.29017 80.7958 38.5394 -7742.9 1292
(1,2,((3,((4,5),6)),(((((7,8),9),10),12),11))); -7687.87 -1.52008 79.6918 39.0802 -7730 1298
(1,(2,((((7,8),9),10),(11,12))),(3,((4,5),6))); -7691.34 -3.36157 78.3285 38.8017 -7734.23 1284
(1,2,((3,((4,5),6)),((((7,8),9),10),(11,12)))); -7697.02 -1.45535 78.0101 39.1529 -7737.34 1293
(1,2,((3,((4,5),6)),((((7,8),9),10),(11,12)))); -7691.51 -1.45535 83.629 39.0121 -7737.58 1293
(1,2,((3,((4,5),6)),(((((7,8),9),10),11),12))); -7702.56 -1.29017 77.1824 38.5543 -7742.48 1292
(1,2,(((3,6),(4,5)),((((7,8),9),10),(11,12)))); -7694.49 -3.68437 81.3665 38.7559 -7740.79 1295
(1,2,((3,((4,5),6)),(((((7,8),9),10),12),11))); -7687.7 -1.52008 78.8903 39.0942 -7729.02 1298
(1,2,(((3,6),(4,5)),(((((7,8),9),10),12),11))); -7692.71 -3.7491 76.57 38.9126 -7734.12 1298
(1,(2,(((((7,8),9),10),12),11)),(3,((4,5),6))); -7692.44 -3.4263 74.3445 39.0577 -7731.15 1289
(1,(2,(((((7,8),9),10),12),11)),(3,((4,5),6))); -7683.13 -3.4263 83.4046 39.0941 -7730.87 1289
(1,(2,(((((7,8),9),10),12),11)),(3,((4,5),6))); -7685.74 -3.4263 79.7874 38.6566 -7730.3 1289
(1,2,((3,((4,5),6)),(((((7,8),9),10),11),12))); -7701.3 -1.29017 80.4335 39.0361 -7743.99 1292
(1,2,((3,((4,5),6)),((((7,8),9),10),(11,12)))); -7693.7 -1.45535 82.4607 39.422 -7738.19 1293
(1,2,((3,((4,5),6)),(((((7,8),9),10),12),11))); -7691.22 -1.52008 77.8252 39.1324 -7731.43 1298
(1,2,((3,((4,5),6)),((((7,8),9),10),(11,12)))); -7697.59 -1.45535 78.6958 39.5494 -7738.2 1293
(1,2,(((3,(4,5)),6),((((7,8),9),10),(11,12)))); -7705.3 -4.10041 76.4975 38.9159 -7746.98 1293
(1,2,((3,((4,5),6)),(((((7,8),9),10),11),12))); -7696.57 -1.29017 83.9846 39.1602 -7742.69 1292
(1,2,((3,((4,5),6)),((((7,8),9),10),(11,12)))); -7690.11 -1.45535 84.9882 38.9137 -7737.64 1293
(1,2,((3,((4,5),6)),((((7,8),9),10),(11,12)))); -7691.17 -1.45535 82.3014 38.5472 -7736.38 1293
(1,(2,(((((7,8),9),10),11),12)),(3,((4,5),6))); -7695.66 -3.19639 83.7659 39.0115 -7743.61 1288
(1,2,((3,((4,5),6)),(((((7,8),9),10),11),12))); -7700.69 -1.29017 80.0362 38.7932 -7743.22 1292
(1,2,((3,((4,5),6)),(((((7,8),9),10),11),12))); -7709.06 -1.29017 71.2121 38.8326 -7742.73 1292
(1,2,((3,((4,5),6)),(((((7,8),9),10),12),11))); -7689.97 -1.52008 79.5619 39.4902 -7731.56 1298
(1,2,((3,((4,5),6)),(((((7,8),9),10),12),11))); -7692.62 -1.52008 73.3737 38.6571 -7728.86 1298
(1,(2,((((7,8),9),10),(11,12))),(3,((4,5),6))); -7691.39 -3.36157 77.6112 38.9023 -7733.46 1284
(1,2,((3,((4,5),6)),(((((7,8),9),10),11),12))); -7707.83 -1.29017 70.5689 38.5263 -7741.17 1292
(1,2,((3,((4,5),6)),(((((7,8),9),10),12),11))); -7682.2 -1.52008 85.2162 39.0379 -7729.89 1298
(1,(2,(((((7,8),9),10),12),11)),((3,(4,5)),6)); -7700.65 -6.07135 74.6644 38.4258 -7742.96 1294
(1,2,((3,((4,5),6)),(((((7,8),9),10),12),11))); -7685.26 -1.52008 82.5754 39.0417 -7730.31 1298
(1,(2,(((((7,8),9),10),11),12)),(3,((4,5),6))); -7702.27 -3.19639 77.7843 38.9506 -7744.3 1288
(1,2,((3,((4,5),6)),((((7,8),9),10),(11,12)))); -7693.53 -1.45535 80.7943 39.5499 -7736.23 1293
(1,2,((3,((4,5),6)),((((7,8),9),10),(11,12)))); -7692.07 -1.45535 82.1762 38.8603 -7736.84 1293
(1,2,((3,((4,5),6)),(((((7,8),9),10),12),11))); -7685.45 -1.52008 81.7339 38.6013 -7730.1 1298
(1,2,((3,((4,5),6)),(((((7,8),9),10),12),11))); -7686.2 -1.52008 81.3945 39.0431 -7730.07 1298
(1,(2,(((((7,8),9),10),11),12)),(3,((4,5),6))); -7701.89 -3.19639 78.4258 38.9603 -7744.55 1288
(1,2,((3,((4,5),6)),(((((7,8),9),10),12),11))); -7690.32 -1.52008 77.7262 39.0303 -7730.53 1298
(1,2,((3,((4,5),6)),(((((7,8),9),10),12),11))); -7687 -1.52008 82.2086 39.0731 -7731.66 1298
(1,2,((3,((4,5),6)),(((((7,8),9),10),11),12))); -7700.87 -1.29017 81.1421 39.2321 -7744.07 1292
(1,2,((3,((4,5),6)),(((((7,8),9),10),12),11))); -7689.3 -1.52008 78.1847 39.1535 -7729.85 1298
(1,2,((3,((4,5),6)),((((7,8),9),10),(11,12)))); -7697.96 -1.45535 76.8498 39.2311 -7737.04 1293
(1,2,((3,((4,5),6)),(((((7,8),9),10),11),12))); -7703.95 -1.29017 76.2217 38.776 -7742.68 1292
(1,2,(((3,6),(4,5)),(((((7,8),9),10),11),12))); -7704.35 -3.51919 80.1669 38.8516 -7749.19 1294
(1,2,((3,((4,5),6)),(((((7,8),9),10),12),11))); -7690.21 -1.52008 78.316 39.3446 -7730.7 1298
(1,2,((3,((4,5),6)),(((((7,8),9),10),11),12))); -7698.66 -1.29017 82.6418 38.9834 -7743.6 1292
(1,2,((3,((4,5),6)),(((((7,8),9),10),11),12))); -7705.02 -1.29017 74.8156 39.051 -7742.08 1292
(1,2,(((3,6),(4,5)),((((7,8),9),10),(11,12)))); -7696.17 -3.68437 80.288 38.971 -7741.17 1295
(1,2,(((3,6),(4,5)),(((((7,8),9),10),11),12))); -7698.05 -3.51919 86.4418 39.3277 -7748.68 1294
(1,2,((3,((4,5),6)),((((7,8),9),10),(11,12)))); -7691.59 -1.45535 82.475 39.3882 -7736.14 1293
(1,2,((3,((4,5),6)),((((7,8),9),10),(11,12)))); -7698.11 -1.45535 75.8123 38.5866 -7736.79 1293
(1,2,(((3,(4,5)),6),(((((7,8),9),10),12),11))); -7695.97 -4.16513 79.6811 39.2005 -7740.62 1299
(1,2,((3,((4,5),6)),(((((7,8),9),10),12),11))); -7694.44 -1.52008 74.2042 39.2407 -7730.92 1298
(1,(2,(((((7,8),9),10),11),12)),(3,((4,5),6))); -7699.6 -3.19639 79.6387 38.8129 -7743.62 1288
(1,2,((3,((4,5),6)),(((((7,8),9),10),12),11))); -7685.2 -1.52008 83.4383 38.8575 -7731.3 1298
(1,2,((3,((4,5),6)),(((((7,8),9),10),11),12))); -7701.45 -1.29017 81.5069 39.6382 -7744.61 1292
(1,(2,(((((7,8),9),10),11),12)),(3,((4,5),6))); -7705.71 -3.19639 74.0511 38.637 -7744.32 1288
(1,(2,(((((7,8),9),10),11),12)),((3,6),(4,5))); -7710.27 -5.42541 72.4494 38.4003 -7749.75 1291
(1,2,(((3,(4,5)),6),(((((7,8),9),10),12),11))); -7695.59 -4.16513 78.6349 38.9786 -7739.41 1299
(1,2,((3,((4,5),6)),((((7,8),9),10),(11,12)))); -7689.72 -1.45535 84.0829 39.3275 -7735.93 1293
(1,(2,(((((7,8),9),10),12),11)),(3,((4,5),6))); -7689.12 -3.4263 76.8738 38.938 -7730.48 1289
(1,2,((3,((4,5),6)),(((((7,8),9),10),11),12))); -7702.55 -1.29017 78.3972 39.5168 -7742.72 1292
(1,2,(((3,(4,5)),6),(((((7,8),9),10),11),12))); -7710.17 -3.93522 78.9108 39.1468 -7753.87 1297
(1,(2,(((((7,8),9),10),12),11)),(3,((4,5),6))); -7687.75 -3.4263 77.6683 38.6856 -7730.16 1289
(1,2,((3,((4,5),6)),(((((7,8),9),10),12),11))); -7687.33 -1.52008 81.0399 39.2844 -7730.6 1298
(1,2,((3,((4,5),6)),(((((7,8),9),10),11),12))); -7702.67 -1.29017 79.3245 39.0424 -7744.24 1292
(1,(2,((((7,8),9),10),(11,12))),(3,((4,5),6))); -7686.77 -3.36157 84.4063 39.4618 -7735.08 1284
(1,2,((3,((4,5),6)),((((7,8),9),10),(11,12)))); -7690.74 -1.45535 82.8048 38.8533 -7736.15 1293
(1,(2,((((7,8),9),10),(11,12))),(3,((4,5),6))); -7692.95 -3.36157 75.3696 38.6805 -7733 1284
(1,2,((3,((4,5),6)),(((((7,8),9),10),12),11))); -7690.32 -1.52008 78.3515 38.8412 -7731.35 1298
(1,(2,(((((7,8),9),10),11),12)),(3,((4,5),6))); -7707.12 -3.19639 71.3302 38.5136 -7743.13 1288
(1,(2,(((((7,8),9),10),12),11)),(3,((4,5),6))); -7683.3 -3.4263 83.4301 38.5849 -7731.57 1289
(1,2,((3,((4,5),6)),((((7,8),9),10),(11,12)))); -7694.06 -1.45535 80.8317 39.0434 -7737.3 1293
(1,2,((3,((4,5),6)),(((((7,8),9),10),12),11))); -7692.16 -1.52008 76.6674 39.0756 -7731.27 1298
(1,2,((3,((4,5),6)),(((((7,8),9),10),12),11))); -7688.67 -1.52008 78.7612 38.7966 -7730.16 1298
(1,2,(((3,(4,5)),6),(((((7,8),9),10),12),11))); -7700.3 -4.16513 77.727 39.3285 -7742.86 1299
(1,2,((3,((4,5),6)),(((((7,8),9),10),11),12))); -7700.28 -1.29017 81.3703 38.6624 -7744.28 1292
(1,2,((3,((4,5),6)),(((((7,8),9),10),11),12))); -7700.11 -1.29017 81.4572 39.1585 -7743.7 1292
(1,(2,(((((7,8),9),10),12),11)),((3,(4,5)),6)); -7690.52 -6.07135 83.3787 39.0617 -7740.91 1294
(1,2,((3,((4,5),6)),(((((7,8),9),10),12),11))); -7691.65 -1.52008 74.6751 38.2984 -7729.54 1298
(1,2,((3,((4,5),6)),(((((7,8),9),10),12),11))); -7690.5 -1.52008 77.111 38.8442 -7730.28 1298
(1,(2,((((7,8),9),10),(11,12))),((3,6),(4,5))); -7697.93 -5.59059 74.3005 38.5021 -7739.31 1288
(1,(2,(((((7,8),9),10),12),11)),(3,((4,5),6))); -7692.55 -3.4263 74.1295 38.5473 -7731.56 1289
(1,2,((3,((4,5),6)),(((((7,8),9),10),12),11))); -7694.79 -1.52008 74.1586 39.4596 -7731 1298
(1,2,((3,((4,5),6)),((((7,8),9),10),(11,12)))); -7697.7 -1.45535 76.7151 39.4804 -7736.39 1293
(1,2,((3,((4,5),6)),((((7,8),9),10),(11,12)))); -7697.22 -1.45535 75.6283 38.5045 -7735.8 1293
(1,2,((3,((4,5),6)),(((((7,8),9),10),11),12))); -7699.45 -1.29017 80.4557 38.7452 -7742.45 1292
(1,(2,(((((7,8),9),10),11),12)),(3,((4,5),6))); -7702.67 -3.19639 78.7732 39.1004 -7745.54 1288
(1,(2,(((((7,8),9),10),11),12)),(3,((4,5),6))); -7702.22 -3.19639 77.5811 38.6085 -7744.39 1288
(1,2,((3,((4,5),6)),(((((7,8),9),10),11),12))); -7698.92 -1.29017 82.9253 38.6971 -7744.44 1292
(1,2,((3,((4,5),6)),((((7,8),9),10),(11,12)))); -7696.25 -1.45535 78.0851 38.8444 -7736.95 1293
(1,2,((3,((4,5),6)),(((((7,8),9),10),12),11))); -7685.9 -1.52008 81.1332 39.0436 -7729.51 1298
(1,2,((3,((4,5),6)),(((((7,8),9),10),12),11))); -7693.3 -1.52008 74.8644 38.841 -7730.84 1298
(1,2,(((3,(4,5)),6),(((((7,8),9),10),11),12))); -7713.97 -3.93522 73.9569 38.5469 -7753.31 1297
(1,2,((3,((4,5),6)),((((7,8),9),10),(11,12)))); -7699.38 -1.45535 76.3401 39.6004 -7737.57 1293
(1,2,((3,((4,5),6)),((((7,8),9),10),(11,12)))); -7697.36 -1.45535 77.9585 39.4487 -7737.33 1293
(1,2,((3,((4,5),6)),((((7,8),9),10),(11,12)))); -7694.53 -1.45535 78.4305 38.8255 -7735.59 1293
(1,2,((3,((4,5),6)),(((((7,8),9),10),12),11))); -7686.88 -1.52008 82.4588 39.6304 -7731.23 1298
(1,2,((3,((4,5),6)),(((((7,8),9),10),11),12))); -7699.96 -1.29017 81.1021 38.849 -7743.5 1292
(1,(2,((((7,8),9),10),(11,12))),(3,((4,5),6))); -7691.13 -3.36157 79.5075 39.0958 -7734.91 1284
(1,2,((3,((4,5),6)),((((7,8),9),10),(11,12)))); -7695.72 -1.45535 78.7328 39.0067 -7736.9 1293
(1,2,((3,((4,5),6)),(((((7,8),9),10),11),12))); -7704.65 -1.29017 75.0919 38.581 -7742.45 1292
(1,2,((3,((4,5),6)),(((((7,8),9),10),11),12))); -7699.09 -1.29017 82.4845 39.106 -7743.76 1292
(1,2,((3,((4,5),6)),(((((7,8),9),10),12),11))); -7689.32 -1.52008 79.314 39.0769 -7731.08 1298
(1,2,((3,((4,5),6)),((((7,8),9),10),(11,12)))); -7695.3 -1.45535 78.1007 39.1636 -7735.69 1293
(1,2,((3,((4,5),6)),((((7,8),9),10),(11,12)))); -7695.99 -1.45535 78.8296 38.8958 -7737.38 1293
(1,2,((3,((4,5),6)),(((((7,8),9),10),11),12))); -7699.74 -1.29017 82.7117 39.2013 -7744.54 1292
(1,(2,((((7,8),9),10),(11,12))),((3,6),(4,5))); -7693.98 -5.59059 80.1185 39.0112 -7740.68 1288
(1,2,((3,((4,5),6)),((((7,8),9),10),(11,12)))); -7699.53 -1.45535 73.7 38.7261 -7735.96 1293
(1,2,(((3,6),(4,5)),(((((7,8),9),10),12),11))); -7691.24 -3.7491 79.3757 39.0384 -7735.33 1298
(1,2,((3,((4,5),6)),((((7,8),9),10),(11,12)))); -7691.2 -1.45535 82.5274 38.9463 -7736.23 1293
(1,2,((3,((4,5),6)),(((((7,8),9),10),11),12))); -7707.74 -1.29017 73.2329 39.0092 -7743.26 1292
(1,2,((3,((4,5),6)),(((((7,8),9),10),11),12))); -7699.09 -1.29017 81.451 39.0087 -7742.82 1292
(1,2,((3,((4,5),6)),(((((7,8),9),10),11),12))); -7698.84 -1.29017 80.6487 39.2484 -7741.53 1292
(1,2,(((3,6),(4,5)),(((((7,8),9),10),12),11))); -7693.01 -3.7491 75.1424 38.8236 -7733.08 1298
(1,2,((3,((4,5),6)),(((((7,8),9),10),11),12))); -7700.26 -1.29017 79.5846 38.6965 -7742.44 1292
(1,2,((3,((4,5),6)),((((7,8),9),10),(11,12)))); -7694.32 -1.45535 81.8608 39.4812 -7738.15 1293
(1,2,((3,((4,5),6)),(((((7,8),9),10),11),12))); -7697.36 -1.29017 83.5308 39.1881 -7742.99 1292
(1,2,((3,((4,5),6)),(((((7,8),9),10),12),11))); -7684.33 -1.52008 84.1877 39.5474 -7730.49 1298
(1,2,(((3,6),(4,5)),(((((7,8),9),10),12),11))); -7688.72 -3.7491 82.9879 39.128 -7736.33 1298
(1,2,((3,((4,5),6)),(((((7,8),9),10),12),11))); -7690.19 -1.52008 78.2014 39.2421 -7730.67 1298
(1,2,(((3,6),(4,5)),(((((7,8),9),10),12),11))); -7692.85 -3.7491 78.2949 39.2955 -7735.59 1298
(1,2,((3,((4,5),6)),((((7,8),9),10),(11,12)))); -7692.22 -1.45535 82.2286 38.6731 -7737.23 1293
(1,2,((3,((4,5),6)),(((((7,8),9),10),11),12))); -7700.44 -1.29017 79.2354 38.9484 -7742.01 1292
(1,2,(((3,(4,5)),6),(((((7,8),9),10),12),11))); -7697.3 -4.16513 79.4575 39.6202 -7741.3 1299
(1,2,((3,((4,5),6)),(((((7,8),9),10),12),11))); -7687.92 -1.52008 80.4151 38.9876 -7730.86 1298
(1,2,((3,((4,5),6)),(((((7,8),9),10),11),12))); -7703.52 -1.29017 77.0929 38.5451 -7743.36 1292
(1,2,((3,((4,5),6)),(((((7,8),9),10),11),12))); -7700.83 -1.29017 79.251 38.8989 -7742.47 1292
(1,2,((3,((4,5),6)),(((((7,8),9),10),12),11))); -7689.69 -1.52008 78.8104 39.0152 -7731 1298
(1,2,((3,((4,5),6)),(((((7,8),9),10),12),11))); -7695.18 -1.52008 73.6992 39.7913 -7730.61 1298
(1,2,((3,((4,5),6)),((((7,8),9),10),(11,12)))); -7694.9 -1.45535 77.9427 38.7899 -7735.51 1293
(1,2,((3,((4,5),6)),((((7,8),9),10),(11,12)))); -7693.38 -1.45535 80.0525 39.0632 -7735.82 1293
(1,2,((3,((4,5),6)),(((((7,8),9),10),12),11))); -7687.27 -1.52008 81.5041 38.9551 -7731.34 1298
(1,2,(((3,6),(4,5)),((((7,8),9),10),(11,12)))); -7696.01 -3.68437 81.1111 38.9418 -7741.86 1295
(1,2,((3,((4,5),6)),(((((7,8),9),10),11),12))); -7699.8 -1.29017 83.2072 39.1164 -7745.19 1292
(1,2,((3,((4,5),6)),(((((7,8),9),10),11),12))); -7699.93 -1.29017 80.468 38.8815 -7742.8 1292
(1,2,((3,((4,5),6)),(((((7,8),9),10),12),11))); -7687.22 -1.52008 80.5888 38.7808 -7730.55 1298
(1,2,((3,((4,5),6)),(((((7,8),9),10),11),12))); -7699.86 -1.29017 81.607 39.3047 -7743.45 1292
(1,2,((3,((4,5),6)),(((((7,8),9),10),12),11))); -7684.58 -1.52008 84.7632 38.9031 -7731.96 1298
(1,(2,((((7,8),9),10),(11,12))),(3,((4,5),6))); -7685.31 -3.36157 84.0645 38.9588 -7733.78 1284
(1,2,((3,((4,5),6)),(((((7,8),9),10),11),12))); -7700.5 -1.29017 79.2279 38.5615 -7742.46 1292
(1,2,((3,((4,5),6)),(((((7,8),9),10),11),12))); -7704.23 -1.29017 76.43 38.7005 -7743.25 1292
(1,2,((3,((4,5),6)),(((((7,8),9),10),12),11))); -7688.07 -1.52008 80.5757 39.2034 -7730.96 1298
(1,2,((3,((4,5),6)),(((((7,8),9),10),12),11))); -7691.75 -1.52008 76.4969 39.3501 -7730.42 1298
(1,2,((3,((4,5),6)),(((((7,8),9),10),12),11))); -7689.23 -1.52008 80.5899 39.0741 -7732.26 1298
(1,2,(((3,(4,5)),6),(((((7,8),9),10),12),11))); -7692.71 -4.16513 83.812 39.0936 -7741.59 1299
(1,2,(((3,6),(4,5)),(((((7,8),9),10),11),12))); -7703.77 -3.51919 80.2248 39.2392 -7748.27 1294
(1,2,((3,((4,5),6)),(((((7,8),9),10),12),11))); -7687.94 -1.52008 80.2316 38.7195 -7730.98 1298
(1,2,((3,((4,5),6)),(((((7,8),9),10),11),12))); -7702.04 -1.29017 79.2083 38.8521 -7743.69 1292
(1,2,((3,((4,5),6)),(((((7,8),9),10),11),12))); -7702.62 -1.29017 79.0688 39.3499 -7743.63 1292
(1,2,((3,((4,5),6)),(((((7,8),9),10),12),11))); -7685.14 -1.52008 82.7091 39.1728 -7730.19 1298
(1,2,((3,((4,5),6)),(((((7,8),9),10),12),11))); -7686.45 -1.52008 81.799 39.008 -7730.76 1298
(1,2,(((3,6),(4,5)),(((((7,8),9),10),11),12))); -7701.65 -3.51919 83.5011 39.1854 -7749.48 1294
(1,2,((3,((4,5),6)),(((((7,8),9),10),12),11))); -7685.76 -1.52008 82.2395 39.1282 -7730.39 1298
(1,2,((3,((4,5),6)),((((7,8),9),10),(11,12)))); -7698.19 -1.45535 78.6055 39.3301 -7738.92 1293
(1,2,((3,((4,5),6)),((((7,8),9),10),(11,12)))); -7691.9 -1.45535 83.1859 39.1746 -7737.36 1293
(1,2,((3,((4,5),6)),(((((7,8),9),10),12),11))); -7695.07 -1.52008 73.2314 39.2504 -7730.57 1298
(1,2,((3,((4,5),6)),(((((7,8),9),10),11),12))); -7703.8 -1.29017 79.8345 38.9708 -7745.96 1292
(1,2,((3,((4,5),6)),(((((7,8),9),10),12),11))); -7687.3 -1.52008 82.2069 39.1029 -7731.93 1298
(1,2,(((3,(4,5)),6),(((((7,8),9),10),11),12))); -7709.43 -3.93522 77.0706 38.4727 -7751.96 1297
(1,2,((3,((4,5),6)),(((((7,8),9),10),12),11))); -7686.07 -1.52008 81.9351 39.0643 -7730.46 1298
(1,2,((3,((4,5),6)),((((7,8),9),10),(11,12)))); -7694.11 -1.45535 78.789 39.0533 -7735.3 1293
(1,2,((3,((4,5),6)),(((((7,8),9),10),12),11))); -7689.76 -1.52008 77.6595 38.6859 -7730.26 1298
(1,2,((3,((4,5),6)),((((7,8),9),10),(11,12)))); -7693.55 -1.45535 81.5553 38.9257 -7737.64 1293
(1,2,(((3,(4,5)),6),(((((7,8),9),10),12),11))); -7699.03 -4.16513 76.1272 38.946 -7740.37 1299
(1,2,((3,((4,5),6)),(((((7,8),9),10),11),12))); -7697.43 -1.29017 85.3661 39.0874 -7745 1292
(1,2,((3,((4,5),6)),(((((7,8),9),10),11),12))); -7698.44 -1.29017 83.8578 39.4208 -7744.17 1292
(1,2,((3,((4,5),6)),(((((7,8),9),10),12),11))); -7693.03 -1.52008 75.768 38.6556 -7731.66 1298
(1,2,((3,((4,5),6)),((((7,8),9),10),(11,12)))); -7697.08 -1.45535 79.8789 39.4925 -7738.92 1293
(1,2,((3,((4,5),6)),(((((7,8),9),10),11),12))); -7703.06 -1.29017 77.1803 39.0379 -7742.49 1292
(1,2,((3,((4,5),6)),(((((7,8),9),10),11),12))); -7700.32 -1.29017 80.869 39.079 -7743.4 1292
(1,2,((3,((4,5),6)),(((((7,8),9),10),11),12))); -7707.09 -1.29017 74.682 39.4155 -7743.65 1292
(1,(2,((((7,8),9),10),(11,12))),(3,((4,5),6))); -7692.99 -3.36157 77.7617 38.9823 -7735.13 1284
(1,2,((3,((4,5),6)),(((((7,8),9),10),11),12))); -7698.6 -1.29017 80.7268 38.7446 -7741.87 1292
(1,2,((3,((4,5),6)),((((7,8),9),10),(11,12)))); -7690.69 -1.45535 83.4428 39.0821 -7736.51 1293
(1,2,((3,((4,5),6)),(((((7,8),9),10),11),12))); -7706.88 -1.29017 74.3486 38.9235 -7743.59 1292
(1,(2,((((7,8),9),10),(11,12))),(3,((4,5),6))); -7690.07 -3.36157 79.3682 39.1141 -7733.68 1284
(1,2,((3,((4,5),6)),(((((7,8),9),10),11),12))); -7698.66 -1.29017 82.8652 39.2601 -7743.55 1292
(1,(2,(((((7,8),9),10),11),12)),(3,((4,5),6))); -7700.34 -3.19639 80.1441 38.9808 -7744.7 1288
(1,2,((3,((4,5),6)),(((((7,8),9),10),12),11))); -7693.46 -1.52008 75.745 38.7454 -7731.98 1298
(1,2,((3,((4,5),6)),(((((7,8),9),10),11),12))); -7696.98 -1.29017 83.1353 38.688 -7742.71 1292
(1,2,((3,((4,6),5)),(((((7,8),9),10),11),12))); -7716.09 -6.86185 81.569 39.2577 -7765.27 1301
(1,2,((3,(4,(5,6))),(((((7,8),9),10),11),12))); -7717.51 -6.71667 81.4175 38.8658 -7766.77 1302
(1,2,((3,((4,5),6)),(((((7,8),9),10),12),11))); -7689.05 -1.52008 80.3563 39.6352 -7731.29 1298
(1,2,((3,((4,5),6)),(((((7,8),9),10),11),12))); -7699.49 -1.29017 81.9722 38.8652 -7743.88 1292
(1,2,(((3,6),(4,5)),(((((7,8),9),10),12),11))); -7690.9 -3.7491 77.4014 38.7066 -7733.34 1298
(1,2,((3,((4,5),6)),(((((7,8),9),10),12),11))); -7689.85 -1.52008 75.3687 38.2997 -7728.44 1298
(1,2,((3,((4,5),6)),(((((7,8),9),10),11),12))); -7695.7 -1.29017 86.5965 39.0586 -7744.53 1292
(1,2,((3,((4,5),6)),((((7,8),9),10),(11,12)))); -7691.81 -1.45535 82.6515 38.909 -7737.01 1293
(1,2,((3,((4,5),6)),((((7,8),9),10),(11,12)))); -7691.72 -1.45535 82.0904 38.876 -7736.39 1293
(1,2,((3,((4,5),6)),((((7,8),9),10),(11,12)))); -7693.34 -1.45535 80.1413 38.8306 -7736.1 1293
(1,2,((3,((4,5),6)),(((((7,8),9),10),12),11))); -7686.59 -1.52008 80.5515 39.1177 -7729.54 1298
(1,(2,((((7,8),9),10),(11,12))),(3,((4,5),6))); -7686.97 -3.36157 82.6805 38.7464 -7734.27 1284
(1,2,((3,((4,5),6)),((((7,8),9),10),(11,12)))); -7693.31 -1.45535 81.2533 38.968 -7737.05 1293
(1,2,(((3,(4,5)),6),((((7,8),9),10),(11,12)))); -7701.73 -4.10041 78.7242 39.3106 -7745.24 1293
(1,2,((3,((4,5),6)),((((7,8),9),10),(11,12)))); -7697.31 -1.45535 78.9876 39.2321 -7738.52 1293
(1,2,((3,((4,5),6)),((((7,8),9),10),(11,12)))); -7691.41 -1.45535 83.1898 38.9567 -7737.1 1293
(1,2,((3,((4,5),6)),((((7,8),9),10),(11,12)))); -7698.28 -1.45535 73.4039 38.5536 -7734.59 1293
(1,2,((3,((4,5),6)),((((7,8),9),10),(11,12)))); -7694.49 -1.45535 78.3014 39.2178 -7735.03 1293
(1,2,((3,((4,5),6)),(((((7,8),9),10),11),12))); -7702.21 -1.29017 79.0662 38.9253 -7743.64 1292
(1,2,((3,((4,5),6)),(((((7,8),9),10),11),12))); -7704.93 -1.29017 76.1039 39.2725 -7743.05 1292
(1,2,((3,((4,5),6)),(((((7,8),9),10),12),11))); -7683.63 -1.52008 83.8213 38.9364 -7730.04 1298
(1,(2,(((((7,8),9),10),11),12)),(3,((4,5),6))); -7696.17 -3.19639 84.3238 39.1139 -7744.57 1288
(1,2,((3,((4,5),6)),(((((7,8),9),10),11),12))); -7702.33 -1.29017 79.8237 39.0751 -7744.36 1292
(1,2,((3,((4,5),6)),(((((7,8),9),10),12),11))); -7687.22 -1.52008 81.9464 39.4633 -7731.22 1298
(1,2,((3,((4,5),6)),(((((7,8),9),10),11),12))); -7696.82 -1.29017 85.4732 39.2405 -7744.34 1292
(1,2,((3,((4,5),6)),(((((7,8),9),10),12),11))); -7686.71 -1.52008 82.7814 39.4318 -7731.58 1298
(1,2,((3,((4,5),6)),(((((7,8),9),10),11),12))); -7702.53 -1.29017 79.0989 38.8104 -7744.11 1292
(1,(2,((((7,8),9),10),(11,12))),((3,6),(4,5))); -7696.12 -5.59059 79.3808 39.4059 -7741.68 1288
(1,2,((3,((4,5),6)),((((7,8),9),10),(11,12)))); -7695.54 -1.45535 79.0203 38.6171 -7737.39 1293
(1,2,((3,((4,5),6)),(((((7,8),9),10),12),11))); -7690.84 -1.52008 76.8144 39.4367 -7729.74 1298
(1,2,((3,((4,5),6)),(((((7,8),9),10),12),11))); -7690.77 -1.52008 77.7383 39.5706 -7730.46 1298
(1,2,((3,((4,5),6)),(((((7,8),9),10),11),12))); -7700.48 -1.29017 80.84 39.1669 -7743.45 1292
(1,2,((3,((4,5),6)),((((7,8),9),10),(11,12)))); -7690.52 -1.45535 83.9158 39.2946 -7736.59 1293
(1,(2,((((7,8),9),10),(11,12))),(3,((4,5),6))); -7696.38 -3.36157 76.0547 39.5566 -7736.24 1284
(1,2,(((3,(4,5)),6),(((((7,8),9),10),11),12))); -7710.23 -3.93522 80.3738 38.9914 -7755.55 1297
(1,(2,((((7,8),9),10),(11,12))),(3,((4,5),6))); -7689.61 -3.36157 81.5768 39.3147 -7735.23 1284
(1,2,(((3,6),(4,5)),(((((7,8),9),10),11),12))); -7703.88 -3.51919 79.7425 38.9996 -7748.14 1294
(1,2,((3,((4,5),6)),(((((7,8),9),10),11),12))); -7705.25 -1.29017 76.3535 39.1828 -7743.71 1292
(1,(2,((((7,8),9),10),(11,12))),(3,((4,5),6))); -7691.07 -3.36157 77.5435 38.3637 -7733.61 1284
(1,2,((3,((4,5),6)),((((7,8),9),10),(11,12)))); -7692.57 -1.45535 82.8299 39.2227 -7737.63 1293
(1,(2,(((((7,8),9),10),11),12)),(3,((4,5),6))); -7700.66 -3.19639 78.7922 38.8694 -7743.78 1288
(1,2,((3,((4,5),6)),(((((7,8),9),10),11),12))); -7699.11 -1.29017 80.9772 38.5799 -7742.8 1292
(1,2,(((3,6),(4,5)),(((((7,8),9),10),12),11))); -7687.58 -3.7491 82.9639 39.4234 -7734.87 1298
(1,(2,((((7,8),9),10),(11,12))),(3,((4,5),6))); -7688.28 -3.36157 81.8059 39.455 -7733.99 1284
(1,2,((3,((4,5),6)),(((((7,8),9),10),12),11))); -7687.74 -1.52008 78.7645 38.9022 -7729.13 1298
(1,(2,((((7,8),9),10),(11,12))),(3,((4,5),6))); -7690.31 -3.36157 79.7073 39.0448 -7734.33 1284
(1,2,((3,((4,5),6)),((((7,8),9),10),(11,12)))); -7692.32 -1.45535 83.3104 39.2625 -7737.83 1293
(1,2,((3,((4,5),6)),(((((7,8),9),10),11),12))); -7700.62 -1.29017 82.7607 38.9476 -7745.72 1292
(1,2,((3,((4,5),6)),((((7,8),9),10),(11,12)))); -7693.18 -1.45535 80.4274 38.9787 -7736.08 1293
(1,(2,(((((7,8),9),10),12),11)),(3,((4,5),6))); -7692.01 -3.4263 72.4343 38.4955 -7729.37 1289
(1,2,((3,((4,5),6)),(((((7,8),9),10),12),11))); -7688.92 -1.52008 79.2938 39.0271 -7730.7 1298
(1,(2,(((((7,8),9),10),11),12)),(3,((4,5),6))); -7697.19 -3.19639 84.1565 39.1945 -7745.35 1288
(1,2,((3,((4,5),6)),(((((7,8),9),10),12),11))); -7685.59 -1.52008 80.6887 38.891 -7728.9 1298
(1,2,((3,((4,5),6)),((((7,8),9),10),(11,12)))); -7696.53 -1.45535 76.3494 38.7712 -7735.56 1293
(1,2,((3,((4,5),6)),((((7,8),9),10),(11,12)))); -7696.93 -1.45535 78.8941 39.3187 -7737.96 1293
(1,2,((3,((4,5),6)),(((((7,8),9),10),12),11))); -7687.91 -1.52008 79.262 38.7464 -7729.95 1298
(1,2,((3,((4,5),6)),(((((7,8),9),10),11),12))); -7695.46 -1.29017 85.8074 39.3131 -7743.25 1292
(1,2,((3,((4,5),6)),(((((7,8),9),10),11),12))); -7703.42 -1.29017 78.5406 38.8294 -7744.43 1292
(1,2,((3,((4,5),6)),(((((7,8),9),10),11),12))); -7698.86 -1.29017 82.1796 38.9609 -7743.37 1292
(1,2,((3,((4,5),6)),(((((7,8),9),10),11),12))); -7704.55 -1.29017 76.4449 39.0702 -7743.21 1292
(1,2,((3,((4,5),6)),((((7,8),9),10),(11,12)))); -7698.98 -1.45535 75.3318 38.672 -7737.1 1293
(1,2,((3,((4,5),6)),((((7,8),9),10),(11,12)))); -7699.17 -1.45535 75.5019 39.4291 -7736.7 1293
(1,2,((3,((4,5),6)),(((((7,8),9),10),12),11))); -7686.3 -1.52008 83.1142 38.935 -7732 1298
(1,2,((3,((4,5),6)),(((((7,8),9),10),11),12))); -7696.86 -1.29017 83.6942 38.8641 -7742.98 1292
(1,2,((3,((4,5),6)),((((7,8),9),10),(11,12)))); -7700.67 -1.45535 72.2796 38.491 -7735.92 1293
(1,2,(((3,(4,5)),6),((((7,8),9),10),(11,12)))); -7705.34 -4.10041 75.1269 39.201 -7745.36 1293
(1,2,((3,((4,5),6)),(((((7,8),9),10),12),11))); -7685.12 -1.52008 82.6657 39.3042 -7730 1298
(1,2,((3,((4,5),6)),(((((7,8),9),10),11),12))); -7704.38 -1.29017 77.7731 38.9498 -7744.5 1292
(1,2,((3,((4,5),6)),(((((7,8),9),10),12),11))); -7688.14 -1.52008 80.981 39.5259 -7731.11 1298
(1,2,(((3,6),(4,5)),(((((7,8),9),10),11),12))); -7702.79 -3.51919 81.6089 39.0704 -7748.85 1294
(1,2,((3,((4,5),6)),((((7,8),9),10),(11,12)))); -7694.53 -1.45535 79.1904 38.7156 -7736.46 1293
(1,2,((3,((4,5),6)),((((7,8),9),10),(11,12)))); -7697.9 -1.45535 75.0932 39.0857 -7735.36 1293
(1,2,((3,((4,6),5)),(((((7,8),9),10),12),11))); -7703.52 -7.09176 80.9098 39.2487 -7752.27 1304
(1,2,((3,((4,5),6)),(((((7,8),9),10),11),12))); -7702.52 -1.29017 79.1711 39.5029 -7743.48 1292
(1,(2,(((((7,8),9),10),11),12)),(3,((4,5),6))); -7702.02 -3.19639 80.2373 38.981 -7746.48 1288
(1,2,((3,((4,5),6)),((((7,8),9),10),(11,12)))); -7695.33 -1.45535 78.0845 39.0616 -7735.81 1293
(1,2,(((3,6),(4,5)),((((7,8),9),10),(11,12)))); -7696.44 -3.68437 80.3845 39.1471 -7741.36 1295
(1,2,((3,((4,5),6)),(((((7,8),9),10),12),11))); -7684.98 -1.52008 81.7803 39.1748 -7729.11 1298
(1,2,(((3,6),(4,5)),(((((7,8),9),10),11),12))); -7707.01 -3.51919 75.7494 39.4954 -7746.78 1294
(1,2,((3,((4,5),6)),((((7,8),9),10),(11,12)))); -7693.32 -1.45535 79.3636 38.8783 -7735.26 1293
(1,2,((3,((4,5),6)),(((((7,8),9),10),11),12))); -7702.31 -1.29017 78.9085 38.9839 -7743.53 1292
(1,2,((3,((4,5),6)),(((((7,8),9),10),12),11))); -7686.83 -1.52008 80.4688 38.9583 -7729.86 1298
(1,2,((3,((4,5),6)),((((7,8),9),10),(11,12)))); -7694.87 -1.45535 79.1402 39.3868 -7736.07 1293
(1,2,((3,((4,5),6)),(((((7,8),9),10),12),11))); -7689.94 -1.52008 81.2558 39.4603 -7733.26 1298
(1,2,((3,((4,5),6)),(((((7,8),9),10),11),12))); -7699.62 -1.29017 82.3362 38.8674 -7744.38 1292
(1,2,(((3,6),(4,5)),(((((7,8),9),10),12),11))); -7689.32 -3.7491 80.294 38.7863 -7734.57 1298
(1,2,((3,((4,5),6)),(((((7,8),9),10),11),12))); -7708.6 -1.29017 72.6554 39.1139 -7743.43 1292
(1,2,((3,((4,5),6)),(((((7,8),9),10),11),12))); -7698.38 -1.29017 83.1932 39.1736 -7743.69 1292
(1,2,(((3,6),(4,5)),(((((7,8),9),10),11),12))); -7708.1 -3.51919 76.3217 38.8373 -7749.1 1294
(1,2,((3,((4,5),6)),((((7,8),9),10),(11,12)))); -7692.2 -1.45535 81.8321 39.0032 -7736.49 1293
(1,2,(((3,6),(4,5)),(((((7,8),9),10),11),12))); -7703.35 -3.51919 80.5703 39.532 -7747.91 1294
(1,(2,(((((7,8),9),10),12),11)),(3,(4,(5,6)))); -7711.92 -8.8528 71.4335 39.0816 -7753.12 1300
(1,2,((3,((4,5),6)),(((((7,8),9),10),12),11))); -7684.72 -1.52008 84.7113 39.3924 -7731.56 1298
(1,2,((3,((4,5),6)),(((((7,8),9),10),12),11))); -7684.02 -1.52008 82.6407 38.8319 -7729.35 1298
(1,2,((3,((4,5),6)),(((((7,8),9),10),11),12))); -7696.34 -1.29017 83.2036 38.6996 -7742.13 1292
(1,2,((3,((4,5),6)),(((((7,8),9),10),11),12))); -7704.51 -1.29017 74.3366 38.7475 -7741.39 1292
(1,2,((3,((4,5),6)),(((((7,8),9),10),11),12))); -7703.06 -1.29017 79.472 39.0265 -7744.79 1292
(1,(2,(((((7,8),9),10),11),12)),(3,((4,5),6))); -7699.66 -3.19639 80.6392 38.8441 -7744.65 1288
(1,2,((3,((4,5),6)),(((((7,8),9),10),11),12))); -7701.83 -1.29017 78.7829 39.1434 -7742.76 1292
(1,2,((3,((4,5),6)),(((((7,8),9),10),11),12))); -7700.53 -1.29017 79.6945 38.8269 -7742.68 1292
(1,2,((3,((4,5),6)),(((((7,8),9),10),12),11))); -7690.49 -1.52008 77.7494 39.1808 -7730.58 1298
(1,2,(((3,(4,5)),6),(((((7,8),9),10),12),11))); -7693.46 -4.16513 80.6409 38.6503 -7739.61 1299
(1,2,((3,((4,5),6)),(((((7,8),9),10),11),12))); -7698.87 -1.29017 81.8321 38.854 -7743.14 1292
(1,2,((3,((4,5),6)),(((((7,8),9),10),12),11))); -7690.12 -1.52008 79.4603 39.0186 -7732.09 1298
(1,2,((3,((4,5),6)),(((((7,8),9),10),11),12))); -7700.84 -1.29017 81.2562 39.1142 -7744.27 1292
(1,2,((3,((4,5),6)),((((7,8),9),10),(11,12)))); -7697.27 -1.45535 75.3322 38.3487 -7735.71 1293
(1,2,((3,((4,5),6)),((((7,8),9),10),(11,12)))); -7695.34 -1.45535 77.8793 39.1537 -7735.52 1293
(1,2,((3,((4,5),6)),(((((7,8),9),10),11),12))); -7698.21 -1.29017 81.6036 38.7378 -7742.36 1292
(1,2,((3,((4,5),6)),(((((7,8),9),10),12),11))); -7688.19 -1.52008 79.4244 39.4123 -7729.72 1298
(1,2,((3,((4,5),6)),(((((7,8),9),10),12),11))); -7686.74 -1.52008 82.5081 39.5239 -7731.24 1298
(1,2,((3,((4,5),6)),(((((7,8),9),10),12),11))); -7690.21 -1.52008 78.3175 38.8836 -7731.17 1298
(1,2,((3,((4,5),6)),(((((7,8),9),10),11),12))); -7698.6 -1.29017 83.143 38.7486 -7744.28 1292
(1,2,(((3,6),(4,5)),((((7,8),9),10),(11,12)))); -7699.07 -3.68437 76.6269 38.8694 -7740.52 1295
(1,2,(((3,6),(4,5)),((((7,8),9),10),(11,12)))); -7699.25 -3.68437 77.9881 39.0303 -7741.89 1295
(1,2,((3,((4,5),6)),(((((7,8),9),10),12),11))); -7688.27 -1.52008 80.1751 39.1529 -7730.81 1298
(1,2,(((3,6),(4,5)),(((((7,8),9),10),11),12))); -7706.88 -3.51919 74.5038 38.367 -7746.54 1294
(1,2,(((3,6),(4,5)),(((((7,8),9),10),11),12))); -7699.19 -3.51919 84.8332 39.0585 -7748.49 1294
(1,2,((3,((4,5),6)),(((((7,8),9),10),11),12))); -7704.72 -1.29017 78.0492 38.9557 -7745.1 1292
(1,2,((3,((4,5),6)),(((((7,8),9),10),11),12))); -7702.3 -1.29017 79.5192 39.1349 -7743.98 1292
(1,2,((3,((4,5),6)),(((((7,8),9),10),11),12))); -7697.89 -1.29017 83.2661 38.779 -7743.67 1292
(1,2,((3,((4,5),6)),((((7,8),9),10),(11,12)))); -7698.21 -1.45535 74.6406 38.9354 -7735.37 1293
(1,2,((3,((4,5),6)),(((((7,8),9),10),11),12))); -7701.71 -1.29017 79.0749 39.1224 -7742.95 1292
(1,2,((3,((4,5),6)),(((((7,8),9),10),12),11))); -7686.86 -1.52008 79.8883 39.0926 -7729.18 1298
(1,2,((3,((4,5),6)),((((7,8),9),10),(11,12)))); -7693.35 -1.45535 80.6949 39.525 -7735.97 1293
(1,(2,(((((7,8),9),10),12),11)),(3,((4,5),6))); -7690.45 -3.4263 76.7745 39.4145 -7731.24 1289
(1,2,((3,((4,5),6)),(((((7,8),9),10),12),11))); -7685.15 -1.52008 83.6705 38.8551 -7731.48 1298
(1,2,(((3,(4,5)),6),(((((7,8),9),10),12),11))); -7703.86 -4.16513 73.4024 39.2876 -7742.14 1299
(1,2,(((3,6),(4,5)),(((((7,8),9),10),12),11))); -7692.01 -3.7491 79.3365 39.1308 -7735.97 1298
(1,2,(((3,6),(4,5)),((((7,8),9),10),(11,12)))); -7699.2 -3.68437 76.536 38.776 -7740.65 1295
(1,2,(((3,(4,5)),6),(((((7,8),9),10),12),11))); -7696.78 -4.16513 78.2287 39.2776 -7739.9 1299
(1,2,((3,((4,5),6)),(((((7,8),9),10),11),12))); -7698.44 -1.29017 82.7265 38.9212 -7743.54 1292
(1,2,(((3,6),(4,5)),(((((7,8),9),10),12),11))); -7693.67 -3.7491 75.7546 39.0898 -7734.08 1298
(1,2,((3,((4,5),6)),(((((7,8),9),10),11),12))); -7706.78 -1.29017 75.2023 38.9837 -7744.28 1292
(1,2,((3,((4,5),6)),((((7,8),9),10),(11,12)))); -7696.47 -1.45535 78.7395 39.3929 -7737.27 1293
(1,2,((3,((4,5),6)),(((((7,8),9),10),11),12))); -7710.21 -1.29017 70.2879 38.8212 -7742.97 1292
(1,2,((3,((4,5),6)),(((((7,8),9),10),12),11))); -7688.39 -1.52008 78.8096 38.7557 -7729.96 1298
(1,2,((3,((4,5),6)),(((((7,8),9),10),12),11))); -7688.65 -1.52008 80.9183 39.1613 -7731.93 1298
(1,2,((3,((4,5),6)),(((((7,8),9),10),11),12))); -7700.61 -1.29017 81.4143 39.0167 -7744.29 1292
(1,2,((3,((4,5),6)),(((((7,8),9),10),12),11))); -7687.03 -1.52008 79.3591 38.5191 -7729.39 1298
(1,2,((3,((4,5),6)),(((((7,8),9),10),12),11))); -7686.99 -1.52008 82.9411 39.2469 -7732.21 1298
(1,2,((3,((4,5),6)),(((((7,8),9),10),12),11))); -7694.09 -1.52008 75.4541 39.2525 -7731.81 1298
(1,2,((3,((4,5),6)),(((((7,8),9),10),11),12))); -7697.79 -1.29017 82.8839 39.0555 -7742.91 1292
(1,2,((3,((4,5),6)),(((((7,8),9),10),11),12))); -7704.19 -1.29017 78.9173 39.2961 -7745.1 1292
(1,2,((3,((4,5),6)),(((((7,8),9),10),11),12))); -7700.34 -1.29017 80.3058 38.8975 -7743.04 1292
(1,2,((3,((4,5),6)),(((((7,8),9),10),12),11))); -7686.23 -1.52008 80.5162 38.7886 -7729.48 1298
(1,2,((3,((4,5),6)),(((((7,8),9),10),11),12))); -7706.48 -1.29017 75.11 38.6757 -7744.2 1292
(1,2,((3,((4,5),6)),(((((7,8),9),10),11),12))); -7701.29 -1.29017 81.1219 39.088 -7744.62 1292
(1,2,((3,((4,5),6)),((((7,8),9),10),(11,12)))); -7693.25 -1.45535 81.9808 39.0979 -7737.58 1293
(1,2,((3,((4,5),6)),((((7,8),9),10),(11,12)))); -7692.86 -1.45535 81.0903 38.656 -7736.75 1293
(1,2,((3,(4,(5,6))),(((((7,8),9),10),11),12))); -7716.15 -6.71667 82.3565 38.8242 -7766.4 1302
(1,2,((3,((4,5),6)),(((((7,8),9),10),11),12))); -7703.29 -1.29017 77.9509 39.0029 -7743.53 1292
(1,2,((3,((4,5),6)),((((7,8),9),10),(11,12)))); -7693.16 -1.45535 80.6063 39.2906 -7735.94 1293
(1,2,((3,((4,5),6)),((((7,8),9),10),(11,12)))); -7689.67 -1.45535 82.6595 38.759 -7735.03 1293
(1,2,((3,((4,5),6)),(((((7,8),9),10),11),12))); -7706.1 -1.29017 74.4031 38.8881 -7742.91 1292
(1,2,(((3,6),(4,5)),((((7,8),9),10),(11,12)))); -7699.45 -3.68437 75.8352 39.089 -7739.88 1295
(1,2,((3,((4,5),6)),(((((7,8),9),10),11),12))); -7703.06 -1.29017 77.5925 39.3045 -7742.64 1292
(1,2,((3,((4,5),6)),(((((7,8),9),10),11),12))); -7696.71 -1.29017 83.5739 38.8146 -7742.76 1292
(1,2,((3,((4,5),6)),(((((7,8),9),10),11),12))); -7706.92 -1.29017 75.6731 38.5882 -7745.29 1292
(1,2,(((3,6),(4,5)),(((((7,8),9),10),11),12))); -7702.88 -3.51919 79.4968 38.6949 -7747.2 1294
(1,2,((3,((4,5),6)),((((7,8),9),10),(11,12)))); -7689.53 -1.45535 85.9076 39.2061 -7737.69 1293
(1,2,((3,((4,5),6)),((((7,8),9),10),(11,12)))); -7692.62 -1.45535 83.3761 39.5643 -7737.89 1293
(1,2,(((3,6),(4,5)),((((7,8),9),10),(11,12)))); -7700.57 -3.68437 74.9011 38.9419 -7740.21 1295
(1,2,((3,((4,5),6)),((((7,8),9),10),(11,12)))); -7693.38 -1.45535 80.3548 38.9017 -7736.29 1293
(1,(2,((((7,8),9),10),(11,12))),((3,6),(4,5))); -7695.24 -5.59059 78.6072 39.4248 -7740.01 1288
(1,2,((3,((4,5),6)),((((7,8),9),10),(11,12)))); -7692.44 -1.45535 80.2093 38.5839 -7735.52 1293
(1,2,((3,((4,5),6)),(((((7,8),9),10),12),11))); -7691.75 -1.52008 74.4885 38.8933 -7728.87 1298
(1,2,((3,((4,5),6)),(((((7,8),9),10),11),12))); -7698.71 -1.29017 83.0102 39.115 -7743.9 1292
(1,2,((3,((4,5),6)),((((7,8),9),10),(11,12)))); -7699.31 -1.45535 75.0117 38.8863 -7736.89 1293
(1,2,((3,((4,5),6)),(((((7,8),9),10),11),12))); -7695.2 -1.29017 85.1657 39.162 -7742.49 1292
(1,2,((3,((4,5),6)),(((((7,8),9),10),12),11))); -7687.77 -1.52008 79.1157 39.163 -7729.24 1298
(1,2,((3,((4,5),6)),((((7,8),9),10),(11,12)))); -7690.25 -1.45535 85.3157 39.2757 -7737.74 1293
(1,(2,(((((7,8),9),10),12),11)),(3,((4,5),6))); -7687.48 -3.4263 79.5286 38.9019 -7731.53 1289
(1,2,(((3,(4,5)),6),((((7,8),9),10),(11,12)))); -7700.73 -4.10041 79.7213 38.8231 -7745.73 1293
(1,2,((3,((4,5),6)),(((((7,8),9),10),12),11))); -7686.46 -1.52008 82.6115 39.2951 -7731.29 1298
(1,2,((3,((4,5),6)),((((7,8),9),10),(11,12)))); -7694.54 -1.45535 79.9142 38.9804 -7736.93 1293
(1,2,((3,((4,5),6)),(((((7,8),9),10),11),12))); -7704.36 -1.29017 76.2931 39.3435 -7742.6 1292
(1,2,((3,((4,5),6)),((((7,8),9),10),(11,12)))); -7695.93 -1.45535 79.963 39.4168 -7737.93 1293
(1,2,((3,((4,5),6)),(((((7,8),9),10),12),11))); -7692.73 -1.52008 75.1487 39.0386 -7730.36 1298
(1,2,((3,((4,5),6)),(((((7,8),9),10),11),12))); -7710.28 -1.29017 70.1168 39.1409 -7742.55 1292
(1,2,((3,((4,5),6)),((((7,8),9),10),(11,12)))); -7698 -1.45535 78.8079 39.5499 -7738.71 1293
(1,(2,(((((7,8),9),10),12),11)),(3,((4,5),6))); -7682.29 -3.4263 84.3424 39.2021 -7730.86 1289
(1,2,(((3,6),(4,5)),(((((7,8),9),10),11),12))); -7704.65 -3.51919 80.1056 38.81 -7749.47 1294
(1,2,((3,((4,5),6)),((((7,8),9),10),(11,12)))); -7697.7 -1.45535 77.1018 39.4581 -7736.8 1293
(1,2,((3,((4,5),6)),(((((7,8),9),10),11),12))); -7697.64 -1.29017 84.0075 39.2336 -7743.7 1292
(1,2,((3,((4,5),6)),((((7,8),9),10),(11,12)))); -7690.26 -1.45535 82.1164 38.8454 -7734.99 1293
(1,2,(((3,6),(4,5)),(((((7,8),9),10),11),12))); -7701.2 -3.51919 82.6468 38.9932 -7748.37 1294
(1,2,((3,((4,5),6)),((((7,8),9),10),(11,12)))); -7693.52 -1.45535 79.773 39.3117 -7735.44 1293
(1,2,((3,((4,5),6)),((((7,8),9),10),(11,12)))); -7696.76 -1.45535 79.0851 39.6951 -7737.6 1293
(1,2,((3,((4,5),6)),((((7,8),9),10),(11,12)))); -7700.69 -1.45535 74.1753 38.6386 -7737.68 1293
(1,2,((3,((4,5),6)),(((((7,8),9),10),11),12))); -7698.74 -1.29017 81.9007 39.0754 -7742.86 1292
(1,(2,((((7,8),9),10),(11,12))),((3,6),(4,5))); -7691.34 -5.59059 82.5326 39.39 -7740.07 1288
(1,2,((3,((4,5),6)),((((7,8),9),10),(11,12)))); -7698.65 -1.45535 73.6962 39.1237 -7734.67 1293
(1,2,((3,((4,5),6)),(((((7,8),9),10),11),12))); -7703.77 -1.29017 76.7727 38.4864 -7743.34 1292
(1,(2,(((((7,8),9),10),12),11)),((3,(4,5)),6)); -7691.49 -6.07135 84.4602 39.3181 -7742.7 1294
(1,2,((3,((4,5),6)),(((((7,8),9),10),12),11))); -7689.78 -1.52008 79.9107 39.2422 -7731.97 1298
(1,2,((3,((4,5),6)),(((((7,8),9),10),11),12))); -7700.75 -1.29017 80.4993 38.8871 -7743.65 1292
(1,(2,((((7,8),9),10),(11,12))),(3,(4,(5,6)))); -7706.43 -8.78807 80.2727 39.0914 -7756.4 1296
(1,2,((3,((4,5),6)),((((7,8),9),10),(11,12)))); -7695.18 -1.45535 79.0077 39.2211 -7736.42 1293
(1,2,((3,((4,5),6)),(((((7,8),9),10),11),12))); -7701.72 -1.29017 78.1214 38.9481 -7742.19 1292
(1,2,((3,((4,5),6)),(((((7,8),9),10),11),12))); -7697.89 -1.29017 83.0915 38.912 -7743.35 1292
(1,2,((3,((4,5),6)),(((((7,8),9),10),12),11))); -7695.22 -1.52008 72.649 38.987 -7730.4 1298
(1,2,((3,((4,5),6)),(((((7,8),9),10),12),11))); -7689.36 -1.52008 79.0391 38.8884 -7731.03 1298
(1,2,((3,((4,5),6)),((((7,8),9),10),(11,12)))); -7694.03 -1.45535 78.8501 39.2233 -7735.11 1293
(1,2,((3,((4,5),6)),(((((7,8),9),10),11),12))); -7700.57 -1.29017 80.713 39.1998 -7743.37 1292
(1,2,((3,((4,5),6)),(((((7,8),9),10),11),12))); -7701.49 -1.29017 78.6704 38.6843 -7742.77 1292
(1,2,((3,((4,5),6)),(((((7,8),9),10),11),12))); -7703.66 -1.29017 79.1841 38.7485 -7745.39 1292
(1,2,((3,((4,5),6)),(((((7,8),9),10),11),12))); -7700.6 -1.29017 81.3488 39.1896 -7744.05 1292
(1,2,((3,((4,5),6)),((((7,8),9),10),(11,12)))); -7694.68 -1.45535 78.3748 39.2178 -7735.29 1293
(1,2,((3,((4,5),6)),(((((7,8),9),10),11),12))); -7700.93 -1.29017 78.6576 38.7184 -7742.16 1292
(1,2,((3,((4,5),6)),((((7,8),9),10),(11,12)))); -7693.35 -1.45535 81.4779 39.3483 -7736.93 1293
(1,2,((3,((4,5),6)),(((((7,8),9),10),11),12))); -7698.58 -1.29017 83.2892 39.3558 -7743.8 1292
(1,2,((3,((4,5),6)),(((((7,8),9),10),12),11))); -7689.92 -1.52008 77.4008 38.6537 -7730.19 1298
(1,2,((3,((4,5),6)),((((7,8),9),10),(11,12)))); -7694.39 -1.45535 80.1505 39.0198 -7736.98 1293
(1,2,((3,((4,5),6)),(((((7,8),9),10),11),12))); -7699.48 -1.29017 82.6708 39.1078 -7744.33 1292
(1,(2,(((((7,8),9),10),12),11)),(3,((4,5),6))); -7687.14 -3.4263 79.9794 39.0368 -7731.51 1289
(1,2,(((3,(4,5)),6),(((((7,8),9),10),12),11))); -7692.29 -4.16513 84.8809 39.0247 -7742.31 1299
(1,2,((3,((4,5),6)),(((((7,8),9),10),11),12))); -7699.47 -1.29017 82.7575 39.0311 -7744.49 1292
(1,2,(((3,6),(4,5)),(((((7,8),9),10),12),11))); -7691.09 -3.7491 79.4902 38.8556 -7735.48 1298
(1,2,(((3,(4,5)),6),(((((7,8),9),10),11),12))); -7708.42 -3.93522 78.9069 38.861 -7752.4 1297
(1,2,((3,((4,5),6)),(((((7,8),9),10),11),12))); -7703.24 -1.29017 76.4263 38.7781 -7742.18 1292
(1,(2,(((((7,8),9),10),12),11)),((3,(4,5)),6)); -7698.88 -6.07135 75.3898 39.0411 -7741.3 1294
(1,2,(((3,(4,5)),6),(((((7,8),9),10),12),11))); -7692.53 -4.16513 81.9539 38.5981 -7740.05 1299
(1,2,(((3,6),(4,5)),(((((7,8),9),10),11),12))); -7697.33 -3.51919 86.2074 38.8473 -7748.21 1294
(1,(2,(((((7,8),9),10),11),12)),((3,6),(4,5))); -7710.07 -5.42541 72.5516 38.8599 -7749.19 1291
(1,2,((3,((4,5),6)),(((((7,8),9),10),11),12))); -7696.95 -1.29017 85.0394 38.9219 -7744.36 1292
(1,2,((3,((4,5),6)),(((((7,8),9),10),12),11))); -7689.18 -1.52008 80.6071 39.5613 -7731.75 1298
(1,2,((3,((4,5),6)),(((((7,8),9),10),11),12))); -7702.24 -1.29017 77.4492 38.6524 -7742.33 1292
(1,2,((3,((4,5),6)),(((((7,8),9),10),12),11))); -7692.47 -1.52008 76.9833 39.0086 -7731.96 1298
(1,2,((3,((4,5),6)),((((7,8),9),10),(11,12)))); -7698.45 -1.45535 76.8753 38.7936 -7737.99 1293
(1,2,((3,((4,5),6)),((((7,8),9),10),(11,12)))); -7694.08 -1.45535 80.1967 39.438 -7736.3 1293
(1,2,((3,((4,5),6)),(((((7,8),9),10),12),11))); -7691.08 -1.52008 77.2758 39.0016 -7730.88 1298
(1,2,(((3,(4,5)),6),((((7,8),9),10),(11,12)))); -7701.33 -4.10041 78.5016 39.0382 -7744.89 1293
(1,2,(((3,(4,5)),6),(((((7,8),9),10),12),11))); -7695.63 -4.16513 81.7724 39.1353 -7742.43 1299
(1,2,((3,((4,5),6)),(((((7,8),9),10),11),12))); -7697.85 -1.29017 81.9086 38.8784 -7742.17 1292
(1,2,((3,((4,5),6)),(((((7,8),9),10),11),12))); -7701.52 -1.29017 78.4852 38.6575 -7742.64 1292
(1,2,(((3,6),(4,5)),(((((7,8),9),10),11),12))); -7702.14 -3.51919 80.4508 38.4787 -7747.63 1294
(1,(2,((((7,8),9),10),(11,12))),((3,6),(4,5))); -7690.45 -5.59059 82.6681 39.2276 -7739.48 1288
(1,2,((3,((4,5),6)),(((((7,8),9),10),12),11))); -7693.25 -1.52008 75.7818 39.3289 -7731.22 1298
(1,2,((3,((4,5),6)),((((7,8),9),10),(11,12)))); -7692.74 -1.45535 81.9408 39.4479 -7736.68 1293
(1,2,((3,((4,5),6)),((((7,8),9),10),(11,12)))); -7693.33 -1.45535 80.5668 39.2715 -7736.08 1293
(1,2,(((3,(4,5)),6),(((((7,8),9),10),12),11))); -7692.03 -4.16513 84.9783 39.0344 -7742.14 1299
(1,2,((3,((4,5),6)),(((((7,8),9),10),12),11))); -7686.85 -1.52008 80.9037 39.1478 -7730.13 1298
(1,2,((3,((4,5),6)),(((((7,8),9),10),11),12))); -7698.24 -1.29017 82.212 38.8875 -7742.85 1292
(1,(2,(((((7,8),9),10),12),11)),(3,((4,5),6))); -7687.22 -3.4263 79.2566 39.2999 -7730.6 1289
(1,2,((3,((4,5),6)),(((((7,8),9),10),12),11))); -7684.45 -1.52008 83.0298 39.1849 -7729.81 1298
(1,2,((3,((4,5),6)),((((7,8),9),10),(11,12)))); -7693.29 -1.45535 80.2989 39.1001 -7735.94 1293
(1,2,((3,((4,5),6)),(((((7,8),9),10),11),12))); -7701.49 -1.29017 77.6015 38.6389 -7741.75 1292
(1,2,((3,((4,5),6)),(((((7,8),9),10),11),12))); -7701.33 -1.29017 77.7152 38.7867 -7741.55 1292
(1,(2,((((7,8),9),10),(11,12))),((3,(4,5)),6)); -7695.25 -6.00663 84.9843 39.0722 -7747.17 1290
(1,2,((3,((4,5),6)),(((((7,8),9),10),12),11))); -7685.47 -1.52008 81.7476 38.7106 -7730.02 1298
(1,2,((3,((4,5),6)),(((((7,8),9),10),12),11))); -7683.58 -1.52008 84.9081 38.9664 -7731.04 1298
(1,2,(((3,(4,5)),6),(((((7,8),9),10),11),12))); -7706.58 -3.93522 81.8486 38.8655 -7753.5 1297
(1,2,((3,((4,5),6)),(((((7,8),9),10),11),12))); -7699.9 -1.29017 81.5628 38.8252 -7743.92 1292
(1,2,((3,((4,5),6)),((((7,8),9),10),(11,12)))); -7697.01 -1.45535 75.7773 38.5256 -7735.72 1293
(1,2,((3,((4,5),6)),(((((7,8),9),10),12),11))); -7686.31 -1.52008 82.8306 39.1072 -7731.55 1298
(1,2,((3,((4,5),6)),(((((7,8),9),10),11),12))); -7708.97 -1.29017 74.963 38.9188 -7746.31 1292
(1,2,((3,((((7,8),9),10),(11,12))),((4,5),6))); -7718.71 -7.13648 76.1575 39.2135 -7762.79 1298
(1,2,((3,((4,5),6)),((((7,8),9),10),(11,12)))); -7695.05 -1.45535 80.7896 39.0119 -7738.29 1293
(1,2,((3,((4,5),6)),(((((7,8),9),10),11),12))); -7703.05 -1.29017 79.6229 38.6631 -7745.3 1292
(1,2,((3,((4,5),6)),((((7,8),9),10),(11,12)))); -7693.58 -1.45535 78.2879 38.6314 -7734.69 1293
(1,2,(((3,6),(4,5)),((((7,8),9),10),(11,12)))); -7702.59 -3.68437 74.3861 39.2118 -7741.45 1295
(1,2,((3,((4,5),6)),((((7,8),9),10),(11,12)))); -7696.58 -1.45535 78.2655 38.9507 -7737.35 1293
(1,(2,(((((7,8),9),10),11),12)),(3,((4,5),6))); -7701.05 -3.19639 78.7992 38.6494 -7744.4 1288
(1,2,((3,((4,5),6)),(((((7,8),9),10),11),12))); -7708.16 -1.29017 74.8877 38.7288 -7745.61 1292
(1,2,((3,((4,5),6)),(((((7,8),9),10),11),12))); -7704.45 -1.29017 78.4899 38.9538 -7745.27 1292
(1,2,((3,(4,(5,6))),(((((7,8),9),10),11),12))); -7718.74 -6.71667 78.6123 38.688 -7765.38 1302
(1,2,(((3,6),(4,5)),(((((7,8),9),10),12),11))); -7693.51 -3.7491 79.6902 39.5604 -7737.39 1298
(1,2,((3,((4,5),6)),((((7,8),9),10),(11,12)))); -7697.2 -1.45535 75.5972 38.3071 -7735.95 1293
(1,2,((3,((4,5),6)),(((((7,8),9),10),12),11))); -7690.67 -1.52008 79.211 39.3111 -7732.09 1298
(1,2,((3,((4,5),6)),(((((7,8),9),10),11),12))); -7707.41 -1.29017 74.1833 38.8551 -7744.03 1292
(1,2,((3,((4,5),6)),((((7,8),9),10),(11,12)))); -7698.82 -1.45535 75.3176 39.2595 -7736.34 1293
(1,2,((3,((4,5),6)),(((((7,8),9),10),12),11))); -7690.24 -1.52008 77.6308 38.6298 -7730.76 1298
(1,(2,(((((7,8),9),10),12),11)),((3,(4,5)),6)); -7691 -6.07135 84.7919 39.0784 -7742.79 1294
(1,2,((3,((4,5),6)),(((((7,8),9),10),12),11))); -7687.44 -1.52008 79.7048 38.8868 -7729.78 1298
(1,(2,((((7,8),9),10),(11,12))),(3,((4,5),6))); -7686.64 -3.36157 83.6351 39.3058 -7734.33 1284
(1,2,((3,((4,5),6)),((((7,8),9),10),(11,12)))); -7694.98 -1.45535 80.0481 39.018 -7737.46 1293
(1,2,((3,((4,5),6)),(((((7,8),9),10),11),12))); -7703.47 -1.29017 77.784 38.7813 -7743.76 1292
(1,2,((3,((4,5),6)),(((((7,8),9),10),12),11))); -7687.69 -1.52008 79.9406 39.1945 -7729.96 1298
(1,2,(((3,6),(4,5)),((((7,8),9),10),(11,12)))); -7695.13 -3.68437 81.2642 39.1268 -7740.95 1295
(1,2,((3,((4,5),6)),(((((7,8),9),10),12),11))); -7689.62 -1.52008 78.1382 39.1147 -7730.16 1298
(1,2,((3,((4,5),6)),(((((7,8),9),10),12),11))); -7689.31 -1.52008 78.6313 38.7384 -7730.73 1298
(1,2,((3,((4,5),6)),((((7,8),9),10),(11,12)))); -7691.61 -1.45535 82.4328 39.0755 -7736.43 1293
(1,2,((3,((4,5),6)),((((7,8),9),10),(11,12)))); -7694.88 -1.45535 78.6306 39.0943 -7735.87 1293
(1,2,((3,((4,5),6)),(((((7,8),9),10),11),12))); -7703.91 -1.29017 75.7371 38.5943 -7742.34 1292
(1,2,(((3,6),(4,5)),(((((7,8),9),10),12),11))); -7686.65 -3.7491 84.334 39.0734 -7735.66 1298
(1,(2,(((((7,8),9),10),11),12)),(3,((4,5),6))); -7703.66 -3.19639 76.7703 38.6969 -7744.93 1288
(1,2,((3,((4,5),6)),(((((7,8),9),10),12),11))); -7691.17 -1.52008 76.7298 38.8461 -7730.57 1298
(1,(2,((((7,8),9),10),(11,12))),((3,(4,5)),6)); -7693.78 -6.00663 84.4115 38.7533 -7745.45 1290
(1,2,((3,((4,5),6)),((((7,8),9),10),(11,12)))); -7698.19 -1.45535 77.2479 39.3137 -7737.58 1293
(1,2,((3,((4,5),6)),(((((7,8),9),10),11),12))); -7702.55 -1.29017 78.5276 38.7795 -7743.59 1292
(1,2,(((3,6),(4,5)),(((((7,8),9),10),11),12))); -7703.47 -3.51919 80.2785 39.0745 -7748.19 1294
(1,2,((3,((4,5),6)),(((((7,8),9),10),12),11))); -7682.98 -1.52008 84.496 39.1844 -7729.81 1298
(1,2,((3,((4,5),6)),((((7,8),9),10),(11,12)))); -7695.97 -1.45535 78.8592 38.6644 -7737.62 1293
(1,2,((3,((4,5),6)),(((((7,8),9),10),11),12))); -7697.52 -1.29017 84.1139 39.2865 -7743.63 1292
(1,2,((3,((4,5),6)),(((((7,8),9),10),12),11))); -7689.15 -1.52008 79.1924 38.9515 -7730.91 1298
(1,2,((3,((4,6),5)),((((7,8),9),10),(11,12)))); -7718.04 -7.02703 72.6795 38.8831 -7758.86 1300
(1,2,((3,((4,5),6)),(((((7,8),9),10),12),11))); -7688.33 -1.52008 80.2788 38.8292 -7731.3 1298
(1,2,((3,((4,5),6)),(((((7,8),9),10),11),12))); -7702.19 -1.29017 78.6187 39.0419 -7743.06 1292
(1,2,((3,((4,5),6)),(((((7,8),9),10),12),11))); -7692.18 -1.52008 74.4433 38.7333 -7729.41 1298
(1,2,((3,((4,5),6)),((((7,8),9),10),(11,12)))); -7701.69 -1.45535 72.2534 38.8741 -7736.52 1293
(1,2,((3,((4,5),6)),(((((7,8),9),10),12),11))); -7691.37 -1.52008 75.3462 38.9527 -7729.29 1298
(1,(2,((((7,8),9),10),(11,12))),(3,((4,5),6))); -7691.85 -3.36157 78.4818 38.8856 -7734.81 1284
(1,2,((3,((4,5),6)),((((7,8),9),10),(11,12)))); -7693.61 -1.45535 79.2022 39.0734 -7735.19 1293
(1,2,((3,((4,5),6)),(((((7,8),9),10),11),12))); -7700.75 -1.29017 79.2572 39.0765 -7742.22 1292
(1,(2,((((7,8),9),10),(11,12))),(3,((4,5),6))); -7692.58 -3.36157 77.2623 38.8153 -7734.38 1284
(1,2,((3,((4,5),6)),(((((7,8),9),10),12),11))); -7693.44 -1.52008 71.7731 38.7138 -7728.01 1298
(1,(2,((((7,8),9),10),(11,12))),(3,((4,5),6))); -7689.28 -3.36157 82.6162 39.2597 -7736 1284
(1,(2,(((((7,8),9),10),11),12)),(3,((4,5),6))); -7701.79 -3.19639 79.9543 39.4688 -7745.47 1288
(1,(2,(((((7,8),9),10),11),12)),((3,6),(4,5))); -7705.06 -5.42541 79.5105 38.8509 -7751.15 1291
(1,(2,((((7,8),9),10),(11,12))),(3,((4,5),6))); -7690.7 -3.36157 78.9073 38.9765 -7734 1284
(1,(2,((((7,8),9),10),(11,12))),(3,((4,5),6))); -7691.83 -3.36157 79.5267 39.4151 -7735.3 1284
(1,2,((3,((4,5),6)),(((((7,8),9),10),12),11))); -7686.44 -1.52008 80.8456 38.6914 -7730.12 1298
(1,(2,(((((7,8),9),10),12),11)),(3,((4,5),6))); -7688.74 -3.4263 78.8174 39.1416 -7731.84 1289
(1,2,((3,((4,5),6)),(((((7,8),9),10),11),12))); -7702.35 -1.29017 78.2165 39.1263 -7742.73 1292
(1,2,((3,((4,5),6)),(((((7,8),9),10),12),11))); -7690.18 -1.52008 79.8093 38.9539 -7732.55 1298
(1,2,((3,((4,5),6)),(((((7,8),9),10),12),11))); -7688.85 -1.52008 78.7207 38.7825 -7730.31 1298
(1,2,((3,((4,5),6)),(((((7,8),9),10),11),12))); -7704.76 -1.29017 77.767 38.871 -7744.95 1292
(1,2,((3,((((7,8),9),10),(11,12))),((4,5),6))); -7709.51 -7.13648 85.5409 38.9389 -7763.25 1298
(1,(2,(((((7,8),9),10),12),11)),(3,((4,5),6))); -7688.88 -3.4263 80.1356 39.5464 -7732.9 1289
(1,(2,((((7,8),9),10),(11,12))),(3,((4,5),6))); -7690.86 -3.36157 77.7662 38.9631 -7733.03 1284
(1,(2,((((7,8),9),10),(11,12))),(3,((4,5),6))); -7688.16 -3.36157 81.4558 38.9507 -7734.02 1284
(1,2,((3,((4,5),6)),(((((7,8),9),10),11),12))); -7699.77 -1.29017 81.3562 38.7309 -7743.69 1292
(1,2,((3,((4,5),6)),((((7,8),9),10),(11,12)))); -7696.11 -1.45535 78.1704 39.2044 -7736.53 1293
(1,2,((3,((4,5),6)),(((((7,8),9),10),11),12))); -7699.08 -1.29017 83.2085 39.0277 -7744.55 1292
(1,2,((3,((4,5),6)),(((((7,8),9),10),12),11))); -7686.72 -1.52008 80.0437 39.1593 -7729.12 1298
(1,2,((3,((4,5),6)),(((((7,8),9),10),11),12))); -7705.34 -1.29017 74.4659 38.6526 -7742.44 1292
(1,(2,(((((7,8),9),10),12),11)),(3,((4,5),6))); -7685.76 -3.4263 80.8571 39.0462 -7731 1289
(1,2,((3,((4,5),6)),((((7,8),9),10),(11,12)))); -7694.81 -1.45535 79.742 39.313 -7736.7 1293
(1,2,((3,((4,5),6)),(((((7,8),9),10),11),12))); -7697.88 -1.29017 83.0748 39.3535 -7742.89 1292
(1,(2,((((7,8),9),10),(11,12))),(3,((4,5),6))); -7689.21 -3.36157 81.9832 39.2255 -7735.33 1284
(1,2,((3,((4,5),6)),(((((7,8),9),10),11),12))); -7697.39 -1.29017 82.6994 38.8933 -7742.49 1292
(1,2,((3,((4,5),6)),(((((7,8),9),10),12),11))); -7689.73 -1.52008 78.3198 38.8435 -7730.73 1298
