mu1,mu2,s1,s2,s3,s4,a1,b1,a2,b2
0.09486,0.118371,5.09114e-05,3.21314e-06,3.21314e-06,0.000139786,0,0,0,0
0.0721296,0.0949478,2.52785e-05,-1.25429e-08,-1.25429e-08,0.000100809,0,0,0,0
0.0346698,0.0788378,4.21145e-05,-6.67193e-06,-6.67193e-06,8.71099e-05,0,0,0,0
0.126528,0.0795472,4.24325e-05,6.68625e-06,6.68625e-06,8.75173e-05,0,0,0,0
0.0764918,0.0840974,2.24425e-05,3.95733e-07,3.95733e-07,8.7836e-05,0,0,0,0
0.129729,0.0789951,4.44267e-05,6.98721e-06,6.98721e-06,8.76999e-05,0,0,0,0
0.0746276,0.095044,2.76043e-05,-2.29434e-08,-2.29434e-08,0.00010119,0,0,0,0
0.0877711,0.0933161,3.81183e-05,3.33621e-07,3.33621e-07,0.000100149,0,0,0,0
0.0846087,0.0930347,3.43249e-05,3.1041e-07,3.1041e-07,9.96273e-05,0,0,0,0
0.0311687,0.0804462,3.48418e-05,-5.60611e-06,-5.60611e-06,8.76289e-05,0,0,0,0
0.102575,0.0817085,4.07233e-05,1.02563e-06,1.02563e-06,8.8171e-05,0,0,0,0
0.0824844,0.0932529,3.25316e-05,2.92871e-07,2.92871e-07,9.92492e-05,0,0,0,0
0.0385551,0.093227,3.97073e-05,-3.39675e-07,-3.39675e-07,0.000100404,0,0,0,0
0.0790317,0.0939373,3.0188e-05,1.39723e-07,1.39723e-07,0.000100288,0,0,0,0
0.0961662,0.0830486,3.64434e-05,6.74184e-07,6.74184e-07,8.94688e-05,0,0,0,0
0.0883798,0.0926586,3.76209e-05,4.03277e-07,4.03277e-07,9.96747e-05,0,0,0,0
0.0925289,0.118399,4.77959e-05,3.18275e-06,3.18275e-06,0.000138947,0,0,0,0
0.0809765,0.119452,3.62163e-05,2.58178e-06,2.58178e-06,0.000138806,0,0,0,0
0.0707199,0.0851066,1.92742e-05,2.81448e-07,2.81448e-07,8.87087e-05,0,0,0,0
0.078506,0.093966,2.97479e-05,1.34389e-07,1.34389e-07,0.000100143,0,0,0,0
0.0980581,0.0822089,3.72551e-05,9.13432e-07,9.13432e-07,8.8599e-05,0,0,0,0
0.0339241,0.0935587,3.33931e-05,-2.28073e-07,-2.28073e-07,0.000100036,0,0,0,0
0.0925899,0.0924154,4.17728e-05,5.59387e-07,5.59387e-07,9.94763e-05,0,0,0,0
0.0722454,0.0950474,2.55316e-05,-2.55333e-08,-2.55333e-08,0.000100654,0,0,0,0
0.0845178,0.0926249,3.36899e-05,3.75189e-07,3.75189e-07,9.87897e-05,0,0,0,0
0.0308837,0.0826547,3.15636e-05,-7.33413e-07,-7.33413e-07,8.79101e-05,0,0,0,0
0.0296512,0.0954433,2.70377e-05,7.80463e-08,7.80463e-08,0.000101556,0,0,0,0
0.0769239,0.120537,3.34285e-05,2.22158e-06,2.22158e-06,0.0001407,0,0,0,0
0.0847359,0.0841716,2.7985e-05,5.41523e-07,5.41523e-07,8.97665e-05,0,0,0,0
0.0987726,0.0825734,3.82205e-05,7.83844e-07,7.83844e-07,8.89421e-05,0,0,0,0
0.0871917,0.118908,4.22916e-05,2.88023e-06,2.88023e-06,0.00013907,0,0,0,0
0.0652852,0.095789,2.07113e-05,-1.22622e-07,-1.22622e-07,0.000100931,0,0,0,0
0.0755983,0.0955041,2.9272e-05,-7.4393e-08,-7.4393e-08,0.000101586,0,0,0,0
0.066768,0.121596,2.50247e-05,1.77095e-06,1.77095e-06,0.000140395,0,0,0,0
0.106402,0.0809046,2.98325e-05,4.9218e-06,4.9218e-06,8.74e-05,0,0,0,0
0.1071,0.0810586,3.03463e-05,4.9832e-06,4.9832e-06,8.75604e-05,0,0,0,0
0.114089,0.0796593,3.40287e-05,5.4868e-06,5.4868e-06,8.67668e-05,0,0,0,0
0.0273539,0.0815285,2.84729e-05,-4.72558e-06,-4.72558e-06,8.78818e-05,0,0,0,0
0.0794537,0.119936,3.52791e-05,2.44536e-06,2.44536e-06,0.000139988,0,0,0,0
0.0922871,0.0831345,3.3151e-05,6.4887e-07,6.4887e-07,8.8834e-05,0,0,0,0
0.0836038,0.0934646,3.39584e-05,2.37043e-07,2.37043e-07,0.000100178,0,0,0,0
0.0329449,0.0826334,3.44524e-05,-7.70228e-07,-7.70228e-07,8.83983e-05,0,0,0,0
0.0826538,0.119344,3.78554e-05,2.64785e-06,2.64785e-06,0.000138974,0,0,0,0
0.0307237,0.0833146,3.18177e-05,-6.31001e-07,-6.31001e-07,8.89675e-05,0,0,0,0
0.033042,0.120059,3.3114e-05,-2.31266e-06,-2.31266e-06,0.000139105,0,0,0,0
0.0967249,0.0827265,3.65415e-05,7.48066e-07,7.48066e-07,8.88844e-05,0,0,0,0
0.0782106,0.0936156,2.90769e-05,1.67861e-07,1.67861e-07,9.9651e-05,0,0,0,0
0.0712398,0.0953703,2.50411e-05,-6.77551e-08,-6.77551e-08,0.000101066,0,0,0,0
0.120149,0.0803552,3.86925e-05,6.10443e-06,6.10443e-06,8.82488e-05,0,0,0,0
0.0823881,0.119164,3.72743e-05,2.6978e-06,2.6978e-06,0.000138221,0,0,0,0
0.126431,0.0785381,4.15555e-05,6.58831e-06,6.58831e-06,8.64814e-05,0,0,0,0
0.0289632,0.0808621,3.13925e-05,-5.135e-06,-5.135e-06,8.76307e-05,0,0,0,0
0.0397033,0.0811544,4.54845e-05,-1.21915e-06,-1.21915e-06,8.82441e-05,0,0,0,0
0.0282135,0.083897,2.89294e-05,-5.33079e-07,-5.33079e-07,8.93303e-05,0,0,0,0
0.0871399,0.0829433,2.91402e-05,6.34005e-07,6.34005e-07,8.76348e-05,0,0,0,0
0.0872691,0.0837776,2.96959e-05,5.02904e-07,5.02904e-07,8.90711e-05,0,0,0,0
0.0268545,0.12196,2.54901e-05,-1.70755e-06,-1.70755e-06,0.000141359,0,0,0,0
0.0294595,0.121257,2.76773e-05,-1.87371e-06,-1.87371e-06,0.00014028,0,0,0,0
0.0793853,0.0934053,2.98901e-05,2.03396e-07,2.03396e-07,9.94518e-05,0,0,0,0
0.0683424,0.121076,2.59114e-05,1.8959e-06,1.8959e-06,0.00013944,0,0,0,0
0.123363,0.0799168,4.05415e-05,6.38885e-06,6.38885e-06,8.78801e-05,0,0,0,0
0.0261773,0.0844157,2.17572e-05,-3.61215e-07,-3.61215e-07,8.81907e-05,0,0,0,0
0.0318797,0.120703,3.29965e-05,-2.11172e-06,-2.11172e-06,0.000140594,0,0,0,0
0.0282466,0.0817144,2.93972e-05,-4.82153e-06,-4.82153e-06,8.81576e-05,0,0,0,0
0.084876,0.119596,4.07912e-05,2.58052e-06,2.58052e-06,0.000140157,0,0,0,0
0.107241,0.0812572,4.46537e-05,1.18537e-06,1.18537e-06,8.83407e-05,0,0,0,0
0.123387,0.0798204,4.03968e-05,6.38432e-06,6.38432e-06,8.7608e-05,0,0,0,0
0.0784025,0.120028,3.42912e-05,2.36351e-06,2.36351e-06,0.000139605,0,0,0,0
0.103747,0.0810853,2.83283e-05,4.70548e-06,4.70548e-06,8.72018e-05,0,0,0,0
0.0974402,0.0823905,3.68483e-05,8.60006e-07,8.60006e-07,8.86814e-05,0,0,0,0
0.03086,0.0944534,2.66262e-05,-6.05565e-08,-6.05565e-08,9.99409e-05,0,0,0,0
0.0360921,0.0829356,3.78315e-05,-6.79263e-07,-6.79263e-07,8.94527e-05,0,0,0,0
0.0879869,0.0927893,3.73928e-05,4.08114e-07,4.08114e-07,9.95173e-05,0,0,0,0
0.0773054,0.0940208,2.87364e-05,1.31903e-07,1.31903e-07,9.97638e-05,0,0,0,0
0.0340223,0.119855,3.70118e-05,-2.44948e-06,-2.44948e-06,0.000139829,0,0,0,0
0.0813585,0.0929617,3.11903e-05,2.68286e-07,2.68286e-07,9.90995e-05,0,0,0,0
0.0992408,0.0826332,2.67434e-05,4.38965e-06,4.38965e-06,8.84611e-05,0,0,0,0
0.0970443,0.0824539,3.65204e-05,8.07549e-07,8.07549e-07,8.8375e-05,0,0,0,0
0.0759629,0.120683,3.26868e-05,2.0945e-06,2.0945e-06,0.000140307,0,0,0,0
0.0640153,0.122013,2.30622e-05,1.65919e-06,1.65919e-06,0.000140775,0,0,0,0
0.103102,0.081912,4.14417e-05,9.82868e-07,9.82868e-07,8.86509e-05,0,0,0,0
0.114238,0.0807442,3.47784e-05,5.56964e-06,5.56964e-06,8.77527e-05,0,0,0,0
0.0341645,0.120204,3.62668e-05,-2.301e-06,-2.301e-06,0.000140254,0,0,0,0
0.0333211,0.119772,3.37101e-05,-2.42044e-06,-2.42044e-06,0.00013868,0,0,0,0
0.0926703,0.0830719,3.34083e-05,6.97668e-07,6.97668e-07,8.90017e-05,0,0,0,0
0.0275486,0.121964,2.62397e-05,-1.70015e-06,-1.70015e-06,0.000141514,0,0,0,0
0.100558,0.0819761,3.91564e-05,9.45167e-07,9.45167e-07,8.82378e-05,0,0,0,0
0.0791347,0.119599,3.44948e-05,2.498e-06,2.498e-06,0.000138644,0,0,0,0
0.11998,0.0794185,3.7509e-05,6.01637e-06,6.01637e-06,8.6453e-05,0,0,0,0
0.0310213,0.0939516,2.77452e-05,-1.25095e-07,-1.25095e-07,9.95922e-05,0,0,0,0
0.0762481,0.0948985,2.89329e-05,6.61959e-10,6.61959e-10,0.000101045,0,0,0,0
0.107707,0.0808875,3.06004e-05,5.01896e-06,5.01896e-06,8.73338e-05,0,0,0,0
0.0995443,0.0819875,3.83748e-05,9.69852e-07,9.69852e-07,8.85069e-05,0,0,0,0
0.0326746,0.120259,3.21157e-05,-2.22821e-06,-2.22821e-06,0.000139231,0,0,0,0
0.0276626,0.0943464,2.4757e-05,-4.11996e-08,-4.11996e-08,9.99198e-05,0,0,0,0
0.0647249,0.12217,2.38374e-05,1.59483e-06,1.59483e-06,0.000141133,0,0,0,0
0.077833,0.0843572,2.33534e-05,4.33835e-07,4.33835e-07,8.8718e-05,0,0,0,0
0.0298859,0.0839904,2.59659e-05,-4.29118e-07,-4.29118e-07,8.839e-05,0,0,0,0
0.0383635,0.0925986,3.85793e-05,-4.75075e-07,-4.75075e-07,9.93188e-05,0,0,0,0
0.077911,0.0940667,2.93404e-05,1.28623e-07,1.28623e-07,9.99512e-05,0,0,0,0
0.0418813,0.0798849,4.42493e-05,-1.37273e-06,-1.37273e-06,8.60014e-05,0,0,0,0
0.0736656,0.0962779,2.86584e-05,-1.73896e-07,-1.73896e-07,0.000102349,0,0,0,0
0.0920947,0.093368,4.34299e-05,3.32994e-07,3.32994e-07,0.000101029,0,0,0,0
0.115386,0.0805551,3.54163e-05,5.67131e-06,5.67131e-06,8.78148e-05,0,0,0,0
0.0855876,0.118469,4.00128e-05,2.98573e-06,2.98573e-06,0.000137857,0,0,0,0
0.12103,0.0801553,3.9109e-05,6.17999e-06,6.17999e-06,8.81001e-05,0,0,0,0
0.076792,0.0943302,2.86592e-05,8.47886e-08,8.47886e-08,0.000100223,0,0,0,0
0.0351121,0.0932453,3.62255e-05,-2.9506e-07,-2.9506e-07,0.000100135,0,0,0,0
0.0842435,0.0934424,3.45741e-05,2.62081e-07,2.62081e-07,9.99891e-05,0,0,0,0
0.067536,0.0956547,2.23175e-05,-1.05558e-07,-1.05558e-07,0.000100951,0,0,0,0
0.0300725,0.0817715,3.14896e-05,-5.05552e-06,-5.05552e-06,8.84344e-05,0,0,0,0
0.119417,0.0794397,3.73919e-05,5.98613e-06,5.98613e-06,8.72856e-05,0,0,0,0
0.0921142,0.0825998,3.2709e-05,7.773e-07,7.773e-07,8.81943e-05,0,0,0,0
0.0301775,0.120446,2.84204e-05,-2.11552e-06,-2.11552e-06,0.000138799,0,0,0,0
0.0786012,0.120155,3.46685e-05,2.30219e-06,2.30219e-06,0.000139728,0,0,0,0
0.0975735,0.0823612,3.68644e-05,8.22856e-07,8.22856e-07,8.81579e-05,0,0,0,0
0.0276856,0.0947923,2.54866e-05,-5.78472e-09,-5.78472e-09,0.00010064,0,0,0,0
0.083259,0.0929501,3.29154e-05,2.9537e-07,2.9537e-07,9.94458e-05,0,0,0,0
0.0279489,0.0835722,2.70226e-05,-5.54064e-07,-5.54064e-07,8.83176e-05,0,0,0,0
0.0698515,0.120696,2.69001e-05,2.0579e-06,2.0579e-06,0.000139236,0,0,0,0
0.027271,0.0842236,2.52129e-05,-4.35322e-07,-4.35322e-07,8.88265e-05,0,0,0,0
0.0888209,0.0923477,3.75859e-05,4.61864e-07,4.61864e-07,9.91776e-05,0,0,0,0
0.0803807,0.0843886,2.504e-05,4.51298e-07,4.51298e-07,8.9213e-05,0,0,0,0
0.0374057,0.0816058,3.83473e-05,-1.00258e-06,-1.00258e-06,8.73728e-05,0,0,0,0
0.0814897,0.0931768,3.15279e-05,2.44434e-07,2.44434e-07,9.97926e-05,0,0,0,0
0.0995578,0.0817812,3.81765e-05,9.73119e-07,9.73119e-07,8.78062e-05,0,0,0,0
0.03979,0.094494,3.91833e-05,-8.38299e-08,-8.38299e-08,0.000101851,0,0,0,0
0.0814494,0.119269,3.65344e-05,2.6577e-06,2.6577e-06,0.000138704,0,0,0,0
0.0797394,0.0933148,3.01017e-05,2.09054e-07,2.09054e-07,9.97565e-05,0,0,0,0
0.0702654,0.121338,2.78787e-05,1.89813e-06,1.89813e-06,0.000140747,0,0,0,0
0.0800137,0.119713,3.55603e-05,2.4906e-06,2.4906e-06,0.000139303,0,0,0,0
0.0291438,0.083302,3.03808e-05,-6.4365e-07,-6.4365e-07,8.87327e-05,0,0,0,0
0.10522,0.0809243,2.91088e-05,4.81143e-06,4.81143e-06,8.71009e-05,0,0,0,0
0.032447,0.11938,3.42839e-05,-2.5676e-06,-2.5676e-06,0.000138309,0,0,0,0
0.0269201,0.0857111,2.72443e-05,-1.39285e-07,-1.39285e-07,9.19785e-05,0,0,0,0
0.035396,0.0814706,3.71545e-05,-9.8898e-07,-9.8898e-07,8.71636e-05,0,0,0,0
0.127529,0.0799323,4.39639e-05,6.80655e-06,6.80655e-06,8.85835e-05,0,0,0,0
0.0353423,0.119147,3.92719e-05,-2.74228e-06,-2.74228e-06,0.000138888,0,0,0,0
0.113408,0.0801125,3.37296e-05,5.46241e-06,5.46241e-06,8.70174e-05,0,0,0,0
0.0812737,0.0929375,3.11022e-05,2.57073e-07,2.57073e-07,9.93294e-05,0,0,0,0
0.0337349,0.082536,3.48509e-05,-7.85616e-07,-7.85616e-07,8.82634e-05,0,0,0,0
0.0310157,0.120345,3.05801e-05,-2.19173e-06,-2.19173e-06,0.000139202,0,0,0,0
0.0663882,0.121292,2.44284e-05,1.88645e-06,1.88645e-06,0.00013989,0,0,0,0
0.0808552,0.0928402,3.0647e-05,2.64482e-07,2.64482e-07,9.88627e-05,0,0,0,0
0.0654954,0.121986,2.42885e-05,1.67657e-06,1.67657e-06,0.000141036,0,0,0,0
0.0294119,0.0950337,2.73521e-05,2.14897e-08,2.14897e-08,0.000101146,0,0,0,0
0.0365614,0.0822058,4.01576e-05,-8.98146e-07,-8.98146e-07,8.88567e-05,0,0,0,0
0.0305888,0.0934535,3.0756e-05,-2.05289e-07,-2.05289e-07,9.98375e-05,0,0,0,0
0.0732997,0.0942156,2.55007e-05,6.91117e-08,6.91117e-08,0.000100182,0,0,0,0
0.108073,0.0813482,4.55279e-05,1.1626e-06,1.1626e-06,8.83968e-05,0,0,0,0
0.0262606,0.0843543,2.47639e-05,-4.3419e-07,-4.3419e-07,8.90101e-05,0,0,0,0
0.0994024,0.0822525,3.83995e-05,8.70883e-07,8.70883e-07,8.84836e-05,0,0,0,0
0.0954218,0.0820687,3.50381e-05,8.74556e-07,8.74556e-07,8.77437e-05,0,0,0,0
0.0683991,0.0962126,2.36777e-05,-1.64167e-07,-1.64167e-07,0.000101621,0,0,0,0
0.0356846,0.120241,3.69506e-05,-2.27353e-06,-2.27353e-06,0.000140255,0,0,0,0
0.0870044,0.0930867,3.68673e-05,3.08159e-07,3.08159e-07,0.000100454,0,0,0,0
0.0290108,0.0816253,3.01817e-05,-4.91909e-06,-4.91909e-06,8.80949e-05,0,0,0,0
0.091732,0.118084,4.62196e-05,3.29913e-06,3.29913e-06,0.000137997,0,0,0,0
0.0339421,0.0817663,3.68848e-05,-9.55215e-07,-9.55215e-07,8.7679e-05,0,0,0,0
0.0779934,0.0848238,2.36563e-05,3.7862e-07,3.7862e-07,8.95449e-05,0,0,0,0
0.0365631,0.082202,4.11744e-05,-9.07654e-07,-9.07654e-07,8.9126e-05,0,0,0,0
0.0380017,0.0798728,4.45335e-05,-6.91822e-06,-6.91822e-06,8.80568e-05,0,0,0,0
0.0356031,0.120425,3.85607e-05,-2.2155e-06,-2.2155e-06,0.000141191,0,0,0,0
0.0282881,0.0833342,2.58491e-05,-5.40423e-07,-5.40423e-07,8.76202e-05,0,0,0,0
0.0743343,0.120856,3.12515e-05,2.04271e-06,2.04271e-06,0.00014044,0,0,0,0
0.0265337,0.122151,2.36246e-05,-1.60767e-06,-1.60767e-06,0.000141087,0,0,0,0
0.0773703,0.0845459,2.31362e-05,3.58695e-07,3.58695e-07,8.87433e-05,0,0,0,0
0.115679,0.0803821,3.53957e-05,5.67981e-06,5.67981e-06,8.73507e-05,0,0,0,0
0.034244,0.0932057,3.10281e-05,-2.80232e-07,-2.80232e-07,9.89367e-05,0,0,0,0
0.0841091,0.0928082,3.35448e-05,3.27691e-07,3.27691e-07,9.92576e-05,0,0,0,0
0.0795753,0.0943919,3.13799e-05,7.92123e-08,7.92123e-08,0.000100872,0,0,0,0
0.116769,0.0798493,5.25285e-05,1.6833e-06,1.6833e-06,8.74663e-05,0,0,0,0
0.0788447,0.0938932,2.99735e-05,1.56046e-07,1.56046e-07,9.98595e-05,0,0,0,0
0.039615,0.117738,4.84386e-05,-3.461e-06,-3.461e-06,0.000138107,0,0,0,0
0.117422,0.0800148,3.62396e-05,5.81755e-06,5.81755e-06,8.6984e-05,0,0,0,0
0.0763425,0.0953901,2.9796e-05,-7.31899e-08,-7.31899e-08,0.000101744,0,0,0,0
0.0313776,0.0809678,3.54579e-05,-5.63571e-06,-5.63571e-06,8.84004e-05,0,0,0,0
0.0797354,0.0849417,2.49042e-05,3.88054e-07,3.88054e-07,9.01598e-05,0,0,0,0
0.0791963,0.12023,3.54135e-05,2.31165e-06,2.31165e-06,0.000140343,0,0,0,0
0.0901371,0.0836042,3.18377e-05,5.43065e-07,5.43065e-07,8.93127e-05,0,0,0,0
0.0658565,0.0954038,2.07527e-05,-6.70834e-08,-6.70834e-08,0.000100897,0,0,0,0
0.0843429,0.0931589,3.42277e-05,3.09937e-07,3.09937e-07,9.95367e-05,0,0,0,0
0.105848,0.0823279,3.07647e-05,4.88633e-06,4.88633e-06,8.87766e-05,0,0,0,0
0.0345967,0.0801174,3.97895e-05,-6.27224e-06,-6.27224e-06,8.78295e-05,0,0,0,0
0.0879134,0.0836288,3.00554e-05,5.75225e-07,5.75225e-07,8.91197e-05,0,0,0,0
0.0746605,0.121151,3.20032e-05,1.95512e-06,1.95512e-06,0.000141259,0,0,0,0
0.0357848,0.0821374,3.80214e-05,-8.98058e-07,-8.98058e-07,8.82684e-05,0,0,0,0
0.0266903,0.0819288,2.68117e-05,-4.48602e-06,-4.48602e-06,8.79619e-05,0,0,0,0
0.0744708,0.0943218,2.66071e-05,6.60056e-08,6.60056e-08,0.000100015,0,0,0,0
0.0836169,0.0936498,3.42684e-05,2.08079e-07,2.08079e-07,0.000100453,0,0,0,0
0.0318688,0.0932494,3.18823e-05,-2.46325e-07,-2.46325e-07,9.96391e-05,0,0,0,0
0.0329389,0.0832398,3.19125e-05,-6.06231e-07,-6.06231e-07,8.8615e-05,0,0,0,0
0.0793676,0.120238,3.56308e-05,2.2648e-06,2.2648e-06,0.000139895,0,0,0,0
0.0641745,0.0868304,1.62151e-05,9.13665e-08,9.13665e-08,9.07239e-05,0,0,0,0
0.0286302,0.0833914,2.55394e-05,-5.21466e-07,-5.21466e-07,8.75632e-05,0,0,0,0
0.031033,0.0806796,3.40218e-05,-5.48105e-06,-5.48105e-06,8.7666e-05,0,0,0,0
0.088086,0.0929032,3.77246e-05,3.49421e-07,3.49421e-07,0.000100203,0,0,0,0
0.0806353,0.120092,3.67812e-05,2.35442e-06,2.35442e-06,0.000140225,0,0,0,0
0.076178,0.120709,3.29632e-05,2.07436e-06,2.07436e-06,0.000140292,0,0,0,0
0.0783957,0.0936492,2.92733e-05,1.66288e-07,1.66288e-07,9.97598e-05,0,0,0,0
0.0370385,0.0793427,4.62577e-05,-7.1886e-06,-7.1886e-06,8.82144e-05,0,0,0,0
0.125351,0.0795881,4.16849e-05,6.5709e-06,6.5709e-06,8.77858e-05,0,0,0,0
0.112542,0.0804012,3.33352e-05,5.4028e-06,5.4028e-06,8.71808e-05,0,0,0,0
0.0315997,0.0940324,3.09103e-05,-1.32009e-07,-1.32009e-07,0.000100412,0,0,0,0
0.0947913,0.117989,4.99861e-05,3.387e-06,3.387e-06,0.000138901,0,0,0,0
0.0718824,0.0951522,2.53088e-05,-3.85433e-08,-3.85433e-08,0.000101,0,0,0,0
0.0880225,0.083859,3.03379e-05,5.22886e-07,5.22886e-07,8.95327e-05,0,0,0,0
0.0692274,0.0945438,2.26079e-05,1.29898e-08,1.29898e-08,0.00010032,0,0,0,0
0.0918078,0.0835399,3.31571e-05,5.8e-07,5.8e-07,8.96393e-05,0,0,0,0
0.114189,0.080039,3.42372e-05,5.53867e-06,5.53867e-06,8.72411e-05,0,0,0,0
0.0846258,0.0942164,3.64212e-05,1.23736e-07,1.23736e-07,0.000101247,0,0,0,0
0.0801144,0.0943143,3.18074e-05,1.05118e-07,1.05118e-07,0.000100623,0,0,0,0
0.0305615,0.0809763,3.24961e-05,-5.25956e-06,-5.25956e-06,8.76407e-05,0,0,0,0
0.0837655,0.119652,3.95741e-05,2.53793e-06,2.53793e-06,0.000139782,0,0,0,0
0.0723366,0.120014,2.85442e-05,2.2509e-06,2.2509e-06,0.000138198,0,0,0,0
0.0346174,0.0815853,3.85333e-05,-1.01923e-06,-1.01923e-06,8.77588e-05,0,0,0,0
0.0875088,0.0925622,3.65757e-05,3.84971e-07,3.84971e-07,9.98899e-05,0,0,0,0
0.0901173,0.092251,3.8775e-05,5.10206e-07,5.10206e-07,9.91013e-05,0,0,0,0
0.0817976,0.0939432,3.28773e-05,1.5121e-07,1.5121e-07,0.000100707,0,0,0,0
0.0651304,0.0964399,2.11849e-05,-1.809e-07,-1.809e-07,0.000101902,0,0,0,0
0.108426,0.0810144,4.53918e-05,1.25798e-06,1.25798e-06,8.77672e-05,0,0,0,0
0.0794127,0.0937689,3.03331e-05,1.64954e-07,1.64954e-07,0.000100004,0,0,0,0
0.0312331,0.120054,3.34755e-05,-2.35888e-06,-2.35888e-06,0.000139603,0,0,0,0
0.0300411,0.083884,2.82943e-05,-4.79256e-07,-4.79256e-07,8.89051e-05,0,0,0,0
0.0832786,0.0840511,2.69095e-05,4.39993e-07,4.39993e-07,8.88178e-05,0,0,0,0
0.0958321,0.0820064,3.52889e-05,8.7934e-07,8.7934e-07,8.75601e-05,0,0,0,0
0.0657625,0.121838,2.43608e-05,1.73532e-06,1.73532e-06,0.000140857,0,0,0,0
0.101528,0.081998,2.75991e-05,4.61304e-06,4.61304e-06,8.85486e-05,0,0,0,0
0.0812984,0.119622,3.67554e-05,2.52041e-06,2.52041e-06,0.00013907,0,0,0,0
0.0759934,0.0945419,2.82003e-05,4.90576e-08,4.90576e-08,0.000100531,0,0,0,0
0.0320326,0.0802759,3.51745e-05,-5.65715e-06,-5.65715e-06,8.72791e-05,0,0,0,0
0.0922684,0.0831633,3.3163e-05,6.42254e-07,6.42254e-07,8.88818e-05,0,0,0,0
0.0975132,0.0820534,3.66338e-05,8.98256e-07,8.98256e-07,8.78912e-05,0,0,0,0
0.0872522,0.0931977,3.73031e-05,3.62734e-07,3.62734e-07,9.98089e-05,0,0,0,0
0.0828213,0.120466,4.01347e-05,2.18982e-06,2.18982e-06,0.000141564,0,0,0,0
0.0631837,0.096597,1.989e-05,-2.01478e-07,-2.01478e-07,0.000101671,0,0,0,0
0.0324493,0.0797897,3.69102e-05,-5.91502e-06,-5.91502e-06,8.71818e-05,0,0,0,0
0.132037,0.0783497,4.54512e-05,7.17946e-06,7.17946e-06,8.69007e-05,0,0,0,0
0.0797815,0.0935598,3.04162e-05,2.03485e-07,2.03485e-07,9.95321e-05,0,0,0,0
0.126837,0.0793836,4.2647e-05,6.71412e-06,6.71412e-06,8.79043e-05,0,0,0,0
0.0337753,0.0821795,3.59816e-05,-8.72796e-07,-8.72796e-07,8.80412e-05,0,0,0,0
0.0844297,0.0931174,3.42584e-05,3.09577e-07,3.09577e-07,9.95627e-05,0,0,0,0
0.141594,0.078258,5.32837e-05,8.27438e-06,8.27438e-06,8.80715e-05,0,0,0,0
0.034453,0.0793409,3.9244e-05,-6.26195e-06,-6.26195e-06,8.68202e-05,0,0,0,0
0.0934369,0.0827237,3.37712e-05,7.58248e-07,7.58248e-07,8.84848e-05,0,0,0,0
0.0377717,0.0780313,4.94672e-05,-7.75731e-06,-7.75731e-06,8.74742e-05,0,0,0,0
0.0318791,0.0930852,3.06019e-05,-2.46718e-07,-2.46718e-07,9.91491e-05,0,0,0,0
0.0910872,0.118362,4.59366e-05,3.17033e-06,3.17033e-06,0.000138546,0,0,0,0
0.0379655,0.0909984,4.25068e-05,-7.07109e-07,-7.07109e-07,9.84455e-05,0,0,0,0
0.0942273,0.0829872,3.46434e-05,6.77641e-07,6.77641e-07,8.88696e-05,0,0,0,0
0.0388799,0.077687,4.93133e-05,-7.77296e-06,-7.77296e-06,8.67639e-05,0,0,0,0
0.0702888,0.121175,2.77739e-05,1.86564e-06,1.86564e-06,0.000139871,0,0,0,0
0.0854512,0.0835179,2.81501e-05,5.34e-07,5.34e-07,8.82259e-05,0,0,0,0
0.118494,0.0794365,3.6713e-05,5.88359e-06,5.88359e-06,8.69145e-05,0,0,0,0
0.084189,0.11924,3.93589e-05,2.70441e-06,2.70441e-06,0.000138939,0,0,0,0
0.0827147,0.0937308,3.34551e-05,1.8635e-07,1.8635e-07,0.000100663,0,0,0,0
0.112005,0.08183,3.45394e-05,5.38998e-06,5.38998e-06,8.88772e-05,0,0,0,0
0.0366249,0.0789815,4.64684e-05,-7.26109e-06,-7.26109e-06,8.79727e-05,0,0,0,0
0.0716813,0.121041,2.88942e-05,1.96262e-06,1.96262e-06,0.000140227,0,0,0,0
0.0355716,0.0821453,3.76089e-05,-8.91963e-07,-8.91963e-07,8.81962e-05,0,0,0,0
0.0387606,0.0818531,4.33999e-05,-1.0037e-06,-1.0037e-06,8.89033e-05,0,0,0,0
0.0875525,0.0834603,2.96695e-05,5.80544e-07,5.80544e-07,8.86431e-05,0,0,0,0
0.0333081,0.0931379,3.52987e-05,-2.94873e-07,-2.94873e-07,0.000100076,0,0,0,0
0.0854012,0.119312,4.08848e-05,2.69665e-06,2.69665e-06,0.000139541,0,0,0,0
0.0276774,0.0836745,2.68726e-05,-5.43082e-07,-5.43082e-07,8.84555e-05,0,0,0,0
0.0686935,0.0955928,2.31225e-05,-8.74567e-08,-8.74567e-08,0.000101306,0,0,0,0
0.0344391,0.119111,3.77182e-05,-2.72706e-06,-2.72706e-06,0.000138502,0,0,0,0
0.10492,0.0903157,5.22692e-05,1.1892e-06,1.1892e-06,9.8269e-05,0,0,0,0
0.124172,0.079162,4.03045e-05,6.41596e-06,6.41596e-06,8.68601e-05,0,0,0,0
0.0737275,0.120076,2.98198e-05,2.26777e-06,2.26777e-06,0.000138621,0,0,0,0
0.099103,0.0816966,3.78246e-05,9.85957e-07,9.85957e-07,8.77529e-05,0,0,0,0
0.0807825,0.119916,3.66583e-05,2.41953e-06,2.41953e-06,0.000139827,0,0,0,0
0.0937848,0.0825435,3.39191e-05,7.75528e-07,7.75528e-07,8.81062e-05,0,0,0,0
0.0371575,0.0795452,4.51445e-05,-7.02663e-06,-7.02663e-06,8.80825e-05,0,0,0,0
0.024491,0.0846259,2.21857e-05,-3.91686e-07,-3.91686e-07,8.88384e-05,0,0,0,0
0.119194,0.0795268,3.72021e-05,5.95858e-06,5.95858e-06,8.70272e-05,0,0,0,0
0.03177,0.0799972,3.58016e-05,-5.75552e-06,-5.75552e-06,8.72608e-05,0,0,0,0
0.0991665,0.0817275,3.78026e-05,9.71933e-07,9.71933e-07,8.75756e-05,0,0,0,0
0.103603,0.0818248,4.18319e-05,1.01754e-06,1.01754e-06,8.87119e-05,0,0,0,0
0.083015,0.119265,3.81156e-05,2.67693e-06,2.67693e-06,0.000138766,0,0,0,0
0.0787017,0.0946131,3.08777e-05,4.91418e-08,4.91418e-08,0.000100933,0,0,0,0
0.0859721,0.0937545,3.69919e-05,2.28921e-07,2.28921e-07,0.000100626,0,0,0,0
0.0338791,0.079737,3.90695e-05,-6.21447e-06,-6.21447e-06,8.73671e-05,0,0,0,0
0.0666473,0.0955444,2.15052e-05,-9.35811e-08,-9.35811e-08,0.000100854,0,0,0,0
0.0319446,0.0825113,3.4288e-05,-8.04338e-07,-8.04338e-07,8.83019e-05,0,0,0,0
0.104009,0.0814508,4.18434e-05,1.10441e-06,1.10441e-06,8.81462e-05,0,0,0,0
0.0254139,0.121888,2.24888e-05,-1.67544e-06,-1.67544e-06,0.000140356,0,0,0,0
0.0329491,0.0800751,3.93704e-05,-6.22269e-06,-6.22269e-06,8.81344e-05,0,0,0,0
0.0325979,0.0834695,3.2862e-05,-5.67189e-07,-5.67189e-07,8.92988e-05,0,0,0,0
0.031157,0.119864,3.29426e-05,-2.4047e-06,-2.4047e-06,0.000139062,0,0,0,0
0.0738842,0.120946,3.09575e-05,1.9738e-06,1.9738e-06,0.000140246,0,0,0,0
0.0667048,0.122805,2.65627e-05,1.37459e-06,1.37459e-06,0.000142717,0,0,0,0
0.0282737,0.0840395,2.82622e-05,-4.92937e-07,-4.92937e-07,8.93464e-05,0,0,0,0
0.0866349,0.0937109,3.7655e-05,2.23623e-07,2.23623e-07,0.000100801,0,0,0,0
0.0924257,0.0829875,3.31441e-05,7.18641e-07,7.18641e-07,8.88468e-05,0,0,0,0
0.10449,0.0809665,4.17914e-05,1.19757e-06,1.19757e-06,8.69733e-05,0,0,0,0
0.0785135,0.120557,3.52013e-05,2.17353e-06,2.17353e-06,0.000140815,0,0,0,0
0.0800748,0.0938584,3.1079e-05,1.69801e-07,1.69801e-07,9.99887e-05,0,0,0,0
0.0339205,0.0792136,3.93546e-05,-6.27289e-06,-6.27289e-06,8.68914e-05,0,0,0,0
0.0362372,0.0924431,3.80195e-05,-4.53022e-07,-4.53022e-07,9.93603e-05,0,0,0,0
0.0904867,0.083427,3.19555e-05,5.65435e-07,5.65435e-07,8.89406e-05,0,0,0,0
0.0771051,0.119564,3.24819e-05,2.46389e-06,2.46389e-06,0.000138106,0,0,0,0
0.079107,0.120757,3.62889e-05,2.06678e-06,2.06678e-06,0.000141176,0,0,0,0
0.0337422,0.0928332,3.70672e-05,-3.55537e-07,-3.55537e-07,0.000100043,0,0,0,0
0.119234,0.0807395,3.85286e-05,6.03251e-06,6.03251e-06,8.87274e-05,0,0,0,0
0.0297178,0.0806265,3.10063e-05,-5.07497e-06,-5.07497e-06,8.70061e-05,0,0,0,0
0.0746836,0.0944723,2.6955e-05,5.13364e-08,5.13364e-08,0.00010025,0,0,0,0
0.112094,0.0798749,3.27694e-05,5.3094e-06,5.3094e-06,8.63986e-05,0,0,0,0
0.110136,0.0813713,3.26257e-05,5.24498e-06,5.24498e-06,8.82998e-05,0,0,0,0
0.0218311,0.0962423,1.8959e-05,1.28403e-07,1.28403e-07,0.000101702,0,0,0,0
0.0843143,0.0938797,3.54162e-05,1.82921e-07,1.82921e-07,0.000100718,0,0,0,0
0.0797401,0.0940911,3.10896e-05,1.29379e-07,1.29379e-07,0.000100369,0,0,0,0
0.109023,0.0802345,3.1085e-05,5.07568e-06,5.07568e-06,8.66765e-05,0,0,0,0
0.0360509,0.0788641,4.47973e-05,-7.05213e-06,-7.05213e-06,8.75112e-05,0,0,0,0
0.110025,0.0809192,3.21103e-05,5.21958e-06,5.21958e-06,8.76691e-05,0,0,0,0
0.0800978,0.0935491,3.06688e-05,1.94458e-07,1.94458e-07,0.000100154,0,0,0,0
0.0774185,0.0847059,2.32229e-05,3.8336e-07,3.8336e-07,8.92048e-05,0,0,0,0
0.0740241,0.119908,2.99485e-05,2.31195e-06,2.31195e-06,0.000138288,0,0,0,0
0.103456,0.0814455,4.13091e-05,1.09191e-06,1.09191e-06,8.79234e-05,0,0,0,0
0.0877807,0.0835622,2.9907e-05,5.84859e-07,5.84859e-07,8.897e-05,0,0,0,0
0.0269694,0.0848978,2.56899e-05,-3.23274e-07,-3.23274e-07,9.00876e-05,0,0,0,0
0.0348537,0.0934972,3.28966e-05,-2.53616e-07,-2.53616e-07,9.96654e-05,0,0,0,0
0.0927222,0.0832609,3.36377e-05,6.37426e-07,6.37426e-07,8.92495e-05,0,0,0,0
0.0264897,0.0951603,2.65149e-05,1.93868e-08,1.93868e-08,0.000101586,0,0,0,0
0.0850473,0.0925918,3.41563e-05,3.83382e-07,3.83382e-07,9.88588e-05,0,0,0,0
0.079394,0.0840518,2.42612e-05,4.56787e-07,4.56787e-07,8.83725e-05,0,0,0,0
0.108004,0.080911,3.08016e-05,5.04557e-06,5.04557e-06,8.73966e-05,0,0,0,0
0.0867152,0.119974,4.39569e-05,2.40955e-06,2.40955e-06,0.000141546,0,0,0,0
0.124704,0.0794177,4.09879e-05,6.49371e-06,6.49371e-06,8.74438e-05,0,0,0,0
0.0883385,0.119458,4.48214e-05,2.65523e-06,2.65523e-06,0.00014075,0,0,0,0
0.0315688,0.0799525,3.58753e-05,-5.76774e-06,-5.76774e-06,8.73004e-05,0,0,0,0
0.106505,0.0817497,3.0565e-05,4.96311e-06,4.96311e-06,8.84696e-05,0,0,0,0
0.0816031,0.0937071,3.23359e-05,1.92579e-07,1.92579e-07,0.000100142,0,0,0,0
0.0986135,0.08153,3.72963e-05,9.86908e-07,9.86908e-07,8.71425e-05,0,0,0,0
0.113317,0.0814106,3.4961e-05,5.51874e-06,5.51874e-06,8.88754e-05,0,0,0,0
0.0311972,0.121609,2.99083e-05,-1.76574e-06,-1.76574e-06,0.000141452,0,0,0,0
0.0318936,0.0835958,2.94916e-05,-5.1759e-07,-5.1759e-07,8.85928e-05,0,0,0,0
0.0352584,0.0789384,4.2872e-05,-6.78083e-06,-6.78083e-06,8.72551e-05,0,0,0,0
0.08237,0.119772,3.81883e-05,2.48183e-06,2.48183e-06,0.000139792,0,0,0,0
0.086445,0.1201,4.39895e-05,2.33386e-06,2.33386e-06,0.000141416,0,0,0,0
0.0831409,0.119533,3.86576e-05,2.58083e-06,2.58083e-06,0.000139407,0,0,0,0
0.0881187,0.0835149,3.01333e-05,5.93062e-07,5.93062e-07,8.89402e-05,0,0,0,0
0.0777226,0.0939515,2.90235e-05,1.32592e-07,1.32592e-07,9.99295e-05,0,0,0,0
0.0391974,0.0909966,4.31981e-05,-7.52691e-07,-7.52691e-07,9.83578e-05,0,0,0,0
0.0882158,0.0920524,3.66154e-05,4.64464e-07,4.64464e-07,9.88365e-05,0,0,0,0
0.0942838,0.118299,5.00074e-05,3.23909e-06,3.23909e-06,0.000139632,0,0,0,0
0.122642,0.0788162,3.92364e-05,6.2302e-06,6.2302e-06,8.67232e-05,0,0,0,0
0.0349839,0.0821824,3.94408e-05,-9.16377e-07,-9.16377e-07,8.88187e-05,0,0,0,0
0.033361,0.0829662,3.29811e-05,-6.73234e-07,-6.73234e-07,8.84428e-05,0,0,0,0
0.0345101,0.11994,3.78099e-05,-2.42194e-06,-2.42194e-06,0.00014017,0,0,0,0
0.0285106,0.095903,2.41746e-05,1.32786e-07,1.32786e-07,0.000101552,0,0,0,0
0.0298598,0.0832353,2.96412e-05,-6.23243e-07,-6.23243e-07,8.83335e-05,0,0,0,0
0.0300339,0.12037,2.99423e-05,-2.18835e-06,-2.18835e-06,0.000139228,0,0,0,0
0.129412,0.0789723,4.40773e-05,6.94902e-06,6.94902e-06,8.74229e-05,0,0,0,0
0.0957883,0.0825603,2.45651e-05,4.24832e-06,4.24832e-06,8.89956e-05,0,0,0,0
0.0733269,0.120856,3.02554e-05,2.03073e-06,2.03073e-06,0.000140175,0,0,0,0
0.0907046,0.0823531,3.16382e-05,7.64961e-07,7.64961e-07,8.75169e-05,0,0,0,0
0.0305613,0.0843476,2.88357e-05,-3.67037e-07,-3.67037e-07,8.97723e-05,0,0,0,0
0.034563,0.0807299,4.01298e-05,-6.21759e-06,-6.21759e-06,8.87324e-05,0,0,0,0
0.0313245,0.120304,3.21873e-05,-2.24113e-06,-2.24113e-06,0.000139626,0,0,0,0
0.105666,0.0814076,4.33019e-05,1.1308e-06,1.1308e-06,8.82823e-05,0,0,0,0
0.0765523,0.084665,2.26565e-05,3.58927e-07,3.58927e-07,8.88923e-05,0,0,0,0
0.0863921,0.119756,4.2993e-05,2.52222e-06,2.52222e-06,0.000141032,0,0,0,0
0.0910485,0.0830422,3.20756e-05,6.64242e-07,6.64242e-07,8.84627e-05,0,0,0,0
0.0348494,0.0828651,3.56534e-05,-7.05248e-07,-7.05248e-07,8.88635e-05,0,0,0,0
0.119049,0.0798128,3.73133e-05,5.97064e-06,5.97064e-06,8.73991e-05,0,0,0,0
0.0797315,0.0841952,2.45288e-05,4.38511e-07,4.38511e-07,8.86352e-05,0,0,0,0
0.0308654,0.119499,3.37186e-05,-2.53969e-06,-2.53969e-06,0.000138703,0,0,0,0
0.083019,0.093824,3.3946e-05,1.8251e-07,1.8251e-07,0.000100513,0,0,0,0
0.0842624,0.0836118,2.7374e-05,5.55594e-07,5.55594e-07,8.84661e-05,0,0,0,0
0.145252,0.0777435,5.57484e-05,8.67948e-06,8.67948e-06,8.79676e-05,0,0,0,0
0.0772788,0.12078,3.42329e-05,2.07679e-06,2.07679e-06,0.000140947,0,0,0,0
0.0324649,0.083229,3.24031e-05,-6.22457e-07,-6.22457e-07,8.87947e-05,0,0,0,0
0.0857235,0.119153,4.10365e-05,2.77679e-06,2.77679e-06,0.000139546,0,0,0,0
0.029302,0.0946496,2.72666e-05,-2.96787e-08,-2.96787e-08,0.000100647,0,0,0,0
0.131289,0.0783439,4.49332e-05,7.09599e-06,7.09599e-06,8.69058e-05,0,0,0,0
0.0858682,0.119163,4.12292e-05,2.78051e-06,2.78051e-06,0.000139683,0,0,0,0
0.105191,0.0816584,4.31215e-05,1.05977e-06,1.05977e-06,8.85445e-05,0,0,0,0
0.129301,0.0793382,4.44368e-05,6.96168e-06,6.96168e-06,8.7824e-05,0,0,0,0
0.0810005,0.0937738,3.18467e-05,1.80973e-07,1.80973e-07,0.000100115,0,0,0,0
0.0669339,0.121573,2.51388e-05,1.78931e-06,1.78931e-06,0.000140432,0,0,0,0
0.0332625,0.0820125,3.66932e-05,-9.2217e-07,-9.2217e-07,8.80582e-05,0,0,0,0
0.0292929,0.0824848,3.01361e-05,-7.26123e-07,-7.26123e-07,8.75358e-05,0,0,0,0
0.0261051,0.0841313,2.81122e-05,-5.41921e-07,-5.41921e-07,8.97093e-05,0,0,0,0
0.119448,0.0805807,3.83896e-05,6.03667e-06,6.03667e-06,8.81127e-05,0,0,0,0
0.0981519,0.0910405,4.56861e-05,8.10266e-07,8.10266e-07,9.87196e-05,0,0,0,0
0.100236,0.0814842,2.65209e-05,4.47651e-06,4.47651e-06,8.76328e-05,0,0,0,0
0.10332,0.0813008,2.81822e-05,4.67983e-06,4.67983e-06,8.73348e-05,0,0,0,0
0.0316296,0.0801277,3.60734e-05,-5.78866e-06,-5.78866e-06,8.75327e-05,0,0,0,0
0.0404413,0.0812347,4.5854e-05,-1.19972e-06,-1.19972e-06,8.8369e-05,0,0,0,0
0.0298199,0.0942524,2.86123e-05,-8.79724e-08,-8.79724e-08,0.000100408,0,0,0,0
0.0860483,0.118929,4.10172e-05,2.85303e-06,2.85303e-06,0.000138859,0,0,0,0
0.0891067,0.0840096,3.14165e-05,4.60381e-07,4.60381e-07,8.99547e-05,0,0,0,0
0.097507,0.0818891,3.66497e-05,9.4311e-07,9.4311e-07,8.79256e-05,0,0,0,0
0.0852712,0.0929857,3.49061e-05,3.36974e-07,3.36974e-07,9.94966e-05,0,0,0,0
0.109708,0.0814488,3.24273e-05,5.22353e-06,5.22353e-06,8.85433e-05,0,0,0,0
0.0911395,0.0923227,4.00306e-05,4.94275e-07,4.94275e-07,9.9537e-05,0,0,0,0
0.0294601,0.0834164,3.11002e-05,-6.28933e-07,-6.28933e-07,8.90724e-05,0,0,0,0
0.0371893,0.094386,3.63124e-05,-9.92117e-08,-9.92117e-08,0.000101367,0,0,0,0
0.0804462,0.0935729,3.10422e-05,2.15833e-07,2.15833e-07,9.95568e-05,0,0,0,0
0.0243221,0.0963535,2.15908e-05,1.5491e-07,1.5491e-07,0.000102123,0,0,0,0
0.0732107,0.121094,3.04175e-05,1.99044e-06,1.99044e-06,0.000140895,0,0,0,0
0.0810551,0.11967,3.65751e-05,2.50416e-06,2.50416e-06,0.000139216,0,0,0,0
0.0237734,0.0828309,2.4392e-05,-4.18534e-06,-4.18534e-06,8.90912e-05,0,0,0,0
0.093185,0.0822683,3.33386e-05,8.00919e-07,8.00919e-07,8.7518e-05,0,0,0,0
0.032453,0.0809962,3.68015e-05,-5.78807e-06,-5.78807e-06,8.85759e-05,0,0,0,0
0.0904639,0.0923259,3.92892e-05,4.90459e-07,4.90459e-07,9.93837e-05,0,0,0,0
0.0818605,0.118903,3.64761e-05,2.76335e-06,2.76335e-06,0.000137611,0,0,0,0
0.0300113,0.0832388,2.92033e-05,-6.1029e-07,-6.1029e-07,8.81956e-05,0,0,0,0
0.0347434,0.1197,3.86249e-05,-2.52536e-06,-2.52536e-06,0.000139909,0,0,0,0
0.0294354,0.0841224,2.88595e-05,-4.505e-07,-4.505e-07,8.95272e-05,0,0,0,0
0.114511,0.0809593,3.52322e-05,5.6036e-06,5.6036e-06,8.81583e-05,0,0,0,0
0.0346321,0.119991,3.55768e-05,-2.36475e-06,-2.36475e-06,0.000139489,0,0,0,0
0.0900785,0.083481,3.16714e-05,5.59194e-07,5.59194e-07,8.90009e-05,0,0,0,0
0.0356525,0.0816541,3.92783e-05,-1.01921e-06,-1.01921e-06,8.79074e-05,0,0,0,0
0.0778344,0.0949076,3.04997e-05,7.54911e-09,7.54911e-09,0.000101153,0,0,0,0
0.0972641,0.0828425,3.71515e-05,7.7286e-07,7.7286e-07,8.95515e-05,0,0,0,0
0.117589,0.0797903,5.34903e-05,1.70214e-06,1.70214e-06,8.78093e-05,0,0,0,0
0.087063,0.0930891,3.69455e-05,3.15082e-07,3.15082e-07,0.000100243,0,0,0,0
0.0385647,0.0940599,3.9721e-05,-1.4965e-07,-1.4965e-07,0.00010156,0,0,0,0
0.0318676,0.0827733,3.37364e-05,-7.47798e-07,-7.47798e-07,8.85449e-05,0,0,0,0
0.086708,0.0833603,2.89854e-05,5.79207e-07,5.79207e-07,8.82572e-05,0,0,0,0
0.0339715,0.119847,3.66433e-05,-2.44634e-06,-2.44634e-06,0.000139699,0,0,0,0
0.0799599,0.0937573,3.08309e-05,1.86966e-07,1.86966e-07,9.97647e-05,0,0,0,0
0.116914,0.0804477,3.63971e-05,5.80673e-06,5.80673e-06,8.79029e-05,0,0,0,0
0.08794,0.083116,2.97842e-05,6.39403e-07,6.39403e-07,8.81679e-05,0,0,0,0
0.0853661,0.0832612,2.79709e-05,5.65452e-07,5.65452e-07,8.77493e-05,0,0,0,0
0.074919,0.120468,3.1335e-05,2.1637e-06,2.1637e-06,0.000139633,0,0,0,0
0.0978524,0.081601,3.6816e-05,9.682e-07,9.682e-07,8.73598e-05,0,0,0,0
0.0307733,0.0830115,2.69289e-05,-5.71187e-07,-5.71187e-07,8.71581e-05,0,0,0,0
0.0314217,0.119874,3.27897e-05,-2.39168e-06,-2.39168e-06,0.00013897,0,0,0,0
0.0315809,0.0803559,3.49276e-05,-5.62055e-06,-5.62055e-06,8.74275e-05,0,0,0,0
0.0339047,0.119851,3.53197e-05,-2.42006e-06,-2.42006e-06,0.00013927,0,0,0,0
0.0754159,0.120309,3.16369e-05,2.23867e-06,2.23867e-06,0.000139556,0,0,0,0
0.104047,0.0822535,4.29427e-05,8.7665e-07,8.7665e-07,8.94661e-05,0,0,0,0
0.0331551,0.0803285,3.59081e-05,-5.75344e-06,-5.75344e-06,8.72373e-05,0,0,0,0
0.0829768,0.0932002,3.29593e-05,2.65999e-07,2.65999e-07,9.97353e-05,0,0,0,0
0.119708,0.0796796,3.76928e-05,6.02802e-06,6.02802e-06,8.74185e-05,0,0,0,0
0.0818322,0.119506,3.72124e-05,2.58712e-06,2.58712e-06,0.000139275,0,0,0,0
0.121799,0.0806296,4.03501e-05,6.26085e-06,6.26085e-06,8.86412e-05,0,0,0,0
0.0301116,0.0839032,2.88345e-05,-4.80631e-07,-4.80631e-07,8.90895e-05,0,0,0,0
0.0852939,0.0930151,3.49753e-05,3.30411e-07,3.30411e-07,9.95733e-05,0,0,0,0
0.0775782,0.119687,3.31212e-05,2.46943e-06,2.46943e-06,0.000138867,0,0,0,0
0.0763293,0.120234,3.24474e-05,2.26617e-06,2.26617e-06,0.000139539,0,0,0,0
0.0370791,0.0938349,3.62426e-05,-2.12665e-07,-2.12665e-07,0.000100604,0,0,0,0
0.0686016,0.0953198,2.28201e-05,-6.81643e-08,-6.81643e-08,0.000100685,0,0,0,0
0.0293891,0.0947028,2.6749e-05,-2.07462e-08,-2.07462e-08,0.00010056,0,0,0,0
0.0893299,0.119261,4.56499e-05,2.74698e-06,2.74698e-06,0.000140451,0,0,0,0
0.0927702,0.0913574,4.02881e-05,6.60883e-07,6.60883e-07,9.82324e-05,0,0,0,0
0.0907999,0.092607,4.01523e-05,4.66592e-07,4.66592e-07,9.97081e-05,0,0,0,0
0.0872409,0.083459,2.94261e-05,5.45836e-07,5.45836e-07,8.83662e-05,0,0,0,0
0.031627,0.0831606,3.1765e-05,-6.43135e-07,-6.43135e-07,8.86057e-05,0,0,0,0
0.0274596,0.0950566,2.26612e-05,4.38429e-08,4.38429e-08,0.000100231,0,0,0,0
0.0941481,0.0821473,3.4088e-05,8.42323e-07,8.42323e-07,8.76542e-05,0,0,0,0
0.0334903,0.0829796,3.56724e-05,-6.98559e-07,-6.98559e-07,8.92112e-05,0,0,0,0
0.0912823,0.117643,4.53453e-05,3.40106e-06,3.40106e-06,0.000137277,0,0,0,0
0.0909867,0.0827263,3.18112e-05,6.99579e-07,6.99579e-07,8.77446e-05,0,0,0,0
0.0829831,0.119546,3.84962e-05,2.57223e-06,2.57223e-06,0.000139352,0,0,0,0
0.0970791,0.0834194,2.61537e-05,4.25497e-06,4.25497e-06,8.96796e-05,0,0,0,0
0.0784491,0.0843345,2.37448e-05,3.9488e-07,3.9488e-07,8.8573e-05,0,0,0,0
0.034566,0.0924281,3.62826e-05,-4.16683e-07,-4.16683e-07,9.92349e-05,0,0,0,0
0.087668,0.0935149,3.84071e-05,2.97792e-07,2.97792e-07,0.000100425,0,0,0,0
0.0881805,0.11909,4.38093e-05,2.81795e-06,2.81795e-06,0.000139738,0,0,0,0
0.0808607,0.093345,3.11497e-05,2.33143e-07,2.33143e-07,9.94762e-05,0,0,0,0
0.1119,0.0810999,3.35411e-05,5.38115e-06,5.38115e-06,8.80308e-05,0,0,0,0
0.0777621,0.120009,3.36131e-05,2.35884e-06,2.35884e-06,0.000139393,0,0,0,0
0.0857137,0.0925478,3.47563e-05,3.86404e-07,3.86404e-07,9.90253e-05,0,0,0,0
0.0728407,0.120767,2.96724e-05,2.07354e-06,2.07354e-06,0.000139999,0,0,0,0
0.0971758,0.0915059,4.53463e-05,7.60197e-07,7.60197e-07,9.90084e-05,0,0,0,0
0.0722024,0.0947983,2.52054e-05,1.12686e-09,1.12686e-09,0.000100421,0,0,0,0
0.112501,0.0818999,3.50382e-05,5.43819e-06,5.43819e-06,8.92772e-05,0,0,0,0
0.0874878,0.083658,2.97609e-05,5.38688e-07,5.38688e-07,8.89489e-05,0,0,0,0
0.0313851,0.0825958,3.35568e-05,-7.83292e-07,-7.83292e-07,8.82982e-05,0,0,0,0
0.0680111,0.121404,2.59243e-05,1.83365e-06,1.83365e-06,0.000140252,0,0,0,0
0.0747309,0.120218,3.08499e-05,2.22227e-06,2.22227e-06,0.000138849,0,0,0,0
0.0319118,0.0800418,3.76572e-05,-6.0069e-06,-6.0069e-06,8.78603e-05,0,0,0,0
0.0832639,0.0834371,2.66343e-05,5.46433e-07,5.46433e-07,8.79263e-05,0,0,0,0
0.114928,0.0798555,3.45556e-05,5.57762e-06,5.57762e-06,8.68295e-05,0,0,0,0
0.140443,0.0779487,5.17311e-05,8.11257e-06,8.11257e-06,8.74371e-05,0,0,0,0
0.118985,0.0796646,3.71387e-05,5.9495e-06,5.9495e-06,8.71301e-05,0,0,0,0
0.0293883,0.0951043,2.61385e-05,3.23853e-08,3.23853e-08,0.00010091,0,0,0,0
0.0894904,0.0825992,2.12189e-05,3.73694e-06,3.73694e-06,8.77506e-05,0,0,0,0
0.0329795,0.119038,3.61801e-05,-2.71751e-06,-2.71751e-06,0.000138187,0,0,0,0
0.0307627,0.120105,3.17516e-05,-2.30492e-06,-2.30492e-06,0.000139199,0,0,0,0
0.0273917,0.0955642,2.6418e-05,8.19533e-08,8.19533e-08,0.000101922,0,0,0,0
0.0981436,0.0822167,3.7287e-05,8.82471e-07,8.82471e-07,8.83499e-05,0,0,0,0
0.0864214,0.118774,4.11985e-05,2.91467e-06,2.91467e-06,0.000138537,0,0,0,0
0.0761689,0.120199,3.22548e-05,2.29476e-06,2.29476e-06,0.00013959,0,0,0,0
0.0885537,0.092447,3.74307e-05,4.66954e-07,4.66954e-07,9.90897e-05,0,0,0,0
0.0414273,0.0815144,4.64314e-05,-1.11255e-06,-1.11255e-06,8.88411e-05,0,0,0,0
0.0841798,0.0934672,3.45492e-05,2.39082e-07,2.39082e-07,0.000100295,0,0,0,0
0.0767263,0.0954163,3.02393e-05,-7.18036e-08,-7.18036e-08,0.000101737,0,0,0,0
0.0888361,0.082918,3.03441e-05,6.63231e-07,6.63231e-07,8.78979e-05,0,0,0,0
0.0823854,0.118888,3.70881e-05,2.78224e-06,2.78224e-06,0.000137995,0,0,0,0
0.0807287,0.0925173,3.03526e-05,2.62888e-07,2.62888e-07,9.84096e-05,0,0,0,0
0.0794121,0.0934675,2.99797e-05,1.96936e-07,1.96936e-07,9.95783e-05,0,0,0,0
0.123653,0.0799855,4.07765e-05,6.41898e-06,6.41898e-06,8.77154e-05,0,0,0,0
0.0752124,0.121004,3.23269e-05,2.03314e-06,2.03314e-06,0.000141209,0,0,0,0
0.0298797,0.0809892,3.11491e-05,-5.08318e-06,-5.08318e-06,8.74011e-05,0,0,0,0
0.0302116,0.0939303,2.84091e-05,-1.26684e-07,-1.26684e-07,9.98889e-05,0,0,0,0
0.0326483,0.119302,3.31e-05,-2.55267e-06,-2.55267e-06,0.00013771,0,0,0,0
0.106806,0.0811437,4.41419e-05,1.20561e-06,1.20561e-06,8.80978e-05,0,0,0,0
0.106568,0.0814342,3.02814e-05,4.93961e-06,4.93961e-06,8.7715e-05,0,0,0,0
0.0372451,0.0921883,3.99922e-05,-5.20929e-07,-5.20929e-07,9.93335e-05,0,0,0,0
0.0722622,0.0946724,2.50928e-05,1.88571e-08,1.88571e-08,0.000100517,0,0,0,0
0.0331814,0.0794846,3.78648e-05,-6.05595e-06,-6.05595e-06,8.69379e-05,0,0,0,0
0.0828722,0.093089,3.27177e-05,2.73858e-07,2.73858e-07,9.96547e-05,0,0,0,0
0.0300989,0.0804003,3.24553e-05,-5.28249e-06,-5.28249e-06,8.71291e-05,0,0,0,0
0.0916654,0.0831951,3.2692e-05,6.54476e-07,6.54476e-07,8.89517e-05,0,0,0,0
0.10696,0.0810768,3.02558e-05,4.96409e-06,4.96409e-06,8.74301e-05,0,0,0,0
0.0307424,0.0801758,3.41966e-05,-5.53008e-06,-5.53008e-06,8.72571e-05,0,0,0,0
0.114138,0.0805051,3.45064e-05,5.55809e-06,5.55809e-06,8.76257e-05,0,0,0,0
0.0281691,0.0811613,3.00284e-05,-4.94465e-06,-4.94465e-06,8.77496e-05,0,0,0,0
0.034761,0.0935769,3.06333e-05,-2.4757e-07,-2.4757e-07,9.9183e-05,0,0,0,0
0.118743,0.0803925,3.76265e-05,5.96581e-06,5.96581e-06,8.7842e-05,0,0,0,0
0.0720744,0.121228,2.94853e-05,1.92799e-06,1.92799e-06,0.000140849,0,0,0,0
0.0309013,0.120385,3.08183e-05,-2.18856e-06,-2.18856e-06,0.000139389,0,0,0,0
0.102039,0.0820377,4.06228e-05,9.70411e-07,9.70411e-07,8.89372e-05,0,0,0,0
0.114125,0.0799496,3.40869e-05,5.51109e-06,5.51109e-06,8.68404e-05,0,0,0,0
0.0994594,0.0823848,2.6646e-05,4.44473e-06,4.44473e-06,8.86073e-05,0,0,0,0
0.0365025,0.0792573,4.45603e-05,-6.98824e-06,-6.98824e-06,8.77474e-05,0,0,0,0
0.0583939,0.122506,1.90657e-05,1.48487e-06,1.48487e-06,0.000140615,0,0,0,0
0.0826663,0.119914,3.87837e-05,2.41958e-06,2.41958e-06,0.000140053,0,0,0,0
0.0773362,0.0946212,2.9569e-05,4.83243e-08,4.83243e-08,0.000100691,0,0,0,0
0.0854541,0.0933642,3.57084e-05,2.70146e-07,2.70146e-07,0.000100217,0,0,0,0
0.105221,0.0816526,2.96321e-05,4.86046e-06,4.86046e-06,8.81957e-05,0,0,0,0
0.0756124,0.0943691,2.76335e-05,6.71322e-08,6.71322e-08,0.000100367,0,0,0,0
0.109803,0.0810112,4.68275e-05,1.27342e-06,1.27342e-06,8.82167e-05,0,0,0,0
0.0381615,0.0924591,4.02728e-05,-4.90589e-07,-4.90589e-07,9.95836e-05,0,0,0,0
0.103875,0.0815327,2.8664e-05,4.72741e-06,4.72741e-06,8.75579e-05,0,0,0,0
0.080496,0.119837,3.62235e-05,2.43984e-06,2.43984e-06,0.000139508,0,0,0,0
0.0698956,0.0952712,2.37353e-05,-4.28808e-08,-4.28808e-08,0.000101158,0,0,0,0
0.0893136,0.0833121,3.09149e-05,6.24209e-07,6.24209e-07,8.8745e-05,0,0,0,0
0.0312148,0.119722,3.57598e-05,-2.52923e-06,-2.52923e-06,0.000139749,0,0,0,0
0.114258,0.0804975,3.45519e-05,5.56123e-06,5.56123e-06,8.74635e-05,0,0,0,0
0.101356,0.0810497,3.94864e-05,1.10177e-06,1.10177e-06,8.69814e-05,0,0,0,0
0.0397314,0.118592,4.92762e-05,-3.09085e-06,-3.09085e-06,0.000140036,0,0,0,0
0.0848447,0.0929096,3.43834e-05,3.2924e-07,3.2924e-07,9.94765e-05,0,0,0,0
0.123408,0.0796947,4.01698e-05,6.38033e-06,6.38033e-06,8.71497e-05,0,0,0,0
0.0923046,0.0833861,3.34269e-05,5.95542e-07,5.95542e-07,8.93414e-05,0,0,0,0
0.0810716,0.0935485,3.16012e-05,2.06967e-07,2.06967e-07,9.98998e-05,0,0,0,0
0.079139,0.0941692,3.06291e-05,1.21212e-07,1.21212e-07,0.000100292,0,0,0,0
0.0262616,0.0822993,2.68587e-05,-4.48028e-06,-4.48028e-06,8.85715e-05,0,0,0,0
0.0312462,0.120045,3.24468e-05,-2.33247e-06,-2.33247e-06,0.000139223,0,0,0,0
0.129455,0.0803634,4.64951e-05,7.01146e-06,7.01146e-06,8.94265e-05,0,0,0,0
0.0839486,0.093164,3.38559e-05,2.85699e-07,2.85699e-07,9.97284e-05,0,0,0,0
0.10796,0.0813242,3.11291e-05,5.0822e-06,5.0822e-06,8.82285e-05,0,0,0,0
0.0962348,0.0825463,3.59125e-05,7.82099e-07,7.82099e-07,8.83923e-05,0,0,0,0
0.0241854,0.0959368,1.89937e-05,1.41834e-07,1.41834e-07,0.000100883,0,0,0,0
0.0343346,0.119141,3.79226e-05,-2.72265e-06,-2.72265e-06,0.000138652,0,0,0,0
0.0922228,0.0924485,4.1504e-05,4.78115e-07,4.78115e-07,9.99618e-05,0,0,0,0
0.0286814,0.0955026,2.48129e-05,8.42883e-08,8.42883e-08,0.000101182,0,0,0,0
0.0384462,0.0923001,4.09834e-05,-5.26885e-07,-5.26885e-07,9.94999e-05,0,0,0,0
0.0925278,0.0824998,3.29021e-05,7.58341e-07,7.58341e-07,8.77266e-05,0,0,0,0
0.0790665,0.0935186,2.97282e-05,1.91211e-07,1.91211e-07,9.95179e-05,0,0,0,0
0.0742884,0.119737,3.00148e-05,2.34791e-06,2.34791e-06,0.000137787,0,0,0,0
0.102798,0.0822377,4.16289e-05,8.68495e-07,8.68495e-07,8.89509e-05,0,0,0,0
0.0959029,0.0833418,3.66632e-05,5.72443e-07,5.72443e-07,8.99236e-05,0,0,0,0
0.0888042,0.0835205,3.06774e-05,5.65239e-07,5.65239e-07,8.8923e-05,0,0,0,0
0.131522,0.0783082,4.51245e-05,7.11889e-06,7.11889e-06,8.69958e-05,0,0,0,0
0.0809169,0.0936757,3.16246e-05,1.88952e-07,1.88952e-07,0.000100071,0,0,0,0
0.0311086,0.0814014,3.26163e-05,-5.22939e-06,-5.22939e-06,8.80464e-05,0,0,0,0
0.112897,0.079942,3.34275e-05,5.42162e-06,5.42162e-06,8.7212e-05,0,0,0,0
0.0880905,0.0833482,3.00093e-05,6.21016e-07,6.21016e-07,8.86547e-05,0,0,0,0
0.090889,0.0922376,3.95978e-05,5.12101e-07,5.12101e-07,9.92969e-05,0,0,0,0
0.079924,0.0936291,3.06075e-05,1.83796e-07,1.83796e-07,0.000100201,0,0,0,0
0.0682126,0.096141,2.33979e-05,-1.59427e-07,-1.59427e-07,0.000101707,0,0,0,0
0.110246,0.0807671,3.21029e-05,5.22048e-06,5.22048e-06,8.73005e-05,0,0,0,0
0.0866924,0.083269,2.89285e-05,5.88915e-07,5.88915e-07,8.80785e-05,0,0,0,0
0.0839869,0.119963,4.04588e-05,2.40962e-06,2.40962e-06,0.000140631,0,0,0,0
0.0331422,0.119242,3.39249e-05,-2.59232e-06,-2.59232e-06,0.000137768,0,0,0,0
0.083451,0.0936618,3.4122e-05,2.15176e-07,2.15176e-07,0.000100276,0,0,0,0
0.106448,0.0814002,4.40384e-05,1.14053e-06,1.14053e-06,8.84035e-05,0,0,0,0
0.0835586,0.120094,4.02196e-05,2.34989e-06,2.34989e-06,0.000140809,0,0,0,0
0.127256,0.0789677,4.24633e-05,6.72168e-06,6.72168e-06,8.72258e-05,0,0,0,0
0.0871288,0.0935695,3.79208e-05,2.29215e-07,2.29215e-07,0.00010095,0,0,0,0
0.0777731,0.0941535,2.92958e-05,1.05357e-07,1.05357e-07,0.000100486,0,0,0,0
0.0780403,0.0939037,2.92516e-05,1.40674e-07,1.40674e-07,9.99077e-05,0,0,0,0
0.0296982,0.121586,3.01188e-05,-1.82843e-06,-1.82843e-06,0.000141769,0,0,0,0
0.0858619,0.0931387,3.57587e-05,3.05744e-07,3.05744e-07,9.99981e-05,0,0,0,0
0.120958,0.0800473,3.89479e-05,6.17236e-06,6.17236e-06,8.80518e-05,0,0,0,0
0.0822319,0.119943,3.83334e-05,2.41696e-06,2.41696e-06,0.000140216,0,0,0,0
0.08544,0.119034,4.04645e-05,2.80246e-06,2.80246e-06,0.000138852,0,0,0,0
0.0270891,0.0848623,2.3609e-05,-3.01283e-07,-3.01283e-07,8.93543e-05,0,0,0,0
0.088018,0.0831636,2.98502e-05,6.23836e-07,6.23836e-07,8.81817e-05,0,0,0,0
0.101408,0.0815181,3.96149e-05,1.04822e-06,1.04822e-06,8.77598e-05,0,0,0,0
0.0827362,0.0837944,2.6395e-05,5.57407e-07,5.57407e-07,8.86987e-05,0,0,0,0
0.0941126,0.0923395,4.35045e-05,5.24557e-07,5.24557e-07,0.000100031,0,0,0,0
0.0740363,0.120643,3.06662e-05,2.16864e-06,2.16864e-06,0.000140282,0,0,0,0
0.0806301,0.0942644,3.2232e-05,1.01689e-07,1.01689e-07,0.000100836,0,0,0,0
0.0378125,0.0920698,4.14673e-05,-5.56981e-07,-5.56981e-07,9.94294e-05,0,0,0,0
0.0780016,0.0952116,3.11963e-05,-2.3844e-08,-2.3844e-08,0.000101456,0,0,0,0
0.0757177,0.0950068,2.85991e-05,-1.23713e-08,-1.23713e-08,0.000101046,0,0,0,0
0.077881,0.119388,3.31618e-05,2.54546e-06,2.54546e-06,0.000138257,0,0,0,0
0.0778066,0.120026,3.36661e-05,2.33952e-06,2.33952e-06,0.000139277,0,0,0,0
0.0781449,0.0935613,2.89598e-05,1.69122e-07,1.69122e-07,9.97221e-05,0,0,0,0
0.0310881,0.120426,3.05798e-05,-2.16494e-06,-2.16494e-06,0.000139347,0,0,0,0
0.089604,0.0831655,3.1043e-05,6.4555e-07,6.4555e-07,8.85118e-05,0,0,0,0
0.101141,0.0817017,3.94098e-05,1.00453e-06,1.00453e-06,8.77744e-05,0,0,0,0
0.0341898,0.0822135,3.44541e-05,-8.30041e-07,-8.30041e-07,8.76325e-05,0,0,0,0
0.0270518,0.0951062,2.45214e-05,3.32518e-08,3.32518e-08,0.000100884,0,0,0,0
0.116209,0.0807203,3.61615e-05,5.74497e-06,5.74497e-06,8.79558e-05,0,0,0,0
0.107983,0.0810308,4.51762e-05,1.25005e-06,1.25005e-06,8.81996e-05,0,0,0,0
0.0339561,0.119494,3.69458e-05,-2.58132e-06,-2.58132e-06,0.0001391,0,0,0,0
0.0839263,0.119376,3.93022e-05,2.65438e-06,2.65438e-06,0.000139337,0,0,0,0
0.0790214,0.119859,3.46983e-05,2.4139e-06,2.4139e-06,0.000139215,0,0,0,0
0.0313577,0.0806486,3.52389e-05,-5.64171e-06,-5.64171e-06,8.79399e-05,0,0,0,0
0.0360653,0.0935224,3.3504e-05,-2.74459e-07,-2.74459e-07,9.96385e-05,0,0,0,0
0.0289115,0.120335,2.88756e-05,-2.19169e-06,-2.19169e-06,0.000139018,0,0,0,0
0.0348364,0.0826189,3.75278e-05,-7.86351e-07,-7.86351e-07,8.89963e-05,0,0,0,0
0.028204,0.0810549,2.92322e-05,-4.83212e-06,-4.83212e-06,8.73459e-05,0,0,0,0
0.0682774,0.122154,2.70953e-05,1.5879e-06,1.5879e-06,0.000141788,0,0,0,0
0.0622334,0.122674,2.22926e-05,1.40855e-06,1.40855e-06,0.00014145,0,0,0,0
0.129752,0.0786777,4.40768e-05,6.96154e-06,6.96154e-06,8.71891e-05,0,0,0,0
0.0814737,0.0849508,2.63487e-05,2.47872e-07,2.47872e-07,9.01719e-05,0,0,0,0
0.0875049,0.118916,4.27158e-05,2.88793e-06,2.88793e-06,0.000139376,0,0,0,0
0.0994207,0.0824607,3.86779e-05,8.44359e-07,8.44359e-07,8.91034e-05,0,0,0,0
0.0784182,0.120749,3.54646e-05,2.07875e-06,2.07875e-06,0.000141069,0,0,0,0
0.081481,0.0929451,3.12901e-05,2.6316e-07,2.6316e-07,9.92773e-05,0,0,0,0
0.0758145,0.120988,3.3026e-05,1.97641e-06,1.97641e-06,0.000140895,0,0,0,0
0.0282571,0.121186,2.83275e-05,-1.95653e-06,-1.95653e-06,0.000140615,0,0,0,0
0.0854073,0.0930347,3.51242e-05,3.05409e-07,3.05409e-07,0.000100063,0,0,0,0
0.0887248,0.0828838,3.02953e-05,6.89811e-07,6.89811e-07,8.80356e-05,0,0,0,0
0.0753806,0.119682,3.10435e-05,2.40914e-06,2.40914e-06,0.000138261,0,0,0,0
0.101809,0.0820759,4.04496e-05,9.57724e-07,9.57724e-07,8.8942e-05,0,0,0,0
0.0308362,0.12001,2.96714e-05,-2.26694e-06,-2.26694e-06,0.000138261,0,0,0,0
0.0610223,0.122615,2.11933e-05,1.44832e-06,1.44832e-06,0.000141225,0,0,0,0
0.0877936,0.0923542,3.65827e-05,4.1718e-07,4.1718e-07,9.94153e-05,0,0,0,0
0.123503,0.0791161,3.98403e-05,6.34459e-06,6.34459e-06,8.68445e-05,0,0,0,0
0.0275974,0.0852488,2.63595e-05,-2.25931e-07,-2.25931e-07,9.083e-05,0,0,0,0
0.0771142,0.119738,3.26871e-05,2.42957e-06,2.42957e-06,0.000138675,0,0,0,0
0.0901423,0.0925846,3.93692e-05,4.66679e-07,4.66679e-07,9.9544e-05,0,0,0,0
0.116261,0.0798921,3.54619e-05,5.70961e-06,5.70961e-06,8.71038e-05,0,0,0,0
0.121001,0.0798889,3.88051e-05,6.16766e-06,6.16766e-06,8.78475e-05,0,0,0,0
0.0324607,0.0943669,2.959e-05,-8.82139e-08,-8.82139e-08,0.000100349,0,0,0,0
0.114922,0.0799686,3.46002e-05,5.58575e-06,5.58575e-06,8.69121e-05,0,0,0,0
0.0685578,0.121466,2.6484e-05,1.80936e-06,1.80936e-06,0.00014044,0,0,0,0
0.139355,0.0780156,5.10521e-05,7.98536e-06,7.98536e-06,8.76682e-05,0,0,0,0
0.0948062,0.0824614,3.46718e-05,7.94602e-07,7.94602e-07,8.80789e-05,0,0,0,0
0.0366523,0.0927877,3.6705e-05,-4.02531e-07,-4.02531e-07,9.94008e-05,0,0,0,0
0.111967,0.0802511,3.29081e-05,5.34785e-06,5.34785e-06,8.71162e-05,0,0,0,0
0.0699654,0.120281,2.66804e-05,2.1278e-06,2.1278e-06,0.00013817,0,0,0,0
0.0355299,0.0818535,3.56711e-05,-9.04459e-07,-9.04459e-07,8.72779e-05,0,0,0,0
0.0704746,0.121067,2.78018e-05,1.93529e-06,1.93529e-06,0.000139962,0,0,0,0
0.107992,0.0819037,3.17436e-05,5.06914e-06,5.06914e-06,8.86718e-05,0,0,0,0
0.0715874,0.121511,2.94658e-05,1.77968e-06,1.77968e-06,0.000141032,0,0,0,0
0.0747515,0.0940066,2.65029e-05,9.76503e-08,9.76503e-08,0.000100049,0,0,0,0
0.0351498,0.0928892,3.50901e-05,-3.54523e-07,-3.54523e-07,9.93979e-05,0,0,0,0
0.0764847,0.0940784,2.80729e-05,1.07179e-07,1.07179e-07,9.99718e-05,0,0,0,0
0.120167,0.0797305,3.80241e-05,6.07131e-06,6.07131e-06,8.74109e-05,0,0,0,0
0.0831685,0.119339,3.84065e-05,2.65746e-06,2.65746e-06,0.000139078,0,0,0,0
0.108188,0.0800894,3.05608e-05,4.97959e-06,4.97959e-06,8.63578e-05,0,0,0,0
0.0989159,0.0826997,3.85206e-05,7.79595e-07,7.79595e-07,8.94481e-05,0,0,0,0
0.0843859,0.0838212,2.75593e-05,4.95511e-07,4.95511e-07,8.86681e-05,0,0,0,0
0.0902346,0.0931197,4.05774e-05,3.42775e-07,3.42775e-07,0.000100579,0,0,0,0
0.0272025,0.122206,2.56459e-05,-1.63147e-06,-1.63147e-06,0.000141829,0,0,0,0
0.0325794,0.0817192,3.57594e-05,-5.54831e-06,-5.54831e-06,8.91498e-05,0,0,0,0
0.0722381,0.120782,2.91199e-05,2.0656e-06,2.0656e-06,0.000139913,0,0,0,0
0.082644,0.0937497,3.34383e-05,1.91046e-07,1.91046e-07,0.00010038,0,0,0,0
0.0296008,0.0801396,3.35333e-05,-5.44393e-06,-5.44393e-06,8.73769e-05,0,0,0,0
0.0923215,0.0833145,3.3324e-05,6.73582e-07,6.73582e-07,8.95055e-05,0,0,0,0
0.0943519,0.0825551,3.43794e-05,7.80405e-07,7.80405e-07,8.82305e-05,0,0,0,0
0.112324,0.0808795,3.35603e-05,5.40048e-06,5.40048e-06,8.75089e-05,0,0,0,0
0.0739128,0.120552,3.04538e-05,2.10674e-06,2.10674e-06,0.0001394,0,0,0,0
0.0302859,0.120524,3.19574e-05,-2.19352e-06,-2.19352e-06,0.000140197,0,0,0,0
0.0275635,0.0941378,2.59663e-05,-7.67689e-08,-7.67689e-08,0.000100009,0,0,0,0
0.0284215,0.0842017,2.8253e-05,-4.55142e-07,-4.55142e-07,8.95855e-05,0,0,0,0
0.0346632,0.0928643,3.46729e-05,-3.48242e-07,-3.48242e-07,9.93531e-05,0,0,0,0
0.0737294,0.0854572,2.12681e-05,2.21387e-07,2.21387e-07,8.97684e-05,0,0,0,0
0.033143,0.0933341,3.14156e-05,-2.45632e-07,-2.45632e-07,9.93941e-05,0,0,0,0
0.0322881,0.119598,3.27503e-05,-2.46059e-06,-2.46059e-06,0.000138232,0,0,0,0
0.0360751,0.0788506,4.45692e-05,-7.02342e-06,-7.02342e-06,8.74215e-05,0,0,0,0
0.0313023,0.0933444,3.0562e-05,-2.17861e-07,-2.17861e-07,9.95343e-05,0,0,0,0
0.106845,0.0803389,2.97252e-05,4.8778e-06,4.8778e-06,8.6022e-05,0,0,0,0
0.0310659,0.0954886,2.68619e-05,7.93324e-08,7.93324e-08,0.00010133,0,0,0,0
0.0383429,0.119501,4.32809e-05,-2.62363e-06,-2.62363e-06,0.000140288,0,0,0,0
0.0321786,0.120249,3.24591e-05,-2.24749e-06,-2.24749e-06,0.000139434,0,0,0,0
0.0836085,0.0932419,3.36261e-05,2.83735e-07,2.83735e-07,9.96244e-05,0,0,0,0
0.0318939,0.080677,3.42302e-05,-5.50449e-06,-5.50449e-06,8.74696e-05,0,0,0,0
0.0302655,0.0845078,2.90091e-05,-3.36084e-07,-3.36084e-07,9.01269e-05,0,0,0,0
0.0300542,0.121097,2.78121e-05,-1.90851e-06,-1.90851e-06,0.000139894,0,0,0,0
0.0958289,0.0821246,3.53305e-05,8.65153e-07,8.65153e-07,8.77656e-05,0,0,0,0
0.0765753,0.11953,3.1972e-05,2.46163e-06,2.46163e-06,0.000137971,0,0,0,0
0.083869,0.0841393,2.74112e-05,4.18099e-07,4.18099e-07,8.90603e-05,0,0,0,0
0.0305637,0.0835093,2.834e-05,-5.40128e-07,-5.40128e-07,8.82779e-05,0,0,0,0
0.0332467,0.0795716,3.7912e-05,-6.06188e-06,-6.06188e-06,8.70202e-05,0,0,0,0
0.0367575,0.094187,3.6649e-05,-1.29241e-07,-1.29241e-07,0.000101245,0,0,0,0
0.123636,0.0795036,4.04114e-05,6.409e-06,6.409e-06,8.78949e-05,0,0,0,0
0.0847128,0.0931011,3.45261e-05,2.95325e-07,2.95325e-07,9.98779e-05,0,0,0,0
0.0293033,0.083711,2.65528e-05,-4.96378e-07,-4.96378e-07,8.8211e-05,0,0,0,0
0.0697979,0.0954962,2.3919e-05,-7.55727e-08,-7.55727e-08,0.000101328,0,0,0,0
0.104499,0.0811573,4.20424e-05,1.16018e-06,1.16018e-06,8.76148e-05,0,0,0,0
0.0906357,0.0917256,3.86553e-05,5.28179e-07,5.28179e-07,9.89094e-05,0,0,0,0
0.0770617,0.120142,3.30624e-05,2.29561e-06,2.29561e-06,0.000139409,0,0,0,0
0.0357196,0.0822645,4.00138e-05,-8.9148e-07,-8.9148e-07,8.90119e-05,0,0,0,0
0.0884399,0.0929375,3.81725e-05,3.49223e-07,3.49223e-07,0.000100245,0,0,0,0
0.0900974,0.0831541,3.14185e-05,6.6133e-07,6.6133e-07,8.86432e-05,0,0,0,0
0.0856747,0.083036,2.8149e-05,6.02402e-07,6.02402e-07,8.75396e-05,0,0,0,0
0.0925069,0.118832,4.88336e-05,2.96856e-06,2.96856e-06,0.000140164,0,0,0,0
0.0841166,0.0842882,2.76971e-05,4.16666e-07,4.16666e-07,8.95043e-05,0,0,0,0
0.0953206,0.0826714,3.52751e-05,7.79839e-07,7.79839e-07,8.87109e-05,0,0,0,0
0.0329669,0.0822936,3.30385e-05,-7.93283e-07,-7.93283e-07,8.7533e-05,0,0,0,0
0.0908375,0.0826833,3.17797e-05,7.45236e-07,7.45236e-07,8.8088e-05,0,0,0,0
0.0850271,0.0934856,3.54633e-05,2.62468e-07,2.62468e-07,0.000100153,0,0,0,0
0.0699103,0.0955435,2.41209e-05,-8.9738e-08,-8.9738e-08,0.000101119,0,0,0,0
0.0329387,0.093245,3.23319e-05,-2.59936e-07,-2.59936e-07,9.9551e-05,0,0,0,0
0.0366422,0.0923393,3.93642e-05,-4.82026e-07,-4.82026e-07,9.94766e-05,0,0,0,0
0.0845998,0.084201,2.79666e-05,4.61288e-07,4.61288e-07,8.95344e-05,0,0,0,0
0.0347906,0.120444,3.52199e-05,-2.18423e-06,-2.18423e-06,0.00014026,0,0,0,0
0.110403,0.0813355,3.275e-05,5.25535e-06,5.25535e-06,8.80681e-05,0,0,0,0
0.0331865,0.0826313,3.37159e-05,-7.542e-07,-7.542e-07,8.81626e-05,0,0,0,0
0.0317722,0.0793085,3.63251e-05,-5.8152e-06,-5.8152e-06,8.67658e-05,0,0,0,0
0.031262,0.0833328,3.09803e-05,-6.03431e-07,-6.03431e-07,8.86893e-05,0,0,0,0
0.0850328,0.0930133,3.47181e-05,3.1515e-07,3.1515e-07,9.97038e-05,0,0,0,0
0.084172,0.0839702,2.74879e-05,4.99721e-07,4.99721e-07,8.90323e-05,0,0,0,0
0.0827715,0.0935809,3.33021e-05,2.29426e-07,2.29426e-07,9.99772e-05,0,0,0,0
0.036122,0.0815566,3.81543e-05,-1.0061e-06,-1.0061e-06,8.74257e-05,0,0,0,0
0.0674831,0.0963496,2.30287e-05,-1.81933e-07,-1.81933e-07,0.000101922,0,0,0,0
0.0797854,0.093897,3.08576e-05,1.59642e-07,1.59642e-07,0.000100047,0,0,0,0
0.02833,0.120517,3.03514e-05,-2.2127e-06,-2.2127e-06,0.000140027,0,0,0,0
0.0824235,0.0933527,3.26264e-05,2.5777e-07,2.5777e-07,9.95992e-05,0,0,0,0
0.0339779,0.0800309,4.0033e-05,-6.31027e-06,-6.31027e-06,8.79872e-05,0,0,0,0
0.0385566,0.0928052,4.269e-05,-4.11366e-07,-4.11366e-07,0.000100551,0,0,0,0
0.124909,0.0789332,4.06887e-05,6.47081e-06,6.47081e-06,8.674e-05,0,0,0,0
0.115866,0.0797398,3.50899e-05,5.65341e-06,5.65341e-06,8.67542e-05,0,0,0,0
0.0839861,0.119571,3.96955e-05,2.58094e-06,2.58094e-06,0.000139818,0,0,0,0
0.0770768,0.0942041,2.87538e-05,9.96847e-08,9.96847e-08,0.000100145,0,0,0,0
0.12004,0.0798431,3.78722e-05,6.05687e-06,6.05687e-06,8.69297e-05,0,0,0,0
0.0960736,0.0914446,4.40074e-05,7.11837e-07,7.11837e-07,9.89728e-05,0,0,0,0
0.0711231,0.121184,2.85494e-05,1.89612e-06,1.89612e-06,0.000140296,0,0,0,0
0.0413841,0.118581,5.10332e-05,-3.10515e-06,-3.10515e-06,0.0001402,0,0,0,0
0.101715,0.0809478,3.98295e-05,1.12033e-06,1.12033e-06,8.69749e-05,0,0,0,0
0.0335351,0.0939397,3.24296e-05,-1.61546e-07,-1.61546e-07,0.000100352,0,0,0,0
0.13489,0.0775924,4.72176e-05,7.41741e-06,7.41741e-06,8.65075e-05,0,0,0,0
0.0801157,0.0933393,3.04613e-05,2.33225e-07,2.33225e-07,9.92311e-05,0,0,0,0
0.0261592,0.0949344,2.48818e-05,3.17968e-09,3.17968e-09,0.000100931,0,0,0,0
0.031223,0.0834872,3.20696e-05,-5.85244e-07,-5.85244e-07,8.92534e-05,0,0,0,0
0.0744047,0.0943949,2.6633e-05,5.95826e-08,5.95826e-08,0.000100044,0,0,0,0
0.0308924,0.0802803,3.4179e-05,-5.5244e-06,-5.5244e-06,8.73139e-05,0,0,0,0
0.115759,0.0800333,3.52731e-05,5.68638e-06,5.68638e-06,8.74649e-05,0,0,0,0
0.0784878,0.120362,3.48666e-05,2.23132e-06,2.23132e-06,0.000140236,0,0,0,0
0.0882739,0.0836146,3.033e-05,5.66157e-07,5.66157e-07,8.91008e-05,0,0,0,0
0.0712532,0.120697,2.81299e-05,2.05123e-06,2.05123e-06,0.000139337,0,0,0,0
0.11552,0.0804547,3.54661e-05,5.69755e-06,5.69755e-06,8.80572e-05,0,0,0,0
0.0876682,0.0923246,3.64186e-05,4.19081e-07,4.19081e-07,9.93278e-05,0,0,0,0
0.0711138,0.0947964,2.43258e-05,-3.11303e-09,-3.11303e-09,0.000100129,0,0,0,0
0.0360142,0.0816694,3.94157e-05,-1.01705e-06,-1.01705e-06,8.79175e-05,0,0,0,0
0.111886,0.0800976,3.28597e-05,5.34663e-06,5.34663e-06,8.72975e-05,0,0,0,0
0.0730028,0.0954997,2.67994e-05,-7.55742e-08,-7.55742e-08,0.000101236,0,0,0,0
0.0827884,0.0928152,3.23175e-05,3.13335e-07,3.13335e-07,9.89651e-05,0,0,0,0
0.0720531,0.121113,2.9331e-05,1.95246e-06,1.95246e-06,0.000140529,0,0,0,0
0.0732909,0.0948033,2.61376e-05,6.25815e-09,6.25815e-09,0.000100504,0,0,0,0
0.0810231,0.119949,3.69783e-05,2.42246e-06,2.42246e-06,0.000140105,0,0,0,0
0.0963972,0.0825752,3.61024e-05,8.0107e-07,8.0107e-07,8.87003e-05,0,0,0,0
0.0277562,0.0810254,2.67869e-05,-4.4704e-06,-4.4704e-06,8.66284e-05,0,0,0,0
0.0378894,0.0783466,4.86542e-05,-7.62934e-06,-7.62934e-06,8.7538e-05,0,0,0,0
0.1056,0.0814563,2.97024e-05,4.87833e-06,4.87833e-06,8.78954e-05,0,0,0,0
0.123279,0.0799151,4.04442e-05,6.37889e-06,6.37889e-06,8.7755e-05,0,0,0,0
0.0770245,0.120268,3.31861e-05,2.24161e-06,2.24161e-06,0.000139551,0,0,0,0
0.0793671,0.093706,3.0215e-05,1.86835e-07,1.86835e-07,9.96199e-05,0,0,0,0
0.0826474,0.0836324,2.628e-05,5.32328e-07,5.32328e-07,8.8217e-05,0,0,0,0
0.0885639,0.119311,4.47749e-05,2.72533e-06,2.72533e-06,0.000140477,0,0,0,0
0.114729,0.0808586,3.53123e-05,5.63616e-06,5.63616e-06,8.83722e-05,0,0,0,0
0.115426,0.0802256,3.51834e-05,5.6683e-06,5.6683e-06,8.76314e-05,0,0,0,0
0.0326127,0.0933997,3.00294e-05,-2.2107e-07,-2.2107e-07,9.92236e-05,0,0,0,0
0.101768,0.0824446,2.81619e-05,4.58665e-06,4.58665e-06,8.8646e-05,0,0,0,0
0.0858132,0.119295,4.13264e-05,2.70509e-06,2.70509e-06,0.000139512,0,0,0,0
0.106292,0.0801829,2.94815e-05,4.81632e-06,4.81632e-06,8.6154e-05,0,0,0,0
0.0790009,0.120067,3.49673e-05,2.35295e-06,2.35295e-06,0.000139795,0,0,0,0
0.0845545,0.0938854,3.5683e-05,2.04965e-07,2.04965e-07,0.000100555,0,0,0,0
0.0934664,0.0831487,3.41684e-05,6.35353e-07,6.35353e-07,8.90117e-05,0,0,0,0
0.0963844,0.0824442,3.59782e-05,8.24104e-07,8.24104e-07,8.84427e-05,0,0,0,0
0.0304297,0.083279,3.29097e-05,-6.61519e-07,-6.61519e-07,8.92628e-05,0,0,0,0
0.0743818,0.0950466,2.7381e-05,-2.31798e-08,-2.31798e-08,0.000101173,0,0,0,0
0.0293274,0.0810024,3.08518e-05,-5.04787e-06,-5.04787e-06,8.7487e-05,0,0,0,0
0.0716762,0.0948259,2.47722e-05,-8.976e-10,-8.976e-10,0.000100603,0,0,0,0
0.0276645,0.120533,2.76042e-05,-2.13008e-06,-2.13008e-06,0.000139206,0,0,0,0
0.066493,0.121846,2.50158e-05,1.72079e-06,1.72079e-06,0.000140955,0,0,0,0
0.117278,0.0807422,3.70644e-05,5.86747e-06,5.86747e-06,8.86941e-05,0,0,0,0
0.131739,0.0784079,4.52766e-05,7.15211e-06,7.15211e-06,8.6941e-05,0,0,0,0
0.0922832,0.0820416,3.26241e-05,8.02354e-07,8.02354e-07,8.69241e-05,0,0,0,0
0.0842564,0.118929,3.89586e-05,2.8173e-06,2.8173e-06,0.000138124,0,0,0,0
0.0963884,0.081805,3.56626e-05,9.11525e-07,9.11525e-07,8.73022e-05,0,0,0,0
0.0314011,0.0799736,3.76952e-05,-6.02059e-06,-6.02059e-06,8.79548e-05,0,0,0,0
0.0271637,0.120898,2.82649e-05,-2.07873e-06,-2.07873e-06,0.000140259,0,0,0,0
0.0306367,0.120662,3.084e-05,-2.10876e-06,-2.10876e-06,0.000140001,0,0,0,0
0.0340218,0.119797,3.65852e-05,-2.463e-06,-2.463e-06,0.000139568,0,0,0,0
0.119654,0.0792344,3.72822e-05,5.96641e-06,5.96641e-06,8.64544e-05,0,0,0,0
0.0399495,0.0930769,4.41856e-05,-3.56909e-07,-3.56909e-07,0.00010106,0,0,0,0
0.0883233,0.0833907,3.02086e-05,6.27807e-07,6.27807e-07,8.88299e-05,0,0,0,0
0.0338901,0.0791448,4.00526e-05,-6.37191e-06,-6.37191e-06,8.70425e-05,0,0,0,0
0.0335845,0.0821891,3.65123e-05,-8.84473e-07,-8.84473e-07,8.82204e-05,0,0,0,0
0.129127,0.0798309,4.51092e-05,6.96614e-06,6.96614e-06,8.85322e-05,0,0,0,0
0.0740804,0.121801,3.2517e-05,1.70717e-06,1.70717e-06,0.000142504,0,0,0,0
0.027158,0.122804,2.3505e-05,-1.41659e-06,-1.41659e-06,0.000142182,0,0,0,0
0.101529,0.0811935,2.70761e-05,4.52044e-06,4.52044e-06,8.69048e-05,0,0,0,0
0.100408,0.0811338,2.63944e-05,4.41302e-06,4.41302e-06,8.64832e-05,0,0,0,0
0.0786399,0.0849398,2.42361e-05,2.86843e-07,2.86843e-07,8.96575e-05,0,0,0,0
0.0796777,0.11969,3.51936e-05,2.49882e-06,2.49882e-06,0.000139245,0,0,0,0
0.0636825,0.0957674,1.94915e-05,-1.12724e-07,-1.12724e-07,0.000100994,0,0,0,0
0.0291189,0.0804563,3.38797e-05,-5.49891e-06,-5.49891e-06,8.7969e-05,0,0,0,0
0.0976557,0.0822311,2.54501e-05,4.27407e-06,4.27407e-06,8.77882e-05,0,0,0,0
0.12258,0.0791996,3.92538e-05,6.25875e-06,6.25875e-06,8.6837e-05,0,0,0,0
0.0314207,0.083322,3.20711e-05,-6.17988e-07,-6.17988e-07,8.89686e-05,0,0,0,0
0.0748779,0.0948608,2.76271e-05,1.30514e-08,1.30514e-08,0.000100597,0,0,0,0
0.0680373,0.0949318,2.20376e-05,-3.56607e-08,-3.56607e-08,0.000100291,0,0,0,0
0.0846151,0.119567,4.04159e-05,2.58202e-06,2.58202e-06,0.000139851,0,0,0,0
0.0913693,0.119295,4.85223e-05,2.72874e-06,2.72874e-06,0.000140862,0,0,0,0
0.121405,0.0801882,3.94111e-05,6.21324e-06,6.21324e-06,8.80784e-05,0,0,0,0
0.086938,0.0933201,3.72018e-05,3.27179e-07,3.27179e-07,0.000100019,0,0,0,0
0.0324357,0.0814284,3.67001e-05,-5.70812e-06,-5.70812e-06,8.91189e-05,0,0,0,0
0.089992,0.119693,4.7744e-05,2.52232e-06,2.52232e-06,0.000141552,0,0,0,0
0.0712867,0.120983,2.84611e-05,1.96563e-06,1.96563e-06,0.000139938,0,0,0,0
0.0346531,0.0820849,3.6098e-05,-8.83303e-07,-8.83303e-07,8.78236e-05,0,0,0,0
0.117071,0.0811014,3.73356e-05,5.83135e-06,5.83135e-06,8.86452e-05,0,0,0,0
0.0319386,0.0805489,3.63694e-05,-5.79347e-06,-5.79347e-06,8.80224e-05,0,0,0,0
0.0821213,0.0933859,3.23851e-05,2.39557e-07,2.39557e-07,9.9766e-05,0,0,0,0
0.0912768,0.118386,4.63013e-05,3.15572e-06,3.15572e-06,0.000138923,0,0,0,0
0.0356058,0.0824783,3.67292e-05,-8.03483e-07,-8.03483e-07,8.8462e-05,0,0,0,0
0.0801352,0.0842043,2.48028e-05,4.19369e-07,4.19369e-07,8.86197e-05,0,0,0,0
0.0861603,0.118631,4.07006e-05,2.95712e-06,2.95712e-06,0.000138081,0,0,0,0
0.0298375,0.0952331,2.62576e-05,4.83903e-08,4.83903e-08,0.000101033,0,0,0,0
0.0338544,0.0933565,3.29884e-05,-2.58602e-07,-2.58602e-07,9.9688e-05,0,0,0,0
0.121705,0.0797644,3.9145e-05,6.22081e-06,6.22081e-06,8.75742e-05,0,0,0,0
0.0361941,0.0787364,4.37537e-05,-6.92212e-06,-6.92212e-06,8.70241e-05,0,0,0,0
0.0267277,0.121826,2.65462e-05,-1.78423e-06,-1.78423e-06,0.00014152,0,0,0,0
0.109563,0.080732,3.16625e-05,5.16687e-06,5.16687e-06,8.73333e-05,0,0,0,0
0.108516,0.080541,3.08708e-05,5.05395e-06,5.05395e-06,8.68274e-05,0,0,0,0
0.0308779,0.120098,3.26412e-05,-2.33069e-06,-2.33069e-06,0.000139472,0,0,0,0
0.0373734,0.0926658,3.91132e-05,-4.36081e-07,-4.36081e-07,9.97057e-05,0,0,0,0
0.0364408,0.0925688,3.88734e-05,-4.3722e-07,-4.3722e-07,9.96821e-05,0,0,0,0
0.0751463,0.0948447,2.77833e-05,7.62891e-09,7.62891e-09,0.00010113,0,0,0,0
0.0735305,0.0956629,2.75163e-05,-1.02913e-07,-1.02913e-07,0.000101621,0,0,0,0
0.0734516,0.120515,2.99808e-05,2.17594e-06,2.17594e-06,0.000139731,0,0,0,0
0.108008,0.0804622,3.05474e-05,5.0062e-06,5.0062e-06,8.67714e-05,0,0,0,0
0.133167,0.0790092,4.72222e-05,7.35703e-06,7.35703e-06,8.80846e-05,0,0,0,0
0.0743092,0.121204,3.16429e-05,1.99226e-06,1.99226e-06,0.000141585,0,0,0,0
0.0387527,0.0790106,4.79617e-05,-7.47928e-06,-7.47928e-06,8.78361e-05,0,0,0,0
0.0968276,0.0822154,3.62017e-05,8.74919e-07,8.74919e-07,8.81924e-05,0,0,0,0
0.0314075,0.119768,3.25977e-05,-2.41805e-06,-2.41805e-06,0.0001387,0,0,0,0
0.0343247,0.0836575,3.49725e-05,-4.87938e-07,-4.87938e-07,9.00417e-05,0,0,0,0
0.108573,0.0813275,3.14964e-05,5.1012e-06,5.1012e-06,8.7809e-05,0,0,0,0
0.0298249,0.0946472,2.68836e-05,-2.92126e-08,-2.92126e-08,0.000100448,0,0,0,0
0.0854346,0.0840775,2.85043e-05,4.81278e-07,4.81278e-07,8.945e-05,0,0,0,0
0.137315,0.0777823,4.89784e-05,7.72633e-06,7.72633e-06,8.6764e-05,0,0,0,0
0.0813834,0.119131,3.63508e-05,2.69844e-06,2.69844e-06,0.000138471,0,0,0,0
0.0352506,0.0933834,3.55257e-05,-2.73119e-07,-2.73119e-07,0.000100118,0,0,0,0
0.117968,0.0800766,3.67517e-05,5.88064e-06,5.88064e-06,8.74474e-05,0,0,0,0
0.090129,0.0832389,3.14979e-05,6.34978e-07,6.34978e-07,8.87229e-05,0,0,0,0
0.0313136,0.0831989,3.06825e-05,-6.23375e-07,-6.23375e-07,8.83934e-05,0,0,0,0
0.028352,0.121011,2.69913e-05,-1.95834e-06,-1.95834e-06,0.000139761,0,0,0,0
0.0236716,0.122899,2.05375e-05,-1.4488e-06,-1.4488e-06,0.000141868,0,0,0,0
0.0919188,0.118397,4.70818e-05,3.1648e-06,3.1648e-06,0.000138993,0,0,0,0
0.136826,0.0776622,4.86632e-05,7.6524e-06,7.6524e-06,8.68355e-05,0,0,0,0
0.0321831,0.0937537,2.99565e-05,-1.72843e-07,-1.72843e-07,9.97106e-05,0,0,0,0
0.0790556,0.0931096,2.93394e-05,2.14039e-07,2.14039e-07,9.90448e-05,0,0,0,0
0.0752234,0.120453,3.16168e-05,2.16841e-06,2.16841e-06,0.000139638,0,0,0,0
0.107101,0.0811738,3.04285e-05,4.98726e-06,4.98726e-06,8.76769e-05,0,0,0,0
0.107535,0.0810854,4.48043e-05,1.23217e-06,1.23217e-06,8.82184e-05,0,0,0,0
0.114423,0.080744,3.49138e-05,5.58721e-06,5.58721e-06,8.78063e-05,0,0,0,0
0.0788152,0.0846184,2.41228e-05,3.70227e-07,3.70227e-07,8.91878e-05,0,0,0,0
0.0929838,0.0823396,3.32353e-05,7.95965e-07,7.95965e-07,8.76948e-05,0,0,0,0
0.0795137,0.120179,3.56817e-05,2.32864e-06,2.32864e-06,0.000140278,0,0,0,0
0.0795459,0.0937822,3.04775e-05,1.79701e-07,1.79701e-07,9.97473e-05,0,0,0,0
0.0332852,0.0824353,3.5462e-05,-8.21964e-07,-8.21964e-07,8.83368e-05,0,0,0,0
0.0359861,0.0930887,3.52664e-05,-3.38924e-07,-3.38924e-07,9.9544e-05,0,0,0,0
0.0642111,0.0958231,1.99588e-05,-1.30088e-07,-1.30088e-07,0.000100816,0,0,0,0
0.107351,0.0813906,3.07624e-05,5.0091e-06,5.0091e-06,8.78751e-05,0,0,0,0
0.111816,0.0806863,4.85038e-05,1.38364e-06,1.38364e-06,8.81593e-05,0,0,0,0
0.0763444,0.0938806,2.77289e-05,1.22338e-07,1.22338e-07,9.99173e-05,0,0,0,0
0.0387505,0.0815389,4.29537e-05,-1.08943e-06,-1.08943e-06,8.82951e-05,0,0,0,0
0.105666,0.0813541,2.96415e-05,4.86495e-06,4.86495e-06,8.75372e-05,0,0,0,0
0.124369,0.0797244,4.10101e-05,6.47663e-06,6.47663e-06,8.75469e-05,0,0,0,0
0.123041,0.0794556,3.98016e-05,6.32916e-06,6.32916e-06,8.72829e-05,0,0,0,0
0.0291006,0.120823,2.82203e-05,-2.02814e-06,-2.02814e-06,0.00013969,0,0,0,0
0.0863791,0.0832171,2.86585e-05,5.78737e-07,5.78737e-07,8.78038e-05,0,0,0,0
0.0763247,0.120559,3.28782e-05,2.14013e-06,2.14013e-06,0.000140105,0,0,0,0
0.108599,0.0809192,3.12055e-05,5.10759e-06,5.10759e-06,8.76525e-05,0,0,0,0
0.0828059,0.0944344,3.48302e-05,7.67224e-08,7.67224e-08,0.000101362,0,0,0,0
0.0922534,0.0821933,3.26688e-05,7.94235e-07,7.94235e-07,8.73162e-05,0,0,0,0
0.0298359,0.121388,2.85945e-05,-1.84733e-06,-1.84733e-06,0.0001408,0,0,0,0
0.107495,0.0818487,3.13323e-05,5.02642e-06,5.02642e-06,8.84814e-05,0,0,0,0
0.0910629,0.0916741,3.89484e-05,5.86179e-07,5.86179e-07,9.84712e-05,0,0,0,0
0.0702918,0.120815,2.73806e-05,2.00589e-06,2.00589e-06,0.000139389,0,0,0,0
0.0391626,0.091602,4.18918e-05,-6.68953e-07,-6.68953e-07,9.87342e-05,0,0,0,0
0.0771336,0.119627,3.26095e-05,2.45993e-06,2.45993e-06,0.000138455,0,0,0,0
0.108906,0.0815659,4.68453e-05,1.10922e-06,1.10922e-06,8.92779e-05,0,0,0,0
0.0312757,0.0932808,2.78786e-05,-1.8051e-07,-1.8051e-07,9.88409e-05,0,0,0,0
0.0921671,0.0832038,3.31151e-05,6.44702e-07,6.44702e-07,8.90081e-05,0,0,0,0
0.0354598,0.0817886,3.82933e-05,-9.75436e-07,-9.75436e-07,8.78699e-05,0,0,0,0
0.0865687,0.0936317,3.74203e-05,2.3049e-07,2.3049e-07,0.000100753,0,0,0,0
0.0728123,0.0945715,2.54706e-05,2.79253e-08,2.79253e-08,0.000100244,0,0,0,0
0.118207,0.079999,3.68474e-05,5.89795e-06,5.89795e-06,8.73719e-05,0,0,0,0
0.0289114,0.0835135,2.79294e-05,-5.62723e-07,-5.62723e-07,8.83702e-05,0,0,0,0
0.0867853,0.118976,4.1876e-05,2.84679e-06,2.84679e-06,0.000138882,0,0,0,0
0.0345069,0.0825117,3.6198e-05,-8.01713e-07,-8.01713e-07,8.85009e-05,0,0,0,0
0.0297453,0.0941998,2.74303e-05,-8.64485e-08,-8.64485e-08,0.000100048,0,0,0,0
0.0376001,0.0785023,4.72804e-05,-7.43178e-06,-7.43178e-06,8.73917e-05,0,0,0,0
0.132976,0.0786582,4.64876e-05,7.31162e-06,7.31162e-06,8.73888e-05,0,0,0,0
0.0922874,0.0832916,3.33112e-05,6.12223e-07,6.12223e-07,8.9123e-05,0,0,0,0
0.0794689,0.120295,3.58349e-05,2.25331e-06,2.25331e-06,0.000140219,0,0,0,0
0.0735915,0.0948562,2.64655e-05,2.14534e-09,2.14534e-09,0.000100569,0,0,0,0
0.0735453,0.121454,3.1309e-05,1.84756e-06,1.84756e-06,0.000141664,0,0,0,0
0.0753227,0.120069,3.13221e-05,2.33186e-06,2.33186e-06,0.000139238,0,0,0,0
0.0247021,0.0852056,2.45158e-05,-3.31541e-07,-3.31541e-07,9.04667e-05,0,0,0,0
0.081497,0.119722,3.7126e-05,2.4873e-06,2.4873e-06,0.00013937,0,0,0,0
0.031864,0.0823899,3.50525e-05,-8.42816e-07,-8.42816e-07,8.83437e-05,0,0,0,0
0.0284391,0.0839969,2.70927e-05,-4.7772e-07,-4.7772e-07,8.89078e-05,0,0,0,0
0.082748,0.0945171,3.4936e-05,1.0609e-07,1.0609e-07,0.000101094,0,0,0,0
0.128283,0.0801049,4.48827e-05,6.8875e-06,6.8875e-06,8.8794e-05,0,0,0,0
0.132199,0.0794323,4.7103e-05,7.27401e-06,7.27401e-06,8.8533e-05,0,0,0,0
0.0909543,0.0929983,4.11722e-05,3.56447e-07,3.56447e-07,0.000100658,0,0,0,0
0.0358364,0.118651,4.05253e-05,-2.94356e-06,-2.94356e-06,0.000138227,0,0,0,0
0.0315156,0.0796997,3.58445e-05,-5.76368e-06,-5.76368e-06,8.70546e-05,0,0,0,0
0.111232,0.0813814,3.34267e-05,5.36107e-06,5.36107e-06,8.88195e-05,0,0,0,0
0.0963667,0.0817888,3.57171e-05,9.20897e-07,9.20897e-07,8.74608e-05,0,0,0,0
0.0349098,0.0922122,3.51108e-05,-4.26817e-07,-4.26817e-07,9.86817e-05,0,0,0,0
0.0791534,0.119749,3.47208e-05,2.46787e-06,2.46787e-06,0.000139206,0,0,0,0
0.0302829,0.121239,2.94888e-05,-1.90167e-06,-1.90167e-06,0.00014074,0,0,0,0
0.106573,0.0813232,4.41304e-05,1.17071e-06,1.17071e-06,8.84936e-05,0,0,0,0
0.080177,0.119633,3.5645e-05,2.52843e-06,2.52843e-06,0.000139274,0,0,0,0
0.0904078,0.0824145,3.13057e-05,7.32138e-07,7.32138e-07,8.71935e-05,0,0,0,0
0.0298854,0.0827807,3.0476e-05,-7.04064e-07,-7.04064e-07,8.79236e-05,0,0,0,0
0.116695,0.0805712,3.63566e-05,5.78715e-06,5.78715e-06,8.79203e-05,0,0,0,0
0.0755555,0.0935218,2.67843e-05,1.43315e-07,1.43315e-07,9.89378e-05,0,0,0,0
0.0318666,0.120043,3.3793e-05,-2.35564e-06,-2.35564e-06,0.000139556,0,0,0,0
0.0823953,0.093601,3.29455e-05,2.46647e-07,2.46647e-07,9.9726e-05,0,0,0,0
0.0906244,0.0827805,3.15863e-05,6.94307e-07,6.94307e-07,8.78692e-05,0,0,0,0
0.0320263,0.0943289,2.98687e-05,-8.91804e-08,-8.91804e-08,0.00010045,0,0,0,0
0.0998847,0.0823991,3.90352e-05,8.74826e-07,8.74826e-07,8.91814e-05,0,0,0,0
0.0925917,0.09169,4.05409e-05,6.24955e-07,6.24955e-07,9.86793e-05,0,0,0,0
0.080225,0.119087,3.50659e-05,2.66833e-06,2.66833e-06,0.000137769,0,0,0,0
0.027811,0.0839398,2.59858e-05,-4.81733e-07,-4.81733e-07,8.85661e-05,0,0,0,0
0.0309299,0.120426,3.21361e-05,-2.21055e-06,-2.21055e-06,0.000139932,0,0,0,0
0.0340312,0.0838076,3.33058e-05,-4.47457e-07,-4.47457e-07,8.98408e-05,0,0,0,0
0.0349454,0.0942686,3.34349e-05,-1.16246e-07,-1.16246e-07,0.000100819,0,0,0,0
0.0801426,0.0936336,3.08355e-05,1.85532e-07,1.85532e-07,9.99875e-05,0,0,0,0
0.0850823,0.11863,3.95675e-05,2.92811e-06,2.92811e-06,0.000137897,0,0,0,0
0.0344655,0.119834,3.66194e-05,-2.44322e-06,-2.44322e-06,0.000139562,0,0,0,0
0.0749947,0.121206,3.24901e-05,1.90852e-06,1.90852e-06,0.000141296,0,0,0,0
0.129285,0.0800797,4.57601e-05,6.9893e-06,6.9893e-06,8.9037e-05,0,0,0,0
0.0970192,0.0912707,4.48385e-05,7.26454e-07,7.26454e-07,9.90938e-05,0,0,0,0
0.0374127,0.0784718,4.57427e-05,-7.22681e-06,-7.22681e-06,8.69672e-05,0,0,0,0
0.0832797,0.119763,3.92216e-05,2.50804e-06,2.50804e-06,0.000140214,0,0,0,0
0.098955,0.0816673,3.77061e-05,9.87913e-07,9.87913e-07,8.77034e-05,0,0,0,0
0.0823532,0.119487,3.77195e-05,2.58935e-06,2.58935e-06,0.000139151,0,0,0,0
0.0354032,0.0920968,3.7767e-05,-4.84733e-07,-4.84733e-07,9.90461e-05,0,0,0,0
0.130094,0.0793628,4.52566e-05,7.05056e-06,7.05056e-06,8.83469e-05,0,0,0,0
0.0697135,0.121488,2.75442e-05,1.84077e-06,1.84077e-06,0.000140903,0,0,0,0
0.0235972,0.082453,2.14052e-05,-3.7546e-06,-3.7546e-06,8.75443e-05,0,0,0,0
0.0310198,0.0801159,3.5643e-05,-5.73396e-06,-5.73396e-06,8.75717e-05,0,0,0,0
0.118637,0.0797876,3.69972e-05,5.92736e-06,5.92736e-06,8.72701e-05,0,0,0,0
0.0781495,0.120028,3.40347e-05,2.36533e-06,2.36533e-06,0.000139596,0,0,0,0
0.0328585,0.0805685,3.69622e-05,-5.86243e-06,-5.86243e-06,8.79683e-05,0,0,0,0
0.0398236,0.0818678,4.287e-05,-9.89535e-07,-9.89535e-07,8.86587e-05,0,0,0,0
0.0860595,0.119094,4.12887e-05,2.7923e-06,2.7923e-06,0.000139252,0,0,0,0
0.0706247,0.121791,2.88844e-05,1.70319e-06,1.70319e-06,0.000141539,0,0,0,0
0.0332696,0.0829241,3.39242e-05,-6.96259e-07,-6.96259e-07,8.86548e-05,0,0,0,0
0.0275055,0.121337,2.6541e-05,-1.88414e-06,-1.88414e-06,0.000140405,0,0,0,0
0.0336329,0.119341,3.61349e-05,-2.61853e-06,-2.61853e-06,0.000138596,0,0,0,0
0.0782393,0.119947,3.39943e-05,2.3639e-06,2.3639e-06,0.000139081,0,0,0,0
0.0830509,0.0931205,3.29116e-05,2.99547e-07,2.99547e-07,9.92926e-05,0,0,0,0
0.0629034,0.121794,2.1996e-05,1.69595e-06,1.69595e-06,0.000140076,0,0,0,0
0.0331226,0.0931206,3.40526e-05,-2.89713e-07,-2.89713e-07,9.97861e-05,0,0,0,0
0.0867389,0.118823,4.16978e-05,2.90905e-06,2.90905e-06,0.000138999,0,0,0,0
0.0884943,0.118472,4.3025e-05,3.07571e-06,3.07571e-06,0.000138084,0,0,0,0
0.0893073,0.0922862,3.80121e-05,4.67218e-07,4.67218e-07,9.92683e-05,0,0,0,0
0.0932373,0.0828852,3.37245e-05,7.34434e-07,7.34434e-07,8.87669e-05,0,0,0,0
0.0324905,0.0948385,3.06472e-05,-9.21503e-09,-9.21503e-09,0.000101256,0,0,0,0
0.0298284,0.0944896,2.62547e-05,-4.61642e-08,-4.61642e-08,0.000100077,0,0,0,0
0.123607,0.0791813,3.99084e-05,6.35968e-06,6.35968e-06,8.67846e-05,0,0,0,0
0.106971,0.0810446,3.02381e-05,4.96244e-06,4.96244e-06,8.7377e-05,0,0,0,0
0.0296772,0.0803947,3.45224e-05,-5.58264e-06,-5.58264e-06,8.79342e-05,0,0,0,0
0.121206,0.0800704,3.91267e-05,6.19112e-06,6.19112e-06,8.79592e-05,0,0,0,0
0.098366,0.0825943,3.78696e-05,7.94672e-07,7.94672e-07,8.90418e-05,0,0,0,0
0.0947607,0.0821687,3.46134e-05,8.72813e-07,8.72813e-07,8.80097e-05,0,0,0,0
0.0267273,0.0819774,2.54293e-05,-4.28519e-06,-4.28519e-06,8.74935e-05,0,0,0,0
0.0299949,0.120287,2.91416e-05,-2.18713e-06,-2.18713e-06,0.000138789,0,0,0,0
0.0968259,0.0824912,3.63499e-05,7.87898e-07,7.87898e-07,8.82611e-05,0,0,0,0
0.0323471,0.0938532,3.24806e-05,-1.66218e-07,-1.66218e-07,0.000100454,0,0,0,0
0.0747379,0.120498,3.11938e-05,2.14353e-06,2.14353e-06,0.000139579,0,0,0,0
0.0730895,0.0954796,2.68492e-05,-7.36296e-08,-7.36296e-08,0.000101232,0,0,0,0
0.093259,0.0825208,3.35239e-05,7.85688e-07,7.85688e-07,8.81109e-05,0,0,0,0
0.142533,0.078131,5.40189e-05,8.37387e-06,8.37387e-06,8.82249e-05,0,0,0,0
0.11445,0.0809948,3.52436e-05,5.60299e-06,5.60299e-06,8.82898e-05,0,0,0,0
0.0244249,0.0849937,2.0952e-05,-3.15676e-07,-3.15676e-07,8.90072e-05,0,0,0,0
0.0379488,0.078995,4.39167e-05,-6.97467e-06,-6.97467e-06,8.68173e-05,0,0,0,0
0.0761886,0.0942923,2.80639e-05,8.1779e-08,8.1779e-08,0.000100192,0,0,0,0
0.124367,0.078986,4.04423e-05,6.426e-06,6.426e-06,8.70366e-05,0,0,0,0
0.126825,0.0790538,4.22902e-05,6.68889e-06,6.68889e-06,8.74893e-05,0,0,0,0
0.0841675,0.119354,3.95664e-05,2.67738e-06,2.67738e-06,0.000139548,0,0,0,0
0.0347461,0.11939,3.74488e-05,-2.62116e-06,-2.62116e-06,0.000138891,0,0,0,0
0.134827,0.0791679,4.89334e-05,7.54769e-06,7.54769e-06,8.85113e-05,0,0,0,0
0.0756586,0.120631,3.22939e-05,2.11302e-06,2.11302e-06,0.000140136,0,0,0,0
0.0733585,0.0937276,2.5227e-05,8.57832e-08,8.57832e-08,9.9127e-05,0,0,0,0
0.117842,0.0810589,3.78983e-05,5.90567e-06,5.90567e-06,8.88718e-05,0,0,0,0
0.0320841,0.0832646,3.08224e-05,-6.00297e-07,-6.00297e-07,8.84403e-05,0,0,0,0
0.0745583,0.0849238,2.14934e-05,3.49789e-07,3.49789e-07,8.91178e-05,0,0,0,0
0.0331195,0.120604,3.1934e-05,-2.09919e-06,-2.09919e-06,0.000139777,0,0,0,0
0.0877095,0.118551,4.2328e-05,3.02067e-06,3.02067e-06,0.000138311,0,0,0,0
