mu1,mu2,s1,s2,s3,s4,a1,b1,a2,b2
0.0844231,0.0942408,3.62444e-05,1.33209e-07,1.33209e-07,0.000101125,0,0,0,0
0.0735735,0.0943767,2.58687e-05,5.90328e-08,5.90328e-08,0.000100398,0,0,0,0
0.125126,0.0792708,4.11088e-05,6.52343e-06,6.52343e-06,8.71676e-05,0,0,0,0
0.0863496,0.0361557,2.95781e-05,1.84587e-06,1.84587e-06,4.60251e-05,0,0,0,0
0.0771953,0.0943183,2.89952e-05,8.1505e-08,8.1505e-08,0.000100488,0,0,0,0
0.0962166,0.0345702,3.67492e-05,2.22165e-06,2.22165e-06,4.62902e-05,0,0,0,0
0.109738,0.0804708,3.15793e-05,5.15454e-06,5.15454e-06,8.68519e-05,0,0,0,0
0.0770118,0.0348027,3.39561e-05,2.61885e-07,2.61885e-07,4.5784e-05,0,0,0,0
0.0992397,0.081504,3.78716e-05,1.00781e-06,1.00781e-06,8.74124e-05,0,0,0,0
0.0322974,0.0930174,3.23569e-05,-2.80787e-07,-2.80787e-07,9.94065e-05,0,0,0,0
0.12602,0.0786316,4.13688e-05,6.55737e-06,6.55737e-06,8.66986e-05,0,0,0,0
0.0530454,0.0363769,2.0384e-05,-1.09073e-07,-1.09073e-07,4.53924e-05,0,0,0,0
0.0831763,0.0834575,2.65878e-05,5.49935e-07,5.49935e-07,8.79919e-05,0,0,0,0
0.0924269,0.0828224,3.30191e-05,7.19284e-07,7.19284e-07,8.83724e-05,0,0,0,0
0.0804279,0.0939399,3.15299e-05,1.50943e-07,1.50943e-07,0.000100334,0,0,0,0
0.122452,0.0794917,3.94225e-05,6.27442e-06,6.27442e-06,8.73031e-05,0,0,0,0
0.0406281,0.117177,4.9136e-05,-3.68407e-06,-3.68407e-06,0.000137062,0,0,0,0
0.0246666,0.0818061,2.33348e-05,-4.01599e-06,-4.01599e-06,8.72326e-05,0,0,0,0
0.0461614,0.0369464,1.57211e-05,-1.59383e-07,-1.59383e-07,4.70724e-05,0,0,0,0
0.0581699,0.0354233,2.44494e-05,-1.06556e-07,-1.06556e-07,4.52052e-05,0,0,0,0
0.050706,0.116706,7.18921e-05,-4.34027e-06,-4.34027e-06,0.000140341,0,0,0,0
0.0442499,0.116727,5.69592e-05,-4.11728e-06,-4.11728e-06,0.000137632,0,0,0,0
0.118479,0.0792379,5.42161e-05,1.82345e-06,1.82345e-06,8.71873e-05,0,0,0,0
0.0724182,0.0348751,3.03059e-05,1.58722e-07,1.58722e-07,4.53254e-05,0,0,0,0
0.0410092,0.0365491,1.43982e-05,-1.07674e-06,-1.07674e-06,4.57714e-05,0,0,0,0
0.0224285,0.0839712,2.11655e-05,-4.67019e-07,-4.67019e-07,8.7958e-05,0,0,0,0
0.0508647,0.0372402,1.9083e-05,-1.89032e-07,-1.89032e-07,4.70324e-05,0,0,0,0
0.0883796,0.0359832,3.07514e-05,1.96942e-06,1.96942e-06,4.58793e-05,0,0,0,0
0.0734277,0.0351791,3.12461e-05,1.43518e-07,1.43518e-07,4.52909e-05,0,0,0,0
0.0753527,0.0327613,3.3017e-05,2.11964e-07,2.11964e-07,4.54578e-05,0,0,0,0
0.074244,0.0320652,3.25309e-05,1.45415e-07,1.45415e-07,4.54058e-05,0,0,0,0
0.0731659,0.0945995,2.5738e-05,3.92706e-08,3.92706e-08,0.000100704,0,0,0,0
0.0792964,0.0356083,2.49722e-05,1.65569e-06,1.65569e-06,4.59352e-05,0,0,0,0
0.0366052,0.0391739,1.17152e-05,-1.04223e-06,-1.04223e-06,4.68092e-05,0,0,0,0
0.0814271,0.0935756,3.19781e-05,2.12702e-07,2.12702e-07,9.98666e-05,0,0,0,0
0.0198374,0.0832407,1.51696e-05,-2.85025e-06,-2.85025e-06,8.72591e-05,0,0,0,0
0.0777214,0.120275,3.39181e-05,2.26667e-06,2.26667e-06,0.000139945,0,0,0,0
0.047808,0.116245,6.54027e-05,-4.56719e-06,-4.56719e-06,0.000138253,0,0,0,0
0.0499896,0.0361863,1.82685e-05,-1.40056e-07,-1.40056e-07,4.6011e-05,0,0,0,0
0.0250566,0.0838192,2.44021e-05,-5.23946e-07,-5.23946e-07,8.82958e-05,0,0,0,0
0.0919448,0.0922287,4.07769e-05,5.0427e-07,5.0427e-07,9.96843e-05,0,0,0,0
0.0278006,0.0805816,2.63315e-05,-4.34665e-06,-4.34665e-06,8.61265e-05,0,0,0,0
0.130374,0.079397,4.54488e-05,7.07816e-06,7.07816e-06,8.81521e-05,0,0,0,0
0.0461877,0.0385154,1.80598e-05,-1.28989e-06,-1.28989e-06,4.55643e-05,0,0,0,0
0.0478656,0.115885,6.30102e-05,-4.72106e-06,-4.72106e-06,0.000136909,0,0,0,0
0.036926,0.0809854,3.98599e-05,-1.11939e-06,-1.11939e-06,8.69888e-05,0,0,0,0
0.0429927,0.0386647,1.6144e-05,-1.29078e-06,-1.29078e-06,4.66287e-05,0,0,0,0
0.0883706,0.0833632,3.02189e-05,5.76376e-07,5.76376e-07,8.84512e-05,0,0,0,0
0.0667497,0.0955406,2.16164e-05,-9.66851e-08,-9.66851e-08,0.000100574,0,0,0,0
0.0451084,0.11658,6.26472e-05,-4.26996e-06,-4.26996e-06,0.000138788,0,0,0,0
0.0793277,0.0376868,2.47254e-05,1.66274e-06,1.66274e-06,4.56728e-05,0,0,0,0
0.0995154,0.0345665,3.9454e-05,2.32185e-06,2.32185e-06,4.66444e-05,0,0,0,0
0.0607888,0.0337536,2.12973e-05,1.14836e-07,1.14836e-07,4.52328e-05,0,0,0,0
0.0240101,0.0819816,2.10876e-05,-3.67295e-06,-3.67295e-06,8.68233e-05,0,0,0,0
0.0877244,0.0357512,3.07923e-05,1.85828e-06,1.85828e-06,4.65437e-05,0,0,0,0
0.12047,0.0806125,3.93419e-05,6.15196e-06,6.15196e-06,8.89018e-05,0,0,0,0
0.0495908,0.0393535,2.12436e-05,-1.57134e-06,-1.57134e-06,4.61648e-05,0,0,0,0
0.0797576,0.120181,3.59544e-05,2.3192e-06,2.3192e-06,0.000140252,0,0,0,0
0.0986393,0.082132,3.76555e-05,9.08522e-07,9.08522e-07,8.83466e-05,0,0,0,0
0.0286323,0.0835788,2.8503e-05,-5.71167e-07,-5.71167e-07,8.86672e-05,0,0,0,0
0.0727153,0.0948479,2.56133e-05,1.3225e-08,1.3225e-08,0.000101004,0,0,0,0
0.0245369,0.0814769,2.24765e-05,-3.84386e-06,-3.84386e-06,8.67232e-05,0,0,0,0
0.0573254,0.0357543,2.4087e-05,-1.9278e-07,-1.9278e-07,4.60192e-05,0,0,0,0
0.0199598,0.0831934,1.77986e-05,-3.31335e-06,-3.31335e-06,8.82172e-05,0,0,0,0
0.119554,0.0797643,3.75126e-05,6.00415e-06,6.00415e-06,8.69626e-05,0,0,0,0
0.0607252,0.0334,2.18321e-05,2.24088e-08,2.24088e-08,4.54283e-05,0,0,0,0
0.0772013,0.0941791,2.88303e-05,1.00838e-07,1.00838e-07,0.000100208,0,0,0,0
0.0947464,0.0827548,3.48648e-05,7.63634e-07,7.63634e-07,8.87794e-05,0,0,0,0
0.0487132,0.115613,7.09068e-05,-4.96163e-06,-4.96163e-06,0.000138373,0,0,0,0
0.0709868,0.12125,2.84722e-05,1.90877e-06,1.90877e-06,0.000140615,0,0,0,0
0.0553258,0.0348087,1.77413e-05,4.20662e-08,4.20662e-08,4.50216e-05,0,0,0,0
0.0462013,0.116348,6.31733e-05,-4.42792e-06,-4.42792e-06,0.000138224,0,0,0,0
0.0808852,0.119532,3.62306e-05,2.55726e-06,2.55726e-06,0.00013902,0,0,0,0
0.0235231,0.0818174,2.12005e-05,-3.68365e-06,-3.68365e-06,8.6925e-05,0,0,0,0
0.083728,0.0364699,2.75148e-05,1.85133e-06,1.85133e-06,4.60059e-05,0,0,0,0
0.0243632,0.0814408,2.18708e-05,-3.72958e-06,-3.72958e-06,8.65858e-05,0,0,0,0
0.0984195,0.0823022,3.75735e-05,8.5215e-07,8.5215e-07,8.83757e-05,0,0,0,0
0.0226464,0.0826983,1.8915e-05,-3.38617e-06,-3.38617e-06,8.71648e-05,0,0,0,0
0.0901897,0.0921789,3.87108e-05,5.4022e-07,5.4022e-07,9.88714e-05,0,0,0,0
0.0902385,0.0826876,3.12408e-05,6.96603e-07,6.96603e-07,8.75708e-05,0,0,0,0
0.0504933,0.0373798,2.18885e-05,-1.52048e-06,-1.52048e-06,4.57767e-05,0,0,0,0
0.0746332,0.0330073,3.22395e-05,2.23981e-07,2.23981e-07,4.55375e-05,0,0,0,0
0.0472965,0.116234,6.58068e-05,-4.54816e-06,-4.54816e-06,0.000138479,0,0,0,0
0.0265574,0.0835307,2.45083e-05,-5.13655e-07,-5.13655e-07,8.7743e-05,0,0,0,0
0.028815,0.083458,2.56662e-05,-5.16089e-07,-5.16089e-07,8.76619e-05,0,0,0,0
0.0399174,0.0910951,3.96578e-05,-6.92046e-07,-6.92046e-07,9.76606e-05,0,0,0,0
0.0913724,0.0920257,3.97834e-05,5.41734e-07,5.41734e-07,9.9128e-05,0,0,0,0
0.0631343,0.0346054,2.33358e-05,4.65828e-08,4.65828e-08,4.52557e-05,0,0,0,0
0.0186409,0.0865083,1.42896e-05,-1.88594e-07,-1.88594e-07,8.97243e-05,0,0,0,0
0.0842178,0.0362119,2.80395e-05,1.80336e-06,1.80336e-06,4.58656e-05,0,0,0,0
0.0510709,0.0355432,1.90416e-05,-1.37154e-07,-1.37154e-07,4.57807e-05,0,0,0,0
0.0491439,0.0382266,2.06921e-05,-1.47216e-06,-1.47216e-06,4.57338e-05,0,0,0,0
0.060717,0.0360454,2.10036e-05,1.11245e-07,1.11245e-07,4.53546e-05,0,0,0,0
0.0785478,0.120081,3.451e-05,2.33819e-06,2.33819e-06,0.00013967,0,0,0,0
0.0478548,0.115085,6.9012e-05,-5.04313e-06,-5.04313e-06,0.000137253,0,0,0,0
0.054954,0.0371561,2.21476e-05,-1.86637e-07,-1.86637e-07,4.63716e-05,0,0,0,0
0.0354973,0.118776,3.96719e-05,-2.88195e-06,-2.88195e-06,0.000138263,0,0,0,0
0.108484,0.080843,3.10307e-05,5.07275e-06,5.07275e-06,8.71825e-05,0,0,0,0
0.0475796,0.0373717,1.95925e-05,-1.42341e-06,-1.42341e-06,4.59862e-05,0,0,0,0
0.094261,0.0826862,3.43866e-05,7.46701e-07,7.46701e-07,8.83536e-05,0,0,0,0
0.052551,0.114802,7.7355e-05,-5.65714e-06,-5.65714e-06,0.000137624,0,0,0,0
0.0768212,0.0942889,2.86198e-05,8.38878e-08,8.38878e-08,0.000100364,0,0,0,0
0.0833597,0.118226,3.74073e-05,2.98777e-06,2.98777e-06,0.000136363,0,0,0,0
0.0394809,0.0902172,4.72473e-05,-8.88439e-07,-8.88439e-07,9.83482e-05,0,0,0,0
0.0313242,0.0826635,3.07024e-05,-7.03468e-07,-7.03468e-07,8.76343e-05,0,0,0,0
0.0277225,0.0832086,2.57907e-05,-5.5602e-07,-5.5602e-07,8.75236e-05,0,0,0,0
0.0306138,0.083202,2.78709e-05,-5.76185e-07,-5.76185e-07,8.76923e-05,0,0,0,0
0.0257415,0.0837199,2.22036e-05,-4.38773e-07,-4.38773e-07,8.74615e-05,0,0,0,0
0.0349863,0.0924104,3.50154e-05,-4.11054e-07,-4.11054e-07,9.88532e-05,0,0,0,0
0.0816761,0.0932584,3.18018e-05,2.45568e-07,2.45568e-07,9.96024e-05,0,0,0,0
0.119116,0.0800122,3.75342e-05,5.98988e-06,5.98988e-06,8.76383e-05,0,0,0,0
0.105596,0.0811831,4.30183e-05,1.17513e-06,1.17513e-06,8.78256e-05,0,0,0,0
0.120989,0.0801338,3.89749e-05,6.16638e-06,6.16638e-06,8.77379e-05,0,0,0,0
0.0298842,0.0826429,2.76552e-05,-6.21172e-07,-6.21172e-07,8.70222e-05,0,0,0,0
0.117084,0.0805242,3.65282e-05,5.81403e-06,5.81403e-06,8.76252e-05,0,0,0,0
0.103695,0.0819091,2.88823e-05,4.74222e-06,4.74222e-06,8.83035e-05,0,0,0,0
0.0922239,0.0916964,4.02413e-05,5.69422e-07,5.69422e-07,9.90625e-05,0,0,0,0
0.0487865,0.114933,6.96771e-05,-5.14976e-06,-5.14976e-06,0.000136947,0,0,0,0
0.0942431,0.091482,4.20242e-05,6.7111e-07,6.7111e-07,9.87277e-05,0,0,0,0
0.089592,0.0357339,3.16694e-05,1.99854e-06,1.99854e-06,4.59275e-05,0,0,0,0
0.047721,0.0389688,2.02331e-05,-1.5993e-06,-1.5993e-06,4.7958e-05,0,0,0,0
0.0308281,0.0828032,2.8491e-05,-6.32295e-07,-6.32295e-07,8.72995e-05,0,0,0,0
0.0277479,0.080578,2.72455e-05,-4.5019e-06,-4.5019e-06,8.64165e-05,0,0,0,0
0.0528882,0.114299,7.79301e-05,-5.84279e-06,-5.84279e-06,0.000136902,0,0,0,0
0.0249844,0.0942547,2.11986e-05,4.88703e-08,4.88703e-08,9.95894e-05,0,0,0,0
0.0862429,0.0834186,1.99483e-05,3.54655e-06,3.54655e-06,8.84563e-05,0,0,0,0
0.0803104,0.0845395,2.51344e-05,3.41186e-07,3.41186e-07,8.91482e-05,0,0,0,0
0.0922341,0.0826619,3.27694e-05,7.377e-07,7.377e-07,8.80221e-05,0,0,0,0
0.118822,0.0794907,3.68265e-05,5.90949e-06,5.90949e-06,8.65634e-05,0,0,0,0
0.088361,0.0344216,3.13457e-05,1.89865e-06,1.89865e-06,4.65618e-05,0,0,0,0
0.0625855,0.0335107,2.87718e-05,-2.22951e-07,-2.22951e-07,4.57295e-05,0,0,0,0
0.0501733,0.114358,7.59909e-05,-5.52325e-06,-5.52325e-06,0.000137302,0,0,0,0
0.0308753,0.0822538,3.20962e-05,-7.89113e-07,-7.89113e-07,8.75229e-05,0,0,0,0
0.0252497,0.0839877,2.68e-05,-5.67214e-07,-5.67214e-07,8.92068e-05,0,0,0,0
0.0699816,0.120611,2.69323e-05,2.05536e-06,2.05536e-06,0.000138898,0,0,0,0
0.0790667,0.0841758,2.40859e-05,4.27714e-07,4.27714e-07,8.84546e-05,0,0,0,0
0.101632,0.0816821,2.74267e-05,4.57454e-06,4.57454e-06,8.7752e-05,0,0,0,0
0.0489803,0.0354867,1.74723e-05,-1.15408e-07,-1.15408e-07,4.56186e-05,0,0,0,0
0.0252463,0.0821488,2.29877e-05,-3.95398e-06,-3.95398e-06,8.72551e-05,0,0,0,0
0.0220952,0.0826997,1.88826e-05,-3.39716e-06,-3.39716e-06,8.73577e-05,0,0,0,0
0.103114,0.0815639,4.10977e-05,1.06457e-06,1.06457e-06,8.80718e-05,0,0,0,0
0.0548839,0.1142,8.75833e-05,-6.2096e-06,-6.2096e-06,0.000138552,0,0,0,0
0.0909454,0.0829423,3.19244e-05,6.75763e-07,6.75763e-07,8.82305e-05,0,0,0,0
0.0515148,0.0338983,1.52232e-05,8.14187e-08,8.14187e-08,4.51786e-05,0,0,0,0
0.0446616,0.0382525,1.70071e-05,-1.25052e-06,-1.25052e-06,4.56391e-05,0,0,0,0
0.0172009,0.0839213,1.24794e-05,-2.48527e-06,-2.48527e-06,8.78462e-05,0,0,0,0
0.0845624,0.0930983,3.43699e-05,3.0253e-07,3.0253e-07,9.9697e-05,0,0,0,0
0.0458684,0.115797,6.23424e-05,-4.59618e-06,-4.59618e-06,0.000137137,0,0,0,0
0.0203724,0.0856496,1.64132e-05,-2.64234e-07,-2.64234e-07,8.89847e-05,0,0,0,0
0.0273958,0.0832942,2.39634e-05,-4.9214e-07,-4.9214e-07,8.71921e-05,0,0,0,0
0.0471126,0.116517,6.52364e-05,-4.38328e-06,-4.38328e-06,0.000138913,0,0,0,0
0.123766,0.0794182,4.02155e-05,6.39555e-06,6.39555e-06,8.70723e-05,0,0,0,0
0.0610639,0.0360952,2.75472e-05,-2.64008e-07,-2.64008e-07,4.6635e-05,0,0,0,0
0.0245852,0.0815743,2.30214e-05,-3.94958e-06,-3.94958e-06,8.69522e-05,0,0,0,0
0.0566351,0.0331733,2.35849e-05,-1.93467e-07,-1.93467e-07,4.58102e-05,0,0,0,0
0.0862728,0.0927689,3.56157e-05,3.47992e-07,3.47992e-07,9.98401e-05,0,0,0,0
0.0469962,0.115546,6.35936e-05,-4.75132e-06,-4.75132e-06,0.000136779,0,0,0,0
0.0286967,0.0828901,2.74068e-05,-6.15082e-07,-6.15082e-07,8.74195e-05,0,0,0,0
0.0790064,0.0941548,3.04742e-05,1.14188e-07,1.14188e-07,0.000100415,0,0,0,0
0.127075,0.0792723,4.26678e-05,6.72846e-06,6.72846e-06,8.76835e-05,0,0,0,0
0.0428358,0.0388922,1.5797e-05,-1.23215e-06,-1.23215e-06,4.59449e-05,0,0,0,0
0.093688,0.0830682,3.42584e-05,6.90235e-07,6.90235e-07,8.91224e-05,0,0,0,0
0.0677988,0.0332647,2.65299e-05,1.70126e-07,1.70126e-07,4.5411e-05,0,0,0,0
0.0518807,0.114714,7.8625e-05,-5.64996e-06,-5.64996e-06,0.000137987,0,0,0,0
0.0752249,0.034085,3.35254e-05,8.67773e-08,8.67773e-08,4.56447e-05,0,0,0,0
0.108124,0.0803412,3.05783e-05,5.00495e-06,5.00495e-06,8.66631e-05,0,0,0,0
0.112855,0.0805923,3.36769e-05,5.43899e-06,5.43899e-06,8.73659e-05,0,0,0,0
0.0390193,0.0807824,4.27892e-05,-1.23926e-06,-1.23926e-06,8.71372e-05,0,0,0,0
0.118223,0.0795619,3.66209e-05,5.87482e-06,5.87482e-06,8.71367e-05,0,0,0,0
0.105013,0.0810697,4.25104e-05,1.1875e-06,1.1875e-06,8.77077e-05,0,0,0,0
0.0526951,0.114692,7.85795e-05,-5.72635e-06,-5.72635e-06,0.000137714,0,0,0,0
0.0934646,0.0827944,3.38566e-05,7.90094e-07,7.90094e-07,8.88851e-05,0,0,0,0
0.0908132,0.0824213,3.17053e-05,7.5976e-07,7.5976e-07,8.7605e-05,0,0,0,0
0.0263915,0.0809593,2.60706e-05,-4.36596e-06,-4.36596e-06,8.68152e-05,0,0,0,0
0.0392175,0.117692,4.88155e-05,-3.4785e-06,-3.4785e-06,0.000138236,0,0,0,0
0.0893436,0.0922947,3.80398e-05,4.8399e-07,4.8399e-07,9.91139e-05,0,0,0,0
0.076195,0.0942494,2.80233e-05,9.12462e-08,9.12462e-08,0.00010002,0,0,0,0
0.0637207,0.0335228,2.34541e-05,1.29164e-07,1.29164e-07,4.52594e-05,0,0,0,0
0.0450039,0.0389486,1.72169e-05,-1.27202e-06,-1.27202e-06,4.55724e-05,0,0,0,0
0.0413861,0.117248,5.37055e-05,-3.77104e-06,-3.77104e-06,0.000138355,0,0,0,0
0.0288078,0.0839208,2.80172e-05,-4.97647e-07,-4.97647e-07,8.90234e-05,0,0,0,0
0.0606897,0.035593,2.13682e-05,4.5437e-08,4.5437e-08,4.5123e-05,0,0,0,0
0.0306604,0.0930138,3.19459e-05,-2.66805e-07,-2.66805e-07,9.96063e-05,0,0,0,0
0.0427668,0.0390257,1.55997e-05,-1.19507e-06,-1.19507e-06,4.56451e-05,0,0,0,0
0.0837823,0.0931756,3.37091e-05,2.80841e-07,2.80841e-07,9.97495e-05,0,0,0,0
0.0936484,0.0826484,2.34517e-05,4.00569e-06,4.00569e-06,8.80141e-05,0,0,0,0
0.0432333,0.0393908,1.65469e-05,-1.37515e-06,-1.37515e-06,4.78239e-05,0,0,0,0
0.0244233,0.0814081,2.3164e-05,-3.9561e-06,-3.9561e-06,8.69415e-05,0,0,0,0
0.102419,0.0822193,2.83524e-05,4.62628e-06,4.62628e-06,8.82735e-05,0,0,0,0
0.0507702,0.0372788,2.2505e-05,-1.61944e-06,-1.61944e-06,4.63348e-05,0,0,0,0
0.0814302,0.0940429,3.26787e-05,1.38178e-07,1.38178e-07,0.00010066,0,0,0,0
0.0822445,0.0844256,2.64238e-05,3.81628e-07,3.81628e-07,8.93707e-05,0,0,0,0
0.113608,0.0812761,3.49638e-05,5.5275e-06,5.5275e-06,8.83931e-05,0,0,0,0
0.098316,0.0343987,3.8859e-05,2.24334e-06,2.24334e-06,4.72311e-05,0,0,0,0
0.0627836,0.0328307,2.31085e-05,7.7338e-08,7.7338e-08,4.5162e-05,0,0,0,0
0.029184,0.093289,2.99546e-05,-2.08585e-07,-2.08585e-07,9.97233e-05,0,0,0,0
0.0997108,0.0363408,3.9838e-05,2.25926e-06,2.25926e-06,4.7537e-05,0,0,0,0
0.0281826,0.0830288,2.41596e-05,-4.95588e-07,-4.95588e-07,8.68319e-05,0,0,0,0
0.0722275,0.121003,2.93746e-05,1.97206e-06,1.97206e-06,0.000140225,0,0,0,0
0.0251482,0.0815273,2.39325e-05,-4.08597e-06,-4.08597e-06,8.70176e-05,0,0,0,0
0.024045,0.0849798,2.05361e-05,-3.20377e-07,-3.20377e-07,8.88979e-05,0,0,0,0
0.0239603,0.0818599,2.15491e-05,-3.74073e-06,-3.74073e-06,8.69065e-05,0,0,0,0
0.0224171,0.0823693,1.81184e-05,-3.22883e-06,-3.22883e-06,8.6675e-05,0,0,0,0
0.034009,0.0824197,3.69199e-05,-8.39435e-07,-8.39435e-07,8.86192e-05,0,0,0,0
0.0778135,0.120297,3.40436e-05,2.27123e-06,2.27123e-06,0.000140113,0,0,0,0
0.0851607,0.0843149,2.85456e-05,3.90948e-07,3.90948e-07,8.96993e-05,0,0,0,0
0.0468295,0.0370692,1.88436e-05,-1.3468e-06,-1.3468e-06,4.57926e-05,0,0,0,0
0.100367,0.0345109,3.96197e-05,2.44283e-06,2.44283e-06,4.60793e-05,0,0,0,0
0.0213055,0.0825943,1.85463e-05,-3.35598e-06,-3.35598e-06,8.74432e-05,0,0,0,0
0.0276057,0.0810489,2.7982e-05,-4.656e-06,-4.656e-06,8.71082e-05,0,0,0,0
0.0815113,0.120269,3.81167e-05,2.27563e-06,2.27563e-06,0.000140733,0,0,0,0
0.0810089,0.0934652,3.14346e-05,2.16186e-07,2.16186e-07,9.9777e-05,0,0,0,0
0.0830544,0.0355516,2.73234e-05,1.78209e-06,1.78209e-06,4.59453e-05,0,0,0,0
0.0458275,0.116624,6.15158e-05,-4.26689e-06,-4.26689e-06,0.000138365,0,0,0,0
0.059515,0.0342881,2.05732e-05,6.43244e-08,6.43244e-08,4.50889e-05,0,0,0,0
0.129301,0.0790652,4.40065e-05,6.94466e-06,6.94466e-06,8.72835e-05,0,0,0,0
0.0314203,0.0823078,3.13456e-05,-7.54347e-07,-7.54347e-07,8.73272e-05,0,0,0,0
0.0497144,0.115984,7.15722e-05,-4.80642e-06,-4.80642e-06,0.000139004,0,0,0,0
0.1199,0.0796089,3.7617e-05,6.02539e-06,6.02539e-06,8.67766e-05,0,0,0,0
0.110591,0.080469,3.2166e-05,5.24465e-06,5.24465e-06,8.72533e-05,0,0,0,0
0.019835,0.0831172,1.60354e-05,-2.99776e-06,-2.99776e-06,8.75064e-05,0,0,0,0
0.0845525,0.119075,3.9533e-05,2.7717e-06,2.7717e-06,0.000138722,0,0,0,0
0.0436911,0.0379785,1.62574e-05,-1.19758e-06,-1.19758e-06,4.56398e-05,0,0,0,0
0.0791193,0.0934766,2.97189e-05,1.88584e-07,1.88584e-07,9.98448e-05,0,0,0,0
0.0370492,0.0915101,3.93012e-05,-5.91716e-07,-5.91716e-07,9.84676e-05,0,0,0,0
0.03833,0.117547,4.67569e-05,-3.46129e-06,-3.46129e-06,0.000137574,0,0,0,0
0.0880273,0.0835911,3.01186e-05,5.7454e-07,5.7454e-07,8.90359e-05,0,0,0,0
0.0208353,0.0826585,1.80928e-05,-3.29506e-06,-3.29506e-06,8.75172e-05,0,0,0,0
0.10686,0.0814819,3.05235e-05,4.9699e-06,4.9699e-06,8.79067e-05,0,0,0,0
0.076357,0.0368736,2.34059e-05,1.48266e-06,1.48266e-06,4.63527e-05,0,0,0,0
0.088624,0.0834243,3.04607e-05,5.65195e-07,5.65195e-07,8.86025e-05,0,0,0,0
0.0762265,0.120597,3.2808e-05,2.16598e-06,2.16598e-06,0.000140472,0,0,0,0
0.0488887,0.0382783,1.76423e-05,-1.81119e-07,-1.81119e-07,4.74108e-05,0,0,0,0
0.0456234,0.0382084,1.77805e-05,-1.29864e-06,-1.29864e-06,4.5671e-05,0,0,0,0
0.0419269,0.0380492,1.4931e-05,-1.11755e-06,-1.11755e-06,4.562e-05,0,0,0,0
0.0657298,0.0352487,2.50218e-05,8.84356e-08,8.84356e-08,4.51788e-05,0,0,0,0
0.067472,0.0351543,2.67285e-05,4.65778e-08,4.65778e-08,4.54169e-05,0,0,0,0
0.0458464,0.115709,6.29308e-05,-4.62894e-06,-4.62894e-06,0.000137164,0,0,0,0
0.127116,0.0790055,4.22851e-05,6.70807e-06,6.70807e-06,8.69539e-05,0,0,0,0
0.0352608,0.0922981,3.61569e-05,-4.41032e-07,-4.41032e-07,9.89367e-05,0,0,0,0
0.0361915,0.0917354,3.6943e-05,-5.11996e-07,-5.11996e-07,9.83682e-05,0,0,0,0
0.0775975,0.12013,3.35995e-05,2.32635e-06,2.32635e-06,0.000139702,0,0,0,0
0.0323408,0.0921789,3.50667e-05,-3.94831e-07,-3.94831e-07,9.91146e-05,0,0,0,0
0.0450815,0.0379035,1.75621e-05,-1.31805e-06,-1.31805e-06,4.59765e-05,0,0,0,0
0.132086,0.0790865,4.62882e-05,7.24653e-06,7.24653e-06,8.76885e-05,0,0,0,0
0.0553032,0.0326375,1.8054e-05,2.41949e-08,2.41949e-08,4.51469e-05,0,0,0,0
0.0442885,0.0376259,1.70255e-05,-1.2952e-06,-1.2952e-06,4.61139e-05,0,0,0,0
0.0997513,0.0816557,2.63027e-05,4.41924e-06,4.41924e-06,8.74109e-05,0,0,0,0
0.0454792,0.0378702,1.76688e-05,-1.28294e-06,-1.28294e-06,4.568e-05,0,0,0,0
0.0294902,0.0829227,2.72651e-05,-5.98601e-07,-5.98601e-07,8.73125e-05,0,0,0,0
0.043103,0.0382559,1.61946e-05,-1.27711e-06,-1.27711e-06,4.64213e-05,0,0,0,0
0.0998883,0.0821471,3.87421e-05,9.07879e-07,9.07879e-07,8.84998e-05,0,0,0,0
0.0750906,0.120862,3.20375e-05,2.03845e-06,2.03845e-06,0.00014059,0,0,0,0
0.0427213,0.0905619,4.57499e-05,-9.50743e-07,-9.50743e-07,9.78116e-05,0,0,0,0
0.0400637,0.117205,4.82073e-05,-3.63331e-06,-3.63331e-06,0.000136982,0,0,0,0
0.0818183,0.120682,3.93853e-05,2.09642e-06,2.09642e-06,0.000141788,0,0,0,0
0.110193,0.0803114,3.19048e-05,5.21747e-06,5.21747e-06,8.73878e-05,0,0,0,0
0.100483,0.0818908,2.68867e-05,4.5022e-06,4.5022e-06,8.79866e-05,0,0,0,0
0.0237422,0.0818517,2.16667e-05,-3.7644e-06,-3.7644e-06,8.70234e-05,0,0,0,0
0.0406183,0.11682,5.05984e-05,-3.80074e-06,-3.80074e-06,0.000136917,0,0,0,0
0.0415735,0.0900799,4.86956e-05,-9.89733e-07,-9.89733e-07,9.81188e-05,0,0,0,0
0.0794109,0.11959,3.4742e-05,2.50112e-06,2.50112e-06,0.000138573,0,0,0,0
0.0315748,0.0822276,2.90356e-05,-6.72257e-07,-6.72257e-07,8.66505e-05,0,0,0,0
0.0812387,0.119831,3.70159e-05,2.44388e-06,2.44388e-06,0.000139563,0,0,0,0
0.0780451,0.120023,3.3899e-05,2.33693e-06,2.33693e-06,0.000139232,0,0,0,0
0.0730269,0.121335,3.06517e-05,1.84828e-06,1.84828e-06,0.000141022,0,0,0,0
0.0792484,0.119827,3.4922e-05,2.45565e-06,2.45565e-06,0.000139511,0,0,0,0
0.0478112,0.115403,6.62135e-05,-4.906e-06,-4.906e-06,0.000137017,0,0,0,0
0.0688128,0.0340497,2.80697e-05,4.41445e-08,4.41445e-08,4.56379e-05,0,0,0,0
0.0289465,0.0832578,2.70406e-05,-5.71763e-07,-5.71763e-07,8.77577e-05,0,0,0,0
0.0398153,0.0909766,4.28253e-05,-7.65418e-07,-7.65418e-07,9.81573e-05,0,0,0,0
0.0467342,0.116126,6.7222e-05,-4.5877e-06,-4.5877e-06,0.000138817,0,0,0,0
0.0309348,0.0932124,2.8795e-05,-1.97273e-07,-1.97273e-07,9.90482e-05,0,0,0,0
0.074687,0.0329651,3.24642e-05,1.95309e-07,1.95309e-07,4.54104e-05,0,0,0,0
0.102152,0.0819056,2.79056e-05,4.61441e-06,4.61441e-06,8.80023e-05,0,0,0,0
0.0703545,0.121943,2.87e-05,1.73354e-06,1.73354e-06,0.000142192,0,0,0,0
0.0986378,0.0345405,3.82343e-05,2.38967e-06,2.38967e-06,4.60733e-05,0,0,0,0
0.035081,0.090871,4.02795e-05,-5.69051e-07,-5.69051e-07,9.8512e-05,0,0,0,0
0.0319487,0.0927416,3.06278e-05,-2.63962e-07,-2.63962e-07,9.88038e-05,0,0,0,0
0.0347736,0.0914814,3.79437e-05,-5.13732e-07,-5.13732e-07,9.86032e-05,0,0,0,0
0.0511484,0.115226,7.84348e-05,-5.33669e-06,-5.33669e-06,0.000139049,0,0,0,0
0.130118,0.0789875,4.45354e-05,7.02711e-06,7.02711e-06,8.72449e-05,0,0,0,0
0.0212252,0.0825852,1.91866e-05,-3.47067e-06,-3.47067e-06,8.77032e-05,0,0,0,0
0.0854356,0.0358806,2.92652e-05,1.77455e-06,1.77455e-06,4.65838e-05,0,0,0,0
0.0771116,0.120212,3.32092e-05,2.30111e-06,2.30111e-06,0.000139825,0,0,0,0
0.0586759,0.0367422,2.53984e-05,-2.41605e-07,-2.41605e-07,4.67154e-05,0,0,0,0
0.092748,0.082938,3.33582e-05,6.96688e-07,6.96688e-07,8.86015e-05,0,0,0,0
0.122494,0.0800099,3.99725e-05,6.30689e-06,6.30689e-06,8.78111e-05,0,0,0,0
0.0483616,0.115766,6.68913e-05,-4.83863e-06,-4.83863e-06,0.000137641,0,0,0,0
0.0698006,0.0346985,2.85321e-05,8.18524e-08,8.18524e-08,4.53369e-05,0,0,0,0
0.0440444,0.0385183,1.6383e-05,-1.18961e-06,-1.18961e-06,4.55769e-05,0,0,0,0
0.0743021,0.0950762,2.73824e-05,-2.47351e-08,-2.47351e-08,0.000100973,0,0,0,0
0.0685978,0.0356684,2.64112e-05,2.81258e-07,2.81258e-07,4.70776e-05,0,0,0,0
0.0203907,0.0829969,1.64233e-05,-3.04018e-06,-3.04018e-06,8.73313e-05,0,0,0,0
0.0772701,0.0944919,2.93025e-05,5.8581e-08,5.8581e-08,0.00010071,0,0,0,0
0.042474,0.117228,5.77499e-05,-3.84891e-06,-3.84891e-06,0.000139256,0,0,0,0
0.0980609,0.0822199,3.72188e-05,8.80972e-07,8.80972e-07,8.834e-05,0,0,0,0
0.0224791,0.0853051,1.77337e-05,-2.61548e-07,-2.61548e-07,8.86616e-05,0,0,0,0
0.0241786,0.0839675,2.48343e-05,-5.50309e-07,-5.50309e-07,8.87428e-05,0,0,0,0
0.0941994,0.118313,4.98847e-05,3.2336e-06,3.2336e-06,0.000139494,0,0,0,0
0.0894658,0.0341764,3.19055e-05,1.98184e-06,1.98184e-06,4.62194e-05,0,0,0,0
0.0472273,0.0371444,1.90158e-05,-1.32839e-06,-1.32839e-06,4.57346e-05,0,0,0,0
0.0942295,0.118196,4.96427e-05,3.29007e-06,3.29007e-06,0.000139142,0,0,0,0
0.0822159,0.119154,3.7087e-05,2.6972e-06,2.6972e-06,0.000138179,0,0,0,0
0.0530794,0.037013,2.43081e-05,-1.66435e-06,-1.66435e-06,4.58812e-05,0,0,0,0
0.0817808,0.119999,3.79124e-05,2.40352e-06,2.40352e-06,0.000140359,0,0,0,0
0.0783433,0.0939709,2.961e-05,1.55552e-07,1.55552e-07,9.97309e-05,0,0,0,0
0.0377943,0.117603,4.73615e-05,-3.45366e-06,-3.45366e-06,0.00013799,0,0,0,0
0.0818933,0.119756,3.76231e-05,2.48089e-06,2.48089e-06,0.000139591,0,0,0,0
0.0727111,0.0322092,3.11566e-05,1.36083e-07,1.36083e-07,4.53682e-05,0,0,0,0
0.0355351,0.0919813,3.71194e-05,-4.8899e-07,-4.8899e-07,9.87599e-05,0,0,0,0
0.0896632,0.0835507,3.13907e-05,5.61419e-07,5.61419e-07,8.91484e-05,0,0,0,0
0.0754716,0.0851721,2.2196e-05,3.061e-07,3.061e-07,8.9668e-05,0,0,0,0
0.0935423,0.0827182,3.38449e-05,7.52204e-07,7.52204e-07,8.84326e-05,0,0,0,0
0.0462515,0.0388751,1.88611e-05,-1.48756e-06,-1.48756e-06,4.73218e-05,0,0,0,0
0.0932977,0.0920661,4.19872e-05,5.63563e-07,5.63563e-07,9.95011e-05,0,0,0,0
0.0365391,0.0913837,3.83123e-05,-5.57029e-07,-5.57029e-07,9.82666e-05,0,0,0,0
0.0595242,0.0376196,2.64354e-05,-3.15682e-07,-3.15682e-07,4.80828e-05,0,0,0,0
0.102297,0.035065,4.11661e-05,2.48326e-06,2.48326e-06,4.60937e-05,0,0,0,0
0.0675704,0.0956127,2.22983e-05,-1.00807e-07,-1.00807e-07,0.000100931,0,0,0,0
0.0282682,0.0829438,2.82665e-05,-6.48098e-07,-6.48098e-07,8.77706e-05,0,0,0,0
0.0440574,0.033631,1.4329e-05,-1.40576e-07,-1.40576e-07,4.62894e-05,0,0,0,0
0.0821211,0.0351497,2.68416e-05,1.73379e-06,1.73379e-06,4.60066e-05,0,0,0,0
0.103742,0.0816032,4.17692e-05,1.08237e-06,1.08237e-06,8.85167e-05,0,0,0,0
0.0722682,0.0339694,3.04623e-05,1.36333e-07,1.36333e-07,4.53078e-05,0,0,0,0
0.0926594,0.082585,3.30573e-05,7.53286e-07,7.53286e-07,8.79569e-05,0,0,0,0
0.111341,0.0808948,3.2945e-05,5.32417e-06,5.32417e-06,8.76531e-05,0,0,0,0
0.0216605,0.0824633,1.79088e-05,-3.21653e-06,-3.21653e-06,8.69767e-05,0,0,0,0
0.0806621,0.0944467,3.25864e-05,8.97418e-08,8.97418e-08,0.000100849,0,0,0,0
0.0234259,0.0825947,2.26802e-05,-3.95742e-06,-3.95742e-06,8.82541e-05,0,0,0,0
0.0694422,0.0347416,2.81007e-05,9.92933e-08,9.92933e-08,4.52613e-05,0,0,0,0
0.0449824,0.0355675,1.46024e-05,-5.80092e-08,-5.80092e-08,4.51192e-05,0,0,0,0
0.0703609,0.0944604,2.3444e-05,1.36103e-08,1.36103e-08,9.97004e-05,0,0,0,0
0.0824016,0.0933692,3.26321e-05,2.42737e-07,2.42737e-07,9.98156e-05,0,0,0,0
0.0342247,0.0922078,3.52769e-05,-4.18473e-07,-4.18473e-07,9.88389e-05,0,0,0,0
0.0503213,0.0378136,2.1826e-05,-1.54624e-06,-1.54624e-06,4.5885e-05,0,0,0,0
0.0311701,0.0832913,2.77193e-05,-5.54591e-07,-5.54591e-07,8.77041e-05,0,0,0,0
0.0232091,0.0823478,1.95012e-05,-3.45142e-06,-3.45142e-06,8.68544e-05,0,0,0,0
0.0324886,0.0922615,3.31769e-05,-3.4315e-07,-3.4315e-07,9.87914e-05,0,0,0,0
0.0683432,0.0358463,2.66635e-05,1.61567e-07,1.61567e-07,4.54678e-05,0,0,0,0
0.0511888,0.0351146,1.89384e-05,-8.40429e-08,-8.40429e-08,4.51657e-05,0,0,0,0
0.0585891,0.0365669,2.53095e-05,-2.3729e-07,-2.3729e-07,4.66325e-05,0,0,0,0
0.0229981,0.0823417,2.21452e-05,-3.89142e-06,-3.89142e-06,8.79191e-05,0,0,0,0
0.0777086,0.0952464,3.08931e-05,-6.06983e-08,-6.06983e-08,0.000101951,0,0,0,0
0.0533252,0.0361271,2.06685e-05,-1.27511e-07,-1.27511e-07,4.55538e-05,0,0,0,0
0.0379741,0.0906141,4.32606e-05,-7.29454e-07,-7.29454e-07,9.82639e-05,0,0,0,0
0.0341402,0.0917323,3.5722e-05,-4.36017e-07,-4.36017e-07,9.85265e-05,0,0,0,0
0.0756979,0.0852612,2.2378e-05,3.11599e-07,3.11599e-07,8.99226e-05,0,0,0,0
0.0477622,0.11624,6.79327e-05,-4.56909e-06,-4.56909e-06,0.000138976,0,0,0,0
0.030863,0.0825036,2.80268e-05,-6.32587e-07,-6.32587e-07,8.68161e-05,0,0,0,0
0.0393859,0.0917844,4.14774e-05,-6.45744e-07,-6.45744e-07,9.8815e-05,0,0,0,0
0.116771,0.0798477,3.58289e-05,5.76544e-06,5.76544e-06,8.73589e-05,0,0,0,0
0.0392069,0.0908201,4.40946e-05,-7.81823e-07,-7.81823e-07,9.83603e-05,0,0,0,0
0.0370877,0.0917322,3.93814e-05,-5.76402e-07,-5.76402e-07,9.87009e-05,0,0,0,0
0.068384,0.120952,2.58376e-05,1.93439e-06,1.93439e-06,0.000139222,0,0,0,0
0.0695068,0.0382564,1.93244e-05,1.29331e-06,1.29331e-06,4.59951e-05,0,0,0,0
0.0412904,0.0382462,1.45589e-05,-1.11968e-06,-1.11968e-06,4.5657e-05,0,0,0,0
0.0836782,0.119665,3.94747e-05,2.53004e-06,2.53004e-06,0.000139514,0,0,0,0
0.0545849,0.0344624,2.18912e-05,-1.84019e-07,-1.84019e-07,4.60161e-05,0,0,0,0
0.0269119,0.0845953,2.25778e-05,-3.36174e-07,-3.36174e-07,8.86246e-05,0,0,0,0
0.0363186,0.118869,4.10216e-05,-2.87553e-06,-2.87553e-06,0.000138699,0,0,0,0
0.0698023,0.0951214,2.35525e-05,-3.9223e-08,-3.9223e-08,0.000100746,0,0,0,0
0.127055,0.078778,4.21773e-05,6.68318e-06,6.68318e-06,8.69989e-05,0,0,0,0
0.0875193,0.0927318,3.68219e-05,3.95169e-07,3.95169e-07,9.95063e-05,0,0,0,0
0.0688212,0.0346339,2.79913e-05,4.20965e-08,4.20965e-08,4.55939e-05,0,0,0,0
0.0477768,0.115576,6.57885e-05,-4.85192e-06,-4.85192e-06,0.000137182,0,0,0,0
0.0460093,0.116319,5.95276e-05,-4.39781e-06,-4.39781e-06,0.000137182,0,0,0,0
0.110932,0.0808205,4.7839e-05,1.34118e-06,1.34118e-06,8.83987e-05,0,0,0,0
0.0822338,0.0366019,2.68344e-05,1.70796e-06,1.70796e-06,4.59285e-05,0,0,0,0
0.060527,0.0331028,2.12998e-05,9.09616e-08,9.09616e-08,4.51037e-05,0,0,0,0
0.0680895,0.120916,2.55575e-05,1.93826e-06,1.93826e-06,0.00013908,0,0,0,0
0.034596,0.0926685,3.61393e-05,-3.8373e-07,-3.8373e-07,9.94778e-05,0,0,0,0
0.12125,0.0796358,3.86057e-05,6.16079e-06,6.16079e-06,8.70405e-05,0,0,0,0
0.0321456,0.0924233,3.3517e-05,-3.45789e-07,-3.45789e-07,9.90671e-05,0,0,0,0
0.0818758,0.0358363,2.69979e-05,1.64984e-06,1.64984e-06,4.66915e-05,0,0,0,0
0.131865,0.0789837,4.6046e-05,7.21347e-06,7.21347e-06,8.77445e-05,0,0,0,0
0.0734803,0.0329521,3.17298e-05,1.37087e-07,1.37087e-07,4.53707e-05,0,0,0,0
0.0974111,0.0826818,3.71008e-05,8.11171e-07,8.11171e-07,8.92805e-05,0,0,0,0
0.0439048,0.116319,5.99765e-05,-4.3001e-06,-4.3001e-06,0.000137866,0,0,0,0
0.0866304,0.0366526,2.92743e-05,2.01243e-06,2.01243e-06,4.64634e-05,0,0,0,0
0.100514,0.0347422,3.98375e-05,2.41472e-06,2.41472e-06,4.61381e-05,0,0,0,0
0.0422569,0.0375484,1.54073e-05,-1.18241e-06,-1.18241e-06,4.58835e-05,0,0,0,0
0.0565136,0.0368984,2.29666e-05,-7.75605e-08,-7.75605e-08,4.51272e-05,0,0,0,0
0.0410369,0.117321,5.24233e-05,-3.71441e-06,-3.71441e-06,0.000138193,0,0,0,0
0.0254346,0.0812596,2.33199e-05,-3.94831e-06,-3.94831e-06,8.65081e-05,0,0,0,0
0.0407015,0.0904608,4.40357e-05,-8.26346e-07,-8.26346e-07,9.77949e-05,0,0,0,0
0.0870379,0.0367446,3.00203e-05,1.85518e-06,1.85518e-06,4.60542e-05,0,0,0,0
0.0422602,0.116774,5.54804e-05,-4.00028e-06,-4.00028e-06,0.0001378,0,0,0,0
0.0611846,0.0349684,2.74999e-05,-2.24541e-07,-2.24541e-07,4.59709e-05,0,0,0,0
0.0410189,0.0385297,1.43437e-05,-1.10967e-06,-1.10967e-06,4.56251e-05,0,0,0,0
0.0463124,0.0377015,1.58499e-05,-1.68205e-07,-1.68205e-07,4.74378e-05,0,0,0,0
0.0448728,0.0376904,1.7275e-05,-1.27146e-06,-1.27146e-06,4.57548e-05,0,0,0,0
0.0651373,0.0363983,2.41235e-05,1.4186e-07,1.4186e-07,4.54762e-05,0,0,0,0
0.0689473,0.121068,2.64252e-05,1.94248e-06,1.94248e-06,0.000139779,0,0,0,0
0.045391,0.0367035,1.51377e-05,-1.37749e-07,-1.37749e-07,4.66117e-05,0,0,0,0
0.0623453,0.0373552,2.88886e-05,-3.15442e-07,-3.15442e-07,4.74426e-05,0,0,0,0
0.0528116,0.114215,8.16524e-05,-5.94651e-06,-5.94651e-06,0.00013769,0,0,0,0
0.0956507,0.0826459,3.55265e-05,7.77784e-07,7.77784e-07,8.86557e-05,0,0,0,0
0.0803857,0.119682,3.59071e-05,2.50478e-06,2.50478e-06,0.000139302,0,0,0,0
0.0277806,0.0940386,2.50296e-05,-6.607e-08,-6.607e-08,9.96296e-05,0,0,0,0
0.0511941,0.0374036,2.29295e-05,-1.65561e-06,-1.65561e-06,4.64563e-05,0,0,0,0
0.0874801,0.093188,3.75762e-05,3.12723e-07,3.12723e-07,0.000100269,0,0,0,0
0.0967615,0.0348524,3.68612e-05,2.29055e-06,2.29055e-06,4.60351e-05,0,0,0,0
0.0220552,0.0830951,1.89323e-05,-3.41438e-06,-3.41438e-06,8.78052e-05,0,0,0,0
0.0895484,0.0929426,3.93852e-05,4.0568e-07,4.0568e-07,9.99346e-05,0,0,0,0
0.0978563,0.0358766,3.81041e-05,2.22595e-06,2.22595e-06,4.67152e-05,0,0,0,0
0.0847282,0.0325698,4.24522e-05,2.24749e-07,2.24749e-07,4.55795e-05,0,0,0,0
0.0422486,0.116392,5.68078e-05,-4.13742e-06,-4.13742e-06,0.000137546,0,0,0,0
0.0665396,0.0343281,2.59009e-05,7.45622e-08,7.45622e-08,4.52641e-05,0,0,0,0
0.0819913,0.0356718,2.66271e-05,1.74807e-06,1.74807e-06,4.5932e-05,0,0,0,0
0.0860669,0.118562,4.06465e-05,2.9753e-06,2.9753e-06,0.000138275,0,0,0,0
0.0323474,0.0820801,3.10916e-05,-7.51488e-07,-7.51488e-07,8.68629e-05,0,0,0,0
0.0916823,0.0356714,3.31305e-05,2.07503e-06,2.07503e-06,4.59377e-05,0,0,0,0
0.0505917,0.0351752,1.87372e-05,-1.46511e-07,-1.46511e-07,4.59202e-05,0,0,0,0
0.0593565,0.0339527,2.04285e-05,7.72306e-08,7.72306e-08,4.50898e-05,0,0,0,0
0.0782333,0.119679,3.36706e-05,2.45277e-06,2.45277e-06,0.000138538,0,0,0,0
0.0783284,0.119506,3.3589e-05,2.50615e-06,2.50615e-06,0.000138203,0,0,0,0
0.048159,0.0361884,2.01994e-05,-1.44868e-06,-1.44868e-06,4.60984e-05,0,0,0,0
0.104702,0.081469,2.90972e-05,4.77816e-06,4.77816e-06,8.72796e-05,0,0,0,0
0.126235,0.079469,4.21181e-05,6.651e-06,6.651e-06,8.74186e-05,0,0,0,0
0.121205,0.0793929,3.85258e-05,6.14906e-06,6.14906e-06,8.72374e-05,0,0,0,0
0.0248107,0.0844649,1.98108e-05,-3.35016e-07,-3.35016e-07,8.78452e-05,0,0,0,0
0.124111,0.0796378,4.07981e-05,6.44988e-06,6.44988e-06,8.77041e-05,0,0,0,0
0.0505415,0.0373616,2.16448e-05,-1.45068e-06,-1.45068e-06,4.57591e-05,0,0,0,0
0.0465055,0.115485,5.96468e-05,-4.56753e-06,-4.56753e-06,0.000135865,0,0,0,0
0.0219399,0.0828412,2.02279e-05,-3.62826e-06,-3.62826e-06,8.80864e-05,0,0,0,0
0.120533,0.0796043,3.82377e-05,6.10685e-06,6.10685e-06,8.75345e-05,0,0,0,0
0.0771925,0.0849924,2.32307e-05,3.33052e-07,3.33052e-07,8.96473e-05,0,0,0,0
0.0448131,0.0382193,1.73372e-05,-1.31065e-06,-1.31065e-06,4.59752e-05,0,0,0,0
0.0852729,0.0364084,2.88958e-05,1.79585e-06,1.79585e-06,4.60945e-05,0,0,0,0
0.0667652,0.0341421,2.54617e-05,1.9431e-07,1.9431e-07,4.57434e-05,0,0,0,0
0.119444,0.0799268,3.77236e-05,6.02286e-06,6.02286e-06,8.77383e-05,0,0,0,0
0.135626,0.0783604,4.82555e-05,7.58519e-06,7.58519e-06,8.73308e-05,0,0,0,0
0.081282,0.0355318,3.92378e-05,8.35227e-08,8.35227e-08,4.58803e-05,0,0,0,0
0.0475066,0.115904,6.20127e-05,-4.67473e-06,-4.67473e-06,0.000136765,0,0,0,0
0.0425588,0.116558,5.84131e-05,-4.1419e-06,-4.1419e-06,0.000138187,0,0,0,0
0.0666806,0.0326111,2.62366e-05,7.98151e-08,7.98151e-08,4.53212e-05,0,0,0,0
0.105596,0.034215,4.49048e-05,2.5284e-06,2.5284e-06,4.77894e-05,0,0,0,0
0.0726586,0.0945633,2.5295e-05,3.60648e-08,3.60648e-08,0.000100529,0,0,0,0
0.0834399,0.0937641,3.42826e-05,1.98318e-07,1.98318e-07,0.000100427,0,0,0,0
0.0233326,0.0819869,1.94626e-05,-3.40164e-06,-3.40164e-06,8.65286e-05,0,0,0,0
0.0526753,0.0350158,2.0125e-05,-1.08489e-07,-1.08489e-07,4.53051e-05,0,0,0,0
0.0631518,0.0338239,2.93434e-05,-2.39219e-07,-2.39219e-07,4.58672e-05,0,0,0,0
0.0437391,0.116628,6.07657e-05,-4.18814e-06,-4.18814e-06,0.000138682,0,0,0,0
0.0282898,0.0838944,2.51875e-05,-4.60846e-07,-4.60846e-07,8.82034e-05,0,0,0,0
0.0472513,0.0369014,1.65218e-05,-1.78541e-07,-1.78541e-07,4.73593e-05,0,0,0,0
0.0369126,0.0914956,3.76313e-05,-5.48118e-07,-5.48118e-07,9.81634e-05,0,0,0,0
0.0536793,0.0350576,2.09195e-05,-1.18072e-07,-1.18072e-07,4.53543e-05,0,0,0,0
0.134569,0.0789204,4.82926e-05,7.50578e-06,7.50578e-06,8.8189e-05,0,0,0,0
0.0403534,0.0373909,1.40519e-05,-1.10249e-06,-1.10249e-06,4.58641e-05,0,0,0,0
0.0470041,0.115928,6.68158e-05,-4.69096e-06,-4.69096e-06,0.000138268,0,0,0,0
0.0423874,0.0379777,1.52768e-05,-1.13816e-06,-1.13816e-06,4.56297e-05,0,0,0,0
0.0479113,0.0378221,1.97377e-05,-1.42028e-06,-1.42028e-06,4.58161e-05,0,0,0,0
0.0744389,0.0946395,2.69538e-05,4.3459e-08,4.3459e-08,0.000100163,0,0,0,0
0.0294081,0.093132,2.65885e-05,-1.12597e-07,-1.12597e-07,9.88577e-05,0,0,0,0
0.10951,0.0811486,4.67507e-05,1.23413e-06,1.23413e-06,8.84956e-05,0,0,0,0
0.0421245,0.116584,5.51038e-05,-4.04107e-06,-4.04107e-06,0.000137411,0,0,0,0
0.125146,0.0795262,4.14484e-05,6.54616e-06,6.54616e-06,8.7663e-05,0,0,0,0
0.0349974,0.0918545,3.82364e-05,-5.09762e-07,-5.09762e-07,9.89604e-05,0,0,0,0
0.0337713,0.0816666,3.64574e-05,-9.54946e-07,-9.54946e-07,8.7464e-05,0,0,0,0
0.101191,0.0344993,4.05467e-05,2.42116e-06,2.42116e-06,4.63376e-05,0,0,0,0
0.0796064,0.120116,3.56872e-05,2.34682e-06,2.34682e-06,0.000140109,0,0,0,0
0.0526025,0.0370628,2.44824e-05,-1.7816e-06,-1.7816e-06,4.70302e-05,0,0,0,0
0.0736608,0.0955039,2.73734e-05,-8.69275e-08,-8.69275e-08,0.000101607,0,0,0,0
0.0805225,0.0933348,3.08306e-05,2.26418e-07,2.26418e-07,9.94788e-05,0,0,0,0
0.119539,0.0803374,3.81548e-05,6.03851e-06,6.03851e-06,8.78862e-05,0,0,0,0
0.0962904,0.0349302,3.64828e-05,2.27593e-06,2.27593e-06,4.60195e-05,0,0,0,0
0.0813266,0.119303,3.64256e-05,2.64019e-06,2.64019e-06,0.000138661,0,0,0,0
0.0863106,0.084071,2.91871e-05,4.6879e-07,4.6879e-07,8.95557e-05,0,0,0,0
0.0302793,0.0828961,2.60748e-05,-5.55109e-07,-5.55109e-07,8.68621e-05,0,0,0,0
0.0816148,0.119668,3.72062e-05,2.53268e-06,2.53268e-06,0.000139637,0,0,0,0
0.0438712,0.0363375,1.65143e-05,-1.1944e-06,-1.1944e-06,4.58074e-05,0,0,0,0
0.03598,0.0921165,3.93635e-05,-5.06924e-07,-5.06924e-07,9.93218e-05,0,0,0,0
0.041043,0.0388432,1.43023e-05,-1.10279e-06,-1.10279e-06,4.5557e-05,0,0,0,0
0.0530101,0.0355164,2.03519e-05,-1.03985e-07,-1.03985e-07,4.52896e-05,0,0,0,0
0.0985246,0.082715,3.81786e-05,7.63469e-07,7.63469e-07,8.93151e-05,0,0,0,0
0.0396697,0.0383052,1.33933e-05,-1.04575e-06,-1.04575e-06,4.5605e-05,0,0,0,0
0.0392937,0.0904638,4.39592e-05,-7.79998e-07,-7.79998e-07,9.80352e-05,0,0,0,0
0.0688561,0.120464,2.58664e-05,2.05765e-06,2.05765e-06,0.000138271,0,0,0,0
0.0789788,0.119673,3.44063e-05,2.46772e-06,2.46772e-06,0.000138677,0,0,0,0
0.0736932,0.0942553,2.58966e-05,6.84147e-08,6.84147e-08,9.97188e-05,0,0,0,0
0.0341212,0.081866,3.57545e-05,-9.10197e-07,-9.10197e-07,8.75034e-05,0,0,0,0
0.0471698,0.116326,6.86055e-05,-4.49807e-06,-4.49807e-06,0.000139483,0,0,0,0
0.103487,0.0815522,4.14863e-05,1.08525e-06,1.08525e-06,8.83381e-05,0,0,0,0
0.0736421,0.0344656,3.13341e-05,1.82477e-07,1.82477e-07,4.53937e-05,0,0,0,0
0.0518581,0.114471,7.55821e-05,-5.65184e-06,-5.65184e-06,0.000136873,0,0,0,0
0.0213737,0.0826198,1.85838e-05,-3.3629e-06,-3.3629e-06,8.74503e-05,0,0,0,0
0.0423144,0.0388886,1.53427e-05,-1.19154e-06,-1.19154e-06,4.57716e-05,0,0,0,0
0.102604,0.0814998,2.78971e-05,4.65268e-06,4.65268e-06,8.77617e-05,0,0,0,0
0.04745,0.115689,6.52651e-05,-4.78668e-06,-4.78668e-06,0.000137314,0,0,0,0
0.0219633,0.0827644,2.09705e-05,-3.74667e-06,-3.74667e-06,8.82859e-05,0,0,0,0
0.0496765,0.0365937,1.79099e-05,-1.05185e-07,-1.05185e-07,4.55553e-05,0,0,0,0
0.0241749,0.0815963,2.24527e-05,-3.86211e-06,-3.86211e-06,8.69344e-05,0,0,0,0
0.134232,0.0787882,4.77814e-05,7.45997e-06,7.45997e-06,8.79247e-05,0,0,0,0
0.0475356,0.115545,6.46907e-05,-4.81911e-06,-4.81911e-06,0.000136912,0,0,0,0
0.0277601,0.0806431,2.75604e-05,-4.56255e-06,-4.56255e-06,8.65563e-05,0,0,0,0
0.0477113,0.115199,6.41286e-05,-4.84438e-06,-4.84438e-06,0.000136256,0,0,0,0
0.0357373,0.0919968,3.49745e-05,-4.50441e-07,-4.50441e-07,9.82971e-05,0,0,0,0
0.0872574,0.0360728,3.00906e-05,1.90062e-06,1.90062e-06,4.59118e-05,0,0,0,0
0.0496152,0.0363702,2.10879e-05,-1.4376e-06,-1.4376e-06,4.58298e-05,0,0,0,0
0.0362409,0.0913897,3.77363e-05,-5.3109e-07,-5.3109e-07,9.82286e-05,0,0,0,0
0.0246844,0.0816762,2.10324e-05,-3.62002e-06,-3.62002e-06,8.63199e-05,0,0,0,0
0.0473265,0.116189,6.4239e-05,-4.56611e-06,-4.56611e-06,0.000137941,0,0,0,0
0.112065,0.0816008,3.42615e-05,5.39649e-06,5.39649e-06,8.86013e-05,0,0,0,0
0.090905,0.0829282,3.19035e-05,6.95104e-07,6.95104e-07,8.8342e-05,0,0,0,0
0.0512306,0.0372767,2.24854e-05,-1.54153e-06,-1.54153e-06,4.57482e-05,0,0,0,0
0.0236635,0.0815354,2.25058e-05,-3.87139e-06,-3.87139e-06,8.71106e-05,0,0,0,0
0.070183,0.121122,2.75838e-05,1.93734e-06,1.93734e-06,0.000140143,0,0,0,0
0.0948672,0.0341604,3.60026e-05,2.14514e-06,2.14514e-06,4.6623e-05,0,0,0,0
0.0425184,0.116996,5.52253e-05,-3.92334e-06,-3.92334e-06,0.000138056,0,0,0,0
0.084655,0.035573,2.85374e-05,1.79053e-06,1.79053e-06,4.60937e-05,0,0,0,0
0.0438285,0.0384309,1.66533e-05,-1.29094e-06,-1.29094e-06,4.61828e-05,0,0,0,0
0.101956,0.0819297,2.77921e-05,4.58325e-06,4.58325e-06,8.77604e-05,0,0,0,0
0.0819855,0.0840676,2.59959e-05,4.65448e-07,4.65448e-07,8.87787e-05,0,0,0,0
0.032078,0.092888,3.18442e-05,-2.83552e-07,-2.83552e-07,9.91863e-05,0,0,0,0
0.0407527,0.0904741,4.55862e-05,-8.75112e-07,-8.75112e-07,9.80538e-05,0,0,0,0
0.062325,0.0346959,2.22371e-05,1.33672e-07,1.33672e-07,4.54009e-05,0,0,0,0
0.0398201,0.0379021,1.36166e-05,-1.07552e-06,-1.07552e-06,4.57622e-05,0,0,0,0
0.0717736,0.0948432,2.49016e-05,-5.66107e-09,-5.66107e-09,0.000100388,0,0,0,0
0.0412745,0.0353751,1.24274e-05,-8.77641e-08,-8.77641e-08,4.57272e-05,0,0,0,0
0.051373,0.0370026,2.29072e-05,-1.61062e-06,-1.61062e-06,4.60594e-05,0,0,0,0
0.0675459,0.121622,2.57059e-05,1.80385e-06,1.80385e-06,0.000140777,0,0,0,0
0.0199791,0.0831953,1.79788e-05,-3.34365e-06,-3.34365e-06,8.82838e-05,0,0,0,0
0.0417127,0.0377393,1.26194e-05,-7.13814e-08,-7.13814e-08,4.574e-05,0,0,0,0
0.0530357,0.0372458,1.61992e-05,2.89623e-09,2.89623e-09,4.4998e-05,0,0,0,0
0.0648669,0.0351969,3.09947e-05,-2.65851e-07,-2.65851e-07,4.61059e-05,0,0,0,0
0.101491,0.0815254,2.72458e-05,4.5568e-06,4.5568e-06,8.75536e-05,0,0,0,0
0.07023,0.0945969,2.34279e-05,6.41726e-09,6.41726e-09,0.000100134,0,0,0,0
0.0525713,0.114076,7.96084e-05,-5.88289e-06,-5.88289e-06,0.00013709,0,0,0,0
0.047765,0.1154,6.73182e-05,-4.93049e-06,-4.93049e-06,0.000137311,0,0,0,0
0.0722602,0.0953534,2.58769e-05,-6.344e-08,-6.344e-08,0.000101336,0,0,0,0
0.108826,0.0816326,3.19986e-05,5.13064e-06,5.13064e-06,8.83106e-05,0,0,0,0
0.0927583,0.0355507,3.38044e-05,2.14405e-06,2.14405e-06,4.59356e-05,0,0,0,0
0.0293214,0.0935141,2.8936e-05,-1.72641e-07,-1.72641e-07,9.97042e-05,0,0,0,0
0.0575901,0.0360489,2.38521e-05,-7.55072e-08,-7.55072e-08,4.51397e-05,0,0,0,0
0.0476013,0.0381228,1.95182e-05,-1.4234e-06,-1.4234e-06,4.58881e-05,0,0,0,0
0.0835126,0.0375623,2.76743e-05,1.7205e-06,1.7205e-06,4.60876e-05,0,0,0,0
0.0408659,0.091504,4.38152e-05,-7.44722e-07,-7.44722e-07,9.87488e-05,0,0,0,0
0.0792504,0.0935357,2.99058e-05,1.85642e-07,1.85642e-07,9.97856e-05,0,0,0,0
0.0557385,0.0356235,2.28313e-05,-1.97094e-07,-1.97094e-07,4.6236e-05,0,0,0,0
0.028019,0.0807581,2.86332e-05,-4.73993e-06,-4.73993e-06,8.69088e-05,0,0,0,0
0.0826007,0.0942486,3.42634e-05,1.27004e-07,1.27004e-07,0.00010086,0,0,0,0
0.0376277,0.0913261,3.96233e-05,-6.19914e-07,-6.19914e-07,9.82577e-05,0,0,0,0
0.0871225,0.0930286,3.68777e-05,3.68056e-07,3.68056e-07,9.96825e-05,0,0,0,0
0.0474767,0.0363216,1.62722e-05,-7.0121e-08,-7.0121e-08,4.52247e-05,0,0,0,0
0.0371468,0.0915183,4.25038e-05,-6.40813e-07,-6.40813e-07,9.91194e-05,0,0,0,0
0.0447296,0.116488,5.72776e-05,-4.23426e-06,-4.23426e-06,0.000137174,0,0,0,0
0.0432666,0.117268,5.37123e-05,-3.81601e-06,-3.81601e-06,0.000137929,0,0,0,0
0.0438933,0.117183,5.67884e-05,-3.89534e-06,-3.89534e-06,0.000138536,0,0,0,0
0.111781,0.0804835,3.29089e-05,5.34309e-06,5.34309e-06,8.72495e-05,0,0,0,0
0.0603966,0.0348086,2.09572e-05,1.01805e-07,1.01805e-07,4.52155e-05,0,0,0,0
0.0801186,0.0845251,2.4956e-05,3.94307e-07,3.94307e-07,8.92769e-05,0,0,0,0
0.0465793,0.115728,6.66278e-05,-4.74795e-06,-4.74795e-06,0.000137979,0,0,0,0
0.0289297,0.0831005,2.51243e-05,-5.23618e-07,-5.23618e-07,8.7049e-05,0,0,0,0
0.0406566,0.0908059,4.74728e-05,-8.71944e-07,-8.71944e-07,9.87618e-05,0,0,0,0
0.0740657,0.0375342,2.18663e-05,1.43689e-06,1.43689e-06,4.5909e-05,0,0,0,0
0.0205197,0.0832196,1.68569e-05,-3.12816e-06,-3.12816e-06,8.76471e-05,0,0,0,0
0.0770535,0.119704,3.26113e-05,2.44287e-06,2.44287e-06,0.00013866,0,0,0,0
0.108637,0.0811483,3.14084e-05,5.1205e-06,5.1205e-06,8.79254e-05,0,0,0,0
0.0412702,0.116913,5.45135e-05,-3.90535e-06,-3.90535e-06,0.000138018,0,0,0,0
0.0512668,0.0378083,2.30435e-05,-1.68263e-06,-1.68263e-06,4.66518e-05,0,0,0,0
0.0408873,0.117132,5.32038e-05,-3.79481e-06,-3.79481e-06,0.000138119,0,0,0,0
0.0750676,0.120124,3.10989e-05,2.27714e-06,2.27714e-06,0.00013898,0,0,0,0
0.061689,0.0957365,1.8146e-05,-1.34382e-07,-1.34382e-07,0.000100568,0,0,0,0
0.0552663,0.0368989,1.77665e-05,-1.30618e-08,-1.30618e-08,4.52135e-05,0,0,0,0
0.0590335,0.0359165,2.00638e-05,5.89102e-08,5.89102e-08,4.50784e-05,0,0,0,0
0.0249815,0.0842658,2.17081e-05,-4.03621e-07,-4.03621e-07,8.81215e-05,0,0,0,0
0.0691265,0.121329,2.68026e-05,1.92979e-06,1.92979e-06,0.000140657,0,0,0,0
0.0789367,0.119549,3.42553e-05,2.51221e-06,2.51221e-06,0.000138553,0,0,0,0
0.033377,0.092964,3.11189e-05,-2.85089e-07,-2.85089e-07,9.88554e-05,0,0,0,0
0.0587346,0.0337525,2.55242e-05,-2.44873e-07,-2.44873e-07,4.63625e-05,0,0,0,0
0.0964509,0.0829755,3.66303e-05,6.66312e-07,6.66312e-07,8.92038e-05,0,0,0,0
0.0332704,0.0932215,3.24565e-05,-2.67705e-07,-2.67705e-07,9.94937e-05,0,0,0,0
0.101049,0.0809564,2.67795e-05,4.47447e-06,4.47447e-06,8.68552e-05,0,0,0,0
0.0416789,0.11674,5.36382e-05,-3.94724e-06,-3.94724e-06,0.000137367,0,0,0,0
0.0369586,0.0808178,4.37752e-05,-1.2605e-06,-1.2605e-06,8.76933e-05,0,0,0,0
0.0511219,0.0363189,1.90208e-05,-1.24762e-07,-1.24762e-07,4.56905e-05,0,0,0,0
0.0386223,0.0905511,4.39237e-05,-7.65735e-07,-7.65735e-07,9.82092e-05,0,0,0,0
0.0659206,0.0339997,2.53056e-05,9.70026e-08,9.70026e-08,4.52014e-05,0,0,0,0
0.0991662,0.0823212,3.8281e-05,8.6832e-07,8.6832e-07,8.87252e-05,0,0,0,0
0.0491434,0.0381618,2.13645e-05,-1.62843e-06,-1.62843e-06,4.73349e-05,0,0,0,0
0.114221,0.0806027,3.46111e-05,5.56026e-06,5.56026e-06,8.75097e-05,0,0,0,0
0.0261599,0.0835924,2.42669e-05,-5.09593e-07,-5.09593e-07,8.78101e-05,0,0,0,0
0.0934998,0.0361915,3.49907e-05,2.0407e-06,2.0407e-06,4.70055e-05,0,0,0,0
0.13223,0.0797059,4.75819e-05,7.28979e-06,7.28979e-06,8.87211e-05,0,0,0,0
0.101896,0.0820081,4.04476e-05,9.68275e-07,9.68275e-07,8.87822e-05,0,0,0,0
0.0867465,0.118955,4.19387e-05,2.8726e-06,2.8726e-06,0.000139499,0,0,0,0
0.0240846,0.0842283,2.23553e-05,-4.51005e-07,-4.51005e-07,8.83835e-05,0,0,0,0
0.0800522,0.0342815,3.71877e-05,2.28033e-07,2.28033e-07,4.54643e-05,0,0,0,0
0.089738,0.118196,4.40568e-05,3.20588e-06,3.20588e-06,0.000137766,0,0,0,0
0.0283312,0.0833168,2.57175e-05,-5.37134e-07,-5.37134e-07,8.7556e-05,0,0,0,0
0.0834071,0.0928065,3.28752e-05,3.25884e-07,3.25884e-07,9.90272e-05,0,0,0,0
0.0879497,0.0356275,3.11835e-05,1.84145e-06,1.84145e-06,4.7111e-05,0,0,0,0
0.11949,0.0794144,3.72804e-05,5.97066e-06,5.97066e-06,8.67241e-05,0,0,0,0
0.147093,0.077446,5.70461e-05,8.8809e-06,8.8809e-06,8.80171e-05,0,0,0,0
0.0813303,0.0842343,2.5639e-05,4.13223e-07,4.13223e-07,8.88467e-05,0,0,0,0
0.0587171,0.0360946,2.56782e-05,-2.93035e-07,-2.93035e-07,4.75314e-05,0,0,0,0
0.0900029,0.092187,3.85629e-05,5.10606e-07,5.10606e-07,9.90411e-05,0,0,0,0
0.0302082,0.0826928,2.74148e-05,-6.08575e-07,-6.08575e-07,8.69745e-05,0,0,0,0
0.0887276,0.0370004,3.07284e-05,2.01783e-06,2.01783e-06,4.58215e-05,0,0,0,0
0.0830536,0.0839202,2.66658e-05,4.84174e-07,4.84174e-07,8.86666e-05,0,0,0,0
0.092296,0.0921267,4.09533e-05,5.49675e-07,5.49675e-07,9.93499e-05,0,0,0,0
0.0254736,0.0820918,2.50335e-05,-4.25553e-06,-4.25553e-06,8.7886e-05,0,0,0,0
0.0582406,0.0368482,2.48119e-05,-1.90648e-07,-1.90648e-07,4.60196e-05,0,0,0,0
0.0532858,0.114114,7.99692e-05,-5.96409e-06,-5.96409e-06,0.000137017,0,0,0,0
0.0959892,0.0821832,3.54884e-05,8.60954e-07,8.60954e-07,8.79104e-05,0,0,0,0
0.0725734,0.0342583,3.07868e-05,1.21049e-07,1.21049e-07,4.53248e-05,0,0,0,0
0.0569985,0.0324102,2.37818e-05,-1.64881e-07,-1.64881e-07,4.54233e-05,0,0,0,0
0.0715553,0.0327466,2.97957e-05,1.73116e-07,1.73116e-07,4.53509e-05,0,0,0,0
0.0939646,0.0352579,3.45586e-05,2.24671e-06,2.24671e-06,4.6151e-05,0,0,0,0
0.117648,0.0805021,3.69843e-05,5.87416e-06,5.87416e-06,8.80204e-05,0,0,0,0
0.0477646,0.0377909,1.98761e-05,-1.47518e-06,-1.47518e-06,4.63139e-05,0,0,0,0
0.0493837,0.0374007,2.07579e-05,-1.42371e-06,-1.42371e-06,4.5705e-05,0,0,0,0
0.0227405,0.0820736,2.05057e-05,-3.6094e-06,-3.6094e-06,8.71767e-05,0,0,0,0
0.0746665,0.120619,3.12782e-05,2.10112e-06,2.10112e-06,0.000139806,0,0,0,0
0.0367369,0.0915609,3.91182e-05,-5.78233e-07,-5.78233e-07,9.85361e-05,0,0,0,0
0.021765,0.0826408,1.77726e-05,-3.21113e-06,-3.21113e-06,8.70082e-05,0,0,0,0
0.047772,0.0363621,1.65409e-05,-9.03108e-08,-9.03108e-08,4.54488e-05,0,0,0,0
0.098848,0.0355195,3.84829e-05,2.32895e-06,2.32895e-06,4.60662e-05,0,0,0,0
0.0867574,0.0926946,3.59802e-05,3.91055e-07,3.91055e-07,9.93318e-05,0,0,0,0
0.0892158,0.0923508,3.7986e-05,4.79382e-07,4.79382e-07,9.91351e-05,0,0,0,0
0.0551945,0.11435,8.58543e-05,-6.15232e-06,-6.15232e-06,0.000138292,0,0,0,0
0.0419872,0.0908023,4.90387e-05,-9.21804e-07,-9.21804e-07,9.88579e-05,0,0,0,0
0.0185914,0.0838245,1.61959e-05,-3.11679e-06,-3.11679e-06,8.87314e-05,0,0,0,0
0.13449,0.0779135,4.70544e-05,7.40999e-06,7.40999e-06,8.68359e-05,0,0,0,0
0.0197356,0.0838001,1.63272e-05,-3.08134e-06,-3.08134e-06,8.83336e-05,0,0,0,0
0.0197905,0.0834888,1.64295e-05,-3.09282e-06,-3.09282e-06,8.80183e-05,0,0,0,0
0.116261,0.0802707,3.57917e-05,5.74663e-06,5.74663e-06,8.77704e-05,0,0,0,0
0.0297248,0.082809,2.93795e-05,-6.71251e-07,-6.71251e-07,8.76912e-05,0,0,0,0
0.0953245,0.0818202,3.4904e-05,8.90695e-07,8.90695e-07,8.72468e-05,0,0,0,0
0.0401327,0.0905223,4.52519e-05,-8.46432e-07,-8.46432e-07,9.81444e-05,0,0,0,0
0.0819424,0.0938651,3.28995e-05,1.63887e-07,1.63887e-07,0.00010062,0,0,0,0
0.072255,0.0360726,3.05258e-05,6.79817e-08,6.79817e-08,4.53936e-05,0,0,0,0
0.0786695,0.0859124,2.50424e-05,1.45314e-07,1.45314e-07,9.17539e-05,0,0,0,0
0.0872676,0.0933808,3.77075e-05,2.80535e-07,2.80535e-07,0.00010048,0,0,0,0
0.0757629,0.120525,3.225e-05,2.15528e-06,2.15528e-06,0.000139967,0,0,0,0
0.0585646,0.0345573,1.98842e-05,6.08529e-08,6.08529e-08,4.50729e-05,0,0,0,0
0.0435944,0.0385788,1.62745e-05,-1.23361e-06,-1.23361e-06,4.57335e-05,0,0,0,0
0.0862751,0.0834536,2.87264e-05,5.77929e-07,5.77929e-07,8.8445e-05,0,0,0,0
0.0775808,0.0372673,2.38014e-05,1.58133e-06,1.58133e-06,4.57248e-05,0,0,0,0
0.0692264,0.121167,2.67514e-05,1.95098e-06,1.95098e-06,0.000140219,0,0,0,0
0.0436097,0.116576,5.80645e-05,-4.16471e-06,-4.16471e-06,0.000137846,0,0,0,0
0.0241426,0.0813539,2.09358e-05,-3.51871e-06,-3.51871e-06,8.64157e-05,0,0,0,0
0.119808,0.0803216,3.83236e-05,6.06206e-06,6.06206e-06,8.78414e-05,0,0,0,0
0.0461505,0.115823,6.23419e-05,-4.6073e-06,-4.6073e-06,0.0001371,0,0,0,0
0.0767224,0.0939865,2.81639e-05,1.16629e-07,1.16629e-07,0.000100091,0,0,0,0
0.0515764,0.0371576,2.30029e-05,-1.60535e-06,-1.60535e-06,4.59481e-05,0,0,0,0
0.0272453,0.0837646,2.44958e-05,-4.80369e-07,-4.80369e-07,8.79529e-05,0,0,0,0
0.12152,0.0802719,3.95928e-05,6.22523e-06,6.22523e-06,8.81207e-05,0,0,0,0
0.058699,0.0343607,2.55548e-05,-2.6142e-07,-2.6142e-07,4.67046e-05,0,0,0,0
0.0847124,0.0846986,2.85455e-05,3.38029e-07,3.38029e-07,9.04808e-05,0,0,0,0
0.0939093,0.0358686,3.48853e-05,2.11586e-06,2.11586e-06,4.6138e-05,0,0,0,0
0.0375001,0.0390539,1.20592e-05,-1.00997e-06,-1.00997e-06,4.58001e-05,0,0,0,0
0.0303504,0.0827772,2.65139e-05,-5.73671e-07,-5.73671e-07,8.6826e-05,0,0,0,0
0.026789,0.0385928,6.19647e-06,-6.61392e-07,-6.61392e-07,4.5942e-05,0,0,0,0
0.023243,0.0824043,2.10625e-05,-3.71018e-06,-3.71018e-06,8.7487e-05,0,0,0,0
0.0873916,0.0837478,2.97847e-05,4.78282e-07,4.78282e-07,8.8872e-05,0,0,0,0
0.0414551,0.117406,5.4975e-05,-3.72137e-06,-3.72137e-06,0.000139019,0,0,0,0
0.0817799,0.119137,3.66755e-05,2.69442e-06,2.69442e-06,0.000138259,0,0,0,0
0.0330504,0.0923275,3.37725e-05,-3.64772e-07,-3.64772e-07,9.88601e-05,0,0,0,0
0.0394071,0.117681,4.85723e-05,-3.48095e-06,-3.48095e-06,0.000138093,0,0,0,0
0.0422087,0.117684,5.23745e-05,-3.5805e-06,-3.5805e-06,0.000138594,0,0,0,0
0.0263283,0.0807843,2.49067e-05,-4.13409e-06,-4.13409e-06,8.63815e-05,0,0,0,0
0.0286224,0.0934122,2.7236e-05,-1.40722e-07,-1.40722e-07,9.93516e-05,0,0,0,0
0.0867165,0.0837154,2.92123e-05,5.31252e-07,5.31252e-07,8.8939e-05,0,0,0,0
0.0709543,0.0334279,2.96221e-05,1.01027e-07,1.01027e-07,4.5375e-05,0,0,0,0
0.0324228,0.0793051,3.40661e-05,-5.45777e-06,-5.45777e-06,8.59085e-05,0,0,0,0
0.023664,0.0817537,2.1599e-05,-3.7427e-06,-3.7427e-06,8.6959e-05,0,0,0,0
0.0697668,0.0357227,2.78899e-05,1.56284e-07,1.56284e-07,4.53742e-05,0,0,0,0
0.0564482,0.0354472,1.84936e-05,2.87453e-08,2.87453e-08,4.50675e-05,0,0,0,0
0.0384144,0.117378,4.56142e-05,-3.46635e-06,-3.46635e-06,0.000136934,0,0,0,0
0.0295005,0.083527,2.69986e-05,-5.29141e-07,-5.29141e-07,8.80477e-05,0,0,0,0
0.0886795,0.0358601,3.09078e-05,2.00189e-06,2.00189e-06,4.5929e-05,0,0,0,0
0.0655524,0.0355084,2.44887e-05,1.58947e-07,1.58947e-07,4.55563e-05,0,0,0,0
0.079225,0.119781,3.48513e-05,2.47734e-06,2.47734e-06,0.00013948,0,0,0,0
0.0841995,0.0359382,2.79258e-05,1.84993e-06,1.84993e-06,4.5969e-05,0,0,0,0
0.075226,0.120316,3.14617e-05,2.23869e-06,2.23869e-06,0.000139567,0,0,0,0
0.0425398,0.116561,5.27199e-05,-3.99769e-06,-3.99769e-06,0.000136597,0,0,0,0
0.086875,0.0831478,2.01019e-05,3.65016e-06,3.65016e-06,8.87279e-05,0,0,0,0
0.114867,0.080492,3.49683e-05,5.61635e-06,5.61635e-06,8.75439e-05,0,0,0,0
0.137112,0.0786404,4.98577e-05,7.78028e-06,7.78028e-06,8.77759e-05,0,0,0,0
0.0446135,0.038341,1.71397e-05,-1.29432e-06,-1.29432e-06,4.58942e-05,0,0,0,0
0.034914,0.092783,3.40888e-05,-3.60118e-07,-3.60118e-07,9.9071e-05,0,0,0,0
0.102836,0.0354938,4.14613e-05,2.5088e-06,2.5088e-06,4.59798e-05,0,0,0,0
0.0866661,0.0840903,2.94983e-05,4.5152e-07,4.5152e-07,8.96161e-05,0,0,0,0
0.0212825,0.0829346,1.76305e-05,-3.2216e-06,-3.2216e-06,8.73947e-05,0,0,0,0
0.083112,0.0933977,3.33632e-05,2.40234e-07,2.40234e-07,0.000100086,0,0,0,0
0.0983916,0.034386,3.82939e-05,2.33055e-06,2.33055e-06,4.61977e-05,0,0,0,0
0.0640991,0.0348492,2.40192e-05,5.14517e-08,5.14517e-08,4.52518e-05,0,0,0,0
0.0521278,0.0372482,2.39517e-05,-1.74036e-06,-1.74036e-06,4.684e-05,0,0,0,0
0.0309278,0.0930512,2.92093e-05,-2.11742e-07,-2.11742e-07,9.89864e-05,0,0,0,0
0.0732699,0.0373683,2.14506e-05,1.40895e-06,1.40895e-06,4.5981e-05,0,0,0,0
0.124889,0.0786209,4.068e-05,6.44133e-06,6.44133e-06,8.67755e-05,0,0,0,0
0.0324278,0.0822357,3.19892e-05,-7.72793e-07,-7.72793e-07,8.72611e-05,0,0,0,0
0.0568949,0.0357385,1.84198e-05,1.02563e-07,1.02563e-07,4.53982e-05,0,0,0,0
0.0764479,0.094363,2.83641e-05,7.21958e-08,7.21958e-08,0.000100521,0,0,0,0
0.0445429,0.116484,5.7217e-05,-4.22437e-06,-4.22437e-06,0.0001372,0,0,0,0
0.0282958,0.0934804,2.80658e-05,-1.59033e-07,-1.59033e-07,9.96633e-05,0,0,0,0
0.0502446,0.115813,7.14929e-05,-4.94216e-06,-4.94216e-06,0.000138511,0,0,0,0
0.0215925,0.0830645,1.6011e-05,-2.94305e-06,-2.94305e-06,8.67339e-05,0,0,0,0
0.102993,0.0813425,4.08375e-05,1.10147e-06,1.10147e-06,8.76539e-05,0,0,0,0
0.0466767,0.0375542,1.59216e-05,-1.23985e-07,-1.23985e-07,4.62917e-05,0,0,0,0
0.0337803,0.0822576,3.17229e-05,-7.58066e-07,-7.58066e-07,8.70369e-05,0,0,0,0
0.0338005,0.0814847,3.31972e-05,-8.38445e-07,-8.38445e-07,8.64849e-05,0,0,0,0
0.0989297,0.0820943,3.78266e-05,9.02129e-07,9.02129e-07,8.81116e-05,0,0,0,0
0.0399393,0.0908763,4.50364e-05,-8.1408e-07,-8.1408e-07,9.84694e-05,0,0,0,0
0.0352124,0.0918589,3.74967e-05,-4.99022e-07,-4.99022e-07,9.87737e-05,0,0,0,0
0.0508623,0.0372142,2.22548e-05,-1.54408e-06,-1.54408e-06,4.58184e-05,0,0,0,0
0.117101,0.0805114,3.66679e-05,5.84894e-06,5.84894e-06,8.84343e-05,0,0,0,0
0.12536,0.078932,4.09425e-05,6.51723e-06,6.51723e-06,8.66177e-05,0,0,0,0
0.133481,0.078885,4.72684e-05,7.38347e-06,7.38347e-06,8.78903e-05,0,0,0,0
0.0394187,0.117635,4.649e-05,-3.45517e-06,-3.45517e-06,0.000137367,0,0,0,0
0.0882121,0.0360464,3.07901e-05,1.92253e-06,1.92253e-06,4.59736e-05,0,0,0,0
0.0919597,0.0831915,3.29357e-05,6.25859e-07,6.25859e-07,8.88129e-05,0,0,0,0
0.0337491,0.0817274,3.37903e-05,-8.60184e-07,-8.60184e-07,8.68981e-05,0,0,0,0
0.0613069,0.0341649,2.74944e-05,-1.9352e-07,-1.9352e-07,4.55929e-05,0,0,0,0
0.0172335,0.0842035,1.43285e-05,-2.86342e-06,-2.86342e-06,8.88561e-05,0,0,0,0
0.0747319,0.0342737,3.27134e-05,1.28158e-07,1.28158e-07,4.53736e-05,0,0,0,0
0.109572,0.0805058,3.15479e-05,5.157e-06,5.157e-06,8.71702e-05,0,0,0,0
0.125561,0.0792592,4.15018e-05,6.5717e-06,6.5717e-06,8.74607e-05,0,0,0,0
0.0432571,0.0386968,1.60429e-05,-1.22773e-06,-1.22773e-06,4.5776e-05,0,0,0,0
0.0821072,0.0850244,2.70686e-05,1.48672e-07,1.48672e-07,9.02555e-05,0,0,0,0
0.0693346,0.0348985,2.78078e-05,1.28151e-07,1.28151e-07,4.52553e-05,0,0,0,0
0.0847761,0.0828207,2.76169e-05,6.1689e-07,6.1689e-07,8.72868e-05,0,0,0,0
0.0788525,0.0946044,3.10216e-05,8.0946e-08,8.0946e-08,0.000100617,0,0,0,0
0.0478674,0.0378784,1.98262e-05,-1.45016e-06,-1.45016e-06,4.60285e-05,0,0,0,0
0.0843035,0.119503,3.99207e-05,2.60187e-06,2.60187e-06,0.000139495,0,0,0,0
0.0786056,0.0363696,2.4605e-05,1.59247e-06,1.59247e-06,4.59381e-05,0,0,0,0
0.0241129,0.0823019,2.33702e-05,-4.04402e-06,-4.04402e-06,8.79525e-05,0,0,0,0
0.0228737,0.0822021,2.08034e-05,-3.66903e-06,-3.66903e-06,8.73344e-05,0,0,0,0
0.0918619,0.0835084,3.31665e-05,5.88822e-07,5.88822e-07,8.95951e-05,0,0,0,0
0.0417626,0.0390084,1.51669e-05,-1.2291e-06,-1.2291e-06,4.64546e-05,0,0,0,0
0.0927696,0.0352114,3.42302e-05,2.06851e-06,2.06851e-06,4.63219e-05,0,0,0,0
0.104616,0.0812467,4.22473e-05,1.15116e-06,1.15116e-06,8.79155e-05,0,0,0,0
0.0459451,0.116611,6.33309e-05,-4.28523e-06,-4.28523e-06,0.000138836,0,0,0,0
0.0385825,0.117865,4.54039e-05,-3.33979e-06,-3.33979e-06,0.000137655,0,0,0,0
0.0647514,0.0350106,2.40728e-05,1.27932e-07,1.27932e-07,4.53024e-05,0,0,0,0
0.0232269,0.0828099,1.89957e-05,-3.38628e-06,-3.38628e-06,8.71036e-05,0,0,0,0
0.0515512,0.0366852,1.95841e-05,-1.88002e-07,-1.88002e-07,4.67988e-05,0,0,0,0
0.0464985,0.0383536,1.89176e-05,-1.45047e-06,-1.45047e-06,4.66627e-05,0,0,0,0
0.108353,0.0810192,3.11147e-05,5.08754e-06,5.08754e-06,8.7677e-05,0,0,0,0
0.0962072,0.0932298,4.8537e-05,4.13242e-07,4.13242e-07,0.000101396,0,0,0,0
0.0848772,0.0939233,3.61123e-05,1.91752e-07,1.91752e-07,0.000100725,0,0,0,0
0.0268268,0.0805006,2.56761e-05,-4.20089e-06,-4.20089e-06,8.62909e-05,0,0,0,0
0.044854,0.0384626,1.76213e-05,-1.38103e-06,-1.38103e-06,4.67511e-05,0,0,0,0
0.0893664,0.0353285,3.15988e-05,1.9866e-06,1.9866e-06,4.60007e-05,0,0,0,0
0.0773883,0.036177,2.37791e-05,1.58552e-06,1.58552e-06,4.58592e-05,0,0,0,0
0.0801202,0.120125,3.6258e-05,2.35682e-06,2.35682e-06,0.000140336,0,0,0,0
0.0486691,0.0364045,1.73749e-05,-1.48758e-07,-1.48758e-07,4.63567e-05,0,0,0,0
0.101557,0.0814069,2.72341e-05,4.56835e-06,4.56835e-06,8.75882e-05,0,0,0,0
0.0911674,0.0927324,4.07938e-05,4.75228e-07,4.75228e-07,9.97806e-05,0,0,0,0
0.0264403,0.0833115,2.50814e-05,-5.48059e-07,-5.48059e-07,8.7642e-05,0,0,0,0
0.0736224,0.0338045,3.18844e-05,1.12395e-07,1.12395e-07,4.54183e-05,0,0,0,0
0.0278036,0.0831727,2.64634e-05,-5.79766e-07,-5.79766e-07,8.76464e-05,0,0,0,0
0.0501045,0.0350872,1.81864e-05,-9.24085e-08,-9.24085e-08,4.52544e-05,0,0,0,0
0.0598275,0.122343,2.00414e-05,1.49842e-06,1.49842e-06,0.000140415,0,0,0,0
0.0584195,0.0358302,2.47594e-05,-1.36833e-07,-1.36833e-07,4.5371e-05,0,0,0,0
0.0230164,0.0818655,1.97536e-05,-3.43429e-06,-3.43429e-06,8.66968e-05,0,0,0,0
0.0845446,0.0927864,3.39227e-05,3.47296e-07,3.47296e-07,9.91487e-05,0,0,0,0
0.100084,0.0815645,3.85468e-05,1.01733e-06,1.01733e-06,8.76235e-05,0,0,0,0
0.0874296,0.0931251,3.7406e-05,3.11907e-07,3.11907e-07,0.00010034,0,0,0,0
0.0722435,0.121093,2.94521e-05,2.00845e-06,2.00845e-06,0.000140789,0,0,0,0
0.0414848,0.0899284,4.56105e-05,-8.44455e-07,-8.44455e-07,9.76067e-05,0,0,0,0
0.10448,0.0813917,4.22309e-05,1.12406e-06,1.12406e-06,8.81579e-05,0,0,0,0
0.0330317,0.0923489,3.23588e-05,-3.26704e-07,-3.26704e-07,9.86037e-05,0,0,0,0
0.0702746,0.121991,2.88285e-05,1.64034e-06,1.64034e-06,0.000141908,0,0,0,0
0.0717299,0.0943964,2.44196e-05,3.67259e-08,3.67259e-08,0.000100125,0,0,0,0
0.0451035,0.116041,6.10073e-05,-4.46107e-06,-4.46107e-06,0.000137369,0,0,0,0
0.0381849,0.0914015,4.09956e-05,-6.56835e-07,-6.56835e-07,9.84988e-05,0,0,0,0
0.0444158,0.116092,5.63303e-05,-4.28298e-06,-4.28298e-06,0.000136379,0,0,0,0
0.0254441,0.0837756,2.38953e-05,-5.00711e-07,-5.00711e-07,8.80412e-05,0,0,0,0
0.123362,0.0802318,4.10257e-05,6.40484e-06,6.40484e-06,8.84792e-05,0,0,0,0
0.0307612,0.0934156,2.79311e-05,-1.69454e-07,-1.69454e-07,9.90879e-05,0,0,0,0
0.0482438,0.0350278,1.69771e-05,-1.17575e-07,-1.17575e-07,4.56475e-05,0,0,0,0
0.0718392,0.121619,2.97928e-05,1.79683e-06,1.79683e-06,0.000141645,0,0,0,0
0.11501,0.0802607,3.48319e-05,5.61159e-06,5.61159e-06,8.71294e-05,0,0,0,0
0.0944567,0.0829709,3.48239e-05,6.81806e-07,6.81806e-07,8.88827e-05,0,0,0,0
0.0231702,0.0824305,2.08746e-05,-3.68272e-06,-3.68272e-06,8.74679e-05,0,0,0,0
0.0483812,0.0351803,1.71834e-05,-1.47142e-07,-1.47142e-07,4.6163e-05,0,0,0,0
0.0622584,0.0344826,2.24532e-05,8.53166e-08,8.53166e-08,4.51392e-05,0,0,0,0
0.12455,0.0801336,4.17964e-05,6.51448e-06,6.51448e-06,8.83481e-05,0,0,0,0
0.0575431,0.036751,2.45776e-05,-2.67412e-07,-2.67412e-07,4.73717e-05,0,0,0,0
0.0517205,0.0380102,2.27228e-05,-1.54164e-06,-1.54164e-06,4.56172e-05,0,0,0,0
0.124518,0.0796231,4.11264e-05,6.49311e-06,6.49311e-06,8.78663e-05,0,0,0,0
0.021379,0.0826146,1.98695e-05,-3.58489e-06,-3.58489e-06,8.79246e-05,0,0,0,0
0.0755045,0.120423,3.18566e-05,2.1786e-06,2.1786e-06,0.000139606,0,0,0,0
0.0248755,0.0846052,2.29116e-05,-3.99654e-07,-3.99654e-07,8.89856e-05,0,0,0,0
0.0646796,0.0961759,2.05769e-05,-1.52897e-07,-1.52897e-07,0.000101514,0,0,0,0
0.0438947,0.03774,1.67287e-05,-1.28213e-06,-1.28213e-06,4.61404e-05,0,0,0,0
0.0386274,0.091799,4.22318e-05,-6.24985e-07,-6.24985e-07,9.9134e-05,0,0,0,0
0.0892152,0.0833804,3.08876e-05,5.94854e-07,5.94854e-07,8.8751e-05,0,0,0,0
0.0340769,0.0921383,3.54486e-05,-4.23846e-07,-4.23846e-07,9.88334e-05,0,0,0,0
0.0956065,0.0352789,3.67934e-05,2.11753e-06,2.11753e-06,4.73913e-05,0,0,0,0
0.0878217,0.118729,4.27149e-05,2.95894e-06,2.95894e-06,0.00013873,0,0,0,0
0.033513,0.0821994,3.29183e-05,-7.97363e-07,-7.97363e-07,8.73039e-05,0,0,0,0
0.0748288,0.120151,3.09074e-05,2.27189e-06,2.27189e-06,0.000139051,0,0,0,0
0.03769,0.090917,3.84069e-05,-5.25759e-07,-5.25759e-07,9.78355e-05,0,0,0,0
0.101048,0.0344677,4.03647e-05,2.4281e-06,2.4281e-06,4.62499e-05,0,0,0,0
0.0829787,0.0934963,3.33791e-05,2.28182e-07,2.28182e-07,0.000100129,0,0,0,0
0.0300842,0.0795188,3.1082e-05,-4.95019e-06,-4.95019e-06,8.6065e-05,0,0,0,0
0.0409857,0.117143,5.04119e-05,-3.73564e-06,-3.73564e-06,0.000137288,0,0,0,0
0.0925252,0.0353373,3.41397e-05,2.04324e-06,2.04324e-06,4.64919e-05,0,0,0,0
0.0607552,0.0349078,2.73934e-05,-2.8304e-07,-2.8304e-07,4.68196e-05,0,0,0,0
0.0986441,0.034486,3.8526e-05,2.32878e-06,2.32878e-06,4.62449e-05,0,0,0,0
0.0232702,0.0818773,1.96301e-05,-3.41209e-06,-3.41209e-06,8.65548e-05,0,0,0,0
0.096616,0.0822699,3.60127e-05,8.45233e-07,8.45233e-07,8.8028e-05,0,0,0,0
0.0433894,0.11688,5.76622e-05,-4.02934e-06,-4.02934e-06,0.00013834,0,0,0,0
0.0841534,0.119841,4.03963e-05,2.48545e-06,2.48545e-06,0.000140678,0,0,0,0
0.0274736,0.0836111,2.56409e-05,-5.23247e-07,-5.23247e-07,8.804e-05,0,0,0,0
0.0434881,0.11655,5.61822e-05,-4.13278e-06,-4.13278e-06,0.000137297,0,0,0,0
0.0800258,0.119379,3.51295e-05,2.58027e-06,2.58027e-06,0.000138282,0,0,0,0
0.0778259,0.0940681,2.92601e-05,1.19764e-07,1.19764e-07,0.000100102,0,0,0,0
0.0625893,0.0343696,2.26281e-05,1.01931e-07,1.01931e-07,4.51784e-05,0,0,0,0
0.0632483,0.0364831,2.28045e-05,1.12069e-07,1.12069e-07,4.5301e-05,0,0,0,0
0.0899093,0.0836642,3.16683e-05,5.81132e-07,5.81132e-07,8.96088e-05,0,0,0,0
0.0731701,0.0941083,2.53403e-05,6.83061e-08,6.83061e-08,9.96433e-05,0,0,0,0
0.0453418,0.037877,1.76149e-05,-1.29084e-06,-1.29084e-06,4.57303e-05,0,0,0,0
0.083324,0.0352864,2.7847e-05,1.72177e-06,1.72177e-06,4.63833e-05,0,0,0,0
0.0459787,0.0392179,1.84655e-05,-1.44263e-06,-1.44263e-06,4.67793e-05,0,0,0,0
0.0422656,0.0376135,1.30352e-05,-9.66134e-08,-9.66134e-08,4.62145e-05,0,0,0,0
0.0610991,0.0356576,2.15141e-05,7.18539e-08,7.18539e-08,4.51133e-05,0,0,0,0
0.122006,0.0795413,5.78553e-05,1.86858e-06,1.86858e-06,8.80919e-05,0,0,0,0
0.0803541,0.0373959,2.60522e-05,1.57328e-06,1.57328e-06,4.71558e-05,0,0,0,0
0.0842894,0.0835931,2.73883e-05,5.65609e-07,5.65609e-07,8.84819e-05,0,0,0,0
0.0719729,0.0348308,3.01414e-05,1.22155e-07,1.22155e-07,4.52829e-05,0,0,0,0
0.0618945,0.0360133,2.16976e-05,1.51417e-07,1.51417e-07,4.57486e-05,0,0,0,0
0.136744,0.0777343,4.86783e-05,7.65103e-06,7.65103e-06,8.69805e-05,0,0,0,0
0.115891,0.0796509,3.4977e-05,5.64029e-06,5.64029e-06,8.63276e-05,0,0,0,0
0.0957402,0.0823364,3.53828e-05,8.4029e-07,8.4029e-07,8.81875e-05,0,0,0,0
0.115019,0.0802064,3.48797e-05,5.62558e-06,5.62558e-06,8.74829e-05,0,0,0,0
0.0511063,0.0356499,1.93179e-05,-1.98898e-07,-1.98898e-07,4.69175e-05,0,0,0,0
0.108979,0.0809063,4.58683e-05,1.28861e-06,1.28861e-06,8.78234e-05,0,0,0,0
0.0231482,0.0842842,2.04473e-05,-4.07905e-07,-4.07905e-07,8.80302e-05,0,0,0,0
0.0452872,0.038337,1.75064e-05,-1.28452e-06,-1.28452e-06,4.56557e-05,0,0,0,0
0.0721341,0.034581,3.02437e-05,1.35487e-07,1.35487e-07,4.52897e-05,0,0,0,0
0.0893273,0.034948,3.18397e-05,1.94506e-06,1.94506e-06,4.63215e-05,0,0,0,0
0.0243658,0.0816764,2.27487e-05,-3.91788e-06,-3.91788e-06,8.70221e-05,0,0,0,0
0.0775683,0.119713,3.30577e-05,2.43022e-06,2.43022e-06,0.000138481,0,0,0,0
0.0333678,0.0404142,9.62977e-06,-9.15913e-07,-9.15913e-07,4.64702e-05,0,0,0,0
0.0480166,0.0355563,1.67893e-05,-1.10631e-07,-1.10631e-07,4.56258e-05,0,0,0,0
0.0301395,0.0824985,3.1142e-05,-7.47853e-07,-7.47853e-07,8.76926e-05,0,0,0,0
0.0925856,0.0831179,3.33662e-05,7.29024e-07,7.29024e-07,8.92777e-05,0,0,0,0
0.054052,0.0352022,2.14001e-05,-1.68253e-07,-1.68253e-07,4.59287e-05,0,0,0,0
0.0429864,0.0377603,1.59401e-05,-1.217e-06,-1.217e-06,4.58963e-05,0,0,0,0
0.0728797,0.120578,2.95095e-05,2.14815e-06,2.14815e-06,0.000139725,0,0,0,0
0.0878373,0.0830034,2.96531e-05,6.39445e-07,6.39445e-07,8.78664e-05,0,0,0,0
0.0830365,0.0934878,3.34239e-05,2.44666e-07,2.44666e-07,9.98874e-05,0,0,0,0
0.0560685,0.0359765,1.80906e-05,4.56709e-08,4.56709e-08,4.50357e-05,0,0,0,0
0.126593,0.0792323,4.22068e-05,6.67302e-06,6.67302e-06,8.74224e-05,0,0,0,0
0.0927034,0.0924129,4.20023e-05,4.78874e-07,4.78874e-07,0.000100095,0,0,0,0
0.115814,0.0807279,3.5853e-05,5.70587e-06,5.70587e-06,8.77524e-05,0,0,0,0
0.0609657,0.113204,0.000100329,-7.45221e-06,-7.45221e-06,0.000138233,0,0,0,0
0.0642204,0.0349754,3.02673e-05,-2.35489e-07,-2.35489e-07,4.58337e-05,0,0,0,0
0.0199305,0.0833083,1.6534e-05,-3.09847e-06,-3.09847e-06,8.7829e-05,0,0,0,0
0.0721137,0.0346692,3.0068e-05,1.59243e-07,1.59243e-07,4.5329e-05,0,0,0,0
0.0497217,0.0347108,1.81086e-05,-1.4287e-07,-1.4287e-07,4.588e-05,0,0,0,0
0.0918175,0.0353197,3.34319e-05,2.05001e-06,2.05001e-06,4.61421e-05,0,0,0,0
0.0644143,0.0951964,1.96286e-05,-7.43537e-08,-7.43537e-08,0.000100455,0,0,0,0
0.0240038,0.082137,2.25368e-05,-3.91716e-06,-3.91716e-06,8.75006e-05,0,0,0,0
0.0508085,0.0377357,2.18039e-05,-1.45692e-06,-1.45692e-06,4.57299e-05,0,0,0,0
0.0391641,0.0388092,1.32597e-05,-1.09587e-06,-1.09587e-06,4.61015e-05,0,0,0,0
0.0497358,0.0372424,1.81406e-05,-1.55683e-07,-1.55683e-07,4.64982e-05,0,0,0,0
0.0755271,0.119761,3.12015e-05,2.38285e-06,2.38285e-06,0.000138302,0,0,0,0
0.0688343,0.0345993,2.7235e-05,1.64573e-07,1.64573e-07,4.54119e-05,0,0,0,0
0.100478,0.0337762,4.01208e-05,2.40092e-06,2.40092e-06,4.64377e-05,0,0,0,0
0.0726959,0.0854716,2.06128e-05,2.28662e-07,2.28662e-07,8.96316e-05,0,0,0,0
0.0767194,0.0940794,2.82767e-05,1.07766e-07,1.07766e-07,0.000100063,0,0,0,0
0.0864978,0.0833978,2.8846e-05,5.64309e-07,5.64309e-07,8.82288e-05,0,0,0,0
0.035237,0.0392914,1.05009e-05,-8.88652e-07,-8.88652e-07,4.5487e-05,0,0,0,0
0.127204,0.0787069,4.20603e-05,6.69096e-06,6.69096e-06,8.64658e-05,0,0,0,0
0.0283418,0.0831984,2.82975e-05,-6.24393e-07,-6.24393e-07,8.81047e-05,0,0,0,0
0.0278843,0.082937,2.67679e-05,-6.01475e-07,-6.01475e-07,8.74258e-05,0,0,0,0
0.0280814,0.0837593,2.25779e-05,-4.1591e-07,-4.1591e-07,8.72866e-05,0,0,0,0
0.0789261,0.0374376,2.47153e-05,1.59231e-06,1.59231e-06,4.58656e-05,0,0,0,0
0.0218341,0.0845091,1.93208e-05,-3.92949e-07,-3.92949e-07,8.81726e-05,0,0,0,0
0.0458432,0.115791,6.5561e-05,-4.67015e-06,-4.67015e-06,0.000137994,0,0,0,0
0.0196769,0.0836107,1.63626e-05,-3.08897e-06,-3.08897e-06,8.81609e-05,0,0,0,0
0.0212508,0.0834237,1.80595e-05,-3.30286e-06,-3.30286e-06,8.81002e-05,0,0,0,0
0.0548083,0.113499,8.49348e-05,-6.30821e-06,-6.30821e-06,0.000136935,0,0,0,0
0.036669,0.0812209,3.84315e-05,-1.05246e-06,-1.05246e-06,8.6982e-05,0,0,0,0
0.0380322,0.0916656,4.24158e-05,-6.34842e-07,-6.34842e-07,9.91178e-05,0,0,0,0
0.0424106,0.116803,5.47438e-05,-3.98106e-06,-3.98106e-06,0.000137599,0,0,0,0
0.0551942,0.0363977,1.74937e-05,4.01387e-08,4.01387e-08,4.50221e-05,0,0,0,0
0.0805585,0.0940202,3.17818e-05,1.44425e-07,1.44425e-07,0.000100373,0,0,0,0
0.0539173,0.0350391,2.12774e-05,-1.6287e-07,-1.6287e-07,4.58461e-05,0,0,0,0
0.09013,0.0368369,3.24711e-05,1.91658e-06,1.91658e-06,4.68495e-05,0,0,0,0
0.0314269,0.0935356,2.84596e-05,-1.76697e-07,-1.76697e-07,9.9214e-05,0,0,0,0
0.0987871,0.0817521,2.58329e-05,4.40053e-06,4.40053e-06,8.80053e-05,0,0,0,0
0.0673297,0.0344117,2.66305e-05,6.10998e-08,6.10998e-08,4.53672e-05,0,0,0,0
0.0682832,0.12086,2.56872e-05,1.98532e-06,1.98532e-06,0.000139208,0,0,0,0
0.0833641,0.11968,3.91815e-05,2.56199e-06,2.56199e-06,0.000140263,0,0,0,0
0.0752993,0.120537,3.17972e-05,2.15559e-06,2.15559e-06,0.000139956,0,0,0,0
0.118761,0.0800386,3.73482e-05,5.96726e-06,5.96726e-06,8.78346e-05,0,0,0,0
0.113467,0.0794532,3.3635e-05,5.39584e-06,5.39584e-06,8.64183e-05,0,0,0,0
0.0494912,0.115515,7.21483e-05,-5.06196e-06,-5.06196e-06,0.000138328,0,0,0,0
0.0880436,0.0936759,3.92089e-05,2.3187e-07,2.3187e-07,0.000100994,0,0,0,0
0.0593853,0.0345787,2.58274e-05,-1.93467e-07,-1.93467e-07,4.574e-05,0,0,0,0
0.023776,0.0819957,2.07903e-05,-3.62851e-06,-3.62851e-06,8.68172e-05,0,0,0,0
0.094074,0.0344949,3.50767e-05,2.16111e-06,2.16111e-06,4.61592e-05,0,0,0,0
0.049463,0.115118,7.14573e-05,-5.21381e-06,-5.21381e-06,0.000137472,0,0,0,0
0.100005,0.0346476,3.91137e-05,2.48766e-06,2.48766e-06,4.61414e-05,0,0,0,0
0.0644099,0.0336725,2.41886e-05,9.00322e-08,9.00322e-08,4.51771e-05,0,0,0,0
0.0557952,0.0346907,2.25682e-05,-1.15659e-07,-1.15659e-07,4.52553e-05,0,0,0,0
0.0948503,0.0822979,3.46489e-05,8.30802e-07,8.30802e-07,8.7939e-05,0,0,0,0
0.125945,0.0787809,4.1483e-05,6.57341e-06,6.57341e-06,8.7138e-05,0,0,0,0
0.0513245,0.0371577,2.3187e-05,-1.68754e-06,-1.68754e-06,4.67391e-05,0,0,0,0
0.0828472,0.093002,3.25908e-05,2.80128e-07,2.80128e-07,9.95946e-05,0,0,0,0
0.100548,0.0357571,3.94346e-05,2.462e-06,2.462e-06,4.58579e-05,0,0,0,0
0.0912289,0.0926734,4.07868e-05,4.48849e-07,4.48849e-07,9.99524e-05,0,0,0,0
0.0361526,0.092473,3.67848e-05,-4.41443e-07,-4.41443e-07,9.91218e-05,0,0,0,0
0.103414,0.0810743,4.08689e-05,1.16391e-06,1.16391e-06,8.68594e-05,0,0,0,0
0.0886741,0.0347074,3.12789e-05,1.9506e-06,1.9506e-06,4.61405e-05,0,0,0,0
0.0498607,0.115145,7.24584e-05,-5.25073e-06,-5.25073e-06,0.000137666,0,0,0,0
0.0354084,0.0815371,3.63696e-05,-9.58463e-07,-9.58463e-07,8.70562e-05,0,0,0,0
0.0595665,0.0343762,2.60327e-05,-2.04408e-07,-2.04408e-07,4.58266e-05,0,0,0,0
0.09067,0.0829663,3.17493e-05,6.9337e-07,6.9337e-07,8.84114e-05,0,0,0,0
0.119385,0.0797689,3.75449e-05,6.00554e-06,6.00554e-06,8.75242e-05,0,0,0,0
0.0972886,0.0823157,3.66668e-05,8.75518e-07,8.75518e-07,8.85516e-05,0,0,0,0
0.106899,0.0814363,3.051e-05,4.97412e-06,4.97412e-06,8.78905e-05,0,0,0,0
0.0234963,0.0825359,2.14114e-05,-3.75905e-06,-3.75905e-06,8.76715e-05,0,0,0,0
0.0615445,0.0337215,2.23112e-05,3.62509e-08,3.62509e-08,4.53119e-05,0,0,0,0
0.0461558,0.038723,1.85589e-05,-1.42514e-06,-1.42514e-06,4.6496e-05,0,0,0,0
0.0847884,0.119717,4.09192e-05,2.53887e-06,2.53887e-06,0.00014054,0,0,0,0
0.0494558,0.11537,7.11719e-05,-5.11884e-06,-5.11884e-06,0.000137816,0,0,0,0
0.111672,0.0808924,3.31717e-05,5.35445e-06,5.35445e-06,8.77269e-05,0,0,0,0
0.0592855,0.0363437,2.53679e-05,-1.07798e-07,-1.07798e-07,4.52072e-05,0,0,0,0
0.0610104,0.0355599,2.74909e-05,-2.59381e-07,-2.59381e-07,4.65073e-05,0,0,0,0
0.0908808,0.036622,3.21273e-05,2.16237e-06,2.16237e-06,4.63007e-05,0,0,0,0
0.0491953,0.0367999,2.11011e-05,-1.5204e-06,-1.5204e-06,4.62054e-05,0,0,0,0
0.0608798,0.0351257,2.73443e-05,-2.49937e-07,-2.49937e-07,4.63396e-05,0,0,0,0
0.036323,0.117522,4.35015e-05,-3.31269e-06,-3.31269e-06,0.000137096,0,0,0,0
0.0294691,0.0933028,2.84919e-05,-1.77364e-07,-1.77364e-07,9.93544e-05,0,0,0,0
0.0952587,0.0354117,3.58892e-05,2.17947e-06,2.17947e-06,4.61411e-05,0,0,0,0
0.0392557,0.0384522,1.32332e-05,-1.06695e-06,-1.06695e-06,4.5795e-05,0,0,0,0
0.0234671,0.0819491,2.04638e-05,-3.57244e-06,-3.57244e-06,8.67882e-05,0,0,0,0
0.0634835,0.122064,2.26788e-05,1.62899e-06,1.62899e-06,0.000140715,0,0,0,0
0.0202566,0.0839587,1.51587e-05,-2.8597e-06,-2.8597e-06,8.78115e-05,0,0,0,0
0.0601973,0.03521,2.0611e-05,1.38641e-07,1.38641e-07,4.56076e-05,0,0,0,0
0.08759,0.0927469,3.69334e-05,3.78227e-07,3.78227e-07,9.97288e-05,0,0,0,0
0.108418,0.0805576,3.08396e-05,5.05194e-06,5.05194e-06,8.69497e-05,0,0,0,0
0.0810704,0.0937026,3.18059e-05,2.14564e-07,2.14564e-07,9.97322e-05,0,0,0,0
0.0626226,0.0338598,2.8988e-05,-2.66164e-07,-2.66164e-07,4.62171e-05,0,0,0,0
0.106672,0.0808312,4.37926e-05,1.2577e-06,1.2577e-06,8.7474e-05,0,0,0,0
0.023648,0.0815346,2.16656e-05,-3.71713e-06,-3.71713e-06,8.68611e-05,0,0,0,0
0.0882769,0.117982,4.21854e-05,3.2326e-06,3.2326e-06,0.000136904,0,0,0,0
0.0309245,0.0933291,3.07077e-05,-2.1917e-07,-2.1917e-07,9.96211e-05,0,0,0,0
0.103317,0.0815426,2.8338e-05,4.69051e-06,4.69051e-06,8.7619e-05,0,0,0,0
0.0444278,0.0894664,5.12306e-05,-1.15931e-06,-1.15931e-06,9.75771e-05,0,0,0,0
0.0300247,0.0934793,2.89846e-05,-1.77477e-07,-1.77477e-07,9.95455e-05,0,0,0,0
0.136427,0.0785585,4.91677e-05,7.6937e-06,7.6937e-06,8.76376e-05,0,0,0,0
0.0524792,0.0361959,1.57034e-05,6.09234e-08,6.09234e-08,4.51522e-05,0,0,0,0
0.0938177,0.0359901,3.46592e-05,2.13788e-06,2.13788e-06,4.59404e-05,0,0,0,0
0.0472623,0.0374744,1.95367e-05,-1.46102e-06,-1.46102e-06,4.64518e-05,0,0,0,0
0.0457258,0.0373767,1.81926e-05,-1.36332e-06,-1.36332e-06,4.61863e-05,0,0,0,0
0.0980518,0.0343662,3.78927e-05,2.34978e-06,2.34978e-06,4.61059e-05,0,0,0,0
0.0515444,0.0366497,2.29979e-05,-1.59415e-06,-1.59415e-06,4.59569e-05,0,0,0,0
0.0826757,0.0370083,2.7339e-05,1.67529e-06,1.67529e-06,4.64863e-05,0,0,0,0
0.0724754,0.0335829,3.10023e-05,9.50179e-08,9.50179e-08,4.54714e-05,0,0,0,0
0.0894857,0.0830517,3.08856e-05,6.56067e-07,6.56067e-07,8.82558e-05,0,0,0,0
0.0291907,0.0929453,2.9024e-05,-1.95787e-07,-1.95787e-07,9.92014e-05,0,0,0,0
0.0785831,0.0936977,2.94936e-05,1.64129e-07,1.64129e-07,9.9829e-05,0,0,0,0
0.0606186,0.0354316,2.70481e-05,-2.35922e-07,-2.35922e-07,4.62147e-05,0,0,0,0
0.0282845,0.0836238,2.4574e-05,-4.78405e-07,-4.78405e-07,8.76474e-05,0,0,0,0
0.0264481,0.0833393,2.55927e-05,-5.65056e-07,-5.65056e-07,8.78117e-05,0,0,0,0
0.0893555,0.0836935,3.12933e-05,5.14513e-07,5.14513e-07,8.92877e-05,0,0,0,0
0.0422244,0.0899763,5.08155e-05,-1.06419e-06,-1.06419e-06,9.82881e-05,0,0,0,0
0.0583246,0.0360391,1.95002e-05,6.99772e-08,6.99772e-08,4.51153e-05,0,0,0,0
0.106422,0.0817701,3.05121e-05,4.93371e-06,4.93371e-06,8.81216e-05,0,0,0,0
0.0917809,0.0349499,3.37379e-05,2.00935e-06,2.00935e-06,4.66795e-05,0,0,0,0
0.040595,0.0375429,1.41914e-05,-1.10774e-06,-1.10774e-06,4.58193e-05,0,0,0,0
0.0629111,0.0373626,1.59955e-05,1.11415e-06,1.11415e-06,4.61217e-05,0,0,0,0
0.0501624,0.115015,7.14348e-05,-5.29612e-06,-5.29612e-06,0.000137113,0,0,0,0
0.0802655,0.0934933,3.07756e-05,2.21548e-07,2.21548e-07,9.94378e-05,0,0,0,0
0.105665,0.0814307,4.33295e-05,1.12613e-06,1.12613e-06,8.83372e-05,0,0,0,0
0.0298945,0.0930087,2.96718e-05,-2.17477e-07,-2.17477e-07,9.92461e-05,0,0,0,0
0.0928868,0.0828233,3.33862e-05,7.23137e-07,7.23137e-07,8.84565e-05,0,0,0,0
0.0932155,0.0351992,3.39513e-05,2.26491e-06,2.26491e-06,4.65103e-05,0,0,0,0
0.0536682,0.0333449,2.1061e-05,-1.48281e-07,-1.48281e-07,4.55044e-05,0,0,0,0
0.0952472,0.0360827,3.60444e-05,2.13318e-06,2.13318e-06,4.65057e-05,0,0,0,0
0.0698331,0.121603,2.78114e-05,1.79121e-06,1.79121e-06,0.000141104,0,0,0,0
0.0857431,0.0366882,2.90302e-05,1.83863e-06,1.83863e-06,4.58487e-05,0,0,0,0
0.0225618,0.0828074,1.81199e-05,-3.2614e-06,-3.2614e-06,8.6986e-05,0,0,0,0
0.0857641,0.0830249,2.81717e-05,5.95812e-07,5.95812e-07,8.74072e-05,0,0,0,0
0.0737923,0.0367548,2.15815e-05,1.48928e-06,1.48928e-06,4.58147e-05,0,0,0,0
0.0708445,0.0856179,1.95004e-05,2.72527e-07,2.72527e-07,8.97423e-05,0,0,0,0
0.074623,0.0356358,3.21768e-05,1.54931e-07,1.54931e-07,4.52977e-05,0,0,0,0
0.119336,0.0803133,3.80281e-05,6.02701e-06,6.02701e-06,8.80896e-05,0,0,0,0
0.0457633,0.0378805,1.81574e-05,-1.36248e-06,-1.36248e-06,4.61057e-05,0,0,0,0
0.0782385,0.0359343,2.44031e-05,1.58866e-06,1.58866e-06,4.59509e-05,0,0,0,0
0.0446548,0.116338,5.87368e-05,-4.30355e-06,-4.30355e-06,0.000137352,0,0,0,0
0.10388,0.0349582,4.23249e-05,2.57126e-06,2.57126e-06,4.60253e-05,0,0,0,0
0.0677812,0.0338391,2.73639e-05,2.65118e-08,2.65118e-08,4.58064e-05,0,0,0,0
0.0972976,0.0342712,3.73379e-05,2.32245e-06,2.32245e-06,4.61193e-05,0,0,0,0
0.107236,0.0809661,3.03209e-05,4.97021e-06,4.97021e-06,8.7105e-05,0,0,0,0
0.0353147,0.118334,4.18226e-05,-3.07522e-06,-3.07522e-06,0.000138182,0,0,0,0
0.0558017,0.035807,2.26418e-05,-1.39603e-07,-1.39603e-07,4.55118e-05,0,0,0,0
0.0453635,0.0368987,1.49537e-05,-9.297e-08,-9.297e-08,4.57202e-05,0,0,0,0
0.057806,0.0348091,2.43965e-05,-1.68002e-07,-1.68002e-07,4.56022e-05,0,0,0,0
0.0843427,0.0925192,3.34605e-05,3.43855e-07,3.43855e-07,9.90596e-05,0,0,0,0
0.0391039,0.117216,4.65551e-05,-3.54726e-06,-3.54726e-06,0.000136773,0,0,0,0
