tree logl logTop logProp logPrior logWt parsimonyScore
(1,2,(3,((((4,5),14),((6,7),((((8,9),11),(10,13)),12))),(15,((((16,17),((18,19),(20,21))),(24,(((25,26),31),(27,(28,(29,30)))))),(22,23)))))); -12762.1 -14.2447 220.383 115.261 -12881.5 34200
(1,2,((3,((4,5),(((6,7),((8,9),((10,13),(11,12)))),14))),(15,(((((16,17),((18,19),(20,21))),31),(24,((25,26),((27,28),(29,30))))),(22,23))))); -12736.1 -9.79093 227.637 114.714 -12858.8 34200
(1,2,((3,((4,5),(((6,7),((((8,9),13),11),(10,12))),14))),(15,((((16,17),((18,19),(20,21))),((24,((25,26),((27,28),(29,30)))),31)),(22,23))))); -12737.7 -10.033 219.613 114.696 -12852.6 34200
(1,2,((3,((4,5),(((6,7),(((8,9),((10,12),11)),13)),14))),(15,((((16,17),((18,19),(20,21))),(((24,(25,26)),(27,(28,(29,30)))),31)),(22,23))))); -12732.4 -10.0808 229.836 114.428 -12857.9 34200
(1,2,((3,((4,5),(((((6,7),10),((8,9),(11,12))),13),14))),(15,((((16,17),((18,19),(20,21))),(((24,(27,28)),(29,30)),((25,26),31))),(22,23))))); -12757.1 -15.9093 229.343 114.758 -12887.6 34200
(1,2,((3,((4,5),(((6,7),(((((8,9),10),13),11),12)),14))),(15,((((16,17),((18,19),(20,21))),(((24,(27,28)),(25,26)),((29,30),31))),(22,23))))); -12722.3 -13.2193 235.654 114.919 -12856.3 34200
(1,2,((3,(15,((((16,17),((18,19),(20,21))),((((24,(27,28)),(25,26)),(29,30)),31)),(22,23)))),(((((4,5),14),12),((((8,9),11),13),10)),(6,7)))); -12748.6 -18.6336 236.407 114.371 -12889.3 34200
(1,2,((3,((4,5),(((6,7),((8,9),((10,12),(11,13)))),14))),(15,(((16,17),((18,19),(20,21))),((22,23),((24,((25,26),(27,(28,(29,30))))),31)))))); -12714 -9.2573 233.625 115.115 -12841.8 34200
(1,2,((3,((15,23),(((((16,17),((18,19),(20,21))),31),(24,((25,26),(27,(28,(29,30)))))),22))),(((4,5),((6,7),(((((8,9),11),12),10),13))),14))); -12766.7 -13.2433 233.555 114.756 -12898.7 34200
(1,2,((3,(((4,5),14),((6,7),((((8,9),11),(10,12)),13)))),(15,((((16,17),((18,19),(20,21))),((24,((25,26),(27,(28,(29,30))))),31)),(22,23))))); -12733 -7.32685 214.283 114.314 -12840.3 34200
(1,2,((3,(((4,5),(((6,7),(((10,12),11),13)),(8,9))),14)),((15,(((16,17),((18,19),(20,21))),(24,((25,26),((27,(29,30)),(28,31)))))),(22,23)))); -12810.1 -24.3329 227.421 113.761 -12948.1 34200
(1,2,((3,(((4,5),((6,7),((((8,9),10),(11,12)),13))),14)),(((15,((24,(((25,26),(27,28)),(29,30))),31)),(22,23)),((16,17),((18,19),(20,21)))))); -12746.1 -15.1514 228.585 115.39 -12874.4 34200
(1,2,((3,(((4,5),((6,7),(((8,9),10),((11,12),13)))),14)),(15,(((16,17),((18,19),(20,21))),((22,23),((24,(((25,26),27),(28,(29,30)))),31)))))); -12720.6 -12.7575 230.868 114.483 -12849.8 34200
(1,2,((3,((4,5),(((6,7),(((((8,9),11),12),10),13)),14))),(15,((((16,17),((18,19),(20,21))),((22,31),(24,((25,26),(27,(28,(29,30))))))),23)))); -12760.1 -12.1955 224.111 114.248 -12882.2 34200
(1,2,((((3,(4,5)),((6,7),((((8,9),(10,11)),12),13))),14),(15,((((16,17),((18,19),(20,21))),(((24,(25,26)),(27,(28,(29,30)))),31)),(22,23))))); -12768.5 -16.3501 225.72 114.825 -12895.7 34200
(1,2,((3,(((4,5),14),((6,7),(((8,9),(10,(11,13))),12)))),(15,((((16,17),((18,19),(20,21))),((((24,28),(25,26)),(27,(29,30))),31)),(22,23))))); -12740.5 -11.8869 228.322 115.454 -12865.2 34200
(1,2,((3,((4,5),(((6,7),14),(((8,9),((11,13),12)),10)))),(15,(((16,17),((18,19),(20,21))),(((22,23),31),((24,((27,28),(29,30))),(25,26))))))); -12755.7 -18.7939 232.249 114.704 -12892.1 34200
(1,2,((3,(15,(((((16,17),((18,19),(20,21))),(((24,(27,(28,(29,30)))),(25,26)),31)),22),23))),(((4,5),14),((6,7),((8,9),((10,12),(11,13))))))); -12746.3 -12.0394 229.329 114.523 -12873.1 34200
(1,2,((3,(((4,5),((6,7),((8,9),((10,12),(11,13))))),14)),(((15,23),(((16,17),((18,19),(20,21))),(24,(((25,26),(27,(28,(29,30)))),31)))),22))); -12772.4 -15.1079 232.299 114.906 -12904.9 34200
(1,2,((3,((4,5),((((6,7),(8,9)),((10,13),(11,12))),14))),(15,((((16,17),((18,19),(20,21))),((24,((25,26),((27,(29,30)),28))),31)),(22,23))))); -12746.6 -13.8673 229.168 114.699 -12875 34200
(1,2,((3,(((4,5),14),((((6,7),(10,13)),(8,9)),(11,12)))),(15,(((16,17),((18,19),(20,21))),((22,23),((24,((25,26),(27,(28,(29,30))))),31)))))); -12727.6 -13.1785 232.704 114.442 -12859 34200
(1,2,((3,(((4,5),14),((6,7),(((8,9),(11,13)),(10,12))))),(15,(((16,17),((18,19),(20,21))),((22,23),((24,((25,26),((27,28),(29,30)))),31)))))); -12724.5 -9.11607 222.079 114.807 -12840.9 34200
(1,2,((3,(15,((((((16,17),((18,19),(20,21))),31),(24,((25,26),((27,(29,30)),28)))),22),23))),((4,5),(((6,7),14),(((8,9),(11,12)),(10,13)))))); -12789.9 -17.4881 227.951 114.952 -12920.4 34200
(1,2,((3,(((4,5),14),((6,7),((((8,9),11),(10,13)),12)))),(15,((((16,17),((18,19),(20,21))),((22,31),((24,((27,28),(29,30))),(25,26)))),23)))); -12753.1 -11.6358 230.67 115.031 -12880.4 34200
(1,2,(3,((((4,5),14),((6,7),((8,9),(((10,11),12),13)))),(15,((((16,17),((18,19),(20,21))),(22,((((24,(27,28)),(25,26)),(29,30)),31))),23))))); -12750.8 -17.2959 225.481 114.191 -12879.3 34200
(1,2,((3,(((4,5),14),((6,7),(((8,9),13),(10,(11,12)))))),(15,((((16,17),((18,19),(20,21))),(((24,(25,26)),((27,28),(29,30))),31)),(22,23))))); -12734.3 -10.7905 228.867 115.108 -12858.9 34200
(1,2,((3,(15,(((((16,17),((18,19),(20,21))),31),(24,((25,26),((27,28),(29,30))))),(22,23)))),((4,5),(((6,7),(((8,9),13),((10,11),12))),14)))); -12744.3 -11.9755 237.137 114.432 -12879 34200
(1,2,((3,(((4,5),14),((6,7),(((8,9),((10,12),11)),13)))),(15,((((16,17),((18,19),(20,21))),((24,((25,26),((27,28),(29,30)))),31)),(22,23))))); -12722 -8.25247 234.074 114.546 -12849.8 34200
(1,2,((3,((4,5),(((6,7),((((8,9),11),(10,12)),13)),14))),(15,(((((16,17),((18,19),(20,21))),31),(24,(((25,26),28),(27,(29,30))))),(22,23))))); -12742.7 -9.69368 229.005 115.349 -12866.1 34200
(1,2,((3,(((4,5),((6,7),(((8,9),13),(10,(11,12))))),14)),((15,(22,23)),(((16,17),((18,19),(20,21))),(24,(((25,26),((27,28),(29,30))),31)))))); -12762 -15.5453 227.26 115.134 -12889.7 34200
(1,2,((3,(((4,5),(((((6,7),((8,9),10)),13),12),11)),14)),(15,((((16,17),((18,19),(20,21))),22),(23,(((24,((27,28),(29,30))),(25,26)),31)))))); -12758.4 -17.0249 232.327 115.652 -12892.1 34200
(1,2,((3,(((4,5),((6,7),((((8,9),11),(10,12)),13))),14)),((15,(22,23)),(((16,17),((18,19),(20,21))),((24,((25,26),(27,(28,(29,30))))),31))))); -12734.6 -10.5868 235.025 115.589 -12864.7 34200
(1,2,((3,(15,(((((16,17),((18,19),(20,21))),31),(24,(((25,26),(27,28)),(29,30)))),(22,23)))),((4,5),(((6,7),((((8,9),11),(10,13)),12)),14)))); -12741.5 -11.3646 235.384 114.43 -12873.8 34200
(1,2,((3,((4,5),((6,7),(((((8,9),11),13),(10,12)),14)))),(15,(((((16,17),((18,19),(20,21))),22),(((24,((27,(29,30)),28)),(25,26)),31)),23)))); -12770.4 -16.6377 223.958 114.565 -12896.4 34200
(1,2,((3,(((4,5),14),(((6,7),(((8,9),11),(10,12))),13))),(15,(((16,17),((18,19),(20,21))),((22,23),((24,((25,26),(27,(28,(29,30))))),31)))))); -12722.7 -11.2253 225.545 114.635 -12844.8 34200
(1,2,((3,(((4,5),((6,7),((((8,9),10),(11,13)),12))),14)),((15,23),((((16,17),((18,19),(20,21))),22),(((24,((27,(29,30)),28)),(25,26)),31))))); -12754.6 -12.7723 228.143 115.244 -12880.3 34200
(1,2,((3,((((4,5),14),(6,7)),((((8,9),11),13),(10,12)))),(15,(((16,17),((18,19),(20,21))),((22,23),((24,((25,26),((27,28),(29,30)))),31)))))); -12738.9 -12.4364 226.105 115.394 -12862.1 34200
