tree logl logTop logProp logPrior logWt
(1,2,((3,(((4,5),14),((6,7),(((8,9),((10,12),11)),13)))),(15,((((16,17),((18,19),(20,21))),((24,((25,26),((27,28),(29,30)))),31)),(22,23))))); -12730.4 -8.23994 226.824 115.417 -12850
(1,2,((3,((((4,5),14),(6,7)),((((8,9),11),13),(10,12)))),((15,((((16,17),((18,19),(20,21))),(24,(((25,26),31),((27,28),(29,30))))),23)),22))); -12801.9 -21.3484 228.385 115.424 -12936.3
(1,2,((3,(((4,5),14),((6,7),((((8,9),11),13),(10,12))))),(15,(((((16,17),((18,19),(20,21))),31),((24,((27,28),(29,30))),(25,26))),(22,23))))); -12723.2 -8.9487 229.9 115.447 -12846.6
(1,2,((3,(((4,5),14),((6,7),(((((8,9),11),12),10),13)))),(15,((((16,17),((18,19),(20,21))),(22,23)),((24,((25,26),((27,28),(29,30)))),31))))); -12722.6 -11.1594 224.705 115.199 -12843.3
(1,2,((3,(((4,5),14),((6,7),((((8,9),12),11),(10,13))))),(15,((((16,17),((18,19),(20,21))),((22,23),31)),(24,((25,26),((27,28),(29,30)))))))); -12741.7 -16.1854 228.662 114.61 -12871.9
(1,2,((3,(15,((((16,17),((18,19),(20,21))),((24,(((25,26),(28,(29,30))),27)),31)),(22,23)))),((4,5),(((6,7),(((8,9),((10,12),11)),13)),14)))); -12744.6 -11.7949 231.815 115.118 -12873
(1,2,((3,(((4,5),((6,7),((((8,9),(11,13)),10),12))),14)),(15,(((16,17),((18,19),(20,21))),(22,(23,(((((24,28),27),(29,30)),(25,26)),31))))))); -12739.1 -15.5577 236.659 114.606 -12876.7
(1,2,((3,(((4,5),((6,7),((8,9),(((10,12),11),13)))),14)),(15,((((16,17),((18,19),(20,21))),((22,31),((24,(25,26)),((27,(29,30)),28)))),23)))); -12789.1 -14.4636 226.94 114.258 -12916.2
(1,2,((3,((4,5),(((6,7),((8,9),(((10,12),11),13))),14))),((15,23),(((((16,17),((18,19),(20,21))),31),((24,(25,26)),(27,(28,(29,30))))),22)))); -12764.8 -13.7061 223.275 114.55 -12887.2
(1,2,((3,(((4,5),14),((6,7),(((((8,9),13),11),10),12)))),(15,(((((16,17),((18,19),(20,21))),((24,((25,26),(27,(28,(29,30))))),31)),22),23)))); -12748.6 -12.3988 225.604 114.475 -12872.1
(1,2,((3,(((4,5),14),((6,7),((((8,9),10),(11,13)),12)))),(((15,(((16,17),((18,19),(20,21))),((24,((25,26),((27,(29,30)),28))),31))),23),22))); -12771.4 -14.6878 223.982 115.445 -12894.7
(1,2,((3,(15,((((16,17),((18,19),(20,21))),(((((24,28),27),(29,30)),(25,26)),31)),(22,23)))),(((4,5),14),((6,7),(((8,9),((10,11),12)),13))))); -12753.6 -13.6018 231.412 114.949 -12883.7
(1,2,((3,(((4,5),((6,7),(((((8,9),11),12),10),13))),14)),((15,23),((((16,17),((18,19),(20,21))),22),(((24,((27,(29,30)),28)),(25,26)),31))))); -12758.2 -13.2792 238.321 115.24 -12894.6
(1,2,((3,(((4,5),((6,7),((8,9),((10,13),(11,12))))),14)),(15,(((16,17),((18,19),(20,21))),((22,23),((((24,27),(28,(29,30))),(25,26)),31)))))); -12731.2 -12.5892 224.954 114.492 -12854.3
(1,2,((3,((15,23),((((16,17),((18,19),(20,21))),(((24,((27,28),(29,30))),(25,26)),31)),22))),(((4,5),14),((6,7),((((8,9),10),(11,12)),13))))); -12768.8 -12.9149 220.922 114.946 -12887.7
(1,2,(3,((((4,5),((6,7),((((8,9),11),(10,13)),12))),14),(15,((((16,17),((18,19),(20,21))),((24,(((25,26),(27,28)),(29,30))),31)),(22,23)))))); -12740.3 -12.4281 233.123 115.553 -12870.3
(1,2,((3,(((4,5),((6,7),(((((8,9),11),12),10),13))),14)),(15,((((((16,17),((18,19),(20,21))),31),22),(24,((25,26),((27,28),(29,30))))),23)))); -12752.8 -11.3222 233.586 115.012 -12882.7
(1,2,((3,((4,5),(((6,7),((8,9),(((10,12),11),13))),14))),(15,(((16,17),((18,19),(20,21))),((22,((24,((25,26),((27,(29,30)),28))),31)),23))))); -12756 -13.6046 224.103 115.115 -12878.6
(1,2,((3,(15,((((16,17),((18,19),(20,21))),(((24,(25,26)),((27,28),(29,30))),31)),(22,23)))),(((4,5),((6,7),(((8,9),10),((11,12),13)))),14))); -12739.5 -11.7007 230.551 115.189 -12866.5
(1,2,((3,(((4,5),14),((6,7),((((8,9),11),13),(10,12))))),(15,((((16,17),((18,19),(20,21))),((24,((25,26),((27,28),(29,30)))),31)),(22,23))))); -12711.4 -8.02449 238.645 115.947 -12842.1
(1,2,((3,(((4,5),14),((6,7),((((8,9),10),(11,13)),12)))),(15,(((16,17),((18,19),(20,21))),(22,(23,(((24,(((25,26),28),(29,30))),27),31))))))); -12754.8 -16.1341 221.116 114.864 -12877.2
(1,2,((3,(((4,5),((6,7),((8,9),((10,12),(11,13))))),14)),(15,((((((16,17),((18,19),(20,21))),31),22),(((24,27),(28,(29,30))),(25,26))),23)))); -12747.5 -13.047 232.881 114.979 -12878.5
(1,2,((3,(((4,5),((6,7),((((8,9),11),13),(10,12)))),14)),(15,((((16,17),((18,19),(20,21))),22),(23,((24,(((25,26),27),(28,(29,30)))),31)))))); -12732.3 -14.6022 241.487 114.182 -12874.2
(1,2,((3,((4,5),(((6,7),14),((((8,9),11),(10,12)),13)))),(((15,(((24,(25,26)),((27,28),(29,30))),31)),((16,17),((18,19),(20,21)))),(22,23)))); -12766.8 -16.7201 283.56 114.836 -12952.3
(1,2,((3,((4,5),(((6,7),(((8,9),(11,13)),(10,12))),14))),(15,((((16,17),((18,19),(20,21))),((24,((27,28),(29,30))),((25,26),31))),(22,23))))); -12754 -11.3667 223.884 115.586 -12873.7
(1,2,((3,(((4,5),((6,7),((((8,9),10),(11,13)),12))),14)),(15,((((16,17),((18,19),(20,21))),(((24,(25,26)),(27,(28,(29,30)))),31)),(22,23))))); -12725.4 -9.61107 231.601 114.711 -12851.9
(1,2,((3,(((4,5),((6,7),(((8,9),13),((10,12),11)))),14)),(15,(((((16,17),((18,19),(20,21))),((24,((25,26),((27,(29,30)),28))),31)),22),23)))); -12771.9 -12.7219 222.803 114.602 -12892.8
(1,2,((3,((4,5),(((6,7),((((8,9),10),(11,12)),13)),14))),((15,(((16,17),((18,19),(20,21))),31)),((22,23),(24,(((25,26),(27,28)),(29,30))))))); -12756.2 -15.2081 227.802 114.72 -12884.5
(1,2,((3,(15,(((16,17),((18,19),(20,21))),((22,23),((((24,27),(25,26)),(28,(29,30))),31))))),(((4,5),14),((6,7),((8,9),((10,12),(11,13))))))); -12734.4 -13.9772 228.966 115.363 -12862
(1,2,((3,((4,5),(((6,7),((((8,9),(11,13)),10),12)),14))),(15,(((((16,17),((18,19),(20,21))),(22,31)),(((24,28),(25,26)),(27,(29,30)))),23)))); -12774.4 -14.9642 227.884 114.542 -12902.7
(1,2,((3,((((4,5),14),(6,7)),(((8,9),12),(10,(11,13))))),(15,((((((16,17),((18,19),(20,21))),31),22),(24,((25,26),(27,(28,(29,30)))))),23)))); -12769.8 -17.4554 231.673 115.324 -12903.6
(1,2,((3,((4,5),(((6,7),((((8,9),11),(10,12)),13)),14))),(15,(((16,17),((18,19),(20,21))),((22,23),(24,(((25,26),((27,28),(29,30))),31))))))); -12736.8 -10.9786 231.682 114.874 -12864.6
(1,2,((3,((4,5),(((6,7),((((8,9),11),(10,12)),13)),14))),((15,((((16,17),((18,19),(20,21))),31),(24,((25,26),(27,(28,(29,30))))))),(22,23)))); -12740.1 -10.3501 234.172 114.94 -12869.6
(1,2,((3,(15,(((((16,17),((18,19),(20,21))),31),22),(23,(24,(((25,26),(28,(29,30))),27)))))),(((4,5),14),((6,7),((((8,9),11),(10,12)),13))))); -12766.1 -13.5081 225.651 114.77 -12890.5
(1,2,((3,((4,5),(((6,7),((((8,9),11),(10,13)),12)),14))),(15,(((16,17),((18,19),(20,21))),((22,23),((((24,(27,28)),(25,26)),(29,30)),31)))))); -12716.4 -11.1955 222.502 115.549 -12834.6
(1,2,((3,((4,5),(((6,7),((((8,9),13),(10,11)),12)),14))),(15,(((16,17),((18,19),(20,21))),(((22,31),23),(24,((25,26),((27,28),(29,30))))))))); -12737.7 -12.5247 237.231 114.523 -12872.9
(1,2,((3,(((4,5),((6,7),((8,9),((10,13),(11,12))))),14)),(15,(((((16,17),((18,19),(20,21))),22),((((24,(29,30)),(27,28)),(25,26)),31)),23)))); -12750.6 -15.7662 244.108 115.22 -12895.3
(1,2,((3,(((4,5),((6,7),((8,9),((10,12),(11,13))))),14)),(15,((((16,17),((18,19),(20,21))),(((24,((27,28),(29,30))),(25,26)),31)),(22,23))))); -12732.5 -8.81839 228.987 114.891 -12855.4
(1,2,((3,(((4,5),14),((6,7),((((8,9),13),(10,12)),11)))),(15,(((16,17),((18,19),(20,21))),(((22,23),31),(24,((25,26),(27,(28,(29,30)))))))))); -12741.3 -16.3515 226.13 115.191 -12868.6
(1,2,((3,(((4,5),14),((6,7),(((((8,9),11),12),10),13)))),(15,((((16,17),((18,19),(20,21))),(22,31)),(23,((((24,27),28),(29,30)),(25,26))))))); -12768.2 -15.3585 236.083 115.864 -12903.8
(1,2,(((3,(15,(((16,17),((18,19),(20,21))),((22,23),((24,((25,26),(27,(28,(29,30))))),31))))),((4,5),((6,7),(((((8,9),10),11),12),13)))),14)); -12757 -13.939 234.439 115.02 -12890.4
(1,2,(3,((((4,5),14),((6,7),((((8,9),11),13),(10,12)))),(15,(((16,17),((18,19),(20,21))),((22,((24,(((25,26),(27,28)),(29,30))),31)),23)))))); -12748.9 -15.594 229.645 114.792 -12879.4
(1,2,((3,((4,5),(((6,7),((((8,9),11),(10,12)),13)),14))),((15,((22,23),((24,((25,26),((27,28),(29,30)))),31))),((16,17),((18,19),(20,21)))))); -12720.3 -10.5873 233.081 115.118 -12848.8
(1,2,((3,(((4,5),14),((6,7),(((((8,9),11),13),10),12)))),(15,(((((16,17),((18,19),(20,21))),((24,31),(25,26))),((27,28),(29,30))),(22,23))))); -12786.7 -16.8788 226.102 116.115 -12913.5
(1,2,(3,((((4,5),14),((6,7),(((8,9),11),((10,12),13)))),((15,23),((((16,17),((18,19),(20,21))),22),((24,31),((25,26),(27,(28,(29,30)))))))))); -12765.2 -16.2864 226.95 114.837 -12893.6
(1,2,((3,(15,((((16,17),((18,19),(20,21))),(((24,27),(28,(29,30))),((25,26),31))),(22,23)))),(((4,5),14),((6,7),(((((8,9),10),12),11),13))))); -12755 -15.2781 231.995 114.972 -12887.3
(1,2,((3,((4,5),(((6,7),(((((8,9),11),13),10),12)),14))),(15,(((16,17),((18,19),(20,21))),(((22,31),23),(24,(((25,26),(28,(29,30))),27))))))); -12752.3 -13.4724 217.665 115.36 -12868
(1,2,((3,((4,5),(((6,7),((((8,9),10),(11,13)),12)),14))),(15,(((((16,17),((18,19),(20,21))),22),23),((24,((25,26),((27,28),(29,30)))),31))))); -12733 -11.9953 227.217 114.838 -12857.4
(1,2,((3,((4,5),(((6,7),((((8,9),11),(10,12)),13)),14))),(15,((((16,17),((18,19),(20,21))),(((24,(27,(28,(29,30)))),(25,26)),31)),(22,23))))); -12720.2 -8.48606 229.346 114.584 -12843.5
(1,2,((3,(((4,5),14),((6,7),((8,9),((10,12),(11,13)))))),(15,((((16,17),((18,19),(20,21))),((24,((25,26),(27,(28,(29,30))))),31)),(22,23))))); -12729.6 -8.01368 223.067 115.341 -12845.3
(1,2,((3,(((4,5),14),((6,7),((((8,9),11),(10,12)),13)))),(15,(((16,17),((18,19),(20,21))),(((22,31),23),((24,(((25,26),28),27)),(29,30))))))); -12745.7 -13.386 230.369 114.49 -12875
(1,2,((3,(((4,5),14),((6,7),(((((8,9),13),11),10),12)))),(15,((((16,17),((18,19),(20,21))),((24,31),((((25,26),28),(29,30)),27))),(22,23))))); -12749.8 -15.3984 236.78 114.682 -12887.3
(1,2,((3,(((4,5),14),((6,7),(((((8,9),10),13),11),12)))),(15,(((((16,17),((18,19),(20,21))),31),(24,((25,26),((27,28),(29,30))))),(22,23))))); -12734.6 -10.1705 225.764 114.882 -12855.6
(1,2,((3,(((4,5),14),((6,7),(((8,9),((10,12),11)),13)))),((15,(22,23)),(((16,17),((18,19),(20,21))),(((24,(25,26)),(27,(28,(29,30)))),31))))); -12745.1 -12.4627 230.844 114.49 -12873.9
(1,2,(3,((((4,5),((6,7),((((8,9),11),(10,13)),12))),14),((15,23),(((((16,17),((18,19),(20,21))),31),22),((24,((25,26),(27,28))),(29,30))))))); -12768.8 -16.3845 232.069 114.644 -12902.6
(1,2,((3,(15,(((((16,17),((18,19),(20,21))),31),(24,((25,26),((27,28),(29,30))))),(22,23)))),(((4,5),(((6,7),12),(((8,9),10),(11,13)))),14))); -12753.9 -13.4525 227.243 114.825 -12879.8
(1,2,((3,(15,((((16,17),((18,19),(20,21))),((24,((((25,26),27),28),(29,30))),31)),(22,23)))),((4,5),(((6,7),(((8,9),((10,11),13)),12)),14)))); -12765.5 -15.1894 219.516 114.994 -12885.2
(1,2,((3,(((4,5),14),((6,7),((((8,9),11),13),(10,12))))),(15,(((16,17),((18,19),(20,21))),((22,23),(((24,(27,(28,(29,30)))),(25,26)),31)))))); -12715.2 -9.75141 227.113 115.664 -12836.4
(1,2,((3,(((4,5),((6,7),((((8,9),10),(11,13)),12))),14)),(15,((((16,17),((18,19),(20,21))),((((24,28),(25,26)),(27,(29,30))),31)),(22,23))))); -12735.4 -11.2914 251.039 114.888 -12882.8
(1,2,(3,((((4,5),((6,7),(((((8,9),11),12),10),13))),14),(15,(((((16,17),((18,19),(20,21))),31),(24,((25,26),((27,28),(29,30))))),(22,23)))))); -12747.6 -11.4746 225.869 114.665 -12870.3
(1,2,((3,(((15,23),(((24,(27,(28,(29,30)))),(25,26)),31)),(((16,17),((18,19),(20,21))),22))),(((4,5),((((6,7),((10,12),11)),(8,9)),13)),14))); -12792.9 -21.4139 217.618 114.419 -12917.5
(1,2,((3,(15,(((((16,17),((18,19),(20,21))),31),(24,((25,26),(27,(28,(29,30)))))),(22,23)))),(((4,5),14),(((6,7),((8,9),((10,12),11))),13)))); -12745.4 -12.969 238.206 115.052 -12881.5
(1,2,((3,(((4,5),((6,7),((((8,9),10),(11,13)),12))),14)),(15,((((16,17),((18,19),(20,21))),31),((22,23),(24,((25,26),((27,28),(29,30))))))))); -12738.1 -11.3925 229.075 115.081 -12863.5
(1,2,((3,(((4,5),14),((6,7),((((8,9),11),(10,12)),13)))),(15,((((16,17),((18,19),(20,21))),((24,((((25,26),28),(29,30)),27)),31)),(22,23))))); -12741.1 -10.0877 219.422 114.293 -12856.4
(1,2,((3,(((4,5),14),((6,7),(((((8,9),11),12),10),13)))),(15,((((16,17),((18,19),(20,21))),(22,((24,((25,26),((27,28),(29,30)))),31))),23)))); -12759.7 -11.446 210.894 115.284 -12866.7
(1,2,((3,((4,5),(((6,7),(((8,9),(10,11)),13)),(12,14)))),(15,(((((16,17),((18,19),(20,21))),31),22),(23,((24,((27,(29,30)),28)),(25,26))))))); -12788.5 -19.4486 232.032 114.455 -12925.5
(1,2,((3,((4,5),(((6,7),((8,9),(((10,12),11),13))),14))),(15,((((16,17),((18,19),(20,21))),(((24,(25,26)),(27,(28,(29,30)))),31)),(22,23))))); -12728.3 -10.5979 235.359 115.072 -12859.2
(1,2,((3,(((4,5),14),(((6,7),13),(((8,9),10),(11,12))))),(((15,23),(((16,17),((18,19),(20,21))),(((24,(25,26)),((27,28),(29,30))),31))),22))); -12765.2 -16.7186 229.14 113.846 -12897.2
(1,2,((3,((4,5),((((6,7),(((8,9),11),(10,12))),13),14))),((15,23),(((((16,17),((18,19),(20,21))),31),(24,(((25,26),28),(27,(29,30))))),22)))); -12781.7 -15.6718 229.298 115.431 -12911.3
(1,2,((3,(((4,5),14),((6,7),(((8,9),((10,13),11)),12)))),(15,((((16,17),((18,19),(20,21))),(((24,(25,26)),(27,(28,(29,30)))),31)),(22,23))))); -12727.9 -10.9966 236.602 115.09 -12860.4
(1,2,((3,(((4,5),((6,7),((8,9),((10,12),(11,13))))),14)),(15,(((((16,17),((18,19),(20,21))),31),(24,((25,26),(27,(28,(29,30)))))),(22,23))))); -12731.1 -8.57853 227.602 114.724 -12852.5
(1,2,((3,(((4,5),14),((6,7),((8,9),(((10,12),13),11))))),(15,((((((16,17),((18,19),(20,21))),22),31),((24,(27,(28,(29,30)))),(25,26))),23)))); -12753.2 -14.9861 226.621 114.475 -12880.3
(1,2,((3,((4,5),((((6,7),13),((8,9),(10,(11,12)))),14))),(15,(((((16,17),((18,19),(20,21))),((24,((25,26),(27,(28,(29,30))))),31)),22),23)))); -12761.7 -14.7805 233.196 114.473 -12895.2
(1,2,((3,(15,(((((16,17),((18,19),(20,21))),(22,31)),((24,((25,26),28)),(27,(29,30)))),23))),(((4,5),(((6,7),((10,12),11)),((8,9),13))),14))); -12819.2 -21.2349 229.554 115.106 -12954.9
(1,2,((3,(((4,5),((6,7),(((((8,9),10),13),11),12))),14)),(15,((((16,17),((18,19),(20,21))),(((24,(25,26)),((27,28),(29,30))),31)),(22,23))))); -12731.8 -11.4839 235.919 114.913 -12864.3
(1,2,((3,(((4,5),((6,7),((8,9),((10,12),(11,13))))),14)),((15,(22,23)),(((16,17),((18,19),(20,21))),((24,((25,26),((27,28),(29,30)))),31))))); -12733.6 -10.9144 230.997 114.691 -12860.8
(1,2,((3,((4,5),(((6,7),((((8,9),11),(10,12)),13)),14))),(15,((((16,17),((18,19),(20,21))),((((24,28),(27,(29,30))),(25,26)),31)),(22,23))))); -12743.3 -10.007 220.95 114.907 -12859.4
(1,2,((3,(((4,5),((6,7),((8,9),(((10,11),13),12)))),14)),(15,(((16,17),((18,19),(20,21))),((22,23),((24,(((25,26),(27,28)),(29,30))),31)))))); -12742.8 -13.2413 223.263 114.983 -12864.3
(1,2,((3,((((4,5),14),((8,9),((10,12),(11,13)))),(6,7))),(((15,23),((((16,17),((18,19),(20,21))),31),(24,((((25,26),(29,30)),28),27)))),22))); -12790.5 -23.3453 231.913 114.661 -12931.1
(1,2,((3,(((4,5),14),((6,7),((((8,9),11),(10,12)),13)))),(15,((((((16,17),((18,19),(20,21))),31),((24,(25,26)),((27,28),(29,30)))),22),23)))); -12749.7 -10.6632 222.105 115.641 -12866.8
(1,2,((3,(((4,5),14),((6,7),((8,9),(10,((11,13),12)))))),(15,(((16,17),((18,19),(20,21))),((22,23),((24,31),((25,26),((27,28),(29,30))))))))); -12734.3 -12.4829 224.092 114.119 -12856.7
(1,2,((3,((((4,5),(6,7)),((((8,9),11),(10,13)),12)),14)),(15,(((((16,17),((18,19),(20,21))),31),(24,((25,26),((27,(29,30)),28)))),(22,23))))); -12773.5 -12.8175 221.714 114.302 -12893.7
(1,2,((3,(((4,5),14),((6,7),((((8,9),11),(10,12)),13)))),(15,(((((16,17),((18,19),(20,21))),((24,((25,26),((27,28),(29,30)))),31)),22),23)))); -12732.4 -9.22368 232.821 114.601 -12859.8
(1,2,(3,((((4,5),(6,7)),((((8,9),(11,14)),(10,12)),13)),(15,((((16,17),((18,19),(20,21))),((((24,27),((25,26),28)),(29,30)),31)),(22,23)))))); -12792.5 -19.7505 229.824 114.242 -12927.8
(1,2,((3,(((4,5),14),((6,7),(((8,9),(11,12)),(10,13))))),(15,(((16,17),((18,19),(20,21))),(((22,31),23),((24,(27,(28,(29,30)))),(25,26))))))); -12737.1 -12.7486 232.865 114.83 -12867.9
(1,2,((3,(((4,5),14),((6,7),(((((8,9),11),12),10),13)))),(15,((((16,17),((18,19),(20,21))),(((24,((27,28),(29,30))),(25,26)),31)),(22,23))))); -12730.7 -9.10485 223.619 115.335 -12848.1
(1,2,((3,(((4,5),14),((6,7),(((8,9),(11,13)),(10,12))))),(15,(((((16,17),((18,19),(20,21))),31),(24,((25,26),(27,(28,(29,30)))))),(22,23))))); -12726.5 -8.76839 226.694 115.035 -12846.9
(1,2,((3,(((4,5),((6,7),((((8,9),11),13),(10,12)))),14)),(15,(((16,17),((18,19),(20,21))),((22,23),((24,((25,26),((27,28),(29,30)))),31)))))); -12722.9 -9.16832 226.994 114.999 -12844
(1,2,((((3,((6,7),((8,9),(10,(11,(12,13)))))),(4,5)),14),(15,((((16,17),((18,19),(20,21))),((22,31),((((24,28),27),(29,30)),(25,26)))),23)))); -12798.2 -21.7453 233.272 115.496 -12937.7
(1,2,((3,(((4,5),14),((6,7),((((8,9),12),10),(11,13))))),(15,(((((16,17),((18,19),(20,21))),31),(((24,27),(28,(29,30))),(25,26))),(22,23))))); -12723.9 -13.3907 230.158 115.278 -12852.2
(1,2,((3,((15,(22,23)),((((16,17),((18,19),(20,21))),31),(24,((25,26),((27,(29,30)),28)))))),(((4,5),14),((((6,7),((8,9),10)),(11,12)),13)))); -12772.1 -17.5135 228.048 114.165 -12903.5
(1,2,((3,(((4,5),14),((6,7),(((((8,9),11),10),13),12)))),(15,(((16,17),((18,19),(20,21))),((22,23),((((24,(27,28)),(25,26)),(29,30)),31)))))); -12707.2 -11.6354 230.418 115.696 -12833.6
(1,2,((3,(((4,5),14),(((6,7),((((8,9),11),13),10)),12))),(15,(((((16,17),((18,19),(20,21))),31),((24,((27,28),(29,30))),(25,26))),(22,23))))); -12724.9 -11.1935 230.057 115.037 -12851.1
(1,2,((((3,(15,((((16,17),((18,19),(20,21))),((24,((25,26),((27,28),(29,30)))),31)),(22,23)))),((6,7),((((8,9),10),(11,13)),12))),(4,5)),14)); -12765.5 -12.6254 227.112 114.839 -12890.4
(1,2,((3,(((4,5),14),((6,7),(((8,9),((10,12),11)),13)))),(15,(((((16,17),((18,19),(20,21))),((24,(((25,26),(28,(29,30))),27)),31)),22),23)))); -12749.8 -12.2288 230.152 115.282 -12876.9
(1,2,((3,(((4,5),((6,7),(((8,9),((10,12),11)),13))),14)),((15,(((16,17),((18,19),(20,21))),((22,23),(24,((((25,26),28),27),(29,30)))))),31))); -12810.1 -19.3136 214.424 114.945 -12928.9
(1,2,((3,(((4,5),((6,7),14)),(((8,9),((10,13),11)),12))),(15,(((((16,17),((18,19),(20,21))),22),((24,(((25,26),(27,28)),(29,30))),31)),23)))); -12772.4 -18.5929 229.912 114.452 -12906.5
(1,2,((3,(((4,5),((6,7),((((8,9),13),(10,11)),12))),14)),(15,((((16,17),((18,19),(20,21))),22),(23,(((24,(25,26)),(27,(28,(29,30)))),31)))))); -12748.7 -14.6333 218.357 114.798 -12866.9
(1,2,((3,(((4,5),14),((6,7),(((((8,9),11),10),12),13)))),(15,((((16,17),((18,19),(20,21))),(22,23)),(((24,((27,28),(29,30))),(25,26)),31))))); -12740.2 -12.505 213.39 114.104 -12852
(1,2,((3,(15,(((16,17),((18,19),(20,21))),((22,23),((24,(((25,26),27),(28,(29,30)))),31))))),(((4,5),14),((6,7),(((8,9),(11,13)),(10,12)))))); -12731.5 -13.0619 226.448 114.959 -12856.1
