-126738 0.258638 0.270762 0.187003 0.283596  0.159182  0.222888  0.113085 0.0450325  0.417909 0.0419042
-126639 0.255765 0.266831 0.184383  0.29302  0.160944  0.222063  0.113423 0.0453777  0.415123 0.0430695
-126581 0.253714 0.269676 0.182949 0.293661  0.162739  0.224166   0.11543 0.0465065  0.411202 0.0399564
-126311 0.238945 0.275689  0.17562 0.309746  0.171446  0.221973  0.116621 0.0461235   0.40258 0.0412556
-126093  0.23182 0.283928 0.180095 0.304157  0.182241  0.209742  0.111165 0.0491236  0.406441  0.041287
-125788 0.216831 0.285477 0.180395 0.317298  0.197277  0.202326  0.112723 0.0468664  0.397593  0.043214
-125696  0.21336 0.290551 0.175372 0.320716  0.202259  0.200637  0.116759 0.0449456  0.396838 0.0385622
-125608 0.209212  0.28342 0.179345 0.328024  0.206214  0.197034   0.11765 0.0452684  0.397694 0.0361393
-125457 0.210346 0.288104 0.185489 0.316061  0.212142  0.200105  0.119635 0.0440585  0.388655 0.0354048
-125439 0.211244 0.282362 0.195806 0.310587  0.212142  0.200105  0.119635 0.0440585  0.388655 0.0354048
-125362 0.201705 0.280031 0.206355 0.311909  0.217091  0.191969  0.117252 0.0497028  0.390397 0.0335881
-125283 0.197942 0.276484  0.20328 0.322294  0.221706  0.191584  0.119681 0.0487147  0.387318 0.0309973
-125177 0.207041 0.275492 0.202359 0.315108  0.225729  0.192424   0.11856 0.0477592  0.385969 0.0295595
-125177 0.209516 0.271891 0.197081 0.321513  0.225729  0.192424   0.11856 0.0477592  0.385969 0.0295595
-125157 0.198012 0.264902 0.204195 0.332891  0.225729  0.192424   0.11856 0.0477592  0.385969 0.0295595
-125114 0.198012 0.264902 0.204195 0.332891  0.234023  0.193604  0.121666 0.0464159  0.378994 0.0252972
-125064  0.19746 0.267005  0.20867 0.326865   0.23569  0.183868  0.119156 0.0474995  0.389521 0.0242661
-125012 0.201198 0.271636  0.20383 0.323335  0.241667  0.181237  0.120949 0.0432034  0.385664 0.0272791
-124866 0.213171 0.267252 0.200862 0.318714  0.250481   0.18124  0.116998 0.0436568  0.379983 0.0276407
-124866 0.213171 0.267252 0.200862 0.318714  0.249572  0.175796  0.117928   0.04696  0.383003 0.0267407
-124753 0.214701 0.274905 0.200212 0.310182  0.260344  0.176186  0.118824 0.0506319  0.368713 0.0253016
-124753  0.21913 0.273151 0.200601 0.307118  0.261428  0.175854    0.1201 0.0480887  0.367622 0.0269081
-124740 0.223204 0.270975 0.192991  0.31283   0.26745  0.172861  0.122787 0.0454952  0.362808 0.0285975
-124707 0.229493 0.265347 0.191024 0.314135  0.267694  0.178714  0.123647 0.0452411  0.354489 0.0302141
-124707 0.225061 0.266244 0.193397 0.315299   0.27264  0.178554  0.117212 0.0422564  0.361761 0.0275766
-124691 0.226249 0.261443 0.194465 0.317843 0.277744 0.174108 0.117915 0.044911 0.358645 0.026676
-124650 0.227163 0.259328 0.205014 0.308495  0.278488  0.174332  0.119455 0.0438101  0.358835 0.0250802
-124621 0.227057 0.260143 0.202422 0.310378  0.280175  0.174037  0.120001 0.0404682  0.356016 0.0293026
-124621 0.223644 0.257552 0.201404   0.3174  0.287549  0.172244  0.115843 0.0383585  0.357759 0.0282469
-124528 0.229809   0.2554 0.196774 0.318018  0.298118   0.17258  0.112309 0.0436163  0.345314 0.0280628
-124528 0.228542 0.257203 0.196961 0.317294   0.30565  0.167499  0.108099 0.0436606  0.346532 0.0285595
-124505 0.229532 0.259039 0.194997 0.316432  0.303717  0.171108  0.111345 0.0453948  0.339204 0.0292308
-124499 0.231036 0.258583 0.193836 0.316544  0.306315  0.168011  0.108782 0.0470586  0.339092 0.0307415
-124468  0.22893 0.264845 0.191427 0.314798  0.308384  0.167413  0.109745 0.0470621  0.340528 0.0268682
-124446 0.227908 0.262682 0.194295 0.315115   0.32816  0.166555   0.10728 0.0470362  0.327704 0.0232652
-124429 0.223859 0.265548 0.197469 0.313124  0.330804   0.16496  0.107661 0.0460044  0.326469 0.0241018
-124382 0.232916 0.265239 0.195099 0.306746  0.336998   0.16343  0.107144 0.0445416  0.324702 0.0231847
-124370 0.238832 0.266655 0.188043  0.30647  0.340513   0.16124   0.10606 0.0432833  0.326886  0.022017
-124370 0.240223 0.259836 0.190092 0.309849   0.34202  0.156388  0.110667 0.0429958   0.32677 0.0211582
-124370 0.240223 0.259836 0.190092 0.309849  0.348081  0.152686  0.104946 0.0439251  0.329106 0.0212558
-124370 0.237025 0.259555 0.186836 0.316583  0.351512  0.153013  0.104975 0.0423065  0.327387 0.0208068
-124370 0.237025 0.259555 0.186836 0.316583  0.347805  0.151363  0.110917 0.0407208  0.328144 0.0210508
-124370 0.233696 0.260703 0.188705 0.316896  0.346536  0.154467  0.112806 0.0409958  0.324585 0.0206098
-124370 0.236149 0.262659 0.181031 0.320162  0.346536  0.154467  0.112806 0.0409958  0.324585 0.0206098
-124370 0.237465 0.262782 0.183052   0.3167  0.346536  0.154467  0.112806 0.0409958  0.324585 0.0206098
-124370 0.237465 0.262782 0.183052   0.3167  0.346536  0.154467  0.112806 0.0409958  0.324585 0.0206098
-124370 0.237465 0.262782 0.183052   0.3167  0.351684  0.154646  0.112443 0.0428997  0.317794 0.0205326
-124370 0.237465 0.262782 0.183052   0.3167  0.348013  0.157933  0.111425 0.0427088  0.317041 0.0228794
-124370 0.236403  0.26012 0.192732 0.310745  0.348113  0.160792  0.113567 0.0434983   0.31127 0.0227596
-124370 0.233783 0.260357 0.189835 0.316024  0.347393  0.158164  0.117148  0.041132  0.313093 0.0230706
-124370 0.234232 0.256381 0.193255 0.316132  0.348134  0.161808  0.118457  0.040047  0.306774 0.0247794
-124370 0.234232 0.256381 0.193255 0.316132  0.348134  0.161808  0.118457  0.040047  0.306774 0.0247794
-124370 0.237803 0.253221 0.191251 0.317725  0.355163  0.161619  0.116543 0.0368266  0.304068 0.0257808
-124370 0.232572 0.257596 0.189729 0.320103  0.355163  0.161619  0.116543 0.0368266  0.304068 0.0257808
-124359 0.235059 0.258637 0.186959 0.319346  0.355163  0.161619  0.116543 0.0368266  0.304068 0.0257808
-124360 0.241956 0.256489 0.183233 0.318322  0.355163  0.161619  0.116543 0.0368266  0.304068 0.0257808
-124369 0.243709 0.251481 0.184524 0.320286  0.360988  0.157951  0.117656 0.0370348  0.301181 0.0251894
-124366 0.243709 0.251481 0.184524 0.320286  0.360988  0.157951  0.117656 0.0370348  0.301181 0.0251894
-124366 0.236742 0.259084  0.18925 0.314924  0.360988  0.157951  0.117656 0.0370348  0.301181 0.0251894
-124366 0.236742 0.259084  0.18925 0.314924  0.360988  0.157951  0.117656 0.0370348  0.301181 0.0251894
-124358 0.236742 0.259084  0.18925 0.314924  0.360988  0.157951  0.117656 0.0370348  0.301181 0.0251894
-124363 0.236607 0.258799  0.18656 0.318033  0.360988  0.157951  0.117656 0.0370348  0.301181 0.0251894
-124356 0.237568 0.257862 0.187329 0.317241  0.360988  0.157951  0.117656 0.0370348  0.301181 0.0251894
-124352 0.237568 0.257862 0.187329 0.317241  0.360988  0.157951  0.117656 0.0370348  0.301181 0.0251894
-124355 0.239748 0.258188 0.190764 0.311299  0.360988  0.157951  0.117656 0.0370348  0.301181 0.0251894
-124364 0.239748 0.258188 0.190764 0.311299  0.357223  0.160037  0.112374 0.0355948  0.308141 0.0266302
-124360 0.239748 0.258188 0.190764 0.311299  0.357223  0.160037  0.112374 0.0355948  0.308141 0.0266302
-124358 0.239748 0.258188 0.190764 0.311299  0.357223  0.160037  0.112374 0.0355948  0.308141 0.0266302
-124360 0.239748 0.258188 0.190764 0.311299  0.357223  0.160037  0.112374 0.0355948  0.308141 0.0266302
-124359 0.239748 0.258188 0.190764 0.311299  0.357223  0.160037  0.112374 0.0355948  0.308141 0.0266302
-124355 0.239748 0.258188 0.190764 0.311299  0.355954   0.16047  0.113881 0.0352332  0.308398 0.0260644
-124355 0.239748 0.258188 0.190764 0.311299  0.355954   0.16047  0.113881 0.0352332  0.308398 0.0260644
-124358 0.239748 0.258188 0.190764 0.311299  0.355954   0.16047  0.113881 0.0352332  0.308398 0.0260644
-124356 0.244015 0.257561 0.186446 0.311978  0.355954   0.16047  0.113881 0.0352332  0.308398 0.0260644
-124359 0.244015 0.257561 0.186446 0.311978  0.355954   0.16047  0.113881 0.0352332  0.308398 0.0260644
-124355 0.244015 0.257561 0.186446 0.311978  0.355954   0.16047  0.113881 0.0352332  0.308398 0.0260644
-124358 0.244801 0.255775 0.190256 0.309168  0.355954   0.16047  0.113881 0.0352332  0.308398 0.0260644
