-126743 0.256248 0.270521  0.18405 0.289181  0.159182  0.222888  0.113085 0.0450325  0.417909 0.0419042
-126639 0.253714 0.269676 0.182949 0.293661  0.161514  0.224374  0.114001 0.0473037  0.413037 0.0397706
-126561 0.242927 0.275532 0.173937 0.307604  0.168652  0.223651  0.115073 0.0475742  0.403106 0.0419438
-126267 0.232592 0.285608 0.172048 0.309752  0.176947  0.220562  0.116011  0.045296   0.39613 0.0450539
-126055 0.213477  0.28965 0.179093 0.317779  0.192588  0.201945  0.114268 0.0512116  0.400539 0.0394494
-125709 0.212357 0.284761 0.179621 0.323261  0.197792  0.199998  0.117033 0.0447685  0.399381 0.0410275
-125630 0.209925 0.284452 0.177498 0.328125  0.205349  0.201448  0.116322 0.0438511  0.396861 0.0361701
-125432 0.210346 0.288104 0.185489 0.316061  0.210459  0.197864  0.118767 0.0442827  0.393824  0.034803
-125403 0.212848 0.283239 0.189666 0.314247  0.212142  0.200105  0.119635 0.0440585  0.388655 0.0354048
-125365 0.204352 0.279768 0.199935 0.315946  0.216673  0.197113  0.115744 0.0471388  0.390565 0.0327656
-125275 0.197735 0.280935 0.203808 0.317522  0.221706  0.191584  0.119681 0.0487147  0.387318 0.0309973
-125145 0.207041 0.275492 0.202359 0.315108  0.225729  0.192424   0.11856 0.0477592  0.385969 0.0295595
-125144 0.207041 0.275492 0.202359 0.315108  0.225729  0.192424   0.11856 0.0477592  0.385969 0.0295595
-125138 0.198012 0.264902 0.204195 0.332891  0.225729  0.192424   0.11856 0.0477592  0.385969 0.0295595
-125106 0.198012 0.264902 0.204195 0.332891  0.234023  0.193604  0.121666 0.0464159  0.378994 0.0252972
-125000 0.202935 0.270059   0.2033 0.323706   0.23569  0.183868  0.119156 0.0474995  0.389521 0.0242661
-124956 0.205531 0.269619 0.203537 0.321313  0.250481   0.18124  0.116998 0.0436568  0.379983 0.0276407
-124871 0.213171 0.267252 0.200862 0.318714  0.250481   0.18124  0.116998 0.0436568  0.379983 0.0276407
-124852 0.213171 0.267252 0.200862 0.318714  0.257074  0.174616  0.122036 0.0499378  0.369263 0.0270731
-124781 0.214701 0.274905 0.200212 0.310182  0.260344  0.176186  0.118824 0.0506319  0.368713 0.0253016
-124773 0.221073 0.271087 0.194325 0.313514  0.260406  0.174863  0.121566 0.0484216   0.36644 0.0283036
-124703 0.223516  0.27185 0.193267 0.311366  0.267694  0.178714  0.123647 0.0452411  0.354489 0.0302141
-124698 0.229493 0.265347 0.191024 0.314135  0.267694  0.178714  0.123647 0.0452411  0.354489 0.0302141
-124687 0.225555 0.261966 0.197557 0.314922   0.27264  0.178554  0.117212 0.0422564  0.361761 0.0275766
-124654 0.228433  0.25784 0.200232 0.313495  0.278092  0.176432   0.11961 0.0433777  0.357244 0.0252434
-124648 0.225712 0.256773 0.202443 0.315072  0.280175  0.174037  0.120001 0.0404682  0.356016 0.0293026
-124636 0.227057 0.260143 0.202422 0.310378  0.280175  0.174037  0.120001 0.0404682  0.356016 0.0293026
-124563 0.228001 0.255371 0.200793 0.315836  0.297106  0.173782  0.109081 0.0435582  0.347762 0.0287108
-124531 0.228542 0.257203 0.196961 0.317294  0.298118   0.17258  0.112309 0.0436163  0.345314 0.0280628
-124493 0.229532 0.259039 0.194997 0.316432  0.303717  0.171108  0.111345 0.0453948  0.339204 0.0292308
-124493 0.231036 0.258583 0.193836 0.316544  0.306315  0.168011  0.108782 0.0470586  0.339092 0.0307415
-124489  0.22893 0.264845 0.191427 0.314798  0.308384  0.167413  0.109745 0.0470621  0.340528 0.0268682
-124469 0.225408  0.26341 0.202267 0.308915  0.330804   0.16496  0.107661 0.0460044  0.326469 0.0241018
-124421 0.226365 0.265676 0.195486 0.312473  0.336998   0.16343  0.107144 0.0445416  0.324702 0.0231847
-124407 0.238832 0.266655 0.188043  0.30647  0.336998   0.16343  0.107144 0.0445416  0.324702 0.0231847
-124407 0.236537 0.266752 0.189652  0.30706  0.340513   0.16124   0.10606 0.0432833  0.326886  0.022017
-124404 0.240223 0.259836 0.190092 0.309849   0.34202  0.156388  0.110667 0.0429958   0.32677 0.0211582
-124404 0.236896 0.259823 0.189662 0.313619  0.351512  0.153013  0.104975 0.0423065  0.327387 0.0208068
-124396 0.237025 0.259555 0.186836 0.316583  0.352053    0.1508  0.106696 0.0398324  0.329373 0.0212462
-124390 0.233696 0.260703 0.188705 0.316896  0.347805  0.151363  0.110917 0.0407208  0.328144 0.0210508
-124366 0.236149 0.262659 0.181031 0.320162  0.346536  0.154467  0.112806 0.0409958  0.324585 0.0206098
-124366 0.237465 0.262782 0.183052   0.3167  0.346536  0.154467  0.112806 0.0409958  0.324585 0.0206098
-124366 0.237465 0.262782 0.183052   0.3167  0.346536  0.154467  0.112806 0.0409958  0.324585 0.0206098
-124366 0.237465 0.262782 0.183052   0.3167  0.351684  0.154646  0.112443 0.0428997  0.317794 0.0205326
-124366 0.237465 0.262782 0.183052   0.3167  0.348013  0.157933  0.111425 0.0427088  0.317041 0.0228794
-124366 0.236403  0.26012 0.192732 0.310745  0.348113  0.160792  0.113567 0.0434983   0.31127 0.0227596
-124366 0.233783 0.260357 0.189835 0.316024  0.347393  0.158164  0.117148  0.041132  0.313093 0.0230706
-124366 0.234232 0.256381 0.193255 0.316132  0.348134  0.161808  0.118457  0.040047  0.306774 0.0247794
-124365 0.234232 0.256381 0.193255 0.316132  0.348134  0.161808  0.118457  0.040047  0.306774 0.0247794
-124359 0.237803 0.253221 0.191251 0.317725  0.355163  0.161619  0.116543 0.0368266  0.304068 0.0257808
-124367 0.232572 0.257596 0.189729 0.320103  0.355163  0.161619  0.116543 0.0368266  0.304068 0.0257808
-124345 0.241956 0.256489 0.183233 0.318322  0.355163  0.161619  0.116543 0.0368266  0.304068 0.0257808
-124345 0.243709 0.251481 0.184524 0.320286  0.360988  0.157951  0.117656 0.0370348  0.301181 0.0251894
-124345 0.243709 0.251481 0.184524 0.320286  0.360988  0.157951  0.117656 0.0370348  0.301181 0.0251894
-124345 0.236742 0.259084  0.18925 0.314924  0.360988  0.157951  0.117656 0.0370348  0.301181 0.0251894
-124345 0.236742 0.259084  0.18925 0.314924  0.360988  0.157951  0.117656 0.0370348  0.301181 0.0251894
-124345 0.236742 0.259084  0.18925 0.314924  0.360988  0.157951  0.117656 0.0370348  0.301181 0.0251894
-124345 0.236607 0.258799  0.18656 0.318033  0.360988  0.157951  0.117656 0.0370348  0.301181 0.0251894
-124345 0.237568 0.257862 0.187329 0.317241  0.360988  0.157951  0.117656 0.0370348  0.301181 0.0251894
-124345 0.237568 0.257862 0.187329 0.317241  0.360988  0.157951  0.117656 0.0370348  0.301181 0.0251894
-124345 0.239748 0.258188 0.190764 0.311299  0.360988  0.157951  0.117656 0.0370348  0.301181 0.0251894
-124345 0.239748 0.258188 0.190764 0.311299  0.357223  0.160037  0.112374 0.0355948  0.308141 0.0266302
-124345 0.239748 0.258188 0.190764 0.311299  0.357223  0.160037  0.112374 0.0355948  0.308141 0.0266302
-124345 0.239748 0.258188 0.190764 0.311299  0.357223  0.160037  0.112374 0.0355948  0.308141 0.0266302
-124345 0.239748 0.258188 0.190764 0.311299  0.357223  0.160037  0.112374 0.0355948  0.308141 0.0266302
-124345 0.239748 0.258188 0.190764 0.311299  0.357223  0.160037  0.112374 0.0355948  0.308141 0.0266302
-124345 0.239748 0.258188 0.190764 0.311299  0.355954   0.16047  0.113881 0.0352332  0.308398 0.0260644
-124345 0.239748 0.258188 0.190764 0.311299  0.355954   0.16047  0.113881 0.0352332  0.308398 0.0260644
-124345 0.239748 0.258188 0.190764 0.311299  0.355954   0.16047  0.113881 0.0352332  0.308398 0.0260644
-124345 0.244015 0.257561 0.186446 0.311978  0.355954   0.16047  0.113881 0.0352332  0.308398 0.0260644
-124345 0.244015 0.257561 0.186446 0.311978  0.355954   0.16047  0.113881 0.0352332  0.308398 0.0260644
-124345 0.244801 0.255775 0.190256 0.309168  0.355954   0.16047  0.113881 0.0352332  0.308398 0.0260644
-124345 0.244801 0.255775 0.190256 0.309168  0.360611  0.161019  0.115432 0.0329765  0.303226  0.026735
