-126634 0.258983 0.272424 0.182577 0.286016  0.162761  0.225878  0.116624 0.0463184  0.402964 0.0454539
-126577 0.254481 0.273002 0.184558 0.287958  0.165985   0.22485  0.112824 0.0455474  0.403031 0.0477627
-126557 0.251946  0.27385 0.188738 0.285466  0.165985   0.22485  0.112824 0.0455474  0.403031 0.0477627
-126550 0.254376 0.268925 0.191214 0.285485  0.165985   0.22485  0.112824 0.0455474  0.403031 0.0477627
-126552 0.254376 0.268925 0.191214 0.285485  0.165985   0.22485  0.112824 0.0455474  0.403031 0.0477627
-126489 0.254376 0.268925 0.191214 0.285485  0.165843  0.219716  0.116412 0.0454366  0.400478 0.0521134
-126354 0.254376 0.268925 0.191214 0.285485  0.168755  0.219133  0.119873 0.0480463  0.391559 0.0526329
-126354 0.254376 0.268925 0.191214 0.285485  0.168755  0.219133  0.119873 0.0480463  0.391559 0.0526329
-126354 0.254376 0.268925 0.191214 0.285485  0.168755  0.219133  0.119873 0.0480463  0.391559 0.0526329
-126299 0.252519 0.262878 0.195113 0.289491  0.168755  0.219133  0.119873 0.0480463  0.391559 0.0526329
-126219 0.249346 0.258901 0.200409 0.291344  0.174428  0.220997  0.113688 0.0478406  0.390188 0.0528589
-126139 0.249346 0.258901 0.200409 0.291344  0.176776  0.220669  0.114622 0.0501688  0.384682 0.0530818
-126138 0.249611 0.256578 0.204857 0.288953  0.176776  0.220669  0.114622 0.0501688  0.384682 0.0530818
-125997 0.249611 0.256578 0.204857 0.288953  0.182365  0.218169  0.118967 0.0481903  0.375116 0.0571924
-125960   0.2496 0.248435 0.206411 0.295554  0.182365  0.218169  0.118967 0.0481903  0.375116 0.0571924
-125929 0.246469 0.246512 0.208174 0.298845  0.182365  0.218169  0.118967 0.0481903  0.375116 0.0571924
-125930 0.246469 0.246512 0.208174 0.298845  0.182365  0.218169  0.118967 0.0481903  0.375116 0.0571924
-125818 0.242474 0.250457 0.209994 0.297074  0.188367   0.21898  0.119944 0.0459127  0.370489 0.0563069
-125819 0.242474 0.250457 0.209994 0.297074  0.188367   0.21898  0.119944 0.0459127  0.370489 0.0563069
-125758 0.242474 0.250457 0.209994 0.297074   0.18989  0.219657  0.121841 0.0472105  0.363511 0.0578904
-125702 0.237272 0.245105 0.213933  0.30369   0.18989  0.219657  0.121841 0.0472105  0.363511 0.0578904
-125697 0.236523 0.243663 0.215872 0.303942   0.18989  0.219657  0.121841 0.0472105  0.363511 0.0578904
-125613 0.237039   0.2421 0.214658 0.306204  0.194025  0.220639  0.123313 0.0467399  0.360361 0.0549223
-125593   0.2338 0.242873 0.211083 0.312244  0.194025  0.220639  0.123313 0.0467399  0.360361 0.0549223
-125594   0.2338 0.242873 0.211083 0.312244  0.194025  0.220639  0.123313 0.0467399  0.360361 0.0549223
-125588 0.234911 0.239275  0.20782 0.317993  0.188525  0.217598  0.134021 0.0454416  0.359613 0.0548016
-125554 0.230357 0.240432 0.208346 0.320865  0.190801  0.217176  0.131727 0.0457811  0.360007 0.0545082
-125511 0.230357 0.240432 0.208346 0.320865  0.193459  0.215048  0.133047 0.0445476  0.361411  0.052487
-125486 0.230015 0.236259 0.215032 0.318695   0.19397  0.207343   0.13383 0.0448145  0.366496 0.0535463
-125404 0.226746 0.241171 0.211107 0.320977  0.200226  0.205274  0.132234 0.0431673  0.362678 0.0564207
-125382 0.226746 0.241171 0.211107 0.320977  0.200026  0.207127  0.134256 0.0454464    0.3561 0.0570446
-125381 0.226746 0.241171 0.211107 0.320977  0.200026  0.207127  0.134256 0.0454464    0.3561 0.0570446
-125365 0.226746 0.241171 0.211107 0.320977  0.202229  0.206488  0.129093 0.0486877   0.35874 0.0547626
-125336 0.227093 0.234852 0.216597 0.321458  0.202171  0.210384  0.130715 0.0511284  0.353818 0.0517839
-125334 0.227093 0.234852 0.216597 0.321458  0.202171  0.210384  0.130715 0.0511284  0.353818 0.0517839
-125273 0.224434  0.23398  0.21801 0.323576  0.203168  0.206513  0.133754 0.0550466  0.350423 0.0510958
-125218 0.221347 0.238103 0.217456 0.323093  0.210091   0.20966  0.127635 0.0560375  0.347707  0.048869
-125164 0.221347 0.238103 0.217456 0.323093  0.211245  0.201417  0.131599 0.0577644   0.35033  0.047645
-125163 0.218535 0.237199 0.220765 0.323502  0.211245  0.201417  0.131599 0.0577644   0.35033  0.047645
-125112 0.218535 0.237199 0.220765 0.323502  0.213941  0.200412  0.133903 0.0617462   0.34162 0.0483783
-125112 0.218535 0.237199 0.220765 0.323502  0.213941  0.200412  0.133903 0.0617462   0.34162 0.0483783
-125106 0.216556 0.236754 0.219801 0.326888  0.213941  0.200412  0.133903 0.0617462   0.34162 0.0483783
-125064 0.216556 0.236754 0.219801 0.326888  0.218338  0.204536  0.132864 0.0596433  0.339141 0.0454772
-125027 0.215844 0.234825 0.217214 0.332117  0.224005  0.205411  0.130542 0.0602739  0.333336 0.0464325
-125028 0.215844 0.234825 0.217214 0.332117  0.224005  0.205411  0.130542 0.0602739  0.333336 0.0464325
-124954 0.215844 0.234825 0.217214 0.332117  0.230984  0.201561  0.131699  0.060817  0.331159 0.0437797
-124954 0.215844 0.234825 0.217214 0.332117  0.230984  0.201561  0.131699  0.060817  0.331159 0.0437797
-124954 0.215518 0.238861 0.217104 0.328518  0.230984  0.201561  0.131699  0.060817  0.331159 0.0437797
-124954 0.215518 0.238861 0.217104 0.328518  0.230984  0.201561  0.131699  0.060817  0.331159 0.0437797
-124914 0.218746 0.240126 0.215849 0.325279  0.235815  0.202517  0.129937 0.0634623  0.326291 0.0419776
-124913 0.218746 0.240126 0.215849 0.325279  0.235815  0.202517  0.129937 0.0634623  0.326291 0.0419776
-124913 0.218746 0.240126 0.215849 0.325279  0.235815  0.202517  0.129937 0.0634623  0.326291 0.0419776
-124890 0.219991 0.237208 0.213478 0.329324  0.237158  0.196656  0.131947  0.061825  0.329241 0.0431726
-124843 0.219991 0.237208 0.213478 0.329324  0.243446  0.191888  0.132004 0.0623149  0.324105 0.0462429
-124843 0.219991 0.237208 0.213478 0.329324  0.243446  0.191888  0.132004 0.0623149  0.324105 0.0462429
-124798 0.219991 0.237208 0.213478 0.329324   0.24945   0.19366  0.129935 0.0629114  0.320433 0.0436108
-124800 0.219991 0.237208 0.213478 0.329324   0.24945   0.19366  0.129935 0.0629114  0.320433 0.0436108
-124777 0.219991 0.237208 0.213478 0.329324  0.251709  0.188473  0.131497  0.062098  0.321544 0.0446792
-124727 0.219991 0.237208 0.213478 0.329324  0.258847  0.184551  0.129157 0.0583441  0.325371 0.0437299
-124730 0.218857 0.242565 0.212702 0.325875  0.258847  0.184551  0.129157 0.0583441  0.325371 0.0437299
-124727 0.217078 0.241426  0.21207 0.329425  0.258847  0.184551  0.129157 0.0583441  0.325371 0.0437299
-124725 0.217078 0.241426  0.21207 0.329425  0.258847  0.184551  0.129157 0.0583441  0.325371 0.0437299
-124711 0.217078 0.241426  0.21207 0.329425  0.261522   0.18484  0.127217 0.0567606  0.325978  0.043682
-124711 0.217078 0.241426  0.21207 0.329425   0.26169  0.185214  0.126337 0.0563426  0.327464 0.0429529
-124681 0.217078 0.241426  0.21207 0.329425  0.267778  0.183962  0.123898  0.053825  0.328888 0.0416488
-124682 0.217078 0.241426  0.21207 0.329425  0.267778  0.183962  0.123898  0.053825  0.328888 0.0416488
-124678 0.217078 0.241426  0.21207 0.329425  0.268584  0.181461  0.123009 0.0550661  0.330386 0.0414945
-124675 0.220951 0.244218 0.205577 0.329255  0.268584  0.181461  0.123009 0.0550661  0.330386 0.0414945
-124672 0.220951 0.244218 0.205577 0.329255  0.271327  0.182557  0.119067 0.0540631  0.331032 0.0419542
-124671 0.221253 0.244134 0.206953 0.327661  0.271327  0.182557  0.119067 0.0540631  0.331032 0.0419542
-124621 0.221253 0.244134 0.206953 0.327661   0.27859  0.179943  0.119949 0.0570403   0.32413 0.0403478
-124621 0.221253 0.244134 0.206953 0.327661   0.27859  0.179943  0.119949 0.0570403   0.32413 0.0403478
-124622 0.221528 0.244864 0.207798  0.32581   0.27859  0.179943  0.119949 0.0570403   0.32413 0.0403478
-124622 0.221528 0.244864 0.207798  0.32581   0.27859  0.179943  0.119949 0.0570403   0.32413 0.0403478
-124623 0.227832  0.24112 0.203386 0.327662   0.27859  0.179943  0.119949 0.0570403   0.32413 0.0403478
-124621 0.223594 0.242692 0.207041 0.326672   0.27859  0.179943  0.119949 0.0570403   0.32413 0.0403478
-124620 0.223594 0.242692 0.207041 0.326672  0.275507   0.17771  0.124125 0.0570883   0.32754 0.0380292
-124615 0.223594 0.242692 0.207041 0.326672  0.275507   0.17771  0.124125 0.0570883   0.32754 0.0380292
-124619 0.223594 0.242692 0.207041 0.326672  0.275507   0.17771  0.124125 0.0570883   0.32754 0.0380292
-124619 0.223348 0.242991 0.203637 0.330024  0.275507   0.17771  0.124125 0.0570883   0.32754 0.0380292
-124621 0.223348 0.242991 0.203637 0.330024  0.275507   0.17771  0.124125 0.0570883   0.32754 0.0380292
-124620 0.223348 0.242991 0.203637 0.330024  0.275507   0.17771  0.124125 0.0570883   0.32754 0.0380292
-124620 0.223348 0.242991 0.203637 0.330024  0.275507   0.17771  0.124125 0.0570883   0.32754 0.0380292
-124617 0.223348 0.242991 0.203637 0.330024 0.276613 0.172641 0.125789 0.055956  0.32776 0.041242
-124605 0.223715 0.246672 0.203219 0.326394  0.279024  0.168697  0.125169  0.052752  0.332867 0.0414914
-124585 0.224177 0.248081 0.201186 0.326556  0.283533  0.169832  0.124174 0.0528585  0.328143 0.0414598
-124552 0.224177 0.248081 0.201186 0.326556  0.290386   0.16644  0.122578 0.0528204  0.326925   0.04085
-124541 0.224177 0.248081 0.201186 0.326556  0.293029  0.166758  0.121703 0.0539493  0.325647 0.0389139
-124535  0.22884 0.245348 0.201549 0.324263  0.293029  0.166758  0.121703 0.0539493  0.325647 0.0389139
-124538  0.22884 0.245348 0.201549 0.324263  0.293029  0.166758  0.121703 0.0539493  0.325647 0.0389139
-124536  0.22884 0.245348 0.201549 0.324263  0.295062  0.162822  0.118929 0.0518976  0.332905 0.0383838
-124531  0.22884 0.245348 0.201549 0.324263  0.293823  0.160474  0.124975 0.0491238  0.334738  0.036866
-124535 0.226202 0.239493 0.201065  0.33324  0.293823  0.160474  0.124975 0.0491238  0.334738  0.036866
-124538 0.226202 0.239493 0.201065  0.33324  0.293823  0.160474  0.124975 0.0491238  0.334738  0.036866
-124534 0.226202 0.239493 0.201065  0.33324  0.293503   0.15991  0.128594 0.0473059  0.335161  0.035525
-124535 0.226202 0.239493 0.201065  0.33324  0.293503   0.15991  0.128594 0.0473059  0.335161  0.035525
-124522 0.226202 0.239493 0.201065  0.33324  0.294485   0.16249  0.129228 0.0477403  0.329162 0.0368955
-124508 0.226202 0.239493 0.201065  0.33324  0.297909  0.165129  0.127397 0.0473455  0.327837 0.0343821
-124508 0.226202 0.239493 0.201065  0.33324  0.298425  0.162627  0.127127 0.0466659  0.330321 0.0348341
-124507 0.223218 0.242236 0.196784 0.337762  0.298425  0.162627  0.127127 0.0466659  0.330321 0.0348341
-124507 0.223218 0.242236 0.196784 0.337762  0.298425  0.162627  0.127127 0.0466659  0.330321 0.0348341
-124503   0.2279 0.244205 0.193882 0.334014  0.298425  0.162627  0.127127 0.0466659  0.330321 0.0348341
-124504 0.222041 0.247979 0.196909 0.333071  0.298425  0.162627  0.127127 0.0466659  0.330321 0.0348341
-124503 0.222041 0.247979 0.196909 0.333071  0.298425  0.162627  0.127127 0.0466659  0.330321 0.0348341
-124504  0.22577 0.242838 0.197009 0.334382  0.300359  0.164924  0.122475 0.0492778  0.328048 0.0349165
-124497  0.22577 0.242838 0.197009 0.334382  0.303134  0.160528  0.126305 0.0508153  0.323692 0.0355267
-124479  0.22577 0.242838 0.197009 0.334382  0.308543   0.15999  0.127428 0.0523904  0.317997 0.0336521
-124467 0.230158 0.247061 0.194016 0.328765  0.308477  0.158636  0.128301 0.0529326   0.31853 0.0331228
-124470 0.230158 0.247061 0.194016 0.328765  0.308477  0.158636  0.128301 0.0529326   0.31853 0.0331228
-124471 0.230158 0.247061 0.194016 0.328765  0.308477  0.158636  0.128301 0.0529326   0.31853 0.0331228
-124472 0.227289 0.248828 0.196857 0.327025   0.30821  0.160035  0.128119 0.0523678  0.317973 0.0332946
-124473 0.227289 0.248828 0.196857 0.327025   0.30821  0.160035  0.128119 0.0523678  0.317973 0.0332946
-124480 0.227289 0.248828 0.196857 0.327025  0.308907  0.159206   0.12929 0.0528222  0.316803 0.0329725
-124478 0.228736 0.247892 0.196256 0.327116  0.308907  0.159206   0.12929 0.0528222  0.316803 0.0329725
-124469 0.228736 0.247892 0.196256 0.327116  0.314052  0.158963  0.120689 0.0548325  0.317891 0.0335723
-124467 0.228736 0.247892 0.196256 0.327116  0.319383  0.156518  0.119111 0.0519271  0.316733 0.0363275
-124459 0.229763 0.249265  0.19784 0.323132  0.319599  0.156702  0.119981 0.0495325  0.316897 0.0372893
-124460 0.229763 0.249265  0.19784 0.323132  0.319599  0.156702  0.119981 0.0495325  0.316897 0.0372893
-124448 0.229763 0.249265  0.19784 0.323132  0.327946  0.151587  0.125133 0.0502251  0.307824 0.0372855
-124447 0.229763 0.249265  0.19784 0.323132  0.327946  0.151587  0.125133 0.0502251  0.307824 0.0372855
