-7626.89 0.234114 0.256704 0.279915 0.229267  0.102007  0.183877 0.0610378  0.192236  0.364097 0.0967453
-7628.24 0.234114 0.256704 0.279915 0.229267  0.102007  0.183877 0.0610378  0.192236  0.364097 0.0967453
-7627.04 0.232393 0.247124 0.285784 0.234699  0.102007  0.183877 0.0610378  0.192236  0.364097 0.0967453
-7626.68 0.229284 0.245311 0.284973 0.240432  0.102007  0.183877 0.0610378  0.192236  0.364097 0.0967453
-7628.06 0.229284 0.245311 0.284973 0.240432  0.102007  0.183877 0.0610378  0.192236  0.364097 0.0967453
-7631.49 0.229284 0.245311 0.284973 0.240432   0.10484  0.165399 0.0610848  0.179513  0.386813  0.102351
-7630.97 0.217967 0.243863  0.28256  0.25561 0.0998336  0.167243 0.0602808  0.181972  0.393243 0.0974276
-7630.22 0.213582 0.247636 0.287717 0.251065 0.0998336  0.167243 0.0602808  0.181972  0.393243 0.0974276
-7630.4 0.213582 0.247636 0.287717 0.251065 0.0998336  0.167243 0.0602808  0.181972  0.393243 0.0974276
-7630.77 0.213582 0.247636 0.287717 0.251065 0.0998336  0.167243 0.0602808  0.181972  0.393243 0.0974276
-7631.46 0.213582 0.247636 0.287717 0.251065 0.0998336  0.167243 0.0602808  0.181972  0.393243 0.0974276
-7631.36 0.213582 0.247636 0.287717 0.251065  0.096787  0.170957  0.061066  0.184402  0.389923 0.0968645
-7632.12 0.213582 0.247636 0.287717 0.251065  0.096787  0.170957  0.061066  0.184402  0.389923 0.0968645
-7632.31 0.213582 0.247636 0.287717 0.251065  0.096787  0.170957  0.061066  0.184402  0.389923 0.0968645
-7634.35 0.231668  0.25029 0.285065 0.232977  0.096787  0.170957  0.061066  0.184402  0.389923 0.0968645
-7632.8 0.231668  0.25029 0.285065 0.232977 0.0963185  0.166139  0.060353  0.188831  0.390563 0.0977955
-7632.91 0.231668  0.25029 0.285065 0.232977 0.0963185  0.166139  0.060353  0.188831  0.390563 0.0977955
-7631.78 0.231668  0.25029 0.285065 0.232977  0.100564  0.155344 0.0570268  0.196548  0.394607 0.0959099
-7632.72 0.231668  0.25029 0.285065 0.232977  0.101879  0.153814 0.0521277  0.204219  0.394069 0.0938905
-7634.39 0.231668  0.25029 0.285065 0.232977  0.101412  0.157928 0.0491823  0.205502  0.391853 0.0941221
-7633.93 0.221367 0.258005 0.278885 0.241743  0.101412  0.157928 0.0491823  0.205502  0.391853 0.0941221
-7634.41 0.221367 0.258005 0.278885 0.241743 0.0998434  0.160573 0.0485541   0.20501  0.385691  0.100328
-7634.36 0.221367 0.258005 0.278885 0.241743 0.0998434  0.160573 0.0485541   0.20501  0.385691  0.100328
-7634.93 0.218302 0.254512 0.294986   0.2322 0.0998434  0.160573 0.0485541   0.20501  0.385691  0.100328
-7635.82 0.218302 0.254512 0.294986   0.2322 0.0998434  0.160573 0.0485541   0.20501  0.385691  0.100328
-7634.59 0.212037 0.260812 0.290672 0.236479  0.100996  0.160792 0.0450082  0.211315  0.372703  0.109186
-7633.32 0.223901 0.250502 0.287936 0.237661 0.0967461   0.16896 0.0437566   0.21161  0.371986  0.106941
-7634.35 0.222977 0.257695 0.291956 0.227373  0.107794  0.155398 0.0452246  0.221562  0.379675 0.0903459
-7630.78 0.222977 0.257695 0.291956 0.227373 0.0966631   0.16014 0.0590426  0.221178  0.368357 0.0946188
-7631.24 0.222977 0.257695 0.291956 0.227373 0.0880365  0.151481 0.0637244  0.217446  0.373335  0.105978
-7629.56 0.224231 0.258526 0.284828 0.232415 0.0880365  0.151481 0.0637244  0.217446  0.373335  0.105978
-7631.46 0.227596 0.264737 0.268081 0.239586 0.0880365  0.151481 0.0637244  0.217446  0.373335  0.105978
-7631.76 0.227596 0.264737 0.268081 0.239586 0.0880365  0.151481 0.0637244  0.217446  0.373335  0.105978
-7631.19 0.227596 0.264737 0.268081 0.239586 0.0880365  0.151481 0.0637244  0.217446  0.373335  0.105978
-7627.64 0.229843 0.250533 0.286269 0.233355 0.0890827  0.161116 0.0599399  0.222825  0.365085  0.101951
-7626.93 0.229843 0.250533 0.286269 0.233355 0.0890827  0.161116 0.0599399  0.222825  0.365085  0.101951
-7627.63 0.229843 0.250533 0.286269 0.233355 0.0890827  0.161116 0.0599399  0.222825  0.365085  0.101951
-7626.6 0.227458 0.253113 0.276703 0.242726 0.0851383  0.162723 0.0606263  0.243751  0.349295 0.0984669
-7627.37 0.227458 0.253113 0.276703 0.242726 0.0901011  0.160288 0.0688659  0.241812  0.338148  0.100786
-7627.48 0.227458 0.253113 0.276703 0.242726 0.0901011  0.160288 0.0688659  0.241812  0.338148  0.100786
-7626.92 0.227458 0.253113 0.276703 0.242726 0.0901011  0.160288 0.0688659  0.241812  0.338148  0.100786
-7627.33 0.227458 0.253113 0.276703 0.242726 0.0859042  0.153708 0.0760203  0.236285  0.349159 0.0989235
-7629.57 0.227458 0.253113 0.276703 0.242726 0.0865795  0.144224 0.0764404  0.254405  0.337918  0.100433
-7630.47 0.227458 0.253113 0.276703 0.242726 0.0911695  0.141661 0.0729613  0.249366  0.338522   0.10632
-7632.3 0.212202    0.245 0.284432 0.258366 0.0937471  0.130492 0.0836267   0.24745  0.334411  0.110273
-7630.58 0.212202    0.245 0.284432 0.258366 0.0938359   0.12951  0.073328  0.250736   0.34236  0.110229
-7629.3 0.212202    0.245 0.284432 0.258366 0.0975327  0.148995 0.0635165  0.246693  0.340723   0.10254
-7629.47 0.211025 0.248993 0.282849 0.257133  0.096391  0.142728 0.0684841  0.247168  0.344131  0.101098
-7628.62 0.211025 0.248993 0.282849 0.257133 0.0889701  0.151082 0.0678666   0.25537  0.331621  0.105091
-7627.38 0.211025 0.248993 0.282849 0.257133 0.0964755  0.148213  0.064875  0.245265  0.339328  0.105844
-7626.12  0.20839 0.263991 0.286115 0.241504 0.0864327  0.153873 0.0670148  0.252571  0.341161 0.0989481
-7627.44  0.20839 0.263991 0.286115 0.241504 0.0869526  0.151506 0.0697335  0.249325  0.340734  0.101749
-7627.75 0.204459 0.258623 0.298028  0.23889 0.0869526  0.151506 0.0697335  0.249325  0.340734  0.101749
-7627.8 0.216567 0.259529 0.282451 0.241452 0.0869526  0.151506 0.0697335  0.249325  0.340734  0.101749
-7626.69 0.216567 0.259529 0.282451 0.241452 0.0869526  0.151506 0.0697335  0.249325  0.340734  0.101749
-7627.58 0.216567 0.259529 0.282451 0.241452 0.0991134  0.155367 0.0650282  0.240893  0.330871  0.108727
-7629.44 0.216567 0.259529 0.282451 0.241452  0.110635    0.1537 0.0575939  0.247592  0.330619   0.09986
-7627.7 0.216567 0.259529 0.282451 0.241452  0.110635    0.1537 0.0575939  0.247592  0.330619   0.09986
-7627.5 0.209091 0.256212 0.293034 0.241664  0.111696  0.137706 0.0680876  0.247528  0.334005  0.100977
-7628.85 0.209091 0.256212 0.293034 0.241664  0.111696  0.137706 0.0680876  0.247528  0.334005  0.100977
-7629.01 0.209091 0.256212 0.293034 0.241664  0.114177  0.139705 0.0662178  0.241552  0.327081  0.111268
-7629.95 0.212389 0.256352 0.284869 0.246389  0.114177  0.139705 0.0662178  0.241552  0.327081  0.111268
-7628.05  0.22337 0.247425   0.2818 0.247405  0.114177  0.139705 0.0662178  0.241552  0.327081  0.111268
-7628.06 0.227957 0.239822 0.291283 0.240938  0.114177  0.139705 0.0662178  0.241552  0.327081  0.111268
-7627.67 0.227957 0.239822 0.291283 0.240938  0.114177  0.139705 0.0662178  0.241552  0.327081  0.111268
-7629.86 0.227957 0.239822 0.291283 0.240938  0.110839  0.135639 0.0736777  0.254096  0.316155  0.109595
-7631.45 0.224531 0.254672 0.288663 0.232134  0.117647  0.140904 0.0831177   0.23835  0.315106  0.104875
-7629.04 0.224531 0.254672 0.288663 0.232134  0.112429  0.147232 0.0790039  0.234598  0.320163  0.106574
-7629.76 0.211724 0.250109 0.292307  0.24586  0.112429  0.147232 0.0790039  0.234598  0.320163  0.106574
-7624.81 0.211724 0.250109 0.292307  0.24586 0.0904479  0.154818 0.0732088   0.24089  0.330908  0.109727
-7625.41 0.211724 0.250109 0.292307  0.24586 0.0904479  0.154818 0.0732088   0.24089  0.330908  0.109727
-7625.86 0.212157 0.243415 0.297549 0.246879 0.0955619  0.163375 0.0727111  0.243078  0.319268  0.106005
-7625.16 0.212157 0.243415 0.297549 0.246879 0.0955619  0.163375 0.0727111  0.243078  0.319268  0.106005
-7625.93 0.212157 0.243415 0.297549 0.246879 0.0955619  0.163375 0.0727111  0.243078  0.319268  0.106005
-7625.86 0.216756 0.252596 0.290784 0.239864 0.0868553  0.162467 0.0783293  0.248694  0.314255  0.109399
-7627.39 0.216756 0.252596 0.290784 0.239864 0.0868553  0.162467 0.0783293  0.248694  0.314255  0.109399
-7626.87 0.216756 0.252596 0.290784 0.239864 0.0817538  0.163205 0.0674218  0.254513   0.31939  0.113717
-7627.99 0.216756 0.252596 0.290784 0.239864 0.0917689  0.161738 0.0643116  0.246385  0.321686   0.11411
-7626.89 0.216756 0.252596 0.290784 0.239864 0.0917689  0.161738 0.0643116  0.246385  0.321686   0.11411
-7628.46 0.216756 0.252596 0.290784 0.239864 0.0917689  0.161738 0.0643116  0.246385  0.321686   0.11411
-7631.24 0.216756 0.252596 0.290784 0.239864 0.0917689  0.161738 0.0643116  0.246385  0.321686   0.11411
-7632.7 0.216756 0.252596 0.290784 0.239864 0.0892362  0.156288 0.0651495  0.258561  0.312782  0.117983
-7635.19 0.216756 0.252596 0.290784 0.239864 0.0892362  0.156288 0.0651495  0.258561  0.312782  0.117983
-7636.69 0.216756 0.252596 0.290784 0.239864 0.0923085  0.161278 0.0655495  0.251665  0.310414  0.118785
-7637.15 0.216756 0.252596 0.290784 0.239864 0.092782 0.159636 0.067036 0.247258 0.319199 0.114088
-7635.57 0.216756 0.252596 0.290784 0.239864 0.092782 0.159636 0.067036 0.247258 0.319199 0.114088
-7636.24 0.221887 0.249561 0.287991 0.240561 0.0925184  0.146012 0.0750839  0.241067  0.331487  0.113831
-7636.44 0.221887 0.249561 0.287991 0.240561 0.0905885  0.133113 0.0714254  0.244508  0.343888  0.116477
-7637.41 0.219198 0.255278 0.279182 0.246342 0.0905885  0.133113 0.0714254  0.244508  0.343888  0.116477
-7638.86 0.216451 0.256364  0.29915 0.228035 0.0905885  0.133113 0.0714254  0.244508  0.343888  0.116477
-7640.75 0.229843 0.251925  0.29527 0.222961 0.0955691  0.137028 0.0642636  0.256968  0.331375  0.114796
-7637.83 0.229843 0.251925  0.29527 0.222961 0.0955691  0.137028 0.0642636  0.256968  0.331375  0.114796
-7637.76 0.229843 0.251925  0.29527 0.222961 0.0942704  0.139845 0.0654794  0.260663   0.32886  0.110883
-7637.38 0.229843 0.251925  0.29527 0.222961  0.104779  0.153944 0.0648133  0.246024  0.323243  0.107197
-7638.17 0.229843 0.251925  0.29527 0.222961  0.104779  0.153944 0.0648133  0.246024  0.323243  0.107197
-7636.34 0.211316 0.245126 0.296233 0.247324  0.104779  0.153944 0.0648133  0.246024  0.323243  0.107197
-7639.07 0.223994 0.240907 0.295786 0.239313  0.104779  0.153944 0.0648133  0.246024  0.323243  0.107197
-7641.75 0.223994 0.240907 0.295786 0.239313  0.106718  0.147485 0.0593997  0.261486   0.30851  0.116401
-7644.52 0.223994 0.240907 0.295786 0.239313  0.117785  0.137858 0.0611485  0.272807  0.301849  0.108553
-7645.72 0.225593 0.248661 0.299312 0.226435  0.117785  0.137858 0.0611485  0.272807  0.301849  0.108553
-7647.81 0.225593 0.248661 0.299312 0.226435 0.121339 0.148355 0.056976 0.261406 0.302807 0.109117
-7646.45 0.222435  0.25114  0.29738 0.229046  0.119881  0.164927 0.0532348   0.25635  0.309805 0.0958016
-7647.29 0.222435  0.25114  0.29738 0.229046  0.120939  0.148835 0.0509094  0.266423  0.321316 0.0915782
-7645.91 0.205491 0.252627 0.304912  0.23697  0.120939  0.148835 0.0509094  0.266423  0.321316 0.0915782
-7649.5 0.200864 0.270123 0.296854 0.232159  0.126926  0.146015 0.0512384  0.257089  0.334463 0.0842685
-7647.77 0.200864 0.270123 0.296854 0.232159  0.124239  0.153923 0.0486384  0.258584  0.327358 0.0872566
-7648.09 0.200113 0.266293 0.290118 0.243475  0.128811  0.138828 0.0518905  0.250332  0.337115 0.0930225
-7648.97 0.203393 0.258269 0.284785 0.253553  0.125432  0.124413 0.0559553  0.251773  0.340231  0.102195
-7647.6 0.203393 0.258269 0.284785 0.253553  0.125432  0.124413 0.0559553  0.251773  0.340231  0.102195
-7646.31 0.203393 0.258269 0.284785 0.253553  0.119688  0.123772 0.0645612  0.253056  0.348242  0.090681
-7645.95 0.208814 0.269009 0.274963 0.247215  0.120513  0.126186 0.0621697  0.253064  0.350482 0.0875851
-7641.69 0.215479 0.258915 0.284803 0.240803  0.115852  0.122179 0.0647088  0.261671   0.35077 0.0848194
-7643.38 0.215479 0.258915 0.284803 0.240803  0.115852  0.122179 0.0647088  0.261671   0.35077 0.0848194
-7639.85 0.215479 0.258915 0.284803 0.240803  0.106803  0.128254 0.0551946  0.256468  0.352667  0.100614
-7639.8 0.215479 0.258915 0.284803 0.240803  0.106803  0.128254 0.0551946  0.256468  0.352667  0.100614
-7639.76 0.215479 0.258915 0.284803 0.240803   0.10726  0.125758 0.0559525  0.260742  0.344153  0.106135
-7638.75 0.215479 0.258915 0.284803 0.240803   0.10726  0.125758 0.0559525  0.260742  0.344153  0.106135
-7638.35 0.217065 0.260528 0.287445 0.234961  0.104723  0.140689 0.0516285  0.270643  0.336199 0.0961169
-7638.99 0.217065 0.260528 0.287445 0.234961  0.109452   0.14774 0.0444483  0.265322  0.331248   0.10179
-7638.38 0.214265 0.256367 0.288307 0.241061  0.109452   0.14774 0.0444483  0.265322  0.331248   0.10179
-7636.4 0.214265 0.256367 0.288307 0.241061  0.109452   0.14774 0.0444483  0.265322  0.331248   0.10179
-7637.65 0.216917 0.249578 0.297111 0.236394  0.105855  0.146041 0.0457016   0.27464  0.316119  0.111644
-7637.15 0.216917 0.249578 0.297111 0.236394  0.110659  0.146663 0.0522136  0.268857  0.311495  0.110112
-7638.94 0.209287 0.253708 0.305464 0.231541  0.110659  0.146663 0.0522136  0.268857  0.311495  0.110112
-7637.49 0.209287 0.253708 0.305464 0.231541  0.101802  0.151788 0.0435221    0.2728  0.324574  0.105515
-7637.01 0.209287 0.253708 0.305464 0.231541  0.101802  0.151788 0.0435221    0.2728  0.324574  0.105515
-7638.5 0.209287 0.253708 0.305464 0.231541  0.101802  0.151788 0.0435221    0.2728  0.324574  0.105515
-7638.87 0.209287 0.253708 0.305464 0.231541 0.0995139  0.155678 0.0439026  0.279438  0.316071  0.105397
-7636.84 0.209287 0.253708 0.305464 0.231541 0.0832347  0.155383 0.0424174    0.2696  0.336514  0.112851
-7636.81 0.209287 0.253708 0.305464 0.231541 0.0832347  0.155383 0.0424174    0.2696  0.336514  0.112851
-7636.25 0.209287 0.253708 0.305464 0.231541 0.0845185   0.14724 0.0450456   0.26572  0.333462  0.124014
-7635.58 0.205751 0.254283 0.307537 0.232429  0.081889  0.155223 0.0493868  0.261526  0.331425   0.12055
-7636.37 0.216682 0.246589 0.304978 0.231751 0.0831655  0.155454 0.0533505  0.258587  0.329798  0.119644
-7636.21 0.216682 0.246589 0.304978 0.231751 0.0831655  0.155454 0.0533505  0.258587  0.329798  0.119644
-7637.62 0.216682 0.246589 0.304978 0.231751 0.0732202  0.169673 0.0547924  0.256365  0.336435  0.109515
-7636.61 0.216682 0.246589 0.304978 0.231751 0.0732202  0.169673 0.0547924  0.256365  0.336435  0.109515
-7642.21 0.216682 0.246589 0.304978 0.231751 0.0739588  0.169223 0.0497594  0.254626   0.34912  0.103314
-7643.15 0.216682 0.246589 0.304978 0.231751 0.0739588  0.169223 0.0497594  0.254626   0.34912  0.103314
-7646.39 0.216682 0.246589 0.304978 0.231751 0.0739588  0.169223 0.0497594  0.254626   0.34912  0.103314
-7648.17 0.216682 0.246589 0.304978 0.231751 0.0739588  0.169223 0.0497594  0.254626   0.34912  0.103314
-7647.02 0.216682 0.246589 0.304978 0.231751 0.0783534   0.15679 0.0570622  0.261488  0.337003  0.109303
-7645.3 0.215987 0.245951 0.298627 0.239434 0.0810141  0.150683 0.0634825  0.261516  0.337707  0.105597
-7643.85 0.215987 0.245951 0.298627 0.239434 0.0810141  0.150683 0.0634825  0.261516  0.337707  0.105597
-7644.83 0.215987 0.245951 0.298627 0.239434 0.0810141  0.150683 0.0634825  0.261516  0.337707  0.105597
-7645.87 0.215987 0.245951 0.298627 0.239434 0.0834415  0.163305 0.0716455  0.261051  0.320755 0.0998016
-7645.27 0.211507  0.25623 0.286745 0.245517 0.0797304  0.162086  0.076511  0.260153  0.326873 0.0946472
-7646.62 0.211507  0.25623 0.286745 0.245517 0.0827004  0.162927 0.0773362  0.262874  0.316815 0.0973463
-7645.11 0.209458 0.249071  0.29086  0.25061 0.0827004  0.162927 0.0773362  0.262874  0.316815 0.0973463
-7641.57 0.209458 0.249071  0.29086  0.25061 0.0827004  0.162927 0.0773362  0.262874  0.316815 0.0973463
-7641.89 0.209458 0.249071  0.29086  0.25061 0.0827004  0.162927 0.0773362  0.262874  0.316815 0.0973463
-7644.24 0.209458 0.249071  0.29086  0.25061 0.0697978  0.164255 0.0833833  0.263744  0.320529 0.0982908
-7649.04 0.209458 0.249071  0.29086  0.25061 0.0713409  0.157933 0.0861748  0.273509  0.313259 0.0977842
-7647.83 0.214306  0.24542 0.305105  0.23517 0.0713409  0.157933 0.0861748  0.273509  0.313259 0.0977842
-7650.58 0.216682 0.237318 0.315346 0.230654 0.0713409  0.157933 0.0861748  0.273509  0.313259 0.0977842
-7651.64 0.228827 0.233347 0.310629 0.227197 0.0713409  0.157933 0.0861748  0.273509  0.313259 0.0977842
-7651.85 0.235797 0.237898 0.290269 0.236035 0.0651064  0.158634 0.0861339  0.270131  0.314557  0.105437
-7653.4 0.235797 0.237898 0.290269 0.236035 0.0633007  0.163586 0.0823348  0.264869  0.323176  0.102733
-7653.05 0.221789 0.243257  0.29778 0.237173 0.0633007  0.163586 0.0823348  0.264869  0.323176  0.102733
-7650.01 0.221789 0.243257  0.29778 0.237173 0.0633007  0.163586 0.0823348  0.264869  0.323176  0.102733
-7650.86 0.221789 0.243257  0.29778 0.237173 0.0633007  0.163586 0.0823348  0.264869  0.323176  0.102733
-7651.48 0.221789 0.243257  0.29778 0.237173 0.0633007  0.163586 0.0823348  0.264869  0.323176  0.102733
-7649.27 0.223355 0.241392 0.294418 0.240835 0.0633007  0.163586 0.0823348  0.264869  0.323176  0.102733
-7648.91 0.223355 0.241392 0.294418 0.240835 0.0646273  0.156618 0.0779919  0.262259  0.345379 0.0931247
-7646.01 0.218247 0.247043 0.293051 0.241659 0.0646273  0.156618 0.0779919  0.262259  0.345379 0.0931247
-7644.27 0.215819 0.254798 0.291947 0.237437 0.0673773  0.155017 0.0851964  0.256076  0.347461 0.0888726
-7646.03 0.216488   0.2459 0.289489 0.248123 0.0673773  0.155017 0.0851964  0.256076  0.347461 0.0888726
-7642.33 0.216488   0.2459 0.289489 0.248123 0.0682088  0.159481 0.0733396   0.25811  0.347739  0.093122
-7640.76 0.223618 0.242434 0.297584 0.236363 0.0764603  0.166614 0.0717296  0.255086  0.342247 0.0878623
-7640.12 0.223618 0.242434 0.297584 0.236363 0.0764603  0.166614 0.0717296  0.255086  0.342247 0.0878623
-7639.79 0.223618 0.242434 0.297584 0.236363 0.0764603  0.166614 0.0717296  0.255086  0.342247 0.0878623
-7637.64 0.223618 0.242434 0.297584 0.236363 0.0770802  0.159478 0.0696773  0.258727  0.345092 0.0899458
-7637.92 0.223618 0.242434 0.297584 0.236363 0.0770802  0.159478 0.0696773  0.258727  0.345092 0.0899458
-7637.45 0.223618 0.242434 0.297584 0.236363 0.0770802  0.159478 0.0696773  0.258727  0.345092 0.0899458
-7636.32 0.212396 0.239375 0.300321 0.247908 0.0770802  0.159478 0.0696773  0.258727  0.345092 0.0899458
-7638.26 0.207867 0.246697 0.302156 0.243281 0.0812358  0.159433 0.0698001  0.245124  0.334781  0.109626
-7641.45 0.207867 0.246697 0.302156 0.243281 0.0765785  0.153652 0.0767826   0.26072  0.324715  0.107552
-7640.56 0.207867 0.246697 0.302156 0.243281 0.0765785  0.153652 0.0767826   0.26072  0.324715  0.107552
-7640.95 0.207867 0.246697 0.302156 0.243281 0.0774949  0.150321 0.0804595  0.268449   0.33014 0.0931357
-7641.58 0.207867 0.246697 0.302156 0.243281 0.0774949  0.150321 0.0804595  0.268449   0.33014 0.0931357
-7640.21 0.215683 0.251578  0.29811 0.234628 0.0774949  0.150321 0.0804595  0.268449   0.33014 0.0931357
-7640.99 0.215683 0.251578  0.29811 0.234628  0.068183  0.148956 0.0774382  0.280031  0.335042 0.0903493
-7643.99 0.215683 0.251578  0.29811 0.234628 0.0689819  0.151302 0.0827121  0.290484  0.319205 0.0873144
-7646.43 0.225261 0.251916 0.296751 0.226072 0.0689819  0.151302 0.0827121  0.290484  0.319205 0.0873144
-7644.25 0.225261 0.251916 0.296751 0.226072 0.0689659  0.152742 0.0823752   0.29201  0.312271 0.0916356
-7644.52  0.22046 0.255722 0.297858  0.22596 0.0692446  0.146566 0.0744588  0.293843  0.323729 0.0921584
-7644.46  0.22046 0.255722 0.297858  0.22596 0.0676631  0.145242 0.0658588  0.293751  0.336189 0.0912969
-7643.22 0.214934 0.251155 0.301421 0.232491 0.0676631  0.145242 0.0658588  0.293751  0.336189 0.0912969
-7643.39 0.214934 0.251155 0.301421 0.232491 0.0676631  0.145242 0.0658588  0.293751  0.336189 0.0912969
-7642.82 0.214934 0.251155 0.301421 0.232491 0.0676631  0.145242 0.0658588  0.293751  0.336189 0.0912969
-7641.84 0.214934 0.251155 0.301421 0.232491 0.0676631  0.145242 0.0658588  0.293751  0.336189 0.0912969
-7641.18 0.214934 0.251155 0.301421 0.232491 0.0676631  0.145242 0.0658588  0.293751  0.336189 0.0912969
-7643.87 0.214934 0.251155 0.301421 0.232491 0.0676631  0.145242 0.0658588  0.293751  0.336189 0.0912969
-7643.4 0.214934 0.251155 0.301421 0.232491 0.0671106  0.156973 0.0555554   0.27893  0.344492 0.0969387
-7645.55 0.214176 0.263154 0.301092 0.221578 0.0671106  0.156973 0.0555554   0.27893  0.344492 0.0969387
-7644.26 0.214176 0.263154 0.301092 0.221578 0.0671106  0.156973 0.0555554   0.27893  0.344492 0.0969387
-7645.14 0.211683 0.260296 0.305278 0.222743 0.0671106  0.156973 0.0555554   0.27893  0.344492 0.0969387
-7645.09 0.211683 0.260296 0.305278 0.222743 0.0671106  0.156973 0.0555554   0.27893  0.344492 0.0969387
-7647.53 0.220438 0.243948 0.315882 0.219731 0.0736625  0.158325 0.0536095  0.280289  0.335897 0.0982165
-7644.88 0.224216 0.250724 0.307515 0.217544 0.0736625  0.158325 0.0536095  0.280289  0.335897 0.0982165
-7644.13 0.212594  0.23255 0.302617 0.252239 0.0771562  0.156082 0.0535626  0.259349  0.346366  0.107484
-7644.53 0.212594  0.23255 0.302617 0.252239 0.0771562  0.156082 0.0535626  0.259349  0.346366  0.107484
-7643.67  0.20673 0.236289 0.305541  0.25144 0.0761673  0.148334 0.0597727   0.25975  0.350412  0.105564
-7643.05 0.203136 0.246513  0.30112 0.249231 0.0761673  0.148334 0.0597727   0.25975  0.350412  0.105564
-7646.15 0.203136 0.246513  0.30112 0.249231 0.0751192  0.155858 0.0562681   0.26127  0.355499 0.0959861
-7645.96 0.207082 0.259617 0.287504 0.245796 0.0751192  0.155858 0.0562681   0.26127  0.355499 0.0959861
-7644.97 0.207082 0.259617 0.287504 0.245796 0.0751192  0.155858 0.0562681   0.26127  0.355499 0.0959861
-7643.4 0.207082 0.259617 0.287504 0.245796 0.0751192  0.155858 0.0562681   0.26127  0.355499 0.0959861
-7643.71 0.207082 0.259617 0.287504 0.245796 0.0733196  0.141211 0.0612921   0.26717  0.357699 0.0993082
-7642.21 0.207082 0.259617 0.287504 0.245796 0.0750075  0.140576 0.0606941  0.260386  0.361465  0.101871
-7640.78 0.207082 0.259617 0.287504 0.245796 0.0750075  0.140576 0.0606941  0.260386  0.361465  0.101871
-7642.64 0.203398 0.257609 0.291223  0.24777 0.0668094  0.149656 0.0583654  0.264714  0.364638 0.0958174
-7644.51 0.203398 0.257609 0.291223  0.24777 0.0668094  0.149656 0.0583654  0.264714  0.364638 0.0958174
-7644.56 0.202834 0.257659 0.290535 0.248972 0.0668094  0.149656 0.0583654  0.264714  0.364638 0.0958174
-7645.65 0.202834 0.257659 0.290535 0.248972 0.0713975   0.15498   0.06005  0.274032  0.348924 0.0906155
-7645.67 0.202834 0.257659 0.290535 0.248972 0.0675933  0.148568 0.0624617  0.272904   0.35979 0.0886835
-7645.46 0.202834 0.257659 0.290535 0.248972 0.0714048  0.155266 0.0665366  0.264431   0.34875  0.093612
-7648.36 0.194341 0.264834 0.296137 0.244688 0.0718236   0.16257 0.0707243  0.253876  0.353246 0.0877598
-7650.05 0.193626 0.263207 0.297657  0.24551 0.0718236   0.16257 0.0707243  0.253876  0.353246 0.0877598
-7650.07 0.191923 0.263004 0.298972 0.246102 0.0711624  0.169929 0.0675125  0.249629  0.355439 0.0863285
-7644.86 0.203699 0.252464 0.297895 0.245943 0.0764137  0.162935 0.0678187   0.24817   0.35021 0.0944522
-7643.71 0.220453 0.247313 0.301069 0.231165 0.0796454  0.145748  0.073893  0.249936  0.358436 0.0923415
-7642.9 0.220453 0.247313 0.301069 0.231165 0.0707463  0.150303 0.0707463  0.248669  0.366408 0.0931278
-7644.43 0.220453 0.247313 0.301069 0.231165 0.0707463  0.150303 0.0707463  0.248669  0.366408 0.0931278
-7644.02 0.233595 0.242705 0.291533 0.232167 0.0707463  0.150303 0.0707463  0.248669  0.366408 0.0931278
-7641.71 0.227344 0.248048  0.28859 0.236019 0.0758519  0.160358  0.074507  0.238325  0.360598   0.09036
-7642.43 0.231499 0.249468 0.286041 0.232992 0.0758519  0.160358  0.074507  0.238325  0.360598   0.09036
-7642.52 0.215278 0.261784 0.281617  0.24132 0.0724536  0.167584 0.0693318  0.244823  0.356071 0.0897371
-7640.06 0.215278 0.261784 0.281617  0.24132 0.0737509  0.163403  0.066789  0.250245  0.351999  0.093814
-7640.09 0.215278 0.261784 0.281617  0.24132 0.0737509  0.163403  0.066789  0.250245  0.351999  0.093814
-7638.98 0.215278 0.261784 0.281617  0.24132 0.0782532   0.14855 0.0602316  0.261359  0.352331 0.0992758
-7641.28 0.228663 0.241291 0.284725 0.245321 0.0782532   0.14855 0.0602316  0.261359  0.352331 0.0992758
-7639.79 0.216754 0.246106 0.287195 0.249945 0.0782532   0.14855 0.0602316  0.261359  0.352331 0.0992758
-7638.12 0.216754 0.246106 0.287195 0.249945 0.0787165  0.142767  0.065996  0.263516  0.347779  0.101225
-7640.14 0.216754 0.246106 0.287195 0.249945 0.0787165  0.142767  0.065996  0.263516  0.347779  0.101225
