-126671 0.253289  0.27231   0.1836 0.290801  0.156229  0.226325  0.116651 0.0488468  0.409307 0.0426415
-126616 0.256319 0.267221 0.185748 0.290711   0.15401  0.218199  0.123957 0.0493628  0.412927 0.0415437
-126497 0.250611 0.267441 0.191402 0.290546  0.157386   0.21597  0.127585 0.0510289   0.40957 0.0384605
-126402 0.249143 0.265079 0.193505 0.292273  0.159905  0.227673   0.12825 0.0481468   0.39981 0.0362142
-126201 0.241219 0.268021 0.201376 0.289384  0.170091  0.217502  0.125167 0.0506295   0.40175 0.0348605
-126116 0.244526 0.256099 0.203298 0.296077   0.17228  0.215729  0.122237 0.0512694  0.401253 0.0372324
-126017 0.245425 0.251096  0.19861 0.304868  0.174841  0.223313  0.125042 0.0513195  0.390779 0.0347054
-125966 0.244847 0.254956 0.199432 0.300765  0.172872  0.220699  0.131344  0.049745  0.390881 0.0344592
-125910 0.244508 0.254271 0.197312 0.303909  0.181199  0.215233  0.131139 0.0483029  0.386439 0.0376861
-125817 0.243857 0.253917 0.207471 0.294755  0.185973  0.214394   0.12769 0.0474807  0.390708 0.0337535
-125750 0.244859 0.253005 0.205332 0.296805  0.193491  0.218029  0.129377 0.0470965  0.380909 0.0310973
-125634 0.241349 0.257232 0.208283 0.293137  0.197114  0.212212  0.132865  0.046302  0.383043 0.0284642
