-126665 0.253289  0.27231   0.1836 0.290801  0.156229  0.226325  0.116651 0.0488468  0.409307 0.0426415
-126619 0.256319 0.267221 0.185748 0.290711   0.15401  0.218199  0.123957 0.0493628  0.412927 0.0415437
-126493 0.257088 0.264872 0.189398 0.288641  0.157386   0.21597  0.127585 0.0510289   0.40957 0.0384605
-126395 0.249757 0.265638 0.192413 0.292192  0.159905  0.227673   0.12825 0.0481468   0.39981 0.0362142
-126219 0.241219 0.268021 0.201376 0.289384  0.167645  0.221592   0.12589   0.05048  0.400116 0.0342771
-126122  0.24377 0.256724  0.20105 0.298455   0.17228  0.215729  0.122237 0.0512694  0.401253 0.0372324
-126033 0.241134 0.255634 0.195927 0.307304  0.174841  0.223313  0.125042 0.0513195  0.390779 0.0347054
-125988 0.241065 0.253345 0.202773 0.302817  0.172872  0.220699  0.131344  0.049745  0.390881 0.0344592
-125939 0.244847 0.254956 0.199432 0.300765  0.181199  0.215233  0.131139 0.0483029  0.386439 0.0376861
-125801 0.241126 0.250856 0.205921 0.302097  0.183808  0.215877   0.12897 0.0495258  0.385878 0.0359415
-125778 0.243857 0.253917 0.207471 0.294755  0.185973  0.214394   0.12769 0.0474807  0.390708 0.0337535
-125619 0.244225 0.256718 0.204606 0.294451   0.19435  0.216432  0.131929 0.0462681  0.382273 0.0287479
