-126667 0.256319 0.267221 0.185748 0.290711  0.152563    0.2192  0.121464 0.0499798  0.414523 0.0422701
-126603 0.253676 0.270107 0.186211 0.290007    0.1587  0.216814  0.122954 0.0488717  0.411923 0.0407383
-126469 0.249642 0.268465 0.192172 0.289721  0.157123  0.221689  0.128728 0.0505456  0.405049 0.0368653
-126358 0.244029 0.267594  0.19909 0.289288  0.163146  0.223599  0.131176 0.0501532  0.397212 0.0347134
-126170 0.246471 0.261266 0.202365 0.289897  0.170091  0.217502  0.125167 0.0506295   0.40175 0.0348605
-126071 0.245077 0.253315 0.200319  0.30129   0.17228  0.215729  0.122237 0.0512694  0.401253 0.0372324
-125969 0.243614 0.258523 0.199024 0.298839  0.176094   0.22836  0.125798 0.0507681  0.385866  0.033114
-125924 0.244847 0.254956 0.199432 0.300765  0.172872  0.220699  0.131344  0.049745  0.390881 0.0344592
-125810  0.24368 0.256927  0.19984 0.299552  0.181199  0.215233  0.131139 0.0483029  0.386439 0.0376861
-125740 0.243857 0.253917 0.207471 0.294755  0.185973  0.214394   0.12769 0.0474807  0.390708 0.0337535
-125662 0.244225 0.256718 0.204606 0.294451   0.19435  0.216432  0.131929 0.0462681  0.382273 0.0287479
