1,4,0.17570496,2,4,0.13623928,3,4,0.27081909,-4296.1791,11.655267,-3.6188726,-4280.905
1,4,0.13418146,2,4,0.14327328,3,4,0.29397333,-4294.8418,11.428561,-1.9726821,-4281.4406
1,4,0.15723148,2,4,0.14447085,3,4,0.2614774,-4293.7625,11.263595,-0.79054346,-4281.7083
1,4,0.13079545,2,4,0.14765475,3,4,0.28995268,-4294.7053,11.368058,-1.7965101,-4281.5408
1,4,0.14549998,2,4,0.14298158,3,4,0.24054599,-4293.8021,10.580551,-0.73993797,-4282.4816
1,4,0.14526682,2,4,0.15668079,3,4,0.26745831,-4293.862,11.388118,-0.89383493,-4281.58
1,4,0.14177656,2,4,0.1535701,3,4,0.25445245,-4293.4894,10.995982,-0.4866557,-4282.0068
1,4,0.14967304,2,4,0.15207764,3,4,0.25152766,-4293.7108,11.065567,-0.7172479,-4281.928
1,4,0.12301858,2,4,0.17072426,3,4,0.24630599,-4296.3411,10.800977,-3.3810095,-4282.1591
1,4,0.15561174,2,4,0.13037784,3,4,0.28072636,-4294.389,11.334319,-1.4475814,-4281.6071
1,4,0.15288028,2,4,0.16452253,3,4,0.21744701,-4298.2858,10.696996,-5.1130194,-4282.4758
1,4,0.13712687,2,4,0.14650633,3,4,0.2902461,-4294.4734,11.477586,-1.570926,-4281.4249
1,4,0.14032608,2,4,0.13266591,3,4,0.26409914,-4293.3214,10.741823,-0.28909466,-4282.2905
1,4,0.15183387,2,4,0.18123519,3,4,0.24172786,-4298.226,11.495938,-5.9975039,-4280.7326
1,4,0.13247529,2,4,0.12931865,3,4,0.25081619,-4294.2578,10.252203,-1.1700903,-4282.8355
1,4,0.14459724,2,4,0.13955027,3,4,0.23847929,-4293.9814,10.452536,-0.89972342,-4282.6292
1,4,0.13448918,2,4,0.14122041,3,4,0.25811903,-4293.2383,10.676572,-0.21016501,-4282.3515
1,4,0.15507692,2,4,0.13403099,3,4,0.23622908,-4294.6965,10.50674,-1.5878365,-4282.602
1,4,0.13394165,2,4,0.14857104,3,4,0.27606789,-4293.6574,11.171612,-0.65873287,-4281.827
1,4,0.12728147,2,4,0.14295263,3,4,0.26236395,-4293.7305,10.651961,-0.6645399,-4282.414
1,4,0.14834296,2,4,0.14496077,3,4,0.26864584,-4293.3134,11.238991,-0.30013306,-4281.7743
1,4,0.12309934,2,4,0.16804322,3,4,0.27251535,-4295.7182,11.273158,-2.8814793,-4281.5636
1,4,0.13818977,2,4,0.12326763,3,4,0.25012043,-4294.6189,10.231557,-1.4753474,-4282.912
1,4,0.12240545,2,4,0.14412274,3,4,0.2509024,-4294.5583,10.348612,-1.4047565,-4282.805
1,4,0.12880416,2,4,0.14584867,3,4,0.26429287,-4293.5907,10.778914,-0.54311576,-4282.2686
1,4,0.13198093,2,4,0.15552766,3,4,0.25141087,-4293.9126,10.778389,-0.88818307,-4282.246
1,4,0.16049533,2,4,0.15119385,3,4,0.27040177,-4294.6812,11.641819,-1.7862542,-4281.2531
1,4,0.1335831,2,4,0.14421248,3,4,0.2789523,-4293.7285,11.134958,-0.73011642,-4281.8634
1,4,0.13266197,2,4,0.14951347,3,4,0.26966027,-4293.5087,11.036714,-0.49347841,-4281.9785
1,4,0.1593166,2,4,0.13452265,3,4,0.25281444,-4293.9936,10.933074,-1.0087555,-4282.0517
1,4,0.13567756,2,4,0.14217723,3,4,0.26158831,-4293.1504,10.788862,-0.12584861,-4282.2357
1,4,0.14223527,2,4,0.15181518,3,4,0.24351294,-4293.832,10.751268,-0.79680677,-4282.2839
1,4,0.17094495,2,4,0.14094201,3,4,0.262975,-4295.3139,11.497239,-2.5821006,-4281.2346
1,4,0.16220236,2,4,0.14918336,3,4,0.27332911,-4294.8592,11.694297,-1.9868005,-4281.1781
1,4,0.15931737,2,4,0.12233662,3,4,0.28840246,-4295.7887,11.401129,-2.9283091,-4281.4592
1,4,0.15399017,2,4,0.11643891,3,4,0.30015546,-4297.321,11.411691,-4.5053014,-4281.404
1,4,0.14154995,2,4,0.13648308,3,4,0.2254785,-4295.6048,10.070231,-2.3267052,-4283.2078
1,4,0.15547685,2,4,0.15603591,3,4,0.2827504,-4295.2933,11.885263,-2.4318939,-4280.9761
1,4,0.15683843,2,4,0.12994655,3,4,0.24144656,-4294.5989,10.564631,-1.5149636,-4282.5193
1,4,0.13398791,2,4,0.14498499,3,4,0.25320071,-4293.3591,10.643472,-0.32597466,-4282.3897
1,4,0.1573794,2,4,0.1601923,3,4,0.26274106,-4295.012,11.606255,-2.172603,-4281.2332
1,4,0.15784873,2,4,0.14018195,3,4,0.25873998,-4293.7195,11.135413,-0.74404299,-4281.84
1,4,0.12915402,2,4,0.15492547,3,4,0.23747193,-4294.9514,10.431028,-1.812071,-4282.7083
1,4,0.13569111,2,4,0.13847013,3,4,0.25053535,-4293.4455,10.493932,-0.41147462,-4282.5401
1,4,0.16036592,2,4,0.1262234,3,4,0.25538194,-4294.4826,10.839425,-1.4621259,-4282.1811
1,4,0.14342452,2,4,0.15855157,3,4,0.28189497,-4294.6676,11.677421,-1.7719726,-4281.2182
1,4,0.14419507,2,4,0.14473232,3,4,0.26134134,-4293.0709,11.005374,-0.050719308,-4282.0149
1,4,0.14136475,2,4,0.13337157,3,4,0.28784061,-4294.3252,11.251539,-1.3785017,-4281.6952
1,4,0.14433838,2,4,0.11781374,3,4,0.26793815,-4294.9586,10.601805,-1.7523928,-4282.6044
1,4,0.17226585,2,4,0.13254179,3,4,0.23714938,-4296.4334,10.839141,-3.5444562,-4282.0498
1,4,0.16057675,2,4,0.15384787,3,4,0.25021307,-4294.7835,11.292754,-1.9055536,-4281.5852
1,4,0.14970988,2,4,0.12923268,3,4,0.28512558,-4294.4512,11.281363,-1.4993397,-4281.6705
1,4,0.14180419,2,4,0.15962672,3,4,0.26708583,-4294.0272,11.370335,-1.0852973,-4281.5716
1,4,0.12505947,2,4,0.14695607,3,4,0.25010247,-4294.2401,10.44236,-1.1294281,-4282.6683
1,4,0.12888892,2,4,0.1521972,3,4,0.28015732,-4294.2843,11.224869,-1.310477,-4281.749
1,4,0.13948601,2,4,0.16148516,3,4,0.2465599,-4294.4197,10.950621,-1.4610888,-4282.008
1,4,0.14982692,2,4,0.12426254,3,4,0.24954324,-4294.3292,10.472654,-1.2133767,-4282.6431
1,4,0.13710971,2,4,0.14183827,3,4,0.27949393,-4293.6235,11.168838,-0.62890407,-4281.8258
1,4,0.13973508,2,4,0.13331869,3,4,0.25317395,-4293.4293,10.524554,-0.39438274,-4282.5104
1,4,0.15183643,2,4,0.10559991,3,4,0.27105247,-4297.6092,10.569776,-3.9784392,-4283.061
1,4,0.13217608,2,4,0.15074323,3,4,0.28197301,-4294.1449,11.297846,-1.1834132,-4281.6637
1,4,0.12852977,2,4,0.14064977,3,4,0.2538998,-4293.7859,10.461587,-0.72055374,-4282.6038
1,4,0.13613828,2,4,0.15250645,3,4,0.27041019,-4293.5502,11.181099,-0.55268291,-4281.8164
1,4,0.12049567,2,4,0.14164706,3,4,0.25382148,-4294.7899,10.319284,-1.6009118,-4282.8697
1,4,0.13632049,2,4,0.14219075,3,4,0.27361821,-4293.3633,11.042589,-0.34928125,-4281.9714
1,4,0.13991767,2,4,0.11572022,3,4,0.26680293,-4295.4848,10.448816,-2.1891746,-4282.8468
1,4,0.15330777,2,4,0.14650511,3,4,0.26114608,-4293.5266,11.219179,-0.530652,-4281.7767
1,4,0.13939169,2,4,0.13855554,3,4,0.25873664,-4293.1007,10.733677,-0.078619643,-4282.2884
1,4,0.11609737,2,4,0.1396473,3,4,0.26319786,-4295.4821,10.378851,-2.1799309,-4282.9234
1,4,0.16812262,2,4,0.12817404,3,4,0.26849727,-4295.1752,11.295879,-2.3444757,-4281.5349
1,4,0.15734592,2,4,0.15299124,3,4,0.25746751,-4294.2603,11.356094,-1.3314075,-4281.5728
1,4,0.13545525,2,4,0.13807369,3,4,0.26774015,-4293.291,10.825382,-0.26435883,-4282.2012
1,4,0.17533708,2,4,0.12960232,3,4,0.27647339,-4296.4396,11.628256,-3.8863737,-4280.925
1,4,0.14683951,2,4,0.13949617,3,4,0.28187599,-4293.8043,11.364233,-0.82970805,-4281.6104
1,4,0.1431694,2,4,0.14745706,3,4,0.242196,-4293.7386,10.656449,-0.6883952,-4282.3938
1,4,0.13906178,2,4,0.14009417,3,4,0.26785125,-4293.1321,10.940144,-0.11178064,-4282.0802
1,4,0.1535209,2,4,0.15091473,3,4,0.24679846,-4294.0477,11.024682,-1.061851,-4281.9612
1,4,0.12148354,2,4,0.13759436,3,4,0.25835585,-4294.6956,10.348675,-1.5228093,-4282.8241
1,4,0.13196858,2,4,0.15120245,3,4,0.2605588,-4293.5035,10.874597,-0.4792462,-4282.1497
1,4,0.13509542,2,4,0.14843662,3,4,0.27706735,-4293.6616,11.211988,-0.66759116,-4281.7821
1,4,0.13601859,2,4,0.14589789,3,4,0.2377131,-4294.1918,10.392592,-1.0936181,-4282.7056
1,4,0.13652731,2,4,0.15125159,3,4,0.30587741,-4296.3881,11.873126,-3.7984255,-4280.7166
1,4,0.15096007,2,4,0.12871511,3,4,0.28407946,-4294.4562,11.275093,-1.5008796,-4281.6802
1,4,0.13426373,2,4,0.13155766,3,4,0.26130917,-4293.6653,10.542611,-0.61241886,-4282.5102
1,4,0.14335473,2,4,0.1317753,3,4,0.26026926,-4293.3314,10.707986,-0.29696555,-4282.3264
1,4,0.13864484,2,4,0.15412442,3,4,0.30087682,-4295.9617,11.872922,-3.2791037,-4280.8097
1,4,0.13361151,2,4,0.13708328,3,4,0.24941532,-4293.6699,10.402202,-0.62471281,-4282.643
1,4,0.1488891,2,4,0.14212968,3,4,0.25395805,-4293.2361,10.899537,-0.21728721,-4282.1192
1,4,0.1583576,2,4,0.1666185,3,4,0.25608518,-4295.9283,11.621225,-3.2500849,-4281.057
1,4,0.14649758,2,4,0.13695051,3,4,0.27028558,-4293.2626,11.074673,-0.24723907,-4281.9407
1,4,0.14150149,2,4,0.15496001,3,4,0.25947268,-4293.5284,11.118683,-0.53622081,-4281.8735
1,4,0.1408409,2,4,0.14597907,3,4,0.28285289,-4293.8555,11.393457,-0.88600783,-4281.576
1,4,0.1365191,2,4,0.14848373,3,4,0.25367411,-4293.3104,10.773539,-0.28567525,-4282.2512
1,4,0.15213249,2,4,0.13816276,3,4,0.25431424,-4293.3828,10.89219,-0.36824045,-4282.1224
1,4,0.11227452,2,4,0.16862007,3,4,0.25087977,-4297.4483,10.635487,-4.1897717,-4282.623
1,4,0.15437871,2,4,0.1427291,3,4,0.25964088,-4293.4807,11.134974,-0.48413265,-4281.8616
1,4,0.1405078,2,4,0.15119712,3,4,0.26785263,-4293.3696,11.191151,-0.3632588,-4281.8152
1,4,0.14891708,2,4,0.1589288,3,4,0.23992364,-4294.8023,10.955391,-1.8305709,-4282.0163
1,4,0.14425614,2,4,0.15071782,3,4,0.2577545,-4293.3102,11.054569,-0.30004906,-4281.9556
1,4,0.14607973,2,4,0.16257965,3,4,0.27190742,-4294.6703,11.611336,-1.7920966,-4281.2669
1,4,0.14961405,2,4,0.14064083,3,4,0.24357396,-4293.7007,10.676577,-0.6567466,-4282.3673
1,4,0.14126583,2,4,0.14292083,3,4,0.25826142,-4293.0403,10.848962,-0.019262984,-4282.1721
1,4,0.1338779,2,4,0.14561337,3,4,0.24464478,-4293.7666,10.482721,-0.70773885,-4282.5761
1,4,0.13797277,2,4,0.15332389,3,4,0.26578429,-4293.4596,11.141619,-0.45988034,-4281.8581
1,4,0.12148837,2,4,0.1544855,3,4,0.25543035,-4294.696,10.628084,-1.5672903,-4282.5006
1,4,0.12937389,2,4,0.13234175,3,4,0.25324734,-4294.1766,10.299259,-1.0912726,-4282.7861
1,4,0.16471867,2,4,0.13328741,3,4,0.25349665,-4294.5479,11.030055,-1.6247251,-4281.8931
1,4,0.15682688,2,4,0.11388934,3,4,0.2732653,-4295.9516,10.87963,-2.7560046,-4282.316
1,4,0.11141907,2,4,0.13803252,3,4,0.26995481,-4296.6498,10.388128,-3.1587495,-4283.1029
1,4,0.14429573,2,4,0.14182983,3,4,0.29225259,-4294.5864,11.567563,-1.7035802,-4281.3153
1,4,0.12668591,2,4,0.15894647,3,4,0.26150481,-4294.3328,10.942744,-1.3252177,-4282.0649
1,4,0.14823931,2,4,0.12289194,3,4,0.23236839,-4295.8863,10.069993,-2.5831331,-4283.2332
1,4,0.1325902,2,4,0.154393,3,4,0.23868654,-4294.5731,10.513395,-1.4754548,-4282.5843
1,4,0.15155449,2,4,0.13317921,3,4,0.24892575,-4293.6844,10.673189,-0.64496694,-4282.3663
1,4,0.13783297,2,4,0.12859716,3,4,0.26226768,-4293.719,10.573956,-0.65759397,-4282.4874
1,4,0.1484673,2,4,0.15110595,3,4,0.26022584,-4293.4752,11.195982,-0.47453926,-4281.8047
1,4,0.16385651,2,4,0.15176327,3,4,0.25804427,-4294.8908,11.473281,-2.0518355,-4281.3657
1,4,0.14164477,2,4,0.14008858,3,4,0.27650042,-4293.4115,11.164675,-0.40691455,-4281.8399
1,4,0.15363465,2,4,0.14922223,3,4,0.25065256,-4293.8122,11.070189,-0.82437674,-4281.9176
1,4,0.13259501,2,4,0.14474235,3,4,0.27628405,-4293.6469,11.072428,-0.63692942,-4281.9376
1,4,0.15312339,2,4,0.14091158,3,4,0.26140123,-4293.3723,11.108724,-0.36818046,-4281.8954
1,4,0.13554047,2,4,0.13434948,3,4,0.27474654,-4293.6519,10.89273,-0.62486625,-4282.1343
1,4,0.13944945,2,4,0.13085626,3,4,0.26984928,-4293.558,10.8031,-0.51915214,-4282.2358
1,4,0.15033434,2,4,0.15135607,3,4,0.25612789,-4293.6095,11.156366,-0.61680166,-4281.8363
1,4,0.14433782,2,4,0.14739247,3,4,0.26737375,-4293.2314,11.182081,-0.21539267,-4281.8339
1,4,0.1477999,2,4,0.13375104,3,4,0.25524075,-4293.3283,10.735834,-0.29911517,-4282.2933
1,4,0.1688291,2,4,0.14407597,3,4,0.26594349,-4295.1755,11.576971,-2.4049999,-4281.1935
1,4,0.13823113,2,4,0.13136888,3,4,0.2543732,-4293.5805,10.479464,-0.53606369,-4282.5649
1,4,0.13567066,2,4,0.13919627,3,4,0.23737986,-4294.3052,10.244936,-1.2022606,-4282.858
1,4,0.16976047,2,4,0.13843528,3,4,0.25943646,-4295.0673,11.352644,-2.2849419,-4281.4297
1,4,0.14250999,2,4,0.12576993,3,4,0.2319774,-4295.6195,10.005146,-2.3672667,-4283.2471
1,4,0.16369774,2,4,0.12687043,3,4,0.22093744,-4297.8281,10.230112,-4.3776808,-4283.2203
1,4,0.15173984,2,4,0.14167052,3,4,0.28217529,-4294.0718,11.511713,-1.1155235,-4281.4446
1,4,0.1356108,2,4,0.15252771,3,4,0.22178635,-4296.3799,10.198497,-3.0139765,-4283.1675
1,4,0.15024549,2,4,0.13645894,3,4,0.26365568,-4293.2643,11.007202,-0.24906354,-4282.008
1,4,0.14258533,2,4,0.100891,3,4,0.23883401,-4300.6451,9.6462068,-6.2588867,-4284.74
1,4,0.11026643,2,4,0.12892654,3,4,0.24661499,-4298.5133,9.7161592,-4.7554539,-4284.0416
1,4,0.16228469,2,4,0.14936176,3,4,0.26359741,-4294.5654,11.504877,-1.6795898,-4281.381
1,4,0.14028855,2,4,0.13709095,3,4,0.25985042,-4293.1148,10.744598,-0.0920216,-4282.2782
1,4,0.13445975,2,4,0.17001085,3,4,0.26723209,-4295.2502,11.434054,-2.4957167,-4281.3204
1,4,0.14377083,2,4,0.1394132,3,4,0.24813104,-4293.3423,10.626302,-0.309649,-4282.4064
1,4,0.12420319,2,4,0.13667679,3,4,0.28615677,-4295.1452,10.940735,-2.0872856,-4282.1172
1,4,0.12886542,2,4,0.13631305,3,4,0.26252783,-4293.7906,10.554126,-0.7242524,-4282.5122
1,4,0.13625914,2,4,0.16701849,3,4,0.26123575,-4294.7498,11.290268,-1.9094529,-4281.5501
1,4,0.11491848,2,4,0.13863449,3,4,0.28503413,-4296.4587,10.771742,-3.1897778,-4282.4972
1,4,0.12190948,2,4,0.1540215,3,4,0.25993453,-4294.5377,10.71731,-1.4305387,-4282.3899
1,4,0.11523009,2,4,0.13571551,3,4,0.25127055,-4296.231,10.044323,-2.8399894,-4283.3466
1,4,0.1414611,2,4,0.13196702,3,4,0.27827765,-4293.7666,11.034115,-0.75570381,-4281.9768
1,4,0.12714676,2,4,0.1512626,3,4,0.2531471,-4293.9939,10.631129,-0.9240184,-4282.4387
1,4,0.14208074,2,4,0.14376691,3,4,0.25709238,-4293.0596,10.858801,-0.038440366,-4282.1623
1,4,0.17651824,2,4,0.13422498,3,4,0.26682176,-4296.1895,11.5513,-3.6314911,-4281.0067
1,4,0.165539,2,4,0.12543023,3,4,0.26918981,-4295.0695,11.203181,-2.1709241,-4281.6954
1,4,0.15578819,2,4,0.13052939,3,4,0.25562669,-4293.8359,10.838886,-0.81557304,-4282.1815
1,4,0.11563462,2,4,0.14725916,3,4,0.27389015,-4295.5182,10.735679,-2.2836708,-4282.4989
1,4,0.10956202,2,4,0.14775767,3,4,0.28801699,-4297.4988,10.906734,-4.1680044,-4282.4241
1,4,0.15948319,2,4,0.11943613,3,4,0.25794251,-4295.1145,10.737237,-1.9964963,-4282.3807
1,4,0.11442096,2,4,0.15684269,3,4,0.22088277,-4299.4197,9.8429284,-5.5202765,-4284.0565
1,4,0.14973418,2,4,0.13269491,3,4,0.266287,-4293.4077,10.974322,-0.38787028,-4282.0455
1,4,0.12448824,2,4,0.14346329,3,4,0.28912914,-4295.1224,11.141613,-2.1399033,-4281.8409
1,4,0.13621312,2,4,0.1535553,3,4,0.24748649,-4293.7803,10.745098,-0.75221343,-4282.283
1,4,0.13404038,2,4,0.1582497,3,4,0.26724113,-4293.9273,11.190624,-0.96225433,-4281.7745
1,4,0.15155352,2,4,0.14627699,3,4,0.29022302,-4294.8616,11.76107,-1.9823874,-4281.1181
1,4,0.13925704,2,4,0.15407637,3,4,0.24722941,-4293.767,10.811256,-0.74846138,-4282.2073
1,4,0.14636688,2,4,0.14794606,3,4,0.25466057,-4293.2774,10.97947,-0.26189712,-4282.0361
1,4,0.13619709,2,4,0.13443683,3,4,0.28304415,-4294.0576,11.073561,-1.0644091,-4281.9196
1,4,0.15104179,2,4,0.11903236,3,4,0.27587006,-4295.0081,10.918884,-1.8975974,-4282.1916
1,4,0.14741924,2,4,0.14328014,3,4,0.29791587,-4295.2994,11.772305,-2.512435,-4281.0147
1,4,0.1354399,2,4,0.14463741,3,4,0.26991326,-4293.282,10.999811,-0.26296902,-4282.0192
1,4,0.14472016,2,4,0.13623346,3,4,0.26215461,-4293.1184,10.862164,-0.095927688,-4282.1603
1,4,0.13621574,2,4,0.12582344,3,4,0.27939363,-4294.537,10.828656,-1.4630279,-4282.2453
1,4,0.15763257,2,4,0.10651022,3,4,0.25855522,-4297.5209,10.45396,-3.9108804,-4283.1561
1,4,0.13967953,2,4,0.13361181,3,4,0.28861248,-4294.4006,11.238076,-1.4570089,-4281.7055
1,4,0.14765109,2,4,0.13060847,3,4,0.2681328,-4293.4999,10.927847,-0.47119361,-4282.1009
1,4,0.1330761,2,4,0.15356377,3,4,0.24952406,-4293.8114,10.723279,-0.77815651,-4282.31
1,4,0.15628008,2,4,0.13963107,3,4,0.24850511,-4293.8235,10.888325,-0.8201567,-4282.115
1,4,0.14542304,2,4,0.13149024,3,4,0.29266858,-4294.8461,11.391637,-1.9610331,-4281.4935
1,4,0.10986235,2,4,0.13816328,3,4,0.29296238,-4298.2033,10.81976,-4.7992454,-4282.5843
1,4,0.17691507,2,4,0.15632663,3,4,0.25616137,-4297.3967,11.788061,-5.0522504,-4280.5564
1,4,0.13640206,2,4,0.14854353,3,4,0.26029276,-4293.2186,10.904767,-0.19877912,-4282.1151
1,4,0.15274951,2,4,0.14353967,3,4,0.23115645,-4294.9386,10.548913,-1.8040352,-4282.5857
1,4,0.13699888,2,4,0.12835274,3,4,0.24066738,-4294.6763,10.12038,-1.5527821,-4283.0031
1,4,0.12594069,2,4,0.16286283,3,4,0.29555554,-4296.4908,11.687181,-3.8391966,-4280.9644
1,4,0.12362553,2,4,0.15023333,3,4,0.24792599,-4294.5726,10.435697,-1.433386,-4282.7035
1,4,0.13442878,2,4,0.12851482,3,4,0.25434868,-4294.0536,10.345846,-0.97506379,-4282.7327
1,4,0.13691218,2,4,0.13890448,3,4,0.28114331,-4293.7569,11.1392,-0.76608559,-4281.8516
1,4,0.16286586,2,4,0.1449924,3,4,0.27874731,-4294.9851,11.732111,-2.1321684,-4281.1208
1,4,0.12412774,2,4,0.14659879,3,4,0.28649846,-4294.9578,11.1445,-1.9649802,-4281.8483
1,4,0.13977351,2,4,0.14071956,3,4,0.26509488,-4293.0673,10.911759,-0.04633725,-4282.1092
1,4,0.14546072,2,4,0.14712791,3,4,0.23135867,-4294.7306,10.478946,-1.5861295,-4282.6655
1,4,0.13989291,2,4,0.1539594,3,4,0.24149194,-4294.0935,10.706885,-1.0500836,-4282.3365
1,4,0.13515422,2,4,0.13428079,3,4,0.25808523,-4293.454,10.550405,-0.41719849,-4282.4864
1,4,0.12058577,2,4,0.13736977,3,4,0.25821449,-4294.8557,10.323401,-1.6610922,-4282.8712
1,4,0.11233961,2,4,0.13497137,3,4,0.25996557,-4296.6793,10.145531,-3.1762624,-4283.3576
1,4,0.14258512,2,4,0.12941245,3,4,0.26652753,-4293.5367,10.770502,-0.49235127,-4282.2738
1,4,0.13975343,2,4,0.13719762,3,4,0.25880144,-4293.1306,10.71505,-0.10765346,-4282.3079
1,4,0.15733845,2,4,0.14533524,3,4,0.26877648,-4293.9437,11.429004,-0.98050871,-4281.5342
1,4,0.16033086,2,4,0.15015213,3,4,0.23553249,-4295.3333,10.92031,-2.3565564,-4282.0565
1,4,0.15155569,2,4,0.13948887,3,4,0.25905963,-4293.2788,11.002084,-0.26690642,-4282.0098
1,4,0.11740665,2,4,0.16972643,3,4,0.26642969,-4296.4333,11.071255,-3.502558,-4281.8595
1,4,0.15072302,2,4,0.15058504,3,4,0.27374348,-4293.9005,11.501031,-0.91769167,-4281.4818
1,4,0.14845329,2,4,0.14816885,3,4,0.25436901,-4293.3696,11.019823,-0.35851199,-4281.9913
1,4,0.14916046,2,4,0.15006828,3,4,0.27575545,-4293.8716,11.499684,-0.88687548,-4281.4851
1,4,0.1378463,2,4,0.17382374,3,4,0.26643702,-4295.8082,11.562141,-3.179435,-4281.0667
1,4,0.13108556,2,4,0.16428998,3,4,0.27528097,-4294.8875,11.41313,-2.034532,-4281.4398
1,4,0.13851575,2,4,0.13453491,3,4,0.27661878,-4293.6088,10.993389,-0.59452898,-4282.0209
1,4,0.13010956,2,4,0.15671576,3,4,0.26657468,-4293.9653,11.068,-0.97351152,-4281.9238
1,4,0.12828674,2,4,0.14101476,3,4,0.26247259,-4293.6668,10.635482,-0.60693704,-4282.4244
1,4,0.14567831,2,4,0.13009007,3,4,0.26833022,-4293.5108,10.881972,-0.47651418,-4282.1523
1,4,0.12946432,2,4,0.16797803,3,4,0.24094317,-4295.8106,10.767711,-2.839783,-4282.2031
1,4,0.1321766,2,4,0.1372617,3,4,0.25758512,-4293.5045,10.540468,-0.46312318,-4282.5009
1,4,0.16845679,2,4,0.12775573,3,4,0.2556834,-4295.1992,11.037919,-2.3135249,-4281.8478
1,4,0.15029322,2,4,0.13884815,3,4,0.24383502,-4293.7268,10.659528,-0.68199343,-4282.3853
1,4,0.13147153,2,4,0.12763242,3,4,0.24818822,-4294.6648,10.145843,-1.5441614,-4282.9748
1,4,0.14563134,2,4,0.1435933,3,4,0.26279313,-4293.0859,11.040356,-0.065904051,-4281.9796
1,4,0.17022148,2,4,0.13949552,3,4,0.26484838,-4295.2014,11.491308,-2.448284,-4281.2618
1,4,0.13987711,2,4,0.12594727,3,4,0.247365,-4294.3357,10.263788,-1.2278413,-4282.8441
1,4,0.14726357,2,4,0.14966513,3,4,0.27415256,-4293.6739,11.421625,-0.67789248,-4281.5744
1,4,0.12728964,2,4,0.14953995,3,4,0.25917196,-4293.7977,10.720031,-0.73870748,-4282.339
1,4,0.14170367,2,4,0.16273724,3,4,0.27708636,-4294.7649,11.630545,-1.9017475,-4281.2326
1,4,0.12787957,2,4,0.13504247,3,4,0.25866786,-4293.9995,10.431798,-0.9174146,-4282.6503
1,4,0.14110345,2,4,0.1664804,3,4,0.25462869,-4294.7532,11.244251,-1.9056688,-4281.6033
1,4,0.13903563,2,4,0.13957374,3,4,0.26365893,-4293.0808,10.845366,-0.059137738,-4282.1763
1,4,0.12807499,2,4,0.15403245,3,4,0.24873755,-4294.208,10.6169,-1.1386603,-4282.4525
1,4,0.12721652,2,4,0.13917367,3,4,0.23882935,-4294.89,10.104391,-1.7360592,-4283.0495
1,4,0.11614371,2,4,0.14744385,3,4,0.27439206,-4295.4425,10.759592,-2.2263462,-4282.4566
1,4,0.14792297,2,4,0.14509412,3,4,0.24772897,-4293.4599,10.814921,-0.43353727,-4282.2115
1,4,0.14782616,2,4,0.12110546,3,4,0.25458963,-4294.518,10.470425,-1.364668,-4282.6829
1,4,0.15386343,2,4,0.15664848,3,4,0.2551423,-4294.289,11.313084,-1.3612441,-4281.6146
1,4,0.15958064,2,4,0.12948509,3,4,0.27299323,-4294.3502,11.241179,-1.4030464,-4281.7059
1,4,0.14865455,2,4,0.15633559,3,4,0.25651796,-4293.893,11.230162,-0.92826537,-4281.7346
1,4,0.14538894,2,4,0.15172313,3,4,0.27847649,-4293.9507,11.511771,-0.9767317,-4281.4622
1,4,0.13549841,2,4,0.1571915,3,4,0.26449096,-4293.7571,11.143617,-0.77941912,-4281.8341
1,4,0.1669002,2,4,0.12476375,3,4,0.25257511,-4295.322,10.884781,-2.3572364,-4282.08
1,4,0.16474154,2,4,0.12369621,3,4,0.25205506,-4295.2102,10.809856,-2.1937691,-4282.2066
1,4,0.1157326,2,4,0.16178737,3,4,0.27283248,-4296.0279,11.007049,-2.9467784,-4282.0741
1,4,0.15534771,2,4,0.13254823,3,4,0.25022807,-4293.8588,10.76248,-0.83239702,-4282.2639
1,4,0.14744432,2,4,0.13265813,3,4,0.25918447,-4293.3163,10.785739,-0.28694665,-4282.2436
1,4,0.1244072,2,4,0.16069874,3,4,0.26432201,-4294.6849,10.988559,-1.6843857,-4282.012
1,4,0.13531892,2,4,0.11965729,3,4,0.29085863,-4296.2157,10.916697,-3.1016133,-4282.1974
1,4,0.14758229,2,4,0.1324956,3,4,0.27238378,-4293.513,11.049233,-0.49775519,-4281.966
1,4,0.13308638,2,4,0.14635138,3,4,0.25342247,-4293.4169,10.657205,-0.38115001,-4282.3785
1,4,0.13505894,2,4,0.13222612,3,4,0.28053906,-4294.0885,10.956482,-1.0682404,-4282.0638
1,4,0.12923545,2,4,0.14743069,3,4,0.26264263,-4293.5691,10.786175,-0.52530361,-4282.2576
1,4,0.14246737,2,4,0.13197658,3,4,0.22545458,-4295.8712,9.9979705,-2.566474,-4283.3068
1,4,0.1368077,2,4,0.1657304,3,4,0.28954966,-4295.9463,11.841755,-3.2616286,-4280.843
1,4,0.12451056,2,4,0.15773856,3,4,0.27842046,-4294.862,11.213392,-1.9008046,-4281.7478
1,4,0.13304371,2,4,0.12756041,3,4,0.22752211,-4296.5482,9.7625247,-3.2157497,-4283.5699
1,4,0.13673107,2,4,0.16879738,3,4,0.24585236,-4295.3379,11.027616,-2.4871976,-4281.8231
1,4,0.13450063,2,4,0.13601938,3,4,0.25257319,-4293.5347,10.461864,-0.496742,-4282.576
1,4,0.13330214,2,4,0.13518859,3,4,0.26854948,-4293.5469,10.740804,-0.50687671,-4282.2993
1,4,0.14249917,2,4,0.16833586,3,4,0.26566202,-4295.0713,11.529941,-2.2909342,-4281.2504
1,4,0.14302883,2,4,0.13839183,3,4,0.25651696,-4293.0935,10.758753,-0.071395826,-4282.2634
1,4,0.1502873,2,4,0.16025856,3,4,0.2409774,-4294.9403,11.030465,-2.0027001,-4281.9072
1,4,0.15184388,2,4,0.13843839,3,4,0.24775988,-4293.5887,10.760843,-0.56126562,-4282.2666
1,4,0.13379714,2,4,0.13803607,3,4,0.2669653,-4293.3651,10.77597,-0.33346327,-4282.2557
1,4,0.13722913,2,4,0.13065334,3,4,0.24110103,-4294.4043,10.17967,-1.3054533,-4282.9192
1,4,0.14751825,2,4,0.11239712,3,4,0.28092067,-4296.371,10.816721,-3.0856466,-4282.4686
1,4,0.13191805,2,4,0.14317612,3,4,0.26203066,-4293.3458,10.742497,-0.31096119,-4282.2923
1,4,0.13799782,2,4,0.12842861,3,4,0.26501294,-4293.7364,10.628787,-0.67459619,-4282.4331
1,4,0.113469,2,4,0.15322952,3,4,0.25063731,-4296.1824,10.346716,-2.7956103,-4283.0401
1,4,0.13788819,2,4,0.15931255,3,4,0.25316398,-4293.972,11.007294,-1.0020162,-4281.9627
1,4,0.15152675,2,4,0.15604835,3,4,0.28300319,-4294.9653,11.811566,-2.0733912,-4281.0803
1,4,0.16952227,2,4,0.137792,3,4,0.25499946,-4295.0636,11.246275,-2.2615777,-4281.5557
1,4,0.14296301,2,4,0.15299543,3,4,0.25485269,-4293.4594,11.016222,-0.4557258,-4281.9874
1,4,0.14173616,2,4,0.13231291,3,4,0.24945058,-4293.5896,10.469993,-0.54431486,-4282.5753
1,4,0.16450835,2,4,0.14718975,3,4,0.25110931,-4294.7597,11.256148,-1.8932023,-4281.6104
1,4,0.13536421,2,4,0.1715595,3,4,0.25349527,-4295.4578,11.20838,-2.7017446,-4281.5477
1,4,0.15427132,2,4,0.14440725,3,4,0.2532214,-4293.5903,11.038,-0.59308046,-4281.9592
1,4,0.14453761,2,4,0.14167477,3,4,0.24389357,-4293.5579,10.602119,-0.51205434,-4282.4438
1,4,0.12276607,2,4,0.15802134,3,4,0.23875479,-4295.6891,10.390844,-2.4781358,-4282.8201
1,4,0.13944251,2,4,0.14448497,3,4,0.25187652,-4293.2091,10.71608,-0.18342927,-4282.3095
1,4,0.13231665,2,4,0.12881229,3,4,0.29130916,-4295.3188,11.048762,-2.3299152,-4281.9402
1,4,0.13413583,2,4,0.15132036,3,4,0.24412375,-4293.935,10.591599,-0.87806278,-4282.4654
1,4,0.13870526,2,4,0.14313575,3,4,0.25580692,-4293.1109,10.752959,-0.088347829,-4282.2696
1,4,0.13641228,2,4,0.13038326,3,4,0.2708525,-4293.743,10.752961,-0.69360191,-4282.2964
1,4,0.13914638,2,4,0.14179125,3,4,0.21906586,-4296.5335,10.00007,-3.0970978,-4283.4363
1,4,0.12295158,2,4,0.13807153,3,4,0.27518768,-4294.6335,10.724216,-1.5122693,-4282.3971
1,4,0.12312817,2,4,0.13831352,3,4,0.26435013,-4294.3692,10.515836,-1.2368502,-4282.6165
1,4,0.13259318,2,4,0.15262462,3,4,0.24271424,-4294.1686,10.558641,-1.0977149,-4282.5123
1,4,0.14800832,2,4,0.16836192,3,4,0.28693731,-4296.5523,12.066151,-3.9192889,-4280.5669
1,4,0.13534903,2,4,0.13984398,3,4,0.23496646,-4294.5424,10.203189,-1.4131417,-4282.926
1,4,0.15428516,2,4,0.13152272,3,4,0.22338479,-4296.3813,10.183853,-3.024679,-4283.1728
1,4,0.14880404,2,4,0.13986416,3,4,0.26020556,-4293.1507,10.977475,-0.13308694,-4282.0402
1,4,0.13338734,2,4,0.12856119,3,4,0.29049294,-4295.1943,11.04883,-2.2037633,-4281.9417
1,4,0.13812546,2,4,0.13770705,3,4,0.26200491,-4293.1423,10.756748,-0.11870123,-4282.2668
1,4,0.14533965,2,4,0.13679591,3,4,0.25193733,-4293.2612,10.681458,-0.23351381,-4282.3463
1,4,0.13495799,2,4,0.14671281,3,4,0.26307586,-4293.2204,10.894933,-0.19744753,-4282.128
1,4,0.15201265,2,4,0.12183598,3,4,0.2647643,-4294.3877,10.772259,-1.2873068,-4282.3282
1,4,0.17173813,2,4,0.12160562,3,4,0.25121902,-4296.2702,10.891255,-3.3454438,-4282.0335
1,4,0.13436059,2,4,0.142716,3,4,0.25802824,-4293.2322,10.702097,-0.204055,-4282.326
1,4,0.12586893,2,4,0.14118163,3,4,0.2525245,-4294.1045,10.391501,-1.00769,-4282.7053
1,4,0.13963761,2,4,0.12258986,3,4,0.2717903,-4294.4607,10.680356,-1.3388823,-4282.4414
1,4,0.14312828,2,4,0.17735228,3,4,0.24777616,-4296.6752,11.365134,-4.1571883,-4281.1528
1,4,0.14138665,2,4,0.12544774,3,4,0.28390039,-4294.6381,11.014696,-1.6117157,-4282.0117
1,4,0.13518377,2,4,0.13394064,3,4,0.23970914,-4294.3844,10.176671,-1.2880143,-4282.9197
1,4,0.12447662,2,4,0.15429993,3,4,0.27341916,-4294.4381,11.043914,-1.413724,-4281.9805
1,4,0.13589246,2,4,0.15227509,3,4,0.27998951,-4293.9807,11.363141,-1.0178689,-4281.5997
1,4,0.13826393,2,4,0.15285587,3,4,0.25214304,-4293.5115,10.865257,-0.49759628,-4282.1487
1,4,0.14012777,2,4,0.15343335,3,4,0.25031765,-4293.5912,10.877575,-0.57952053,-4282.1341
1,4,0.13840649,2,4,0.12724362,3,4,0.25356528,-4293.9768,10.384308,-0.89838354,-4282.6941
1,4,0.15332671,2,4,0.131352,3,4,0.27056525,-4293.7337,11.104879,-0.73180989,-4281.897
1,4,0.14380702,2,4,0.13677912,3,4,0.22858069,-4295.1299,10.183337,-1.9158304,-4283.0307
1,4,0.14763239,2,4,0.13893619,3,4,0.27664916,-4293.5263,11.264355,-0.52831933,-4281.7336
1,4,0.14687012,2,4,0.14706477,3,4,0.25224232,-4293.3172,10.923544,-0.2991955,-4282.0944
1,4,0.14457778,2,4,0.13926509,3,4,0.3064616,-4296.1782,11.806089,-3.5629555,-4280.8091
1,4,0.13766327,2,4,0.14908993,3,4,0.26891726,-4293.3125,11.113409,-0.30071054,-4281.8983
1,4,0.16538686,2,4,0.13146915,3,4,0.2734222,-4294.8682,11.405564,-2.0184109,-4281.4442
1,4,0.15577256,2,4,0.12108157,3,4,0.25704372,-4294.688,10.677957,-1.5696921,-4282.4404
1,4,0.13413088,2,4,0.14539553,3,4,0.25048809,-4293.4506,10.60029,-0.41296332,-4282.4374
1,4,0.15108214,2,4,0.13631841,3,4,0.24246478,-4293.9047,10.597307,-0.84743751,-4282.4599
1,4,0.14113502,2,4,0.13946052,3,4,0.25744669,-4293.0692,10.760845,-0.047707816,-4282.2606
1,4,0.13853674,2,4,0.14315809,3,4,0.26140897,-4293.0616,10.862076,-0.040142329,-4282.1594
1,4,0.13722374,2,4,0.15757851,3,4,0.22607139,-4295.9839,10.417473,-2.7536953,-4282.8127
1,4,0.11584343,2,4,0.16856232,3,4,0.27366017,-4296.6763,11.161318,-3.7484416,-4281.7665
1,4,0.17192877,2,4,0.14524056,3,4,0.2526713,-4295.6651,11.396813,-2.9705897,-4281.2977
1,4,0.1437848,2,4,0.15297947,3,4,0.25136201,-4293.559,10.962525,-0.55327912,-4282.0432
1,4,0.15729999,2,4,0.12770468,3,4,0.28907735,-4295.2642,11.48164,-2.4150704,-4281.3675
1,4,0.1538988,2,4,0.14946918,3,4,0.25475625,-4293.7495,11.162485,-0.76706429,-4281.82
1,4,0.15371024,2,4,0.11692171,3,4,0.27672874,-4295.4408,10.947214,-2.3144631,-4282.1792
1,4,0.12827943,2,4,0.1482839,3,4,0.24804009,-4294.0217,10.492069,-0.94095879,-4282.5887
1,4,0.14484528,2,4,0.13124701,3,4,0.2687086,-4293.437,10.896018,-0.40697113,-4282.134
1,4,0.13745616,2,4,0.1305488,3,4,0.26788763,-4293.613,10.717852,-0.5661057,-4282.3291
1,4,0.13376019,2,4,0.16262449,3,4,0.23692837,-4295.3194,10.666261,-2.2714127,-4282.3817
1,4,0.1370967,2,4,0.13458375,3,4,0.28253354,-4293.9819,11.08428,-0.98912608,-4281.9085
1,4,0.14472201,2,4,0.16884176,3,4,0.23758312,-4295.9803,11.022938,-3.1396294,-4281.8177
1,4,0.17266606,2,4,0.13994048,3,4,0.26355363,-4295.5594,11.523203,-2.8770834,-4281.1591
1,4,0.14204691,2,4,0.15435239,3,4,0.270983,-4293.6864,11.347646,-0.70170417,-4281.6371
1,4,0.15338144,2,4,0.15424571,3,4,0.26521464,-4294.0814,11.456836,-1.1255428,-4281.499
1,4,0.15249811,2,4,0.14556555,3,4,0.27012723,-4293.6105,11.363818,-0.61409521,-4281.6326
1,4,0.13681838,2,4,0.11839976,3,4,0.23087349,-4297.2136,9.7218326,-3.7584566,-4283.7333
1,4,0.16070257,2,4,0.14174322,3,4,0.25537016,-4294.0417,11.156319,-1.0964136,-4281.789
1,4,0.13736411,2,4,0.12678917,3,4,0.25763779,-4293.9742,10.435821,-0.89192614,-4282.6465
1,4,0.15071518,2,4,0.16743406,3,4,0.30357003,-4298.4508,12.434386,-6.1117577,-4279.9046
1,4,0.13518677,2,4,0.15801431,3,4,0.24521026,-4294.2416,10.768227,-1.2239631,-4282.2494
1,4,0.12966515,2,4,0.15466749,3,4,0.24269157,-4294.4715,10.540484,-1.3839083,-4282.5471
1,4,0.13463754,2,4,0.13491427,3,4,0.2368733,-4294.6176,10.128502,-1.4969159,-4282.9922
1,4,0.1478082,2,4,0.15345127,3,4,0.28022702,-4294.2962,11.62973,-1.3466081,-4281.3199
1,4,0.13053671,2,4,0.1368706,3,4,0.26465366,-4293.6166,10.64122,-0.56549434,-4282.4099
1,4,0.1494893,2,4,0.13961672,3,4,0.25161348,-4293.3217,10.81439,-0.29939206,-4282.2079
1,4,0.15148249,2,4,0.14160245,3,4,0.24556264,-4293.6678,10.772952,-0.63794008,-4282.2569
1,4,0.14062242,2,4,0.14626431,3,4,0.2522377,-4293.2142,10.782489,-0.1902677,-4282.2414
1,4,0.14954846,2,4,0.10896791,3,4,0.25399543,-4296.8913,10.250236,-3.3193367,-4283.3217
1,4,0.12673199,2,4,0.13998813,3,4,0.27093959,-4293.9626,10.753194,-0.89267408,-4282.3168
1,4,0.14520263,2,4,0.1376723,3,4,0.26734907,-4293.1486,11.00448,-0.12927669,-4282.0148
1,4,0.13581161,2,4,0.12512535,3,4,0.30175465,-4296.5105,11.253832,-3.661329,-4281.5954
1,4,0.14947888,2,4,0.15320211,3,4,0.27774279,-4294.22,11.608476,-1.2613672,-4281.3502
1,4,0.15598596,2,4,0.15160386,3,4,0.26276602,-4294.0513,11.407117,-1.0973184,-4281.5469
1,4,0.13274892,2,4,0.17468516,3,4,0.24364841,-4296.4033,11.02165,-3.6610152,-4281.7206
1,4,0.10912824,2,4,0.1430153,3,4,0.27214499,-4296.9768,10.485771,-3.4349803,-4283.0561
1,4,0.13871519,2,4,0.14464258,3,4,0.27814147,-4293.5413,11.229985,-0.54494006,-4281.7664
1,4,0.13464056,2,4,0.13284391,3,4,0.25746145,-4293.5882,10.498918,-0.54359585,-4282.5457
1,4,0.13931159,2,4,0.14810451,3,4,0.25132087,-4293.3085,10.774739,-0.28374154,-4282.25
1,4,0.13173355,2,4,0.14642655,3,4,0.26494612,-4293.3916,10.862124,-0.36087542,-4282.1686
1,4,0.15301636,2,4,0.12899368,3,4,0.24281183,-4294.3624,10.496437,-1.2680972,-4282.5979
1,4,0.14154865,2,4,0.1559841,3,4,0.25845662,-4293.6121,11.119788,-0.62653629,-4281.8657
1,4,0.14146544,2,4,0.14919313,3,4,0.26231266,-4293.1904,11.059424,-0.17508461,-4281.9559
1,4,0.13624905,2,4,0.16303186,3,4,0.25980424,-4294.2743,11.181703,-1.3582358,-4281.7344
1,4,0.14883452,2,4,0.14398486,3,4,0.24388017,-4293.6738,10.733991,-0.63499324,-4282.3048
1,4,0.13844545,2,4,0.12006665,3,4,0.25220526,-4295.0034,10.214347,-1.7987273,-4282.9903
1,4,0.11152226,2,4,0.13186775,3,4,0.26775624,-4297.1714,10.222925,-3.5930763,-4283.3554
1,4,0.13375269,2,4,0.15205359,3,4,0.26238977,-4293.4581,10.963921,-0.44404413,-4282.0501
1,4,0.14975473,2,4,0.149298,3,4,0.25302543,-4293.5135,11.041563,-0.50897122,-4281.963
1,4,0.13961444,2,4,0.13379084,3,4,0.237798,-4294.3478,10.224066,-1.24352,-4282.8802
1,4,0.14301917,2,4,0.13978846,3,4,0.2603717,-4293.0335,10.863587,-0.01250454,-4282.1574
1,4,0.14848769,2,4,0.11583277,3,4,0.28451275,-4295.9366,10.976664,-2.7974615,-4282.1624
1,4,0.12186941,2,4,0.13214504,3,4,0.26037636,-4295.0189,10.287816,-1.8172278,-4282.9139
1,4,0.1291743,2,4,0.1223589,3,4,0.25408682,-4295.3827,10.1124,-2.1584644,-4283.1118
1,4,0.14692291,2,4,0.12513333,3,4,0.22816853,-4296.1259,10.004495,-2.789732,-4283.3317
1,4,0.15881023,2,4,0.15743408,3,4,0.23705356,-4295.6234,11.065957,-2.7220821,-4281.8354
1,4,0.14106969,2,4,0.14387051,3,4,0.26542058,-4293.0691,11.007216,-0.048800777,-4282.0131
1,4,0.12225444,2,4,0.14401326,3,4,0.26511306,-4294.3182,10.627615,-1.1918945,-4282.4986
1,4,0.1426234,2,4,0.12205719,3,4,0.28149122,-4294.8607,10.923436,-1.7815179,-4282.1557
1,4,0.14735227,2,4,0.15939231,3,4,0.27107507,-4294.3436,11.556393,-1.4179742,-4281.3693
1,4,0.15817298,2,4,0.14109185,3,4,0.23358436,-4295.0304,10.656984,-1.9486993,-4282.4247
1,4,0.15652661,2,4,0.13485553,3,4,0.26264889,-4293.6611,11.080621,-0.67144207,-4281.909
1,4,0.14595394,2,4,0.13638859,3,4,0.24737852,-4293.4724,10.594421,-0.43358983,-4282.4444
1,4,0.13809389,2,4,0.14245063,3,4,0.28673463,-4294.0947,11.345583,-1.1482169,-4281.6009
1,4,0.12902725,2,4,0.1505246,3,4,0.25426118,-4293.772,10.676261,-0.71975009,-4282.376
1,4,0.15997946,2,4,0.11587935,3,4,0.25711896,-4295.7039,10.659556,-2.4998563,-4282.5444
1,4,0.13146198,2,4,0.13793,3,4,0.24687351,-4293.9255,10.32531,-0.86220939,-4282.738
1,4,0.12653917,2,4,0.13896319,3,4,0.26805406,-4293.9553,10.671128,-0.87657047,-4282.4076
1,4,0.14869789,2,4,0.14417607,3,4,0.26484367,-4293.225,11.154353,-0.20949461,-4281.8611
1,4,0.14602672,2,4,0.14784911,3,4,0.22012278,-4296.313,10.279972,-2.9483977,-4283.0846
1,4,0.14488056,2,4,0.12540705,3,4,0.25091035,-4294.1047,10.423959,-1.0062297,-4282.6745
1,4,0.15003027,2,4,0.15329382,3,4,0.26197716,-4293.7205,11.306025,-0.73747089,-4281.677
1,4,0.13622474,2,4,0.14486763,3,4,0.25022625,-4293.3619,10.626372,-0.32930498,-4282.4062
1,4,0.14707294,2,4,0.14374289,3,4,0.26205272,-4293.1247,11.057371,-0.10597332,-4281.9613
1,4,0.12917178,2,4,0.14848234,3,4,0.25063128,-4293.8276,10.565708,-0.76413807,-4282.4977
1,4,0.13443183,2,4,0.13065927,3,4,0.26881941,-4293.7861,10.67821,-0.728621,-4282.3792
1,4,0.13378062,2,4,0.1385247,3,4,0.26271041,-4293.3123,10.700315,-0.28063936,-4282.3314
1,4,0.13810336,2,4,0.12253348,3,4,0.26205299,-4294.4225,10.453796,-1.2829033,-4282.6858
1,4,0.15018783,2,4,0.14151333,3,4,0.26802562,-4293.3114,11.194536,-0.3006099,-4281.8163
1,4,0.13985002,2,4,0.15523405,3,4,0.25250813,-4293.6438,10.951844,-0.64482243,-4282.0471
1,4,0.1463869,2,4,0.12864004,3,4,0.27380369,-4293.7877,10.976613,-0.75823879,-4282.0529
1,4,0.15562447,2,4,0.15562972,3,4,0.22588859,-4296.3381,10.742856,-3.2375916,-4282.3577
1,4,0.10935535,2,4,0.15544309,3,4,0.29876997,-4298.5524,11.271368,-5.5374076,-4281.7437
1,4,0.12571825,2,4,0.13215944,3,4,0.24385047,-4295.1385,10.034563,-1.9731269,-4283.1308
1,4,0.14231369,2,4,0.15254323,3,4,0.27361627,-4293.6683,11.369464,-0.67897339,-4281.6199
1,4,0.14305446,2,4,0.13733853,3,4,0.27283875,-4293.295,11.064635,-0.28094217,-4281.9494
1,4,0.16309835,2,4,0.12379874,3,4,0.28828,-4295.9719,11.503542,-3.187728,-4281.2807
1,4,0.15481306,2,4,0.1440572,3,4,0.268864,-4293.6844,11.354685,-0.69807902,-4281.6317
1,4,0.16334638,2,4,0.13305484,3,4,0.26094304,-4294.3206,11.146885,-1.3958156,-4281.7779
1,4,0.14302322,2,4,0.14491157,3,4,0.26756301,-4293.1372,11.109956,-0.11840225,-4281.9089
1,4,0.13398012,2,4,0.15067311,3,4,0.26986831,-4293.5041,11.090431,-0.49566433,-4281.918
1,4,0.12568658,2,4,0.15424377,3,4,0.22521836,-4296.7387,10.102974,-3.3326998,-4283.303
1,4,0.13720952,2,4,0.1496375,3,4,0.27600469,-4293.6076,11.257034,-0.61412536,-4281.7365
1,4,0.14668434,2,4,0.15109644,3,4,0.25411416,-4293.4544,11.037899,-0.44846675,-4281.968
1,4,0.16475729,2,4,0.13790919,3,4,0.26251787,-4294.4256,11.303687,-1.5402817,-4281.5817
1,4,0.13602436,2,4,0.1394747,3,4,0.26123037,-4293.1734,10.734589,-0.14833511,-4282.2905
1,4,0.15389702,2,4,0.12778989,3,4,0.27394918,-4294.1004,11.112722,-1.0991926,-4281.8885
1,4,0.14364144,2,4,0.15333835,3,4,0.28121707,-4294.1762,11.563937,-1.2257352,-4281.3866
1,4,0.16782014,2,4,0.13208875,3,4,0.2491785,-4295.0946,10.981748,-2.2002437,-4281.9126
1,4,0.12750772,2,4,0.1670564,3,4,0.24899528,-4295.3503,10.871188,-2.4046017,-4282.0745
1,4,0.16120698,2,4,0.13758567,3,4,0.26119578,-4294.0264,11.199769,-1.0846985,-4281.7419
1,4,0.12991146,2,4,0.14917447,3,4,0.27355318,-4293.7814,11.052782,-0.7656585,-4281.963
1,4,0.14609207,2,4,0.15400886,3,4,0.26525944,-4293.6235,11.307207,-0.63376046,-4281.6825
1,4,0.13441572,2,4,0.16057545,3,4,0.26596812,-4294.1031,11.219186,-1.1617044,-4281.7222
1,4,0.15603025,2,4,0.13127928,3,4,0.24454943,-4294.2524,10.637179,-1.1967138,-4282.4185
1,4,0.16706831,2,4,0.14977129,3,4,0.24688451,-4295.3921,11.274482,-2.5949799,-4281.5227
1,4,0.1303554,2,4,0.15219898,3,4,0.28145235,-4294.2722,11.280135,-1.3119526,-4281.6802
1,4,0.119308,2,4,0.15200657,3,4,0.23796107,-4295.9901,10.185513,-2.6691755,-4283.1354
1,4,0.13521214,2,4,0.13360032,3,4,0.25672395,-4293.5166,10.510728,-0.47704914,-4282.5288
1,4,0.14122617,2,4,0.13545388,3,4,0.26499113,-4293.1721,10.833424,-0.14787897,-4282.1908
1,4,0.16080718,2,4,0.13535423,3,4,0.25390994,-4294.0807,11.001427,-1.1160797,-4281.9632
1,4,0.13502668,2,4,0.12633599,3,4,0.28467473,-4294.8691,10.920748,-1.8198231,-4282.1286
1,4,0.14450659,2,4,0.11697884,3,4,0.28104247,-4295.5598,10.850558,-2.387625,-4282.3216
1,4,0.13124944,2,4,0.13243909,3,4,0.24086607,-4294.7104,10.091092,-1.5930481,-4283.0263
1,4,0.15005313,2,4,0.15730549,3,4,0.25960784,-4294.0534,11.339329,-1.1053901,-4281.6086
1,4,0.13706125,2,4,0.1456785,3,4,0.23971613,-4293.9757,10.449118,-0.89762833,-4282.629
1,4,0.14881322,2,4,0.13499905,3,4,0.25062354,-4293.4386,10.688716,-0.40613287,-4282.3437
1,4,0.13295397,2,4,0.15882796,3,4,0.25560666,-4293.9983,10.947772,-1.0125022,-4282.038
1,4,0.13915056,2,4,0.14647748,3,4,0.24810861,-4293.397,10.674733,-0.36411347,-4282.3582
1,4,0.12145559,2,4,0.15907761,3,4,0.30466616,-4297.5379,11.703987,-4.9948631,-4280.8391
1,4,0.11021846,2,4,0.14384467,3,4,0.25401213,-4296.8089,10.161505,-3.2522501,-4283.3952
1,4,0.14538132,2,4,0.16266728,3,4,0.23619621,-4295.3408,10.884896,-2.3692016,-4282.0867
1,4,0.15458398,2,4,0.14828411,3,4,0.26923451,-4293.8647,11.442052,-0.88655264,-4281.5361
1,4,0.15027409,2,4,0.14707408,3,4,0.25451714,-4293.4078,11.037306,-0.39928732,-4281.9712
1,4,0.15218287,2,4,0.12726995,3,4,0.25008715,-4294.0654,10.590799,-0.99161206,-4282.483
1,4,0.15799581,2,4,0.14942006,3,4,0.25746053,-4294.0691,11.297528,-1.1227708,-4281.6488
1,4,0.15538265,2,4,0.14075439,3,4,0.24902822,-4293.739,10.903305,-0.73423814,-4282.1015
1,4,0.14785598,2,4,0.10745499,3,4,0.25046116,-4297.4622,10.115443,-3.7686452,-4283.5782
1,4,0.13599575,2,4,0.14393023,3,4,0.26614062,-4293.1742,10.921332,-0.15212367,-4282.1008
1,4,0.16010228,2,4,0.12446264,3,4,0.24786718,-4294.8991,10.648642,-1.8175395,-4282.4329
1,4,0.11324572,2,4,0.15415373,3,4,0.27133732,-4296.0021,10.774735,-2.7383857,-4282.489
1,4,0.13565746,2,4,0.15094243,3,4,0.29082807,-4294.7296,11.548559,-1.854951,-4281.3261
1,4,0.17791125,2,4,0.14938433,3,4,0.26266972,-4296.9576,11.799306,-4.5506248,-4280.6077
1,4,0.15629186,2,4,0.13505342,3,4,0.27477488,-4293.9598,11.322403,-0.99699566,-4281.6404
1,4,0.1848233,2,4,0.15281479,3,4,0.27296115,-4299.0527,12.211985,-7.1170733,-4279.7236
1,4,0.13528213,2,4,0.14139306,3,4,0.26243641,-4293.1743,10.782232,-0.14890697,-4282.2432
1,4,0.14625777,2,4,0.13289087,3,4,0.2489395,-4293.5596,10.561763,-0.51503719,-4282.4828
1,4,0.13501018,2,4,0.12471862,3,4,0.27889987,-4294.7184,10.772574,-1.6191182,-4282.3267
1,4,0.1352969,2,4,0.15834812,3,4,0.25592723,-4293.874,10.991445,-0.89284491,-4281.9897
1,4,0.1283105,2,4,0.13774222,3,4,0.2871685,-4294.7256,11.064424,-1.7308111,-4281.9304
1,4,0.13144786,2,4,0.12744001,3,4,0.27971863,-4294.7224,10.77213,-1.6318958,-4282.3183
1,4,0.14904104,2,4,0.14049067,3,4,0.24815551,-4293.4338,10.753744,-0.40495065,-4282.2751
1,4,0.15074857,2,4,0.14104443,3,4,0.26929022,-4293.3697,11.221664,-0.36199555,-4281.786
1,4,0.15753093,2,4,0.14942687,3,4,0.2568678,-4294.0289,11.276512,-1.0775462,-4281.6749
1,4,0.13891403,2,4,0.13683609,3,4,0.27756638,-4293.5554,11.06633,-0.54948,-4281.9396
1,4,0.15552964,2,4,0.08842292,3,4,0.26410593,-4303.8426,10.16117,-8.4262597,-4285.2552
1,4,0.17230481,2,4,0.11370559,3,4,0.26029535,-4297.1986,10.926115,-4.1769259,-4282.0956
1,4,0.16463122,2,4,0.14816992,3,4,0.2497925,-4294.8676,11.251873,-2.0086748,-4281.6071
1,4,0.1436015,2,4,0.15408871,3,4,0.24787099,-4293.7596,10.911224,-0.75283353,-4282.0955
1,4,0.17741476,2,4,0.12275355,3,4,0.27765972,-4297.1952,11.556561,-4.696308,-4280.9423
1,4,0.12501803,2,4,0.15656094,3,4,0.25105701,-4294.538,10.65272,-1.4560094,-4282.4293
1,4,0.1432676,2,4,0.13669445,3,4,0.2362146,-4294.272,10.323533,-1.1634898,-4282.785
1,4,0.15538752,2,4,0.15290296,3,4,0.23754715,-4294.8957,10.916753,-1.8998055,-4282.0791
1,4,0.12659712,2,4,0.16110759,3,4,0.28081398,-4295.0974,11.370374,-2.2151876,-4281.5118
1,4,0.13385776,2,4,0.13152702,3,4,0.25596554,-4293.7719,10.427007,-0.71600892,-4282.6289
1,4,0.13250891,2,4,0.13697413,3,4,0.24887686,-4293.7793,10.367198,-0.72715012,-4282.685
1,4,0.13618134,2,4,0.14238174,3,4,0.23377661,-4294.5738,10.246794,-1.4340727,-4282.893
1,4,0.14632871,2,4,0.13743283,3,4,0.27387032,-4293.3778,11.152637,-0.36918272,-4281.856
1,4,0.12011312,2,4,0.14791545,3,4,0.27410644,-4294.7973,10.8427,-1.6744192,-4282.2802
1,4,0.13591152,2,4,0.1457247,3,4,0.28194739,-4293.8437,11.271672,-0.86737007,-4281.7047
1,4,0.13857042,2,4,0.15077432,3,4,0.27511741,-4293.6058,11.289243,-0.61333505,-4281.7033
1,4,0.15369818,2,4,0.13884403,3,4,0.2234716,-4296.0111,10.320276,-2.7167619,-4282.9741
1,4,0.1424663,2,4,0.13599774,3,4,0.26232532,-4293.1222,10.815787,-0.098835945,-4282.2075
1,4,0.14448092,2,4,0.1358428,3,4,0.25499572,-4293.2008,10.706389,-0.17507276,-4282.3193
1,4,0.13970004,2,4,0.11877198,3,4,0.24940677,-4295.2862,10.157576,-2.0427722,-4283.0858
1,4,0.1249746,2,4,0.13320393,3,4,0.26678803,-4294.4675,10.499331,-1.3363062,-4282.6318
1,4,0.15214519,2,4,0.14216862,3,4,0.27128218,-4293.5307,11.31192,-0.5319101,-4281.6869
1,4,0.13831524,2,4,0.13933297,3,4,0.25961228,-4293.103,10.74521,-0.080711833,-4282.2771
1,4,0.15580052,2,4,0.15365585,3,4,0.2797575,-4294.8863,11.784277,-1.9846325,-4281.1174
1,4,0.12874894,2,4,0.1525433,3,4,0.27520658,-4294.0608,11.129976,-1.0622391,-4281.8686
1,4,0.15747981,2,4,0.15695537,3,4,0.22457174,-4296.7777,10.780138,-3.6981174,-4282.2995
1,4,0.11029454,2,4,0.15396345,3,4,0.21950957,-4300.5491,9.6753511,-6.3681909,-4284.5055
1,4,0.13078874,2,4,0.13134158,3,4,0.27568561,-4294.2183,10.756319,-1.1497122,-4282.3122
1,4,0.13139271,2,4,0.11313273,3,4,0.30066022,-4298.7595,10.903713,-5.4939174,-4282.3619
1,4,0.142604,2,4,0.15412458,3,4,0.28403286,-4294.4046,11.615229,-1.4797846,-4281.3096
1,4,0.17067834,2,4,0.13310119,3,4,0.24152668,-4295.8508,10.906124,-2.9742934,-4281.9703
1,4,0.11589488,2,4,0.12349143,3,4,0.2793356,-4297.6502,10.374438,-4.100474,-4283.1753
1,4,0.16155227,2,4,0.11343771,3,4,0.28976959,-4297.2369,11.295191,-4.2955596,-4281.6462
1,4,0.12995996,2,4,0.14978565,3,4,0.23751779,-4294.6671,10.345268,-1.5287612,-4282.793
1,4,0.16503007,2,4,0.14800548,3,4,0.27693205,-4295.3295,11.799352,-2.5213476,-4281.0088
1,4,0.164645,2,4,0.14534989,3,4,0.28546986,-4295.7139,11.909295,-2.950965,-4280.8537
1,4,0.12857857,2,4,0.150045,3,4,0.2736682,-4293.9083,11.045835,-0.88994208,-4281.9725
1,4,0.10522837,2,4,0.17391939,3,4,0.23764344,-4300.6972,10.335824,-6.9362605,-4283.4252
1,4,0.12152687,2,4,0.144842,3,4,0.24843869,-4294.7984,10.296151,-1.6173411,-4282.8849
1,4,0.15811422,2,4,0.14478592,3,4,0.24085575,-4294.4692,10.875118,-1.467143,-4282.127
1,4,0.1498176,2,4,0.16108288,3,4,0.27470634,-4294.8534,11.712136,-1.9748034,-4281.1665
1,4,0.14982319,2,4,0.13911621,3,4,0.25713983,-4293.2163,10.921584,-0.1990558,-4282.0956
1,4,0.14095674,2,4,0.15209937,3,4,0.27196195,-4293.5533,11.300361,-0.55749416,-4281.6954
1,4,0.12462285,2,4,0.13960711,3,4,0.27385292,-4294.3041,10.761658,-1.2129999,-4282.3294
1,4,0.14680877,2,4,0.11327677,3,4,0.26729302,-4295.7583,10.547571,-2.4246121,-4282.7861
1,4,0.14126756,2,4,0.14965977,3,4,0.25782548,-4293.2178,10.975056,-0.20254047,-4282.0403
1,4,0.15261388,2,4,0.13266758,3,4,0.28077983,-4294.1117,11.321226,-1.1518476,-4281.6386
1,4,0.14330215,2,4,0.1419348,3,4,0.25768941,-4293.0443,10.858527,-0.023175616,-4282.1626
1,4,0.15352256,2,4,0.14709388,3,4,0.27741589,-4294.0849,11.560647,-1.1180864,-4281.4062
1,4,0.10579606,2,4,0.13816207,3,4,0.30458454,-4300.4169,10.970853,-6.9959584,-4282.4501
1,4,0.14587928,2,4,0.12149098,3,4,0.2695383,-4294.4124,10.738171,-1.2936419,-4282.3806
1,4,0.15766309,2,4,0.13534564,3,4,0.27854692,-4294.2584,11.431113,-1.3269041,-4281.5004
1,4,0.13585457,2,4,0.14693004,3,4,0.26182472,-4293.1883,10.892187,-0.16638265,-4282.1297
1,4,0.13314874,2,4,0.14748554,3,4,0.27581966,-4293.6468,11.129079,-0.6428225,-4281.8749
1,4,0.12314161,2,4,0.14433332,3,4,0.23083132,-4296.1474,9.9661248,-2.8150427,-4283.3662
1,4,0.14198088,2,4,0.13049656,3,4,0.26645044,-4293.4608,10.778558,-0.42170316,-4282.2605
1,4,0.14502513,2,4,0.13577706,3,4,0.26686395,-4293.1857,10.953323,-0.16466578,-4282.0677
1,4,0.14131206,2,4,0.13490024,3,4,0.26371273,-4293.1831,10.798501,-0.15777988,-4282.2269
1,4,0.12284218,2,4,0.17233918,3,4,0.29089317,-4297.4027,11.721491,-4.9218575,-4280.7593
1,4,0.13379208,2,4,0.14490818,3,4,0.27863608,-4293.7089,11.146727,-0.71104693,-4281.8512
1,4,0.14105649,2,4,0.15322392,3,4,0.25674866,-4293.4239,11.020581,-0.42019137,-4281.9832
1,4,0.16636428,2,4,0.14001446,3,4,0.27952552,-4295.2874,11.718085,-2.504115,-4281.0652
1,4,0.13284396,2,4,0.15237387,3,4,0.24389841,-4294.0632,10.582325,-1.0004745,-4282.4804
1,4,0.11419897,2,4,0.15795557,3,4,0.24100433,-4296.8794,10.263178,-3.4449303,-4283.1713
1,4,0.14301069,2,4,0.14953969,3,4,0.28984623,-4294.5921,11.647932,-1.6963142,-4281.2479
1,4,0.1203334,2,4,0.15961137,3,4,0.26882409,-4295.1101,10.975377,-2.0629729,-4282.0718
1,4,0.13862685,2,4,0.14035678,3,4,0.26244462,-4293.0725,10.828565,-0.050750458,-4282.1931
1,4,0.14328706,2,4,0.17479534,3,4,0.2734669,-4296.3864,11.830986,-3.8463193,-4280.7091
1,4,0.13371012,2,4,0.1346696,3,4,0.231459,-4295.2954,9.9967745,-2.0995841,-4283.1991
1,4,0.12847798,2,4,0.14009596,3,4,0.236965,-4294.8907,10.110779,-1.7341179,-4283.0459
1,4,0.15816182,2,4,0.13913163,3,4,0.23898138,-4294.5466,10.725496,-1.5071792,-4282.314
1,4,0.14223682,2,4,0.13774013,3,4,0.26795466,-4293.1408,10.958632,-0.12061576,-4282.0615
1,4,0.14654196,2,4,0.16152315,3,4,0.28246932,-4295.1773,11.810689,-2.3358733,-4281.0308
1,4,0.12282993,2,4,0.16558821,3,4,0.27504384,-4295.5602,11.269239,-2.6851179,-4281.6058
1,4,0.18693371,2,4,0.13715934,3,4,0.25600762,-4298.1017,11.602014,-6.028261,-4280.4714
1,4,0.15228833,2,4,0.15725069,3,4,0.24368985,-4294.6075,11.064577,-1.6583077,-4281.8846
1,4,0.13013566,2,4,0.15589656,3,4,0.25822498,-4293.8847,10.885144,-0.86911308,-4282.1305
1,4,0.14024151,2,4,0.1223117,3,4,0.28104664,-4294.8702,10.871997,-1.7783948,-4282.2198
1,4,0.14512797,2,4,0.15566754,3,4,0.2393809,-4294.4145,10.803528,-1.3862197,-4282.2247
1,4,0.13240394,2,4,0.12287748,3,4,0.24405568,-4295.4857,9.986742,-2.2754638,-4283.2235
1,4,0.12666854,2,4,0.14430935,3,4,0.26175183,-4293.7821,10.654594,-0.71165329,-4282.4159
1,4,0.13837324,2,4,0.13518092,3,4,0.26383567,-4293.2381,10.747797,-0.21086787,-4282.2795
1,4,0.1405418,2,4,0.1409113,3,4,0.28292467,-4293.7871,11.287555,-0.8122989,-4281.6873
1,4,0.13122107,2,4,0.11095608,3,4,0.25868734,-4297.3887,10.01729,-3.7734648,-4283.5979
1,4,0.11832793,2,4,0.17692862,3,4,0.22883185,-4299.4689,10.481768,-6.2388922,-4282.7482
1,4,0.15355446,2,4,0.11869018,3,4,0.28539242,-4295.6644,11.152741,-2.6460281,-4281.8656
1,4,0.15670905,2,4,0.13224231,3,4,0.26800379,-4293.8403,11.139103,-0.85628002,-4281.8449
1,4,0.13716217,2,4,0.13256702,3,4,0.26981982,-4293.5219,10.79098,-0.48585787,-4282.245
1,4,0.13823726,2,4,0.1232705,3,4,0.26447855,-4294.3134,10.519726,-1.1886023,-4282.6051
1,4,0.15281257,2,4,0.14052003,3,4,0.25425762,-4293.4114,10.951804,-0.40198606,-4282.0576
1,4,0.13189789,2,4,0.16411881,3,4,0.26901168,-4294.6121,11.300567,-1.7271548,-4281.5844
1,4,0.13024411,2,4,0.16196274,3,4,0.27260924,-4294.568,11.296322,-1.6586606,-4281.613
1,4,0.13415972,2,4,0.15140861,3,4,0.27986412,-4293.9704,11.308649,-1.0014456,-4281.6603
1,4,0.15657321,2,4,0.13045859,3,4,0.2588887,-4293.8462,10.91841,-0.83683919,-4282.091
1,4,0.12574612,2,4,0.14898087,3,4,0.29215589,-4295.3008,11.337658,-2.4033705,-4281.5597
1,4,0.14349458,2,4,0.10772155,3,4,0.25937363,-4297.2003,10.211795,-3.5479889,-4283.4405
1,4,0.16465088,2,4,0.14975572,3,4,0.28814726,-4296.2487,12.051077,-3.5344633,-4280.6632
1,4,0.10682641,2,4,0.14988544,3,4,0.2614239,-4297.3756,10.362715,-3.7143383,-4283.2985
1,4,0.13664584,2,4,0.12968812,3,4,0.265212,-4293.6881,10.630919,-0.63197601,-4282.4252
1,4,0.1399029,2,4,0.14316922,3,4,0.2665795,-4293.0882,10.993032,-0.068102861,-4282.027
1,4,0.1552237,2,4,0.12414645,3,4,0.26158648,-4294.254,10.819133,-1.192425,-4282.2424
1,4,0.1412354,2,4,0.14506651,3,4,0.25883522,-4293.0619,10.902743,-0.041317692,-4282.1179
1,4,0.13141237,2,4,0.15913596,3,4,0.26873655,-4294.1336,11.185698,-1.1757363,-4281.7722
1,4,0.14599336,2,4,0.16764347,3,4,0.2533152,-4295.0984,11.339041,-2.3016387,-4281.4577
1,4,0.14303882,2,4,0.12008551,3,4,0.26208898,-4294.5901,10.504266,-1.4207358,-4282.6651
1,4,0.14309412,2,4,0.16420923,3,4,0.26000477,-4294.4779,11.346162,-1.6005254,-4281.5312
1,4,0.15334447,2,4,0.15754654,3,4,0.27616436,-4294.8181,11.741107,-1.9175192,-4281.1595
1,4,0.13972676,2,4,0.15524262,3,4,0.27241381,-4293.7787,11.347664,-0.80341138,-4281.6276
1,4,0.14331702,2,4,0.12796968,3,4,0.25777851,-4293.6579,10.581304,-0.59822134,-4282.4783
1,4,0.14481805,2,4,0.14521419,3,4,0.26825034,-4293.1926,11.165652,-0.17500413,-4281.852
1,4,0.16757027,2,4,0.14582938,3,4,0.23718738,-4295.8271,11.01174,-2.9558687,-4281.8595
1,4,0.14005354,2,4,0.16810003,3,4,0.2695956,-4295.0767,11.554983,-2.2942839,-4281.2275
1,4,0.14088048,2,4,0.14323311,3,4,0.24064387,-4293.7913,10.495149,-0.72624232,-4282.5699
1,4,0.12443135,2,4,0.1446966,3,4,0.24946252,-4294.3478,10.371809,-1.2241332,-4282.7519
1,4,0.12852555,2,4,0.12696811,3,4,0.25265425,-4294.8531,10.162958,-1.7030157,-4282.9871
1,4,0.1496486,2,4,0.15059979,3,4,0.25781812,-4293.5096,11.16133,-0.51070578,-4281.8375
1,4,0.14114869,2,4,0.16856909,3,4,0.25769843,-4295.001,11.348324,-2.2068284,-4281.4458
1,4,0.15135045,2,4,0.13672716,3,4,0.24978088,-4293.5108,10.75717,-0.4840869,-4282.2695
1,4,0.13822119,2,4,0.13556385,3,4,0.25162317,-4293.4099,10.508164,-0.3778995,-4282.5238
1,4,0.14113991,2,4,0.15397833,3,4,0.2603454,-4293.4533,11.109273,-0.45521154,-4281.8888
1,4,0.14040783,2,4,0.12734944,3,4,0.29000182,-4294.9339,11.155182,-1.9723805,-4281.8064
1,4,0.13774413,2,4,0.13835294,3,4,0.28981004,-4294.3826,11.318142,-1.4578262,-4281.6067
1,4,0.15093979,2,4,0.13778153,3,4,0.26035588,-4293.2583,10.981544,-0.24412341,-4282.0327
1,4,0.1196579,2,4,0.1363705,3,4,0.25670257,-4295.1121,10.254619,-1.8862745,-4282.9712
1,4,0.16316467,2,4,0.12278659,3,4,0.28330261,-4295.7002,11.385078,-2.8475004,-4281.4676
1,4,0.13759861,2,4,0.12188797,3,4,0.26948478,-4294.6035,10.579427,-1.4546149,-4282.5695
1,4,0.14903675,2,4,0.11761264,3,4,0.22095992,-4298.4246,9.7521863,-4.6927651,-4283.9797
1,4,0.13931999,2,4,0.1453538,3,4,0.26176033,-4293.0746,10.928682,-0.054079209,-4282.0919
1,4,0.15481265,2,4,0.14115384,3,4,0.24983245,-4293.6709,10.915979,-0.66545897,-4282.0894
1,4,0.12541728,2,4,0.14596775,3,4,0.260066,-4293.9245,10.62902,-0.84089031,-4282.4546
1,4,0.12113982,2,4,0.17402059,3,4,0.2621646,-4296.5232,11.1465,-3.7495142,-4281.6272
1,4,0.15297178,2,4,0.12950044,3,4,0.2653839,-4293.7092,10.957122,-0.68756159,-4282.0645
1,4,0.16562104,2,4,0.11512452,3,4,0.26433821,-4296.2178,10.901675,-3.1211805,-4282.1949
1,4,0.15536962,2,4,0.15040169,3,4,0.25433836,-4293.9283,11.202193,-0.961664,-4281.7645
1,4,0.15883134,2,4,0.1368314,3,4,0.27585609,-4294.2027,11.430377,-1.2698462,-4281.5025
1,4,0.16194827,2,4,0.12276426,3,4,0.24484802,-4295.4057,10.591211,-2.2897535,-4282.5247
1,4,0.1461375,2,4,0.14064094,3,4,0.24733183,-4293.3926,10.682205,-0.35910196,-4282.3513
1,4,0.13964246,2,4,0.14458117,3,4,0.25597241,-4293.1028,10.803921,-0.080890348,-4282.218
1,4,0.15941459,2,4,0.15661458,3,4,0.2463122,-4295.0469,11.246827,-2.1799171,-4281.6202
1,4,0.11504956,2,4,0.13964739,3,4,0.27843432,-4296.0137,10.662625,-2.7192017,-4282.6319
1,4,0.11502236,2,4,0.14208988,3,4,0.26783762,-4295.606,10.498997,-2.2936676,-4282.8134
1,4,0.14073685,2,4,0.13729234,3,4,0.25787124,-4293.12,10.718009,-0.097277323,-4282.3047
1,4,0.14306839,2,4,0.13241206,3,4,0.26230433,-4293.2893,10.755695,-0.25782284,-4282.2757
1,4,0.14697578,2,4,0.15123669,3,4,0.24738322,-4293.6911,10.911914,-0.67782052,-4282.1014
1,4,0.14231321,2,4,0.11949463,3,4,0.26776067,-4294.7318,10.59137,-1.5556085,-4282.5848
1,4,0.14783531,2,4,0.14644575,3,4,0.25117369,-4293.3614,10.909095,-0.34295512,-4282.1094
1,4,0.15369901,2,4,0.14240904,3,4,0.25774825,-4293.436,11.077126,-0.43478189,-4281.9241
1,4,0.14387424,2,4,0.14106585,3,4,0.26999675,-4293.1659,11.098737,-0.14857411,-4281.9185
1,4,0.17290212,2,4,0.12215573,3,4,0.24338879,-4296.7833,10.768933,-3.8201505,-4282.1942
1,4,0.1384226,2,4,0.14511768,3,4,0.26442241,-4293.1019,10.959254,-0.081460297,-4282.0611
1,4,0.12056295,2,4,0.15643935,3,4,0.29781156,-4296.692,11.496277,-3.9295439,-4281.2661
1,4,0.17005156,2,4,0.14824109,3,4,0.24814898,-4295.6718,11.328833,-2.9400898,-4281.4029
1,4,0.1449832,2,4,0.12786809,3,4,0.25462837,-4293.7226,10.549593,-0.65921695,-4282.5138
1,4,0.13581747,2,4,0.1371231,3,4,0.2569952,-4293.2971,10.598715,-0.26862453,-4282.4298
1,4,0.15004468,2,4,0.12936025,3,4,0.29540973,-4295.348,11.496293,-2.523249,-4281.3285
1,4,0.15063415,2,4,0.11419711,3,4,0.26316746,-4295.5592,10.559974,-2.2652653,-4282.734
1,4,0.16328332,2,4,0.11069785,3,4,0.26835402,-4296.8504,10.846704,-3.6026953,-4282.401
1,4,0.14842425,2,4,0.17219091,3,4,0.26466887,-4295.9532,11.705681,-3.3215077,-4280.926
1,4,0.13195521,2,4,0.15111736,3,4,0.24957391,-4293.7541,10.65293,-0.70896232,-4282.3922
1,4,0.12285806,2,4,0.1716268,3,4,0.27817137,-4296.4299,11.453124,-3.7420158,-4281.2348
1,4,0.13725249,2,4,0.14931769,3,4,0.25188052,-4293.3717,10.769014,-0.34661915,-4282.256
1,4,0.14222505,2,4,0.1443601,3,4,0.2712638,-4293.2236,11.156979,-0.20837824,-4281.8582
1,4,0.14660121,2,4,0.14782426,3,4,0.27190744,-4293.4582,11.326658,-0.4506917,-4281.6808
1,4,0.15019207,2,4,0.15437224,3,4,0.26042282,-4293.8048,11.299742,-0.83028118,-4281.6748
1,4,0.15654951,2,4,0.14996082,3,4,0.26886647,-4294.1273,11.507536,-1.1728562,-4281.447
1,4,0.15730162,2,4,0.15998876,3,4,0.22873997,-4296.538,10.920607,-3.5732012,-4282.0442
1,4,0.12313886,2,4,0.14165335,3,4,0.29162501,-4295.5169,11.128344,-2.5328725,-4281.8557
1,4,0.16207914,2,4,0.13986654,3,4,0.27217768,-4294.3825,11.482467,-1.4791932,-4281.4208
1,4,0.14410866,2,4,0.16231725,3,4,0.23327569,-4295.5413,10.794032,-2.5252358,-4282.222
1,4,0.14092268,2,4,0.12178935,3,4,0.29610202,-4296.0925,11.176281,-3.1448026,-4281.7714
1,4,0.15731934,2,4,0.12649888,3,4,0.2643549,-4294.1728,10.963462,-1.1564066,-4282.0529
1,4,0.13556532,2,4,0.14597767,3,4,0.27540524,-4293.4995,11.138965,-0.49408434,-4281.8664
1,4,0.13074663,2,4,0.1135422,3,4,0.25532309,-4296.8987,9.9922382,-3.4011272,-4283.5054
1,4,0.12482978,2,4,0.13218497,3,4,0.27677769,-4294.8438,10.675849,-1.7124959,-4282.4555
1,4,0.14838887,2,4,0.15081349,3,4,0.28673134,-4294.6183,11.718674,-1.7036334,-4281.1959
1,4,0.16190379,2,4,0.12777986,3,4,0.25619952,-4294.4798,10.917663,-1.4927467,-4282.0694
1,4,0.14922055,2,4,0.12717794,3,4,0.28927917,-4294.9061,11.313553,-1.9831636,-4281.6093
1,4,0.13314168,2,4,0.14367692,3,4,0.27815142,-4293.7038,11.0994,-0.69995505,-4281.9044
1,4,0.14938498,2,4,0.14120916,3,4,0.26787191,-4293.267,11.169321,-0.25388602,-4281.8438
1,4,0.15912289,2,4,0.11793075,3,4,0.25118662,-4295.5086,10.564805,-2.3136851,-4282.6301
1,4,0.15076696,2,4,0.13382077,3,4,0.29401336,-4295.0458,11.572022,-2.2110766,-4281.2627
1,4,0.15898969,2,4,0.144027,3,4,0.2659391,-4293.9749,11.379116,-1.0229328,-4281.5728
1,4,0.15810059,2,4,0.1449758,3,4,0.29295807,-4295.6184,11.920689,-2.8341509,-4280.8635
1,4,0.11656222,2,4,0.16340924,3,4,0.27209962,-4296.0124,11.041422,-2.972888,-4281.9981
1,4,0.13351047,2,4,0.13120038,3,4,0.26035304,-4293.753,10.501278,-0.69420291,-4282.5575
1,4,0.15807698,2,4,0.13143201,3,4,0.25864859,-4293.9068,10.963152,-0.91213429,-4282.0315
1,4,0.15087846,2,4,0.13806478,3,4,0.24974086,-4293.4642,10.773682,-0.43889929,-4282.2516
1,4,0.15367103,2,4,0.13795934,3,4,0.25806603,-4293.4157,10.993928,-0.40984525,-4282.0119
1,4,0.14349549,2,4,0.1234483,3,4,0.26110218,-4294.1141,10.560919,-1.0057566,-4282.5474
1,4,0.13570361,2,4,0.16424011,3,4,0.25196663,-4294.5404,11.038207,-1.6225501,-4281.8796
1,4,0.13653071,2,4,0.12471307,3,4,0.26143501,-4294.2231,10.453576,-1.1117592,-4282.6577
1,4,0.1501003,2,4,0.14230345,3,4,0.27222043,-4293.4532,11.292484,-0.44852478,-4281.7122
1,4,0.12941496,2,4,0.14335717,3,4,0.25918742,-4293.5484,10.639191,-0.49812192,-4282.4111
1,4,0.12702125,2,4,0.15690068,3,4,0.24837934,-4294.4857,10.646025,-1.4165416,-4282.4231
1,4,0.12125045,2,4,0.14398747,3,4,0.27222091,-4294.5851,10.749177,-1.4562422,-4282.3797
1,4,0.13013073,2,4,0.1624365,3,4,0.27808647,-4294.8682,11.413074,-1.998502,-4281.4566
1,4,0.14975128,2,4,0.13190064,3,4,0.28952101,-4294.657,11.423458,-1.7557391,-4281.4778
1,4,0.15553618,2,4,0.12482992,3,4,0.26213537,-4294.2017,10.850029,-1.1512265,-4282.2005
1,4,0.12298289,2,4,0.15325998,3,4,0.24532796,-4294.9042,10.431417,-1.7433433,-4282.7295
1,4,0.13673001,2,4,0.13454735,3,4,0.2455557,-4293.8275,10.336661,-0.77317395,-4282.7176
1,4,0.14761443,2,4,0.15311108,3,4,0.2523552,-4293.66,11.061614,-0.66535773,-4281.933
1,4,0.1329393,2,4,0.12371866,3,4,0.24842858,-4295.0269,10.101731,-1.858408,-4283.0668
1,4,0.15590195,2,4,0.16256343,3,4,0.2767103,-4295.6884,11.903514,-2.8995488,-4280.8853
1,4,0.12939443,2,4,0.14141482,3,4,0.24686775,-4293.9936,10.35354,-0.91744163,-4282.7226
1,4,0.11677303,2,4,0.13887301,3,4,0.2559506,-4295.5097,10.231933,-2.2109094,-4283.0669
1,4,0.14301701,2,4,0.12546261,3,4,0.28159855,-4294.4615,11.001563,-1.4285658,-4282.0314
1,4,0.14289398,2,4,0.14599824,3,4,0.24759162,-4293.3872,10.729677,-0.35596008,-4282.3016
1,4,0.16950825,2,4,0.13706561,3,4,0.25597458,-4295.046,11.250969,-2.2428065,-4281.5522
1,4,0.1445128,2,4,0.13516993,3,4,0.27782142,-4293.5899,11.150083,-0.58975914,-4281.85
1,4,0.14846444,2,4,0.13085953,3,4,0.25395116,-4293.5379,10.665502,-0.49590901,-4282.3765
1,4,0.12748009,2,4,0.12273491,3,4,0.27779407,-4295.6757,10.560181,-2.444385,-4282.6711
1,4,0.15510692,2,4,0.10848111,3,4,0.25365786,-4297.0937,10.344918,-3.5280063,-4283.2208
1,4,0.13819192,2,4,0.13729374,3,4,0.27978342,-4293.6786,11.105381,-0.68095087,-4281.8923
1,4,0.13231295,2,4,0.15709416,3,4,0.26274294,-4293.8386,11.043001,-0.84973698,-4281.9458
1,4,0.13996662,2,4,0.13998369,3,4,0.24532046,-4293.5167,10.505415,-0.47429624,-4282.5369
1,4,0.14300453,2,4,0.16829731,3,4,0.27391742,-4295.3718,11.704385,-2.6184757,-4281.0489
1,4,0.1327898,2,4,0.1344051,3,4,0.23202801,-4295.3186,9.9844581,-2.1246971,-4283.2094
1,4,0.14638342,2,4,0.1327978,3,4,0.25853975,-4293.2971,10.754419,-0.26702227,-4282.2757
1,4,0.13872274,2,4,0.13299674,3,4,0.2696997,-4293.4346,10.828384,-0.40363276,-4282.2026
1,4,0.16778071,2,4,0.12802481,3,4,0.25854034,-4295.0603,11.086917,-2.1761597,-4281.7973
1,4,0.13235418,2,4,0.1550018,3,4,0.27352052,-4293.9327,11.21753,-0.95517188,-4281.76
1,4,0.15287324,2,4,0.13928674,3,4,0.25920672,-4293.3519,11.027334,-0.34464525,-4281.9799
1,4,0.13724043,2,4,0.12174718,3,4,0.24609939,-4295.1261,10.10174,-1.9323319,-4283.092
1,4,0.14888259,2,4,0.14951881,3,4,0.26394765,-4293.433,11.246981,-0.42749912,-4281.7585
1,4,0.14334431,2,4,0.1438847,3,4,0.26838544,-4293.1405,11.112289,-0.12189197,-4281.9063
1,4,0.16638031,2,4,0.12940218,3,4,0.25012079,-4295.0119,10.918066,-2.0748885,-4282.019
1,4,0.15813435,2,4,0.15087845,3,4,0.26219778,-4294.196,11.424212,-1.2600334,-4281.5118
1,4,0.13536032,2,4,0.14882401,3,4,0.248801,-4293.5361,10.659707,-0.49927286,-4282.3771
1,4,0.13103884,2,4,0.14491934,3,4,0.26359027,-4293.41,10.790969,-0.37355125,-4282.2455
1,4,0.1515427,2,4,0.13815058,3,4,0.26479854,-4293.3124,11.089837,-0.30260105,-4281.92
1,4,0.14405573,2,4,0.14026515,3,4,0.28028533,-4293.6374,11.292124,-0.64985283,-4281.6954
1,4,0.13805484,2,4,0.1335741,3,4,0.30025578,-4295.572,11.437694,-2.78213,-4281.3522
1,4,0.14843922,2,4,0.13548288,3,4,0.26336001,-4293.2219,10.945642,-0.20203958,-4282.0742
1,4,0.10208256,2,4,0.15700699,3,4,0.22333162,-4302.3826,9.6484234,-7.7014244,-4285.0328
1,4,0.15160562,2,4,0.15024063,3,4,0.27024166,-4293.7937,11.441758,-0.80625066,-4281.5457
1,4,0.1193034,2,4,0.15357999,3,4,0.27203235,-4294.9839,10.898315,-1.874771,-4282.2108
1,4,0.14191515,2,4,0.13969516,3,4,0.2426578,-4293.6624,10.485362,-0.60827671,-4282.5688
1,4,0.15898447,2,4,0.15182381,3,4,0.24009425,-4294.9497,11.018051,-2.00089,-4281.9308
1,4,0.15189835,2,4,0.13651181,3,4,0.26943804,-4293.4517,11.156964,-0.44803169,-4281.8467
1,4,0.16535928,2,4,0.15515527,3,4,0.2327556,-4296.5376,11.065403,-3.69476,-4281.7775
1,4,0.14004781,2,4,0.14775426,3,4,0.23729855,-4294.146,10.502012,-1.056293,-4282.5876
1,4,0.13836645,2,4,0.15175819,3,4,0.25989634,-4293.3212,11.00042,-0.31086407,-4282.01
1,4,0.15244603,2,4,0.15610902,3,4,0.26392286,-4294.1498,11.449558,-1.2042137,-4281.496
1,4,0.10365239,2,4,0.14437072,3,4,0.24493291,-4299.2093,9.8591202,-5.1379927,-4284.2122
1,4,0.14814037,2,4,0.1386325,3,4,0.28755641,-4294.2731,11.486586,-1.3465888,-4281.4399
1,4,0.13644918,2,4,0.15488334,3,4,0.25567061,-4293.5873,10.940063,-0.58426893,-4282.0629
1,4,0.14116441,2,4,0.15058345,3,4,0.29677551,-4295.2963,11.770468,-2.5047087,-4281.0211
1,4,0.14805305,2,4,0.15841533,3,4,0.23122304,-4295.4921,10.753828,-2.4299692,-4282.3083
1,4,0.12822023,2,4,0.1516735,3,4,0.29186315,-4295.1751,11.435138,-2.3089496,-4281.431
1,4,0.13142187,2,4,0.14531933,3,4,0.29627839,-4295.2192,11.460392,-2.3862618,-4281.3726
1,4,0.13944718,2,4,0.12995198,3,4,0.24164294,-4294.3212,10.220842,-1.224158,-4282.8762
1,4,0.12191365,2,4,0.15159355,3,4,0.27851295,-4294.8229,11.040403,-1.7764511,-4282.0061
1,4,0.15956379,2,4,0.12501526,3,4,0.28226949,-4295.1247,11.336971,-2.2188321,-4281.5689
1,4,0.13269508,2,4,0.14870819,3,4,0.26818589,-4293.4442,10.991783,-0.42441904,-4282.028
1,4,0.17541959,2,4,0.12455371,3,4,0.24052378,-4297.1163,10.809942,-4.2331743,-4282.0732
1,4,0.17488566,2,4,0.13161731,3,4,0.27380784,-4296.1905,11.606216,-3.6051135,-4280.9792
1,4,0.13569098,2,4,0.14168771,3,4,0.24185879,-4293.8712,10.38475,-0.80438918,-4282.682
1,4,0.147172,2,4,0.12448767,3,4,0.2628606,-4293.9687,10.690405,-0.88441744,-4282.3939
1,4,0.17290123,2,4,0.1334074,3,4,0.28185691,-4296.3093,11.763311,-3.7292006,-4280.8168
1,4,0.12832696,2,4,0.16182505,3,4,0.290833,-4295.8033,11.6197,-3.0559216,-4281.1277
1,4,0.12422803,2,4,0.15609444,3,4,0.28241707,-4295.0076,11.254791,-2.0572089,-4281.6956
1,4,0.11809969,2,4,0.15542206,3,4,0.26619641,-4295.1311,10.794363,-1.9847147,-4282.352
1,4,0.15693834,2,4,0.15666362,3,4,0.24479077,-4294.8738,11.167855,-1.9691627,-4281.7367
1,4,0.15017604,2,4,0.12884982,3,4,0.25945371,-4293.6294,10.769591,-0.5862182,-4282.2736
1,4,0.14402483,2,4,0.15612641,3,4,0.2513002,-4293.796,11.029029,-0.81044703,-4281.9566
1,4,0.14060657,2,4,0.13498108,3,4,0.25854793,-4293.2034,10.682712,-0.17727337,-4282.3434
1,4,0.13558153,2,4,0.15011093,3,4,0.25928184,-4293.3068,10.899486,-0.28809824,-4282.1192
1,4,0.15088153,2,4,0.12094535,3,4,0.26054632,-4294.4733,10.647464,-1.3418384,-4282.484
1,4,0.13842963,2,4,0.14320279,3,4,0.26936793,-4293.1721,11.020007,-0.1537497,-4281.9984
1,4,0.15537395,2,4,0.13427927,3,4,0.27386376,-4293.8705,11.27034,-0.89651918,-4281.7036
1,4,0.14803226,2,4,0.12654558,3,4,0.25594446,-4293.8344,10.610446,-0.76333193,-4282.4606
1,4,0.15551917,2,4,0.12975116,3,4,0.27137535,-4293.9746,11.132914,-0.98385106,-4281.8579
1,4,0.14412334,2,4,0.13764912,3,4,0.2681224,-4293.1527,10.997897,-0.13330708,-4282.0215
1,4,0.13275784,2,4,0.14326081,3,4,0.25480782,-4293.3822,10.61653,-0.3464782,-4282.4192
1,4,0.14443171,2,4,0.1394188,3,4,0.24695786,-4293.4034,10.616167,-0.36738012,-4282.4198
1,4,0.15663495,2,4,0.13981549,3,4,0.2740952,-4293.9371,11.410913,-0.97499812,-4281.5512
1,4,0.1440949,2,4,0.15638277,3,4,0.25923972,-4293.6944,11.194348,-0.71661808,-4281.7835
1,4,0.11204216,2,4,0.1685326,3,4,0.2586894,-4297.2161,10.785283,-4.0314097,-4282.3994
1,4,0.14718086,2,4,0.13961968,3,4,0.27823528,-4293.5935,11.300716,-0.6007901,-4281.692
1,4,0.16824269,2,4,0.13720568,3,4,0.25848922,-4294.853,11.278752,-2.0270335,-4281.5472
1,4,0.14249085,2,4,0.13483549,3,4,0.27504521,-4293.4619,11.047431,-0.44972555,-4281.9648
1,4,0.13849279,2,4,0.1287148,3,4,0.2377116,-4294.8227,10.098384,-1.6799567,-4283.0444
1,4,0.1692749,2,4,0.12308375,3,4,0.25746215,-4295.6404,10.996416,-2.7278916,-4281.9161
1,4,0.15600998,2,4,0.14157587,3,4,0.25292656,-4293.6677,11.010248,-0.6753358,-4281.9822
1,4,0.11891995,2,4,0.15142149,3,4,0.27045259,-4294.9275,10.815881,-1.7874051,-4282.3242
1,4,0.12551698,2,4,0.1441197,3,4,0.26524156,-4293.9154,10.697565,-0.83588918,-4282.3819
1,4,0.14217249,2,4,0.13215403,3,4,0.24171611,-4294.0607,10.320853,-0.9801929,-4282.7597
1,4,0.14120266,2,4,0.16077933,3,4,0.23509164,-4295.1683,10.741473,-2.132012,-4282.2948
1,4,0.13163054,2,4,0.14793494,3,4,0.25051449,-4293.6368,10.601599,-0.58895435,-4282.4462
1,4,0.11752665,2,4,0.14043584,3,4,0.26794459,-4295.1964,10.518142,-1.9522371,-4282.726
1,4,0.12426696,2,4,0.12282316,3,4,0.29470395,-4297.2719,10.835882,-4.0840828,-4282.352
1,4,0.13831246,2,4,0.13513814,3,4,0.23821537,-4294.2784,10.23332,-1.1816322,-4282.8635
1,4,0.13420308,2,4,0.13570492,3,4,0.24135215,-4294.2045,10.225203,-1.1226143,-4282.8567
1,4,0.12377975,2,4,0.1561275,3,4,0.2443527,-4295.0092,10.485199,-1.864557,-4282.6595
1,4,0.16030901,2,4,0.12876102,3,4,0.23565817,-4295.4373,10.494564,-2.3009666,-4282.6418
1,4,0.15399041,2,4,0.11949049,3,4,0.25022112,-4295.0514,10.47404,-1.8601126,-4282.7172
1,4,0.1431701,2,4,0.1674273,3,4,0.24186406,-4295.4338,11.049229,-2.575869,-4281.8087
1,4,0.13015971,2,4,0.14964131,3,4,0.27137752,-4293.705,11.023571,-0.68579283,-4281.9956
1,4,0.13473249,2,4,0.15670626,3,4,0.28622099,-4294.7394,11.553195,-1.8625403,-4281.3237
1,4,0.11773458,2,4,0.15120975,3,4,0.268333,-4295.0653,10.745547,-1.8885895,-4282.4311
1,4,0.15161057,2,4,0.14548992,3,4,0.23223591,-4294.7955,10.586728,-1.6776291,-4282.5312
1,4,0.13905869,2,4,0.13704211,3,4,0.29517821,-4294.8844,11.42558,-2.0258203,-4281.433
1,4,0.1519824,2,4,0.14393523,3,4,0.25390438,-4293.4156,10.99644,-0.40708447,-4282.0121
1,4,0.13574404,2,4,0.14673671,3,4,0.26032562,-4293.1891,10.856127,-0.16631418,-4282.1667
1,4,0.14757982,2,4,0.15510965,3,4,0.2263523,-4295.7891,10.580835,-2.6160555,-4282.5922
1,4,0.13462921,2,4,0.15429494,3,4,0.24509589,-4294.0071,10.680401,-0.96563305,-4282.361
1,4,0.14234098,2,4,0.13171353,3,4,0.25977224,-4293.3482,10.676535,-0.31274006,-4282.3589
1,4,0.12307004,2,4,0.16039134,3,4,0.2451003,-4295.3329,10.571234,-2.2084036,-4282.5532
1,4,0.15103874,2,4,0.15633476,3,4,0.23835616,-4294.7982,10.914593,-1.8030205,-4282.0806
1,4,0.1690344,2,4,0.14602837,3,4,0.26442764,-4295.2724,11.589808,-2.5149462,-4281.1676
1,4,0.15882597,2,4,0.11311977,3,4,0.27123324,-4296.1404,10.86358,-2.9315093,-4282.3453
1,4,0.13229196,2,4,0.16141521,3,4,0.24309483,-4294.7867,10.73604,-1.7683674,-4282.2823
1,4,0.1330699,2,4,0.14859914,3,4,0.25571969,-4293.409,10.747775,-0.37801987,-4282.2832
1,4,0.14637116,2,4,0.13887431,3,4,0.26885836,-4293.1896,11.082077,-0.17269716,-4281.9348
1,4,0.15334224,2,4,0.13128731,3,4,0.24888983,-4293.8699,10.670388,-0.82512107,-4282.3744
1,4,0.1086582,2,4,0.15668595,3,4,0.25783939,-4297.1034,10.463671,-3.5803639,-4283.0594
1,4,0.15451607,2,4,0.12239742,3,4,0.25031047,-4294.673,10.544479,-1.5420993,-4282.5865
1,4,0.14391199,2,4,0.1512204,3,4,0.24778535,-4293.5918,10.858355,-0.57250802,-4282.1609
1,4,0.11701712,2,4,0.15074244,3,4,0.26539265,-4295.143,10.663044,-1.9338725,-4282.5461
1,4,0.12885019,2,4,0.12667701,3,4,0.2665195,-4294.6545,10.440934,-1.5074693,-4282.7061
1,4,0.12207258,2,4,0.14408396,3,4,0.25419036,-4294.4806,10.406938,-1.3309473,-4282.7427
1,4,0.13276073,2,4,0.1475304,3,4,0.27187488,-4293.5099,11.04332,-0.4941625,-4281.9724
1,4,0.14664976,2,4,0.12175256,3,4,0.25934197,-4294.3255,10.554886,-1.1935883,-4282.577
1,4,0.14973086,2,4,0.12636066,3,4,0.24945744,-4294.1044,10.510979,-1.0149859,-4282.5785
1,4,0.13935015,2,4,0.13036577,3,4,0.28957349,-4294.6811,11.185788,-1.7314117,-4281.7639
1,4,0.13986789,2,4,0.13536601,3,4,0.25196453,-4293.3557,10.543969,-0.32514284,-4282.4865
1,4,0.13930843,2,4,0.13454014,3,4,0.30372363,-4295.9065,11.551444,-3.1961033,-4281.159
1,4,0.12565156,2,4,0.12587081,3,4,0.26171412,-4295.1597,10.26473,-1.9516227,-4282.9434
1,4,0.15994834,2,4,0.14425839,3,4,0.27766456,-4294.5548,11.637426,-1.6479511,-4281.2695
1,4,0.13307276,2,4,0.15601254,3,4,0.28376811,-4294.5443,11.457068,-1.6372522,-4281.45
1,4,0.13544903,2,4,0.15022789,3,4,0.25674494,-4293.3439,10.848437,-0.32320791,-4282.1723
1,4,0.15163873,2,4,0.12011618,3,4,0.25314699,-4294.7659,10.498038,-1.595738,-4282.6722
1,4,0.14046953,2,4,0.1307118,3,4,0.25257537,-4293.6105,10.475134,-0.56262055,-4282.5728
1,4,0.14832573,2,4,0.15658243,3,4,0.25450695,-4293.9237,11.188302,-0.95934495,-4281.7761
1,4,0.13795347,2,4,0.14903386,3,4,0.25021134,-4293.4043,10.743973,-0.37689856,-4282.2835
1,4,0.14445116,2,4,0.13526341,3,4,0.259182,-4293.1585,10.777931,-0.13392636,-4282.2466
1,4,0.12510543,2,4,0.13957678,3,4,0.29395818,-4295.5559,11.172808,-2.6115244,-4281.7716
1,4,0.14740546,2,4,0.13230355,3,4,0.25951758,-4293.3322,10.784532,-0.30184209,-4282.2458
1,4,0.14757238,2,4,0.13965105,3,4,0.25902128,-4293.1151,10.924894,-0.095630429,-4282.0946
1,4,0.1303666,2,4,0.14654349,3,4,0.26486692,-4293.4828,10.83554,-0.44614649,-4282.2011
1,4,0.14824536,2,4,0.14404094,3,4,0.24192776,-4293.7797,10.684281,-0.73059723,-4282.3648
1,4,0.14237913,2,4,0.12567832,3,4,0.2565024,-4293.9333,10.491197,-0.84780496,-4282.5943
1,4,0.15991475,2,4,0.13660903,3,4,0.25917889,-4293.9076,11.114053,-0.94620495,-4281.8473
1,4,0.13993326,2,4,0.14319877,3,4,0.24557997,-4293.4758,10.57424,-0.43499649,-4282.4665
1,4,0.14868868,2,4,0.13762304,3,4,0.26783679,-4293.2497,11.08297,-0.23492652,-4281.9318
1,4,0.17590403,2,4,0.15205305,3,4,0.27158756,-4297.1143,11.990893,-4.6726226,-4280.4507
1,4,0.15119241,2,4,0.16222895,3,4,0.24535772,-4294.9695,11.175581,-2.0877444,-4281.7061
1,4,0.11530405,2,4,0.16004578,3,4,0.25031348,-4296.1659,10.513266,-2.8887113,-4282.7639
1,4,0.14835777,2,4,0.15208005,3,4,0.24263122,-4294.05,10.861381,-1.0296952,-4282.1589
1,4,0.13870728,2,4,0.13878271,3,4,0.25132834,-4293.286,10.576367,-0.25841239,-4282.4513
1,4,0.15049428,2,4,0.13716834,3,4,0.26699584,-4293.3117,11.093169,-0.30021319,-4281.9183
1,4,0.16088943,2,4,0.13832687,3,4,0.26901616,-4294.1282,11.364649,-1.1974795,-4281.566
1,4,0.1518702,2,4,0.13673942,3,4,0.25654517,-4293.3519,10.903096,-0.33676386,-4282.112
1,4,0.13292584,2,4,0.12987972,3,4,0.25910593,-4293.9281,10.43823,-0.85596285,-4282.6339
1,4,0.14279383,2,4,0.15420553,3,4,0.24048077,-4294.1859,10.749603,-1.1465687,-4282.2897
1,4,0.11727524,2,4,0.14406558,3,4,0.26532393,-4295.1013,10.533295,-1.8645062,-4282.7035
1,4,0.14290557,2,4,0.1271526,3,4,0.26857885,-4293.7668,10.77274,-0.70826027,-4282.2858
1,4,0.16682849,2,4,0.1163828,3,4,0.27328795,-4296.3106,11.129985,-3.3428069,-4281.8378
1,4,0.12242644,2,4,0.15211436,3,4,0.29306043,-4295.8128,11.352024,-2.9282355,-4281.5325
1,4,0.15694896,2,4,0.13168441,3,4,0.26614233,-4293.8439,11.095514,-0.85608274,-4281.8923
1,4,0.14681691,2,4,0.15603128,3,4,0.24157844,-4294.3392,10.888533,-1.3341835,-4282.1165
1,4,0.11006547,2,4,0.14596926,3,4,0.25401672,-4296.7855,10.201029,-3.2328558,-4283.3516
1,4,0.15427204,2,4,0.13563463,3,4,0.21098145,-4298.4131,10.017762,-4.6768741,-4283.7184
1,4,0.14253318,2,4,0.15256522,3,4,0.24368971,-4293.8657,10.775762,-0.83482996,-4282.2551
1,4,0.15144005,2,4,0.14666302,3,4,0.26971533,-4293.5729,11.356368,-0.57284693,-4281.6437
1,4,0.15037756,2,4,0.13339605,3,4,0.26485241,-4293.38,10.97252,-0.36184288,-4282.0457
1,4,0.16863165,2,4,0.14043879,3,4,0.26541,-4295.0065,11.489609,-2.2162368,-4281.3006
1,4,0.13117348,2,4,0.15336944,3,4,0.28428377,-4294.4811,11.376534,-1.5530058,-4281.5515
1,4,0.13719548,2,4,0.14016596,3,4,0.26649879,-4293.1539,10.877205,-0.13159386,-4282.1451
1,4,0.1537856,2,4,0.14655101,3,4,0.24685294,-4293.8465,10.943791,-0.84243713,-4282.0602
1,4,0.11372907,2,4,0.15125046,3,4,0.2597958,-4295.7897,10.495507,-2.4575007,-4282.8367
1,4,0.13063008,2,4,0.15255845,3,4,0.23975757,-4294.5182,10.458922,-1.4103168,-4282.649
1,4,0.13351693,2,4,0.15001993,3,4,0.27121637,-4293.5354,11.095065,-0.52679474,-4281.9136
1,4,0.15131542,2,4,0.12732408,3,4,0.25978326,-4293.7882,10.768455,-0.73728213,-4282.2825
1,4,0.14799385,2,4,0.14148795,3,4,0.27130649,-4293.3149,11.215766,-0.30340839,-4281.7958
1,4,0.16687057,2,4,0.14336443,3,4,0.27602405,-4295.2658,11.725181,-2.4780708,-4281.0626
1,4,0.11815741,2,4,0.1582087,3,4,0.2492926,-4295.6167,10.513174,-2.4009265,-4282.7026
1,4,0.14343688,2,4,0.15842066,3,4,0.23593749,-4294.8929,10.755901,-1.8527898,-4282.2842
1,4,0.15303316,2,4,0.12145768,3,4,0.25021567,-4294.7386,10.49413,-1.5854846,-4282.659
1,4,0.14187564,2,4,0.15749632,3,4,0.23111988,-4295.2869,10.609837,-2.1740528,-4282.5031
1,4,0.11557932,2,4,0.14884664,3,4,0.24728667,-4295.8756,10.234253,-2.5272495,-4283.1141
1,4,0.13823246,2,4,0.13940067,3,4,0.25231943,-4293.2505,10.599051,-0.22423664,-4282.4272
1,4,0.15835993,2,4,0.13658354,3,4,0.28969201,-4295.1289,11.692709,-2.3049596,-4281.1312
1,4,0.14177464,2,4,0.13735912,3,4,0.25423233,-4293.1751,10.667322,-0.1508189,-4282.357
1,4,0.14833538,2,4,0.13324841,3,4,0.26758871,-4293.3625,10.98345,-0.34237355,-4282.0367
1,4,0.13028761,2,4,0.13753664,3,4,0.2492592,-4293.9187,10.341669,-0.85415954,-4282.7229
1,4,0.13108978,2,4,0.1467061,3,4,0.27493123,-4293.7003,11.054542,-0.6857363,-4281.96
1,4,0.11396555,2,4,0.1658572,3,4,0.27326295,-4296.6808,11.061714,-3.6373262,-4281.9818
1,4,0.14136594,2,4,0.14457139,3,4,0.24104828,-4293.7636,10.539712,-0.70205037,-4282.5218
1,4,0.16459327,2,4,0.14332982,3,4,0.24539328,-4294.8296,11.066327,-1.9265821,-4281.8367
1,4,0.13491664,2,4,0.14569889,3,4,0.25438537,-4293.2889,10.700018,-0.25996584,-4282.3289
1,4,0.14056556,2,4,0.16382734,3,4,0.24710852,-4294.6542,11.030028,-1.7359508,-4281.8882
1,4,0.15485975,2,4,0.1451313,3,4,0.25338672,-4293.6514,11.067555,-0.65966819,-4281.9242
1,4,0.13430825,2,4,0.16636811,3,4,0.26319072,-4294.7062,11.277342,-1.851325,-4281.5775
1,4,0.13578509,2,4,0.14840593,3,4,0.25274529,-4293.3587,10.738726,-0.33110253,-4282.2889
1,4,0.14328842,2,4,0.14960337,3,4,0.27388301,-4293.5271,11.335496,-0.52620858,-4281.6654
1,4,0.14415105,2,4,0.13298569,3,4,0.26648769,-4293.2914,10.872489,-0.26429042,-4282.1546
1,4,0.14940121,2,4,0.14486042,3,4,0.28947636,-4294.6019,11.67476,-1.7014761,-4281.2257
1,4,0.14577041,2,4,0.13317309,3,4,0.28392732,-4294.0566,11.257416,-1.0895653,-4281.7096
1,4,0.12974674,2,4,0.15830475,3,4,0.27908071,-4294.5641,11.342644,-1.6413909,-4281.5801
1,4,0.14629443,2,4,0.13710627,3,4,0.25858994,-4293.127,10.839813,-0.10514824,-4282.1821
1,4,0.16561472,2,4,0.13030871,3,4,0.27074049,-4294.8378,11.333279,-1.9753288,-4281.5292
1,4,0.16321704,2,4,0.14538847,3,4,0.26066742,-4294.4164,11.385458,-1.5241584,-4281.5067
1,4,0.13844487,2,4,0.16888749,3,4,0.27399922,-4295.3313,11.626632,-2.5853455,-4281.1193
1,4,0.15151736,2,4,0.16967345,3,4,0.2559061,-4295.7212,11.541938,-3.0317055,-4281.1476
1,4,0.15905122,2,4,0.11727747,3,4,0.2389227,-4296.4259,10.305028,-3.0900091,-4283.0309
1,4,0.15792719,2,4,0.12783551,3,4,0.26464084,-4294.1165,11.008071,-1.1154678,-4281.9929
1,4,0.13901142,2,4,0.14316358,3,4,0.26582545,-4293.0873,10.960009,-0.066840211,-4282.0605
1,4,0.12529279,2,4,0.12203998,3,4,0.29350164,-4297.137,10.816688,-3.9398512,-4282.3805
1,4,0.13424955,2,4,0.14640092,3,4,0.27190203,-4293.4175,11.05105,-0.40239018,-4281.964
1,4,0.14886219,2,4,0.1323336,3,4,0.25686313,-4293.3955,10.761178,-0.36443322,-4282.2698
1,4,0.14965821,2,4,0.14937578,3,4,0.27068803,-4293.6363,11.39444,-0.63801233,-4281.6038
1,4,0.13242538,2,4,0.12157642,3,4,0.25847285,-4295.0357,10.249493,-1.8352653,-4282.951
1,4,0.13454487,2,4,0.13545383,3,4,0.23775558,-4294.5066,10.155086,-1.3960801,-4282.9554
1,4,0.15799101,2,4,0.12174257,3,4,0.25749515,-4294.7254,10.744575,-1.6349067,-4282.3459
1,4,0.14474574,2,4,0.15309936,3,4,0.27020628,-4293.6377,11.361028,-0.64546489,-4281.6312
1,4,0.11120517,2,4,0.16326341,3,4,0.25464043,-4297.0139,10.58218,-3.6599868,-4282.7717
1,4,0.15101936,2,4,0.13648393,3,4,0.24483876,-4293.7461,10.646841,-0.70147776,-4282.3978
1,4,0.12175314,2,4,0.15693793,3,4,0.27669725,-4295.0108,11.107767,-1.9998271,-4281.9032
1,4,0.16688492,2,4,0.1512422,3,4,0.2834598,-4296.2945,12.031738,-3.5983435,-4280.6644
1,4,0.15462004,2,4,0.14977651,3,4,0.26708375,-4293.8935,11.429606,-0.91937273,-4281.5445
1,4,0.16604941,2,4,0.14538435,3,4,0.2810843,-4295.5706,11.850361,-2.8010498,-4280.9192
1,4,0.13457734,2,4,0.13689154,3,4,0.25591894,-4293.3945,10.547756,-0.36169764,-4282.485
1,4,0.14240884,2,4,0.14816645,3,4,0.288483,-4294.3912,11.581166,-1.4750036,-4281.3351
1,4,0.15564933,2,4,0.13193388,3,4,0.25114573,-4293.874,10.774579,-0.84881056,-4282.2506
1,4,0.11441555,2,4,0.17209714,3,4,0.28550578,-4297.8903,11.440369,-5.2002125,-4281.2497
1,4,0.14429878,2,4,0.14088655,3,4,0.2648463,-4293.0607,11.000633,-0.040244441,-4282.0198
1,4,0.15234573,2,4,0.12662142,3,4,0.24824846,-4294.2166,10.544312,-1.1285472,-4282.5437
1,4,0.15250858,2,4,0.15508477,3,4,0.24006097,-4294.6616,10.953086,-1.6755286,-4282.0329
1,4,0.15201967,2,4,0.12626682,3,4,0.26691789,-4293.9395,10.904088,-0.89596467,-4282.1395
1,4,0.13646383,2,4,0.13064501,3,4,0.25421118,-4293.7285,10.4264,-0.67539474,-4282.6267
1,4,0.15144815,2,4,0.14910587,3,4,0.24236059,-4294.056,10.858292,-1.0338973,-4282.1638
1,4,0.13044005,2,4,0.1349687,3,4,0.27014858,-4293.8113,10.711147,-0.75452218,-4282.3456
1,4,0.14460314,2,4,0.15112191,3,4,0.25513322,-4293.3741,11.017165,-0.36507795,-4281.9919
1,4,0.13709714,2,4,0.14523977,3,4,0.26536146,-4293.1446,10.953967,-0.12390941,-4282.0667
1,4,0.115048,2,4,0.16484374,3,4,0.25015213,-4296.599,10.600877,-3.3686664,-4282.6294
1,4,0.13324441,2,4,0.12474592,3,4,0.24488841,-4295.0726,10.057575,-1.9094631,-4283.1056
1,4,0.14855549,2,4,0.13041767,3,4,0.23554709,-4294.7322,10.290405,-1.5807282,-4282.861
1,4,0.16089094,2,4,0.12615076,3,4,0.26706043,-4294.5134,11.082043,-1.5391919,-4281.8922
1,4,0.13662586,2,4,0.13748242,3,4,0.2311915,-4294.9829,10.105995,-1.8040472,-4283.0728
1,4,0.12312589,2,4,0.15599411,3,4,0.26765243,-4294.5211,10.935449,-1.4714296,-4282.1142
1,4,0.14217435,2,4,0.15432408,3,4,0.26367087,-4293.5115,11.203386,-0.51794374,-4281.7902
1,4,0.13826526,2,4,0.13925726,3,4,0.27477256,-4293.3825,11.045902,-0.37059734,-4281.966
1,4,0.16081519,2,4,0.13699224,3,4,0.26672606,-4294.0612,11.29067,-1.123011,-4281.6475
1,4,0.15391438,2,4,0.14724147,3,4,0.22536112,-4295.8098,10.530339,-2.6059823,-4282.6735
1,4,0.12899574,2,4,0.12589583,3,4,0.26280566,-4294.7238,10.353945,-1.5675091,-4282.8023
1,4,0.14684252,2,4,0.14366204,3,4,0.28193514,-4293.8563,11.448794,-0.88253014,-4281.525
1,4,0.15859639,2,4,0.13815578,3,4,0.251514,-4293.9063,10.965324,-0.92365678,-4282.0174
1,4,0.13253549,2,4,0.14943396,3,4,0.29260935,-4294.917,11.491576,-2.0548937,-4281.3705
1,4,0.14474791,2,4,0.15742474,3,4,0.26088627,-4293.809,11.261178,-0.84257987,-4281.7052
1,4,0.12812032,2,4,0.15267435,3,4,0.22910837,-4295.8663,10.198061,-2.5851091,-4283.0832
1,4,0.13939513,2,4,0.13644041,3,4,0.27777719,-4293.5686,11.072255,-0.5634605,-4281.9329
1,4,0.14981343,2,4,0.16073335,3,4,0.22710271,-4296.2774,10.75299,-3.2027165,-4282.3216
1,4,0.1426834,2,4,0.12865096,3,4,0.23941312,-4294.5305,10.21495,-1.4053731,-4282.9102
1,4,0.16249919,2,4,0.14351005,3,4,0.23680874,-4295.1729,10.856359,-2.1865087,-4282.13
1,4,0.14672436,2,4,0.12673108,3,4,0.25036939,-4293.984,10.476497,-0.90006037,-4282.6074
1,4,0.13110401,2,4,0.14916231,3,4,0.27929416,-4293.977,11.19121,-0.98921918,-4281.7965
1,4,0.16826796,2,4,0.13667173,3,4,0.24337193,-4295.335,10.966232,-2.4496864,-4281.9191
1,4,0.13563897,2,4,0.15025104,3,4,0.25470296,-4293.3775,10.811859,-0.35499716,-4282.2106
1,4,0.15326035,2,4,0.11395061,3,4,0.27078272,-4295.7381,10.759873,-2.4916311,-4282.4866
1,4,0.1372811,2,4,0.14162752,3,4,0.23972982,-4293.9682,10.372769,-0.89089847,-4282.7045
1,4,0.12641894,2,4,0.16012226,3,4,0.26893757,-4294.5302,11.109575,-1.5596353,-4281.861
1,4,0.16393351,2,4,0.13437153,3,4,0.21790103,-4297.8442,10.324121,-4.4267995,-4283.0933
1,4,0.12849838,2,4,0.14126158,3,4,0.27731355,-4293.9984,10.94147,-0.96357946,-4282.0934
1,4,0.13466031,2,4,0.14477814,3,4,0.24820193,-4293.5205,10.552808,-0.47862113,-4282.4891
1,4,0.13575592,2,4,0.14568441,3,4,0.23570205,-4294.3915,10.342847,-1.2722589,-4282.7764
1,4,0.17116116,2,4,0.12286026,3,4,0.2161326,-4299.9417,10.20308,-6.3125761,-4283.426
1,4,0.15076248,2,4,0.16578892,3,4,0.26382446,-4295.1424,11.607517,-2.3437846,-4281.1911
1,4,0.14470291,2,4,0.13959165,3,4,0.25551083,-4293.1015,10.796108,-0.079479917,-4282.2259
1,4,0.15326385,2,4,0.14023785,3,4,0.26177698,-4293.3782,11.105574,-0.37448526,-4281.8982
1,4,0.1482092,2,4,0.11013172,3,4,0.24641967,-4297.012,10.095212,-3.4361262,-4283.4806
1,4,0.14574321,2,4,0.13175023,3,4,0.24648006,-4293.7514,10.47947,-0.69293578,-4282.579
1,4,0.13144485,2,4,0.15717209,3,4,0.28423073,-4294.723,11.456953,-1.8313242,-4281.4348
1,4,0.1411891,2,4,0.13710556,3,4,0.23708065,-4294.2021,10.307506,-1.1026807,-4282.7919
1,4,0.13235177,2,4,0.12753625,3,4,0.2940759,-4295.6905,11.079278,-2.7185481,-4281.8927
1,4,0.15541586,2,4,0.12586915,3,4,0.25915591,-4294.1107,10.808818,-1.0621995,-4282.2397
1,4,0.14942441,2,4,0.1532808,3,4,0.25651534,-4293.6868,11.184411,-0.70130202,-4281.801
1,4,0.1340172,2,4,0.12970575,3,4,0.23759558,-4295.0176,10.026371,-1.86878,-4283.1225
1,4,0.12237947,2,4,0.1544852,3,4,0.2774989,-4294.8392,11.087271,-1.8162887,-4281.9357
1,4,0.14535465,2,4,0.13996844,3,4,0.22915048,-4294.9609,10.289471,-1.767379,-4282.904
1,4,0.15805564,2,4,0.12594464,3,4,0.26999948,-4294.3713,11.079995,-1.3761234,-4281.9152
1,4,0.13237775,2,4,0.13352096,3,4,0.26382219,-4293.6552,10.594418,-0.60295057,-4282.4578
1,4,0.11485207,2,4,0.14109066,3,4,0.24166525,-4296.6045,9.9521596,-3.1633363,-4283.489
1,4,0.15735412,2,4,0.13238293,3,4,0.24383277,-4294.3266,10.671396,-1.2805147,-4282.3746
1,4,0.13146089,2,4,0.15150868,3,4,0.24516419,-4294.0296,10.562675,-0.96373102,-4282.5032
1,4,0.12791608,2,4,0.13591057,3,4,0.26748712,-4293.9438,10.626275,-0.867706,-4282.4498
1,4,0.1393057,2,4,0.15513165,3,4,0.25009785,-4293.7163,10.890704,-0.71111717,-4282.1145
1,4,0.15880978,2,4,0.12905186,3,4,0.2831772,-4294.8539,11.420777,-1.9636172,-4281.4695
1,4,0.13165226,2,4,0.15593334,3,4,0.27217345,-4293.9763,11.195181,-0.99976178,-4281.7814
1,4,0.16530425,2,4,0.14472564,3,4,0.23719734,-4295.496,10.944545,-2.5681022,-4281.9834
1,4,0.14946997,2,4,0.1220926,3,4,0.28528828,-4295.1012,11.137017,-2.0946514,-4281.8696
1,4,0.1538632,2,4,0.15389233,3,4,0.24906125,-4294.1922,11.136336,-1.2341639,-4281.8217
1,4,0.12771736,2,4,0.16776974,3,4,0.26244352,-4295.1445,11.158612,-2.2828195,-4281.7031
1,4,0.14203996,2,4,0.12418797,3,4,0.25131274,-4294.2841,10.350813,-1.1674721,-4282.7659
1,4,0.16180363,2,4,0.14564252,3,4,0.25787055,-4294.2622,11.306334,-1.3469629,-4281.6089
1,4,0.13478174,2,4,0.15690475,3,4,0.27316548,-4293.9791,11.297039,-1.0191546,-4281.663
1,4,0.1316062,2,4,0.13728792,3,4,0.27460926,-4293.7481,10.870068,-0.71356199,-4282.1644
1,4,0.13326238,2,4,0.15996148,3,4,0.28710881,-4295.1248,11.606653,-2.3003459,-4281.2178
1,4,0.15641963,2,4,0.12815347,3,4,0.24503988,-4294.4636,10.59226,-1.3865491,-4282.4848
1,4,0.1253756,2,4,0.13263763,3,4,0.28784894,-4295.3955,10.917243,-2.332449,-4282.1458
1,4,0.1386608,2,4,0.13219125,3,4,0.22224763,-4296.4882,9.8619936,-3.1020031,-4283.5242
1,4,0.15304623,2,4,0.12133104,3,4,0.27428636,-4294.7024,10.973273,-1.6360805,-4282.0931
1,4,0.12204144,2,4,0.1623411,3,4,0.30363961,-4297.6287,11.760443,-5.1341957,-4280.734
1,4,0.13333386,2,4,0.12651839,3,4,0.25390688,-4294.3768,10.275182,-1.2683191,-4282.8333
1,4,0.13215385,2,4,0.14532164,3,4,0.28262157,-4294.0315,11.201941,-1.0523363,-4281.7772
1,4,0.14067751,2,4,0.14535109,3,4,0.25517223,-4293.1198,10.824017,-0.098055109,-4282.1977
1,4,0.1254213,2,4,0.1598231,3,4,0.27469902,-4294.7701,11.198869,-1.8174422,-4281.7538
1,4,0.14780298,2,4,0.11050151,3,4,0.26524727,-4296.3375,10.471035,-2.8891153,-4282.9774
1,4,0.14530248,2,4,0.14728407,3,4,0.26413239,-4293.1925,11.134379,-0.17559896,-4281.8825
1,4,0.1387704,2,4,0.12961848,3,4,0.2744054,-4293.8217,10.855886,-0.7805966,-4282.1853
1,4,0.13782968,2,4,0.13060154,3,4,0.29139619,-4294.8684,11.196548,-1.9324483,-4281.7394
1,4,0.12956967,2,4,0.14057432,3,4,0.24726038,-4293.9763,10.348087,-0.90285782,-4282.7253
1,4,0.15822075,2,4,0.13070747,3,4,0.25885661,-4293.9528,10.955697,-0.95645827,-4282.0407
1,4,0.14169471,2,4,0.13915276,3,4,0.2703043,-4293.1768,11.023035,-0.15908448,-4281.9947
1,4,0.13232238,2,4,0.13837001,3,4,0.27164701,-4293.5554,10.846788,-0.52227184,-4282.1864
1,4,0.13455008,2,4,0.16048421,3,4,0.25745766,-4294.0636,11.049839,-1.104318,-4281.9094
1,4,0.13580568,2,4,0.12110361,3,4,0.25147828,-4295.0391,10.167751,-1.8441979,-4283.0272
1,4,0.13587514,2,4,0.1436994,3,4,0.25286837,-4293.2751,10.648858,-0.2463106,-4282.3799
1,4,0.116635,2,4,0.13569501,3,4,0.25202022,-4295.9003,10.087005,-2.5650829,-4283.2483
1,4,0.1365481,2,4,0.11684356,3,4,0.25140701,-4295.7521,10.095973,-2.4410837,-4283.2151
1,4,0.1366723,2,4,0.13746486,3,4,0.24037041,-4294.0544,10.290151,-0.97746103,-4282.7868
1,4,0.11919128,2,4,0.15549053,3,4,0.26744028,-4294.9876,10.842442,-1.8703341,-4282.2748
1,4,0.14191107,2,4,0.14720028,3,4,0.26141947,-4293.1125,11.010616,-0.093811128,-4282.0081
1,4,0.13894217,2,4,0.13968402,3,4,0.25505372,-4293.1479,10.673598,-0.12480348,-4282.3494
1,4,0.14878015,2,4,0.17121284,3,4,0.25451914,-4295.7712,11.490243,-3.0995583,-4281.1814
1,4,0.14469458,2,4,0.13065969,3,4,0.28122757,-4294.0014,11.131637,-1.0072047,-4281.8625
1,4,0.15988535,2,4,0.12792973,3,4,0.24769488,-4294.5814,10.710199,-1.5389993,-4282.3322
1,4,0.13710019,2,4,0.15549603,3,4,0.2651851,-4293.6085,11.155626,-0.62054962,-4281.8323
1,4,0.13970108,2,4,0.13541838,3,4,0.25038752,-4293.4182,10.51014,-0.38494403,-4282.5231
1,4,0.14333429,2,4,0.1199213,3,4,0.25899334,-4294.6383,10.444978,-1.4610717,-4282.7322
1,4,0.14025079,2,4,0.15720227,3,4,0.26047112,-4293.6956,11.158484,-0.71938474,-4281.8177
1,4,0.13886983,2,4,0.14545776,3,4,0.26483893,-4293.1057,10.983331,-0.085811382,-4282.0366
1,4,0.15354199,2,4,0.13607707,3,4,0.25636341,-4293.4597,10.919649,-0.44907467,-4282.091
1,4,0.1474903,2,4,0.14714518,3,4,0.25518542,-4293.2747,10.996418,-0.2596504,-4282.0186
1,4,0.11361809,2,4,0.13565812,3,4,0.27189776,-4296.3615,10.423479,-2.9454016,-4282.9926
1,4,0.14092784,2,4,0.14606599,3,4,0.233908,-4294.4247,10.418037,-1.3005066,-4282.7062
1,4,0.11630366,2,4,0.14888256,3,4,0.23153409,-4297.2097,9.9344062,-3.6839206,-4283.5914
1,4,0.1402626,2,4,0.1354151,3,4,0.29086699,-4294.5086,11.330894,-1.5944794,-4281.5832
1,4,0.13474053,2,4,0.12127368,3,4,0.26878653,-4294.8761,10.496015,-1.6933824,-4282.6867
1,4,0.14219099,2,4,0.14346666,3,4,0.28227292,-4293.7672,11.358611,-0.79096372,-4281.6176
1,4,0.13575137,2,4,0.13310902,3,4,0.25792354,-4293.4968,10.535678,-0.45732396,-4282.5038
1,4,0.16710531,2,4,0.12571386,3,4,0.26365176,-4295.1337,11.129419,-2.239583,-4281.7647
