1,4,0.14964277,2,4,0.17228697,3,4,0.29864714,-4451.3595,12.411538,-0.47214121,-4438.4758
1,4,0.13954942,2,4,0.15964059,3,4,0.31188126,-4451.0978,12.221425,-0.19135481,-4438.685
1,4,0.14681029,2,4,0.17469773,3,4,0.31034674,-4451.3648,12.637095,-0.48922327,-4438.2385
1,4,0.14502297,2,4,0.15956197,3,4,0.28361739,-4451.7821,11.764047,-0.82825269,-4439.1898
1,4,0.17566868,2,4,0.17048347,3,4,0.34469346,-4455.2978,13.816912,-4.9084462,-4436.5725
1,4,0.15442496,2,4,0.15417612,3,4,0.31027838,-4451.1075,12.377589,-0.20840994,-4438.5215
1,4,0.16019922,2,4,0.14023425,3,4,0.29559361,-4452.4414,11.920542,-1.4377205,-4439.0832
1,4,0.14284323,2,4,0.1462855,3,4,0.302715,-4451.6971,11.836875,-0.75108391,-4439.1091
1,4,0.11869762,2,4,0.1713833,3,4,0.31045681,-4453.2681,12.010755,-2.1259464,-4439.1314
1,4,0.14184546,2,4,0.15524585,3,4,0.31772316,-4451.2124,12.296289,-0.30741555,-4438.6087
1,4,0.13938023,2,4,0.15887745,3,4,0.31946679,-4451.2528,12.354489,-0.34959871,-4438.5487
1,4,0.14195501,2,4,0.1651513,3,4,0.31712364,-4451.0941,12.484599,-0.19666439,-4438.4128
1,4,0.12908696,2,4,0.16120071,3,4,0.32855578,-4452.304,12.376869,-1.3681304,-4438.559
1,4,0.14224182,2,4,0.15242291,3,4,0.32088472,-4451.4059,12.310989,-0.49811872,-4438.5968
1,4,0.12977461,2,4,0.16873271,3,4,0.30388368,-4451.8091,12.04782,-0.84942242,-4438.9119
1,4,0.14361769,2,4,0.15043426,3,4,0.32213776,-4451.509,12.323794,-0.59926847,-4438.5859
1,4,0.15940615,2,4,0.17515265,3,4,0.34135701,-4453.4999,13.518316,-2.8025729,-4437.179
1,4,0.1578587,2,4,0.1401451,3,4,0.29893977,-4452.2637,11.938871,-1.2654353,-4439.0593
1,4,0.1636399,2,4,0.14877105,3,4,0.31485912,-4451.8075,12.545401,-0.94474189,-4438.3173
1,4,0.13959263,2,4,0.16497869,3,4,0.30917419,-4451.0655,12.27491,-0.16113512,-4438.6294
1,4,0.11609371,2,4,0.15132346,3,4,0.31847793,-4454.7365,11.717902,-3.3464991,-4439.6721
1,4,0.15884643,2,4,0.12565931,3,4,0.32612328,-4454.663,12.21258,-3.4376972,-4439.0128
1,4,0.14398306,2,4,0.17422807,3,4,0.32161742,-4451.5542,12.796571,-0.68951838,-4438.0681
1,4,0.12248342,2,4,0.17451987,3,4,0.32974882,-4453.1975,12.535042,-2.2652619,-4438.3971
1,4,0.13649237,2,4,0.14715963,3,4,0.3163974,-4452.0235,12.000988,-1.0545433,-4438.9679
1,4,0.13803992,2,4,0.17107581,3,4,0.33868043,-4452.3889,12.955923,-1.6027519,-4437.8302
1,4,0.14453741,2,4,0.14583795,3,4,0.32952075,-4452.1203,12.397922,-1.2080033,-4438.5144
1,4,0.13409445,2,4,0.18382507,3,4,0.32393779,-4452.5463,12.837146,-1.7752518,-4437.9339
1,4,0.14148079,2,4,0.15750667,3,4,0.31807705,-4451.1641,12.34129,-0.26190228,-4438.5609
1,4,0.16244244,2,4,0.17107982,3,4,0.30592081,-4451.9254,12.788861,-1.0952083,-4438.0413
1,4,0.12919709,2,4,0.1579346,3,4,0.30143312,-4452.0662,11.771296,-1.0780603,-4439.2168
1,4,0.13529457,2,4,0.15486307,3,4,0.30295561,-4451.5701,11.862265,-0.6364812,-4439.0714
1,4,0.17191436,2,4,0.15599045,3,4,0.2945877,-4452.5451,12.44985,-1.7557023,-4438.3395
1,4,0.13780018,2,4,0.16786611,3,4,0.36308732,-4454.6273,13.375072,-4.2345083,-4437.0178
1,4,0.16413678,2,4,0.15457097,3,4,0.30529843,-4451.6186,12.480124,-0.75717,-4438.3813
1,4,0.14710667,2,4,0.15953028,3,4,0.30689868,-4450.9087,12.270713,-0.0077911453,-4438.6302
1,4,0.14498012,2,4,0.17431069,3,4,0.31748061,-4451.4392,12.735428,-0.56694611,-4438.1368
1,4,0.13897187,2,4,0.14966498,3,4,0.33027872,-4452.117,12.378312,-1.2079318,-4438.5308
1,4,0.12567125,2,4,0.18046378,3,4,0.30919216,-4452.6449,12.306544,-1.708022,-4438.6303
1,4,0.14288497,2,4,0.16574031,3,4,0.32160001,-4451.2141,12.604506,-0.32385559,-4438.2857
1,4,0.13768071,2,4,0.15243024,3,4,0.30747987,-4451.4754,11.951816,-0.54787772,-4438.9757
1,4,0.16444479,2,4,0.15356172,3,4,0.30713704,-4451.6526,12.502871,-0.79406107,-4438.3557
1,4,0.15659399,2,4,0.1615027,3,4,0.33656474,-4452.2041,13.093229,-1.3964467,-4437.7145
1,4,0.14078207,2,4,0.15656429,3,4,0.28089866,-4452.2205,11.5649,-1.2364371,-4439.4192
1,4,0.13457493,2,4,0.18795349,3,4,0.32775888,-4453.0935,13.005746,-2.4174082,-4437.6704
1,4,0.15900653,2,4,0.15683532,3,4,0.30913302,-4451.2542,12.499497,-0.36912398,-4438.3856
1,4,0.16346347,2,4,0.15185301,3,4,0.30209648,-4451.6618,12.348259,-0.78384193,-4438.5297
1,4,0.1647808,2,4,0.16265719,3,4,0.35049173,-4454.0374,13.558594,-3.4775193,-4437.0012
1,4,0.16897958,2,4,0.15367222,3,4,0.3039892,-4452.0598,12.53282,-1.2432523,-4438.2837
1,4,0.15609277,2,4,0.14316466,3,4,0.3132881,-4451.8025,12.250911,-0.8655125,-4438.6861
1,4,0.14825389,2,4,0.17645959,3,4,0.32325758,-4451.8373,12.959421,-0.99229909,-4437.8856
1,4,0.14435972,2,4,0.16222503,3,4,0.29682792,-4451.0986,12.068253,-0.19207129,-4438.8383
1,4,0.14892946,2,4,0.18896129,3,4,0.30467188,-4452.7799,12.851253,-2.0832526,-4437.8454
1,4,0.15013759,2,4,0.17110236,3,4,0.30922046,-4451.2181,12.609208,-0.32988142,-4438.279
1,4,0.15743491,2,4,0.16051517,3,4,0.28010625,-4452.2116,11.961127,-1.245342,-4439.0051
1,4,0.1635421,2,4,0.17086368,3,4,0.33429023,-4453.0086,13.37392,-2.2583519,-4437.3763
1,4,0.12078271,2,4,0.19157577,3,4,0.3276098,-4454.4661,12.799366,-3.7694138,-4437.8973
1,4,0.1545342,2,4,0.17489843,3,4,0.33279755,-4452.497,13.244604,-1.6949204,-4437.5574
1,4,0.15131707,2,4,0.17377883,3,4,0.33086565,-4452.1298,13.119231,-1.3002802,-4437.7103
1,4,0.14533973,2,4,0.1482323,3,4,0.29077222,-4451.8508,11.686885,-0.90040788,-4439.2635
1,4,0.13639115,2,4,0.15749722,3,4,0.32984416,-4451.8536,12.47465,-0.96331713,-4438.4157
1,4,0.1452835,2,4,0.15126503,3,4,0.32263891,-4451.4338,12.383749,-0.53129373,-4438.5187
1,4,0.13201238,2,4,0.1646034,3,4,0.33659266,-4452.4408,12.664169,-1.5912102,-4438.1855
1,4,0.14180343,2,4,0.16983956,3,4,0.28944838,-4451.5976,12.021827,-0.67065789,-4438.9051
1,4,0.14309741,2,4,0.14695657,3,4,0.30645298,-4451.578,11.930139,-0.63932528,-4439.0085
1,4,0.14300793,2,4,0.15708216,3,4,0.2922652,-4451.3821,11.847106,-0.46397097,-4439.071
1,4,0.15903906,2,4,0.14610512,3,4,0.29602628,-4451.858,12.023409,-0.91651802,-4438.918
1,4,0.14540412,2,4,0.20214519,3,4,0.32485625,-4455.0016,13.448111,-4.7658631,-4436.7877
1,4,0.14351965,2,4,0.1300571,3,4,0.33553758,-4454.6727,12.182287,-3.4878074,-4439.0026
1,4,0.14732665,2,4,0.16220242,3,4,0.2994387,-4451.0018,12.179355,-0.098905834,-4438.7236
1,4,0.15508917,2,4,0.15177414,3,4,0.30748776,-4451.2007,12.287021,-0.29720823,-4438.6165
1,4,0.16193517,2,4,0.1585043,3,4,0.31022253,-4451.4472,12.61324,-0.57988676,-4438.2541
1,4,0.13492883,2,4,0.15813221,3,4,0.31276299,-4451.4214,12.116481,-0.49526885,-4438.8097
1,4,0.12486472,2,4,0.14891579,3,4,0.32899796,-4453.6342,12.055569,-2.5273055,-4439.0513
1,4,0.14393243,2,4,0.14811772,3,4,0.32776192,-4451.8758,12.396241,-0.96967184,-4438.5099
1,4,0.16570662,2,4,0.1847985,3,4,0.30324338,-4453.5693,13.07497,-2.9636818,-4437.5306
1,4,0.14669844,2,4,0.14511843,3,4,0.33923857,-4452.7113,12.621109,-1.8635893,-4438.2266
1,4,0.13596114,2,4,0.1548085,3,4,0.28000246,-4452.7006,11.415442,-1.6812068,-4439.6039
1,4,0.11969146,2,4,0.16321088,3,4,0.31976991,-4453.258,12.053445,-2.1267199,-4439.0778
1,4,0.14593302,2,4,0.15860519,3,4,0.31754294,-4451.0354,12.441623,-0.13679217,-4438.457
1,4,0.1733043,2,4,0.15618054,3,4,0.34856437,-4454.5947,13.560984,-4.1728429,-4436.8609
1,4,0.1632122,2,4,0.13426167,3,4,0.31904783,-4453.1382,12.330434,-2.1491204,-4438.6586
1,4,0.12232578,2,4,0.16653243,3,4,0.31640625,-4452.7114,12.105289,-1.6546934,-4438.9515
1,4,0.15745518,2,4,0.15420952,3,4,0.28968146,-4451.6651,12.026923,-0.7386444,-4438.8995
1,4,0.16958278,2,4,0.11575122,3,4,0.32336131,-4457.1809,12.173906,-5.6239439,-4439.3831
1,4,0.14886943,2,4,0.15887678,3,4,0.30717515,-4450.9167,12.298427,-0.015710424,-4438.6025
1,4,0.16347143,2,4,0.15221124,3,4,0.28830275,-4452.1294,12.079708,-1.2089095,-4438.8408
1,4,0.14640056,2,4,0.13628536,3,4,0.33152921,-4453.2473,12.284303,-2.231531,-4438.7315
1,4,0.116183,2,4,0.16317731,3,4,0.28939539,-4454.5445,11.375114,-3.1651262,-4440.0043
1,4,0.14981858,2,4,0.1783288,3,4,0.30033392,-4451.7505,12.569626,-0.90127552,-4438.2796
1,4,0.13658623,2,4,0.16229647,3,4,0.30345156,-4451.2514,12.046685,-0.33477892,-4438.87
1,4,0.15321572,2,4,0.15072603,3,4,0.30891449,-4451.201,12.257125,-0.29313228,-4438.6507
1,4,0.14782945,2,4,0.15413515,3,4,0.32137826,-4451.2359,12.466857,-0.34024657,-4438.4288
1,4,0.1277986,2,4,0.18012123,3,4,0.30061931,-4452.5249,12.170783,-1.5793282,-4438.7748
1,4,0.14095359,2,4,0.18149787,3,4,0.26907285,-4454.0395,11.830486,-2.9495969,-4439.2594
1,4,0.16461273,2,4,0.18797249,3,4,0.30703123,-4453.8653,13.192329,-3.3125471,-4437.3604
1,4,0.11585115,2,4,0.17901348,3,4,0.30171731,-4454.1188,11.931639,-2.8896454,-4439.2975
1,4,0.14613198,2,4,0.15689007,3,4,0.27948914,-4452.1438,11.650224,-1.1560251,-4439.3376
1,4,0.13673287,2,4,0.15439059,3,4,0.32333953,-4451.6766,12.28926,-0.75933293,-4438.628
1,4,0.13048537,2,4,0.15997184,3,4,0.32076946,-4451.9048,12.224533,-0.95611228,-4438.7242
1,4,0.15169043,2,4,0.16332671,3,4,0.29497031,-4451.1941,12.199749,-0.28819311,-4438.7061
1,4,0.15017072,2,4,0.15212267,3,4,0.32699466,-4451.5363,12.585761,-0.65548498,-4438.2951
1,4,0.11167053,2,4,0.16882534,3,4,0.33844445,-4455.4983,12.378807,-4.2777349,-4438.8417
1,4,0.15010054,2,4,0.16204834,3,4,0.30476397,-4450.9415,12.338257,-0.04090157,-4438.5624
1,4,0.14930634,2,4,0.13166193,3,4,0.28677749,-4454.1225,11.354915,-2.847224,-4439.9204
1,4,0.14358359,2,4,0.15655995,3,4,0.30367319,-4451.0435,12.076335,-0.13996143,-4438.8272
1,4,0.16293253,2,4,0.16084655,3,4,0.30621025,-4451.5359,12.599787,-0.6760178,-4438.2601
1,4,0.13145232,2,4,0.14101991,3,4,0.33660748,-4454.068,12.181594,-2.9967794,-4438.8896
1,4,0.16002739,2,4,0.14646573,3,4,0.30867432,-4451.6653,12.303349,-0.75784717,-4438.6041
1,4,0.13599138,2,4,0.16098387,3,4,0.29877902,-4451.4085,11.915085,-0.48395952,-4439.0095
1,4,0.14137391,2,4,0.16108186,3,4,0.35372256,-4453.4176,13.123567,-2.7940171,-4437.5
1,4,0.17895187,2,4,0.14088824,3,4,0.31380103,-4453.7235,12.672823,-3.0607838,-4437.9899
1,4,0.14495069,2,4,0.17039973,3,4,0.29789168,-4451.2377,12.264842,-0.33814671,-4438.6347
1,4,0.13629294,2,4,0.16093673,3,4,0.28393881,-4452.1378,11.62337,-1.158661,-4439.3558
1,4,0.11640997,2,4,0.15297419,3,4,0.3083619,-4454.4621,11.554921,-3.095589,-4439.8116
1,4,0.15898704,2,4,0.15183739,3,4,0.31489418,-4451.4155,12.514372,-0.53106427,-4438.37
1,4,0.13277897,2,4,0.17720783,3,4,0.29270655,-4452.209,12.053867,-1.2660209,-4438.8892
1,4,0.12618593,2,4,0.16969308,3,4,0.32491649,-4452.4354,12.41591,-1.4909953,-4438.5285
1,4,0.13941581,2,4,0.16075602,3,4,0.29619332,-4451.2919,11.927303,-0.37687578,-4438.9877
1,4,0.15126148,2,4,0.16940775,3,4,0.3179359,-4451.3141,12.772103,-0.42632806,-4438.1157
1,4,0.14961656,2,4,0.17241986,3,4,0.30798399,-4451.2717,12.600408,-0.38755919,-4438.2837
1,4,0.15750623,2,4,0.16627191,3,4,0.31078148,-4451.3362,12.691192,-0.45411456,-4438.1909
1,4,0.14759781,2,4,0.17748858,3,4,0.30220897,-4451.5969,12.545907,-0.73655905,-4438.3144
1,4,0.14868029,2,4,0.15930081,3,4,0.30823994,-4450.9113,12.324421,-0.010409521,-4438.5765
1,4,0.1435242,2,4,0.15470845,3,4,0.3242373,-4451.3803,12.449399,-0.48620607,-4438.4447
1,4,0.13895759,2,4,0.16513235,3,4,0.26709725,-4453.634,11.423744,-2.4529151,-4439.7573
1,4,0.12319561,2,4,0.16321282,3,4,0.31333214,-4452.5999,11.994811,-1.5390515,-4439.066
1,4,0.12089901,2,4,0.16031314,3,4,0.35436722,-4455.2796,12.711587,-4.4721677,-4438.0958
1,4,0.1487709,2,4,0.13951513,3,4,0.29456975,-4452.4733,11.657116,-1.4387049,-4439.3775
1,4,0.14950518,2,4,0.17141838,3,4,0.30971721,-4451.2209,12.612816,-0.333089,-4438.275
1,4,0.16454891,2,4,0.14506643,3,4,0.30245698,-4452.0635,12.241446,-1.1584747,-4438.6635
1,4,0.14524068,2,4,0.15229597,3,4,0.29667119,-4451.337,11.884157,-0.42108893,-4439.0318
1,4,0.15022727,2,4,0.16355846,3,4,0.3343764,-4451.8434,12.963243,-1.0031427,-4437.877
1,4,0.1270431,2,4,0.17150561,3,4,0.27763438,-4453.6059,11.523662,-2.4414534,-4439.6408
1,4,0.12994214,2,4,0.13563386,3,4,0.31207635,-4454.3204,11.553047,-3.0372555,-4439.7301
1,4,0.13824763,2,4,0.18513756,3,4,0.33676208,-4453.2454,13.202945,-2.593353,-4437.4491
1,4,0.15194873,2,4,0.15393862,3,4,0.30488161,-4451.0648,12.215379,-0.1607404,-4438.6887
1,4,0.15173184,2,4,0.18531462,3,4,0.33290373,-4453.3524,13.399004,-2.6756007,-4437.2778
1,4,0.13658447,2,4,0.16448856,3,4,0.31456818,-4451.2467,12.312824,-0.33751874,-4438.5963
1,4,0.12768596,2,4,0.17609659,3,4,0.31882869,-4452.2976,12.452225,-1.385216,-4438.4601
1,4,0.16404959,2,4,0.1837832,3,4,0.32318806,-4453.6882,13.420417,-3.0449596,-4437.2228
1,4,0.12232948,2,4,0.1827491,3,4,0.27150163,-4455.4334,11.531604,-4.0653587,-4439.8364
1,4,0.13975945,2,4,0.1494009,3,4,0.29389103,-4451.8748,11.661028,-0.92968794,-4439.284
1,4,0.15816165,2,4,0.15761892,3,4,0.30684839,-4451.2008,12.452579,-0.31183581,-4438.4364
1,4,0.12829685,2,4,0.14524315,3,4,0.27700129,-4454.7398,11.010826,-3.5107613,-4440.2182
1,4,0.17864189,2,4,0.14379367,3,4,0.33946688,-4454.6485,13.238049,-4.2405582,-4437.1699
1,4,0.13701567,2,4,0.16410134,3,4,0.26255851,-4454.3868,11.27351,-3.0893508,-4440.0239
1,4,0.14999889,2,4,0.15577157,3,4,0.27507177,-4452.5522,11.616845,-1.5156152,-4439.4198
1,4,0.16235618,2,4,0.13574931,3,4,0.30816123,-4452.7992,12.125334,-1.7818635,-4438.892
1,4,0.1224132,2,4,0.15049624,3,4,0.32175916,-4453.6243,11.893372,-2.4580653,-4439.2729
1,4,0.14240004,2,4,0.17145874,3,4,0.32369482,-4451.4872,12.751072,-0.61562269,-4438.1205
1,4,0.1518544,2,4,0.13479284,3,4,0.325372,-4453.0512,12.240385,-2.0144482,-4438.7963
1,4,0.11935634,2,4,0.18073053,3,4,0.33927997,-4454.4193,12.787337,-3.6143603,-4438.0176
1,4,0.16408027,2,4,0.1629317,3,4,0.33258853,-4452.5235,13.19201,-1.7450142,-4437.5864
1,4,0.14936737,2,4,0.13487474,3,4,0.31584277,-4452.8318,12.001698,-1.7516569,-4439.0785
1,4,0.14433848,2,4,0.14144654,3,4,0.32642985,-4452.4249,12.244297,-1.4566958,-4438.7239
1,4,0.13576824,2,4,0.16724466,3,4,0.34031797,-4452.4855,12.866617,-1.6941146,-4437.9248
1,4,0.14514873,2,4,0.17098692,3,4,0.31139136,-4451.152,12.55054,-0.26099476,-4438.3404
1,4,0.13165165,2,4,0.16677349,3,4,0.30878458,-4451.5717,12.144194,-0.63351689,-4438.794
1,4,0.13299292,2,4,0.14848905,3,4,0.30186767,-4452.2654,11.666993,-1.2755791,-4439.3228
1,4,0.12694465,2,4,0.1699122,3,4,0.30796108,-4452.0834,12.096359,-1.1000171,-4438.887
1,4,0.16719719,2,4,0.16371933,3,4,0.33791886,-4453.2258,13.376708,-2.533858,-4437.3152
1,4,0.1576852,2,4,0.1911903,3,4,0.33681697,-4454.8511,13.71385,-4.385341,-4436.7519
1,4,0.13964842,2,4,0.15408486,3,4,0.28676928,-4451.9619,11.610051,-1.0095423,-4439.3423
1,4,0.1525963,2,4,0.12108065,3,4,0.27619392,-4457.3669,10.997417,-5.4306306,-4440.9388
1,4,0.15264953,2,4,0.17352729,3,4,0.33222422,-4452.2558,13.168021,-1.435068,-4437.6527
1,4,0.14636888,2,4,0.14936575,3,4,0.32049236,-4451.4539,12.32454,-0.54300003,-4438.5863
1,4,0.14430073,2,4,0.16422124,3,4,0.34264508,-4452.3912,13.023341,-1.6200298,-4437.7478
1,4,0.15839505,2,4,0.14575033,3,4,0.30972015,-4451.6448,12.277311,-0.7283091,-4438.6392
1,4,0.15857263,2,4,0.13111419,3,4,0.3100021,-4453.3628,11.993778,-2.2211361,-4439.1478
1,4,0.15429657,2,4,0.16912997,3,4,0.30159825,-4451.3044,12.500496,-0.41783447,-4438.386
1,4,0.15067317,2,4,0.13135129,3,4,0.28966257,-4453.9541,11.433741,-2.6927327,-4439.8277
1,4,0.14495848,2,4,0.19742513,3,4,0.32142122,-4454.0851,13.276096,-3.6436041,-4437.1654
1,4,0.14467858,2,4,0.14813611,3,4,0.31819091,-4451.5188,12.220112,-0.59568082,-4438.703
1,4,0.13909884,2,4,0.15463635,3,4,0.2882032,-4451.878,11.638768,-0.93200463,-4439.3072
1,4,0.12968951,2,4,0.17414675,3,4,0.30066452,-4452.0312,12.090016,-1.0762708,-4438.8649
1,4,0.16426048,2,4,0.13805684,3,4,0.30430647,-4452.6499,12.132476,-1.670029,-4438.8474
1,4,0.16358159,2,4,0.15496707,3,4,0.30883836,-4451.569,12.54774,-0.7083147,-4438.313
1,4,0.11861439,2,4,0.17401886,3,4,0.33626151,-4454.0808,12.577895,-3.1276562,-4438.3753
1,4,0.15051859,2,4,0.14190029,3,4,0.27541064,-4453.5244,11.35659,-2.3772027,-4439.7906
1,4,0.14246247,2,4,0.15251083,3,4,0.31003783,-4451.2127,12.100223,-0.30064003,-4438.8118
1,4,0.16599279,2,4,0.16511671,3,4,0.33416995,-4452.9002,13.305589,-2.160206,-4437.4344
1,4,0.1489749,2,4,0.1543927,3,4,0.28422309,-4451.828,11.751814,-0.87160365,-4439.2046
1,4,0.13520293,2,4,0.19384175,3,4,0.2555835,-4457.5219,11.692563,-6.1546288,-4439.6748
1,4,0.14478037,2,4,0.16888488,3,4,0.31046657,-4451.0573,12.482636,-0.16117038,-4438.4135
1,4,0.15749835,2,4,0.16123317,3,4,0.32679204,-4451.6703,12.910471,-0.80996681,-4437.9498
1,4,0.16058927,2,4,0.16988726,3,4,0.31902989,-4451.9115,12.990128,-1.0650211,-4437.8563
1,4,0.14690742,2,4,0.18755427,3,4,0.28991641,-4452.9238,12.487562,-2.15834,-4438.2779
1,4,0.14257354,2,4,0.17851946,3,4,0.31562875,-4451.6829,12.734435,-0.83583614,-4438.1126
1,4,0.15643294,2,4,0.11703444,3,4,0.31389736,-4456.5087,11.747295,-4.7109605,-4440.0505
1,4,0.13353547,2,4,0.16389475,3,4,0.322411,-4451.6297,12.396824,-0.71837383,-4438.5145
1,4,0.11420984,2,4,0.15687473,3,4,0.31770886,-4454.6589,11.775869,-3.2583518,-4439.6246
1,4,0.13680926,2,4,0.1565803,3,4,0.30020511,-4451.4365,11.871893,-0.51378075,-4439.0508
1,4,0.14347245,2,4,0.14378625,3,4,0.30636955,-4451.8637,11.872565,-0.89695918,-4439.0942
1,4,0.14958386,2,4,0.13912997,3,4,0.28957584,-4452.7547,11.565793,-1.6915552,-4439.4973
1,4,0.13815626,2,4,0.18411789,3,4,0.31176153,-4452.1568,12.680714,-1.3564091,-4438.1197
1,4,0.14755038,2,4,0.17609052,3,4,0.3136298,-4451.5153,12.745414,-0.65073692,-4438.1191
1,4,0.15075108,2,4,0.15282251,3,4,0.31698157,-4451.1721,12.411103,-0.27166707,-4438.4893
1,4,0.13909213,2,4,0.17204568,3,4,0.33182935,-4451.9614,12.859343,-1.1284371,-4437.9736
1,4,0.16927364,2,4,0.16245096,3,4,0.32674161,-4452.6974,13.169324,-1.9582921,-4437.5698
1,4,0.12800097,2,4,0.17083432,3,4,0.33808431,-4452.9549,12.738392,-2.1269687,-4438.0896
1,4,0.14992234,2,4,0.16996047,3,4,0.33699849,-4452.2434,13.137626,-1.4349066,-4437.6709
1,4,0.13058119,2,4,0.17612758,3,4,0.31664674,-4452.0056,12.46711,-1.1101572,-4438.4283
1,4,0.14269239,2,4,0.1615354,3,4,0.29955065,-4451.0613,12.075569,-0.15653867,-4438.8292
1,4,0.13599804,2,4,0.1621031,3,4,0.31127524,-4451.2543,12.187528,-0.33852907,-4438.7283
1,4,0.16879628,2,4,0.16747588,3,4,0.29771521,-4452.4231,12.679747,-1.6484344,-4438.0949
1,4,0.15045332,2,4,0.16180621,3,4,0.27399885,-4452.5699,11.725168,-1.5323401,-4439.3124
1,4,0.14099094,2,4,0.17958133,3,4,0.27746209,-4453.0112,11.960687,-2.0275831,-4439.0229
1,4,0.15163446,2,4,0.16322221,3,4,0.28840978,-4451.4821,12.065329,-0.55883605,-4438.8579
1,4,0.16824736,2,4,0.14496984,3,4,0.29582336,-4452.5134,12.180811,-1.6135916,-4438.719
1,4,0.12016083,2,4,0.15728998,3,4,0.30897436,-4453.3554,11.728503,-2.1738815,-4439.453
1,4,0.15623672,2,4,0.1455126,3,4,0.32780293,-4452.0483,12.591045,-1.1717175,-4438.2855
1,4,0.14508668,2,4,0.16563232,3,4,0.2746586,-4452.5507,11.707552,-1.5159676,-4439.3272
1,4,0.12802536,2,4,0.17735122,3,4,0.31677076,-4452.287,12.442947,-1.3798161,-4438.4642
1,4,0.1500434,2,4,0.13743869,3,4,0.29532928,-4452.6934,11.656227,-1.62429,-4439.4129
1,4,0.15056813,2,4,0.137414,3,4,0.28255521,-4453.4548,11.410747,-2.3045379,-4439.7395
1,4,0.12019236,2,4,0.14072761,3,4,0.30644861,-4455.2391,11.347371,-3.8002426,-4440.0915
1,4,0.1615244,2,4,0.15618009,3,4,0.30852536,-4451.4109,12.524597,-0.53736978,-4438.3489
1,4,0.14334314,2,4,0.16935903,3,4,0.32294993,-4451.3626,12.713042,-0.48198303,-4438.1675
1,4,0.11532671,2,4,0.17668949,3,4,0.31001307,-4453.9918,12.040585,-2.7777655,-4439.1735
1,4,0.12776831,2,4,0.18103458,3,4,0.2897715,-4453.0322,11.971488,-2.0309751,-4439.0297
1,4,0.13855498,2,4,0.16218565,3,4,0.31473612,-4451.1491,12.309535,-0.24330641,-4438.5962
1,4,0.14649297,2,4,0.17544852,3,4,0.2835774,-4452.1859,12.110378,-1.2581151,-4438.8174
1,4,0.14409937,2,4,0.16886428,3,4,0.31577987,-4451.132,12.57487,-0.23858744,-4438.3185
1,4,0.12891504,2,4,0.17124247,3,4,0.31674366,-4451.9606,12.338023,-1.0253631,-4438.5972
1,4,0.15611478,2,4,0.16977919,3,4,0.30526226,-4451.3967,12.623125,-0.51860603,-4438.255
1,4,0.13512432,2,4,0.13853979,3,4,0.32222051,-4453.3372,11.917692,-2.2270255,-4439.1925
1,4,0.13347708,2,4,0.19631134,3,4,0.32733963,-4454.1196,13.142561,-3.6520817,-4437.3249
1,4,0.14308402,2,4,0.13721756,3,4,0.29824317,-4452.8947,11.570895,-1.810339,-4439.5135
1,4,0.14264151,2,4,0.15466281,3,4,0.30405848,-4451.135,12.027256,-0.22804593,-4438.8797
1,4,0.15645283,2,4,0.16948574,3,4,0.31836013,-4451.5768,12.885974,-0.70329316,-4437.9876
1,4,0.16381865,2,4,0.16936824,3,4,0.30438034,-4451.9447,12.751345,-1.1188044,-4438.0746
1,4,0.16017033,2,4,0.16205707,3,4,0.30003346,-4451.4206,12.445217,-0.54140894,-4438.434
1,4,0.13170203,2,4,0.14289271,3,4,0.29822522,-4453.1467,11.456399,-2.0668523,-4439.6235
1,4,0.15838597,2,4,0.18246998,3,4,0.30316227,-4452.5933,12.880364,-1.8440847,-4437.8689
1,4,0.17375523,2,4,0.1494274,3,4,0.29649064,-4452.8027,12.393465,-2.0134092,-4438.3958
1,4,0.14734454,2,4,0.14225397,3,4,0.30515847,-4451.8998,11.89514,-0.92409211,-4439.0806
1,4,0.16046339,2,4,0.1373114,3,4,0.31928904,-4452.6457,12.341277,-1.6839546,-4438.6204
1,4,0.16498027,2,4,0.15158312,3,4,0.32890049,-4452.3064,12.909277,-1.5162359,-4437.8809
1,4,0.15260772,2,4,0.1834422,3,4,0.28849361,-4452.7368,12.490871,-1.9380957,-4438.3078
1,4,0.15185359,2,4,0.18001097,3,4,0.31892045,-4452.1261,13.0157,-1.3115498,-4437.7988
1,4,0.12558704,2,4,0.18489201,3,4,0.31289161,-4452.9829,12.467413,-2.1131151,-4438.4024
1,4,0.17044093,2,4,0.13881643,3,4,0.30553966,-4452.9928,12.29594,-2.0924281,-4438.6044
1,4,0.14550237,2,4,0.19093257,3,4,0.29075548,-4453.2682,12.543809,-2.5625593,-4438.1618
1,4,0.14325604,2,4,0.15654389,3,4,0.28682608,-4451.6865,11.73252,-0.74712315,-4439.2069
1,4,0.1370748,2,4,0.16887238,3,4,0.26049421,-4454.7312,11.328828,-3.3762037,-4440.0262
1,4,0.15865702,2,4,0.15097501,3,4,0.34195112,-4452.77,13.031663,-2.0321308,-4437.7062
1,4,0.1515616,2,4,0.16005198,3,4,0.28199705,-4451.8823,11.872213,-0.9209123,-4439.0892
1,4,0.13149957,2,4,0.17133475,3,4,0.28020433,-4452.8828,11.660773,-1.8215752,-4439.4005
1,4,0.16395225,2,4,0.14381254,3,4,0.33426467,-4452.8795,12.840589,-2.1029044,-4437.936
1,4,0.15285763,2,4,0.14721891,3,4,0.27151886,-4453.4159,11.431908,-2.2756949,-4439.7083
1,4,0.1413178,2,4,0.14640797,3,4,0.32391044,-4451.9672,12.232724,-1.0287854,-4438.7057
1,4,0.13345622,2,4,0.17084038,3,4,0.30197652,-4451.5797,12.125462,-0.65166948,-4438.8025
1,4,0.14471484,2,4,0.16881099,3,4,0.30947155,-4451.0492,12.459948,-0.15264665,-4438.4366
1,4,0.16823619,2,4,0.16085314,3,4,0.28211928,-4452.8453,12.224172,-1.9696658,-4438.6515
1,4,0.15835094,2,4,0.13881508,3,4,0.32545281,-4452.6039,12.452376,-1.6750947,-4438.4764
1,4,0.15357279,2,4,0.17664007,3,4,0.29955557,-4451.7799,12.595369,-0.92977002,-4438.2547
1,4,0.13066483,2,4,0.14325776,3,4,0.31054009,-4453.0259,11.689254,-1.9377297,-4439.3989
1,4,0.10919967,2,4,0.16408636,3,4,0.3283687,-4455.7323,12.033095,-4.2208536,-4439.4784
1,4,0.16913682,2,4,0.16259227,3,4,0.30973264,-4452.1738,12.829235,-1.3906929,-4437.9538
1,4,0.16623514,2,4,0.12293902,3,4,0.30204467,-4455.2894,11.824377,-3.8550426,-4439.61
1,4,0.16540309,2,4,0.14203978,3,4,0.30412193,-4452.3289,12.231296,-1.4083847,-4438.6892
1,4,0.16649266,2,4,0.13061322,3,4,0.31648232,-4453.7844,12.271764,-2.7376688,-4438.775
1,4,0.13887622,2,4,0.16054035,3,4,0.32191236,-4451.3218,12.426579,-0.42308686,-4438.4722
1,4,0.15568563,2,4,0.17840397,3,4,0.27226187,-4453.6356,12.127029,-2.6790533,-4438.8295
1,4,0.17061237,2,4,0.13924618,3,4,0.2833518,-4453.8798,11.864207,-2.8270738,-4439.1886
1,4,0.13866671,2,4,0.14347845,3,4,0.31189371,-4452.1812,11.880777,-1.187965,-4439.1125
1,4,0.16709556,2,4,0.15908902,3,4,0.31491917,-4451.9566,12.822075,-1.1446094,-4437.9899
1,4,0.12058716,2,4,0.17890837,3,4,0.29141364,-4453.7343,11.818183,-2.5776142,-4439.3385
1,4,0.12190358,2,4,0.15803566,3,4,0.3359372,-4453.7676,12.317529,-2.7290858,-4438.7209
1,4,0.15361767,2,4,0.14274116,3,4,0.31931714,-4451.9099,12.313519,-0.9735484,-4438.6228
1,4,0.15177666,2,4,0.17787589,3,4,0.29189908,-4452.027,12.431033,-1.1697484,-4438.4262
1,4,0.16151512,2,4,0.16504729,3,4,0.32125439,-4451.8185,12.956336,-0.96914034,-4437.893
1,4,0.14100021,2,4,0.15335285,3,4,0.292466,-4451.6097,11.736381,-0.68212745,-4439.1912
1,4,0.15250046,2,4,0.18984003,3,4,0.30717618,-4453.0688,12.990333,-2.4153586,-4437.6631
1,4,0.13316878,2,4,0.17371302,3,4,0.31249352,-4451.6512,12.387507,-0.74796008,-4438.5157
1,4,0.15481835,2,4,0.17338158,3,4,0.29905052,-4451.6147,12.545009,-0.74731286,-4438.3224
1,4,0.14052641,2,4,0.14790543,3,4,0.28711857,-4452.3159,11.511008,-1.3375553,-4439.4673
1,4,0.15835197,2,4,0.15411494,3,4,0.31796516,-4451.3916,12.608641,-0.51182201,-4438.2712
1,4,0.15276233,2,4,0.13891399,3,4,0.32152854,-4452.3702,12.264097,-1.3938591,-4438.7123
1,4,0.11016743,2,4,0.19038134,3,4,0.28818043,-4456.6962,11.774584,-5.1860986,-4439.7355
1,4,0.13787256,2,4,0.17571698,3,4,0.2938508,-4451.7911,12.148807,-0.88009469,-4438.7622
1,4,0.16331533,2,4,0.16058376,3,4,0.29380533,-4451.791,12.354088,-0.91917785,-4438.5177
1,4,0.15523731,2,4,0.15347724,3,4,0.29031763,-4451.577,11.980643,-0.64820569,-4438.9481
1,4,0.16558547,2,4,0.15947459,3,4,0.31823418,-4451.9052,12.865885,-1.0819466,-4437.9573
1,4,0.14094558,2,4,0.17670287,3,4,0.30660194,-4451.489,12.485008,-0.61620364,-4438.3878
1,4,0.15459644,2,4,0.12378124,3,4,0.29747029,-4455.0815,11.516959,-3.5646684,-4439.9999
1,4,0.15056201,2,4,0.16318045,3,4,0.28795781,-4451.4865,12.034005,-0.5604641,-4438.892
1,4,0.15580659,2,4,0.1382448,3,4,0.32020986,-4452.436,12.285225,-1.461275,-4438.6895
1,4,0.14163583,2,4,0.1591192,3,4,0.31307518,-4451.0367,12.276604,-0.13363668,-4438.6265
1,4,0.13120702,2,4,0.16094774,3,4,0.28283773,-4452.6766,11.49985,-1.6412867,-4439.5355
1,4,0.16697169,2,4,0.16660096,3,4,0.32458889,-4452.5351,13.163231,-1.7604619,-4437.6114
1,4,0.15760838,2,4,0.13543424,3,4,0.34483572,-4454.165,12.757567,-3.364964,-4438.0425
1,4,0.1488221,2,4,0.1744316,3,4,0.30477647,-4451.3814,12.560603,-0.50507405,-4438.3157
1,4,0.15129703,2,4,0.17754227,3,4,0.27937441,-4452.7362,12.164274,-1.8129479,-4438.759
1,4,0.12915071,2,4,0.18705402,3,4,0.29371399,-4453.1983,12.198374,-2.3042007,-4438.6957
1,4,0.12658034,2,4,0.18330988,3,4,0.32727098,-4453.1215,12.743224,-2.3252476,-4438.053
1,4,0.15582769,2,4,0.14410891,3,4,0.30821878,-4451.6911,12.163108,-0.75266386,-4438.7753
1,4,0.15304617,2,4,0.14689607,3,4,0.31635498,-4451.5003,12.325944,-0.58476539,-4438.5896
1,4,0.13947426,2,4,0.15896122,3,4,0.32737209,-4451.5349,12.516151,-0.64881293,-4438.3699
1,4,0.1468456,2,4,0.16568289,3,4,0.29868243,-4451.0655,12.224218,-0.16265892,-4438.6786
1,4,0.14913393,2,4,0.14371829,3,4,0.29737544,-4451.883,11.804553,-0.91468187,-4439.1638
1,4,0.14851302,2,4,0.13971328,3,4,0.3364012,-4453.0232,12.49255,-2.1098222,-4438.4208
1,4,0.14683194,2,4,0.15253155,3,4,0.292245,-4451.4677,11.83217,-0.54301981,-4439.0925
1,4,0.15565851,2,4,0.18765219,3,4,0.28318936,-4453.6891,12.530001,-2.9696597,-4438.1895
1,4,0.14858074,2,4,0.15969158,3,4,0.33644906,-4451.9097,12.894428,-1.0808625,-4437.9345
1,4,0.17216695,2,4,0.14600751,3,4,0.36814097,-4456.73,13.726309,-6.8036407,-4436.2001
1,4,0.14640443,2,4,0.15319091,3,4,0.28950265,-4451.5812,11.78196,-0.64904917,-4439.1502
1,4,0.14014823,2,4,0.18912157,3,4,0.31634702,-4452.736,12.912337,-2.036109,-4437.7876
1,4,0.13567648,2,4,0.15759132,3,4,0.32512466,-4451.6855,12.367849,-0.776735,-4438.541
1,4,0.14121592,2,4,0.14429321,3,4,0.29457513,-4452.229,11.601685,-1.2464685,-4439.3809
1,4,0.111858,2,4,0.18396384,3,4,0.2708009,-4457.5967,11.332455,-5.7469612,-4440.5173
1,4,0.15050578,2,4,0.15143257,3,4,0.33536864,-4452.0308,12.74614,-1.1929635,-4438.0916
1,4,0.15059903,2,4,0.16640234,3,4,0.27296294,-4452.736,11.799286,-1.6932978,-4439.2434
1,4,0.14484309,2,4,0.14358967,3,4,0.29767733,-4452.0039,11.722202,-1.0297545,-4439.2519
1,4,0.16938679,2,4,0.16822282,3,4,0.29351156,-4452.6453,12.622423,-1.8795944,-4438.1433
1,4,0.15820317,2,4,0.14687229,3,4,0.32025465,-4451.7382,12.506602,-0.84855362,-4438.383
1,4,0.12677981,2,4,0.19433887,3,4,0.2987351,-4453.9987,12.397076,-3.2354572,-4438.3662
1,4,0.13916949,2,4,0.15944053,3,4,0.28386105,-4451.9899,11.649421,-1.0249265,-4439.3155
1,4,0.16421136,2,4,0.1472492,3,4,0.31084407,-4451.8707,12.446093,-0.99741797,-4438.4272
1,4,0.16029782,2,4,0.15255628,3,4,0.32175827,-4451.6488,12.692247,-0.78711167,-4438.1694
1,4,0.13462992,2,4,0.15456413,3,4,0.32476909,-4451.876,12.279263,-0.94952042,-4438.6472
1,4,0.15813675,2,4,0.14181595,3,4,0.32449755,-4452.2612,12.489005,-1.3563359,-4438.4158
1,4,0.17034188,2,4,0.1447333,3,4,0.3127505,-4452.5253,12.556514,-1.7126753,-4438.2561
1,4,0.13961628,2,4,0.18280894,3,4,0.32190972,-4452.2382,12.886699,-1.4519216,-4437.8996
1,4,0.1800151,2,4,0.15159352,3,4,0.30688519,-4453.3825,12.769876,-2.7881125,-4437.8245
1,4,0.16985739,2,4,0.12784052,3,4,0.31866852,-4454.4806,12.327328,-3.4243925,-4438.7289
1,4,0.14351698,2,4,0.13900872,3,4,0.29162606,-4452.889,11.483035,-1.8233638,-4439.5826
1,4,0.16488245,2,4,0.14202567,3,4,0.28901953,-4452.8104,11.918553,-1.8130076,-4439.0789
1,4,0.1551261,2,4,0.17567093,3,4,0.27844215,-4452.8255,12.184783,-1.9024574,-4438.7383
1,4,0.16078765,2,4,0.18468425,3,4,0.29455009,-4453.1972,12.80044,-2.5118146,-4437.885
1,4,0.15289938,2,4,0.17954254,3,4,0.33159436,-4452.7271,13.280726,-1.9570267,-4437.4894
1,4,0.13995141,2,4,0.18590726,3,4,0.29582576,-4452.482,12.433689,-1.6740845,-4438.3742
1,4,0.17490122,2,4,0.16453974,3,4,0.28507017,-4453.5175,12.490222,-2.800336,-4438.2269
1,4,0.15467526,2,4,0.15161947,3,4,0.31490161,-4451.2532,12.423927,-0.35463673,-4438.4746
1,4,0.14996066,2,4,0.15712368,3,4,0.29143369,-4451.328,11.970361,-0.40936107,-4438.9483
1,4,0.14547249,2,4,0.17152009,3,4,0.28666332,-4451.7698,12.073118,-0.84200078,-4438.8547
1,4,0.1391081,2,4,0.19024811,3,4,0.31835278,-4452.9227,12.95418,-2.2516549,-4437.7169
1,4,0.15819988,2,4,0.17694435,3,4,0.31405896,-4452.1175,12.984064,-1.2971422,-4437.8363
1,4,0.14347839,2,4,0.17915508,3,4,0.3277425,-4452.1633,13.007519,-1.3591648,-4437.7966
1,4,0.14957782,2,4,0.16734442,3,4,0.3060477,-4451.0378,12.459399,-0.14037537,-4438.4381
1,4,0.15376898,2,4,0.16721011,3,4,0.30544042,-4451.1649,12.52839,-0.2727475,-4438.3638
1,4,0.14381938,2,4,0.15874586,3,4,0.29644096,-4451.1531,11.980124,-0.24550997,-4438.9275
1,4,0.14798152,2,4,0.14248867,3,4,0.32469848,-4452.1309,12.303373,-1.1863609,-4438.6412
1,4,0.11662289,2,4,0.17066349,3,4,0.29894404,-4453.8621,11.724609,-2.5921827,-4439.5453
1,4,0.1540008,2,4,0.16562295,3,4,0.31020079,-4451.129,12.596491,-0.23479583,-4438.2977
1,4,0.16309792,2,4,0.14378517,3,4,0.30040508,-4452.1072,12.145763,-1.1759064,-4438.7855
1,4,0.12969301,2,4,0.15199727,3,4,0.32110811,-4452.4087,12.055968,-1.4095556,-4438.9432
1,4,0.14563008,2,4,0.18634504,3,4,0.30076759,-4452.4159,12.654854,-1.6508532,-4438.1102
1,4,0.14735756,2,4,0.15417108,3,4,0.28943332,-4451.5269,11.819239,-0.59689337,-4439.1107
1,4,0.14435354,2,4,0.15728817,3,4,0.32963053,-4451.5345,12.625445,-0.66170595,-4438.2474
1,4,0.15528214,2,4,0.14181739,3,4,0.30567419,-4451.9054,12.055474,-0.9393311,-4438.9106
1,4,0.15803526,2,4,0.16899981,3,4,0.3138219,-4451.54,12.817139,-0.66858776,-4438.0543
1,4,0.1662615,2,4,0.15268521,3,4,0.30976535,-4451.823,12.574241,-0.9833631,-4438.2654
1,4,0.14251553,2,4,0.15773001,3,4,0.30677458,-4451.0155,12.140403,-0.11222553,-4438.7628
1,4,0.15243932,2,4,0.14931789,3,4,0.2984746,-4451.3998,12.004636,-0.47618819,-4438.919
1,4,0.17340855,2,4,0.1436513,3,4,0.32159679,-4453.091,12.773133,-2.3686779,-4437.9491
1,4,0.14828434,2,4,0.15351621,3,4,0.30661615,-4451.0468,12.168334,-0.14163072,-4438.7369
1,4,0.14680976,2,4,0.1572654,3,4,0.32197666,-4451.1795,12.521036,-0.28644078,-4438.372
1,4,0.1749645,2,4,0.16509686,3,4,0.31016172,-4452.9925,13.004462,-2.3359252,-4437.6521
1,4,0.15176547,2,4,0.17418578,3,4,0.3059624,-4451.4536,12.638273,-0.58183445,-4438.2335
1,4,0.16108989,2,4,0.14443274,3,4,0.32649231,-4452.2599,12.640299,-1.4029776,-4438.2166
1,4,0.15710293,2,4,0.13880783,3,4,0.31297884,-4452.2641,12.177792,-1.2820702,-4438.8042
1,4,0.15661587,2,4,0.14520329,3,4,0.28280514,-4452.5734,11.692486,-1.5470972,-4439.3338
1,4,0.14076369,2,4,0.17747439,3,4,0.28470379,-4452.2975,12.058837,-1.3635956,-4438.875
1,4,0.13986143,2,4,0.15923135,3,4,0.34708776,-4452.8462,12.923611,-2.1125953,-4437.81
1,4,0.12990363,2,4,0.17099275,3,4,0.33469802,-4452.5762,12.711888,-1.733287,-4438.131
1,4,0.14287496,2,4,0.18345305,3,4,0.29447101,-4452.2585,12.41598,-1.4283359,-4438.4142
1,4,0.14063806,2,4,0.14403661,3,4,0.28981107,-4452.5307,11.489715,-1.5268194,-4439.5142
1,4,0.13990358,2,4,0.16182951,3,4,0.27514037,-4452.6679,11.537469,-1.6227258,-4439.5077
1,4,0.1571002,2,4,0.16699973,3,4,0.29115263,-4451.652,12.305051,-0.75721541,-4438.5898
1,4,0.12730721,2,4,0.17033914,3,4,0.31244304,-4452.0519,12.201788,-1.0848445,-4438.7653
1,4,0.17111621,2,4,0.14336403,3,4,0.27372769,-4454.3994,11.764159,-3.2909626,-4439.3442
1,4,0.16804627,2,4,0.14115144,3,4,0.31307976,-4452.5893,12.44555,-1.7192522,-4438.4245
1,4,0.14135186,2,4,0.16964816,3,4,0.31143812,-4451.1325,12.448763,-0.23677794,-4438.447
1,4,0.12152523,2,4,0.1926216,3,4,0.28692603,-4454.968,12.021457,-3.9421695,-4439.0044
1,4,0.13763193,2,4,0.16783664,3,4,0.26073645,-4454.639,11.3241,-3.2967695,-4440.0181
1,4,0.14545872,2,4,0.16125155,3,4,0.29281722,-4451.2322,11.99055,-0.31880565,-4438.9229
1,4,0.13497106,2,4,0.1620105,3,4,0.30623964,-4451.3306,12.064424,-0.40745778,-4438.8587
1,4,0.15671793,2,4,0.14695948,3,4,0.30326299,-4451.5397,12.138808,-0.6156604,-4438.7853
1,4,0.11059629,2,4,0.17357016,3,4,0.33418675,-4455.4754,12.367064,-4.2307001,-4438.8777
1,4,0.14385908,2,4,0.16814005,3,4,0.28696379,-4451.6423,11.979258,-0.70750764,-4438.9555
1,4,0.14153341,2,4,0.15111983,3,4,0.28305582,-4452.2949,11.514181,-1.3139882,-4439.4668
1,4,0.17262143,2,4,0.18178273,3,4,0.35129163,-4456.7023,14.113916,-6.4803949,-4436.108
1,4,0.15946135,2,4,0.16741078,3,4,0.29171383,-4451.7866,12.371719,-0.90623161,-4438.5086
1,4,0.15178209,2,4,0.16144296,3,4,0.30661729,-4450.9616,12.396847,-0.061822342,-4438.5029
1,4,0.12497752,2,4,0.15655547,3,4,0.32058288,-4452.7186,12.042317,-1.6714422,-4439.0049
1,4,0.16280343,2,4,0.17098053,3,4,0.31966019,-4452.193,13.068883,-1.3730604,-4437.7511
1,4,0.1531656,2,4,0.16025307,3,4,0.3038379,-4451.0104,12.345131,-0.11116923,-4438.5541
1,4,0.14401921,2,4,0.1632861,3,4,0.31502132,-4450.9938,12.446533,-0.094269726,-4438.453
1,4,0.13817946,2,4,0.17186335,3,4,0.32935727,-4451.8451,12.788002,-0.99722643,-4438.0599
1,4,0.13009995,2,4,0.16840043,3,4,0.30523567,-4451.7544,12.074721,-0.79989761,-4438.8798
1,4,0.13372996,2,4,0.14624461,3,4,0.31272878,-4452.3268,11.854067,-1.3224487,-4439.1503
1,4,0.14007308,2,4,0.19398499,3,4,0.29524852,-4453.4585,12.586132,-2.8035981,-4438.0688
1,4,0.14848152,2,4,0.18293559,3,4,0.31969673,-4452.2934,13.022277,-1.5097922,-4437.7613
1,4,0.14843693,2,4,0.13706258,3,4,0.30901443,-4452.4928,11.890279,-1.4428626,-4439.1597
1,4,0.13875104,2,4,0.17471123,3,4,0.33792038,-4452.4937,13.027653,-1.7239592,-4437.7421
1,4,0.15378259,2,4,0.16085762,3,4,0.31324456,-4451.0593,12.557695,-0.16273165,-4438.3388
1,4,0.14688271,2,4,0.16789162,3,4,0.2870023,-4451.6094,12.035532,-0.67957274,-4438.8943
1,4,0.13074661,2,4,0.17193112,3,4,0.32655703,-4452.1188,12.584695,-1.2359944,-4438.2981
1,4,0.14171891,2,4,0.17245524,3,4,0.29132392,-4451.6119,12.109961,-0.69614869,-4438.8058
1,4,0.11797106,2,4,0.1846735,3,4,0.29489326,-4454.3231,11.950756,-3.1651383,-4439.2072
1,4,0.15156813,2,4,0.1622,3,4,0.32477255,-4451.3393,12.770813,-0.4562125,-4438.1123
1,4,0.15084459,2,4,0.15850215,3,4,0.31293792,-4450.9751,12.445693,-0.075434217,-4438.454
1,4,0.15068741,2,4,0.14204429,3,4,0.32266868,-4452.0691,12.308007,-1.124496,-4438.6366
1,4,0.13539937,2,4,0.17150245,3,4,0.29973289,-4451.5251,12.132694,-0.60560074,-4438.7868
1,4,0.14261388,2,4,0.16369345,3,4,0.29590784,-4451.1714,12.044303,-0.26182189,-4438.8653
1,4,0.16753832,2,4,0.14269152,3,4,0.27910991,-4453.6432,11.786795,-2.574932,-4439.2815
1,4,0.12975975,2,4,0.16744579,3,4,0.30387566,-4451.7959,12.021624,-0.83390601,-4438.9404
1,4,0.14491077,2,4,0.16276977,3,4,0.31833655,-4451.0529,12.520342,-0.15580489,-4438.3767
1,4,0.12364324,2,4,0.16468066,3,4,0.33144193,-4453.0365,12.395316,-2.058158,-4438.583
1,4,0.13901097,2,4,0.17144596,3,4,0.29956073,-4451.356,12.200353,-0.45024719,-4438.7054
1,4,0.14447437,2,4,0.15627039,3,4,0.32864549,-4451.5059,12.587805,-0.62829959,-4438.2898
1,4,0.17564843,2,4,0.13455218,3,4,0.30911334,-4453.9229,12.386279,-3.0619749,-4438.4747
1,4,0.14486577,2,4,0.12690533,3,4,0.29896089,-4454.7027,11.41464,-3.2859061,-4440.0021
1,4,0.139913,2,4,0.15883308,3,4,0.29638918,-4451.2961,11.902705,-0.38237867,-4439.011
1,4,0.18017772,2,4,0.14958685,3,4,0.29315647,-4453.7128,12.458421,-3.0451758,-4438.2092
1,4,0.1788149,2,4,0.17070541,3,4,0.31050065,-4453.9247,13.200419,-3.4250512,-4437.2992
1,4,0.15439911,2,4,0.17216368,3,4,0.31602476,-4451.5551,12.851751,-0.68249501,-4438.0208
1,4,0.14891275,2,4,0.15829262,3,4,0.2877856,-4451.4938,11.899819,-0.56300158,-4439.031
1,4,0.13915334,2,4,0.15627863,3,4,0.28366778,-4452.1051,11.581995,-1.1363918,-4439.3868
1,4,0.16060808,2,4,0.15785169,3,4,0.30913393,-4451.3475,12.551874,-0.47077585,-4438.3248
1,4,0.17506873,2,4,0.16573264,3,4,0.3044429,-4453.0134,12.904885,-2.3574593,-4437.7511
1,4,0.15208259,2,4,0.15705034,3,4,0.30064954,-4451.0519,12.195649,-0.14896655,-4438.7073
1,4,0.1496821,2,4,0.17078125,3,4,0.27359187,-4452.8084,11.881104,-1.7822438,-4439.145
1,4,0.16240976,2,4,0.16360319,3,4,0.31700395,-4451.7021,12.860338,-0.85022973,-4437.9916
1,4,0.16158664,2,4,0.1387591,3,4,0.290854,-4452.8763,11.823995,-1.8271829,-4439.2252
1,4,0.17109852,2,4,0.18824388,3,4,0.30029846,-4454.7209,13.192817,-4.3289128,-4437.1991
1,4,0.12949876,2,4,0.16514111,3,4,0.29073529,-4452.2749,11.707503,-1.2680416,-4439.2993
1,4,0.16896655,2,4,0.16972704,3,4,0.31326809,-4452.5703,13.039234,-1.8197902,-4437.7113
1,4,0.15846058,2,4,0.14873157,3,4,0.24334871,-4458.0969,11.010817,-6.0497393,-4441.0364
1,4,0.13229657,2,4,0.17232341,3,4,0.32444111,-4451.9345,12.581222,-1.0528411,-4438.3004
1,4,0.14002946,2,4,0.14665847,3,4,0.31298813,-4451.7702,11.993521,-0.81847104,-4438.9582
1,4,0.14885858,2,4,0.15295901,3,4,0.31729907,-4451.1643,12.382333,-0.26264251,-4438.5194
1,4,0.14798284,2,4,0.15642047,3,4,0.30083288,-4451.0274,12.104724,-0.12377945,-4438.7989
1,4,0.14098075,2,4,0.14548359,3,4,0.32497971,-4452.1099,12.228881,-1.163905,-4438.7171
1,4,0.15124499,2,4,0.17144374,3,4,0.33131938,-4452.0044,13.080162,-1.1647986,-4437.7594
1,4,0.12620441,2,4,0.16664655,3,4,0.27468269,-4453.9693,11.350673,-2.7479929,-4439.8706
1,4,0.15515784,2,4,0.16023211,3,4,0.28323165,-4451.8844,11.972432,-0.93532514,-4438.9766
1,4,0.12458471,2,4,0.17255744,3,4,0.30504421,-4452.4544,12.043727,-1.434919,-4438.9757
1,4,0.15439716,2,4,0.16206972,3,4,0.28773916,-4451.5834,12.084121,-0.6596612,-4438.8396
1,4,0.15243022,2,4,0.16859166,3,4,0.27905735,-4452.2764,12.001584,-1.3087778,-4438.966
1,4,0.14551663,2,4,0.15815785,3,4,0.34061339,-4452.2108,12.885757,-1.4123985,-4437.9126
1,4,0.14033264,2,4,0.15930867,3,4,0.33736821,-4452.0668,12.74019,-1.2356201,-4438.091
1,4,0.16272004,2,4,0.15086847,3,4,0.27417648,-4453.2323,11.7553,-2.1703629,-4439.3067
1,4,0.15579984,2,4,0.16468845,3,4,0.27256047,-4452.8831,11.860975,-1.8450318,-4439.1771
1,4,0.16375584,2,4,0.16180483,3,4,0.30582338,-4451.6227,12.627681,-0.77098699,-4438.224
1,4,0.17031033,2,4,0.12594686,3,4,0.30802273,-4454.7908,12.085598,-3.5906399,-4439.1146
1,4,0.1619372,2,4,0.1546402,3,4,0.3230084,-4451.7617,12.791716,-0.91606416,-4438.0539
1,4,0.15031141,2,4,0.14008166,3,4,0.30401588,-4452.1055,11.888179,-1.1047171,-4439.1126
1,4,0.13392247,2,4,0.16614938,3,4,0.31245788,-4451.4009,12.250595,-0.48070159,-4438.6696
1,4,0.13331843,2,4,0.17483313,3,4,0.29873644,-4451.8224,12.13776,-0.89673377,-4438.7879
1,4,0.13040483,2,4,0.15672675,3,4,0.32345969,-4452.1164,12.211825,-1.1590782,-4438.7455
1,4,0.15128987,2,4,0.17256939,3,4,0.27994993,-4452.3588,12.076184,-1.4091887,-4438.8734
1,4,0.15809225,2,4,0.14423288,3,4,0.29889754,-4451.8786,12.024453,-0.92791149,-4438.9262
1,4,0.17400189,2,4,0.17347487,3,4,0.29084047,-4453.6754,12.766345,-3.0541934,-4437.8548
1,4,0.13940742,2,4,0.12915169,3,4,0.30088787,-4454.5924,11.38894,-3.2278332,-4439.9756
1,4,0.13496287,2,4,0.16783787,3,4,0.30869398,-4451.3393,12.229894,-0.42335312,-4438.6861
1,4,0.13599223,2,4,0.14768179,3,4,0.29123454,-4452.4419,11.498171,-1.454536,-4439.4892
1,4,0.13553389,2,4,0.17317485,3,4,0.32627976,-4451.8594,12.69977,-1.0006492,-4438.159
1,4,0.15572314,2,4,0.14326094,3,4,0.30432691,-4451.7907,12.06622,-0.83813794,-4438.8864
1,4,0.16381572,2,4,0.14316165,3,4,0.34543403,-4453.7341,13.048228,-3.0859871,-4437.5999
1,4,0.16109205,2,4,0.16501567,3,4,0.33971655,-4452.8519,13.316485,-2.1046086,-4437.4308
1,4,0.15501583,2,4,0.15824596,3,4,0.30779298,-4451.0563,12.421095,-0.15976359,-4438.4754
1,4,0.1539423,2,4,0.17720521,3,4,0.32049122,-4452.0388,13.032775,-1.2052265,-4437.8008
1,4,0.13625151,2,4,0.1446339,3,4,0.35859593,-4455.031,12.789627,-4.3630818,-4437.8783
1,4,0.1725371,2,4,0.14301977,3,4,0.31869684,-4452.955,12.685074,-2.1950954,-4438.0748
1,4,0.15183753,2,4,0.15151686,3,4,0.26155644,-4454.4223,11.298217,-3.1127375,-4440.0113
1,4,0.14280966,2,4,0.17262157,3,4,0.28865971,-4451.7338,12.081819,-0.81121168,-4438.8408
1,4,0.13619366,2,4,0.15700538,3,4,0.34264452,-4452.7084,12.716871,-1.9031335,-4438.0884
1,4,0.12293528,2,4,0.17045653,3,4,0.26556377,-4455.6172,11.179111,-4.1167938,-4440.3213
1,4,0.15919059,2,4,0.13845694,3,4,0.2987123,-4452.502,11.927197,-1.4807192,-4439.0941
1,4,0.15439967,2,4,0.15574179,3,4,0.33503418,-4451.9803,12.903513,-1.1543721,-4437.9224
1,4,0.13878089,2,4,0.1696022,3,4,0.30134536,-4451.2609,12.194569,-0.3538558,-4438.7125
1,4,0.15627171,2,4,0.15698316,3,4,0.29200436,-4451.4495,12.105184,-0.53575035,-4438.8085
1,4,0.15445814,2,4,0.16248376,3,4,0.34234484,-4452.5556,13.185735,-1.794011,-4437.5759
1,4,0.1346035,2,4,0.13336924,3,4,0.31369086,-4454.1232,11.633272,-2.8584091,-4439.6315
1,4,0.15150065,2,4,0.17060185,3,4,0.32478201,-4451.6296,12.93769,-0.75957599,-4437.9324
1,4,0.14744676,2,4,0.16501925,3,4,0.25960981,-4454.42,11.441516,-3.1045466,-4439.874
1,4,0.13285093,2,4,0.15614432,3,4,0.28996139,-4452.2046,11.579133,-1.227341,-4439.3981
1,4,0.15113468,2,4,0.17642914,3,4,0.28615797,-4452.1772,12.274436,-1.2867261,-4438.616
1,4,0.14063699,2,4,0.13974477,3,4,0.31030609,-4452.4981,11.813757,-1.4614589,-4439.2229
1,4,0.14338991,2,4,0.16625874,3,4,0.30422671,-4451.005,12.277507,-0.10390108,-4438.6236
1,4,0.15082444,2,4,0.16514353,3,4,0.32317796,-4451.3151,12.782918,-0.42852308,-4438.1037
1,4,0.13989265,2,4,0.15103645,3,4,0.320399,-4451.579,12.226562,-0.65822774,-4438.6943
1,4,0.13165582,2,4,0.17546147,3,4,0.34141823,-4453.08,12.970711,-2.3468174,-4437.7624
1,4,0.15022608,2,4,0.15011392,3,4,0.29974194,-4451.3073,12.001639,-0.38864097,-4438.917
1,4,0.16677567,2,4,0.16686324,3,4,0.31302721,-4452.1547,12.933322,-1.3550284,-4437.8664
1,4,0.15253954,2,4,0.15423694,3,4,0.29487088,-4451.2911,12.032947,-0.37657522,-4438.8816
1,4,0.1558406,2,4,0.17445496,3,4,0.28331709,-4452.4143,12.272253,-1.5197016,-4438.6224
1,4,0.14324408,2,4,0.18103224,3,4,0.32348352,-4452.1314,12.955197,-1.3299312,-4437.8463
1,4,0.11298724,2,4,0.17943153,3,4,0.32427235,-4454.7087,12.333822,-3.5469926,-4438.8279
1,4,0.15069854,2,4,0.14924121,3,4,0.3341646,-4452.0621,12.682087,-1.211985,-4438.168
1,4,0.17250868,2,4,0.17924561,3,4,0.29871629,-4453.8122,13.009412,-3.2490407,-4437.5537
1,4,0.15248064,2,4,0.16916275,3,4,0.3220191,-4451.4818,12.87325,-0.60173917,-4438.0068
1,4,0.16203524,2,4,0.14847713,3,4,0.32058524,-4451.8574,12.621952,-0.9975409,-4438.2379
1,4,0.15884952,2,4,0.15765575,3,4,0.35307564,-4453.7163,13.391618,-3.1408712,-4437.1839
1,4,0.14082655,2,4,0.17199803,3,4,0.29701066,-4451.3924,12.196705,-0.48812177,-4438.7075
1,4,0.13710531,2,4,0.18655001,3,4,0.28532646,-4453.1381,12.179636,-2.2636073,-4438.6949
1,4,0.13963367,2,4,0.16195018,3,4,0.28683744,-4451.7243,11.768426,-0.77868975,-4439.1772
1,4,0.14167374,2,4,0.15963881,3,4,0.31684091,-4451.0892,12.363069,-0.18812952,-4438.538
1,4,0.13285632,2,4,0.17550587,3,4,0.3034834,-4451.7841,12.236912,-0.86973779,-4438.6775
1,4,0.163966,2,4,0.14611926,3,4,0.29521198,-4452.1446,12.105945,-1.2196886,-4438.819
1,4,0.16075749,2,4,0.18003354,3,4,0.30579951,-4452.5282,12.931811,-1.7665406,-4437.8299
1,4,0.13302929,2,4,0.15713863,3,4,0.31138886,-4451.6064,12.031135,-0.66410045,-4438.9112
1,4,0.1491978,2,4,0.1565111,3,4,0.3326551,-4451.7016,12.76728,-0.84827757,-4438.0861
1,4,0.13669631,2,4,0.15589354,3,4,0.31394137,-4451.3887,12.130624,-0.4673748,-4438.7907
1,4,0.14721241,2,4,0.15462436,3,4,0.32163879,-4451.2313,12.469511,-0.33607924,-4438.4257
1,4,0.15956009,2,4,0.1713633,3,4,0.26482274,-4454.2272,11.914923,-3.1231977,-4439.1891
1,4,0.18149,2,4,0.14868079,3,4,0.30350757,-4453.6648,12.673567,-3.0807491,-4437.9105
1,4,0.1481079,2,4,0.16308607,3,4,0.27111417,-4452.8735,11.646163,-1.7946691,-4439.4326
1,4,0.13038019,2,4,0.17891504,3,4,0.27674987,-4453.6439,11.720902,-2.5374534,-4439.3856
1,4,0.14497711,2,4,0.13623162,3,4,0.31022239,-4452.746,11.828622,-1.6650115,-4439.2524
1,4,0.14236485,2,4,0.17920719,3,4,0.33003965,-4452.2808,13.032234,-1.490053,-4437.7586
1,4,0.16860277,2,4,0.15871972,3,4,0.28167829,-4452.8894,12.180016,-2.002239,-4438.7071
1,4,0.15258115,2,4,0.1922571,3,4,0.29136858,-4453.6832,12.724137,-3.0708304,-4437.8882
1,4,0.13429626,2,4,0.20214682,3,4,0.31475265,-4454.5669,13.023915,-4.2211193,-4437.3219
1,4,0.11446588,2,4,0.17654861,3,4,0.33118888,-4454.5882,12.444067,-3.5021948,-4438.6419
1,4,0.15628765,2,4,0.15530749,3,4,0.26944792,-4453.2822,11.620861,-2.1638047,-4439.4976
1,4,0.14073808,2,4,0.15744845,3,4,0.28198703,-4452.1042,11.603471,-1.1298344,-4439.3709
1,4,0.13321282,2,4,0.19194078,3,4,0.30742165,-4453.1435,12.651505,-2.4436953,-4438.0483
1,4,0.16207518,2,4,0.15002671,3,4,0.33780129,-4452.6861,12.998064,-1.9341554,-4437.7538
1,4,0.15820055,2,4,0.16635441,3,4,0.32963326,-4452.0204,13.083764,-1.1800188,-4437.7566
1,4,0.14959165,2,4,0.17880571,3,4,0.29860451,-4451.8174,12.540038,-0.97021866,-4438.3071
1,4,0.15868062,2,4,0.1532409,3,4,0.3170648,-4451.4053,12.579726,-0.52474096,-4438.3008
1,4,0.14846062,2,4,0.13313101,3,4,0.32139155,-4453.2539,12.059664,-2.1406273,-4439.0536
1,4,0.13561706,2,4,0.16063678,3,4,0.28329569,-4452.2424,11.590991,-1.2539824,-4439.3974
1,4,0.14889971,2,4,0.18038754,3,4,0.30192096,-4451.8766,12.624164,-1.0451599,-4438.2072
1,4,0.16452516,2,4,0.12272939,3,4,0.30890375,-4455.1522,11.923166,-3.745054,-4439.484
1,4,0.1705434,2,4,0.15897027,3,4,0.30665052,-4452.22,12.723284,-1.4451225,-4438.0516
1,4,0.13747931,2,4,0.15818152,3,4,0.31058771,-4451.2322,12.124971,-0.31798776,-4438.7892
1,4,0.15187292,2,4,0.13848293,3,4,0.28669904,-4452.9854,11.541098,-1.8922261,-4439.5521
1,4,0.12026883,2,4,0.16885546,3,4,0.32542571,-4453.2448,12.291,-2.1928797,-4438.7609
1,4,0.14098312,2,4,0.11972192,3,4,0.31480299,-4456.6774,11.510161,-4.8400023,-4440.3273
1,4,0.12708622,2,4,0.12555534,3,4,0.29625954,-4457.4305,10.978022,-5.5950796,-4440.8574
1,4,0.14803237,2,4,0.15344823,3,4,0.29472157,-4451.3055,11.924043,-0.38942103,-4438.992
1,4,0.15365706,2,4,0.14851146,3,4,0.30685468,-4451.3324,12.180464,-0.41563672,-4438.7363
1,4,0.17185773,2,4,0.16164964,3,4,0.32629068,-4452.9441,13.195961,-2.2500888,-4437.498
1,4,0.1578393,2,4,0.15934162,3,4,0.31626364,-4451.2885,12.668891,-0.40519811,-4438.2144
1,4,0.1533601,2,4,0.14857986,3,4,0.31412723,-4451.3598,12.321344,-0.44942784,-4438.589
1,4,0.14912695,2,4,0.15630334,3,4,0.30413602,-4450.9791,12.191326,-0.076800729,-4438.711
1,4,0.12683506,2,4,0.13937391,3,4,0.32335016,-4454.3534,11.791183,-3.1002809,-4439.4619
1,4,0.13748761,2,4,0.15240186,3,4,0.30047045,-4451.594,11.807198,-0.66357204,-4439.1232
1,4,0.1305117,2,4,0.15206888,3,4,0.31775875,-4452.2286,12.006787,-1.238234,-4438.9836
1,4,0.15554062,2,4,0.15852111,3,4,0.32792233,-4451.6002,12.839681,-0.73731882,-4438.0232
1,4,0.13811353,2,4,0.13918008,3,4,0.33029952,-4453.2794,12.151863,-2.2386518,-4438.8889
1,4,0.14195241,2,4,0.14164358,3,4,0.29330353,-4452.5484,11.53799,-1.5293883,-4439.4811
1,4,0.14506199,2,4,0.15062865,3,4,0.32194287,-4451.4505,12.35267,-0.54428378,-4438.5536
1,4,0.1494905,2,4,0.13321488,3,4,0.30303562,-4453.1267,11.71482,-1.9788583,-4439.433
1,4,0.16347899,2,4,0.14376819,3,4,0.34006106,-4453.2456,12.946165,-2.5229782,-4437.7764
1,4,0.13630117,2,4,0.14300527,3,4,0.30495909,-4452.4667,11.685311,-1.4481235,-4439.3332
1,4,0.16853845,2,4,0.15406609,3,4,0.3374164,-4453.1205,13.200419,-2.4476202,-4437.4725
1,4,0.17691822,2,4,0.14896906,3,4,0.30525439,-4453.0325,12.622833,-2.3379519,-4438.0718
1,4,0.15354912,2,4,0.1548727,3,4,0.33397773,-4451.8985,12.847991,-1.0626301,-4437.9879
1,4,0.15243385,2,4,0.18389733,3,4,0.31186081,-4452.3893,12.96384,-1.6219466,-4437.8035
1,4,0.14009887,2,4,0.16492703,3,4,0.32949251,-4451.5986,12.690368,-0.73065737,-4438.1776
1,4,0.14715969,2,4,0.13711172,3,4,0.30366963,-4452.5788,11.758821,-1.5176595,-4439.3023
1,4,0.14801972,2,4,0.16235691,3,4,0.28201256,-4451.8517,11.847784,-0.89038504,-4439.1136
1,4,0.13265346,2,4,0.17380114,3,4,0.26790385,-4454.1761,11.487169,-2.9427634,-4439.7462
1,4,0.13320956,2,4,0.15089439,3,4,0.31609573,-4452.0001,12.003994,-1.0317746,-4438.9643
1,4,0.15090298,2,4,0.16411495,3,4,0.31032965,-4450.9875,12.506952,-0.088065191,-4438.3925
1,4,0.16257064,2,4,0.16375973,3,4,0.33089274,-4452.3187,13.144462,-1.5145301,-4437.6597
1,4,0.15545069,2,4,0.16458568,3,4,0.30649827,-4451.15,12.530693,-0.25786991,-4438.3614
1,4,0.14473754,2,4,0.18464509,3,4,0.30970279,-4452.1742,12.781708,-1.3915899,-4438.0009
1,4,0.14167353,2,4,0.14794273,3,4,0.3254419,-4451.8802,12.301163,-0.95792559,-4438.6211
1,4,0.15154921,2,4,0.17357726,3,4,0.26813824,-4453.5886,11.865294,-2.5039686,-4439.2194
1,4,0.15160148,2,4,0.15596715,3,4,0.29654425,-4451.1704,12.082258,-0.26172255,-4438.8265
1,4,0.15366931,2,4,0.13695372,3,4,0.28098658,-4453.6202,11.432192,-2.4421041,-4439.7459
1,4,0.15357733,2,4,0.15825263,3,4,0.30041272,-4451.0784,12.244854,-0.17698936,-4438.6565
1,4,0.15951016,2,4,0.16391695,3,4,0.3271352,-4451.8836,13.011246,-1.0366958,-4437.8356
1,4,0.15129247,2,4,0.15139363,3,4,0.28612284,-4451.838,11.776179,-0.88179626,-4439.18
1,4,0.15935651,2,4,0.14618676,3,4,0.33254238,-4452.372,12.761713,-1.546061,-4438.0642
1,4,0.13796613,2,4,0.1585989,3,4,0.29758744,-4451.3682,11.883049,-0.44987655,-4439.0353
1,4,0.15896885,2,4,0.1502367,3,4,0.31516682,-4451.4785,12.487447,-0.59141244,-4438.3997
1,4,0.16147903,2,4,0.16088432,3,4,0.30447942,-4451.4346,12.536856,-0.56368397,-4438.3341
1,4,0.16383826,2,4,0.17712161,3,4,0.31704155,-4452.7099,13.160028,-1.9499229,-4437.5999
1,4,0.15058779,2,4,0.16494522,3,4,0.31983529,-4451.1851,12.707366,-0.29184239,-4438.1859
1,4,0.15155586,2,4,0.15146625,3,4,0.33374047,-4451.9399,12.735251,-1.0943234,-4438.1103
1,4,0.12903462,2,4,0.17456459,3,4,0.29746273,-4452.2034,12.021239,-1.2313051,-4438.9508
1,4,0.16266481,2,4,0.18210456,3,4,0.28600398,-4453.4306,12.615467,-2.707463,-4438.1077
1,4,0.13888081,2,4,0.16683096,3,4,0.31227491,-4451.1373,12.359734,-0.23478814,-4438.5428
1,4,0.16533478,2,4,0.13300719,3,4,0.2783471,-4454.7551,11.533781,-3.4464131,-4439.7749
1,4,0.16020639,2,4,0.17069008,3,4,0.32231736,-4452.0508,13.064277,-1.2113509,-4437.7751
1,4,0.14159183,2,4,0.14908301,3,4,0.30209251,-4451.5369,11.855347,-0.60700399,-4439.0745
1,4,0.15376431,2,4,0.16005298,3,4,0.3071983,-4451.0107,12.420312,-0.11266476,-4438.4777
1,4,0.15080458,2,4,0.1659325,3,4,0.29546153,-4451.2114,12.243972,-0.30774625,-4438.6597
1,4,0.13146728,2,4,0.16357889,3,4,0.31614286,-4451.6434,12.22378,-0.70621871,-4438.7134
1,4,0.14271659,2,4,0.15249105,3,4,0.32109462,-4451.3916,12.326045,-0.48538857,-4438.5802
1,4,0.16804561,2,4,0.1460189,3,4,0.30898372,-4452.2222,12.460965,-1.3747082,-4438.3866
1,4,0.17200612,2,4,0.13314817,3,4,0.29930614,-4453.9144,12.089209,-2.8899019,-4438.9353
1,4,0.13061895,2,4,0.14683861,3,4,0.29303992,-4453.0257,11.40995,-1.9735227,-4439.6422
1,4,0.13708419,2,4,0.16503907,3,4,0.30265937,-4451.2322,12.095653,-0.31778136,-4438.8187
1,4,0.12197351,2,4,0.1732509,3,4,0.32398138,-4453.0014,12.384116,-2.0115223,-4438.6057
1,4,0.13024479,2,4,0.16692867,3,4,0.3108902,-4451.7012,12.161273,-0.75363484,-4438.7863
1,4,0.16019695,2,4,0.14508275,3,4,0.29170063,-4452.1609,11.939607,-1.1962658,-4439.025
1,4,0.13766102,2,4,0.18440948,3,4,0.30961407,-4452.1819,12.633691,-1.3790075,-4438.1692
1,4,0.14320669,2,4,0.15254729,3,4,0.30604063,-4451.1932,12.035892,-0.28248622,-4438.8749
1,4,0.16697132,2,4,0.15263242,3,4,0.28121701,-4452.8472,12.016415,-1.9024008,-4438.9283
1,4,0.16012096,2,4,0.16086953,3,4,0.34283798,-4452.8941,13.276569,-2.1712358,-4437.4463
1,4,0.14426479,2,4,0.1601669,3,4,0.27580015,-4452.453,11.604637,-1.4283134,-4439.42
1,4,0.15807849,2,4,0.18105951,3,4,0.28784244,-4452.8497,12.539609,-2.0605168,-4438.2496
1,4,0.1393163,2,4,0.16166451,3,4,0.32082611,-4451.2584,12.436138,-0.35992699,-4438.4623
1,4,0.14487848,2,4,0.17461937,3,4,0.28325992,-4452.1562,12.055155,-1.216966,-4438.8841
1,4,0.16429348,2,4,0.16594263,3,4,0.32291893,-4452.1626,13.063101,-1.345984,-4437.7535
1,4,0.13378356,2,4,0.15660911,3,4,0.32430683,-4451.8338,12.29399,-0.90842287,-4438.6314
1,4,0.1421532,2,4,0.16158469,3,4,0.30698453,-4450.9721,12.214449,-0.069692298,-4438.688
1,4,0.14693629,2,4,0.18347369,3,4,0.34647913,-4453.9695,13.537782,-3.3995691,-4437.0321
1,4,0.13860848,2,4,0.15242918,3,4,0.32119168,-4451.5911,12.244587,-0.67198583,-4438.6746
1,4,0.15742979,2,4,0.17320746,3,4,0.29600375,-4451.8266,12.53282,-0.96936735,-4438.3245
1,4,0.1206748,2,4,0.16458633,3,4,0.33832163,-4453.8718,12.471655,-2.8868717,-4438.5133
1,4,0.15688572,2,4,0.16467566,3,4,0.33742248,-4452.3699,13.179677,-1.5719436,-4437.6183
1,4,0.10146836,2,4,0.18575846,3,4,0.32967681,-4457.9119,12.338073,-6.3429995,-4439.2308
1,4,0.14203744,2,4,0.16213179,3,4,0.27972671,-4452.1453,11.677919,-1.156744,-4439.3107
1,4,0.15951763,2,4,0.16954695,3,4,0.3021598,-4451.6229,12.624488,-0.76152044,-4438.2369
1,4,0.13858668,2,4,0.16812909,3,4,0.33025825,-4451.7491,12.73948,-0.8913868,-4438.1182
1,4,0.16791408,2,4,0.15766652,3,4,0.27226293,-4453.6555,11.95687,-2.6517881,-4439.0468
1,4,0.14742365,2,4,0.15684117,3,4,0.32568538,-4451.3299,12.599004,-0.4456086,-4438.2852
1,4,0.15600344,2,4,0.17241619,3,4,0.32275781,-4451.8828,13.023549,-1.0280551,-4437.8312
1,4,0.13591497,2,4,0.16873148,3,4,0.35508932,-4453.828,13.194716,-3.2581958,-4437.3751
1,4,0.14653446,2,4,0.15725096,3,4,0.3084423,-4450.9424,12.244554,-0.040855974,-4438.6569
1,4,0.15465812,2,4,0.13632637,3,4,0.31422582,-4452.5516,12.104206,-1.5220723,-4438.9253
1,4,0.13485131,2,4,0.16247448,3,4,0.30630645,-4451.3337,12.072645,-0.41033094,-4438.8508
1,4,0.12788861,2,4,0.14073378,3,4,0.28857979,-4454.4776,11.144044,-3.2544901,-4440.0791
1,4,0.14783715,2,4,0.17744947,3,4,0.32354797,-4451.9143,12.976692,-1.0780047,-4437.8596
1,4,0.14527568,2,4,0.15311768,3,4,0.29149175,-4451.5072,11.797702,-0.58162808,-4439.1279
1,4,0.14611819,2,4,0.17515071,3,4,0.31573852,-4451.4645,12.740148,-0.59506007,-4438.1293
1,4,0.18892628,2,4,0.14985071,3,4,0.28811266,-4455.2821,12.537793,-4.8726109,-4437.8717
1,4,0.1784322,2,4,0.14300058,3,4,0.29219377,-4453.8419,12.272531,-3.053348,-4438.5161
1,4,0.12788312,2,4,0.16430757,3,4,0.27082531,-4454.2021,11.26032,-2.9542772,-4439.9875
1,4,0.13802749,2,4,0.1775464,3,4,0.30574066,-4451.6204,12.426291,-0.74516677,-4438.4489
1,4,0.13524123,2,4,0.17071747,3,4,0.318632,-4451.517,12.491814,-0.62242542,-4438.4027
1,4,0.14120267,2,4,0.12352117,3,4,0.30698516,-4455.6361,11.43418,-4.0263261,-4440.1756
1,4,0.15682116,2,4,0.15644847,3,4,0.31560314,-4451.228,12.577456,-0.33990591,-4438.3106
1,4,0.15148333,2,4,0.18114318,3,4,0.27230337,-4453.6927,12.098598,-2.7324273,-4438.8617
1,4,0.14799281,2,4,0.16191557,3,4,0.31570171,-4450.9852,12.512202,-0.085863076,-4438.3871
1,4,0.1421378,2,4,0.18077366,3,4,0.28567416,-4452.4574,12.171712,-1.5585537,-4438.7271
1,4,0.15809488,2,4,0.14746257,3,4,0.31522437,-4451.5795,12.415636,-0.68005809,-4438.4838
1,4,0.14066485,2,4,0.18608934,3,4,0.32911949,-4452.8737,13.117474,-2.1750163,-4437.5812
1,4,0.13579221,2,4,0.14591265,3,4,0.27929687,-4453.4997,11.220035,-2.414783,-4439.8649
1,4,0.13395746,2,4,0.17929222,3,4,0.31146909,-4451.9129,12.494376,-1.0461311,-4438.3724
1,4,0.12407856,2,4,0.18194893,3,4,0.31463369,-4452.939,12.413224,-2.0190964,-4438.5067
1,4,0.13777018,2,4,0.18828086,3,4,0.30360997,-4452.6023,12.59322,-1.8438004,-4438.1653
1,4,0.13188992,2,4,0.16829966,3,4,0.2929117,-4451.9444,11.862026,-0.97574872,-4439.1066
1,4,0.14397128,2,4,0.14026218,3,4,0.27472727,-4454.0226,11.179214,-2.8368731,-4440.0065
1,4,0.1552683,2,4,0.15601198,3,4,0.29838484,-4451.2071,12.193302,-0.30338514,-4438.7104
1,4,0.16068935,2,4,0.16665729,3,4,0.28718756,-4452.0566,12.290684,-1.167147,-4438.5988
1,4,0.13009,2,4,0.16066654,3,4,0.28603185,-4452.5715,11.535768,-1.5451644,-4439.4906
1,4,0.16572953,2,4,0.15724528,3,4,0.30345575,-4451.7461,12.528611,-0.90167114,-4438.3158
1,4,0.16319672,2,4,0.17083016,3,4,0.28293616,-4452.713,12.339261,-1.8489365,-4438.5248
1,4,0.156398,2,4,0.14913865,3,4,0.27816081,-4452.6639,11.673949,-1.627896,-4439.3621
1,4,0.15962767,2,4,0.15150075,3,4,0.3391947,-4452.595,13.006462,-1.8350991,-4437.7534
1,4,0.13983471,2,4,0.18360008,3,4,0.30976216,-4452.0645,12.663939,-1.2572159,-4438.1433
1,4,0.16529121,2,4,0.11600428,3,4,0.31217616,-4456.8338,11.869433,-5.0785764,-4439.8858
1,4,0.17122438,2,4,0.14859772,3,4,0.34442524,-4454.0171,13.284947,-3.488993,-4437.2432
1,4,0.16116973,2,4,0.13162252,3,4,0.31032832,-4453.3442,12.062411,-2.2358157,-4439.0459
1,4,0.14409855,2,4,0.17654214,3,4,0.30786917,-4451.4544,12.570197,-0.58580395,-4438.2984
1,4,0.15103446,2,4,0.16125867,3,4,0.31485533,-4451.0095,12.542969,-0.11070395,-4438.3558
1,4,0.17072189,2,4,0.14974817,3,4,0.3355852,-4453.2675,13.121105,-2.6172836,-4437.5291
1,4,0.15179334,2,4,0.13929074,3,4,0.32961629,-4452.6489,12.414007,-1.7064585,-4438.5285
1,4,0.14042101,2,4,0.17703136,3,4,0.29406705,-4451.7826,12.230388,-0.88858976,-4438.6636
1,4,0.11766502,2,4,0.17306222,3,4,0.27704312,-4455.1926,11.355407,-3.7396517,-4440.0976
1,4,0.16284823,2,4,0.17441343,3,4,0.26871092,-4454.1861,12.119452,-3.2122647,-4438.8544
1,4,0.15453521,2,4,0.16147619,3,4,0.3200978,-4451.2576,12.722184,-0.36925785,-4438.1662
1,4,0.13159982,2,4,0.16474106,3,4,0.33195128,-4452.1966,12.565843,-1.3138781,-4438.3169
1,4,0.1317868,2,4,0.16838287,3,4,0.32491758,-4451.8837,12.501745,-0.98348339,-4438.3984
1,4,0.12814651,2,4,0.16374976,3,4,0.30708681,-4451.9391,11.979662,-0.95607269,-4439.0033
1,4,0.12455251,2,4,0.17949364,3,4,0.30896861,-4452.7121,12.260295,-1.7488139,-4438.703
1,4,0.16261223,2,4,0.15396473,3,4,0.30803289,-4451.5117,12.492197,-0.64153313,-4438.378
1,4,0.12669827,2,4,0.17519784,3,4,0.2977259,-4452.4656,11.99244,-1.4643132,-4439.0089
1,4,0.12459979,2,4,0.19057335,3,4,0.28718933,-4454.3541,12.04725,-3.3736348,-4438.9333
1,4,0.14432556,2,4,0.15874209,3,4,0.31347919,-4450.9793,12.330937,-0.078182452,-4438.5702
1,4,0.13702235,2,4,0.16495412,3,4,0.30957494,-4451.184,12.231028,-0.27358233,-4438.6794
1,4,0.12005121,2,4,0.19380267,3,4,0.30889298,-4454.4715,12.454937,-3.647278,-4438.3693
1,4,0.13601134,2,4,0.15326806,3,4,0.30984141,-4451.5425,11.982416,-0.60887336,-4438.9512
1,4,0.14886699,2,4,0.1709097,3,4,0.29051752,-4451.5568,12.205884,-0.64923665,-4438.7017
1,4,0.1395512,2,4,0.15771634,3,4,0.31652854,-4451.204,12.275921,-0.29724722,-4438.6308
1,4,0.14181474,2,4,0.16443347,3,4,0.2971895,-4451.1572,12.068754,-0.24848464,-4438.84
1,4,0.1279781,2,4,0.18070049,3,4,0.30863498,-4452.4334,12.346271,-1.5254918,-4438.5616
1,4,0.15449581,2,4,0.17440846,3,4,0.28876349,-4452.0267,12.353355,-1.1475613,-4438.5258
1,4,0.13566182,2,4,0.15863085,3,4,0.3279071,-4451.7747,12.443995,-0.87696536,-4438.4538
1,4,0.15318244,2,4,0.15303429,3,4,0.31242774,-4451.128,12.372889,-0.22705619,-4438.5281
1,4,0.15638743,2,4,0.17865621,3,4,0.30860664,-4452.0657,12.873006,-1.2498343,-4437.9428
1,4,0.12992003,2,4,0.17205497,3,4,0.30703609,-4451.8361,12.180222,-0.89231276,-4438.7636
1,4,0.13623907,2,4,0.12978344,3,4,0.31064482,-4454.6514,11.533347,-3.2789456,-4439.8391
1,4,0.12215977,2,4,0.15775224,3,4,0.27940022,-4454.399,11.186245,-3.1321557,-4440.0806
1,4,0.1518605,2,4,0.14783072,3,4,0.32309653,-4451.6128,12.455755,-0.71229108,-4438.4447
1,4,0.11990358,2,4,0.1953634,3,4,0.30049659,-4454.8214,12.315271,-3.9574747,-4438.5487
1,4,0.1465253,2,4,0.14887447,3,4,0.32812573,-4451.7755,12.47051,-0.88199269,-4438.423
1,4,0.1254486,2,4,0.17505575,3,4,0.29756548,-4452.612,11.961397,-1.5885836,-4439.062
1,4,0.15062022,2,4,0.15713284,3,4,0.30933152,-4450.9572,12.341691,-0.056397694,-4438.5591
1,4,0.1547123,2,4,0.14802012,3,4,0.30985207,-4451.3825,12.25169,-0.46793272,-4438.6628
1,4,0.16514981,2,4,0.16853329,3,4,0.35296471,-4454.6356,13.732956,-4.1374641,-4436.7651
1,4,0.13769553,2,4,0.15857296,3,4,0.26718016,-4453.7967,11.268973,-2.6101603,-4439.9176
1,4,0.12898159,2,4,0.18079148,3,4,0.29940235,-4452.4924,12.183508,-1.5614827,-4438.7474
1,4,0.11825641,2,4,0.17360915,3,4,0.31303704,-4453.3804,12.098052,-2.251762,-4439.0306
1,4,0.14928122,2,4,0.16430623,3,4,0.3445897,-4452.6051,13.163543,-1.8589821,-4437.5826
1,4,0.15991572,2,4,0.16698466,3,4,0.31352899,-4451.5659,12.808587,-0.69926291,-4438.0581
1,4,0.16495521,2,4,0.12168775,3,4,0.28453203,-4456.4547,11.4235,-4.7383954,-4440.2928
1,4,0.16622076,2,4,0.1453673,3,4,0.32922372,-4452.6607,12.816236,-1.8777134,-4437.9668
1,4,0.1555978,2,4,0.1568068,3,4,0.31638766,-4451.1887,12.575845,-0.29806482,-4438.3148
1,4,0.13096425,2,4,0.1619203,3,4,0.32566114,-4451.98,12.370914,-1.0544375,-4438.5547
1,4,0.14839395,2,4,0.1722663,3,4,0.30568519,-4451.2364,12.526909,-0.35002621,-4438.3595
1,4,0.15037537,2,4,0.16045691,3,4,0.31248857,-4450.956,12.466417,-0.055953815,-4438.4336
1,4,0.15154954,2,4,0.1635538,3,4,0.31035627,-4450.9933,12.509192,-0.094021276,-4438.3901
1,4,0.16109419,2,4,0.14147373,3,4,0.30464219,-4452.1315,12.144202,-1.179066,-4438.8082
1,4,0.1438685,2,4,0.17122013,3,4,0.2906077,-4451.5545,12.113927,-0.63878129,-4438.8018
1,4,0.15590911,2,4,0.13608166,3,4,0.30842721,-4452.5738,12.00836,-1.5296628,-4439.0357
1,4,0.10757924,2,4,0.15398343,3,4,0.33800035,-4457.4036,11.99126,-5.6774447,-4439.7349
1,4,0.15018708,2,4,0.17909238,3,4,0.29947137,-4451.8432,12.575017,-1.001402,-4438.2668
1,4,0.15842865,2,4,0.15063882,3,4,0.31761589,-4451.489,12.533667,-0.60486013,-4438.3505
1,4,0.1699207,2,4,0.17523015,3,4,0.34739473,-4455.1885,13.850912,-4.7298717,-4436.6077
1,4,0.13128949,2,4,0.15732419,3,4,0.35075806,-4453.7702,12.787435,-3.0341423,-4437.9486
1,4,0.15129546,2,4,0.17099567,3,4,0.3175726,-4451.3868,12.797275,-0.50364323,-4438.0858
1,4,0.13928994,2,4,0.16416516,3,4,0.31568502,-4451.1351,12.382802,-0.23298312,-4438.5193
1,4,0.16274663,2,4,0.14026525,3,4,0.31206147,-4452.3138,12.301467,-1.3798495,-4438.6325
1,4,0.14119347,2,4,0.17720809,3,4,0.32345339,-4451.8252,12.837099,-0.98619181,-4438.0019
1,4,0.13966532,2,4,0.1545028,3,4,0.28305159,-4452.2012,11.544394,-1.2266233,-4439.4302
1,4,0.15594653,2,4,0.14705365,3,4,0.31238642,-4451.4922,12.307732,-0.57899275,-4438.6055
1,4,0.1259543,2,4,0.16796689,3,4,0.32612709,-4452.4901,12.400966,-1.5386694,-4438.5505
1,4,0.13920866,2,4,0.16696476,3,4,0.32565913,-4451.481,12.636651,-0.60175183,-4438.2426
1,4,0.13688913,2,4,0.16971389,3,4,0.27482277,-4452.932,11.628516,-1.8609071,-4439.4425
1,4,0.13840062,2,4,0.1662388,3,4,0.28198007,-4452.1363,11.73239,-1.1517483,-4439.2522
1,4,0.1322148,2,4,0.17537438,3,4,0.27353946,-4453.6178,11.622573,-2.4816936,-4439.5135
1,4,0.14298172,2,4,0.16073584,3,4,0.33070423,-4451.5743,12.688436,-0.70807548,-4438.1777
1,4,0.124708,2,4,0.17225782,3,4,0.29324183,-4452.799,11.804153,-1.7307511,-4439.2641
1,4,0.12594724,2,4,0.1858372,3,4,0.31538073,-4453.0524,12.543303,-2.2139162,-4438.2951
1,4,0.16974134,2,4,0.16243392,3,4,0.32078672,-4452.4898,13.05924,-1.7357354,-4437.6948
1,4,0.14175955,2,4,0.18088347,3,4,0.28114625,-4452.79,12.075785,-1.8568764,-4438.8574
1,4,0.15697711,2,4,0.17809823,3,4,0.32477811,-4452.4937,13.197069,-1.6950919,-4437.6016
1,4,0.16391655,2,4,0.14636013,3,4,0.27771131,-4453.2284,11.75976,-2.1734648,-4439.2951
1,4,0.13776346,2,4,0.17212319,3,4,0.30190128,-4451.3835,12.235758,-0.47889692,-4438.6689
1,4,0.14985059,2,4,0.1534089,3,4,0.25829555,-4454.8311,11.231101,-3.4445528,-4440.1554
1,4,0.13865258,2,4,0.15749703,3,4,0.30810471,-4451.1829,12.085086,-0.27173285,-4438.8261
1,4,0.16576943,2,4,0.1434782,3,4,0.29894869,-4452.3372,12.163926,-1.4153147,-4438.758
1,4,0.15072646,2,4,0.15854279,3,4,0.29795252,-4451.0728,12.144436,-0.16805641,-4438.7603
1,4,0.16329924,2,4,0.14889649,3,4,0.28984933,-4452.1751,12.040901,-1.2425537,-4438.8917
1,4,0.14768543,2,4,0.17721505,3,4,0.33424323,-4452.4606,13.182874,-1.6756787,-4437.6021
1,4,0.14372333,2,4,0.15443152,3,4,0.32009743,-4451.2455,12.365046,-0.34418347,-4438.5363
1,4,0.13281061,2,4,0.16483863,3,4,0.33125946,-4452.0651,12.578174,-1.1860265,-4438.3009
1,4,0.14400476,2,4,0.173936,3,4,0.29428052,-4451.5317,12.244426,-0.63434572,-4438.653
1,4,0.15532263,2,4,0.14251527,3,4,0.3119249,-4451.8326,12.195256,-0.88479307,-4438.7525
1,4,0.14578448,2,4,0.18854187,3,4,0.31525888,-4452.7141,12.991704,-2.011667,-4437.7107
1,4,0.15947229,2,4,0.11257686,3,4,0.33104707,-4458.1779,12.061925,-6.2725435,-4439.8434
1,4,0.14694645,2,4,0.15184403,3,4,0.30646746,-4451.1351,12.105159,-0.22568263,-4438.8043
1,4,0.14855077,2,4,0.1647871,3,4,0.28967525,-4451.3949,12.060262,-0.47482252,-4438.8598
1,4,0.1408956,2,4,0.17389518,3,4,0.31313826,-4451.3516,12.558581,-0.47051894,-4438.3225
1,4,0.15447323,2,4,0.16073349,3,4,0.30013123,-4451.1108,12.306759,-0.21182309,-4438.5922
1,4,0.15842673,2,4,0.16605373,3,4,0.28322966,-4452.1332,12.154203,-1.2091449,-4438.7698
1,4,0.15161175,2,4,0.14999051,3,4,0.31276609,-4451.2393,12.287367,-0.32990024,-4438.622
1,4,0.15969998,2,4,0.15365667,3,4,0.32050687,-4451.5474,12.67727,-0.67945812,-4438.1907
1,4,0.12278379,2,4,0.17152115,3,4,0.31561377,-4452.6623,12.198374,-1.6385552,-4438.8254
1,4,0.15546803,2,4,0.16619232,3,4,0.32937656,-4451.834,13.020738,-0.97958423,-4437.8336
1,4,0.14712451,2,4,0.18485417,3,4,0.30670869,-4452.2372,12.773747,-1.4609175,-4438.0026
1,4,0.160619,2,4,0.17266692,3,4,0.27960579,-4452.8626,12.257834,-1.9666476,-4438.6381
1,4,0.15247095,2,4,0.15911255,3,4,0.28519885,-4451.6812,11.935647,-0.73920267,-4439.0063
1,4,0.15172787,2,4,0.15720671,3,4,0.24849715,-4456.4459,11.148634,-4.7297449,-4440.5675
1,4,0.15239852,2,4,0.16159189,3,4,0.31371604,-4451.0284,12.554129,-0.13022699,-4438.344
1,4,0.18194039,2,4,0.12974053,3,4,0.29262303,-4455.6986,12.086079,-4.702705,-4438.9098
1,4,0.12271843,2,4,0.16885076,3,4,0.32034918,-4452.7277,12.238367,-1.7046592,-4438.7846
1,4,0.12626148,2,4,0.15727073,3,4,0.28882687,-4453.0217,11.447181,-1.9413342,-4439.6332
1,4,0.13670881,2,4,0.13640831,3,4,0.29992799,-4453.491,11.460902,-2.3410335,-4439.6891
1,4,0.12883623,2,4,0.13844139,3,4,0.29877324,-4454.1988,11.321017,-2.9708768,-4439.9069
1,4,0.13535337,2,4,0.14043073,3,4,0.32077019,-4452.9991,11.931086,-1.9291591,-4439.1389
1,4,0.15462768,2,4,0.16468536,3,4,0.32502741,-4451.5226,12.886809,-0.64718424,-4437.9887
1,4,0.13487408,2,4,0.19437193,3,4,0.27882243,-4454.6315,12.161369,-3.8001686,-4438.6699
1,4,0.17088513,2,4,0.1703982,3,4,0.30875289,-4452.7797,13.000724,-2.0675269,-4437.7115
1,4,0.13631145,2,4,0.16139553,3,4,0.28313746,-4452.1883,11.616889,-1.2033396,-4439.3681
1,4,0.15395521,2,4,0.15621928,3,4,0.30295189,-4451.0736,12.262527,-0.17264979,-4438.6384
1,4,0.14616786,2,4,0.13646093,3,4,0.3243989,-4452.9167,12.140554,-1.8725443,-4438.9036
1,4,0.15581467,2,4,0.17125538,3,4,0.315362,-4451.5619,12.848641,-0.68982116,-4438.0235
1,4,0.16750346,2,4,0.14048592,3,4,0.29884521,-4452.7222,12.136692,-1.7796147,-4438.8059
1,4,0.14279885,2,4,0.16751756,3,4,0.33151193,-4451.7099,12.836567,-0.85776336,-4438.0156
1,4,0.1349519,2,4,0.17410304,3,4,0.27562608,-4453.1316,11.69362,-2.0564091,-4439.3816
1,4,0.14623599,2,4,0.15765517,3,4,0.31815045,-4451.062,12.440832,-0.16376131,-4438.4574
1,4,0.13626656,2,4,0.15810516,3,4,0.29759209,-4451.4951,11.839276,-0.56840819,-4439.0874
1,4,0.15939901,2,4,0.16778477,3,4,0.30884369,-4451.5088,12.72055,-0.64002877,-4438.1482
1,4,0.1564497,2,4,0.15930967,3,4,0.28621434,-4451.74,12.039474,-0.80836981,-4438.8921
1,4,0.1470143,2,4,0.16553721,3,4,0.31351159,-4450.9951,12.521262,-0.096024793,-4438.3778
1,4,0.14650452,2,4,0.16034512,3,4,0.32820727,-4451.4126,12.701138,-0.53733825,-4438.1742
1,4,0.13399834,2,4,0.1579232,3,4,0.33281241,-4452.1669,12.494679,-1.2788944,-4438.3933
1,4,0.14818158,2,4,0.15875077,3,4,0.30656797,-4450.9169,12.270006,-0.015923243,-4438.631
1,4,0.13649263,2,4,0.15876489,3,4,0.32264466,-4451.5074,12.358044,-0.59974197,-4438.5496
1,4,0.16812358,2,4,0.15204702,3,4,0.32769743,-4452.5086,12.95736,-1.7522054,-4437.799
1,4,0.15189511,2,4,0.14439371,3,4,0.32299659,-4451.8626,12.385708,-0.94318616,-4438.5337
1,4,0.14140945,2,4,0.1715939,3,4,0.31158736,-4451.2108,12.491814,-0.3200588,-4438.3989
1,4,0.17581832,2,4,0.15546372,3,4,0.28677105,-4453.3578,12.361062,-2.5985397,-4438.3982
1,4,0.13599537,2,4,0.16203722,3,4,0.30296495,-4451.2996,12.019951,-0.37978492,-4438.8999
1,4,0.15596651,2,4,0.16562978,3,4,0.29948259,-4451.281,12.421577,-0.39045169,-4438.469
1,4,0.16984953,2,4,0.14312731,3,4,0.32960672,-4453.1156,12.851671,-2.3814011,-4437.8826
1,4,0.14341022,2,4,0.16943472,3,4,0.30461832,-4451.092,12.349265,-0.19437476,-4438.5483
1,4,0.13843653,2,4,0.17814272,3,4,0.28560941,-4452.3552,12.043773,-1.4180129,-4438.8934
1,4,0.1377724,2,4,0.13465412,3,4,0.31420147,-4453.5467,11.73256,-2.3679249,-4439.4462
1,4,0.17682653,2,4,0.16423737,3,4,0.2926038,-4453.406,12.673354,-2.7630679,-4437.9696
1,4,0.13693075,2,4,0.12979099,3,4,0.33225584,-4455.127,11.979551,-3.807777,-4439.3397
1,4,0.14969985,2,4,0.18481592,3,4,0.33083607,-4453.0591,13.307037,-2.3538173,-4437.3983
1,4,0.14536872,2,4,0.16540161,3,4,0.2759478,-4452.4167,11.734363,-1.3977055,-4439.2846
1,4,0.1418148,2,4,0.18499922,3,4,0.26352937,-4455.0471,11.806868,-3.8862445,-4439.3539
1,4,0.14389357,2,4,0.16521318,3,4,0.31765986,-4451.0766,12.535332,-0.18018752,-4438.3611
1,4,0.11668084,2,4,0.19970217,3,4,0.30786426,-4455.6463,12.484945,-4.8928672,-4438.2685
1,4,0.15212097,2,4,0.17740587,3,4,0.30112773,-4451.7486,12.613092,-0.89960579,-4438.2359
1,4,0.15126054,2,4,0.15338755,3,4,0.26955983,-4453.25,11.484158,-2.1232459,-4439.6426
1,4,0.131233,2,4,0.16756469,3,4,0.32522187,-4451.9275,12.480391,-1.0218534,-4438.4252
1,4,0.1258913,2,4,0.15197905,3,4,0.2998274,-4452.9331,11.553955,-1.8541907,-4439.525
1,4,0.13995941,2,4,0.18375157,3,4,0.29727384,-4452.2242,12.419697,-1.3932066,-4438.4113
1,4,0.12943014,2,4,0.17545183,3,4,0.3292626,-4452.4849,12.682891,-1.6334358,-4438.1685
1,4,0.1360899,2,4,0.18048452,3,4,0.28914523,-4452.4114,12.114393,-1.4946409,-4438.8023
1,4,0.15508742,2,4,0.18942291,3,4,0.28873132,-4453.5679,12.664833,-2.904267,-4437.9988
1,4,0.1418198,2,4,0.16671826,3,4,0.3308916,-4451.6667,12.788593,-0.80954337,-4438.0685
1,4,0.18107647,2,4,0.10690182,3,4,0.29576046,-4461.0041,11.674775,-8.5458308,-4440.7835
1,4,0.15926929,2,4,0.16756616,3,4,0.31022721,-4451.5005,12.741253,-0.63044562,-4438.1288
1,4,0.17137296,2,4,0.16939483,3,4,0.31498574,-4452.8749,13.115071,-2.1696012,-4437.5902
1,4,0.16246846,2,4,0.16130841,3,4,0.31090567,-4451.5306,12.693651,-0.67038558,-4438.1666
1,4,0.16428939,2,4,0.15578285,3,4,0.27921811,-4452.725,11.985807,-1.761898,-4438.9773
1,4,0.14634809,2,4,0.1662855,3,4,0.31057726,-4450.9777,12.464217,-0.078466631,-4438.4351
1,4,0.11732139,2,4,0.18314494,3,4,0.28715883,-4454.7882,11.752503,-3.5090395,-4439.5266
1,4,0.12272154,2,4,0.16448056,3,4,0.32831767,-4453.023,12.310395,-2.0081539,-4438.7045
1,4,0.14636793,2,4,0.14382885,3,4,0.33253968,-4452.4069,12.454729,-1.5006098,-4438.4516
1,4,0.18017385,2,4,0.1743894,3,4,0.30540135,-4454.4178,13.199292,-4.0114265,-4437.2071
1,4,0.13394401,2,4,0.14996749,3,4,0.36355313,-4455.3088,12.949293,-4.7858824,-4437.5736
1,4,0.16267357,2,4,0.15118607,3,4,0.29597457,-4451.7769,12.196684,-0.87795347,-4438.7023
1,4,0.1352424,2,4,0.17517261,3,4,0.30356155,-4451.621,12.279531,-0.71907098,-4438.6224
1,4,0.14766337,2,4,0.15238126,3,4,0.31503882,-4451.1488,12.301669,-0.24332793,-4438.6038
1,4,0.14930702,2,4,0.15067649,3,4,0.33209423,-4451.8593,12.641555,-0.99651707,-4438.2212
1,4,0.15534394,2,4,0.13857562,3,4,0.31697326,-4452.3159,12.217856,-1.3333671,-4438.7647
1,4,0.14824096,2,4,0.16755081,3,4,0.29106434,-4451.3918,12.137122,-0.47824276,-4438.7765
1,4,0.13640724,2,4,0.14830296,3,4,0.2929314,-4452.2623,11.552832,-1.2886331,-4439.4208
1,4,0.16774926,2,4,0.13930995,3,4,0.29449969,-4453.0053,12.031178,-2.0237041,-4438.9504
1,4,0.15337588,2,4,0.15235103,3,4,0.30637045,-4451.1379,12.241947,-0.23270508,-4438.6632
1,4,0.15625614,2,4,0.13804801,3,4,0.32889642,-4452.7906,12.464011,-1.8565739,-4438.47
1,4,0.15232883,2,4,0.16523149,3,4,0.31058689,-4451.0578,12.562944,-0.16047001,-4438.3344
1,4,0.13600307,2,4,0.17224547,3,4,0.29230509,-4451.7813,12.011073,-0.84540373,-4438.9248
1,4,0.14013394,2,4,0.14618878,3,4,0.31084603,-4451.7941,11.943375,-0.83880172,-4439.012
1,4,0.13508922,2,4,0.15942759,3,4,0.2931529,-4451.7173,11.753394,-0.7746379,-4439.1892
1,4,0.14908216,2,4,0.15247932,3,4,0.31771878,-4451.1936,12.385605,-0.29169794,-4438.5163
1,4,0.14746013,2,4,0.18202445,3,4,0.32653028,-4452.4439,13.120297,-1.6688897,-4437.6547
1,4,0.13866006,2,4,0.14125699,3,4,0.29948584,-4452.5992,11.588058,-1.5693598,-4439.4418
1,4,0.13079528,2,4,0.16864437,3,4,0.28870241,-4452.2738,11.762841,-1.2727172,-4439.2383
1,4,0.16120795,2,4,0.14391461,3,4,0.33745434,-4452.92,12.851538,-2.1439691,-4437.9245
1,4,0.13531833,2,4,0.16769384,3,4,0.31852027,-4451.4319,12.430649,-0.52887942,-4438.4724
1,4,0.14420202,2,4,0.15341038,3,4,0.3053655,-4451.1255,12.059558,-0.21798232,-4438.8479
1,4,0.14596203,2,4,0.15020521,3,4,0.32684784,-4451.6458,12.460301,-0.75171505,-4438.4338
1,4,0.14364349,2,4,0.16216137,3,4,0.28419683,-4451.7498,11.800034,-0.79844606,-4439.1513
1,4,0.16177424,2,4,0.14141003,3,4,0.31277749,-4452.1627,12.319235,-1.2361994,-4438.6073
1,4,0.16683114,2,4,0.15527375,3,4,0.27758643,-4453.0736,11.993826,-2.1095719,-4438.9702
1,4,0.14477948,2,4,0.15244563,3,4,0.27543911,-4452.7469,11.453284,-1.702629,-4439.591
1,4,0.13434594,2,4,0.16225926,3,4,0.28642891,-4452.0939,11.660682,-1.1164411,-4439.3167
1,4,0.14299376,2,4,0.18426412,3,4,0.32258264,-4452.4027,12.99681,-1.641341,-4437.7646
1,4,0.13157434,2,4,0.17200961,3,4,0.27772809,-4453.1194,11.626241,-2.0307063,-4439.4624
1,4,0.14296939,2,4,0.18597987,3,4,0.28251283,-4453.1544,12.229242,-2.2956562,-4438.6295
1,4,0.19706584,2,4,0.15132305,3,4,0.3044842,-4456.2927,13.057462,-6.4433143,-4436.7919
1,4,0.12655193,2,4,0.15974251,3,4,0.3064583,-4452.2418,11.855055,-1.2233436,-4439.1634
1,4,0.16751661,2,4,0.14724012,3,4,0.31914112,-4452.2699,12.677957,-1.4553885,-4438.1365
1,4,0.14118409,2,4,0.15793571,3,4,0.32165797,-4451.2654,12.415555,-0.36749662,-4438.4823
1,4,0.14194388,2,4,0.16027052,3,4,0.29087112,-4451.4174,11.86171,-0.49483546,-4439.0608
1,4,0.14878932,2,4,0.17128662,3,4,0.33831069,-4452.3737,13.167733,-1.5812416,-4437.6247
1,4,0.15840309,2,4,0.1477792,3,4,0.28101116,-4452.5746,11.743869,-1.5573429,-4439.2733
1,4,0.12713651,2,4,0.15557922,3,4,0.3061571,-4452.3665,11.777456,-1.3413064,-4439.2478
1,4,0.13390292,2,4,0.16000651,3,4,0.29630797,-4451.6704,11.804348,-0.72746646,-4439.1386
1,4,0.14898894,2,4,0.17562693,3,4,0.27005277,-4453.443,11.893373,-2.3865456,-4439.1631
1,4,0.14390572,2,4,0.16310383,3,4,0.31898516,-4451.0832,12.519894,-0.18692414,-4438.3764
1,4,0.1474597,2,4,0.13227117,3,4,0.2682183,-4455.9321,10.958983,-4.4108855,-4440.5622
1,4,0.13616385,2,4,0.17388543,3,4,0.34080579,-4452.7339,13.017102,-1.9870231,-4437.7298
1,4,0.14444391,2,4,0.17575719,3,4,0.32465351,-4451.7734,12.897092,-0.92707724,-4437.9492
1,4,0.11584249,2,4,0.15718834,3,4,0.34404322,-4455.4818,12.341481,-4.3213199,-4438.819
1,4,0.1722457,2,4,0.15273679,3,4,0.30215476,-4452.4303,12.542745,-1.6535008,-4438.2341
1,4,0.14406644,2,4,0.17213959,3,4,0.31686861,-4451.2984,12.661493,-0.41543341,-4438.2215
1,4,0.15177016,2,4,0.16884577,3,4,0.33619551,-4452.1996,13.136229,-1.3833174,-4437.6801
1,4,0.1477633,2,4,0.16129433,3,4,0.3221464,-4451.1602,12.624081,-0.26853191,-4438.2676
1,4,0.14600261,2,4,0.15719835,3,4,0.30514305,-4450.9627,12.16688,-0.060930682,-4438.7349
1,4,0.14163281,2,4,0.16625707,3,4,0.30657985,-4451.0234,12.289395,-0.12163316,-4438.6123
1,4,0.15179613,2,4,0.18389753,3,4,0.30697794,-4452.3148,12.853432,-1.5420565,-4437.9193
1,4,0.1535903,2,4,0.16263712,3,4,0.28213372,-4451.9253,11.967223,-0.97079566,-4438.9873
1,4,0.13386859,2,4,0.15981601,3,4,0.30350713,-4451.4897,11.943835,-0.55591157,-4438.99
1,4,0.17678408,2,4,0.14366983,3,4,0.30597839,-4453.2504,12.528646,-2.5173045,-4438.2045
1,4,0.17525308,2,4,0.14748057,3,4,0.30265691,-4452.9108,12.507811,-2.1610593,-4438.2419
1,4,0.14829041,2,4,0.17555179,3,4,0.33298134,-4452.2716,13.136471,-1.4640658,-4437.671
1,4,0.16719243,2,4,0.13858243,3,4,0.32484408,-4453.0526,12.612379,-2.2079406,-4438.2323
1,4,0.14543036,2,4,0.18298514,3,4,0.30225004,-4452.0397,12.613311,-1.2279214,-4438.1985
1,4,0.14429401,2,4,0.16064199,3,4,0.31096028,-4450.9354,12.317926,-0.034262637,-4438.5832
1,4,0.14113951,2,4,0.17085006,3,4,0.31728972,-4451.2768,12.585586,-0.38955472,-4438.3017
1,4,0.12311216,2,4,0.15357841,3,4,0.33138136,-4453.6113,12.161439,-2.5290536,-4438.9209
1,4,0.1465593,2,4,0.16080451,3,4,0.30072731,-4450.9751,12.161822,-0.07283448,-4438.7404
1,4,0.16360836,2,4,0.16445573,3,4,0.31461391,-4451.7761,12.85356,-0.93373561,-4437.9888
1,4,0.15584752,2,4,0.17491801,3,4,0.28567312,-4452.2998,12.328773,-1.420074,-4438.5509
1,4,0.13850277,2,4,0.16303203,3,4,0.32360472,-4451.3832,12.50279,-0.49045389,-4438.39
1,4,0.16531768,2,4,0.15779942,3,4,0.29453528,-4451.9057,12.353048,-1.0435481,-4438.5091
1,4,0.15009455,2,4,0.15573231,3,4,0.30502845,-4450.99,12.217106,-0.087519497,-4438.6854
1,4,0.16257476,2,4,0.14799748,3,4,0.29253725,-4452.0511,12.06219,-1.121911,-4438.867
1,4,0.14495567,2,4,0.17039835,3,4,0.31915345,-4451.2759,12.690149,-0.3902676,-4438.1955
1,4,0.16914631,2,4,0.14589356,3,4,0.2979312,-4452.4657,12.259421,-1.5924412,-4438.6138
1,4,0.14580311,2,4,0.17046325,3,4,0.30904644,-4451.1144,12.506256,-0.22141597,-4438.3867
1,4,0.16343979,2,4,0.14103531,3,4,0.30504081,-4452.2876,12.190318,-1.3448843,-4438.7524
1,4,0.12309013,2,4,0.18692723,3,4,0.3377079,-4454.3047,12.954505,-3.6484216,-4437.7017
1,4,0.14765494,2,4,0.17335498,3,4,0.29847357,-4451.3862,12.38967,-0.49957066,-4438.4969
1,4,0.14567333,2,4,0.19044558,3,4,0.32223186,-4453.1574,13.167016,-2.5178951,-4437.4725
1,4,0.15433122,2,4,0.13380286,3,4,0.34156309,-4454.0952,12.593943,-3.1878334,-4438.3134
1,4,0.13874915,2,4,0.17911498,3,4,0.3225942,-4451.9668,12.809167,-1.1407222,-4438.0169
1,4,0.17023524,2,4,0.14217511,3,4,0.26682532,-4455.2362,11.584713,-3.9608672,-4439.6906
1,4,0.14815125,2,4,0.16133517,3,4,0.30872461,-4450.9049,12.364221,-0.0040675177,-4438.5366
1,4,0.15220345,2,4,0.11758714,3,4,0.37839536,-4461.3391,12.963719,-10.762431,-4437.6129
1,4,0.17107361,2,4,0.15517226,3,4,0.30624168,-4452.2504,12.649751,-1.4725858,-4438.1281
1,4,0.14439194,2,4,0.16866196,3,4,0.30820404,-4451.0421,12.425159,-0.14491655,-4438.4721
1,4,0.13172541,2,4,0.15226518,3,4,0.32626253,-4452.3394,12.205062,-1.3772948,-4438.7571
1,4,0.1650997,2,4,0.16572275,3,4,0.31893858,-4452.0813,12.99522,-1.2639717,-4437.8221
1,4,0.15640147,2,4,0.15868361,3,4,0.29931925,-4451.201,12.288087,-0.30334278,-4438.6096
1,4,0.12075758,2,4,0.14637426,3,4,0.31368279,-4454.2621,11.616293,-2.9725486,-4439.6733
1,4,0.11561001,2,4,0.16849682,3,4,0.29335004,-4454.3191,11.549137,-2.9627323,-4439.8072
1,4,0.13438861,2,4,0.17164939,3,4,0.25350551,-4456.1826,11.19087,-4.5647839,-4440.4269
1,4,0.18216546,2,4,0.17692824,3,4,0.29462444,-4455.1176,13.074363,-4.8301472,-4437.2131
1,4,0.13977537,2,4,0.16718199,3,4,0.31057219,-4451.0989,12.350591,-0.19726938,-4438.5511
1,4,0.1563544,2,4,0.16701553,3,4,0.29071644,-4451.633,12.281727,-0.73422424,-4438.6171
1,4,0.1436727,2,4,0.15975856,3,4,0.30732651,-4450.9469,12.215155,-0.045348928,-4438.6864
1,4,0.1520934,2,4,0.15571885,3,4,0.33208556,-4451.7298,12.797956,-0.87838906,-4438.0534
1,4,0.16922546,2,4,0.15462694,3,4,0.30079026,-4452.114,12.492853,-1.2971347,-4438.324
1,4,0.15500672,2,4,0.15427627,3,4,0.28203783,-4452.0625,11.826416,-1.0897306,-4439.1464
1,4,0.15377882,2,4,0.15980012,3,4,0.31194166,-4451.0358,12.510412,-0.13869678,-4438.3867
1,4,0.14940057,2,4,0.1804274,3,4,0.29299169,-4452.1219,12.456393,-1.2808541,-4438.3846
1,4,0.13601688,2,4,0.1544747,3,4,0.3175794,-4451.5616,12.16142,-0.63397036,-4438.7662
1,4,0.17710797,2,4,0.14402041,3,4,0.29819772,-4453.3976,12.386522,-2.6335809,-4438.3775
1,4,0.15335572,2,4,0.17130164,3,4,0.27912464,-4452.4223,12.07564,-1.468489,-4438.8781
1,4,0.14764273,2,4,0.16363522,3,4,0.29478789,-4451.1516,12.121317,-0.24342097,-4438.7869
1,4,0.16033765,2,4,0.18314661,3,4,0.33236143,-4453.7349,13.516914,-3.0729053,-4437.145
1,4,0.15032981,2,4,0.17515802,3,4,0.27414596,-4453.0052,11.992676,-2.0085218,-4439.004
1,4,0.14934208,2,4,0.15948611,3,4,0.33776445,-4452.0116,12.931853,-1.1937555,-4437.886
1,4,0.14344371,2,4,0.18486105,3,4,0.29801561,-4452.2904,12.526408,-1.4894746,-4438.2745
1,4,0.16122777,2,4,0.14524251,3,4,0.31610061,-4451.8803,12.451418,-0.98852982,-4438.4403
1,4,0.1343445,2,4,0.15654597,3,4,0.33593816,-4452.3776,12.536573,-1.5046036,-4438.3364
1,4,0.13279728,2,4,0.19043706,3,4,0.32023454,-4453.1476,12.869378,-2.4717003,-4437.8065
1,4,0.17688924,2,4,0.11759947,3,4,0.30599487,-4457.1201,12.009672,-5.6217943,-4439.4886
1,4,0.11998041,2,4,0.13838178,3,4,0.32192391,-4455.7942,11.605722,-4.2711198,-4439.9174
1,4,0.13238631,2,4,0.16783775,3,4,0.31868721,-4451.6344,12.378225,-0.71826827,-4438.5379
1,4,0.16529415,2,4,0.16126903,3,4,0.24832571,-4456.9826,11.497778,-5.3549137,-4440.1299
1,4,0.14652789,2,4,0.15718472,3,4,0.33381614,-4451.7521,12.750575,-0.90250055,-4438.0991
1,4,0.17097433,2,4,0.17032039,3,4,0.32145271,-4453.1011,13.254948,-2.4063984,-4437.4398
1,4,0.14194218,2,4,0.1542934,3,4,0.31152744,-4451.1548,12.15526,-0.24623106,-4438.7533
1,4,0.13972389,2,4,0.14889592,3,4,0.30479514,-4451.6128,11.868299,-0.67634374,-4439.0682
1,4,0.14069282,2,4,0.18071047,3,4,0.28792017,-4452.3416,12.186469,-1.4477637,-4438.7074
1,4,0.14974907,2,4,0.17545019,3,4,0.31427429,-4451.5407,12.789471,-0.67503419,-4438.0762
1,4,0.14530533,2,4,0.15270331,3,4,0.29180284,-4451.5122,11.79623,-0.58636578,-4439.1296
1,4,0.15841431,2,4,0.15922577,3,4,0.28639171,-4451.8205,12.080636,-0.89448459,-4438.8454
1,4,0.12989015,2,4,0.19467484,3,4,0.30661287,-4453.6583,12.623557,-2.9916561,-4438.0431
1,4,0.12410542,2,4,0.16814243,3,4,0.29088868,-4452.9494,11.662731,-1.8481367,-4439.4385
1,4,0.16113683,2,4,0.16948906,3,4,0.27112343,-4453.4964,12.034986,-2.4943873,-4438.967
1,4,0.1462111,2,4,0.17132584,3,4,0.31271897,-4451.1896,12.605118,-0.30053508,-4438.284
1,4,0.15563661,2,4,0.15068719,3,4,0.27121237,-4453.2566,11.550724,-2.139154,-4439.5668
1,4,0.18076811,2,4,0.1550487,3,4,0.28271826,-4454.277,12.370701,-3.6015054,-4438.3048
1,4,0.15750524,2,4,0.1500424,3,4,0.30304711,-4451.3938,12.211895,-0.48574816,-4438.6962
1,4,0.16812081,2,4,0.15024749,3,4,0.28354027,-4452.8578,12.038171,-1.925254,-4438.8944
1,4,0.15665554,2,4,0.16364859,3,4,0.32606013,-4451.6436,12.927285,-0.77765463,-4437.9387
1,4,0.17187742,2,4,0.16211072,3,4,0.27852282,-4453.5273,12.250219,-2.683428,-4438.5937
1,4,0.13832649,2,4,0.18033211,3,4,0.30116983,-4451.8725,12.396569,-1.01057,-4438.4654
1,4,0.14424425,2,4,0.18835411,3,4,0.31410892,-4452.6339,12.934145,-1.9213717,-4437.7784
1,4,0.15968135,2,4,0.14313991,3,4,0.29410772,-4452.1946,11.93858,-1.2198634,-4439.0361
1,4,0.13239262,2,4,0.15883054,3,4,0.30587967,-4451.6181,11.942057,-0.67228586,-4439.0037
1,4,0.14818727,2,4,0.17645948,3,4,0.31758333,-4451.6444,12.844601,-0.78737378,-4438.0124
1,4,0.13189055,2,4,0.16217955,3,4,0.29119979,-4452.0343,11.705398,-1.0581445,-4439.2708
1,4,0.17376102,2,4,0.14173893,3,4,0.32372967,-4453.3251,12.784592,-2.6127316,-4437.9277
1,4,0.13704996,2,4,0.14831473,3,4,0.3205561,-4451.9694,12.118416,-1.0168198,-4438.8342
1,4,0.10927264,2,4,0.18766033,3,4,0.33144692,-4456.1585,12.567598,-5.0999704,-4438.4909
1,4,0.15572489,2,4,0.16627524,3,4,0.30064705,-4451.2692,12.452944,-0.37964945,-4438.4366
1,4,0.15113262,2,4,0.15586157,3,4,0.29652368,-4451.1673,12.070357,-0.25840039,-4438.8386
1,4,0.16365328,2,4,0.16336012,3,4,0.2778145,-4452.8257,12.096558,-1.8830304,-4438.8461
1,4,0.14627883,2,4,0.17199265,3,4,0.298965,-4451.286,12.34473,-0.39310984,-4438.5481
1,4,0.15310152,2,4,0.15874036,3,4,0.31667523,-4451.0956,12.570342,-0.20038732,-4438.3249
1,4,0.17304485,2,4,0.14400461,3,4,0.31637671,-4452.8921,12.668523,-2.1358517,-4438.0877
1,4,0.13608496,2,4,0.16834979,3,4,0.27879515,-4452.5729,11.664598,-1.5433039,-4439.365
1,4,0.12502867,2,4,0.16601319,3,4,0.33734349,-4453.1831,12.567707,-2.2804391,-4438.335
1,4,0.15553118,2,4,0.14896447,3,4,0.30539465,-4451.358,12.197806,-0.44451865,-4438.7157
1,4,0.12474163,2,4,0.15777181,3,4,0.30462338,-4452.6093,11.742736,-1.5458148,-4439.3208
1,4,0.1359145,2,4,0.17740012,3,4,0.34089624,-4452.9519,13.084217,-2.2378153,-4437.6299
1,4,0.16929297,2,4,0.17129981,3,4,0.32027883,-4452.9234,13.217432,-2.1997343,-4437.5062
1,4,0.16329362,2,4,0.15036479,3,4,0.31524114,-4451.728,12.577991,-0.8676511,-4438.2824
1,4,0.1545007,2,4,0.16276966,3,4,0.33997965,-4452.3765,13.145,-1.590534,-4437.6409
1,4,0.18921733,2,4,0.13890621,3,4,0.292746,-4455.6527,12.417391,-5.1278907,-4438.1074
1,4,0.1469087,2,4,0.17693212,3,4,0.28271017,-4452.35,12.13102,-1.4263591,-4438.7926
1,4,0.14948704,2,4,0.15227665,3,4,0.30087862,-4451.1697,12.052846,-0.25932332,-4438.8575
1,4,0.14965038,2,4,0.18556894,3,4,0.31518144,-4452.5007,13.008015,-1.7532561,-4437.7394
1,4,0.15086321,2,4,0.18489273,3,4,0.28408899,-4453.0674,12.396899,-2.2581125,-4438.4124
1,4,0.14024867,2,4,0.16978253,3,4,0.30029065,-4451.2368,12.206437,-0.33221346,-4438.6981
1,4,0.13546495,2,4,0.15515526,3,4,0.33636631,-4452.3809,12.53973,-1.511567,-4438.3296
1,4,0.15216264,2,4,0.15345831,3,4,0.32200036,-4451.314,12.552426,-0.42412645,-4438.3374
1,4,0.14976442,2,4,0.15863655,3,4,0.30346627,-4450.9525,12.237345,-0.051069358,-4438.6641
1,4,0.13752102,2,4,0.16538953,3,4,0.29032055,-4451.6333,11.864622,-0.69404628,-4439.0746
1,4,0.14786585,2,4,0.15851078,3,4,0.32597489,-4451.3202,12.64703,-0.43759333,-4438.2356
1,4,0.1473915,2,4,0.14156416,3,4,0.28222164,-4453.0102,11.423546,-1.9359272,-4439.6508
1,4,0.15427847,2,4,0.15156885,3,4,0.33438201,-4452.0358,12.804587,-1.2040004,-4438.0272
1,4,0.12545261,2,4,0.15511475,3,4,0.31139572,-4452.6094,11.839262,-1.5523871,-4439.2177
1,4,0.14699718,2,4,0.1650541,3,4,0.33808807,-4452.071,13.002787,-1.258114,-4437.8101
1,4,0.17176716,2,4,0.13295946,3,4,0.31986453,-4453.8852,12.491823,-2.9967373,-4438.3966
1,4,0.13996972,2,4,0.15132473,3,4,0.34865247,-4453.2652,12.798938,-2.52334,-4437.943
1,4,0.15283375,2,4,0.13767727,3,4,0.31268065,-4452.3549,12.063833,-1.3378522,-4438.9532
1,4,0.14173138,2,4,0.16279829,3,4,0.30735982,-4450.9816,12.23779,-0.079036225,-4438.6648
1,4,0.1632691,2,4,0.1387381,3,4,0.33046186,-4453.046,12.649381,-2.1945406,-4438.2021
1,4,0.13910726,2,4,0.18977743,3,4,0.30066194,-4452.7948,12.590933,-2.0615415,-4438.1424
1,4,0.15552102,2,4,0.1509721,3,4,0.32461031,-4451.5887,12.622069,-0.71183442,-4438.2548
1,4,0.15890762,2,4,0.16420422,3,4,0.31057958,-4451.3491,12.673828,-0.46998501,-4438.2053
1,4,0.13845808,2,4,0.16848749,3,4,0.32586249,-4451.5523,12.656161,-0.67681428,-4438.2193
1,4,0.18475937,2,4,0.14625183,3,4,0.32734968,-4454.6792,13.167218,-4.349666,-4437.1623
1,4,0.13968834,2,4,0.1652584,3,4,0.3269245,-4451.4913,12.637425,-0.61343071,-4438.2405
1,4,0.1294564,2,4,0.15945424,3,4,0.29703575,-4452.1074,11.718928,-1.1183036,-4439.2701
