1,4,0.15643619,2,4,0.15528581,3,4,0.33180677,-4754.954,12.870575,-0.87546919,-4741.208
1,4,0.1609538,2,4,0.16568334,3,4,0.32875588,-4754.2959,13.10786,-0.24874327,-4740.9393
1,4,0.17513845,2,4,0.13189433,3,4,0.30185107,-4757.5847,12.177677,-3.0873716,-4742.3197
1,4,0.17770795,2,4,0.14462859,3,4,0.353161,-4756.6979,13.509951,-2.7862055,-4740.4018
1,4,0.11950407,2,4,0.16915259,3,4,0.3270095,-4760.4889,12.313323,-5.3687912,-4742.8068
1,4,0.15050852,2,4,0.1711811,3,4,0.29467361,-4755.4744,12.327265,-1.324664,-4741.8224
1,4,0.18162588,2,4,0.16512155,3,4,0.32743401,-4754.7405,13.483629,-0.72808096,-4740.5288
1,4,0.17384142,2,4,0.17735603,3,4,0.29354096,-4755.2303,12.894768,-1.1723139,-4741.1632
1,4,0.14956424,2,4,0.16622255,3,4,0.30281883,-4755.1533,12.372112,-1.0327212,-4741.7485
1,4,0.15511231,2,4,0.16504709,3,4,0.32466713,-4754.4597,12.896531,-0.39652864,-4741.1667
1,4,0.16664764,2,4,0.16672429,3,4,0.342127,-4754.8469,13.509979,-0.84431061,-4740.4926
1,4,0.16229637,2,4,0.14678948,3,4,0.34061027,-4755.7399,12.993923,-1.6484081,-4741.0976
1,4,0.16074905,2,4,0.18110166,3,4,0.32213927,-4754.6334,13.2798,-0.61392556,-4740.7396
1,4,0.14365713,2,4,0.16321797,3,4,0.32134996,-4755.5702,12.564501,-1.3923171,-4741.6134
1,4,0.1800798,2,4,0.16476213,3,4,0.31061826,-4754.4985,13.109204,-0.46551379,-4740.9238
1,4,0.16542073,2,4,0.15855825,3,4,0.32732998,-4754.3167,13.026179,-0.26559093,-4741.025
1,4,0.1455296,2,4,0.15032831,3,4,0.30741381,-4756.5389,12.065434,-2.2853236,-4742.1881
1,4,0.15402225,2,4,0.15118973,3,4,0.2941034,-4756.152,11.986308,-1.9742714,-4742.1914
1,4,0.15545787,2,4,0.16745363,3,4,0.26635825,-4758.3329,11.785395,-3.7710238,-4742.7765
1,4,0.15603928,2,4,0.19930653,3,4,0.33015198,-4756.695,13.709956,-2.9672342,-4740.0178
1,4,0.20429631,2,4,0.16673135,3,4,0.29521242,-4757.6452,13.324802,-3.9647599,-4740.3556
1,4,0.17508741,2,4,0.17635347,3,4,0.3163898,-4754.5855,13.356614,-0.55910084,-4740.6698
1,4,0.15497332,2,4,0.17405655,3,4,0.30718635,-4754.5986,12.724324,-0.52805068,-4741.3462
1,4,0.179205,2,4,0.16302226,3,4,0.31085852,-4754.4396,13.061716,-0.40143763,-4740.9764
1,4,0.18267945,2,4,0.16844671,3,4,0.31085339,-4754.7376,13.239591,-0.72479583,-4740.7732
1,4,0.15254139,2,4,0.14337923,3,4,0.3183672,-4756.3623,12.285757,-2.1044117,-4741.9722
1,4,0.1726885,2,4,0.13686508,3,4,0.30457405,-4756.5552,12.282553,-2.2330824,-4742.0396
1,4,0.17741379,2,4,0.13619794,3,4,0.33431072,-4756.6117,12.958449,-2.4142409,-4741.239
1,4,0.16202375,2,4,0.17779642,3,4,0.29182488,-4755.2321,12.632901,-1.1316917,-4741.4675
1,4,0.16685241,2,4,0.18783775,3,4,0.31075338,-4755.2008,13.308871,-1.2376802,-4740.6542
1,4,0.1915107,2,4,0.14015504,3,4,0.31654025,-4756.4954,12.96412,-2.4156538,-4741.1157
1,4,0.15532288,2,4,0.14122848,3,4,0.32744651,-4756.4719,12.479957,-2.2014803,-4741.7904
1,4,0.14605533,2,4,0.18365618,3,4,0.33444296,-4755.8128,13.283089,-1.8043598,-4740.7253
1,4,0.18252013,2,4,0.14887066,3,4,0.30711513,-4755.2315,12.770118,-1.1458899,-4741.3155
1,4,0.15400008,2,4,0.14976097,3,4,0.28446673,-4757.1633,11.764556,-2.8802134,-4742.5185
1,4,0.18823828,2,4,0.151298,3,4,0.30070433,-4755.6801,12.804812,-1.6213977,-4741.2539
1,4,0.16246096,2,4,0.15247794,3,4,0.29254728,-4755.5709,12.149724,-1.4304578,-4741.9907
1,4,0.15154693,2,4,0.18495705,3,4,0.33493256,-4755.5491,13.428731,-1.584385,-4740.536
1,4,0.17958051,2,4,0.16513554,3,4,0.293591,-4755.1238,12.766141,-1.0479542,-4741.3097
1,4,0.14491472,2,4,0.17664014,3,4,0.32674945,-4755.388,12.966086,-1.2864834,-4741.1355
1,4,0.19133983,2,4,0.16354891,3,4,0.3389691,-4756.0808,13.877157,-2.2200381,-4739.9836
1,4,0.15759954,2,4,0.15898438,3,4,0.32179186,-4754.4682,12.767515,-0.40239533,-4741.2983
1,4,0.16190828,2,4,0.16159132,3,4,0.32074247,-4754.1867,12.884841,-0.13352218,-4741.1683
1,4,0.18194822,2,4,0.16504703,3,4,0.31082835,-4754.6175,13.156472,-0.59412054,-4740.8669
1,4,0.17788276,2,4,0.1463388,3,4,0.32002956,-4755.0972,12.885023,-1.0033591,-4741.2088
1,4,0.16706459,2,4,0.15895221,3,4,0.32208105,-4754.1928,12.961957,-0.14021826,-4741.0907
1,4,0.16878162,2,4,0.16316534,3,4,0.29942885,-4754.493,12.627516,-0.42411571,-4741.4414
1,4,0.16433839,2,4,0.16072605,3,4,0.31326633,-4754.1666,12.766615,-0.11401071,-4741.286
1,4,0.17503158,2,4,0.14763712,3,4,0.34535363,-4755.8064,13.360447,-1.8146166,-4740.6313
1,4,0.15870141,2,4,0.15924966,3,4,0.2858212,-4755.8765,12.075446,-1.7015321,-4742.0996
1,4,0.19171612,2,4,0.17282335,3,4,0.30346501,-4755.9172,13.360089,-2.0193807,-4740.5377
1,4,0.16720881,2,4,0.16670971,3,4,0.32312799,-4754.1066,13.14093,-0.05686849,-4740.9088
1,4,0.17675409,2,4,0.19840986,3,4,0.30886002,-4756.9967,13.680479,-3.3016403,-4740.0145
1,4,0.13539915,2,4,0.16803845,3,4,0.29702773,-4757.4576,12.009307,-3.0092496,-4742.4391
1,4,0.19018001,2,4,0.15344834,3,4,0.2846602,-4756.8397,12.565771,-2.6796813,-4741.5943
1,4,0.14861268,2,4,0.15765214,3,4,0.33468076,-4755.5662,12.818912,-1.4439766,-4741.3033
1,4,0.16894902,2,4,0.15046397,3,4,0.29453593,-4755.4226,12.278978,-1.2810105,-4741.8626
1,4,0.16725269,2,4,0.16202973,3,4,0.32180037,-4754.1115,13.021656,-0.060954712,-4741.0289
1,4,0.18145951,2,4,0.1429731,3,4,0.33956846,-4756.1,13.280021,-2.0761829,-4740.7438
1,4,0.16578079,2,4,0.16444656,3,4,0.32005322,-4754.0695,13.005611,-0.018960798,-4741.0449
1,4,0.16579575,2,4,0.1629857,3,4,0.33613512,-4754.5238,13.298331,-0.49329387,-4740.7322
1,4,0.15202232,2,4,0.16360771,3,4,0.34748875,-4755.6853,13.262376,-1.6818,-4740.7411
1,4,0.15504602,2,4,0.15019472,3,4,0.33383415,-4755.5393,12.781498,-1.4163659,-4741.3414
1,4,0.1626854,2,4,0.16748412,3,4,0.30634629,-4754.2464,12.730316,-0.19066531,-4741.3254
1,4,0.16160267,2,4,0.17501752,3,4,0.3575181,-4756.2604,13.882766,-2.4281531,-4739.9494
1,4,0.16713966,2,4,0.17093128,3,4,0.26566136,-4757.9618,12.074646,-3.4505262,-4742.4366
1,4,0.15648489,2,4,0.15276901,3,4,0.29639648,-4755.6344,12.113008,-1.4997728,-4742.0216
1,4,0.19624712,2,4,0.17477787,3,4,0.30983905,-4756.4708,13.617281,-2.6841165,-4740.1694
1,4,0.18729926,2,4,0.17154419,3,4,0.28085579,-4756.8493,12.793985,-2.7527252,-4741.3026
1,4,0.18037094,2,4,0.18107207,3,4,0.29554818,-4755.7316,13.139824,-1.746686,-4740.8451
1,4,0.16976323,2,4,0.13962664,3,4,0.3115265,-4755.9346,12.418327,-1.6988714,-4741.8174
1,4,0.14585137,2,4,0.1706395,3,4,0.33572944,-4755.4896,13.044406,-1.4019409,-4741.0433
1,4,0.14928872,2,4,0.18916789,3,4,0.31350138,-4755.6569,13.03916,-1.6448306,-4740.9729
1,4,0.15606545,2,4,0.17588119,3,4,0.31334675,-4754.4795,12.905868,-0.424014,-4741.1496
1,4,0.16504436,2,4,0.16498451,3,4,0.31551833,-4754.0633,12.910944,-0.012694827,-4741.1397
1,4,0.16012067,2,4,0.1735543,3,4,0.29542227,-4754.8888,12.581945,-0.79808577,-4741.5088
1,4,0.17257183,2,4,0.1652883,3,4,0.33905053,-4754.7712,13.538213,-0.75870316,-4740.4743
1,4,0.17304073,2,4,0.16173061,3,4,0.32181338,-4754.1936,13.131694,-0.14604211,-4740.9159
1,4,0.17146818,2,4,0.16546015,3,4,0.31028923,-4754.1566,12.944351,-0.1059297,-4741.1063
1,4,0.15617871,2,4,0.16993513,3,4,0.31006273,-4754.3998,12.723532,-0.33588993,-4741.3404
1,4,0.18963629,2,4,0.15615297,3,4,0.31966263,-4755.2606,13.309038,-1.2974982,-4740.6541
1,4,0.18450872,2,4,0.14205056,3,4,0.29269368,-4756.7554,12.385059,-2.4921317,-4741.8782
1,4,0.19556034,2,4,0.15035494,3,4,0.30098471,-4756.396,12.938,-2.4136189,-4741.0444
1,4,0.19092634,2,4,0.18555874,3,4,0.3000835,-4756.9611,13.531372,-3.19362,-4740.2361
1,4,0.16934644,2,4,0.19080348,3,4,0.3088495,-4755.6084,13.379988,-1.6930795,-4740.5353
1,4,0.16779273,2,4,0.1466027,3,4,0.30564826,-4755.2433,12.400874,-1.1073282,-4741.7351
1,4,0.1591034,2,4,0.16320858,3,4,0.34128535,-4754.9179,13.271947,-0.9011462,-4740.7448
1,4,0.18308755,2,4,0.18388696,3,4,0.30760014,-4755.7857,13.491493,-1.8746025,-4740.4196
1,4,0.16116411,2,4,0.17413781,3,4,0.31604515,-4754.2436,13.026941,-0.19578623,-4741.0208
1,4,0.16768252,2,4,0.1858211,3,4,0.30938682,-4755.0507,13.257809,-1.0667895,-4740.7261
1,4,0.18949166,2,4,0.18014881,3,4,0.30958141,-4756.0652,13.584437,-2.1986396,-4740.2821
1,4,0.15955621,2,4,0.18086287,3,4,0.24995768,-4761.4997,11.807535,-6.3324133,-4743.3597
1,4,0.13832813,2,4,0.16603444,3,4,0.30488126,-4756.5671,12.184877,-2.2506525,-4742.1316
1,4,0.14264335,2,4,0.16617598,3,4,0.27721697,-4758.2134,11.720726,-3.7167302,-4742.7759
1,4,0.14101787,2,4,0.15784657,3,4,0.32165932,-4756.2764,12.410475,-2.0129298,-4741.853
1,4,0.18900288,2,4,0.17492063,3,4,0.32162034,-4755.6702,13.710877,-1.7527292,-4740.2066
1,4,0.16646502,2,4,0.15001169,3,4,0.32986668,-4754.8725,12.926868,-0.7941193,-4741.1515
1,4,0.16331725,2,4,0.16275088,3,4,0.29583278,-4754.7621,12.438018,-0.67753573,-4741.6466
1,4,0.14694803,2,4,0.15982116,3,4,0.29971231,-4755.8585,12.12963,-1.6833792,-4742.0454
1,4,0.16985199,2,4,0.1429052,3,4,0.31124914,-4755.484,12.480126,-1.3102971,-4741.6935
1,4,0.14685256,2,4,0.15932438,3,4,0.32202608,-4755.3732,12.56406,-1.2257559,-4741.5833
1,4,0.16005097,2,4,0.16492496,3,4,0.2949285,-4754.8837,12.398089,-0.79064072,-4741.695
1,4,0.16553585,2,4,0.16985911,3,4,0.33891865,-4754.7079,13.486272,-0.69199106,-4740.5296
1,4,0.16709959,2,4,0.15180954,3,4,0.32483391,-4754.6084,12.874861,-0.53598948,-4741.1976
1,4,0.1415834,2,4,0.16485469,3,4,0.353218,-4757.1418,13.193122,-3.084981,-4740.8637
1,4,0.16589383,2,4,0.17671626,3,4,0.31849435,-4754.3368,13.222089,-0.29805407,-4740.8167
1,4,0.15728559,2,4,0.16437373,3,4,0.336769,-4754.7403,13.168567,-0.70354532,-4740.8682
1,4,0.17401012,2,4,0.14839709,3,4,0.29560744,-4755.5374,12.360293,-1.3802895,-4741.7968
1,4,0.1444856,2,4,0.17807557,3,4,0.32003916,-4755.3967,12.852007,-1.2781168,-4741.2666
1,4,0.15418052,2,4,0.18131645,3,4,0.3455214,-4755.7761,13.620367,-1.8538403,-4740.3019
1,4,0.16471326,2,4,0.1630206,3,4,0.31245393,-4754.1166,12.803756,-0.065310512,-4741.2475
1,4,0.16563272,2,4,0.16081749,3,4,0.33026816,-4754.3304,13.134367,-0.28528025,-4740.9108
1,4,0.13978733,2,4,0.15504045,3,4,0.32812437,-4756.7936,12.459043,-2.4753206,-4741.8592
1,4,0.16115885,2,4,0.15147935,3,4,0.33004398,-4754.924,12.853644,-0.84050872,-4741.2299
1,4,0.16492712,2,4,0.17392462,3,4,0.31277033,-4754.2202,13.032441,-0.17307295,-4741.0146
1,4,0.1731024,2,4,0.1677446,3,4,0.35126975,-4755.6721,13.842335,-1.7511257,-4740.0786
1,4,0.19296341,2,4,0.19546196,3,4,0.33967335,-4759.2628,14.561974,-5.8245212,-4738.8763
1,4,0.16310897,2,4,0.16918389,3,4,0.3317232,-4754.3731,13.280321,-0.3338093,-4740.759
1,4,0.16063086,2,4,0.16868713,3,4,0.30132698,-4754.4891,12.6129,-0.42134567,-4741.4548
1,4,0.17878879,2,4,0.167451,3,4,0.30370201,-4754.621,12.998836,-0.5798264,-4741.0424
1,4,0.16917811,2,4,0.13785543,3,4,0.30440619,-4756.4588,12.228794,-2.1550905,-4742.0749
1,4,0.15026858,2,4,0.13335619,3,4,0.33925351,-4758.8919,12.457566,-4.3029327,-4742.1314
1,4,0.1766542,2,4,0.15284053,3,4,0.30413983,-4754.8153,12.672691,-0.73335586,-4741.4093
1,4,0.1540373,2,4,0.1923769,3,4,0.34279286,-4756.5248,13.784141,-2.7289017,-4740.0117
1,4,0.1644176,2,4,0.18450129,3,4,0.31753631,-4754.8381,13.329104,-0.84174989,-4740.6672
1,4,0.15736882,2,4,0.1820577,3,4,0.35080663,-4756.1238,13.804663,-2.2614583,-4740.0576
1,4,0.17957861,2,4,0.16729725,3,4,0.30467425,-4754.6327,13.031002,-0.59572299,-4741.0059
1,4,0.14881052,2,4,0.18201644,3,4,0.34242792,-4755.9021,13.465098,-1.9476548,-4740.4893
1,4,0.17505339,2,4,0.16458536,3,4,0.29612031,-4754.7724,12.715181,-0.69644774,-4741.3608
1,4,0.15425023,2,4,0.17454107,3,4,0.32466184,-4754.5682,13.069063,-0.5163314,-4740.9828
1,4,0.15359245,2,4,0.17077744,3,4,0.32789277,-4754.6014,13.045253,-0.54426462,-4741.0119
1,4,0.17662152,2,4,0.15974304,3,4,0.33585273,-4754.7709,13.444346,-0.75742726,-4740.5692
1,4,0.18156049,2,4,0.15562291,3,4,0.36182981,-4757.0531,13.980264,-3.3387039,-4739.7341
1,4,0.14457093,2,4,0.15551058,3,4,0.31795255,-4755.9394,12.360681,-1.7291387,-4741.8496
1,4,0.16992354,2,4,0.12430552,3,4,0.31543451,-4758.984,12.193272,-4.1690085,-4742.6217
1,4,0.17428101,2,4,0.1636266,3,4,0.27969225,-4756.1265,12.351997,-1.903832,-4741.8707
1,4,0.17606561,2,4,0.16401571,3,4,0.30781629,-4754.3465,12.957952,-0.29862638,-4741.0899
1,4,0.13724066,2,4,0.17576766,3,4,0.34437329,-4757.0278,13.147632,-2.9020302,-4740.9782
1,4,0.17806565,2,4,0.13795186,3,4,0.32649613,-4756.1559,12.850273,-1.9622325,-4741.3434
1,4,0.16701775,2,4,0.17852107,3,4,0.29377419,-4755.115,12.78626,-1.0422147,-4741.2866
1,4,0.16915333,2,4,0.16418531,3,4,0.34032415,-4754.7549,13.473256,-0.74378498,-4740.5379
1,4,0.18651188,2,4,0.14540478,3,4,0.28947354,-4756.7492,12.427804,-2.5199757,-4741.8014
1,4,0.17665387,2,4,0.1418888,3,4,0.30965113,-4755.6616,12.563876,-1.480008,-4741.6177
1,4,0.16860482,2,4,0.14467364,3,4,0.31973741,-4755.2054,12.660318,-1.0678187,-4741.4773
1,4,0.17567726,2,4,0.18628922,3,4,0.3078414,-4755.4592,13.396157,-1.5140222,-4740.5491
1,4,0.17888424,2,4,0.14728593,3,4,0.33038471,-4755.2305,13.131098,-1.1762061,-4740.9232
1,4,0.18188076,2,4,0.16974953,3,4,0.29007917,-4755.574,12.834189,-1.5039683,-4741.2359
1,4,0.17647376,2,4,0.16161249,3,4,0.30854691,-4754.3621,12.932663,-0.31335187,-4741.1161
1,4,0.1592401,2,4,0.13876341,3,4,0.34802593,-4757.4183,12.920589,-3.2060619,-4741.2917
1,4,0.15751039,2,4,0.13831892,3,4,0.30154687,-4757.1813,11.947524,-2.8251867,-4742.4086
1,4,0.18496408,2,4,0.16299915,3,4,0.28843432,-4755.8353,12.727951,-1.7439522,-4741.3634
1,4,0.17935019,2,4,0.14967057,3,4,0.35838381,-4756.8357,13.748091,-3.0373742,-4740.0502
1,4,0.18513475,2,4,0.14563544,3,4,0.31086885,-4755.5574,12.832781,-1.4668973,-4741.2578
1,4,0.16318892,2,4,0.1635172,3,4,0.32261984,-4754.1374,12.986519,-0.086489905,-4741.0643
1,4,0.16249531,2,4,0.16528045,3,4,0.29631354,-4754.7082,12.481786,-0.62603788,-4741.6004
1,4,0.17876431,2,4,0.13767034,3,4,0.32140608,-4756.1555,12.756815,-1.9406691,-4741.458
1,4,0.15085738,2,4,0.17612203,3,4,0.28638836,-4756.1813,12.267355,-1.959877,-4741.9541
1,4,0.16881107,2,4,0.16709639,3,4,0.31039274,-4754.1206,12.926004,-0.06944353,-4741.1251
1,4,0.15567104,2,4,0.17716296,3,4,0.32629383,-4754.6286,13.182557,-0.59113431,-4740.8549
1,4,0.15045088,2,4,0.19211105,3,4,0.34281651,-4756.6249,13.707569,-2.8193696,-4740.0979
1,4,0.18192193,2,4,0.18500988,3,4,0.26611226,-4759.0864,12.660881,-4.8122496,-4741.6133
1,4,0.15509482,2,4,0.16442517,3,4,0.32170664,-4754.4339,12.824533,-0.36849765,-4741.2409
1,4,0.15348863,2,4,0.15466523,3,4,0.30556641,-4755.2556,12.274405,-1.1437508,-4741.8374
1,4,0.1534374,2,4,0.18749159,3,4,0.29414802,-4755.9965,12.70154,-1.9086865,-4741.3863
1,4,0.17826239,2,4,0.14443661,3,4,0.31389348,-4755.322,12.73185,-1.1947634,-4741.3954
1,4,0.17496927,2,4,0.16579911,3,4,0.32597975,-4754.3401,13.334962,-0.29873295,-4740.7064
1,4,0.180189,2,4,0.16805046,3,4,0.26997152,-4757.5767,12.36422,-3.2140422,-4741.9985
1,4,0.11941421,2,4,0.20543635,3,4,0.3155563,-4761.8096,12.808137,-7.2481876,-4741.7533
1,4,0.15551944,2,4,0.16112351,3,4,0.31707134,-4754.4898,12.674286,-0.42075467,-4741.3948
1,4,0.18166383,2,4,0.16162187,3,4,0.29879034,-4754.9632,12.841521,-0.90887882,-4741.2128
1,4,0.13476182,2,4,0.16438595,3,4,0.34845437,-4757.8906,12.952043,-3.6235472,-4741.3151
1,4,0.19599033,2,4,0.14210545,3,4,0.33341346,-4756.9655,13.430185,-3.094686,-4740.4406
1,4,0.16181153,2,4,0.14922051,3,4,0.31332799,-4754.9771,12.487201,-0.86983234,-4741.6201
1,4,0.14928827,2,4,0.17098317,3,4,0.30028396,-4755.2531,12.411108,-1.1212047,-4741.7208
1,4,0.17549178,2,4,0.18579812,3,4,0.28761842,-4756.3412,12.978166,-2.3262432,-4741.0367
1,4,0.15665697,2,4,0.16132839,3,4,0.28153913,-4756.3491,11.99049,-2.1161068,-4742.2426
1,4,0.16597454,2,4,0.17336995,3,4,0.33328269,-4754.5488,13.452544,-0.51895047,-4740.5773
1,4,0.17918578,2,4,0.15384394,3,4,0.31078199,-4754.6727,12.876234,-0.61474943,-4741.1817
1,4,0.16794203,2,4,0.16548624,3,4,0.30836661,-4754.1499,12.835898,-0.097375689,-4741.2166
1,4,0.17595051,2,4,0.15647946,3,4,0.33937914,-4754.9945,13.436182,-0.99346459,-4740.5648
1,4,0.17550674,2,4,0.1566831,3,4,0.33144178,-4754.6156,13.272632,-0.58339525,-4740.7596
1,4,0.15635005,2,4,0.16787902,3,4,0.33166713,-4754.5516,13.117924,-0.50464164,-4740.929
1,4,0.17801745,2,4,0.16755022,3,4,0.32564053,-4754.5124,13.424164,-0.48039239,-4740.6078
1,4,0.18499705,2,4,0.17471071,3,4,0.28212273,-4756.6661,12.83661,-2.5835051,-4741.246
1,4,0.17093976,2,4,0.17185978,3,4,0.30789637,-4754.3008,13.013918,-0.25290526,-4741.034
1,4,0.15856421,2,4,0.15220602,3,4,0.33396812,-4755.1262,12.894767,-1.0431684,-4741.1883
1,4,0.16841745,2,4,0.14555479,3,4,0.34992817,-4756.28,13.278008,-2.2734094,-4740.7285
1,4,0.18279305,2,4,0.17045504,3,4,0.29395405,-4755.4034,12.944043,-1.3636681,-4741.0957
1,4,0.16485428,2,4,0.13902127,3,4,0.30812938,-4756.2823,12.240099,-2.0086583,-4742.0335
1,4,0.16136816,2,4,0.18385719,3,4,0.30672011,-4754.8981,13.038909,-0.87872775,-4740.9805
1,4,0.15427311,2,4,0.16159352,3,4,0.32825845,-4754.6772,12.882502,-0.60708318,-4741.1877
1,4,0.13566511,2,4,0.18737903,3,4,0.32571378,-4757.0045,12.975158,-2.8335246,-4741.1958
1,4,0.15030104,2,4,0.16470949,3,4,0.31074122,-4754.8608,12.515035,-0.76129954,-4741.5845
1,4,0.18108901,2,4,0.16119905,3,4,0.34335447,-4755.4255,13.712851,-1.4757941,-4740.2369
1,4,0.1633526,2,4,0.1576198,3,4,0.3025524,-4754.6037,12.470496,-0.53385794,-4741.5993
1,4,0.16134641,2,4,0.16208866,3,4,0.30239597,-4754.4992,12.516621,-0.43438559,-4741.5482
1,4,0.17335086,2,4,0.13985112,3,4,0.33507261,-4756.0845,12.965492,-1.9332983,-4741.1857
1,4,0.17649385,2,4,0.17251768,3,4,0.32041774,-4754.4961,13.388585,-0.46238114,-4740.6451
1,4,0.15364917,2,4,0.18593863,3,4,0.30195349,-4755.447,12.830826,-1.3947437,-4741.2214
1,4,0.16694577,2,4,0.16930316,3,4,0.33243005,-4754.4016,13.37358,-0.3638374,-4740.6642
1,4,0.1563958,2,4,0.1695181,3,4,0.32806288,-4754.4465,13.079536,-0.3956652,-4740.9713
1,4,0.15396143,2,4,0.16581645,3,4,0.30020077,-4754.911,12.399573,-0.81654728,-4741.6949
1,4,0.14031486,2,4,0.17638612,3,4,0.34587211,-4756.709,13.251462,-2.6566701,-4740.8009
1,4,0.15277758,2,4,0.14738638,3,4,0.31556935,-4755.8165,12.314666,-1.6317971,-4741.87
1,4,0.19241531,2,4,0.19193407,3,4,0.30013242,-4757.9001,13.689636,-4.3039078,-4739.9066
1,4,0.14863083,2,4,0.17812498,3,4,0.33289796,-4755.2757,13.193075,-1.2348252,-4740.8478
1,4,0.15228508,2,4,0.17916568,3,4,0.31101568,-4754.8465,12.849329,-0.7799266,-4741.2173
1,4,0.16768365,2,4,0.16395605,3,4,0.29688536,-4754.6157,12.570501,-0.53833521,-4741.5069
1,4,0.14924253,2,4,0.16471582,3,4,0.29861583,-4755.4379,12.251484,-1.2971585,-4741.8893
1,4,0.1504628,2,4,0.15683683,3,4,0.32700648,-4755.2077,12.686122,-1.0901708,-4741.4314
1,4,0.15923064,2,4,0.18167088,3,4,0.31916463,-4754.6608,13.201323,-0.63959234,-4740.8198
1,4,0.14504408,2,4,0.17103926,3,4,0.33078911,-4755.3999,12.937449,-1.287863,-4741.1746
1,4,0.17660007,2,4,0.17311415,3,4,0.28763059,-4755.5692,12.746896,-1.4683249,-4741.354
1,4,0.16604352,2,4,0.16858778,3,4,0.3057794,-4754.2303,12.808214,-0.17546345,-4741.2466
1,4,0.14588149,2,4,0.15836461,3,4,0.34906171,-4756.6072,13.066156,-2.5230928,-4741.018
1,4,0.17084707,2,4,0.15392618,3,4,0.32837309,-4754.5409,13.062927,-0.48712023,-4740.9909
1,4,0.19160609,2,4,0.14643295,3,4,0.31327861,-4755.9299,13.026353,-1.9168553,-4740.9867
1,4,0.14909242,2,4,0.18432696,3,4,0.33488938,-4755.6461,13.366175,-1.6654097,-4740.6145
1,4,0.1932617,2,4,0.15913844,3,4,0.31994211,-4755.5872,13.446845,-1.6822924,-4740.4581
1,4,0.19549994,2,4,0.15869197,3,4,0.32497274,-4755.9268,13.583293,-2.0745305,-4740.269
1,4,0.15336987,2,4,0.18600243,3,4,0.30032487,-4755.5387,12.793944,-1.4774921,-4741.2673
1,4,0.15416892,2,4,0.16073181,3,4,0.29542342,-4755.3391,12.206483,-1.2208934,-4741.9117
1,4,0.17876097,2,4,0.17058135,3,4,0.3130867,-4754.5223,13.24858,-0.4929464,-4740.7808
1,4,0.16960552,2,4,0.15298181,3,4,0.29964959,-4754.9127,12.444738,-0.81520783,-4741.6528
1,4,0.16189172,2,4,0.14920898,3,4,0.33167979,-4755.1399,12.85561,-1.0438616,-4741.2404
1,4,0.16483684,2,4,0.1611447,3,4,0.32825042,-4754.2709,13.084639,-0.22298585,-4740.9633
1,4,0.18050622,2,4,0.17446264,3,4,0.31537082,-4754.809,13.406794,-0.80058656,-4740.6016
1,4,0.16795908,2,4,0.16581138,3,4,0.30156015,-4754.3703,12.706612,-0.3083025,-4741.3553
1,4,0.16407303,2,4,0.17555586,3,4,0.32650949,-4754.4005,13.322768,-0.36348789,-4740.7142
1,4,0.17662237,2,4,0.16794205,3,4,0.27840236,-4756.3377,12.459336,-2.1158662,-4741.7625
1,4,0.15890207,2,4,0.15540448,3,4,0.31005834,-4754.6774,12.487298,-0.60228051,-4741.5878
1,4,0.17857676,2,4,0.13923701,3,4,0.33157079,-4756.1119,12.987691,-1.9678898,-4741.1564
1,4,0.15823746,2,4,0.14595599,3,4,0.30649891,-4755.7319,12.213847,-1.5626846,-4741.9554
1,4,0.15698882,2,4,0.16748497,3,4,0.30623413,-4754.4557,12.614158,-0.38958216,-4741.452
1,4,0.17179908,2,4,0.188899,3,4,0.29914071,-4755.7818,13.196776,-1.8349221,-4740.7501
1,4,0.2001495,2,4,0.15123474,3,4,0.32152927,-4756.5708,13.45827,-2.781811,-4740.3308
1,4,0.15545949,2,4,0.15944006,3,4,0.31334097,-4754.5985,12.56481,-0.5250636,-4741.5086
1,4,0.17430928,2,4,0.14932562,3,4,0.32650241,-4754.8425,13.002746,-0.77257903,-4741.0672
1,4,0.18396162,2,4,0.17575545,3,4,0.3093828,-4755.1934,13.381997,-1.2187494,-4740.5926
1,4,0.16586283,2,4,0.16329949,3,4,0.30324498,-4754.3341,12.648146,-0.27457009,-4741.4114
1,4,0.15282571,2,4,0.13831144,3,4,0.3507251,-4758.2659,12.837245,-3.9668775,-4741.4617
1,4,0.17140835,2,4,0.15128957,3,4,0.33185308,-4754.8127,13.09102,-0.7573419,-4740.9644
1,4,0.16800056,2,4,0.12182744,3,4,0.32609097,-4759.7053,12.31838,-4.7668193,-4742.6201
1,4,0.16483406,2,4,0.18244548,3,4,0.31925118,-4754.6926,13.330614,-0.68207777,-4740.68
1,4,0.17251944,2,4,0.15150231,3,4,0.31194456,-4754.6139,12.719326,-0.53566147,-4741.3589
1,4,0.17950981,2,4,0.17364341,3,4,0.3353031,-4755.2148,13.769126,-1.2215786,-4740.2241
1,4,0.1740581,2,4,0.19131192,3,4,0.29428236,-4756.3897,13.193047,-2.4799472,-4740.7167
1,4,0.158844,2,4,0.17183511,3,4,0.33054797,-4754.4648,13.224542,-0.42518277,-4740.8151
1,4,0.15786631,2,4,0.17994516,3,4,0.38396626,-4759.6674,14.435555,-6.5362933,-4738.6956
1,4,0.15049186,2,4,0.1657331,3,4,0.27727887,-4757.2219,11.870077,-2.8683971,-4742.4834
1,4,0.16723199,2,4,0.14153553,3,4,0.32019587,-4755.6339,12.579268,-1.443861,-4741.6107
1,4,0.18941299,2,4,0.1652498,3,4,0.32905225,-4755.4628,13.674301,-1.530558,-4740.2579
1,4,0.15433489,2,4,0.1624328,3,4,0.29596602,-4755.2196,12.254674,-1.1076984,-4741.8573
1,4,0.18483293,2,4,0.14516922,3,4,0.32833431,-4755.6386,13.166729,-1.602316,-4740.8696
1,4,0.14051668,2,4,0.15741303,3,4,0.27846269,-4758.9386,11.527848,-4.3880124,-4743.0228
1,4,0.1539084,2,4,0.17744151,3,4,0.30139848,-4754.976,12.654968,-0.88851722,-4741.4325
1,4,0.16675829,2,4,0.15131619,3,4,0.34057862,-4755.2115,13.173062,-1.1748359,-4740.8636
1,4,0.15930075,2,4,0.17820701,3,4,0.34530968,-4755.4519,13.656349,-1.5051578,-4740.2904
1,4,0.11059097,2,4,0.18348208,3,4,0.30044517,-4763.9754,11.890364,-7.9091269,-4744.176
1,4,0.1518577,2,4,0.16495962,3,4,0.33469486,-4754.9682,13.030244,-0.90513735,-4741.0328
1,4,0.15763948,2,4,0.16872104,3,4,0.3065133,-4754.413,12.657476,-0.34912574,-4741.4064
1,4,0.15543726,2,4,0.12966077,3,4,0.30759581,-4758.9667,11.853877,-4.2579997,-4742.8548
1,4,0.1845762,2,4,0.16050191,3,4,0.31519234,-4754.7613,13.205409,-0.7517522,-4740.8042
1,4,0.16514267,2,4,0.15447419,3,4,0.32217391,-4754.4285,12.835816,-0.36395938,-4741.2288
1,4,0.16272588,2,4,0.17297937,3,4,0.31278184,-4754.2033,12.969742,-0.15389285,-4741.0797
1,4,0.15491344,2,4,0.17021794,3,4,0.33538354,-4754.78,13.210298,-0.74392749,-4740.8258
1,4,0.1410662,2,4,0.15563075,3,4,0.28708982,-4758.0263,11.675736,-3.6101784,-4742.7404
1,4,0.13777272,2,4,0.17456124,3,4,0.32053356,-4756.209,12.65735,-1.9577607,-4741.5939
1,4,0.14926701,2,4,0.14753521,3,4,0.3592375,-4758.0063,13.120794,-3.9400833,-4740.9454
1,4,0.17344286,2,4,0.17131646,3,4,0.29950133,-4754.6383,12.885213,-0.5810136,-4741.172
1,4,0.15357673,2,4,0.16991181,3,4,0.31833277,-4754.4698,12.836426,-0.4018265,-4741.2316
1,4,0.17040526,2,4,0.17019394,3,4,0.33899043,-4754.8019,13.591793,-0.78845011,-4740.4217
1,4,0.17029006,2,4,0.13380442,3,4,0.34660636,-4757.6363,13.014017,-3.4037262,-4741.2185
1,4,0.16080684,2,4,0.16924397,3,4,0.30914486,-4754.2295,12.783913,-0.17465934,-4741.2709
1,4,0.15716566,2,4,0.16872069,3,4,0.30548962,-4754.4683,12.627519,-0.40139252,-4741.4394
1,4,0.15209297,2,4,0.15013228,3,4,0.33113804,-4755.7192,12.667266,-1.5644153,-4741.4875
1,4,0.15991853,2,4,0.18004125,3,4,0.32308637,-4754.5931,13.260923,-0.56845234,-4740.7637
1,4,0.14756698,2,4,0.19642378,3,4,0.31501433,-4756.4695,13.180102,-2.5569438,-4740.7324
1,4,0.18173953,2,4,0.15889857,3,4,0.34432269,-4755.541,13.699216,-1.6049116,-4740.2369
1,4,0.16145242,2,4,0.1741955,3,4,0.32411362,-4754.3093,13.195231,-0.26621382,-4740.8479
1,4,0.17185216,2,4,0.15471194,3,4,0.34690455,-4755.4156,13.469373,-1.4466487,-4740.4996
1,4,0.16288151,2,4,0.15464905,3,4,0.31596616,-4754.4649,12.669934,-0.39706796,-4741.3979
1,4,0.15194247,2,4,0.15657703,3,4,0.30666261,-4755.2148,12.303642,-1.102579,-4741.8086
1,4,0.15654505,2,4,0.19459345,3,4,0.31733039,-4755.8669,13.369378,-1.9847718,-4740.5127
1,4,0.16603703,2,4,0.17489086,3,4,0.31884008,-4754.2545,13.19536,-0.21098715,-4740.8482
1,4,0.16857493,2,4,0.17603111,3,4,0.30009057,-4754.6715,12.893932,-0.61757338,-4741.16
1,4,0.16628554,2,4,0.18251036,3,4,0.32306534,-4754.772,13.437225,-0.76652812,-4740.5683
1,4,0.15399239,2,4,0.16238615,3,4,0.32954184,-4754.7041,12.918407,-0.63590659,-4741.1498
1,4,0.15494745,2,4,0.14201454,3,4,0.30740378,-4756.5395,12.087315,-2.2726152,-4742.1796
1,4,0.14572715,2,4,0.18473838,3,4,0.30608681,-4755.7915,12.731047,-1.6752536,-4741.3852
1,4,0.15499982,2,4,0.13985853,3,4,0.3380637,-4757.0519,12.658441,-2.7625168,-4741.6309
1,4,0.17137387,2,4,0.14878507,3,4,0.31354874,-4754.8004,12.674154,-0.70394546,-4741.4223
1,4,0.14233314,2,4,0.17125313,3,4,0.30205643,-4755.9673,12.312854,-1.7416273,-4741.9128
1,4,0.1527762,2,4,0.15349168,3,4,0.31219979,-4755.2311,12.369354,-1.1116561,-4741.75
1,4,0.17282624,2,4,0.15920571,3,4,0.3143268,-4754.2146,12.927175,-0.16267621,-4741.1247
1,4,0.16282386,2,4,0.16592133,3,4,0.31184489,-4754.1255,12.811801,-0.073796064,-4741.2399
1,4,0.14894621,2,4,0.14792276,3,4,0.31754665,-4756.1627,12.288313,-1.9369556,-4741.9374
1,4,0.16479049,2,4,0.16520903,3,4,0.29319789,-4754.8585,12.463948,-0.76267188,-4741.6319
1,4,0.17596555,2,4,0.15646682,3,4,0.28506749,-4755.8401,12.349997,-1.6565269,-4741.8336
1,4,0.1736975,2,4,0.12938773,3,4,0.30432122,-4758.006,12.148129,-3.4153712,-4742.4425
1,4,0.15143865,2,4,0.18565073,3,4,0.302535,-4755.5282,12.792488,-1.4603988,-4741.2753
1,4,0.18949623,2,4,0.14917617,3,4,0.3064293,-4755.6969,12.902034,-1.6579129,-4741.1369
1,4,0.15850584,2,4,0.16378302,3,4,0.30958872,-4754.3403,12.637552,-0.28147139,-4741.4213
1,4,0.11513806,2,4,0.16406981,3,4,0.35221691,-4763.206,12.628496,-7.8549009,-4742.7226
1,4,0.20308605,2,4,0.1580637,3,4,0.32443398,-4756.9022,13.711675,-3.2326973,-4739.9578
1,4,0.15451127,2,4,0.16932769,3,4,0.32737743,-4754.5245,13.024328,-0.46735845,-4741.0328
1,4,0.17150961,2,4,0.15791647,3,4,0.32861837,-4754.3847,13.160889,-0.339762,-4740.884
1,4,0.1655383,2,4,0.16803762,3,4,0.33161424,-4754.3417,13.303803,-0.30142015,-4740.7365
1,4,0.18488632,2,4,0.14726769,3,4,0.31442939,-4755.3511,12.931668,-1.2867343,-4741.1327
1,4,0.16818935,2,4,0.16256198,3,4,0.33363399,-4754.4235,13.287707,-0.38723617,-4740.7486
1,4,0.16575135,2,4,0.15402422,3,4,0.33731296,-4754.8852,13.141771,-0.84420367,-4740.8993
1,4,0.16568649,2,4,0.15387028,3,4,0.29932633,-4754.9215,12.377662,-0.82811025,-4741.7157
1,4,0.18174161,2,4,0.17183145,3,4,0.32144689,-4754.8225,13.500399,-0.81414093,-4740.508
1,4,0.17086675,2,4,0.18436457,3,4,0.33008005,-4755.2707,13.706227,-1.2995454,-4740.265
1,4,0.18490734,2,4,0.16317573,3,4,0.36058085,-4757.1714,14.173278,-3.4637349,-4739.5344
1,4,0.18981227,2,4,0.16269075,3,4,0.32654496,-4755.3742,13.58096,-1.4382403,-4740.355
1,4,0.21952481,2,4,0.1556705,3,4,0.30863531,-4759.6218,13.676612,-6.5482719,-4739.3969
1,4,0.16899341,2,4,0.197376,3,4,0.31802469,-4756.3794,13.687882,-2.6038923,-4740.0876
1,4,0.1676025,2,4,0.17086971,3,4,0.3547501,-4755.8956,13.864446,-2.0103216,-4740.0208
1,4,0.16226706,2,4,0.16225112,3,4,0.32669047,-4754.2539,13.024173,-0.20369434,-4741.026
1,4,0.14345397,2,4,0.17085592,3,4,0.33474181,-4755.7146,12.981034,-1.5954891,-4741.1381
1,4,0.18222925,2,4,0.17026277,3,4,0.34248088,-4755.6654,13.899458,-1.7196434,-4740.0463
1,4,0.16224096,2,4,0.16347268,3,4,0.29466066,-4754.8504,12.407486,-0.7593095,-4741.6836
1,4,0.15326717,2,4,0.17564009,3,4,0.28366848,-4756.2449,12.251515,-2.0141752,-4741.9792
1,4,0.13619171,2,4,0.17446054,3,4,0.30355368,-4756.8454,12.284119,-2.4808899,-4742.0804
1,4,0.14107157,2,4,0.17339837,3,4,0.30917858,-4755.8677,12.47297,-1.648693,-4741.746
1,4,0.14435662,2,4,0.17603122,3,4,0.34689702,-4756.3112,13.345697,-2.3141885,-4740.6513
1,4,0.15071014,2,4,0.17534902,3,4,0.29688289,-4755.3728,12.458841,-1.2382196,-4741.6757
1,4,0.17662522,2,4,0.17136482,3,4,0.31399311,-4754.4263,13.239663,-0.39037234,-4740.7963
1,4,0.1531552,2,4,0.1653891,3,4,0.30124909,-4754.9289,12.395868,-0.83278242,-4741.7002
1,4,0.16769826,2,4,0.13637187,3,4,0.32791576,-4756.493,12.639718,-2.2061719,-4741.6471
1,4,0.18076802,2,4,0.17012889,3,4,0.34512086,-4755.7261,13.920355,-1.7878198,-4740.0179
1,4,0.16192068,2,4,0.18205608,3,4,0.340279,-4755.3633,13.685115,-1.4080527,-4740.2701
1,4,0.16773236,2,4,0.17184588,3,4,0.30841602,-4754.2331,12.959885,-0.18293445,-4741.0902
1,4,0.15030082,2,4,0.16519876,3,4,0.3378134,-4755.2232,13.06626,-1.1609916,-4740.9959
1,4,0.12509782,2,4,0.16158608,3,4,0.2847893,-4761.4018,11.429464,-6.2399394,-4743.7323
1,4,0.15930859,2,4,0.15275694,3,4,0.30513069,-4755.0019,12.343924,-0.9075636,-4741.7504
1,4,0.15414789,2,4,0.15309139,3,4,0.29401887,-4755.9622,12.025163,-1.801666,-4742.1354
1,4,0.15696347,2,4,0.17847741,3,4,0.30923498,-4754.6148,12.893517,-0.56289585,-4741.1584
1,4,0.20157107,2,4,0.1667821,3,4,0.31532558,-4756.7549,13.673575,-3.0526817,-4740.0286
1,4,0.1753843,2,4,0.19426995,3,4,0.28341435,-4757.5952,13.061372,-3.6827699,-4740.8511
1,4,0.16781608,2,4,0.18298908,3,4,0.34217399,-4755.6531,13.859583,-1.7171104,-4740.0764
1,4,0.18043687,2,4,0.16784795,3,4,0.34871578,-4755.8811,13.940012,-1.9695425,-4739.9716
1,4,0.19525293,2,4,0.16427484,3,4,0.31054873,-4755.8627,13.40153,-1.9909411,-4740.4702
1,4,0.17802884,2,4,0.17050812,3,4,0.29050993,-4755.3353,12.780938,-1.2511462,-4741.3032
1,4,0.17250793,2,4,0.15189883,3,4,0.31508359,-4754.5491,12.789807,-0.47628283,-4741.283
1,4,0.16298017,2,4,0.15910212,3,4,0.35605964,-4755.9851,13.562839,-2.0903256,-4740.332
1,4,0.13592324,2,4,0.17315881,3,4,0.3193346,-4756.51,12.568333,-2.2002419,-4741.7414
1,4,0.1818496,2,4,0.17868535,3,4,0.32041633,-4755.2348,13.619026,-1.2598795,-4740.3559
1,4,0.15845972,2,4,0.16018897,3,4,0.29100134,-4755.392,12.193001,-1.2654442,-4741.9336
1,4,0.1642289,2,4,0.18227551,3,4,0.33769659,-4755.2533,13.68402,-1.2848713,-4740.2844
1,4,0.15756293,2,4,0.20278588,3,4,0.33973489,-4757.6129,14.001674,-4.0612574,-4739.55
1,4,0.16647122,2,4,0.16373959,3,4,0.31185706,-4754.0979,12.841357,-0.046766486,-4741.2098
1,4,0.15945048,2,4,0.15761152,3,4,0.29881401,-4754.9475,12.31752,-0.8602303,-4741.7698
1,4,0.16320234,2,4,0.1801923,3,4,0.28995008,-4755.4772,12.666894,-1.3749498,-4741.4354
1,4,0.16296483,2,4,0.13070108,3,4,0.31943913,-4757.7762,12.262101,-3.236712,-4742.2774
1,4,0.14790491,2,4,0.16208334,3,4,0.3351702,-4755.4275,12.903169,-1.3231569,-4741.2012
1,4,0.15484224,2,4,0.19050505,3,4,0.29981093,-4755.874,12.903164,-1.8610351,-4741.1098
1,4,0.17226386,2,4,0.1741749,3,4,0.30847766,-4754.416,13.098328,-0.37469972,-4740.9429
1,4,0.20116043,2,4,0.15502703,3,4,0.33878894,-4757.2031,13.899528,-3.560047,-4739.7435
1,4,0.16403306,2,4,0.15565704,3,4,0.28548395,-4755.8772,12.103481,-1.695319,-4742.0784
1,4,0.16410874,2,4,0.16098132,3,4,0.34580188,-4755.1202,13.417839,-1.1339984,-4740.5683
1,4,0.17898205,2,4,0.17212804,3,4,0.30225077,-4754.8164,13.067217,-0.78496092,-4740.9643
1,4,0.1723162,2,4,0.15640367,3,4,0.32093634,-4754.3071,12.993124,-0.25352727,-4741.0605
1,4,0.18099397,2,4,0.1809186,3,4,0.3183372,-4755.3154,13.604995,-1.3511061,-4740.3593
1,4,0.15790483,2,4,0.16258422,3,4,0.29726559,-4754.9001,12.355093,-0.81118333,-4741.7338
1,4,0.18207448,2,4,0.1736616,3,4,0.29071501,-4755.6858,12.929022,-1.6397325,-4741.117
1,4,0.16804526,2,4,0.16692589,3,4,0.34195446,-4754.8532,13.538512,-0.85051954,-4740.4642
1,4,0.14346878,2,4,0.19515549,3,4,0.33041504,-4756.8267,13.380786,-2.9395655,-4740.5063
1,4,0.20316704,2,4,0.14120987,3,4,0.30000773,-4758.0477,12.887693,-4.0693454,-4741.0907
1,4,0.14114215,2,4,0.1653255,3,4,0.31518562,-4755.8639,12.433065,-1.6397198,-4741.7911
1,4,0.18532967,2,4,0.15070873,3,4,0.31354571,-4755.1476,12.991682,-1.1089407,-4741.047
1,4,0.16475386,2,4,0.1710769,3,4,0.28832874,-4755.2451,12.48319,-1.1173177,-4741.6446
1,4,0.16740519,2,4,0.16900747,3,4,0.33413907,-4754.4712,13.411035,-0.43757779,-4740.6226
1,4,0.15513752,2,4,0.14953226,3,4,0.33442999,-4755.6198,12.781995,-1.4916767,-4741.3461
1,4,0.15622428,2,4,0.18084801,3,4,0.30802007,-4754.7945,12.901847,-0.74615347,-4741.1465
1,4,0.17939576,2,4,0.17950996,3,4,0.29338464,-4755.6696,13.045807,-1.655294,-4740.9685
1,4,0.17526539,2,4,0.15352123,3,4,0.31984643,-4754.4998,12.972661,-0.44231889,-4741.0849
1,4,0.1716085,2,4,0.16021996,3,4,0.30879705,-4754.2466,12.81251,-0.19204691,-4741.2421
1,4,0.15319569,2,4,0.17089208,3,4,0.3598637,-4756.5926,13.679029,-2.7674859,-4740.1461
1,4,0.15928412,2,4,0.17107657,3,4,0.29007595,-4755.2468,12.408733,-1.1190914,-4741.7189
1,4,0.16047612,2,4,0.16030491,3,4,0.32063476,-4754.2727,12.828316,-0.21622705,-4741.2281
1,4,0.16719393,2,4,0.16799778,3,4,0.3140094,-4754.0742,12.984022,-0.023658009,-4741.0665
1,4,0.15994409,2,4,0.15730061,3,4,0.33204091,-4754.6591,12.985712,-0.60256309,-4741.0709
1,4,0.15808486,2,4,0.15913277,3,4,0.29647473,-4755.0789,12.273847,-0.98181319,-4741.8232
1,4,0.17389256,2,4,0.16034152,3,4,0.33049817,-4754.4432,13.294645,-0.40669822,-4740.7419
1,4,0.1718585,2,4,0.16214302,3,4,0.2970931,-4754.6625,12.621892,-0.58450643,-4741.4561
1,4,0.16410826,2,4,0.16333432,3,4,0.30873856,-4754.1883,12.723623,-0.13534491,-4741.3294
1,4,0.16948595,2,4,0.16033896,3,4,0.30496901,-4754.3283,12.695878,-0.26913839,-4741.3633
1,4,0.14316256,2,4,0.15769879,3,4,0.30908879,-4756.1191,12.199003,-1.8919112,-4742.0282
1,4,0.18276762,2,4,0.16673796,3,4,0.31802544,-4754.6828,13.35062,-0.67028988,-4740.6619
1,4,0.16847316,2,4,0.14821334,3,4,0.32011336,-4754.8392,12.735997,-0.74025572,-4741.363
1,4,0.18035188,2,4,0.15577524,3,4,0.368617,-4757.7072,14.094882,-4.1193515,-4739.493
1,4,0.18543607,2,4,0.16748142,3,4,0.33373831,-4755.3398,13.733116,-1.376674,-4740.23
1,4,0.14562833,2,4,0.1647157,3,4,0.32011216,-4755.2627,12.609124,-1.1191019,-4741.5344
1,4,0.18079723,2,4,0.15738541,3,4,0.32131116,-4754.5925,13.189876,-0.56305,-4740.8396
1,4,0.196255,2,4,0.18306909,3,4,0.33279676,-4757.6966,14.242417,-4.033914,-4739.4203
1,4,0.17220345,2,4,0.16578921,3,4,0.30885654,-4754.2012,12.936984,-0.1503504,-4741.1138
1,4,0.16291725,2,4,0.17841414,3,4,0.29933722,-4754.8066,12.813372,-0.74673264,-4741.2465
1,4,0.18406327,2,4,0.15129855,3,4,0.32822268,-4755.1617,13.27169,-1.1540139,-4740.736
1,4,0.17772877,2,4,0.15512905,3,4,0.29839173,-4754.9825,12.624991,-0.8930754,-4741.4644
1,4,0.17067805,2,4,0.17520909,3,4,0.30430151,-4754.52,13.003773,-0.47514996,-4741.041
1,4,0.16145582,2,4,0.17527989,3,4,0.30977953,-4754.3435,12.930305,-0.29415168,-4741.119
1,4,0.16536708,2,4,0.13543862,3,4,0.31184197,-4756.7778,12.252953,-2.4148588,-4742.11
1,4,0.18483635,2,4,0.17160118,3,4,0.31793219,-4755.021,13.487394,-1.0362105,-4740.4974
1,4,0.1594722,2,4,0.18055659,3,4,0.3253751,-4754.6762,13.308078,-0.65747663,-4740.7107
1,4,0.20414608,2,4,0.17712724,3,4,0.28729634,-4758.6946,13.371393,-5.1014197,-4740.2218
1,4,0.16456842,2,4,0.16119662,3,4,0.32102501,-4754.1414,12.935801,-0.089724706,-4741.1159
1,4,0.15180567,2,4,0.1738582,3,4,0.3128694,-4754.674,12.770665,-0.59601705,-4741.3073
1,4,0.15523447,2,4,0.15738329,3,4,0.33102235,-4754.8806,12.872802,-0.80467538,-4741.2031
1,4,0.16196489,2,4,0.14470715,3,4,0.31576561,-4755.4459,12.448753,-1.2849428,-4741.7122
1,4,0.16710512,2,4,0.18082472,3,4,0.29784597,-4755.026,12.915516,-0.98098163,-4741.1295
1,4,0.1594926,2,4,0.17876479,3,4,0.2919587,-4755.3299,12.604322,-1.2233042,-4741.5023
1,4,0.17616207,2,4,0.17707459,3,4,0.32687501,-4754.8658,13.602233,-0.85076944,-4740.4128
1,4,0.17836892,2,4,0.14417489,3,4,0.3386994,-4755.823,13.224864,-1.7800617,-4740.8181
1,4,0.15580313,2,4,0.2045221,3,4,0.32409334,-4757.2635,13.688371,-3.6575988,-4739.9175
1,4,0.14994688,2,4,0.1694417,3,4,0.27577698,-4757.4007,11.903311,-3.0082142,-4742.4892
1,4,0.16373486,2,4,0.15762794,3,4,0.30960745,-4754.3627,12.619405,-0.30326216,-4741.44
1,4,0.15556449,2,4,0.1514333,3,4,0.32310736,-4755.1314,12.602103,-1.0160917,-4741.5132
1,4,0.15162401,2,4,0.16266856,3,4,0.33701743,-4755.1447,13.0262,-1.0800852,-4741.0384
1,4,0.16116144,2,4,0.17733421,3,4,0.33299691,-4754.7136,13.429851,-0.69663153,-4740.5871
1,4,0.17780027,2,4,0.15346428,3,4,0.33080987,-4754.8063,13.241488,-0.77540297,-4740.7894
1,4,0.15381529,2,4,0.16779143,3,4,0.32871598,-4754.5994,13.006454,-0.53925493,-4741.0537
1,4,0.1703002,2,4,0.17298543,3,4,0.27558032,-4756.5993,12.377319,-2.3290654,-4741.8929
1,4,0.16069818,2,4,0.17780881,3,4,0.28311821,-4756.0039,12.432504,-1.8176494,-4741.7537
1,4,0.19334753,2,4,0.18277271,3,4,0.33390073,-4757.3176,14.200419,-3.5816187,-4739.5356
1,4,0.17955985,2,4,0.17191656,3,4,0.33144451,-4754.9553,13.658418,-0.9462016,-4740.3507
1,4,0.1462614,2,4,0.18910661,3,4,0.32138434,-4755.8653,13.135047,-1.8564954,-4740.8738
1,4,0.17308895,2,4,0.16998415,3,4,0.3150355,-4754.2248,13.162172,-0.17874508,-4740.8838
1,4,0.15678307,2,4,0.16415024,3,4,0.30945385,-4754.4239,12.607743,-0.36025016,-4741.4559
1,4,0.18171287,2,4,0.15510072,3,4,0.28926655,-4755.7678,12.521603,-1.6261903,-4741.62
1,4,0.18682592,2,4,0.17328496,3,4,0.3208133,-4755.3299,13.618484,-1.3741332,-4740.3373
1,4,0.15685976,2,4,0.14019932,3,4,0.34862226,-4757.4183,12.913627,-3.2148362,-4741.2898
1,4,0.15734096,2,4,0.16451002,3,4,0.30738089,-4754.4399,12.584637,-0.37610971,-4741.4791
1,4,0.1492425,2,4,0.15468643,3,4,0.31822006,-4755.423,12.44298,-1.2766811,-4741.7033
1,4,0.2033669,2,4,0.14898016,3,4,0.30105536,-4757.4046,13.068048,-3.5630952,-4740.7735
1,4,0.19314726,2,4,0.16675802,3,4,0.31249963,-4755.6637,13.448098,-1.7670976,-4740.4485
1,4,0.1817137,2,4,0.15044549,3,4,0.33928193,-4755.5132,13.428822,-1.5352681,-4740.5491
1,4,0.18272622,2,4,0.14723087,3,4,0.32087651,-4755.2252,13.016672,-1.1643895,-4741.0441
1,4,0.16577637,2,4,0.16511833,3,4,0.29829563,-4754.5372,12.583807,-0.46519909,-4741.4882
1,4,0.14441934,2,4,0.16070247,3,4,0.31865273,-4755.5911,12.475491,-1.4125277,-4741.703
1,4,0.16862419,2,4,0.13397505,3,4,0.26981779,-4760.6468,11.448341,-5.7007342,-4743.4977
1,4,0.15426857,2,4,0.14897292,3,4,0.34880754,-4756.5209,13.040981,-2.4404201,-4741.0395
1,4,0.14897641,2,4,0.17161295,3,4,0.3073791,-4754.9966,12.559369,-0.88460887,-4741.5526
1,4,0.14628571,2,4,0.15679014,3,4,0.30756707,-4755.8028,12.212858,-1.6243579,-4741.9656
1,4,0.1885725,2,4,0.18445799,3,4,0.31349728,-4756.3533,13.730556,-2.5256245,-4740.0972
1,4,0.1562353,2,4,0.17844155,3,4,0.31428351,-4754.5692,12.979207,-0.52186271,-4741.0681
1,4,0.16069988,2,4,0.13857543,3,4,0.33676253,-4756.743,12.720757,-2.4825924,-4741.5396
1,4,0.16328197,2,4,0.14967935,3,4,0.34082459,-4755.4366,13.075718,-1.3778798,-4740.983
1,4,0.13468284,2,4,0.16013119,3,4,0.33013622,-4757.3422,12.499005,-2.9294998,-4741.9137
1,4,0.16022944,2,4,0.15398803,3,4,0.30921777,-4754.7271,12.468705,-0.64818402,-4741.6102
1,4,0.17314797,2,4,0.15724913,3,4,0.34222538,-4755.0468,13.45245,-1.0523777,-4740.542
1,4,0.17567119,2,4,0.16073411,3,4,0.33998671,-4754.934,13.52784,-0.93536542,-4740.4708
1,4,0.15582909,2,4,0.15415156,3,4,0.34549281,-4755.7343,13.109469,-1.6931583,-4740.9317
1,4,0.15241446,2,4,0.1544949,3,4,0.2829897,-4757.0005,11.797981,-2.7284992,-4742.474
1,4,0.14503261,2,4,0.17921049,3,4,0.33555914,-4755.7318,13.196045,-1.6831602,-4740.8526
1,4,0.16518549,2,4,0.15630171,3,4,0.30556816,-4754.5101,12.541107,-0.4431593,-4741.5258
1,4,0.19222569,2,4,0.1685134,3,4,0.30879536,-4755.6588,13.390689,-1.7506511,-4740.5175
1,4,0.16254449,2,4,0.16709011,3,4,0.32411378,-4754.1527,13.074968,-0.10309657,-4740.9747
1,4,0.16729914,2,4,0.18461921,3,4,0.31351688,-4754.8947,13.308705,-0.90148265,-4740.6845
1,4,0.17426204,2,4,0.16116489,3,4,0.30243746,-4754.48,12.757288,-0.41822349,-4741.3045
1,4,0.16524478,2,4,0.17783592,3,4,0.28665682,-4755.6042,12.59475,-1.4738989,-4741.5356
1,4,0.16029056,2,4,0.17192967,3,4,0.30711412,-4754.3328,12.786687,-0.27570718,-4741.2704
1,4,0.18623228,2,4,0.14346517,3,4,0.33271803,-4756.0121,13.24831,-1.9965063,-4740.7673
1,4,0.18254016,2,4,0.16905147,3,4,0.31205564,-4754.7334,13.272946,-0.72147963,-4740.739
1,4,0.18038572,2,4,0.15688489,3,4,0.28683876,-4755.8253,12.482187,-1.6684319,-4741.6747
1,4,0.18192415,2,4,0.17349311,3,4,0.30996843,-4754.8926,13.307714,-0.88972313,-4740.6951
1,4,0.16086082,2,4,0.15245086,3,4,0.33960612,-4755.2438,13.058356,-1.1889476,-4740.9965
1,4,0.16282431,2,4,0.19084584,3,4,0.32130347,-4755.459,13.499472,-1.5398087,-4740.4197
1,4,0.18582703,2,4,0.1691441,3,4,0.3143964,-4754.9934,13.387351,-1.0095276,-4740.5965
1,4,0.16818794,2,4,0.1583589,3,4,0.29477569,-4754.8988,12.426451,-0.80272632,-4741.6696
1,4,0.16770847,2,4,0.1796702,3,4,0.31124884,-4754.5518,13.17255,-0.5242265,-4740.855
1,4,0.15807599,2,4,0.18819956,3,4,0.30959763,-4755.2438,13.117464,-1.257538,-4740.8688
1,4,0.17375512,2,4,0.16760953,3,4,0.320697,-4754.2224,13.241233,-0.17615672,-4740.805
1,4,0.14386923,2,4,0.17215104,3,4,0.28808779,-4756.7292,12.082161,-2.4248643,-4742.2222
1,4,0.15354854,2,4,0.13566,3,4,0.31413996,-4757.6502,12.06697,-3.1883046,-4742.3949
1,4,0.14707656,2,4,0.17692127,3,4,0.30982425,-4755.2014,12.676441,-1.0833134,-4741.4416
1,4,0.17913311,2,4,0.15335211,3,4,0.31637123,-4754.6396,12.977129,-0.58762016,-4741.0749
1,4,0.16270134,2,4,0.15789729,3,4,0.33951014,-4754.8649,13.202175,-0.83697657,-4740.8258
1,4,0.17732428,2,4,0.17005255,3,4,0.30313588,-4754.6226,13.010254,-0.58030898,-4741.032
1,4,0.18142895,2,4,0.14942421,3,4,0.34416437,-4755.8407,13.500351,-1.8926213,-4740.4477
1,4,0.16066466,2,4,0.17228757,3,4,0.31153128,-4754.2388,12.88967,-0.18641451,-4741.1627
1,4,0.17931406,2,4,0.16116346,3,4,0.34309329,-4755.2993,13.671416,-1.3360902,-4740.2917
1,4,0.18747892,2,4,0.181426,3,4,0.33750053,-4756.6596,14.128109,-2.8104569,-4739.7211
1,4,0.17410431,2,4,0.18069209,3,4,0.29756211,-4755.2338,13.04717,-1.2114443,-4740.9752
1,4,0.1941241,2,4,0.13999064,3,4,0.36700325,-4759.4259,14.02236,-6.0234408,-4739.3801
1,4,0.1658089,2,4,0.17034911,3,4,0.29661915,-4754.649,12.655543,-0.57217374,-4741.4213
1,4,0.19872646,2,4,0.15451432,3,4,0.33918034,-4756.9137,13.848422,-3.2072538,-4739.858
1,4,0.16236647,2,4,0.15214822,3,4,0.3022644,-4755.0183,12.335582,-0.92069479,-4741.762
1,4,0.14552618,2,4,0.16884747,3,4,0.33645917,-4755.563,13.016657,-1.4668417,-4741.0795
1,4,0.18989305,2,4,0.14970321,3,4,0.32606535,-4755.6314,13.313232,-1.6690064,-4740.6491
1,4,0.17319649,2,4,0.18366437,3,4,0.33063553,-4755.3426,13.749928,-1.3718196,-4740.2208
1,4,0.16564658,2,4,0.146577,3,4,0.34101834,-4755.6662,13.064838,-1.5916753,-4741.0097
1,4,0.17479206,2,4,0.15664521,3,4,0.30381655,-4754.579,12.705076,-0.51078895,-4741.3632
1,4,0.16209473,2,4,0.16141129,3,4,0.33164306,-4754.421,13.102982,-0.37579201,-4740.9422
1,4,0.15656385,2,4,0.16009474,3,4,0.32766059,-4754.5748,12.886384,-0.51029526,-4741.1782
1,4,0.16875825,2,4,0.15733932,3,4,0.32885212,-4754.3854,13.098994,-0.3370843,-4740.9494
1,4,0.1803344,2,4,0.15652596,3,4,0.31311398,-4754.5839,12.999487,-0.54170248,-4741.0427
1,4,0.1864249,2,4,0.18688622,3,4,0.31076838,-4756.3849,13.68159,-2.5613072,-4740.142
1,4,0.15233573,2,4,0.16490309,3,4,0.28677919,-4756.0253,12.08036,-1.8286387,-4742.1163
1,4,0.15981532,2,4,0.16937395,3,4,0.34747177,-4755.2866,13.533221,-1.3218453,-4740.4316
1,4,0.15299565,2,4,0.18573497,3,4,0.31858291,-4755.1504,13.146271,-1.1413251,-4740.8628
1,4,0.17395854,2,4,0.17975697,3,4,0.28086832,-4756.4072,12.691676,-2.2618323,-4741.4537
1,4,0.16961749,2,4,0.16756904,3,4,0.30681473,-4754.2111,12.880025,-0.15809769,-4741.1729
1,4,0.19533282,2,4,0.15166023,3,4,0.31655124,-4755.9617,13.270886,-2.0550117,-4740.6358
1,4,0.18193421,2,4,0.16450704,3,4,0.30920084,-4754.6361,13.112842,-0.61058093,-4740.9127
1,4,0.17069637,2,4,0.18718964,3,4,0.33816309,-4755.9184,13.920982,-2.0111518,-4739.9863
1,4,0.17638732,2,4,0.1693559,3,4,0.29626428,-4754.8644,12.84015,-0.80017187,-4741.2241
1,4,0.16826364,2,4,0.15149896,3,4,0.29672821,-4755.2019,12.329816,-1.081613,-4741.7905
1,4,0.15354709,2,4,0.15599235,3,4,0.34899317,-4756.01,13.170652,-1.9890032,-4740.8504
1,4,0.14560284,2,4,0.20031055,3,4,0.31205612,-4757.1015,13.15939,-3.2333529,-4740.7088
1,4,0.19814845,2,4,0.16073338,3,4,0.31043661,-4756.1738,13.386369,-2.3448164,-4740.4427
1,4,0.15559421,2,4,0.16639518,3,4,0.31754505,-4754.3574,12.790689,-0.29440461,-4741.2723
1,4,0.20017477,2,4,0.1590917,3,4,0.31316515,-4756.4058,13.448632,-2.6231228,-4740.3341
1,4,0.1795927,2,4,0.16049371,3,4,0.33023147,-4754.6813,13.406357,-0.66307888,-4740.6119
1,4,0.15110041,2,4,0.18008562,3,4,0.27725829,-4757.2849,12.168886,-2.9304119,-4742.1856
1,4,0.16226051,2,4,0.1518299,3,4,0.32844852,-4754.8079,12.850779,-0.72845198,-4741.2287
1,4,0.13142552,2,4,0.19177734,3,4,0.34567809,-4758.6923,13.377619,-4.6960842,-4740.6186
1,4,0.18208045,2,4,0.18344211,3,4,0.31741704,-4755.6233,13.658792,-1.6945895,-4740.2699
1,4,0.1262448,2,4,0.16086086,3,4,0.33172407,-4759.2386,12.376595,-4.4591506,-4742.4028
1,4,0.15221319,2,4,0.16886852,3,4,0.32014158,-4754.5667,12.824466,-0.49207003,-4741.2502
1,4,0.1569389,2,4,0.17563933,3,4,0.3305712,-4754.6406,13.262989,-0.60872702,-4740.7688
1,4,0.19652539,2,4,0.16396431,3,4,0.28903866,-4756.9194,12.990567,-2.9801047,-4740.9487
1,4,0.18371727,2,4,0.14469905,3,4,0.31894898,-4755.4914,12.947306,-1.4080099,-4741.1361
1,4,0.1619199,2,4,0.15152537,3,4,0.30765205,-4754.8871,12.421946,-0.79476212,-4741.6704
1,4,0.15126722,2,4,0.15521648,3,4,0.30309424,-4755.525,12.191559,-1.3920619,-4741.9414
1,4,0.16389484,2,4,0.19312262,3,4,0.30083665,-4755.9636,13.157082,-2.0423499,-4740.7642
1,4,0.13847782,2,4,0.16375382,3,4,0.31587803,-4756.3441,12.362193,-2.0511017,-4741.9308
1,4,0.15638241,2,4,0.17317549,3,4,0.32667127,-4754.4732,13.124583,-0.42637554,-4740.9223
1,4,0.18014361,2,4,0.19011505,3,4,0.31577057,-4756.1573,13.720585,-2.3079597,-4740.1288
1,4,0.15300826,2,4,0.15947639,3,4,0.30268728,-4755.0958,12.303439,-0.99506389,-4741.7972
1,4,0.17960674,2,4,0.18040857,3,4,0.29274778,-4755.7869,13.055262,-1.7788578,-4740.9528
1,4,0.16414771,2,4,0.16844972,3,4,0.30740475,-4754.1977,12.800043,-0.1438683,-4741.2538
1,4,0.16586151,2,4,0.16497447,3,4,0.31669506,-4754.0545,12.950621,-0.0039650844,-4741.0999
1,4,0.16344172,2,4,0.1752875,3,4,0.27561227,-4756.685,12.28683,-2.3948368,-4742.0034
1,4,0.12957613,2,4,0.17153401,3,4,0.30289112,-4758.2354,12.080025,-3.6016412,-4742.5538
1,4,0.19493963,2,4,0.15428174,3,4,0.31250868,-4755.8472,13.234601,-1.9338874,-4740.6788
1,4,0.15905391,2,4,0.16236059,3,4,0.30036382,-4754.6803,12.435566,-0.60594616,-4741.6388
1,4,0.147119,2,4,0.19487122,3,4,0.32937106,-4756.4882,13.427226,-2.6184158,-4740.4425
1,4,0.15766412,2,4,0.17991169,3,4,0.3368432,-4755.0834,13.48838,-1.0948365,-4740.5002
1,4,0.16638456,2,4,0.16941539,3,4,0.31510482,-4754.0853,13.018095,-0.035090517,-4741.0321
1,4,0.16721582,2,4,0.16518297,3,4,0.33743325,-4754.58,13.396641,-0.55531834,-4740.628
1,4,0.17095127,2,4,0.16300539,3,4,0.31101916,-4754.1451,12.899516,-0.093770288,-4741.1518
1,4,0.15973658,2,4,0.15182363,3,4,0.28532643,-4756.4031,11.937733,-2.1848124,-4742.2806
1,4,0.17291442,2,4,0.16080226,3,4,0.30015299,-4754.5532,12.677393,-0.48409946,-4741.3917
1,4,0.16226317,2,4,0.15965135,3,4,0.31722577,-4754.2267,12.782806,-0.17174797,-4741.2722
1,4,0.18295411,2,4,0.1596556,3,4,0.34350838,-4755.5655,13.722362,-1.6327852,-4740.2103
1,4,0.18214158,2,4,0.15255149,3,4,0.31104175,-4754.8817,12.914697,-0.82924703,-4741.1378
1,4,0.19787683,2,4,0.1673743,3,4,0.25945769,-4760.7984,12.494176,-6.3492194,-4741.955
1,4,0.15377395,2,4,0.17570382,3,4,0.29373308,-4755.3599,12.464217,-1.230537,-4741.6652
1,4,0.16266434,2,4,0.14857184,3,4,0.32889745,-4755.0883,12.802672,-0.98546543,-4741.3002
1,4,0.19708414,2,4,0.18849408,3,4,0.31673854,-4757.9502,14.046335,-4.3942741,-4739.5096
1,4,0.1619066,2,4,0.15833737,3,4,0.31785106,-4754.2909,12.761901,-0.23316581,-4741.2958
1,4,0.17519514,2,4,0.15047831,3,4,0.30554674,-4754.8908,12.624404,-0.79602923,-4741.4703
1,4,0.15628343,2,4,0.18459903,3,4,0.29773159,-4755.4318,12.772281,-1.3671232,-4741.2924
1,4,0.19829175,2,4,0.15134216,3,4,0.32595752,-4756.4176,13.511829,-2.6073835,-4740.2984
1,4,0.19060482,2,4,0.17398789,3,4,0.32166431,-4755.7869,13.72514,-1.888626,-4740.1731
1,4,0.15416937,2,4,0.16378142,3,4,0.30545532,-4754.7179,12.468122,-0.6375235,-4741.6123
1,4,0.170892,2,4,0.19094768,3,4,0.34330219,-4756.6654,14.102837,-2.8537376,-4739.7088
1,4,0.16805216,2,4,0.14754069,3,4,0.30092475,-4755.3413,12.330352,-1.2017516,-4741.8092
1,4,0.15975171,2,4,0.16124865,3,4,0.2771986,-4756.6747,11.963979,-2.3866463,-4742.3241
1,4,0.18343445,2,4,0.13265104,3,4,0.3310163,-4757.2348,12.942036,-2.9864677,-4741.3063
1,4,0.19497283,2,4,0.12646698,3,4,0.2735628,-4762.2915,11.900052,-7.0943034,-4743.2972
1,4,0.16791488,2,4,0.14865702,3,4,0.33924255,-4755.3359,13.116289,-1.2803966,-4740.9392
1,4,0.16660561,2,4,0.1600753,3,4,0.34899402,-4755.3494,13.513498,-1.3907538,-4740.4451
1,4,0.19106578,2,4,0.18840904,3,4,0.33306195,-4757.6279,14.250735,-3.9337037,-4739.4434
1,4,0.1827962,2,4,0.18092997,3,4,0.32509186,-4755.6032,13.776361,-1.657825,-4740.169
1,4,0.15987103,2,4,0.18177488,3,4,0.27489621,-4757.1626,12.330843,-2.8541481,-4741.9776
1,4,0.1858882,2,4,0.15086646,3,4,0.29146266,-4756.0922,12.564346,-1.9510457,-4741.5768
1,4,0.1328381,2,4,0.1678699,3,4,0.3226275,-4757.185,12.46671,-2.7561892,-4741.9621
1,4,0.16879552,2,4,0.16470458,3,4,0.33966094,-4754.7131,13.463221,-0.69861578,-4740.5513
1,4,0.18744439,2,4,0.14775345,3,4,0.30605031,-4755.6546,12.824963,-1.583368,-4741.2463
1,4,0.18289976,2,4,0.17225444,3,4,0.29421646,-4755.4623,12.987413,-1.4327534,-4741.0421
1,4,0.16925891,2,4,0.17271896,3,4,0.32920847,-4754.4255,13.423727,-0.38623374,-4740.6156
1,4,0.17228135,2,4,0.14547386,3,4,0.31878346,-4755.0894,12.730773,-0.96870326,-4741.3899
1,4,0.15256129,2,4,0.16203147,3,4,0.31677975,-4754.6721,12.62745,-0.58880629,-4741.4559
1,4,0.15628582,2,4,0.18497018,3,4,0.29429472,-4755.6605,12.711014,-1.5777992,-4741.3717
1,4,0.16529244,2,4,0.18804342,3,4,0.32962385,-4755.4198,13.659194,-1.482757,-4740.2779
1,4,0.17916056,2,4,0.19148325,3,4,0.31609693,-4756.2429,13.734815,-2.4095778,-4740.0985
1,4,0.16224897,2,4,0.1717932,3,4,0.30999883,-4754.2198,12.88082,-0.16761556,-4741.1713
1,4,0.16518049,2,4,0.16397224,3,4,0.32224102,-4754.1,13.027875,-0.049746109,-4741.0224
1,4,0.16603926,2,4,0.14235429,3,4,0.31457201,-4755.5913,12.459311,-1.404759,-4741.7272
1,4,0.1576746,2,4,0.16436062,3,4,0.32366554,-4754.319,12.914015,-0.26217469,-4741.1428
1,4,0.17203988,2,4,0.16994998,3,4,0.28654705,-4755.4143,12.570738,-1.2819426,-4741.5616
1,4,0.15827547,2,4,0.15427493,3,4,0.35652019,-4756.4167,13.381412,-2.4886741,-4740.5467
1,4,0.1742774,2,4,0.14550916,3,4,0.3379604,-4755.566,13.154939,-1.5063068,-4740.9047
1,4,0.17184142,2,4,0.15406541,3,4,0.29301471,-4755.2479,12.378431,-1.1216212,-4741.7478
1,4,0.15798927,2,4,0.1736118,3,4,0.34036571,-4754.9773,13.439336,-0.97641351,-4740.5615
1,4,0.17757027,2,4,0.17345099,3,4,0.29238411,-4755.2849,12.868107,-1.2200492,-4741.1968
1,4,0.15196206,2,4,0.18454184,3,4,0.33548074,-4755.5228,13.439693,-1.5579089,-4740.5252
1,4,0.16888766,2,4,0.19283383,3,4,0.30091778,-4756.0335,13.252785,-2.1352401,-4740.6455
1,4,0.17565018,2,4,0.15588392,3,4,0.31285468,-4754.4171,12.887776,-0.361099,-4741.1682
1,4,0.15945201,2,4,0.18638032,3,4,0.30831722,-4755.0856,13.082991,-1.0836452,-4740.9189
1,4,0.18408765,2,4,0.16157122,3,4,0.34402493,-4755.6868,13.793676,-1.767211,-4740.1259
1,4,0.18918282,2,4,0.149089,3,4,0.33109898,-4755.7473,13.387416,-1.7955143,-4740.5643
1,4,0.19379741,2,4,0.16739917,3,4,0.30994119,-4755.783,13.422756,-1.8975349,-4740.4627
1,4,0.16808965,2,4,0.18095512,3,4,0.31716645,-4754.6255,13.324224,-0.60760096,-4740.6937
1,4,0.14534152,2,4,0.16633868,3,4,0.30459014,-4755.5414,12.325407,-1.3730923,-4741.8429
1,4,0.2024764,2,4,0.15474194,3,4,0.32209499,-4756.7929,13.586267,-3.0832517,-4740.1234
1,4,0.1607409,2,4,0.13561105,3,4,0.33278933,-4757.1119,12.582826,-2.7584323,-4741.7706
1,4,0.16617209,2,4,0.17252605,3,4,0.29127832,-4755.0376,12.599529,-0.93518154,-4741.5029
1,4,0.17941338,2,4,0.16391577,3,4,0.31218863,-4754.436,13.110355,-0.40026728,-4740.9253
1,4,0.14704275,2,4,0.17758546,3,4,0.35025437,-4756.3506,13.497652,-2.4213353,-4740.4316
1,4,0.19746409,2,4,0.14569803,3,4,0.3289876,-4756.6947,13.442995,-2.8528884,-4740.3988
1,4,0.15235405,2,4,0.18589271,3,4,0.33805821,-4755.7263,13.526099,-1.7923367,-4740.4079
1,4,0.13149088,2,4,0.1692898,3,4,0.30862461,-4757.6246,12.188106,-3.1010008,-4742.3355
1,4,0.16021662,2,4,0.16072224,3,4,0.26567835,-4758.3542,11.732344,-3.79414,-4742.8277
1,4,0.17268508,2,4,0.19877853,3,4,0.31420683,-4756.7469,13.713409,-3.0275324,-4740.006
1,4,0.13279011,2,4,0.15565788,3,4,0.30705456,-4758.3105,11.910051,-3.730119,-4742.6703
1,4,0.15462389,2,4,0.16731855,3,4,0.30902964,-4754.5156,12.619442,-0.44409686,-4741.4521
1,4,0.14988331,2,4,0.14037862,3,4,0.30597704,-4757.4502,11.92478,-3.0724283,-4742.453
1,4,0.16635636,2,4,0.17124988,3,4,0.31175528,-4754.1516,12.98723,-0.10182596,-4741.0625
1,4,0.17473897,2,4,0.12241498,3,4,0.33114041,-4759.3626,12.565887,-4.5834131,-4742.2133
1,4,0.16355161,2,4,0.15278241,3,4,0.33321521,-4754.8415,12.990985,-0.77838229,-4741.0722
1,4,0.1697638,2,4,0.17263721,3,4,0.32891838,-4754.4254,13.426388,-0.38572698,-4740.6132
1,4,0.17318351,2,4,0.17583826,3,4,0.28976814,-4755.3827,12.775798,-1.2946653,-4741.3123
1,4,0.14937767,2,4,0.1907098,3,4,0.34374347,-4756.5993,13.676619,-2.7745594,-4740.1481
1,4,0.16835669,2,4,0.17578036,3,4,0.31873082,-4754.3274,13.257357,-0.28711341,-4740.7829
1,4,0.17840493,2,4,0.18253985,3,4,0.34052499,-4756.0906,14.029395,-2.1724631,-4739.8887
1,4,0.16232568,2,4,0.17293352,3,4,0.29737365,-4754.7039,12.652657,-0.62659826,-4741.4246
1,4,0.18842867,2,4,0.17691833,3,4,0.34124621,-4756.5989,14.131864,-2.7451613,-4739.7219
1,4,0.19407027,2,4,0.16785425,3,4,0.3035245,-4755.9659,13.30898,-2.0773322,-4740.5796
1,4,0.14697893,2,4,0.17035244,3,4,0.31043467,-4755.1116,12.555321,-0.98379156,-4741.5725
1,4,0.16314255,2,4,0.14558668,3,4,0.30372939,-4755.5936,12.249172,-1.4315167,-4741.9129
1,4,0.17319623,2,4,0.16015232,3,4,0.3346958,-4754.5898,13.360887,-0.5625405,-4740.6663
1,4,0.13347262,2,4,0.14363749,3,4,0.32960198,-4759.6467,12.134242,-4.8522085,-4742.6602
1,4,0.169529,2,4,0.16256044,3,4,0.34980067,-4755.4008,13.637802,-1.4559862,-4740.307
1,4,0.18308099,2,4,0.16399351,3,4,0.30629411,-4754.7742,13.067372,-0.75092101,-4740.9559
1,4,0.16404984,2,4,0.17300074,3,4,0.32890026,-4754.367,13.319017,-0.327399,-4740.7206
1,4,0.17819237,2,4,0.17382165,3,4,0.30210802,-4754.8477,13.082441,-0.81812503,-4740.9472
1,4,0.15506846,2,4,0.14633364,3,4,0.32354686,-4755.7256,12.498979,-1.5470779,-4741.6796
1,4,0.14129288,2,4,0.17470154,3,4,0.31527847,-4755.7275,12.625458,-1.5347186,-4741.5673
1,4,0.1771328,2,4,0.15369841,3,4,0.35850593,-4756.5583,13.786743,-2.7492799,-4740.0222
1,4,0.19006076,2,4,0.16912811,3,4,0.30135549,-4755.6414,13.210887,-1.6926934,-4740.7378
1,4,0.18160875,2,4,0.15500816,3,4,0.32670109,-4754.8097,13.26636,-0.79029821,-4740.753
1,4,0.16794486,2,4,0.15749812,3,4,0.29735666,-4754.782,12.455993,-0.69578522,-4741.6302
1,4,0.15651455,2,4,0.1705465,3,4,0.32390506,-4754.3632,13.019322,-0.30930562,-4741.0346
1,4,0.14720734,2,4,0.16502971,3,4,0.29426506,-4755.9311,12.130042,-1.7402312,-4742.0608
1,4,0.1482169,2,4,0.17517752,3,4,0.31849696,-4754.9509,12.837828,-0.857747,-4741.2553
1,4,0.17382663,2,4,0.17677239,3,4,0.32952258,-4754.8077,13.602432,-0.78756857,-4740.4177
1,4,0.15997037,2,4,0.17505518,3,4,0.2912679,-4755.2171,12.525869,-1.1017356,-4741.5895
1,4,0.16402332,2,4,0.17512261,3,4,0.29608703,-4754.8202,12.704659,-0.74298103,-4741.3726
1,4,0.18011375,2,4,0.16700068,3,4,0.32825039,-4754.7016,13.507296,-0.68255587,-4740.5117
1,4,0.13458159,2,4,0.1826204,3,4,0.28959464,-4758.2406,12.135933,-3.7053554,-4742.3993
1,4,0.16275713,2,4,0.16714724,3,4,0.32774508,-4754.2304,13.152989,-0.18368863,-4740.8938
1,4,0.1647461,2,4,0.17118279,3,4,0.33181571,-4754.4117,13.354892,-0.37463546,-4740.6822
1,4,0.16169768,2,4,0.1545178,3,4,0.34011205,-4755.0983,13.126551,-1.05932,-4740.9125
1,4,0.16061032,2,4,0.18350583,3,4,0.33020649,-4755.0045,13.486453,-1.0181249,-4740.4999
1,4,0.15571739,2,4,0.15215852,3,4,0.31892512,-4755.0342,12.536021,-0.92619185,-4741.572
1,4,0.15981898,2,4,0.16464247,3,4,0.29607382,-4754.8263,12.410705,-0.73833251,-4741.6773
1,4,0.15714309,2,4,0.17427609,3,4,0.34995801,-4755.661,13.627544,-1.7343884,-4740.2991
1,4,0.16172312,2,4,0.1735229,3,4,0.32397352,-4754.2799,13.184391,-0.23546919,-4740.86
1,4,0.15254535,2,4,0.15122677,3,4,0.32035437,-4755.3941,12.48253,-1.2528967,-4741.6587
1,4,0.1621895,2,4,0.15327325,3,4,0.31820749,-4754.5763,12.673405,-0.50089843,-4741.402
1,4,0.18470998,2,4,0.15816569,3,4,0.31427437,-4754.8056,13.143001,-0.79173266,-4740.8709
1,4,0.14888626,2,4,0.17231176,3,4,0.32875387,-4754.9793,12.999038,-0.90241015,-4741.0779
1,4,0.17836293,2,4,0.17423686,3,4,0.31983256,-4754.6824,13.448647,-0.66122316,-4740.5726
1,4,0.1587825,2,4,0.17369203,3,4,0.32438281,-4754.3552,13.137147,-0.30976964,-4740.9082
1,4,0.17514074,2,4,0.17525652,3,4,0.31728285,-4754.5304,13.353602,-0.49995723,-4740.6768
1,4,0.17005235,2,4,0.16682461,3,4,0.32196343,-4754.1245,13.176808,-0.074926249,-4740.8728
1,4,0.20448665,2,4,0.15231163,3,4,0.30774974,-4757.1839,13.29096,-3.4494283,-4740.4435
1,4,0.1711665,2,4,0.14343279,3,4,0.31847992,-4755.3219,12.661584,-1.1718868,-4741.4884
1,4,0.1749695,2,4,0.13464283,3,4,0.34353937,-4757.2618,13.063034,-3.0720035,-4741.1268
1,4,0.16623705,2,4,0.17426853,3,4,0.32840754,-4754.4107,13.378262,-0.37280217,-4740.6596
1,4,0.1716034,2,4,0.1656789,3,4,0.2902591,-4755.0709,12.550828,-0.96057421,-4741.5595
1,4,0.15370791,2,4,0.20013742,3,4,0.29199545,-4757.4546,12.916816,-3.528867,-4741.0089
1,4,0.15007466,2,4,0.16731402,3,4,0.35393424,-4756.2575,13.426458,-2.320135,-4740.5109
1,4,0.1674372,2,4,0.16632292,3,4,0.31729396,-4754.0537,13.021082,-0.0031598609,-4741.0295
1,4,0.17746305,2,4,0.15770088,3,4,0.30100014,-4754.7386,12.723281,-0.66881938,-4741.3465
1,4,0.16179427,2,4,0.16589542,3,4,0.31795323,-4754.1095,12.912858,-0.057948479,-4741.1387
1,4,0.17810842,2,4,0.14662886,3,4,0.2858501,-4756.5706,12.211748,-2.2995244,-4742.0593
1,4,0.17386104,2,4,0.14591583,3,4,0.31310875,-4755.0943,12.657712,-0.97244795,-4741.4641
1,4,0.15987507,2,4,0.155532,3,4,0.3156275,-4754.534,12.620691,-0.46376394,-4741.4495
1,4,0.17780506,2,4,0.15139393,3,4,0.33341209,-4755.0098,13.252222,-0.9815892,-4740.776
1,4,0.16679591,2,4,0.16740266,3,4,0.30964796,-4754.1247,12.876931,-0.073031491,-4741.1747
1,4,0.17100313,2,4,0.15019312,3,4,0.30247944,-4754.9901,12.473514,-0.88260836,-4741.634
1,4,0.14767136,2,4,0.15989964,3,4,0.30734355,-4755.4305,12.298291,-1.2869737,-4741.8453
1,4,0.13682961,2,4,0.16838864,3,4,0.2997974,-4757.0074,12.100313,-2.62681,-4742.2803
1,4,0.18124025,2,4,0.15612266,3,4,0.33332791,-4754.9702,13.413817,-0.9693244,-4740.5871
1,4,0.15425968,2,4,0.16159973,3,4,0.28678268,-4755.9815,12.052842,-1.7980596,-4742.1306
1,4,0.1613269,2,4,0.15440103,3,4,0.29413139,-4755.3554,12.197186,-1.2359331,-4741.9223
1,4,0.16737669,2,4,0.16993142,3,4,0.349152,-4755.4002,13.729202,-1.4527662,-4740.2182
1,4,0.13894333,2,4,0.18170331,3,4,0.29910879,-4756.7851,12.395109,-2.4848681,-4741.9051
1,4,0.16001452,2,4,0.14868788,3,4,0.33966293,-4755.6093,12.967306,-1.5208622,-4741.1212
1,4,0.17464464,2,4,0.17471348,3,4,0.304441,-4754.632,13.075982,-0.59500553,-4740.961
1,4,0.19470397,2,4,0.15030423,3,4,0.30426802,-4756.1788,12.985524,-2.2017701,-4740.9915
1,4,0.17156496,2,4,0.14711124,3,4,0.32290135,-4754.947,12.831551,-0.84742795,-4741.2681
1,4,0.16038165,2,4,0.16784307,3,4,0.31706308,-4754.1451,12.905756,-0.092650939,-4741.1467
1,4,0.16910026,2,4,0.18997003,3,4,0.38379308,-4760.825,14.857267,-7.8508548,-4738.1169
1,4,0.18411674,2,4,0.16590236,3,4,0.2888069,-4755.7535,12.77652,-1.6726523,-4741.3044
1,4,0.15504299,2,4,0.18231079,3,4,0.31378033,-4754.8348,13.022682,-0.79982074,-4741.0123
1,4,0.18358651,2,4,0.16497525,3,4,0.32442166,-4754.8035,13.459669,-0.80030417,-4740.5436
1,4,0.18521766,2,4,0.15265124,3,4,0.30299998,-4755.2879,12.817378,-1.2286302,-4741.2419
1,4,0.17385807,2,4,0.1682824,3,4,0.28456462,-4755.6138,12.534102,-1.4624844,-4741.6172
1,4,0.14812619,2,4,0.19115614,3,4,0.32729582,-4756.0006,13.331563,-2.0608854,-4740.6081
1,4,0.13811407,2,4,0.17898105,3,4,0.29394754,-4757.1662,12.220853,-2.7900061,-4742.1554
1,4,0.16269275,2,4,0.15913262,3,4,0.32000378,-4754.2395,12.836583,-0.1841035,-4741.2188
1,4,0.17371936,2,4,0.15147894,3,4,0.30199724,-4754.9289,12.543911,-0.82982993,-4741.5552
1,4,0.18685888,2,4,0.17320302,3,4,0.33888982,-4756.0205,13.979034,-2.1102793,-4739.9312
1,4,0.17650289,2,4,0.1560642,3,4,0.30563085,-4754.592,12.763959,-0.52760418,-4741.3005
1,4,0.19891686,2,4,0.14693341,3,4,0.29352297,-4757.4126,12.787465,-3.381917,-4741.2432
1,4,0.14946173,2,4,0.18403403,3,4,0.321088,-4755.2528,13.091675,-1.2177091,-4740.9435
1,4,0.14581765,2,4,0.19195295,3,4,0.32304856,-4756.1651,13.216383,-2.198923,-4740.7498
1,4,0.16177225,2,4,0.1577303,3,4,0.29549506,-4755.0315,12.299952,-0.9346536,-4741.7969
1,4,0.15668605,2,4,0.15934311,3,4,0.31235711,-4754.538,12.567725,-0.46928891,-4741.501
1,4,0.15441448,2,4,0.14744764,3,4,0.32838108,-4755.7271,12.604864,-1.5598786,-4741.5623
1,4,0.17387763,2,4,0.17422509,3,4,0.33297966,-4754.8024,13.621648,-0.78070805,-4740.4
1,4,0.16123919,2,4,0.17901448,3,4,0.31898813,-4754.4681,13.184836,-0.435526,-4740.8477
1,4,0.15902606,2,4,0.15565475,3,4,0.32716357,-4754.6547,12.836887,-0.58403371,-4741.2338
1,4,0.16254054,2,4,0.16958034,3,4,0.28824141,-4755.2754,12.407246,-1.1419434,-4741.7262
1,4,0.19265469,2,4,0.16988607,3,4,0.30973915,-4755.7503,13.445598,-1.8569608,-4740.4477
1,4,0.17792462,2,4,0.15944828,3,4,0.32332208,-4754.4295,13.2139,-0.39267909,-4740.8229
1,4,0.16283235,2,4,0.16672246,3,4,0.33760798,-4754.6073,13.343256,-0.58277323,-4740.6813
1,4,0.14253368,2,4,0.1677718,3,4,0.29440432,-4756.4522,12.094196,-2.1816036,-4742.1764
1,4,0.19001859,2,4,0.16164936,3,4,0.36684013,-4758.2969,14.370162,-4.7978248,-4739.1289
1,4,0.15177039,2,4,0.17847474,3,4,0.32432307,-4754.8442,13.091364,-0.79603734,-4740.9568
1,4,0.16751926,2,4,0.19379548,3,4,0.31441233,-4755.8467,13.514541,-1.981297,-4740.3509
1,4,0.19766407,2,4,0.13054022,3,4,0.34168447,-4758.9109,13.397775,-4.9784761,-4740.5347
1,4,0.16835747,2,4,0.17213251,3,4,0.30483635,-4754.3418,12.906527,-0.28901785,-4741.1462
1,4,0.15612399,2,4,0.17175867,3,4,0.31956076,-4754.3525,12.948869,-0.29592494,-4741.1077
1,4,0.15213312,2,4,0.16555592,3,4,0.33808916,-4755.0871,13.115564,-1.038438,-4740.9331
1,4,0.15134042,2,4,0.15544185,3,4,0.32110685,-4755.1481,12.557783,-1.0292932,-4741.561
1,4,0.18303469,2,4,0.17257368,3,4,0.32868853,-4755.1497,13.685938,-1.1610844,-4740.3026
1,4,0.18897504,2,4,0.18774029,3,4,0.29812748,-4757.0465,13.496856,-3.2774838,-4740.2721
1,4,0.17068984,2,4,0.167225,3,4,0.32783604,-4754.2697,13.315017,-0.2245485,-4740.7301
1,4,0.15756358,2,4,0.16581516,3,4,0.3274028,-4754.3787,13.015631,-0.3254614,-4741.0376
1,4,0.16268463,2,4,0.16700908,3,4,0.32141036,-4754.1112,13.022082,-0.060682104,-4741.0285
1,4,0.17802225,2,4,0.16295482,3,4,0.29845881,-4754.7737,12.788718,-0.7093258,-4741.2756
1,4,0.1415793,2,4,0.16748926,3,4,0.30286508,-4756.0949,12.238673,-1.8530245,-4742.0032
1,4,0.18469339,2,4,0.14565319,3,4,0.33003882,-4755.6359,13.207708,-1.6097696,-4740.8184
1,4,0.17791856,2,4,0.17591533,3,4,0.31458996,-4754.7177,13.368477,-0.70103793,-4740.6482
1,4,0.1826409,2,4,0.18457476,3,4,0.32345389,-4755.8893,13.813391,-1.9814341,-4740.0945
1,4,0.16399507,2,4,0.17595779,3,4,0.31511428,-4754.2887,13.101343,-0.24582481,-4740.9415
1,4,0.17488104,2,4,0.14238674,3,4,0.31829848,-4755.4569,12.711325,-1.3014624,-4741.4441
1,4,0.1797694,2,4,0.1572127,3,4,0.33953939,-4755.1583,13.53043,-1.1772137,-4740.4506
1,4,0.15228256,2,4,0.16106848,3,4,0.31315987,-4754.7699,12.530218,-0.68149523,-4741.5582
1,4,0.16910977,2,4,0.17464203,3,4,0.3181908,-4754.2858,13.238852,-0.24297978,-4740.804
1,4,0.15241892,2,4,0.16032242,3,4,0.32750044,-4754.8486,12.804836,-0.76326903,-4741.2804
1,4,0.17926743,2,4,0.18839976,3,4,0.30423846,-4756.0001,13.438113,-2.1113325,-4740.4507
1,4,0.15988998,2,4,0.17162679,3,4,0.2926753,-4755.0374,12.483841,-0.93004593,-4741.6236
1,4,0.14279603,2,4,0.18463392,3,4,0.34627875,-4756.7876,13.474174,-2.8594328,-4740.454
1,4,0.18492433,2,4,0.16895995,3,4,0.37464851,-4758.9935,14.570656,-5.6078551,-4738.815
1,4,0.16019218,2,4,0.16489243,3,4,0.33602247,-4754.5913,13.222141,-0.55785684,-4740.8113
1,4,0.16468311,2,4,0.16235931,3,4,0.32695023,-4754.2146,13.079853,-0.16611138,-4740.9687
1,4,0.18045873,2,4,0.17112429,3,4,0.3035683,-4754.8269,13.103026,-0.80179375,-4740.922
1,4,0.17485996,2,4,0.14673822,3,4,0.29707067,-4755.619,12.373377,-1.4513828,-4741.7942
1,4,0.16592388,2,4,0.17576618,3,4,0.32988714,-4754.5236,13.431544,-0.49247492,-4740.5996
1,4,0.16686979,2,4,0.15907931,3,4,0.33278866,-4754.4582,13.174755,-0.41718602,-4740.8663
1,4,0.17288681,2,4,0.17022771,3,4,0.34868567,-4755.5333,13.836004,-1.5890935,-4740.1082
1,4,0.16556854,2,4,0.17754191,3,4,0.30837633,-4754.4485,13.029736,-0.40777068,-4741.011
1,4,0.16295667,2,4,0.18120988,3,4,0.31604079,-4754.5827,13.204147,-0.56025912,-4740.8183
1,4,0.18562164,2,4,0.17613344,3,4,0.30617868,-4755.4213,13.358675,-1.4651163,-4740.5975
1,4,0.16202955,2,4,0.16160196,3,4,0.33219594,-4754.4377,13.116549,-0.39359669,-4740.9275
1,4,0.14656886,2,4,0.13571175,3,4,0.31944381,-4758.5374,12.034488,-3.9393382,-4742.5635
1,4,0.1693852,2,4,0.14347663,3,4,0.2839364,-4757.111,11.935965,-2.7651868,-4742.4099
1,4,0.15268449,2,4,0.17000539,3,4,0.29495,-4755.2736,12.352798,-1.1448626,-4741.7759
1,4,0.16882627,2,4,0.18961253,3,4,0.31496456,-4755.4144,13.468067,-1.4842401,-4740.462
1,4,0.15427417,2,4,0.16844413,3,4,0.31710723,-4754.4246,12.79651,-0.35775323,-4741.2703
1,4,0.18457191,2,4,0.15353007,3,4,0.31014088,-4754.9966,12.964857,-0.95968889,-4741.0721
1,4,0.15004248,2,4,0.1727048,3,4,0.33435348,-4755.0766,13.142015,-1.0248251,-4740.9098
1,4,0.1777356,2,4,0.16965759,3,4,0.31814078,-4754.4342,13.31068,-0.39938883,-4740.7241
1,4,0.16925632,2,4,0.15729532,3,4,0.27719042,-4756.5857,12.074841,-2.295642,-4742.2152
1,4,0.16207591,2,4,0.1553861,3,4,0.31499928,-4754.4541,12.649226,-0.38788747,-4741.417
1,4,0.16174691,2,4,0.15229112,3,4,0.34057477,-4755.2703,13.092256,-1.2220541,-4740.956
1,4,0.17482823,2,4,0.15972828,3,4,0.32512396,-4754.3349,13.193609,-0.29193742,-4740.8493
1,4,0.1605843,2,4,0.18957297,3,4,0.30646237,-4755.4038,13.132393,-1.4345961,-4740.8368
1,4,0.13907561,2,4,0.17544052,3,4,0.32855711,-4756.118,12.861465,-1.9279607,-4741.3285
1,4,0.1792368,2,4,0.17024214,3,4,0.32023137,-4754.5641,13.394206,-0.5370491,-4740.6329
1,4,0.16803663,2,4,0.15668449,3,4,0.31082412,-4754.3146,12.710905,-0.25497301,-4741.3487
1,4,0.17947295,2,4,0.1678869,3,4,0.31109844,-4754.5045,13.169166,-0.47316022,-4740.8622
1,4,0.20074909,2,4,0.17757781,3,4,0.31095793,-4757.3146,13.785697,-3.6806594,-4739.8483
1,4,0.13825656,2,4,0.1610187,3,4,0.32377971,-4756.523,12.461099,-2.2173037,-4741.8446
1,4,0.18465019,2,4,0.14014734,3,4,0.3476435,-4757.03,13.44882,-3.087133,-4740.494
1,4,0.17363031,2,4,0.1526239,3,4,0.318719,-4754.5097,12.899464,-0.44488844,-4741.1653
1,4,0.17795237,2,4,0.14275735,3,4,0.31733105,-4755.4707,12.760815,-1.3289031,-4741.381
1,4,0.15135299,2,4,0.1574689,3,4,0.30246394,-4755.3794,12.225717,-1.2573978,-4741.8963
1,4,0.15609097,2,4,0.16452068,3,4,0.33801178,-4754.8551,13.172469,-0.81978095,-4740.8629
1,4,0.14692207,2,4,0.17613466,3,4,0.32630465,-4755.1697,12.987228,-1.084596,-4741.0979
1,4,0.14584339,2,4,0.17444654,3,4,0.3088795,-4755.2967,12.583389,-1.1565722,-4741.5567
1,4,0.14242798,2,4,0.13529864,3,4,0.31679812,-4759.3747,11.890495,-4.6379519,-4742.8462
1,4,0.16631929,2,4,0.16875229,3,4,0.29292751,-4754.8563,12.559982,-0.76135572,-4741.5349
1,4,0.16134985,2,4,0.16118682,3,4,0.31229759,-4754.2438,12.696685,-0.18926747,-4741.3579
1,4,0.17365507,2,4,0.16480622,3,4,0.27731068,-4756.3716,12.315439,-2.1154233,-4741.9407
1,4,0.15394351,2,4,0.15719298,3,4,0.31374005,-4754.83,12.497531,-0.74080435,-4741.5917
1,4,0.17136377,2,4,0.17350024,3,4,0.33091365,-4754.5803,13.515553,-0.5473778,-4740.5173
1,4,0.17492801,2,4,0.18702323,3,4,0.300752,-4755.6804,13.254065,-1.7320199,-4740.6943
1,4,0.15978282,2,4,0.15193226,3,4,0.32029165,-4754.7942,12.640135,-0.70399171,-4741.4501
1,4,0.17587521,2,4,0.18191715,3,4,0.33930779,-4755.7788,13.942003,-1.8338393,-4740.003
1,4,0.14767597,2,4,0.16980709,3,4,0.34100035,-4755.5645,13.169668,-1.5152399,-4740.8796
1,4,0.16102456,2,4,0.18250586,3,4,0.32335097,-4754.7465,13.337628,-0.73793053,-4740.6709
1,4,0.15501294,2,4,0.15523984,3,4,0.32481,-4754.8875,12.701256,-0.79552478,-4741.3907
1,4,0.15534723,2,4,0.15343696,3,4,0.30236832,-4755.3339,12.22305,-1.2200411,-4741.8908
1,4,0.18076655,2,4,0.18548135,3,4,0.3216357,-4755.7746,13.757672,-1.8589229,-4740.158
1,4,0.15439069,2,4,0.16325485,3,4,0.31486849,-4754.5083,12.650281,-0.4369438,-4741.4211
1,4,0.13706147,2,4,0.15839921,3,4,0.33921475,-4757.3404,12.693509,-3.0117778,-4741.6351
1,4,0.17991248,2,4,0.16923748,3,4,0.30098724,-4754.8247,13.002744,-0.78703643,-4741.0349
1,4,0.1665511,2,4,0.15165458,3,4,0.33453166,-4754.9052,13.054747,-0.84708249,-4741.0034
1,4,0.14149868,2,4,0.16617627,3,4,0.30719645,-4755.9687,12.297428,-1.737822,-4741.9335
1,4,0.16180082,2,4,0.18215936,3,4,0.32159516,-4754.6894,13.311107,-0.6766986,-4740.7016
1,4,0.17624774,2,4,0.16074493,3,4,0.28548819,-4755.6523,12.449617,-1.4932576,-4741.7094
1,4,0.17650079,2,4,0.1518273,3,4,0.30714678,-4754.7767,12.709497,-0.69625277,-4741.3709
1,4,0.15790541,2,4,0.15905431,3,4,0.29358149,-4755.2863,12.210824,-1.1727679,-4741.9027
1,4,0.17692489,2,4,0.12971899,3,4,0.30365033,-4757.9427,12.205884,-3.375426,-4742.3614
1,4,0.15384985,2,4,0.16329444,3,4,0.30900809,-4754.6473,12.523047,-0.56965948,-4741.5546
1,4,0.18009655,2,4,0.16378497,3,4,0.32058141,-4754.4831,13.289258,-0.45427576,-4740.7396
1,4,0.19221261,2,4,0.14945325,3,4,0.32024139,-4755.7674,13.238145,-1.8127681,-4740.7165
1,4,0.14448079,2,4,0.19176543,3,4,0.34568265,-4757.1383,13.638577,-3.3327769,-4740.167
1,4,0.18983848,2,4,0.17954454,3,4,0.31270042,-4756.034,13.641669,-2.1664192,-4740.2259
1,4,0.16481027,2,4,0.14032628,3,4,0.32781174,-4755.9755,12.658966,-1.7627246,-4741.5539
1,4,0.15674997,2,4,0.17606834,3,4,0.30417257,-4754.6681,12.739818,-0.60027563,-4741.328
1,4,0.16482989,2,4,0.15151469,3,4,0.31115278,-4754.6947,12.549947,-0.61049433,-4741.5343
1,4,0.17248274,2,4,0.1354457,3,4,0.30560032,-4756.7598,12.270575,-2.400916,-4742.0883
1,4,0.14845277,2,4,0.16529167,3,4,0.32930339,-4755.075,12.860957,-0.97568491,-4741.2383
1,4,0.13983432,2,4,0.17770278,3,4,0.33385565,-4756.2085,13.027855,-2.0724759,-4741.1081
1,4,0.18663451,2,4,0.16140568,3,4,0.31758033,-4754.9252,13.31241,-0.9366495,-4740.6762
1,4,0.15798739,2,4,0.16210535,3,4,0.31057115,-4754.389,12.613278,-0.32825457,-4741.4474
1,4,0.16050813,2,4,0.17940358,3,4,0.32254306,-4754.5384,13.249095,-0.51036795,-4740.779
1,4,0.14974142,2,4,0.15247566,3,4,0.31836872,-4755.5641,12.411716,-1.4050587,-4741.7474
1,4,0.14954083,2,4,0.16454746,3,4,0.30314811,-4755.1848,12.344728,-1.0637607,-4741.7763
1,4,0.16916662,2,4,0.17636519,3,4,0.30803582,-4754.4431,13.071353,-0.40277069,-4740.969
1,4,0.16176386,2,4,0.15233395,3,4,0.31047729,-4754.7528,12.491502,-0.66864173,-4741.5927
1,4,0.15233929,2,4,0.1796646,3,4,0.29919659,-4755.2737,12.62401,-1.1708107,-4741.4789
1,4,0.15405066,2,4,0.15988041,3,4,0.33501594,-4754.9816,12.97894,-0.9162706,-4741.0864
1,4,0.17813446,2,4,0.16627486,3,4,0.3175577,-4754.3732,13.239341,-0.33651559,-4740.7974
1,4,0.18970772,2,4,0.15615325,3,4,0.29124678,-4756.1338,12.742155,-2.0622115,-4741.3294
1,4,0.16223846,2,4,0.21991489,3,4,0.3189985,-4759.9744,14.023037,-7.1103972,-4738.8409
1,4,0.16736601,2,4,0.15086683,3,4,0.33965559,-4755.1875,13.157769,-1.1460502,-4740.8837
1,4,0.17080181,2,4,0.14767868,3,4,0.30562495,-4755.0955,12.482109,-0.97366426,-4741.6397
1,4,0.17019878,2,4,0.13568898,3,4,0.33026961,-4756.593,12.723147,-2.3121613,-4741.5577
1,4,0.18102501,2,4,0.17263392,3,4,0.32708642,-4754.941,13.614907,-0.93473938,-4740.3913
1,4,0.18047632,2,4,0.15614572,3,4,0.31328634,-4754.6027,12.998168,-0.56023983,-4741.0443
1,4,0.15764787,2,4,0.14285201,3,4,0.31165286,-4756.0498,12.243055,-1.8291649,-4741.9776
1,4,0.1615093,2,4,0.1715896,3,4,0.30306009,-4754.4271,12.72318,-0.36495324,-4741.339
1,4,0.1828475,2,4,0.15813651,3,4,0.31376068,-4754.6813,13.094894,-0.65498937,-4740.9314
1,4,0.15643752,2,4,0.15232651,3,4,0.30738867,-4755.1498,12.323054,-1.0434464,-4741.7833
1,4,0.16979156,2,4,0.17005031,3,4,0.27360144,-4756.7874,12.268866,-2.471549,-4742.0469
1,4,0.16992012,2,4,0.16200454,3,4,0.30745864,-4754.2195,12.787666,-0.16507939,-4741.2668
1,4,0.15544064,2,4,0.14701932,3,4,0.31781294,-4755.5947,12.405458,-1.4293772,-4741.7599
1,4,0.17032366,2,4,0.16119187,3,4,0.33403969,-4754.4823,13.311104,-0.44871658,-4740.7224
1,4,0.16643204,2,4,0.16597622,3,4,0.3156078,-4754.0529,12.960321,-0.0023731302,-4741.0902
1,4,0.16693698,2,4,0.17079588,3,4,0.34523539,-4755.134,13.659365,-1.1559864,-4740.3186
1,4,0.15062032,2,4,0.18122785,3,4,0.29449345,-4755.7493,12.526832,-1.606964,-4741.6155
1,4,0.17282612,2,4,0.17577608,3,4,0.27945071,-4756.3048,12.561058,-2.1135709,-4741.6302
1,4,0.16161429,2,4,0.14104086,3,4,0.30095549,-4756.443,12.072213,-2.1811988,-4742.1896
1,4,0.16683153,2,4,0.16764665,3,4,0.30476925,-4754.2527,12.784949,-0.19667413,-4741.2711
1,4,0.17151376,2,4,0.16274042,3,4,0.34312941,-4754.9731,13.547672,-0.98075525,-4740.4447
1,4,0.17685263,2,4,0.16370467,3,4,0.31016979,-4754.3339,13.014542,-0.28923669,-4741.0302
1,4,0.17957706,2,4,0.16374782,3,4,0.32280654,-4754.4845,13.322628,-0.45495918,-4740.7069
1,4,0.15456537,2,4,0.18515667,3,4,0.26928769,-4758.4013,12.180194,-3.9251208,-4742.296
1,4,0.16370308,2,4,0.15408064,3,4,0.3312983,-4754.6849,12.98164,-0.62443675,-4741.0788
1,4,0.1710492,2,4,0.17668979,3,4,0.28394121,-4755.8491,12.633604,-1.7080246,-4741.5075
1,4,0.15324869,2,4,0.16956063,3,4,0.3030007,-4754.7984,12.5162,-0.70818024,-4741.574
1,4,0.1458356,2,4,0.16975896,3,4,0.30466949,-4755.4203,12.405281,-1.2626354,-4741.7524
1,4,0.17595379,2,4,0.18222296,3,4,0.29884564,-4755.3836,13.140448,-1.3863287,-4740.8568
1,4,0.15733124,2,4,0.16653399,3,4,0.29658591,-4754.8865,12.409023,-0.7934002,-4741.6841
1,4,0.16505588,2,4,0.17556017,3,4,0.2832311,-4755.8235,12.476943,-1.6515806,-4741.6949
1,4,0.1584235,2,4,0.11929395,3,4,0.31766802,-4761.3213,11.907709,-5.9938914,-4743.4197
1,4,0.15281419,2,4,0.14172904,3,4,0.32062631,-4756.5816,12.303391,-2.2905784,-4741.9876
1,4,0.15786852,2,4,0.1590178,3,4,0.28103542,-4756.4392,11.958435,-2.199618,-4742.2812
1,4,0.1737619,2,4,0.16944813,3,4,0.32583648,-4754.3609,13.38093,-0.31838337,-4740.6616
1,4,0.15398203,2,4,0.17601364,3,4,0.32647672,-4754.6657,13.129448,-0.6203973,-4740.9159
1,4,0.16213168,2,4,0.14041899,3,4,0.30855616,-4756.189,12.222137,-1.9383661,-4742.0285
1,4,0.17007541,2,4,0.1809704,3,4,0.30875531,-4754.735,13.196023,-0.71791577,-4740.8211
1,4,0.1769152,2,4,0.13570695,3,4,0.31152135,-4756.523,12.48287,-2.2130072,-4741.8271
1,4,0.15005561,2,4,0.1828616,3,4,0.33703522,-4755.5872,13.399048,-1.6087603,-4740.5794
1,4,0.18607594,2,4,0.15058018,3,4,0.31378287,-4755.204,13.00878,-1.1706111,-4741.0246
1,4,0.1594796,2,4,0.1733077,3,4,0.30233669,-4754.5509,12.70248,-0.48397889,-4741.3645
1,4,0.15308216,2,4,0.17300787,3,4,0.35626326,-4756.3079,13.647066,-2.442671,-4740.2182
1,4,0.14638068,2,4,0.15053176,3,4,0.32300973,-4756.1877,12.398443,-1.9559746,-4741.8333
1,4,0.1651981,2,4,0.13238591,3,4,0.33006425,-4757.3835,12.552965,-2.9592348,-4741.8713
1,4,0.17073588,2,4,0.2063199,3,4,0.3086264,-4757.8369,13.713644,-4.3403607,-4739.7829
1,4,0.16085618,2,4,0.18556234,3,4,0.28981059,-4755.8864,12.724582,-1.8012452,-4741.3605
1,4,0.163509,2,4,0.17628634,3,4,0.32752661,-4754.4617,13.346439,-0.42840638,-4740.6869
1,4,0.18651003,2,4,0.17186571,3,4,0.3061859,-4755.2655,13.291233,-1.2945694,-4740.6797
1,4,0.13969078,2,4,0.17046756,3,4,0.2987063,-4756.5457,12.177293,-2.2414938,-4742.1269
1,4,0.15259977,2,4,0.17017322,3,4,0.30538878,-4754.7547,12.563235,-0.66647552,-4741.525
1,4,0.16809265,2,4,0.18116576,3,4,0.31383397,-4754.6407,13.261848,-0.62298622,-4740.7558
1,4,0.16310067,2,4,0.15159164,3,4,0.33053837,-4754.8538,12.904614,-0.77788027,-4741.1713
1,4,0.16148235,2,4,0.15380328,3,4,0.29656361,-4755.2323,12.236985,-1.1228088,-4741.8725
1,4,0.19588343,2,4,0.16126772,3,4,0.30351058,-4756.055,13.213234,-2.1641374,-4740.6776
1,4,0.17939843,2,4,0.15023969,3,4,0.33593284,-4755.2491,13.311419,-1.235992,-4740.7017
1,4,0.1654571,2,4,0.15687219,3,4,0.34428191,-4755.1329,13.332224,-1.1324896,-4740.6682
1,4,0.15559478,2,4,0.19194939,3,4,0.30293813,-4755.8547,13.009646,-1.8792705,-4740.9657
1,4,0.15985911,2,4,0.1554789,3,4,0.32947102,-4754.6829,12.896181,-0.61613477,-4741.1706
1,4,0.16081943,2,4,0.16070261,3,4,0.31963256,-4754.2408,12.823092,-0.18544907,-4741.2323
1,4,0.16047112,2,4,0.18414086,3,4,0.31499553,-4754.81,13.19215,-0.80248451,-4740.8154
1,4,0.16645123,2,4,0.1845718,3,4,0.34979811,-4756.2987,14.016423,-2.445447,-4739.8368
1,4,0.16409409,2,4,0.18110094,3,4,0.29960153,-4754.9434,12.895931,-0.89775137,-4741.1498
1,4,0.15632386,2,4,0.15984943,3,4,0.31408272,-4754.5134,12.60512,-0.44484051,-4741.4634
1,4,0.16089449,2,4,0.16332473,3,4,0.29804511,-4754.6961,12.445287,-0.61826815,-4741.6326
1,4,0.17651566,2,4,0.15063839,3,4,0.31753808,-4754.7058,12.893843,-0.63541013,-4741.1765
1,4,0.15551983,2,4,0.15891612,3,4,0.30099663,-4755.0067,12.308651,-0.91545223,-4741.7826
1,4,0.15895933,2,4,0.16472615,3,4,0.30341495,-4754.4922,12.542009,-0.42647921,-4741.5238
1,4,0.12460196,2,4,0.18946201,3,4,0.30669644,-4759.5184,12.415208,-4.7903678,-4742.3128
1,4,0.15541939,2,4,0.15962047,3,4,0.3387101,-4755.0687,13.074999,-1.0204189,-4740.9733
1,4,0.17652794,2,4,0.14841085,3,4,0.32663803,-4754.967,13.031536,-0.89877866,-4741.0367
1,4,0.15972938,2,4,0.15765154,3,4,0.30882978,-4754.5294,12.524214,-0.46379516,-4741.5414
1,4,0.15473293,2,4,0.15567183,3,4,0.31058829,-4754.9258,12.419861,-0.83343019,-4741.6725
1,4,0.18214552,2,4,0.16356176,3,4,0.32492693,-4754.6909,13.412684,-0.67747814,-4740.6007
1,4,0.15314116,2,4,0.15359643,3,4,0.32240066,-4755.1361,12.582765,-1.0202278,-4741.5331
1,4,0.19142861,2,4,0.15474148,3,4,0.32580403,-4755.5626,13.439482,-1.6366122,-4740.4865
1,4,0.14802284,2,4,0.1397832,3,4,0.3076493,-4757.7514,11.909107,-3.3246731,-4742.5176
1,4,0.16956792,2,4,0.14917289,3,4,0.33042436,-4754.9226,12.983303,-0.84727156,-4741.092
1,4,0.18078592,2,4,0.16406765,3,4,0.29402737,-4755.162,12.777619,-1.090069,-4741.2943
1,4,0.16897886,2,4,0.17529777,3,4,0.31726556,-4754.3088,13.230844,-0.26748536,-4740.8105
1,4,0.15182877,2,4,0.14625844,3,4,0.33134095,-4756.1989,12.588563,-1.9874982,-4741.6228
1,4,0.17327602,2,4,0.14514244,3,4,0.3244489,-4755.1706,12.857347,-1.0584186,-4741.2548
1,4,0.17857807,2,4,0.1554073,3,4,0.31851508,-4754.5234,13.050009,-0.47831341,-4740.9951
1,4,0.17669834,2,4,0.16092504,3,4,0.33298539,-4754.6355,13.412175,-0.61250513,-4740.6108
1,4,0.16748095,2,4,0.16473514,3,4,0.3302453,-4754.2801,13.249228,-0.23686141,-4740.7941
1,4,0.16425169,2,4,0.17783209,3,4,0.30863637,-4754.4554,13.014403,-0.41434548,-4741.0267
1,4,0.14558471,2,4,0.18609047,3,4,0.3475115,-4756.7181,13.583734,-2.8446185,-4740.2898
1,4,0.15627077,2,4,0.17867602,3,4,0.34405719,-4755.4608,13.58008,-1.5074983,-4740.3732
1,4,0.18756503,2,4,0.17075402,3,4,0.3350872,-4755.7453,13.868125,-1.8182206,-4740.0589
1,4,0.17628353,2,4,0.14462912,3,4,0.3135383,-4755.2587,12.689019,-1.1274416,-4741.4423
1,4,0.17164948,2,4,0.17297795,3,4,0.33692443,-4754.8362,13.631037,-0.82012871,-4740.3851
1,4,0.1506358,2,4,0.17904326,3,4,0.34598838,-4755.8566,13.513349,-1.9128266,-4740.4304
1,4,0.16134733,2,4,0.17403031,3,4,0.3043162,-4754.4467,12.793877,-0.38831522,-4741.2645
1,4,0.13632696,2,4,0.1743212,3,4,0.31288868,-4756.5132,12.470737,-2.1969658,-4741.8455
1,4,0.17941494,2,4,0.1633147,3,4,0.34439003,-4755.3999,13.742393,-1.4452754,-4740.2122
1,4,0.19669845,2,4,0.15049159,3,4,0.31738114,-4756.164,13.291424,-2.278425,-4740.5941
1,4,0.16174934,2,4,0.18721435,3,4,0.31274819,-4755.0702,13.234238,-1.0897755,-4740.7461
1,4,0.16036993,2,4,0.17362942,3,4,0.29948365,-4754.66,12.66966,-0.58687077,-4741.4034
1,4,0.16792465,2,4,0.14947119,3,4,0.29641331,-4755.4055,12.276183,-1.2657148,-4741.8636
1,4,0.17432198,2,4,0.18181189,3,4,0.28577673,-4756.1054,12.838212,-2.0279376,-4741.2392
1,4,0.14753217,2,4,0.15873071,3,4,0.3205647,-4755.323,12.536552,-1.1810349,-4741.6054
1,4,0.1747609,2,4,0.19677874,3,4,0.28295202,-4757.9216,13.089833,-4.0540595,-4740.7778
1,4,0.17855824,2,4,0.15344247,3,4,0.30962153,-4754.6894,12.832445,-0.62615929,-4741.2308
1,4,0.13761547,2,4,0.15314515,3,4,0.32897554,-4757.3918,12.394723,-2.9848046,-4742.0123
1,4,0.16345323,2,4,0.17679204,3,4,0.3138687,-4754.3352,13.082279,-0.29367689,-4740.9592
1,4,0.1359591,2,4,0.1732766,3,4,0.3301518,-4756.6234,12.78775,-2.3554658,-4741.4802
1,4,0.16420025,2,4,0.17998035,3,4,0.29919966,-4754.8923,12.867605,-0.84050683,-4741.1842
1,4,0.15938777,2,4,0.15423977,3,4,0.29384353,-4755.4902,12.149421,-1.3633445,-4741.9774
1,4,0.15749402,2,4,0.18768306,3,4,0.3026424,-4755.4083,12.95639,-1.3946473,-4741.0573
1,4,0.18045222,2,4,0.17669116,3,4,0.29715926,-4755.3533,13.086053,-1.34031,-4740.927
1,4,0.17808432,2,4,0.17561678,3,4,0.33364207,-4755.1526,13.746863,-1.1533124,-4740.2524
1,4,0.17653482,2,4,0.17031543,3,4,0.3333759,-4754.7822,13.604523,-0.76131926,-4740.4163
1,4,0.1875402,2,4,0.16260158,3,4,0.30959707,-4755.0521,13.194777,-1.0651735,-4740.7922
1,4,0.13726966,2,4,0.18956841,3,4,0.30835103,-4757.056,12.703782,-2.8368016,-4741.5154
1,4,0.16721544,2,4,0.15333612,3,4,0.31589225,-4754.451,12.728876,-0.3818056,-4741.3403
1,4,0.17861877,2,4,0.150481,3,4,0.32484251,-4754.8514,13.078846,-0.79912643,-4740.9735
1,4,0.1672842,2,4,0.18160838,3,4,0.31264709,-4754.6627,13.230794,-0.64604241,-4740.7859
1,4,0.17420162,2,4,0.15342688,3,4,0.33308361,-4754.7749,13.214242,-0.73789881,-4740.8227
1,4,0.14187917,2,4,0.19880116,3,4,0.3369104,-4757.599,13.551815,-3.8382108,-4740.209
1,4,0.15504334,2,4,0.16357565,3,4,0.3300837,-4754.6196,12.974054,-0.55921876,-4741.0863
1,4,0.16203487,2,4,0.17134963,3,4,0.30457966,-4754.356,12.759283,-0.29737702,-4741.2994
1,4,0.17360094,2,4,0.14140021,3,4,0.30449157,-4755.8683,12.389854,-1.6530612,-4741.8254
1,4,0.16935902,2,4,0.16528226,3,4,0.33324133,-4754.4136,13.357652,-0.37718719,-4740.6788
1,4,0.17197329,2,4,0.16059183,3,4,0.32857746,-4754.3275,13.222851,-0.28460954,-4740.8201
1,4,0.19102234,2,4,0.18974628,3,4,0.3134433,-4757.2521,13.884238,-3.5685237,-4739.7994
1,4,0.17272106,2,4,0.1647814,3,4,0.31820412,-4754.139,13.114131,-0.090462734,-4740.9344
1,4,0.16999518,2,4,0.16124553,3,4,0.31914449,-4754.1175,13.007704,-0.066839564,-4741.043
1,4,0.1450701,2,4,0.15006314,3,4,0.31860787,-4756.4173,12.274822,-2.1553865,-4741.9871
1,4,0.14941105,2,4,0.18948049,3,4,0.36918567,-4758.7351,14.161544,-5.3209749,-4739.2526
1,4,0.18776476,2,4,0.1723136,3,4,0.3573552,-4757.5125,14.348671,-3.7983277,-4739.3655
1,4,0.13014953,2,4,0.17916283,3,4,0.29132938,-4758.8842,12.012835,-4.1792934,-4742.692
1,4,0.17008681,2,4,0.1752533,3,4,0.34688512,-4755.5177,13.844505,-1.5667718,-4740.1064
1,4,0.17284453,2,4,0.14168281,3,4,0.31312874,-4755.5839,12.553122,-1.3998086,-4741.631
1,4,0.14705932,2,4,0.18334783,3,4,0.34950844,-4756.5701,13.598312,-2.6912231,-4740.2806
1,4,0.1821807,2,4,0.17240128,3,4,0.30223821,-4755.0429,13.136404,-1.0312947,-4740.8752
1,4,0.16972992,2,4,0.181415,3,4,0.29273672,-4755.4052,12.877633,-1.3500238,-4741.1775
1,4,0.19553804,2,4,0.21092957,3,4,0.31973195,-4761.468,14.523991,-8.7513614,-4738.1927
1,4,0.13035805,2,4,0.18264809,3,4,0.34594212,-4758.4101,13.178965,-4.2147015,-4741.0164
1,4,0.17240681,2,4,0.13056098,3,4,0.3439549,-4758.0414,12.938454,-3.7078314,-4741.3951
1,4,0.16623131,2,4,0.13413476,3,4,0.38361046,-4761.3902,13.679531,-7.8502981,-4739.8603
1,4,0.15674313,2,4,0.15902527,3,4,0.29690148,-4755.142,12.253398,-1.0414172,-4741.8472
1,4,0.17570171,2,4,0.16071655,3,4,0.30170917,-4754.5627,12.762549,-0.49981574,-4741.3003
1,4,0.17427182,2,4,0.16102997,3,4,0.31560191,-4754.2068,13.018074,-0.15834327,-4741.0304
1,4,0.15165295,2,4,0.18560399,3,4,0.30319457,-4755.4848,12.80903,-1.4213164,-4741.2545
1,4,0.16067095,2,4,0.18144834,3,4,0.29861935,-4755.0472,12.814773,-0.98964525,-4741.2428
1,4,0.18775276,2,4,0.17913012,3,4,0.3373428,-4756.4695,14.084514,-2.6009859,-4739.784
1,4,0.15779308,2,4,0.18999682,3,4,0.35384711,-4757.0456,14.03274,-3.3315511,-4739.6813
1,4,0.15470133,2,4,0.16380906,3,4,0.35559125,-4756.1366,13.482033,-2.225405,-4740.4292
1,4,0.15098159,2,4,0.14467991,3,4,0.31546833,-4756.3732,12.222597,-2.1210486,-4742.0296
1,4,0.15783225,2,4,0.177195,3,4,0.34317485,-4755.2892,13.564042,-1.3209966,-4740.4041
1,4,0.1679962,2,4,0.17406646,3,4,0.31117297,-4754.2651,13.064712,-0.21945283,-4740.9809
1,4,0.15592146,2,4,0.13825918,3,4,0.3505537,-4757.9486,12.894687,-3.6982402,-4741.3557
1,4,0.16206844,2,4,0.17899045,3,4,0.34247234,-4755.2915,13.670625,-1.3276487,-4740.2933
1,4,0.17596977,2,4,0.16441818,3,4,0.31914109,-4754.2591,13.190581,-0.21574929,-4740.8527
1,4,0.13992533,2,4,0.15636976,3,4,0.31705459,-4756.5894,12.266994,-2.2830135,-4742.0394
1,4,0.16004983,2,4,0.1546373,3,4,0.30452268,-4754.8395,12.384196,-0.75730441,-4741.698
1,4,0.16668012,2,4,0.16402694,3,4,0.32939143,-4754.2523,13.20197,-0.20745735,-4740.8429
1,4,0.17597494,2,4,0.15576836,3,4,0.30200284,-4754.7223,12.674923,-0.64708403,-4741.4003
1,4,0.17502658,2,4,0.17140314,3,4,0.29755871,-4754.7931,12.879768,-0.73407939,-4741.1792
1,4,0.16200873,2,4,0.16760167,3,4,0.3164053,-4754.1038,12.920314,-0.052438775,-4741.131
1,4,0.1673318,2,4,0.17763924,3,4,0.313884,-4754.4012,13.177101,-0.36534564,-4740.8587
1,4,0.1496655,2,4,0.1748691,3,4,0.32865012,-4754.9601,13.063694,-0.89653029,-4740.9998
1,4,0.17834808,2,4,0.152358,3,4,0.32516552,-4754.7346,13.117432,-0.68951368,-4740.9276
1,4,0.14069633,2,4,0.18416827,3,4,0.29122696,-4757.1947,12.321831,-2.8687599,-4742.0041
1,4,0.1588538,2,4,0.18305922,3,4,0.33764325,-4755.3087,13.591125,-1.348435,-4740.3692
1,4,0.15489641,2,4,0.16569988,3,4,0.30186712,-4754.7679,12.449268,-0.68388756,-4741.6348
1,4,0.19455526,2,4,0.17084419,3,4,0.28645054,-4757.0682,13.037,-3.1302455,-4740.901
1,4,0.15402359,2,4,0.15922939,3,4,0.31601107,-4754.6849,12.585281,-0.60369558,-4741.496
1,4,0.18468942,2,4,0.14954683,3,4,0.31098287,-4755.2164,12.904382,-1.1591209,-4741.1529
1,4,0.1630372,2,4,0.16086757,3,4,0.31100656,-4754.2245,12.698227,-0.17070021,-4741.3555
1,4,0.17557848,2,4,0.15747217,3,4,0.28939256,-4755.4054,12.448864,-1.2690382,-4741.6875
1,4,0.19317207,2,4,0.171513,3,4,0.30039393,-4756.1184,13.30158,-2.2304469,-4740.5863
1,4,0.17428934,2,4,0.14949863,3,4,0.3185816,-4754.739,12.847391,-0.65817367,-4741.2334
1,4,0.18835686,2,4,0.16331204,3,4,0.33939452,-4755.7945,13.821268,-1.8913073,-4740.0819
1,4,0.18164335,2,4,0.18256224,3,4,0.27781956,-4757.356,12.840503,-3.262604,-4741.2529
