1,4,0.26858069,2,4,0.17414921,3,4,0.12934768,-4362.8985,11.441552,-0.28060901,-4351.1763
1,4,0.27079257,2,4,0.18365374,3,4,0.14108073,-4363.9001,11.910541,-1.3898251,-4350.5998
1,4,0.29480625,2,4,0.17171074,3,4,0.1363407,-4363.4499,12.057154,-0.89195758,-4350.5008
1,4,0.24050153,2,4,0.17017201,3,4,0.12507579,-4365.2105,10.714986,-2.3157281,-4352.1797
1,4,0.26296145,2,4,0.15387249,3,4,0.12885126,-4364.1936,10.913704,-1.4477327,-4351.8321
1,4,0.27130309,2,4,0.17198526,3,4,0.1244283,-4362.7572,11.354333,-0.1399787,-4351.2629
1,4,0.28182074,2,4,0.16534499,3,4,0.12093046,-4362.8954,11.361924,-0.27111493,-4351.2623
1,4,0.26728569,2,4,0.18514999,3,4,0.10588765,-4363.9986,11.166466,-1.28037,-4351.5518
1,4,0.28132952,2,4,0.16747129,3,4,0.11884013,-4362.8595,11.352819,-0.23783147,-4351.2689
1,4,0.27453099,2,4,0.17190042,3,4,0.13142077,-4362.8437,11.557044,-0.23392224,-4351.0527
1,4,0.26997289,2,4,0.15792621,3,4,0.12295043,-4363.5531,11.016991,-0.87923703,-4351.6569
1,4,0.27641615,2,4,0.17362483,3,4,0.12000829,-4362.6859,11.400985,-0.071256674,-4351.2137
1,4,0.27042522,2,4,0.17473077,3,4,0.12961038,-4362.8534,11.495327,-0.23888722,-4351.1192
1,4,0.30064823,2,4,0.18671855,3,4,0.14624287,-4365.4255,12.672193,-3.1039734,-4349.6494
1,4,0.25491435,2,4,0.15194649,3,4,0.13777694,-4365.1773,10.892756,-2.3388623,-4351.9457
1,4,0.27859873,2,4,0.15704659,3,4,0.11714214,-4363.722,11.055749,-1.0308475,-4351.6354
1,4,0.24931391,2,4,0.16990892,3,4,0.12381299,-4364.1949,10.860716,-1.4484116,-4351.8857
1,4,0.27928729,2,4,0.20016442,3,4,0.11164019,-4364.0477,11.821838,-1.5228831,-4350.7029
1,4,0.294471,2,4,0.16967297,3,4,0.11314886,-4363.29,11.545857,-0.66189577,-4351.0822
1,4,0.29067163,2,4,0.15036312,3,4,0.13080335,-4364.279,11.436762,-1.5635619,-4351.2787
1,4,0.28219353,2,4,0.14413398,3,4,0.12563612,-4365.0936,11.039273,-2.1926745,-4351.8616
1,4,0.31059638,2,4,0.16033813,3,4,0.12102993,-4364.3591,11.839289,-1.8041374,-4350.7156
1,4,0.28761044,2,4,0.19261329,3,4,0.11989927,-4363.3147,12.00246,-0.7475524,-4350.5647
1,4,0.272018,2,4,0.19391001,3,4,0.12492564,-4363.5025,11.817073,-0.9430147,-4350.7424
1,4,0.25589945,2,4,0.17592194,3,4,0.11809052,-4363.6699,10.998238,-0.98577635,-4351.6859
1,4,0.29276585,2,4,0.17552535,3,4,0.12468926,-4362.8427,11.859609,-0.23674653,-4350.7463
1,4,0.31075759,2,4,0.16536189,3,4,0.13283224,-4364.3016,12.179034,-1.8274166,-4350.2951
1,4,0.27129741,2,4,0.17734599,3,4,0.14177692,-4363.7024,11.808407,-1.1727989,-4350.7212
1,4,0.27136964,2,4,0.15170441,3,4,0.10723407,-4365.6467,10.606162,-2.7341404,-4352.3064
1,4,0.31194529,2,4,0.17531953,3,4,0.097145195,-4365.8903,11.6882,-3.1453537,-4351.0568
1,4,0.29496238,2,4,0.15663546,3,4,0.091025672,-4368.2781,10.85247,-4.792916,-4352.6327
1,4,0.32114874,2,4,0.18580606,3,4,0.1111708,-4365.1007,12.362512,-2.7502863,-4349.9879
1,4,0.28441646,2,4,0.16338154,3,4,0.13145577,-4363.0748,11.585075,-0.45870231,-4351.031
1,4,0.28228249,2,4,0.17612232,3,4,0.11506795,-4362.8146,11.469455,-0.19372165,-4351.1514
1,4,0.30186701,2,4,0.19052488,3,4,0.10246714,-4364.5775,11.897181,-1.9820441,-4350.6983
1,4,0.27208712,2,4,0.20796584,3,4,0.1330862,-4365.4912,12.262783,-3.2387931,-4349.9897
1,4,0.25293913,2,4,0.18499266,3,4,0.11593155,-4364.158,11.077267,-1.4369837,-4351.6437
1,4,0.25834305,2,4,0.14439502,3,4,0.13110062,-4365.8018,10.676774,-2.8088303,-4352.3162
1,4,0.25431998,2,4,0.16825297,3,4,0.11531255,-4364.1664,10.75771,-1.4500723,-4351.9586
1,4,0.30409297,2,4,0.17432572,3,4,0.12283618,-4363.3666,12.025097,-0.80134849,-4350.5401
1,4,0.26520728,2,4,0.1847951,3,4,0.15205096,-4365.5057,12.041067,-3.2518134,-4350.2128
1,4,0.2805793,2,4,0.18136123,3,4,0.12062846,-4362.7006,11.65138,-0.0885797,-4350.9607
1,4,0.28275825,2,4,0.17586961,3,4,0.1208391,-4362.6351,11.589339,-0.021438348,-4351.0243
1,4,0.27254772,2,4,0.16045101,3,4,0.1297031,-4363.2508,11.254036,-0.60427712,-4351.3925
1,4,0.25884727,2,4,0.16216435,3,4,0.10921072,-4364.8158,10.604447,-2.046811,-4352.1645
1,4,0.25872168,2,4,0.18562598,3,4,0.097016883,-4365.9755,10.827291,-2.9441005,-4352.2042
1,4,0.26883845,2,4,0.18720849,3,4,0.13374064,-4363.5247,11.795752,-0.95694591,-4350.772
1,4,0.27413657,2,4,0.16705844,3,4,0.13530589,-4363.1265,11.530018,-0.52157153,-4351.0749
1,4,0.27651205,2,4,0.15793406,3,4,0.13216529,-4363.4313,11.332228,-0.77760304,-4351.3215
1,4,0.28541671,2,4,0.17285082,3,4,0.10889601,-4363.3474,11.343271,-0.68617458,-4351.318
1,4,0.27574322,2,4,0.17348369,3,4,0.12409768,-4362.6515,11.466492,-0.037421688,-4351.1476
1,4,0.29314258,2,4,0.17284493,3,4,0.14023387,-4363.7205,12.124427,-1.1983369,-4350.3978
1,4,0.27828859,2,4,0.16452671,3,4,0.10777131,-4363.9374,11.011732,-1.2225249,-4351.7032
1,4,0.24604097,2,4,0.17304076,3,4,0.13331216,-4364.6095,11.047878,-1.8377843,-4351.7239
1,4,0.25536932,2,4,0.14255524,3,4,0.1344158,-4366.3838,10.646807,-3.2969226,-4352.4401
1,4,0.27687994,2,4,0.16981582,3,4,0.12204779,-4362.7165,11.374871,-0.10084638,-4351.2407
1,4,0.28832089,2,4,0.15438926,3,4,0.14208737,-4364.3754,11.69595,-1.7965704,-4350.8828
1,4,0.29339164,2,4,0.17288783,3,4,0.12913434,-4362.9806,11.908276,-0.3818894,-4350.6905
1,4,0.27592897,2,4,0.17315566,3,4,0.13132886,-4362.8182,11.60827,-0.20991141,-4351
1,4,0.24736309,2,4,0.14773731,3,4,0.12432751,-4366.4031,10.388558,-3.3643184,-4352.6503
1,4,0.27822137,2,4,0.208421,3,4,0.10597909,-4365.2531,11.852429,-2.8194742,-4350.5812
1,4,0.32039933,2,4,0.18921578,3,4,0.1234914,-4365.1549,12.66213,-2.8140595,-4349.6787
1,4,0.28642511,2,4,0.16779278,3,4,0.12029421,-4362.8395,11.490242,-0.22087347,-4351.1284
1,4,0.29520945,2,4,0.15898786,3,4,0.11442962,-4363.939,11.372539,-1.2570035,-4351.3095
1,4,0.28264293,2,4,0.17071886,3,4,0.14335158,-4363.7387,11.934267,-1.2306202,-4350.5738
1,4,0.27012409,2,4,0.18795247,3,4,0.11904736,-4363.132,11.542478,-0.5233757,-4351.0661
1,4,0.26633425,2,4,0.17726748,3,4,0.12189611,-4362.9231,11.309957,-0.29786043,-4351.3152
1,4,0.27743216,2,4,0.17612853,3,4,0.14032872,-4363.4694,11.877788,-0.92471587,-4350.6669
1,4,0.28658718,2,4,0.16946094,3,4,0.1260126,-4362.7565,11.641215,-0.14363163,-4350.9717
1,4,0.26183549,2,4,0.17778272,3,4,0.12638884,-4363.1527,11.320141,-0.51649535,-4351.3161
1,4,0.28750336,2,4,0.1698267,3,4,0.1179879,-4362.8553,11.506359,-0.23699398,-4351.112
1,4,0.27915024,2,4,0.1997063,3,4,0.13027645,-4364.2248,12.18266,-1.7639462,-4350.2782
1,4,0.24532734,2,4,0.20103072,3,4,0.13113568,-4366.1133,11.549875,-3.5413027,-4351.0221
1,4,0.29745705,2,4,0.15344041,3,4,0.11509491,-4364.5886,11.319848,-1.8433478,-4351.4254
1,4,0.30131179,2,4,0.16172782,3,4,0.11038185,-4364.2976,11.468429,-1.6179924,-4351.2112
1,4,0.26783625,2,4,0.17425961,3,4,0.12029537,-4362.8956,11.247825,-0.27251935,-4351.3752
1,4,0.28272314,2,4,0.15253489,3,4,0.13551553,-4364.0412,11.415471,-1.3589514,-4351.2668
1,4,0.29739237,2,4,0.17171249,3,4,0.11794687,-4363.1044,11.741035,-0.50308902,-4350.8603
1,4,0.27192806,2,4,0.17255612,3,4,0.12046822,-4362.7791,11.299048,-0.16197772,-4351.3181
1,4,0.28174656,2,4,0.1561055,3,4,0.11853457,-4363.7219,11.127732,-1.0268034,-4351.5673
1,4,0.28663776,2,4,0.16931734,3,4,0.12716993,-4362.7797,11.662501,-0.16768046,-4350.9495
1,4,0.2559092,2,4,0.18461179,3,4,0.14810202,-4365.3838,11.77246,-2.9735327,-4350.6378
1,4,0.28976818,2,4,0.17352995,3,4,0.15204255,-4365.0564,12.306814,-2.7832362,-4349.9664
1,4,0.25077393,2,4,0.16323448,3,4,0.12817872,-4364.3177,10.843743,-1.5621731,-4351.9118
1,4,0.28014415,2,4,0.16810937,3,4,0.14679082,-4364.1072,11.900887,-1.6468226,-4350.5595
1,4,0.29041404,2,4,0.16130865,3,4,0.13733534,-4363.6138,11.781161,-1.0355093,-4350.7971
1,4,0.31050659,2,4,0.19598101,3,4,0.10299251,-4365.2843,12.189602,-2.8456222,-4350.249
1,4,0.28927127,2,4,0.16776401,3,4,0.118786,-4362.9378,11.516425,-0.31821921,-4351.1032
1,4,0.29979163,2,4,0.15966012,3,4,0.091539668,-4367.84,11.019828,-4.4885342,-4352.3316
1,4,0.2313889,2,4,0.1872761,3,4,0.1194138,-4366.9199,10.761576,-3.7799566,-4352.3784
1,4,0.2732302,2,4,0.18202688,3,4,0.1100676,-4363.2929,11.306494,-0.64089248,-4351.3455
1,4,0.30366601,2,4,0.1795643,3,4,0.12533217,-4363.4413,12.171249,-0.87843504,-4350.3916
1,4,0.24613921,2,4,0.15826477,3,4,0.11596922,-4365.7077,10.407464,-2.823466,-4352.4768
1,4,0.26056422,2,4,0.15816696,3,4,0.1455534,-4364.8076,11.285692,-2.1706918,-4351.3512
1,4,0.29309598,2,4,0.19126392,3,4,0.10803705,-4363.769,11.847939,-1.1806967,-4350.7404
1,4,0.26893392,2,4,0.18818741,3,4,0.10653432,-4363.9398,11.273113,-1.2461137,-4351.4206
1,4,0.31294995,2,4,0.206166,3,4,0.11852602,-4365.8802,12.752839,-3.6799346,-4349.4474
1,4,0.27243828,2,4,0.16106409,3,4,0.1215726,-4363.2585,11.101499,-0.61174061,-4351.5453
1,4,0.30950903,2,4,0.15818096,3,4,0.099691668,-4366.6563,11.347633,-3.7230076,-4351.5856
1,4,0.26641925,2,4,0.16430582,3,4,0.12036496,-4363.2937,11.021801,-0.65118202,-4351.6207
1,4,0.27771352,2,4,0.14327798,3,4,0.14096155,-4365.532,11.239061,-2.6866513,-4351.6063
1,4,0.31000558,2,4,0.1641968,3,4,0.12640955,-4364.0625,12.012238,-1.5418558,-4350.5084
1,4,0.28791592,2,4,0.16821523,3,4,0.11342193,-4363.1717,11.391062,-0.5337967,-4351.2468
1,4,0.29583075,2,4,0.17682193,3,4,0.11997413,-4362.9527,11.852536,-0.35272593,-4350.7475
1,4,0.25746313,2,4,0.19059209,3,4,0.11978542,-4363.9209,11.356813,-1.2739561,-4351.2902
1,4,0.29594384,2,4,0.15568173,3,4,0.12713481,-4363.8456,11.575208,-1.1959133,-4351.0745
1,4,0.25455389,2,4,0.16605622,3,4,0.11807099,-4364.0763,10.773622,-1.3681897,-4351.9345
1,4,0.28550618,2,4,0.18086257,3,4,0.12993927,-4362.9231,11.92616,-0.31942818,-4350.6775
1,4,0.26833471,2,4,0.18264283,3,4,0.11653366,-4363.0666,11.350224,-0.43867821,-4351.2777
1,4,0.30404308,2,4,0.19294685,3,4,0.12374538,-4364.0994,12.414706,-1.5960476,-4350.0886
1,4,0.26104243,2,4,0.18221459,3,4,0.11431511,-4363.5453,11.151443,-0.87863734,-4351.5152
1,4,0.28529618,2,4,0.1902973,3,4,0.10547325,-4363.8235,11.621335,-1.179993,-4351.0222
1,4,0.27658056,2,4,0.17517983,3,4,0.09966697,-4364.6138,11.028547,-1.7705404,-4351.8147
1,4,0.29810197,2,4,0.18458222,3,4,0.11762049,-4363.2386,12.006094,-0.65773681,-4350.5747
1,4,0.27290102,2,4,0.1640829,3,4,0.10177457,-4365.0125,10.77517,-2.1541834,-4352.0831
1,4,0.28794011,2,4,0.17222127,3,4,0.12246591,-4362.715,11.652546,-0.10262534,-4350.9599
1,4,0.28993235,2,4,0.1938812,3,4,0.10747227,-4363.8858,11.825716,-1.302467,-4350.7576
1,4,0.27194521,2,4,0.17452898,3,4,0.13439577,-4363.0424,11.617399,-0.44298785,-4350.982
1,4,0.27503311,2,4,0.16756749,3,4,0.1310246,-4362.8986,11.472504,-0.28324611,-4351.1429
1,4,0.30440101,2,4,0.15202562,3,4,0.10189653,-4366.8281,11.166463,-3.7944626,-4351.8672
1,4,0.28601543,2,4,0.18078514,3,4,0.11750216,-4362.7791,11.686055,-0.16701083,-4350.926
1,4,0.30614462,2,4,0.18566696,3,4,0.10523724,-4364.3591,11.940976,-1.7897024,-4350.6284
1,4,0.27100117,2,4,0.18678218,3,4,0.12090384,-4363.0279,11.573744,-0.42020524,-4351.0339
1,4,0.28919684,2,4,0.17470882,3,4,0.12545761,-4362.7463,11.787265,-0.13594014,-4350.8231
1,4,0.2872529,2,4,0.16440663,3,4,0.12048746,-4363.0107,11.44294,-0.38359013,-4351.1841
1,4,0.27370367,2,4,0.15109577,3,4,0.13676706,-4364.3077,11.23133,-1.5821015,-4351.4942
1,4,0.30799493,2,4,0.19306846,3,4,0.12199426,-4364.3186,12.461153,-1.8476423,-4350.0098
1,4,0.26782944,2,4,0.16960946,3,4,0.12699708,-4362.9286,11.28872,-0.30390041,-4351.336
1,4,0.28204864,2,4,0.18239149,3,4,0.11062054,-4363.1277,11.501213,-0.49334138,-4351.1332
1,4,0.31405223,2,4,0.17974037,3,4,0.10129281,-4365.2926,11.901708,-2.7111858,-4350.6797
1,4,0.28667497,2,4,0.19522509,3,4,0.10650094,-4364.0047,11.76802,-1.413783,-4350.8229
1,4,0.27808809,2,4,0.15293622,3,4,0.12351044,-4363.8901,11.090695,-1.1675563,-4351.6319
1,4,0.27922709,2,4,0.17188853,3,4,0.12694782,-4362.6696,11.561269,-0.056125871,-4351.0522
1,4,0.2409021,2,4,0.21531592,3,4,0.12031621,-4368.2212,11.530685,-5.7670488,-4350.9235
1,4,0.28399981,2,4,0.15100917,3,4,0.11678525,-4364.472,11.035885,-1.6855703,-4351.7505
1,4,0.30565413,2,4,0.17352981,3,4,0.16100791,-4367.4525,12.803837,-5.7148463,-4348.9339
1,4,0.28469908,2,4,0.18206386,3,4,0.12067999,-4362.7426,11.748858,-0.1322828,-4350.8615
1,4,0.28557686,2,4,0.15292114,3,4,0.13643324,-4364.0778,11.498625,-1.4151038,-4351.164
1,4,0.28226486,2,4,0.14108315,3,4,0.12460163,-4365.6862,10.958993,-2.6783486,-4352.0489
1,4,0.2667846,2,4,0.15957915,3,4,0.10327814,-4365.4615,10.592838,-2.5790977,-4352.2896
1,4,0.29278044,2,4,0.17044819,3,4,0.1295009,-4362.9916,11.854591,-0.39238846,-4350.7446
1,4,0.27958945,2,4,0.16600119,3,4,0.12403255,-4362.8145,11.392464,-0.19381363,-4351.2282
1,4,0.27694547,2,4,0.17340098,3,4,0.11086767,-4363.1862,11.224282,-0.538557,-4351.4234
1,4,0.30382331,2,4,0.16308872,3,4,0.11151838,-4364.2142,11.568608,-1.5694158,-4351.0762
1,4,0.288226,2,4,0.19014226,3,4,0.11561741,-4363.2172,11.879713,-0.63288078,-4350.7046
1,4,0.29219606,2,4,0.17392497,3,4,0.11185091,-4363.1839,11.559439,-0.55503956,-4351.0695
1,4,0.28625118,2,4,0.17379173,3,4,0.12742407,-4362.7253,11.749339,-0.11427027,-4350.8617
1,4,0.26730699,2,4,0.19159981,3,4,0.14679007,-4365.2264,12.113938,-2.9081025,-4350.2043
1,4,0.26970774,2,4,0.19289173,3,4,0.11938156,-4363.4398,11.639621,-0.85481927,-4350.9454
1,4,0.30269664,2,4,0.18257647,3,4,0.11985278,-4363.3905,12.102518,-0.82546567,-4350.4625
1,4,0.31966199,2,4,0.17874375,3,4,0.12614921,-4364.7304,12.491099,-2.3423313,-4349.8969
1,4,0.31088589,2,4,0.17930661,3,4,0.12339952,-4363.8936,12.27184,-1.3864501,-4350.2353
1,4,0.30194199,2,4,0.15633153,3,4,0.13031385,-4364.1272,11.771747,-1.5281258,-4350.8273
1,4,0.29502628,2,4,0.15880186,3,4,0.11624468,-4363.8255,11.401456,-1.154492,-4351.2696
1,4,0.25804702,2,4,0.18653829,3,4,0.11721078,-4363.7407,11.235922,-1.073827,-4351.431
1,4,0.28704832,2,4,0.20920116,3,4,0.12296511,-4365.0727,12.384292,-2.7774633,-4349.9109
1,4,0.27138844,2,4,0.14594432,3,4,0.1307685,-4364.8932,10.962025,-2.0307222,-4351.9005
1,4,0.27652422,2,4,0.19975591,3,4,0.1125857,-4364.0025,11.777317,-1.4701281,-4350.7551
1,4,0.27381826,2,4,0.20099755,3,4,0.11473703,-4364.0931,11.791057,-1.5801672,-4350.7219
1,4,0.29465351,2,4,0.16953991,3,4,0.1289711,-4363.0587,11.86329,-0.46263756,-4350.7328
1,4,0.27528697,2,4,0.157514,3,4,0.12512521,-4363.4148,11.158524,-0.74693139,-4351.5094
1,4,0.28791969,2,4,0.17031688,3,4,0.11901358,-4362.8138,11.545003,-0.19789123,-4351.0709
1,4,0.27578043,2,4,0.17449316,3,4,0.13163645,-4362.8367,11.638201,-0.22998624,-4350.9685
1,4,0.28019,2,4,0.16503819,3,4,0.12603019,-4362.8563,11.425168,-0.23417361,-4351.197
1,4,0.26650808,2,4,0.16229579,3,4,0.12650179,-4363.2964,11.106113,-0.64610339,-4351.5441
1,4,0.29299475,2,4,0.16757171,3,4,0.11525969,-4363.2032,11.516523,-0.57645941,-4351.1102
1,4,0.25539158,2,4,0.14962048,3,4,0.14094656,-4365.5911,10.919172,-2.7225426,-4351.9494
1,4,0.26815609,2,4,0.17069874,3,4,0.13417983,-4363.1352,11.460693,-0.52295747,-4351.1515
1,4,0.27903483,2,4,0.18140592,3,4,0.13285577,-4363.0421,11.86593,-0.44923526,-4350.7269
1,4,0.27003536,2,4,0.18156087,3,4,0.1285069,-4362.9541,11.602063,-0.34440852,-4351.0076
1,4,0.27318357,2,4,0.16241623,3,4,0.12298089,-4363.1083,11.171614,-0.47116416,-4351.4655
1,4,0.26429436,2,4,0.17047643,3,4,0.1200574,-4363.1343,11.096564,-0.49957708,-4351.5381
1,4,0.27400815,2,4,0.17623992,3,4,0.12612663,-4362.6961,11.527494,-0.082067485,-4351.0866
1,4,0.28086164,2,4,0.19073259,3,4,0.099904373,-4364.5494,11.429972,-1.7972386,-4351.3222
1,4,0.28334044,2,4,0.17667367,3,4,0.1118324,-4363.013,11.43693,-0.37955452,-4351.1965
1,4,0.30930618,2,4,0.17744418,3,4,0.13145097,-4364.0593,12.364027,-1.5588312,-4350.1364
1,4,0.28798549,2,4,0.1899083,3,4,0.13819449,-4364.1163,12.321766,-1.6172575,-4350.1772
1,4,0.28495022,2,4,0.1494669,3,4,0.11747147,-4364.651,11.037772,-1.8379259,-4351.7753
1,4,0.29620401,2,4,0.17677712,3,4,0.10521055,-4363.8732,11.563833,-1.2010126,-4351.1083
1,4,0.27540953,2,4,0.16189908,3,4,0.13672134,-4363.3952,11.480599,-0.78112695,-4351.1335
1,4,0.270889,2,4,0.16198832,3,4,0.13854912,-4363.5896,11.428529,-0.9754835,-4351.1856
1,4,0.27675689,2,4,0.15846535,3,4,0.12565277,-4363.3061,11.2175,-0.64832764,-4351.4403
1,4,0.27251818,2,4,0.18120213,3,4,0.13893708,-4363.5452,11.853148,-0.99689118,-4350.6952
1,4,0.27890625,2,4,0.16381066,3,4,0.10420369,-4364.4844,10.938412,-1.6958124,-4351.8502
1,4,0.26364308,2,4,0.15937516,3,4,0.12854907,-4363.6426,11.031346,-0.96156394,-4351.6497
1,4,0.27235731,2,4,0.18541927,3,4,0.1385757,-4363.7288,11.927046,-1.1973869,-4350.6044
1,4,0.25824687,2,4,0.18487424,3,4,0.12119203,-4363.5585,11.286263,-0.90391222,-4351.3683
1,4,0.28659191,2,4,0.17053223,3,4,0.11032368,-4363.3038,11.348956,-0.65036404,-4351.3045
1,4,0.28753269,2,4,0.19235156,3,4,0.14485742,-4365.0982,12.494833,-2.7498741,-4349.8535
1,4,0.2834531,2,4,0.13837921,3,4,0.11602686,-4366.8589,10.757183,-3.6468633,-4352.4549
1,4,0.31497004,2,4,0.1695657,3,4,0.10175636,-4365.6468,11.725842,-2.9954597,-4350.9255
1,4,0.26559566,2,4,0.17029905,3,4,0.13128836,-4363.1053,11.343661,-0.47883893,-4351.2828
1,4,0.25494276,2,4,0.17925897,3,4,0.12659683,-4363.6394,11.215971,-0.96517878,-4351.4582
1,4,0.27816266,2,4,0.17324398,3,4,0.1190108,-4362.699,11.408349,-0.083746635,-4351.2069
1,4,0.28630147,2,4,0.16499608,3,4,0.12326376,-4362.9111,11.491226,-0.2890573,-4351.1308
1,4,0.29172923,2,4,0.15189771,3,4,0.096225124,-4367.6121,10.797041,-4.2985442,-4352.5165
1,4,0.26109884,2,4,0.17529413,3,4,0.12498734,-4363.1669,11.227606,-0.52495937,-4351.4143
1,4,0.26322382,2,4,0.17632082,3,4,0.1334272,-4363.3004,11.459437,-0.68213657,-4351.1589
1,4,0.26373959,2,4,0.14974916,3,4,0.14891295,-4365.7236,11.248034,-3.030767,-4351.4448
1,4,0.29404484,2,4,0.18322088,3,4,0.13040354,-4363.2912,12.153385,-0.70505635,-4350.4327
1,4,0.27948156,2,4,0.1579551,3,4,0.12589822,-4363.3269,11.266698,-0.66740096,-4351.3928
1,4,0.30687468,2,4,0.17164659,3,4,0.14099163,-4364.5705,12.390258,-2.1489038,-4350.0313
1,4,0.29239818,2,4,0.14535695,3,4,0.13759113,-4365.2148,11.506925,-2.4676836,-4351.2402
1,4,0.29555225,2,4,0.17158794,3,4,0.11772183,-4363.0395,11.69724,-0.43292012,-4350.9094
1,4,0.26007967,2,4,0.17810135,3,4,0.13111131,-4363.3876,11.385847,-0.75250724,-4351.2492
1,4,0.28402866,2,4,0.19640951,3,4,0.1146091,-4363.6152,11.900945,-1.0692239,-4350.645
1,4,0.28261173,2,4,0.18208537,3,4,0.093533411,-4365.5713,11.16461,-2.5610536,-4351.8456
1,4,0.29261222,2,4,0.17734115,3,4,0.1108602,-4363.2226,11.616271,-0.59539735,-4351.0109
1,4,0.27657429,2,4,0.16339442,3,4,0.12567375,-4362.9623,11.312849,-0.33307895,-4351.3164
1,4,0.27901298,2,4,0.17161375,3,4,0.12357832,-4362.6465,11.484101,-0.032385311,-4351.13
1,4,0.28465848,2,4,0.16032746,3,4,0.14089798,-4363.7989,11.717678,-1.2332253,-4350.848
1,4,0.2904581,2,4,0.15969746,3,4,0.12735265,-4363.3243,11.550164,-0.69112374,-4351.0831
1,4,0.28749075,2,4,0.1823705,3,4,0.10871843,-4363.3107,11.571594,-0.67073737,-4351.0684
1,4,0.28235253,2,4,0.1750374,3,4,0.12351459,-4362.62,11.61809,-0.0063569269,-4350.9955
1,4,0.34214096,2,4,0.17496924,3,4,0.11825427,-4367.2318,12.707289,-5.3892554,-4349.1353
1,4,0.24627175,2,4,0.17268317,3,4,0.12952392,-4364.4707,10.969577,-1.6929094,-4351.8082
1,4,0.24785742,2,4,0.16941175,3,4,0.1220712,-4364.4043,10.786808,-1.6352416,-4351.9823
1,4,0.25792726,2,4,0.15337205,3,4,0.14748367,-4365.5408,11.17566,-2.8349938,-4351.5301
1,4,0.28362701,2,4,0.18182805,3,4,0.14055799,-4363.7423,12.120261,-1.2225541,-4350.3994
1,4,0.26348541,2,4,0.16827005,3,4,0.11400834,-4363.5998,10.915276,-0.93785108,-4351.7466
1,4,0.3120171,2,4,0.19300247,3,4,0.12976787,-4365.0108,12.695749,-2.5973288,-4349.7177
1,4,0.23568436,2,4,0.16587348,3,4,0.13258272,-4366.1066,10.682811,-3.0780034,-4352.3458
1,4,0.29575213,2,4,0.1524163,3,4,0.12614377,-4364.1821,11.486244,-1.4897152,-4351.2061
1,4,0.27548131,2,4,0.16777317,3,4,0.10477457,-4364.1709,10.960581,-1.4199917,-4351.7903
1,4,0.32848984,2,4,0.16702537,3,4,0.12675589,-4365.7285,12.445422,-3.5110751,-4349.772
1,4,0.29478791,2,4,0.17586181,3,4,0.126376,-4362.9551,11.940514,-0.35476029,-4350.6598
1,4,0.27587138,2,4,0.16398773,3,4,0.12858939,-4362.9638,11.36897,-0.33747479,-4351.2573
1,4,0.28609762,2,4,0.1592971,3,4,0.10074165,-4365.5016,10.922727,-2.5607596,-4352.0182
1,4,0.27440174,2,4,0.16056861,3,4,0.12647186,-4363.175,11.228844,-0.53015115,-4351.416
1,4,0.30514447,2,4,0.19039786,3,4,0.13332867,-4364.5524,12.57742,-2.0733371,-4349.9017
1,4,0.27732557,2,4,0.1801456,3,4,0.14309346,-4363.8843,12.011293,-1.391893,-4350.4811
1,4,0.28974538,2,4,0.18700801,3,4,0.10908182,-4363.4311,11.716704,-0.81408331,-4350.9003
1,4,0.29319412,2,4,0.17899864,3,4,0.12401735,-4362.8886,11.924202,-0.28416981,-4350.6802
1,4,0.2364642,2,4,0.15646072,3,4,0.13541331,-4366.7211,10.566765,-3.6060083,-4352.5483
1,4,0.32948663,2,4,0.17353339,3,4,0.12107855,-4365.6301,12.481971,-3.4170884,-4349.731
1,4,0.28152786,2,4,0.16437604,3,4,0.12727029,-4362.9007,11.463484,-0.27811261,-4351.1591
1,4,0.28701669,2,4,0.17192467,3,4,0.1184977,-4362.7737,11.548781,-0.15824599,-4351.0667
1,4,0.28130599,2,4,0.16897834,3,4,0.098446449,-4365.0679,10.974616,-2.1587292,-4351.9346
1,4,0.22637367,2,4,0.15175032,3,4,0.13332405,-4368.9442,10.228961,-5.3663741,-4353.3489
1,4,0.29685137,2,4,0.17948394,3,4,0.10560403,-4363.8238,11.638787,-1.1699084,-4351.0151
1,4,0.28916538,2,4,0.16437698,3,4,0.13503237,-4363.2971,11.771495,-0.70739676,-4350.8183
1,4,0.28389324,2,4,0.16792753,3,4,0.12531778,-4362.7554,11.542771,-0.13950423,-4351.0731
1,4,0.29328644,2,4,0.20104681,3,4,0.12226326,-4364.2547,12.33193,-1.7995628,-4350.1232
1,4,0.30496048,2,4,0.1628646,3,4,0.13160786,-4363.9231,11.988659,-1.3829232,-4350.5516
1,4,0.30706078,2,4,0.17907838,3,4,0.11519713,-4363.6711,12.026726,-1.1253423,-4350.519
1,4,0.29593787,2,4,0.18088159,3,4,0.13880158,-4363.9258,12.312421,-1.4060479,-4350.2073
1,4,0.28601988,2,4,0.1860884,3,4,0.10141012,-4364.1776,11.470368,-1.4510096,-4351.2562
1,4,0.27030209,2,4,0.16927206,3,4,0.12800178,-4362.8709,11.351519,-0.25024536,-4351.2692
1,4,0.29490216,2,4,0.19768011,3,4,0.12021502,-4363.9402,12.255946,-1.4402993,-4350.2439
1,4,0.33085928,2,4,0.17013878,3,4,0.12549958,-4365.8989,12.529953,-3.7345459,-4349.6344
1,4,0.29783788,2,4,0.17237428,3,4,0.10015657,-4364.7751,11.407375,-1.9854934,-4351.3823
1,4,0.25857137,2,4,0.18641561,3,4,0.13174065,-4363.819,11.534553,-1.2069078,-4351.0775
1,4,0.2908986,2,4,0.1765395,3,4,0.1197908,-4362.7867,11.744578,-0.17730262,-4350.8649
1,4,0.25751055,2,4,0.18075895,3,4,0.1523899,-4365.6697,11.813188,-3.3478769,-4350.5086
1,4,0.30548794,2,4,0.1938866,3,4,0.12908799,-4364.543,12.569251,-2.0718549,-4349.9019
1,4,0.28543106,2,4,0.18309782,3,4,0.13675598,-4363.4775,12.105697,-0.91928481,-4350.4525
1,4,0.29862835,2,4,0.18904346,3,4,0.13322679,-4364.042,12.417972,-1.5131184,-4350.1109
1,4,0.29249725,2,4,0.15815124,3,4,0.14560805,-4364.5693,11.925131,-2.098476,-4350.5457
1,4,0.29188921,2,4,0.1787885,3,4,0.12253803,-4362.8254,11.864315,-0.21845529,-4350.7426
1,4,0.28948064,2,4,0.16555443,3,4,0.11188803,-4363.4661,11.338462,-0.80728593,-4351.3203
1,4,0.29668208,2,4,0.16018845,3,4,0.13613305,-4363.8365,11.860072,-1.2699602,-4350.7065
1,4,0.29351233,2,4,0.19665525,3,4,0.11374119,-4363.8425,12.078175,-1.323003,-4350.4413
1,4,0.26265688,2,4,0.16781172,3,4,0.10233585,-4365.1417,10.656089,-2.2853451,-4352.2002
1,4,0.30083104,2,4,0.17405277,3,4,0.12161057,-4363.1777,11.929888,-0.59445201,-4350.6534
1,4,0.28607668,2,4,0.14010819,3,4,0.11117327,-4367.0584,10.747163,-3.8366187,-4352.4746
1,4,0.27739789,2,4,0.19213558,3,4,0.10896906,-4363.6493,11.570051,-1.0286335,-4351.0506
1,4,0.30917675,2,4,0.15967713,3,4,0.1332016,-4364.4641,12.04111,-1.964979,-4350.458
1,4,0.26138652,2,4,0.14445644,3,4,0.14088268,-4365.8911,10.934513,-2.9559086,-4352.0006
1,4,0.25107041,2,4,0.17504288,3,4,0.12078856,-4363.9998,10.938037,-1.2759884,-4351.7857
1,4,0.28901195,2,4,0.16820192,3,4,0.11481469,-4363.1003,11.440571,-0.46988049,-4351.1899
1,4,0.29020051,2,4,0.17782429,3,4,0.11475629,-4362.9258,11.655622,-0.31074632,-4350.9595
1,4,0.26585322,2,4,0.16439725,3,4,0.12870749,-4363.2216,11.179159,-0.57860835,-4351.4638
1,4,0.30301435,2,4,0.17745521,3,4,0.10092669,-4364.6999,11.627925,-1.9916446,-4351.0804
1,4,0.30262335,2,4,0.16918318,3,4,0.12644406,-4363.393,11.965012,-0.82329734,-4350.6047
1,4,0.25200308,2,4,0.1802631,3,4,0.14633396,-4365.2268,11.572003,-2.7036667,-4350.9512
1,4,0.3265326,2,4,0.17119697,3,4,0.11578691,-4365.418,12.270329,-3.1145737,-4350.0331
1,4,0.24914348,2,4,0.17846016,3,4,0.11452178,-4364.504,10.842509,-1.7260651,-4351.9354
1,4,0.26807053,2,4,0.14471578,3,4,0.12967086,-4365.2041,10.849143,-2.2902998,-4352.0647
1,4,0.29240346,2,4,0.17450119,3,4,0.11099425,-4363.2419,11.557978,-0.60941109,-4351.0745
1,4,0.26161438,2,4,0.17174333,3,4,0.13406391,-4363.4001,11.348433,-0.76847683,-4351.2832
1,4,0.27755249,2,4,0.18015539,3,4,0.13099005,-4362.8964,11.773959,-0.29370211,-4350.8288
1,4,0.25934923,2,4,0.16830316,3,4,0.13653275,-4363.7191,11.283703,-1.074576,-4351.3608
1,4,0.27828097,2,4,0.19396927,3,4,0.13562349,-4364.067,12.157475,-1.5756838,-4350.3338
1,4,0.26544891,2,4,0.17726492,3,4,0.11675529,-4363.1148,11.189382,-0.47861959,-4351.4468
1,4,0.29257012,2,4,0.13145811,3,4,0.10847388,-4369.8355,10.650042,-6.0079403,-4353.1775
1,4,0.30663959,2,4,0.18607146,3,4,0.13429185,-4364.4375,12.540058,-1.9518123,-4349.9457
1,4,0.31955694,2,4,0.18622345,3,4,0.12129047,-4364.8459,12.541417,-2.471937,-4349.8325
1,4,0.27700512,2,4,0.18535834,3,4,0.1122979,-4363.1268,11.493227,-0.50105225,-4351.1326
1,4,0.25511427,2,4,0.16894874,3,4,0.12358142,-4363.6992,10.952889,-1.0118637,-4351.7344
1,4,0.29409509,2,4,0.19856174,3,4,0.13507591,-4364.8446,12.554655,-2.4242132,-4349.8657
1,4,0.27326206,2,4,0.17698123,3,4,0.12673987,-4362.7279,11.539663,-0.11404569,-4351.0742
1,4,0.28429787,2,4,0.17728073,3,4,0.11382802,-4362.8852,11.508132,-0.26200368,-4351.1151
1,4,0.27245938,2,4,0.18047324,3,4,0.13113397,-4362.972,11.681332,-0.36893648,-4350.9217
1,4,0.26796781,2,4,0.20163877,3,4,0.10442839,-4365.0485,11.4807,-2.413387,-4351.1544
1,4,0.28098349,2,4,0.18558275,3,4,0.13876787,-4363.7336,12.106682,-1.2070099,-4350.4199
1,4,0.25746683,2,4,0.14887957,3,4,0.1462289,-4365.9326,11.051506,-3.1148174,-4351.7663
1,4,0.26292682,2,4,0.19062098,3,4,0.12232288,-4363.5638,11.517414,-0.9550098,-4351.0914
1,4,0.27888199,2,4,0.17023503,3,4,0.13407842,-4362.9599,11.663909,-0.35989463,-4350.9361
1,4,0.28151062,2,4,0.16755901,3,4,0.15297265,-4364.9378,12.040846,-2.6361263,-4350.2609
1,4,0.29234128,2,4,0.17578173,3,4,0.12310934,-4362.813,11.824647,-0.20592625,-4350.7824
1,4,0.28289275,2,4,0.17438947,3,4,0.12974684,-4362.7556,11.740581,-0.14652416,-4350.8685
1,4,0.28839851,2,4,0.19281032,3,4,0.12019337,-4363.3465,12.028044,-0.78208815,-4350.5364
1,4,0.28092045,2,4,0.19593311,3,4,0.10687115,-4364.0149,11.674494,-1.4142317,-4350.9262
1,4,0.28652072,2,4,0.20152972,3,4,0.13282508,-4364.7163,12.41751,-2.3115083,-4349.9873
1,4,0.27807227,2,4,0.16705437,3,4,0.12887177,-4362.8225,11.479968,-0.20563645,-4351.1369
1,4,0.25174082,2,4,0.194831,3,4,0.12192294,-4364.6637,11.369895,-2.0052718,-4351.2885
1,4,0.28296603,2,4,0.18493426,3,4,0.13127659,-4363.1313,11.983537,-0.54148642,-4350.6063
1,4,0.26824339,2,4,0.17317434,3,4,0.15117378,-4364.8044,11.85183,-2.4338423,-4350.5187
1,4,0.28618056,2,4,0.18997313,3,4,0.1076948,-4363.6105,11.67697,-0.98919086,-4350.9444
1,4,0.27018549,2,4,0.19985243,3,4,0.12249591,-4364.0308,11.850677,-1.5260279,-4350.6541
1,4,0.27755831,2,4,0.15353839,3,4,0.13795374,-4364.064,11.381009,-1.3938025,-4351.2891
1,4,0.31104012,2,4,0.17533845,3,4,0.1051312,-4364.6856,11.830195,-2.0975943,-4350.7578
1,4,0.291863,2,4,0.12662037,3,4,0.12569039,-4369.3286,10.883475,-5.5523619,-4352.8928
1,4,0.26643178,2,4,0.1791548,3,4,0.12069993,-4362.9561,11.32573,-0.33030013,-4351.3001
1,4,0.28122218,2,4,0.18592487,3,4,0.12520195,-4362.9109,11.84698,-0.30939218,-4350.7546
1,4,0.27726239,2,4,0.18738807,3,4,0.10817561,-4363.5009,11.456521,-0.85149394,-4351.1928
1,4,0.30439526,2,4,0.18866164,3,4,0.12592423,-4363.9071,12.379623,-1.3771424,-4350.1503
1,4,0.30138439,2,4,0.14485724,3,4,0.12843858,-4365.4643,11.493604,-2.6730834,-4351.2976
1,4,0.25549291,2,4,0.1752246,3,4,0.12234739,-4363.5735,11.061298,-0.89503379,-4351.6172
1,4,0.2275616,2,4,0.17636534,3,4,0.12079158,-4367.3392,10.49437,-4.0512737,-4352.7936
1,4,0.25308018,2,4,0.157089,3,4,0.11538449,-4365.1413,10.511073,-2.336379,-4352.2938
1,4,0.28501619,2,4,0.17914878,3,4,0.12750866,-4362.7676,11.833473,-0.15714038,-4350.777
1,4,0.27805768,2,4,0.18165774,3,4,0.11740032,-4362.7811,11.542315,-0.16625234,-4351.0725
1,4,0.26996873,2,4,0.17306414,3,4,0.14403003,-4363.882,11.741258,-1.3667394,-4350.774
1,4,0.27845932,2,4,0.16425016,3,4,0.12127333,-4362.9553,11.279656,-0.32744622,-4351.3481
1,4,0.23941558,2,4,0.14744575,3,4,0.12687222,-4367.3872,10.274671,-4.1661782,-4352.9463
1,4,0.28479466,2,4,0.16593889,3,4,0.12187876,-4362.8646,11.452246,-0.24324419,-4351.1691
1,4,0.25768786,2,4,0.17695214,3,4,0.1179253,-4363.5364,11.051306,-0.86512614,-4351.6199
1,4,0.24772641,2,4,0.1678117,3,4,0.12451685,-4364.4221,10.801099,-1.6487163,-4351.9723
1,4,0.26609757,2,4,0.15522566,3,4,0.11942875,-4364.1354,10.81504,-1.4135446,-4351.9069
1,4,0.28369492,2,4,0.16476523,3,4,0.14160465,-4363.6636,11.801296,-1.1204465,-4350.7419
1,4,0.26469796,2,4,0.17547017,3,4,0.11288837,-4363.4036,11.06113,-0.746426,-4351.5961
1,4,0.2862642,2,4,0.16775878,3,4,0.12474346,-4362.7898,11.575329,-0.17427873,-4351.0402
1,4,0.2607388,2,4,0.16153246,3,4,0.12484768,-4363.6614,10.942379,-0.98282135,-4351.7362
1,4,0.24921421,2,4,0.18172409,3,4,0.11777475,-4364.3448,10.974261,-1.5881505,-4351.7824
1,4,0.29484058,2,4,0.16864761,3,4,0.12512901,-4363.0039,11.772344,-0.40118148,-4350.8304
1,4,0.28139146,2,4,0.17806809,3,4,0.12726112,-4362.7008,11.734413,-0.088931282,-4350.8775
1,4,0.28284772,2,4,0.19476589,3,4,0.12873156,-4363.675,12.126904,-1.1401453,-4350.4079
1,4,0.33039971,2,4,0.17425394,3,4,0.094282137,-4368.0702,11.978716,-5.5356858,-4350.5558
1,4,0.25691091,2,4,0.19138024,3,4,0.12426001,-4363.9999,11.451023,-1.3720389,-4351.1768
1,4,0.29821913,2,4,0.16047962,3,4,0.10862047,-4364.46,11.346385,-1.7342294,-4351.3794
1,4,0.27715631,2,4,0.19688064,3,4,0.12891937,-4363.8592,12.059127,-1.3493086,-4350.4508
1,4,0.29968486,2,4,0.17156896,3,4,0.1363876,-4363.6939,12.152828,-1.1586044,-4350.3824
1,4,0.28546279,2,4,0.16824557,3,4,0.12101977,-4362.7926,11.494563,-0.17522045,-4351.1228
1,4,0.29617069,2,4,0.18651473,3,4,0.11009548,-4363.522,11.855618,-0.92862537,-4350.7378
1,4,0.28048389,2,4,0.16970353,3,4,0.12504932,-4362.6854,11.504735,-0.070468538,-4351.1102
1,4,0.26733239,2,4,0.16629686,3,4,0.13561249,-4363.3359,11.384835,-0.71553444,-4351.2355
1,4,0.29081236,2,4,0.16737382,3,4,0.089401341,-4367.3459,10.95175,-3.9814685,-4352.4127
1,4,0.26159547,2,4,0.17208578,3,4,0.1540357,-4365.4379,11.754339,-3.1102508,-4350.5733
1,4,0.28812868,2,4,0.1593721,3,4,0.11992354,-4363.4021,11.348486,-0.74604772,-4351.3075
1,4,0.27457452,2,4,0.19103384,3,4,0.1379924,-4364.0433,12.072015,-1.5495138,-4350.4218
1,4,0.31362664,2,4,0.16126879,3,4,0.1233689,-4364.4985,11.965286,-1.9915629,-4350.5416
1,4,0.32129836,2,4,0.17833845,3,4,0.13071924,-4365.1138,12.607121,-2.7749482,-4349.7317
1,4,0.27866633,2,4,0.14704937,3,4,0.12854973,-4364.5919,11.085309,-1.7725117,-4351.7341
1,4,0.26285692,2,4,0.17512835,3,4,0.12011558,-4363.1292,11.162017,-0.49115257,-4351.4761
1,4,0.29087845,2,4,0.18570641,3,4,0.12924443,-4363.235,12.116586,-0.64620426,-4350.4722
1,4,0.2691396,2,4,0.16749414,3,4,0.13898809,-4363.4711,11.512437,-0.87889292,-4351.0798
1,4,0.3305502,2,4,0.17468535,3,4,0.12546508,-4365.8325,12.614013,-3.6637375,-4349.5547
1,4,0.25813097,2,4,0.17494984,3,4,0.096356912,-4366.3007,10.588754,-3.2100503,-4352.5019
1,4,0.28735814,2,4,0.18436553,3,4,0.11178934,-4363.1267,11.67026,-0.50955262,-4350.9469
1,4,0.23520477,2,4,0.17132198,3,4,0.12102034,-4366.0693,10.550942,-3.0350297,-4352.4833
1,4,0.30164279,2,4,0.17062161,3,4,0.098194994,-4365.3587,11.409188,-2.514485,-4351.4351
1,4,0.24722092,2,4,0.18406153,3,4,0.11730108,-4364.6409,10.971671,-1.8543169,-4351.815
1,4,0.26181308,2,4,0.16724127,3,4,0.11923891,-4363.4257,10.965865,-0.7741262,-4351.6857
1,4,0.29072574,2,4,0.13863093,3,4,0.14910112,-4367.0612,11.569156,-4.3187235,-4351.1733
1,4,0.29284604,2,4,0.19772812,3,4,0.11176445,-4363.9752,12.046772,-1.4620139,-4350.4664
1,4,0.26339708,2,4,0.22396132,3,4,0.11845584,-4367.5771,12.116285,-5.7145415,-4349.7462
1,4,0.3127119,2,4,0.19606239,3,4,0.11776303,-4364.8359,12.530746,-2.451308,-4349.8539
1,4,0.2738238,2,4,0.17040212,3,4,0.13187807,-4362.8896,11.52208,-0.27883567,-4351.0887
1,4,0.30732333,2,4,0.16134187,3,4,0.11377467,-4364.3872,11.648797,-1.7682247,-4350.9702
1,4,0.2785682,2,4,0.17386092,3,4,0.13079936,-4362.7802,11.66457,-0.17204108,-4350.9436
1,4,0.27568289,2,4,0.16899748,3,4,0.12489025,-4362.7348,11.391412,-0.11820582,-4351.2252
1,4,0.28431815,2,4,0.17294721,3,4,0.10897284,-4363.3309,11.324764,-0.66987918,-4351.3362
1,4,0.26525581,2,4,0.1584707,3,4,0.13599859,-4363.8475,11.194502,-1.1742695,-4351.4787
1,4,0.29507009,2,4,0.16929798,3,4,0.134654,-4363.3577,11.980441,-0.78780112,-4350.5895
1,4,0.27432434,2,4,0.19898657,3,4,0.10464664,-4364.5635,11.559151,-1.939151,-4351.0652
1,4,0.28199636,2,4,0.17575198,3,4,0.13747746,-4363.2314,11.904516,-0.66064118,-4350.6662
1,4,0.27054099,2,4,0.18769428,3,4,0.093439902,-4365.9682,11.033503,-2.9094434,-4352.0252
1,4,0.28380717,2,4,0.1610638,3,4,0.11557504,-4363.4403,11.20892,-0.77785185,-4351.4535
1,4,0.27453046,2,4,0.17166941,3,4,0.1253721,-4362.6956,11.431439,-0.080573037,-4351.1836
1,4,0.23377183,2,4,0.15158617,3,4,0.13576879,-4367.6855,10.422536,-4.388519,-4352.8744
1,4,0.25958726,2,4,0.17036179,3,4,0.13654771,-4363.6703,11.329935,-1.0346788,-4351.3057
1,4,0.2820443,2,4,0.18296061,3,4,0.11818044,-4362.7821,11.663707,-0.17104849,-4350.9473
1,4,0.27033306,2,4,0.18907532,3,4,0.12749814,-4363.276,11.73813,-0.68957044,-4350.8483
1,4,0.28960987,2,4,0.15748683,3,4,0.12264919,-4363.5155,11.394918,-0.8532878,-4351.2673
1,4,0.29867576,2,4,0.15734893,3,4,0.13199525,-4363.9222,11.760399,-1.3216342,-4350.8401
1,4,0.25142984,2,4,0.17912129,3,4,0.12548924,-4363.926,11.120807,-1.2178458,-4351.5874
1,4,0.26260391,2,4,0.18055441,3,4,0.12944279,-4363.245,11.452022,-0.62021018,-4351.1728
1,4,0.26725027,2,4,0.16814452,3,4,0.12943597,-4363.0324,11.296615,-0.40454991,-4351.3313
1,4,0.32000649,2,4,0.2161869,3,4,0.098257944,-4368.3459,12.689027,-6.5731441,-4349.0838
1,4,0.30934114,2,4,0.17845324,3,4,0.12246764,-4363.7461,12.20524,-1.2225127,-4350.3183
1,4,0.28792063,2,4,0.17711902,3,4,0.10961045,-4363.2252,11.493002,-0.58176772,-4351.1505
1,4,0.25951856,2,4,0.1868528,3,4,0.12186815,-4363.5526,11.36479,-0.91188885,-4351.2759
1,4,0.27696309,2,4,0.14168246,3,4,0.11347739,-4366.4687,10.642459,-3.3599192,-4352.4664
1,4,0.28064443,2,4,0.18343275,3,4,0.12650701,-4362.8325,11.811684,-0.2259686,-4350.7949
1,4,0.27168048,2,4,0.16520037,3,4,0.13727773,-4363.3501,11.483172,-0.74510998,-4351.1219
1,4,0.28434899,2,4,0.16154456,3,4,0.11362332,-4363.5491,11.190337,-0.87746471,-4351.4813
1,4,0.2680056,2,4,0.17858045,3,4,0.147725,-4364.4974,11.886221,-2.0743368,-4350.5368
1,4,0.28789038,2,4,0.18062215,3,4,0.13356467,-4363.1791,12.041544,-0.59217891,-4350.5454
1,4,0.28019296,2,4,0.17477428,3,4,0.1213264,-4362.6257,11.525873,-0.011965242,-4351.0879
1,4,0.2855461,2,4,0.1440795,3,4,0.12485316,-4365.1452,11.089575,-2.2448532,-4351.8108
1,4,0.26773781,2,4,0.18144976,3,4,0.12508734,-4362.9432,11.485498,-0.32546508,-4351.1323
1,4,0.27822647,2,4,0.18125617,3,4,0.10484366,-4363.7172,11.286526,-1.0127841,-4351.4179
1,4,0.27794555,2,4,0.17887585,3,4,0.11983126,-4362.6756,11.533053,-0.061503561,-4351.081
1,4,0.29443513,2,4,0.17347892,3,4,0.13504295,-4363.3462,12.05914,-0.77694189,-4350.5101
1,4,0.3055744,2,4,0.19556582,3,4,0.10381466,-4364.8817,12.099098,-2.3886327,-4350.3939
1,4,0.27962513,2,4,0.17566292,3,4,0.11340373,-4362.9216,11.373836,-0.29346541,-4351.2543
1,4,0.29007525,2,4,0.17643227,3,4,0.10336133,-4363.9564,11.397377,-1.2364721,-4351.3225
1,4,0.28789095,2,4,0.17477261,3,4,0.12301847,-4362.6928,11.713641,-0.080723711,-4350.8984
1,4,0.27138696,2,4,0.1859558,3,4,0.13180911,-4363.2678,11.783038,-0.68371998,-4350.8011
1,4,0.2799368,2,4,0.19241232,3,4,0.095963403,-4365.2776,11.36625,-2.421774,-4351.4895
1,4,0.25989567,2,4,0.17276513,3,4,0.11498004,-4363.5937,10.952817,-0.92472632,-4351.7162
1,4,0.2422228,2,4,0.18227343,3,4,0.13118499,-4365.1062,11.113624,-2.2977754,-4351.6948
1,4,0.27030008,2,4,0.16923877,3,4,0.14332853,-4363.7983,11.657347,-1.2599045,-4350.8811
1,4,0.27055251,2,4,0.16915209,3,4,0.11577692,-4363.1169,11.10963,-0.48537899,-4351.5219
1,4,0.27153511,2,4,0.16954364,3,4,0.1524889,-4364.8864,11.871353,-2.5425094,-4350.4726
1,4,0.28753983,2,4,0.16909643,3,4,0.13055733,-4362.9027,11.743872,-0.29716033,-4350.8616
1,4,0.24382819,2,4,0.19838588,3,4,0.11374764,-4366.067,11.119234,-3.244827,-4351.7029
1,4,0.2890921,2,4,0.16761729,3,4,0.1574067,-4365.7969,12.282322,-3.6972323,-4349.8174
1,4,0.29048813,2,4,0.18840096,3,4,0.11094611,-4363.3756,11.796704,-0.77634056,-4350.8026
1,4,0.26455929,2,4,0.16156198,3,4,0.13998984,-4363.9303,11.322222,-1.297854,-4351.3102
1,4,0.27250301,2,4,0.18163264,3,4,0.11327002,-4363.0729,11.348113,-0.44016573,-4351.2846
1,4,0.27989429,2,4,0.17714966,3,4,0.13854367,-4363.3359,11.911752,-0.77587124,-4350.6482
1,4,0.26668625,2,4,0.15718415,3,4,0.1243784,-4363.7144,10.964976,-1.0255064,-4351.7239
1,4,0.29897043,2,4,0.17037044,3,4,0.10860385,-4363.8084,11.558895,-1.1590952,-4351.0904
1,4,0.27811016,2,4,0.16022423,3,4,0.14482346,-4364.1172,11.663157,-1.5809269,-4350.8732
1,4,0.2836456,2,4,0.1801312,3,4,0.12530191,-4362.715,11.781574,-0.10318821,-4350.8303
1,4,0.25567556,2,4,0.16570024,3,4,0.12836596,-4363.767,10.994835,-1.0736461,-4351.6985
1,4,0.25958426,2,4,0.1778229,3,4,0.11619547,-4363.4862,11.072053,-0.82079771,-4351.5933
1,4,0.30799132,2,4,0.19142281,3,4,0.11877258,-4364.1494,12.363734,-1.6661642,-4350.1195
1,4,0.24836113,2,4,0.16118171,3,4,0.13082399,-4364.7166,10.807337,-1.9122697,-4351.997
1,4,0.28382352,2,4,0.18514934,3,4,0.11590142,-4362.9232,11.697485,-0.31480314,-4350.9109
1,4,0.29102721,2,4,0.16645151,3,4,0.11916702,-4363.0266,11.532915,-0.40601417,-4351.0876
1,4,0.30000766,2,4,0.17535262,3,4,0.11503841,-4363.275,11.807974,-0.68172541,-4350.7853
1,4,0.30930911,2,4,0.21958637,3,4,0.091559429,-4368.8853,12.409098,-6.9153388,-4349.5608
1,4,0.28196058,2,4,0.18693333,3,4,0.10825088,-4363.4323,11.542896,-0.7920272,-4351.0974
1,4,0.29144962,2,4,0.17160273,3,4,0.12942998,-4362.9309,11.849647,-0.32899113,-4350.7523
1,4,0.25476568,2,4,0.19341285,3,4,0.13927884,-4365.1255,11.749147,-2.6365339,-4350.7398
1,4,0.27855929,2,4,0.1671177,3,4,0.12168728,-4362.8021,11.347285,-0.18274057,-4351.2721
1,4,0.26704037,2,4,0.17921743,3,4,0.12810803,-4362.9736,11.487317,-0.35572818,-4351.1306
1,4,0.25929608,2,4,0.18414104,3,4,0.098920872,-4365.5462,10.84716,-2.5908238,-4352.1082
1,4,0.24839913,2,4,0.18475867,3,4,0.14683429,-4365.813,11.599842,-3.3103076,-4350.9029
1,4,0.25533708,2,4,0.19157569,3,4,0.097288596,-4366.3862,10.884027,-3.334937,-4352.1672
1,4,0.28462072,2,4,0.21064176,3,4,0.10046984,-4365.9752,11.914646,-3.555911,-4350.5046
1,4,0.30669667,2,4,0.18497806,3,4,0.12609322,-4363.8634,12.355359,-1.3341389,-4350.1739
1,4,0.23452063,2,4,0.18416618,3,4,0.11969952,-4366.2662,10.767727,-3.2203646,-4352.2781
1,4,0.27128975,2,4,0.21454826,3,4,0.11561984,-4365.7681,12.029157,-3.5486573,-4350.1903
1,4,0.25942953,2,4,0.19016536,3,4,0.12235296,-4363.7389,11.438957,-1.111964,-4351.188
1,4,0.28332504,2,4,0.16789257,3,4,0.113578,-4363.1313,11.295912,-0.49232573,-4351.343
1,4,0.27876246,2,4,0.17023489,3,4,0.1022816,-4364.3426,11.025579,-1.552994,-4351.764
1,4,0.31487925,2,4,0.17560646,3,4,0.10531296,-4364.9443,11.915974,-2.4019605,-4350.6264
1,4,0.25434674,2,4,0.17220804,3,4,0.12656647,-4363.6677,11.062425,-0.98022433,-4351.6251
1,4,0.27583742,2,4,0.18163075,3,4,0.1392719,-4363.5602,11.934801,-1.0192313,-4350.6062
1,4,0.30806627,2,4,0.17414982,3,4,0.12009413,-4363.6308,12.046205,-1.0905026,-4350.4941
1,4,0.30374832,2,4,0.20093624,3,4,0.10818985,-4364.8642,12.257488,-2.4568735,-4350.1498
1,4,0.27353991,2,4,0.17775366,3,4,0.12097778,-4362.7097,11.445427,-0.094329681,-4351.1699
1,4,0.31192576,2,4,0.18344851,3,4,0.10956168,-4364.3485,12.098719,-1.8491431,-4350.4007
1,4,0.31614843,2,4,0.15570246,3,4,0.11853564,-4365.3094,11.807731,-2.7538379,-4350.7478
1,4,0.28037485,2,4,0.17446168,3,4,0.12537024,-4362.6282,11.604135,-0.014720175,-4351.0094
1,4,0.27364734,2,4,0.16899689,3,4,0.14221179,-4363.6307,11.69712,-1.0853931,-4350.8482
1,4,0.26019729,2,4,0.17068303,3,4,0.097260955,-4366.1386,10.562826,-3.0936589,-4352.4821
1,4,0.33869376,2,4,0.17906672,3,4,0.11229786,-4366.9057,12.601167,-4.9445808,-4349.3599
1,4,0.30118588,2,4,0.15476921,3,4,0.13683361,-4364.4931,11.855774,-1.9307495,-4350.7065
1,4,0.28850808,2,4,0.15911799,3,4,0.15357668,-4365.37,12.024055,-3.0817592,-4350.2642
1,4,0.26484331,2,4,0.1826835,3,4,0.12820314,-4363.1685,11.514599,-0.55166359,-4351.1022
1,4,0.2805891,2,4,0.15139331,3,4,0.13665857,-4364.2078,11.37282,-1.5102622,-4351.3247
1,4,0.28515247,2,4,0.16166355,3,4,0.13430174,-4363.2957,11.622355,-0.68554088,-4350.9878
1,4,0.28495654,2,4,0.16578225,3,4,0.13903699,-4363.4357,11.795516,-0.87012274,-4350.77
1,4,0.31037985,2,4,0.18277225,3,4,0.12355094,-4363.9571,12.334061,-1.4515036,-4350.1715
1,4,0.27019138,2,4,0.16711501,3,4,0.1346959,-4363.1721,11.440046,-0.55807348,-4351.174
1,4,0.2991471,2,4,0.15644731,3,4,0.15387984,-4365.9891,12.189485,-3.7892742,-4350.0103
1,4,0.30550078,2,4,0.15577468,3,4,0.12436438,-4364.3453,11.712797,-1.7315094,-4350.901
1,4,0.30215427,2,4,0.16612821,3,4,0.09894187,-4365.5641,11.344487,-2.6953123,-4351.5243
1,4,0.28852735,2,4,0.171341,3,4,0.12934532,-4362.847,11.784274,-0.24062602,-4350.8221
1,4,0.30916017,2,4,0.18050424,3,4,0.10504229,-4364.5052,11.894134,-1.9286736,-4350.6824
1,4,0.28367594,2,4,0.19643462,3,4,0.12673055,-4363.7345,12.136822,-1.2104861,-4350.3872
1,4,0.28013672,2,4,0.16812558,3,4,0.13577031,-4363.0967,11.680652,-0.50341051,-4350.9126
1,4,0.28172354,2,4,0.16489375,3,4,0.12200485,-4362.8941,11.372443,-0.26955499,-4351.2521
1,4,0.28531918,2,4,0.14804974,3,4,0.13767431,-4364.6915,11.420864,-1.963774,-4351.3069
1,4,0.27971939,2,4,0.16321148,3,4,0.12364291,-4362.9634,11.331476,-0.33369835,-4351.2982
1,4,0.27471311,2,4,0.17902475,3,4,0.12686095,-4362.7395,11.611976,-0.12729777,-4351.0002
1,4,0.31803043,2,4,0.16881917,3,4,0.11440355,-4364.7182,12.025063,-2.2546987,-4350.4384
1,4,0.27442082,2,4,0.19228351,3,4,0.11130278,-4363.5539,11.560142,-0.94334844,-4351.0505
1,4,0.25889188,2,4,0.19108158,3,4,0.12657195,-4363.8895,11.530908,-1.2811126,-4351.0774
1,4,0.24224155,2,4,0.19586354,3,4,0.10803331,-4366.5591,10.922768,-3.5874803,-4352.0488
1,4,0.30979906,2,4,0.17263417,3,4,0.12103874,-4363.7642,12.069439,-1.2382121,-4350.4565
1,4,0.2653835,2,4,0.16632482,3,4,0.13086406,-4363.2065,11.251448,-0.56959914,-4351.3855
1,4,0.28889661,2,4,0.15397137,3,4,0.10312107,-4365.7918,10.919781,-2.8236743,-4352.0484
1,4,0.28064416,2,4,0.18516598,3,4,0.10829744,-4363.3823,11.482152,-0.73441225,-4351.1658
1,4,0.2890984,2,4,0.16985981,3,4,0.12849199,-4362.8549,11.749004,-0.24726477,-4350.8587
1,4,0.26443753,2,4,0.18145709,3,4,0.12257349,-4363.0722,11.369362,-0.44402406,-4351.2588
1,4,0.29913442,2,4,0.15913002,3,4,0.11954571,-4363.8006,11.556203,-1.1606418,-4351.0837
1,4,0.28910916,2,4,0.18931799,3,4,0.10137718,-4364.2933,11.596087,-1.597755,-4351.0995
1,4,0.28170815,2,4,0.17295983,3,4,0.12463593,-4362.6318,11.586078,-0.018192049,-4351.0275
1,4,0.31542683,2,4,0.17421728,3,4,0.13771313,-4364.9924,12.547145,-2.6261812,-4349.819
1,4,0.24857205,2,4,0.18303319,3,4,0.12137771,-4364.3287,11.059659,-1.5805137,-4351.6885
1,4,0.26616034,2,4,0.15864611,3,4,0.13194447,-4363.6395,11.135018,-0.9639776,-4351.5405
1,4,0.27859764,2,4,0.17563119,3,4,0.13820905,-4363.2701,11.848757,-0.70319886,-4350.7181
1,4,0.26663018,2,4,0.16193545,3,4,0.12592045,-4363.3161,11.089721,-0.66437989,-4351.562
1,4,0.28157499,2,4,0.18466787,3,4,0.1089176,-4363.3112,11.503209,-0.6688446,-4351.1391
1,4,0.24226488,2,4,0.17293493,3,4,0.14702869,-4366.0929,11.24457,-3.3850441,-4351.4633
1,4,0.29895712,2,4,0.16994668,3,4,0.12691122,-4363.1874,11.916301,-0.60138128,-4350.6697
1,4,0.25801886,2,4,0.17902392,3,4,0.10532749,-4364.6194,10.847406,-1.8214583,-4351.9505
1,4,0.27165176,2,4,0.16449966,3,4,0.10960847,-4363.8796,10.915198,-1.1843584,-4351.78
1,4,0.25302496,2,4,0.16686529,3,4,0.13858923,-4364.3396,11.16959,-1.6473288,-4351.5227
1,4,0.25172761,2,4,0.17829516,3,4,0.13327277,-4364.0941,11.265911,-1.4090236,-4351.4191
1,4,0.27048657,2,4,0.17273101,3,4,0.13492757,-4363.1002,11.562903,-0.49874307,-4351.0385
1,4,0.24865259,2,4,0.15673645,3,4,0.12576661,-4365.0643,10.623113,-2.2219059,-4352.2193
1,4,0.25702036,2,4,0.18417894,3,4,0.1489888,-4365.4059,11.803762,-3.0204522,-4350.5817
1,4,0.27673429,2,4,0.1731198,3,4,0.10524359,-4363.817,11.101954,-1.0983415,-4351.6167
1,4,0.26818854,2,4,0.16936441,3,4,0.12551239,-4362.9117,11.261307,-0.28747583,-4351.3629
1,4,0.25257245,2,4,0.16588231,3,4,0.1290953,-4364.024,10.951001,-1.3023702,-4351.7706
1,4,0.28788559,2,4,0.17997391,3,4,0.13310282,-4363.1253,12.019246,-0.53471607,-4350.5713
1,4,0.25126227,2,4,0.18115521,3,4,0.14861443,-4365.6026,11.620638,-3.131661,-4350.8503
1,4,0.27216259,2,4,0.17464413,3,4,0.12677354,-4362.7376,11.471605,-0.12226675,-4351.1437
1,4,0.29821903,2,4,0.16054442,3,4,0.1298138,-4363.6063,11.771545,-1.0089574,-4350.8258
1,4,0.28213756,2,4,0.15623093,3,4,0.14795255,-4364.7011,11.726421,-2.2064613,-4350.7682
1,4,0.29551258,2,4,0.17330653,3,4,0.14423609,-4364.2549,12.261104,-1.8078767,-4350.1859
1,4,0.25698963,2,4,0.17922472,3,4,0.14018222,-4364.198,11.527931,-1.609966,-4351.0601
1,4,0.28313789,2,4,0.19261603,3,4,0.13411632,-4363.8602,12.197405,-1.3387637,-4350.3241
1,4,0.26677738,2,4,0.17549902,3,4,0.12730513,-4362.9153,11.39163,-0.29306428,-4351.2306
1,4,0.27206783,2,4,0.16188338,3,4,0.13981755,-4363.66,11.475375,-1.057823,-4351.1268
1,4,0.28061982,2,4,0.17148307,3,4,0.1318765,-4362.8367,11.679588,-0.23093372,-4350.9262
1,4,0.25515517,2,4,0.16395976,3,4,0.12059739,-4364.024,10.794246,-1.3180874,-4351.9116
1,4,0.30691556,2,4,0.19457974,3,4,0.11251958,-4364.3669,12.280298,-1.9070673,-4350.1795
1,4,0.2991265,2,4,0.19233376,3,4,0.096001191,-4365.4352,11.749229,-2.7113902,-4350.9746
1,4,0.30821776,2,4,0.18502318,3,4,0.10243979,-4364.7688,11.913615,-2.1820178,-4350.6731
1,4,0.27545918,2,4,0.15556764,3,4,0.10009529,-4366.2346,10.622442,-3.1941842,-4352.418
1,4,0.2695293,2,4,0.17284479,3,4,0.13398227,-4363.0703,11.527127,-0.46348807,-4351.0796
1,4,0.27260874,2,4,0.18014839,3,4,0.11518776,-4362.941,11.358898,-0.31560349,-4351.2665
1,4,0.25726814,2,4,0.17093094,3,4,0.11562713,-4363.7933,10.876524,-1.1084582,-4351.8083
1,4,0.27632996,2,4,0.16835534,3,4,0.12393448,-4362.7482,11.372396,-0.13106447,-4351.2448
1,4,0.32234632,2,4,0.15126489,3,4,0.11619561,-4366.5469,11.796136,-3.9828522,-4350.7679
1,4,0.24686437,2,4,0.17791237,3,4,0.121765,-4364.409,10.930835,-1.6339331,-4351.8442
1,4,0.30200165,2,4,0.14944789,3,4,0.13712402,-4365.0898,11.771471,-2.4796178,-4350.8387
1,4,0.30138024,2,4,0.18836008,3,4,0.12813987,-4363.8098,12.357604,-1.2644996,-4350.1877
1,4,0.28579171,2,4,0.17473687,3,4,0.12309175,-4362.6553,11.672406,-0.042273612,-4350.9406
1,4,0.2928616,2,4,0.18357598,3,4,0.12086136,-4362.9751,11.945979,-0.37604751,-4350.6531
1,4,0.28723179,2,4,0.19893884,3,4,0.13667357,-4364.7987,12.456884,-2.393307,-4349.9485
1,4,0.29319425,2,4,0.18112893,3,4,0.12204433,-4362.9157,11.92735,-0.31308866,-4350.6753
1,4,0.28311089,2,4,0.17823295,3,4,0.12813528,-4362.7445,11.789583,-0.13389059,-4350.821
1,4,0.28243567,2,4,0.14847802,3,4,0.11552283,-4364.9517,10.92873,-2.0963575,-4351.9266
1,4,0.29084009,2,4,0.18826628,3,4,0.10706502,-4363.6618,11.723428,-1.0395658,-4350.8988
1,4,0.26010112,2,4,0.1560088,3,4,0.098550283,-4367.3199,10.293204,-4.1614007,-4352.8653
1,4,0.27457732,2,4,0.14658742,3,4,0.11319501,-4365.6019,10.687195,-2.6629292,-4352.2518
1,4,0.29264396,2,4,0.1929683,3,4,0.14547029,-4365.4315,12.621651,-3.1180197,-4349.6919
1,4,0.29159301,2,4,0.15858529,3,4,0.11892774,-4363.593,11.382121,-0.92952514,-4351.2814
1,4,0.28839766,2,4,0.16604359,3,4,0.12250272,-4362.908,11.538879,-0.28905742,-4351.0801
1,4,0.28260343,2,4,0.1783098,3,4,0.1217993,-4362.6424,11.654251,-0.029074361,-4350.9591
1,4,0.30745607,2,4,0.19980307,3,4,0.12067595,-4364.8327,12.558702,-2.4412176,-4349.8328
1,4,0.28769584,2,4,0.18889892,3,4,0.13811637,-4364.0225,12.294223,-1.5139202,-4350.2144
1,4,0.29673774,2,4,0.16145912,3,4,0.1435948,-4364.3809,12.035833,-1.9136591,-4350.4314
1,4,0.25542087,2,4,0.17816955,3,4,0.1125286,-4364.0547,10.92238,-1.333628,-4351.7987
1,4,0.27965813,2,4,0.18814883,3,4,0.12810678,-4363.1289,11.918275,-0.5415757,-4350.6691
1,4,0.28210215,2,4,0.17873788,3,4,0.13719106,-4363.2835,11.960622,-0.71526817,-4350.6076
1,4,0.3087415,2,4,0.17797726,3,4,0.1081449,-4364.1949,11.897273,-1.6303087,-4350.6673
1,4,0.28340977,2,4,0.17179638,3,4,0.12515924,-4362.6606,11.607308,-0.047023591,-4351.0062
1,4,0.27468444,2,4,0.20989086,3,4,0.11005366,-4365.2316,11.892579,-2.8547307,-4350.4843
1,4,0.27137171,2,4,0.19044089,3,4,0.11487256,-4363.3458,11.533703,-0.73691797,-4351.0751
1,4,0.25600569,2,4,0.17537958,3,4,0.13216787,-4363.6633,11.271063,-1.0020495,-4351.3902
1,4,0.2829467,2,4,0.16625618,3,4,0.12548068,-4362.8095,11.493671,-0.19069308,-4351.1251
1,4,0.26663223,2,4,0.17189381,3,4,0.12483359,-4362.9169,11.267193,-0.29189443,-4351.3579
1,4,0.32133067,2,4,0.15627453,3,4,0.12057729,-4365.6522,11.96365,-3.194627,-4350.4939
1,4,0.27110305,2,4,0.16939916,3,4,0.12577834,-4362.8195,11.325611,-0.19987107,-4351.294
1,4,0.27378784,2,4,0.17180427,3,4,0.12657486,-4362.7191,11.443339,-0.10385479,-4351.1719
1,4,0.28540969,2,4,0.19443636,3,4,0.11528755,-4363.4598,11.902672,-0.89963042,-4350.6575
1,4,0.30794626,2,4,0.17871061,3,4,0.13999102,-4364.7095,12.532958,-2.2846518,-4349.8919
1,4,0.29911857,2,4,0.15477158,3,4,0.094437069,-4367.7763,10.966544,-4.4638469,-4352.3459
1,4,0.25267368,2,4,0.16462538,3,4,0.14430932,-4364.9057,11.232168,-2.2409392,-4351.4326
1,4,0.27328039,2,4,0.17242135,3,4,0.11574169,-4362.9356,11.228869,-0.31107804,-4351.3957
1,4,0.29818773,2,4,0.19849521,3,4,0.10387088,-4364.7315,12.011076,-2.2154181,-4350.505
1,4,0.25815438,2,4,0.16521565,3,4,0.13858541,-4364.0165,11.239109,-1.3595029,-4351.4179
1,4,0.27700746,2,4,0.19582171,3,4,0.114063,-4363.6105,11.737843,-1.0446147,-4350.828
1,4,0.29739694,2,4,0.17264432,3,4,0.11881466,-4363.0631,11.777118,-0.46400932,-4350.822
1,4,0.27193052,2,4,0.19252989,3,4,0.10547801,-4364.1301,11.398768,-1.4532972,-4351.278
1,4,0.25522809,2,4,0.18175108,3,4,0.11543731,-4363.9001,11.04833,-1.1972472,-4351.6545
1,4,0.27444867,2,4,0.20423199,3,4,0.14923822,-4366.9146,12.558377,-4.9521495,-4349.4041
1,4,0.28686229,2,4,0.1759434,3,4,0.1023143,-4364.0768,11.3024,-1.3274967,-4351.4469
1,4,0.2980468,2,4,0.19615958,3,4,0.12302662,-4364.0076,12.34466,-1.503075,-4350.1598
1,4,0.31158583,2,4,0.19179026,3,4,0.12952528,-4364.8589,12.658027,-2.4277567,-4349.7731
1,4,0.28095045,2,4,0.16280576,3,4,0.13471178,-4363.2171,11.56936,-0.6064073,-4351.0413
1,4,0.25972204,2,4,0.17886953,3,4,0.11212363,-4363.7537,11.014304,-1.0635419,-4351.6758
1,4,0.30814773,2,4,0.18913616,3,4,0.10630633,-4364.4939,12.071805,-1.9771073,-4350.445
1,4,0.28952259,2,4,0.18805381,3,4,0.12124512,-4363.08,11.97643,-0.48934679,-4350.6142
1,4,0.29411595,2,4,0.19350649,3,4,0.11256885,-4363.6731,12.003826,-1.1233713,-4350.5459
1,4,0.25374448,2,4,0.15783749,3,4,0.14704223,-4365.4407,11.172484,-2.7483835,-4351.5199
1,4,0.26612997,2,4,0.18779286,3,4,0.11965244,-4363.265,11.471505,-0.64809005,-4351.1454
1,4,0.25054713,2,4,0.17257876,3,4,0.13992182,-4364.566,11.260954,-1.887073,-4351.4179
1,4,0.30302726,2,4,0.16424098,3,4,0.11335911,-4363.943,11.612547,-1.318428,-4351.012
1,4,0.28701122,2,4,0.17754343,3,4,0.14581138,-4364.2374,12.20732,-1.8004654,-4350.2296
1,4,0.28050488,2,4,0.18945747,3,4,0.11320984,-4363.2122,11.663444,-0.60808177,-4350.9407
1,4,0.28606789,2,4,0.17014956,3,4,0.11489121,-4362.9715,11.422173,-0.34469452,-4351.2046
1,4,0.2943203,2,4,0.18735224,3,4,0.1104326,-4363.4677,11.842103,-0.87279281,-4350.7528
1,4,0.28915528,2,4,0.17870269,3,4,0.1578609,-4366.1787,12.514377,-4.1596663,-4349.5047
1,4,0.27629506,2,4,0.18586611,3,4,0.12197094,-4362.8799,11.682642,-0.27493601,-4350.9224
1,4,0.32283632,2,4,0.17037666,3,4,0.12206639,-4364.9546,12.305587,-2.6010806,-4350.0479
1,4,0.27970021,2,4,0.17399607,3,4,0.15515563,-4365.3237,12.177038,-3.1226044,-4350.0241
1,4,0.28150169,2,4,0.20295649,3,4,0.120684,-4364.1868,12.102844,-1.7379181,-4350.3461
1,4,0.30678484,2,4,0.17871432,3,4,0.12528968,-4363.6252,12.215777,-1.0831697,-4350.3263
1,4,0.2748215,2,4,0.19078835,3,4,0.11246449,-4363.3919,11.561487,-0.78117967,-4351.0493
1,4,0.27424956,2,4,0.19380184,3,4,0.098854733,-4364.9931,11.338123,-2.2006984,-4351.4543
1,4,0.28044781,2,4,0.18644054,3,4,0.11878227,-4362.8975,11.713412,-0.2934424,-4350.8907
1,4,0.29486437,2,4,0.18563023,3,4,0.12776839,-4363.3067,12.16526,-0.72210746,-4350.4193
1,4,0.27846483,2,4,0.17744983,3,4,0.10644488,-4363.5379,11.247191,-0.85022408,-4351.4405
1,4,0.28814884,2,4,0.17476014,3,4,0.13754963,-4363.336,12.009172,-0.77228274,-4350.5545
1,4,0.24680905,2,4,0.18239721,3,4,0.12610076,-4364.4697,11.10614,-1.7128112,-4351.6508
1,4,0.29757689,2,4,0.185251,3,4,0.12475389,-4363.2959,12.151636,-0.71446549,-4350.4298
1,4,0.26754691,2,4,0.19486658,3,4,0.11362811,-4363.8235,11.520832,-1.2221405,-4351.0806
1,4,0.24734952,2,4,0.14150017,3,4,0.1441532,-4367.7696,10.660058,-4.5324298,-4352.5771
1,4,0.28060449,2,4,0.1831543,3,4,0.13347076,-4363.1616,11.944591,-0.57684896,-4350.6402
1,4,0.3115629,2,4,0.19264761,3,4,0.10326702,-4365.1457,12.149551,-2.679393,-4350.3167
1,4,0.24209526,2,4,0.18331127,3,4,0.12885682,-4365.0909,11.085267,-2.2724222,-4351.7332
1,4,0.24580903,2,4,0.18007272,3,4,0.13714701,-4364.9369,11.260575,-2.2146386,-4351.4617
1,4,0.30759687,2,4,0.18022637,3,4,0.13116199,-4363.9928,12.379705,-1.4770262,-4350.1361
1,4,0.26361665,2,4,0.19202351,3,4,0.10530278,-4364.5242,11.218859,-1.7931448,-4351.5122
1,4,0.28406685,2,4,0.17140639,3,4,0.11229059,-4363.0874,11.355277,-0.44961975,-4351.2825
1,4,0.27371003,2,4,0.18203945,3,4,0.11134856,-4363.1784,11.341961,-0.53700985,-4351.2995
1,4,0.30310887,2,4,0.16624366,3,4,0.11049857,-4364.0466,11.597022,-1.4107572,-4351.0388
1,4,0.28736359,2,4,0.16033459,3,4,0.10255279,-4365.0667,11.00502,-2.198605,-4351.8631
1,4,0.29237755,2,4,0.1739381,3,4,0.13100876,-4363.0264,11.946488,-0.43066589,-4350.6492
1,4,0.26012015,2,4,0.19269334,3,4,0.13251553,-4364.2001,11.70658,-1.6470488,-4350.8465
1,4,0.31766727,2,4,0.17580238,3,4,0.12078982,-4364.3988,12.285189,-1.9662794,-4350.1473
1,4,0.27268098,2,4,0.2050653,3,4,0.12055871,-4364.5034,11.9661,-2.0803052,-4350.457
1,4,0.27807304,2,4,0.17640624,3,4,0.13410743,-4362.9817,11.771734,-0.38697814,-4350.823
1,4,0.27957605,2,4,0.19032068,3,4,0.11412687,-4363.2215,11.680472,-0.62309163,-4350.9179
1,4,0.28893047,2,4,0.18238227,3,4,0.10620403,-4363.5685,11.550335,-0.90781988,-4351.1103
1,4,0.28821063,2,4,0.19596984,3,4,0.11274132,-4363.6933,11.938436,-1.1478993,-4350.607
1,4,0.27183111,2,4,0.17154558,3,4,0.12003263,-4362.8131,11.268186,-0.19512274,-4351.3498
1,4,0.2489318,2,4,0.16828839,3,4,0.12301459,-4364.3057,10.804695,-1.5496634,-4351.9513
1,4,0.27854107,2,4,0.17280687,3,4,0.12059341,-4362.6631,11.438827,-0.048855394,-4351.1754
1,4,0.29157661,2,4,0.17830239,3,4,0.12694765,-4362.8886,11.936533,-0.28295398,-4350.6692
1,4,0.24485783,2,4,0.18078023,3,4,0.14352924,-4365.6036,11.383346,-2.950195,-4351.2701
1,4,0.25546435,2,4,0.17847165,3,4,0.13560837,-4363.9329,11.390887,-1.2920469,-4351.25
1,4,0.23957519,2,4,0.18611297,3,4,0.12294605,-4365.5014,10.972684,-2.611476,-4351.9172
1,4,0.25492489,2,4,0.1808144,3,4,0.11177631,-4364.1726,10.950312,-1.4385733,-4351.7837
1,4,0.28554261,2,4,0.19022735,3,4,0.13291925,-4363.6181,12.173784,-1.067008,-4350.3773
1,4,0.27140117,2,4,0.17388074,3,4,0.10898322,-4363.4956,11.085302,-0.82252192,-4351.5878
1,4,0.28023167,2,4,0.20053443,3,4,0.12476319,-4364.0313,12.110586,-1.5542392,-4350.3664
1,4,0.25351688,2,4,0.18727983,3,4,0.13502702,-4364.4168,11.516475,-1.8029109,-4351.0974
1,4,0.28872885,2,4,0.17913414,3,4,0.12658809,-4362.8136,11.889022,-0.20446827,-4350.7202
1,4,0.29459871,2,4,0.19071248,3,4,0.10551664,-4363.997,11.816556,-1.3917338,-4350.7887
1,4,0.26076768,2,4,0.15551293,3,4,0.1507778,-4365.5494,11.341168,-2.9627951,-4351.2454
1,4,0.29803228,2,4,0.17415518,3,4,0.11606734,-4363.1543,11.765096,-0.55451165,-4350.8347
1,4,0.27890603,2,4,0.17937023,3,4,0.13859257,-4363.4035,11.937377,-0.8486527,-4350.6175
1,4,0.31050254,2,4,0.1758535,3,4,0.12769962,-4363.9351,12.281113,-1.4299478,-4350.224
1,4,0.26333964,2,4,0.18933433,3,4,0.12926667,-4363.6186,11.638813,-1.0283447,-4350.9514
1,4,0.25404651,2,4,0.17977286,3,4,0.12968982,-4363.7901,11.270184,-1.1166531,-4351.4033
1,4,0.25357219,2,4,0.18835802,3,4,0.1393619,-4364.8234,11.625842,-2.2685647,-4350.929
1,4,0.23558743,2,4,0.1726575,3,4,0.14699373,-4366.9574,11.104773,-4.097131,-4351.7555
1,4,0.30806223,2,4,0.17288194,3,4,0.12149041,-4363.6346,12.048692,-1.0948449,-4350.4911
1,4,0.29195539,2,4,0.18921925,3,4,0.10147277,-4364.3232,11.652948,-1.6415517,-4351.0287
1,4,0.26040806,2,4,0.14991421,3,4,0.13160776,-4364.84,10.838601,-2.0081349,-4351.9933
1,4,0.27980738,2,4,0.18232766,3,4,0.1149791,-4362.8743,11.542283,-0.25641188,-4351.0757
1,4,0.28097049,2,4,0.17705917,3,4,0.1164272,-4362.7492,11.489137,-0.13157144,-4351.1285
1,4,0.27951545,2,4,0.18450741,3,4,0.10972561,-4363.2541,11.474969,-0.61439064,-4351.1648
1,4,0.28627108,2,4,0.17169872,3,4,0.11124845,-4363.1779,11.384365,-0.53461805,-4351.2589
1,4,0.2755231,2,4,0.18026571,3,4,0.12458213,-4362.7147,11.607419,-0.10212908,-4351.0051
1,4,0.26410501,2,4,0.18722727,3,4,0.11596002,-4363.4413,11.345846,-0.80383701,-4351.2916
1,4,0.28497561,2,4,0.17105074,3,4,0.12357314,-4362.6827,11.59199,-0.068900258,-4351.0218
1,4,0.30057323,2,4,0.17094174,3,4,0.11980808,-4363.2277,11.826461,-0.63929311,-4350.7619
1,4,0.27526742,2,4,0.17537382,3,4,0.11675329,-4362.7967,11.347891,-0.17741785,-4351.2714
1,4,0.29400028,2,4,0.17102117,3,4,0.093348092,-4366.0886,11.167391,-3.020429,-4351.9008
1,4,0.3117556,2,4,0.20097165,3,4,0.11930419,-4365.2331,12.640629,-2.9084853,-4349.684
1,4,0.26646457,2,4,0.15784642,3,4,0.094553306,-4367.6127,10.377286,-4.3209923,-4352.9144
1,4,0.32521415,2,4,0.15553377,3,4,0.13306721,-4366.23,12.276303,-3.9668618,-4349.9869
1,4,0.29773086,2,4,0.16194068,3,4,0.11781046,-4363.5861,11.54964,-0.95396733,-4351.0825
1,4,0.29294958,2,4,0.18309316,3,4,0.12668561,-4363.0707,12.054567,-0.47266657,-4350.5434
1,4,0.2689357,2,4,0.16678034,3,4,0.12261132,-4363.0003,11.166547,-0.37301666,-4351.4607
1,4,0.29603746,2,4,0.1595293,3,4,0.13694935,-4363.8972,11.850322,-1.3319371,-4350.7149
1,4,0.30203879,2,4,0.20989929,3,4,0.11476047,-4365.5603,12.533971,-3.3415367,-4349.6848
1,4,0.28970143,2,4,0.16075085,3,4,0.13464456,-4363.4624,11.701937,-0.86060256,-4350.8999
1,4,0.26971338,2,4,0.17904329,3,4,0.11840908,-4362.8847,11.343315,-0.2625851,-4351.2788
1,4,0.29280656,2,4,0.17372502,3,4,0.12452178,-4362.8417,11.821067,-0.23572747,-4350.7849
1,4,0.29003506,2,4,0.20324048,3,4,0.12557282,-4364.5216,12.376967,-2.1057483,-4350.0388
1,4,0.29886776,2,4,0.16290594,3,4,0.15706027,-4366.217,12.376679,-4.1679053,-4349.6724
1,4,0.25890735,2,4,0.17264444,3,4,0.11815058,-4363.4834,10.994047,-0.82071156,-4351.6686
1,4,0.29734158,2,4,0.15058445,3,4,0.10555867,-4366.1171,11.069694,-3.1395631,-4351.9078
1,4,0.28336523,2,4,0.14974506,3,4,0.12862427,-4364.2133,11.234691,-1.4595275,-4351.5191
1,4,0.26280161,2,4,0.1441784,3,4,0.11699249,-4366.159,10.47945,-3.1501761,-4352.5294
1,4,0.26811286,2,4,0.16059732,3,4,0.093433422,-4367.4572,10.442872,-4.1590936,-4352.8552
1,4,0.2382519,2,4,0.15025264,3,4,0.13217061,-4367.0956,10.413503,-3.9084913,-4352.7737
1,4,0.28931018,2,4,0.15033631,3,4,0.12149331,-4364.3604,11.222796,-1.5959001,-4351.5417
1,4,0.257929,2,4,0.17659302,3,4,0.11586878,-4363.6243,11.007816,-0.94669764,-4351.6697
1,4,0.27050131,2,4,0.19882887,3,4,0.097500908,-4365.6555,11.336622,-2.8416073,-4351.4773
1,4,0.2808913,2,4,0.19673649,3,4,0.13208882,-4364.0553,12.194332,-1.5645792,-4350.2964
1,4,0.29363645,2,4,0.17168815,3,4,0.13778379,-4363.5149,12.062168,-0.96604478,-4350.4867
1,4,0.31833861,2,4,0.17229697,3,4,0.1258776,-4364.5431,12.330263,-2.1296706,-4350.0832
1,4,0.24910972,2,4,0.1870405,3,4,0.12304044,-4364.411,11.183813,-1.6853942,-4351.5418
1,4,0.27824932,2,4,0.14327108,3,4,0.1369413,-4365.329,11.169234,-2.4513465,-4351.7084
1,4,0.31324402,2,4,0.1780408,3,4,0.12112514,-4364.0328,12.248199,-1.5473257,-4350.2372
1,4,0.2787647,2,4,0.16107846,3,4,0.13811468,-4363.5064,11.559157,-0.90393092,-4351.0433
1,4,0.27205769,2,4,0.16939811,3,4,0.12875861,-4362.8385,11.404288,-0.22052037,-4351.2137
1,4,0.28809473,2,4,0.19216903,3,4,0.11120065,-4363.5076,11.829288,-0.92527968,-4350.7531
1,4,0.27718989,2,4,0.19404203,3,4,0.13008095,-4363.6675,12.026257,-1.1320354,-4350.5092
1,4,0.29320356,2,4,0.16902865,3,4,0.12105618,-4362.9448,11.665768,-0.33496752,-4350.9441
1,4,0.26778965,2,4,0.18577614,3,4,0.10670189,-4363.8977,11.205354,-1.1952761,-4351.4971
1,4,0.26080302,2,4,0.19444191,3,4,0.11502495,-4364.0902,11.405398,-1.4609174,-4351.2239
1,4,0.28408957,2,4,0.17176519,3,4,0.10913165,-4363.3529,11.299728,-0.69036001,-4351.3628
1,4,0.282526,2,4,0.20066252,3,4,0.11410867,-4363.9916,11.945944,-1.4917598,-4350.5539
1,4,0.28039414,2,4,0.17955184,3,4,0.11771896,-4362.7213,11.553299,-0.10638073,-4351.0617
1,4,0.27084546,2,4,0.17000917,3,4,0.14385766,-4363.8353,11.694246,-1.3084986,-4350.8326
1,4,0.28349779,2,4,0.18214262,3,4,0.1300271,-4362.9433,11.91335,-0.34137117,-4350.6886
1,4,0.26463746,2,4,0.18113988,3,4,0.11482485,-4363.287,11.212044,-0.64031569,-4351.4347
1,4,0.27940138,2,4,0.17512746,3,4,0.11136297,-4363.0785,11.317836,-0.43822177,-4351.3224
1,4,0.24783576,2,4,0.19129989,3,4,0.13858057,-4365.4593,11.554324,-2.8739453,-4351.0311
1,4,0.2861212,2,4,0.17626944,3,4,0.13845258,-4363.392,12.016864,-0.83553905,-4350.5396
1,4,0.30458022,2,4,0.1909433,3,4,0.12028456,-4363.9072,12.316161,-1.3917734,-4350.1993
1,4,0.28123474,2,4,0.18444188,3,4,0.12249514,-4362.8008,11.763435,-0.19373058,-4350.8436
1,4,0.26203657,2,4,0.19289039,3,4,0.089372966,-4367.6265,10.885999,-4.2734866,-4352.467
1,4,0.30095208,2,4,0.16551717,3,4,0.11872057,-4363.4793,11.703797,-0.87835747,-4350.8971
1,4,0.31353536,2,4,0.17467186,3,4,0.13426767,-4364.5452,12.449498,-2.1135453,-4349.9822
1,4,0.30935173,2,4,0.16929785,3,4,0.11490903,-4363.9794,11.871172,-1.4270472,-4350.6811
1,4,0.28466938,2,4,0.18687015,3,4,0.12277315,-4362.9415,11.886254,-0.3422469,-4350.713
1,4,0.32220171,2,4,0.20029997,3,4,0.11622265,-4366.0472,12.774487,-3.8814045,-4349.3913
1,4,0.28442697,2,4,0.1582322,3,4,0.11650281,-4363.6368,11.183239,-0.95479071,-4351.4988
1,4,0.29843281,2,4,0.17098169,3,4,0.14553097,-4364.528,12.298909,-2.1227122,-4350.1064
1,4,0.25303415,2,4,0.175425,3,4,0.11728985,-4363.9578,10.91498,-1.2443621,-4351.7985
1,4,0.25673552,2,4,0.17589982,3,4,0.12372315,-4363.4601,11.12717,-0.79270271,-4351.5403
1,4,0.29874743,2,4,0.17527892,3,4,0.10697839,-4363.8044,11.620095,-1.1572296,-4351.0271
1,4,0.27725794,2,4,0.17740263,3,4,0.11723557,-4362.7423,11.437923,-0.12514948,-4351.1792
1,4,0.25559672,2,4,0.14877658,3,4,0.14261808,-4365.7927,10.939828,-2.9170095,-4351.9358
1,4,0.25665295,2,4,0.18653681,3,4,0.12357912,-4363.7317,11.335378,-1.0774736,-4351.3188
1,4,0.29797077,2,4,0.16710831,3,4,0.12214127,-4363.1884,11.744407,-0.58850369,-4350.8555
1,4,0.26191395,2,4,0.15430075,3,4,0.13466096,-4364.3186,11.017513,-1.5756426,-4351.7255
1,4,0.27267766,2,4,0.17839653,3,4,0.11822543,-4362.7972,11.385993,-0.17873814,-4351.2325
1,4,0.25184345,2,4,0.19121125,3,4,0.10906417,-4365.0338,11.042378,-2.2395673,-4351.7519
1,4,0.28741816,2,4,0.20892816,3,4,0.11222987,-4364.976,12.171524,-2.6415067,-4350.163
1,4,0.25158955,2,4,0.16909938,3,4,0.12739323,-4363.9787,10.961643,-1.2582117,-4351.7588
1,4,0.31317878,2,4,0.16936324,3,4,0.12608238,-4364.1319,12.172488,-1.6496657,-4350.3097
1,4,0.25707579,2,4,0.14126691,3,4,0.13339658,-4366.4678,10.634786,-3.3533955,-4352.4796
1,4,0.26270893,2,4,0.15543941,3,4,0.12674006,-4364.0493,10.897768,-1.3236608,-4351.8279
1,4,0.29478675,2,4,0.17130898,3,4,0.10770448,-4363.7056,11.476004,-1.0387477,-4351.1908
1,4,0.26206844,2,4,0.16497686,3,4,0.086402469,-4369.5099,10.268955,-5.6860266,-4353.5549
1,4,0.28616387,2,4,0.1800261,3,4,0.1036863,-4363.8239,11.397525,-1.1142167,-4351.3122
1,4,0.25212316,2,4,0.15481642,3,4,0.13685635,-4365.0694,10.875919,-2.2433416,-4351.9501
1,4,0.27928055,2,4,0.16474563,3,4,0.12287636,-4362.8893,11.338051,-0.26456897,-4351.2866
1,4,0.28421077,2,4,0.18294105,3,4,0.11766982,-4362.8056,11.696433,-0.19520135,-4350.914
1,4,0.27649216,2,4,0.16619316,3,4,0.10473935,-4364.2593,10.948493,-1.4993344,-4351.8115
1,4,0.28932115,2,4,0.2086298,3,4,0.11068037,-4365.0216,12.172626,-2.6823702,-4350.1666
1,4,0.30314505,2,4,0.1939223,3,4,0.12031944,-4364.032,12.347736,-1.5317318,-4350.1525
1,4,0.28658776,2,4,0.18328962,3,4,0.1346085,-4363.3373,12.089718,-0.76257886,-4350.485
1,4,0.30489446,2,4,0.16697717,3,4,0.12221208,-4363.569,11.881674,-1.0010905,-4350.6862
1,4,0.26128434,2,4,0.1659287,3,4,0.12848811,-4363.3791,11.114023,-0.7233432,-4351.5418
1,4,0.26092433,2,4,0.18230373,3,4,0.12834665,-4363.3558,11.431494,-0.72565083,-4351.1987
1,4,0.30605135,2,4,0.18671607,3,4,0.12361215,-4363.8219,12.327591,-1.2920991,-4350.2022
1,4,0.28139144,2,4,0.19148397,3,4,0.12243615,-4363.1861,11.906231,-0.60783292,-4350.672
1,4,0.28823485,2,4,0.17312499,3,4,0.12755055,-4362.7714,11.778208,-0.16195361,-4350.8313
1,4,0.29546592,2,4,0.16907035,3,4,0.1294847,-4363.119,11.880419,-0.52655301,-4350.712
1,4,0.29263691,2,4,0.18280417,3,4,0.11343139,-4363.1138,11.777449,-0.50780311,-4350.8286
1,4,0.31359434,2,4,0.16103818,3,4,0.1149571,-4364.7876,11.791792,-2.2278748,-4350.7679
1,4,0.24582797,2,4,0.16968456,3,4,0.13869989,-4364.9654,11.084248,-2.1982971,-4351.6828
1,4,0.29732634,2,4,0.1774707,3,4,0.087266877,-4367.3577,11.241278,-4.0432128,-4352.0732
1,4,0.28112693,2,4,0.18209847,3,4,0.12789822,-4362.8294,11.822473,-0.22229576,-4350.7846
1,4,0.24240166,2,4,0.15649058,3,4,0.14028659,-4366.1393,10.783577,-3.181558,-4352.1742
1,4,0.27512099,2,4,0.17400535,3,4,0.12418349,-4362.6571,11.466196,-0.04290227,-4351.1481
1,4,0.27301814,2,4,0.16330637,3,4,0.14500567,-4364.0466,11.626604,-1.5135218,-4350.9065
1,4,0.28938779,2,4,0.1930004,3,4,0.12897639,-4363.6707,12.227291,-1.1241064,-4350.3193
1,4,0.2950965,2,4,0.16927757,3,4,0.13092178,-4363.157,11.905917,-0.56811167,-4350.6829
1,4,0.27772362,2,4,0.16955071,3,4,0.12680805,-4362.7146,11.481648,-0.099469736,-4351.1335
1,4,0.31411997,2,4,0.14526513,3,4,0.14857033,-4367.3655,12.159109,-5.1055952,-4350.1008
1,4,0.29726227,2,4,0.15968694,3,4,0.12224669,-4363.5922,11.583918,-0.96091663,-4351.0474
1,4,0.28041862,2,4,0.16207539,3,4,0.13808753,-4363.4557,11.611631,-0.86127917,-4350.9828
1,4,0.27441259,2,4,0.1700748,3,4,0.1313464,-4362.8634,11.516676,-0.25162135,-4351.0951
1,4,0.29681298,2,4,0.19730489,3,4,0.1289694,-4364.3447,12.461745,-1.8647707,-4350.0182
1,4,0.2816281,2,4,0.18954936,3,4,0.12304137,-4363.07,11.884377,-0.48125766,-4350.7043
1,4,0.25831893,2,4,0.15753544,3,4,0.13489313,-4364.256,11.01495,-1.5270083,-4351.7141
1,4,0.29152815,2,4,0.16586669,3,4,0.14801663,-4364.5324,12.108229,-2.1355791,-4350.2886
1,4,0.28373759,2,4,0.18501331,3,4,0.13118282,-4363.1399,11.998675,-0.55009763,-4350.5911
1,4,0.28513006,2,4,0.17092498,3,4,0.10627785,-4363.7075,11.246658,-1.0069184,-4351.4539
1,4,0.31487377,2,4,0.16407985,3,4,0.12966147,-4364.5491,12.172302,-2.1007944,-4350.276
1,4,0.27228219,2,4,0.18522018,3,4,0.13594929,-4363.4931,11.869033,-0.93376229,-4350.6903
1,4,0.25900572,2,4,0.19314929,3,4,0.10564872,-4364.865,11.156075,-2.1049203,-4351.604
1,4,0.28480935,2,4,0.18604154,3,4,0.10307206,-4363.9532,11.478459,-1.2526641,-4351.2221
1,4,0.26943599,2,4,0.17529207,3,4,0.10937993,-4363.4972,11.08216,-0.82503415,-4351.59
1,4,0.27411998,2,4,0.16634193,3,4,0.11296313,-4363.3564,11.068501,-0.70592533,-4351.5819
1,4,0.29466506,2,4,0.16099847,3,4,0.13191654,-4363.4919,11.751601,-0.89181888,-4350.8484
1,4,0.25669074,2,4,0.18782109,3,4,0.12822189,-4363.8768,11.454674,-1.2443568,-4351.1778
1,4,0.26413623,2,4,0.15839536,3,4,0.1600599,-4366.5133,11.65183,-4.270755,-4350.5907
1,4,0.2946721,2,4,0.16630472,3,4,0.14791606,-4364.6426,12.177858,-2.2623881,-4350.2024
1,4,0.27269978,2,4,0.18536953,3,4,0.10088664,-4364.4491,11.179119,-1.6571118,-4351.6129
1,4,0.26774741,2,4,0.19715278,3,4,0.12301546,-4363.8618,11.758313,-1.3212727,-4350.7822
1,4,0.27637298,2,4,0.18546686,3,4,0.12037049,-4362.8652,11.644207,-0.25805879,-4350.9629
1,4,0.29648419,2,4,0.16152537,3,4,0.13176783,-4363.5327,11.795548,-0.94080736,-4350.7964
1,4,0.2933436,2,4,0.1703208,3,4,0.1191076,-4362.952,11.65544,-0.34169856,-4350.9549
1,4,0.24006913,2,4,0.1773901,3,4,0.12330821,-4365.2142,10.815349,-2.3199853,-4352.0788
1,4,0.27266657,2,4,0.21008267,3,4,0.10647835,-4365.5408,11.784552,-3.1184599,-4350.6378
1,4,0.26484359,2,4,0.19104777,3,4,0.14650617,-4365.2142,12.047951,-2.8771485,-4350.2891
1,4,0.26177253,2,4,0.17692845,3,4,0.12363858,-4363.1343,11.246791,-0.49518547,-4351.3923
1,4,0.27790597,2,4,0.17984345,3,4,0.10507998,-4363.6925,11.256588,-0.98818249,-4351.4478
1,4,0.27515077,2,4,0.18509409,3,4,0.1198256,-4362.8726,11.601409,-0.26347387,-4351.0077
1,4,0.2888137,2,4,0.17117427,3,4,0.11890153,-4362.8123,11.57779,-0.1976336,-4351.0369
1,4,0.2393971,2,4,0.16028751,3,4,0.116674,-4366.348,10.327172,-3.3485603,-4352.6723
1,4,0.24421582,2,4,0.17766292,3,4,0.12684345,-4364.6693,10.974444,-1.8650368,-4351.8299
1,4,0.2806425,2,4,0.18285117,3,4,0.11443165,-4362.9081,11.558506,-0.28997416,-4351.0597
1,4,0.29182563,2,4,0.18287605,3,4,0.098779622,-4364.6028,11.469626,-1.8215168,-4351.3117
1,4,0.2867353,2,4,0.16104731,3,4,0.12947264,-4363.1821,11.545105,-0.55499243,-4351.082
1,4,0.2887828,2,4,0.14764435,3,4,0.13011028,-4364.5811,11.330749,-1.8067705,-4351.4436
1,4,0.27740661,2,4,0.17260677,3,4,0.1087151,-4363.4092,11.174569,-0.73987723,-4351.4948
1,4,0.27509594,2,4,0.15238779,3,4,0.11934174,-4364.1812,10.936509,-1.4330653,-4351.8117
1,4,0.27895462,2,4,0.16085404,3,4,0.14330359,-4363.9379,11.662245,-1.3867895,-4350.8889
1,4,0.25872122,2,4,0.16037418,3,4,0.130736,-4363.889,10.996628,-1.1870089,-4351.7054
1,4,0.26734663,2,4,0.16704659,3,4,0.13398455,-4363.2267,11.367556,-0.60335419,-4351.2558
1,4,0.26431534,2,4,0.18421694,3,4,0.13515398,-4363.6128,11.673725,-1.0321108,-4350.907
1,4,0.26025391,2,4,0.14556885,3,4,0.14232542,-4365.8835,10.962964,-2.9779945,-4351.9425
1,4,0.28641761,2,4,0.17191879,3,4,0.12184963,-4362.6964,11.603721,-0.08302093,-4351.0097
1,4,0.29761314,2,4,0.17505602,3,4,0.11722906,-4363.0864,11.797964,-0.48819229,-4350.8002
1,4,0.30204974,2,4,0.17943053,3,4,0.11326656,-4363.4575,11.894937,-0.87707564,-4350.6855
1,4,0.27616393,2,4,0.18612974,3,4,0.12802509,-4363.0228,11.806375,-0.42672695,-4350.7897
1,4,0.30702358,2,4,0.17658269,3,4,0.13494453,-4364.1126,12.371016,-1.6159609,-4350.1256
1,4,0.26638402,2,4,0.15811558,3,4,0.142902,-4364.294,11.348032,-1.6668235,-4351.2792
1,4,0.29047116,2,4,0.18411426,3,4,0.16207013,-4367.3645,12.733111,-5.6292108,-4349.0022
1,4,0.28466269,2,4,0.17326028,3,4,0.13378967,-4362.9764,11.834253,-0.381294,-4350.7609
1,4,0.27955073,2,4,0.19942026,3,4,0.12020447,-4363.8159,11.983509,-1.3093642,-4350.523
1,4,0.2731743,2,4,0.15534119,3,4,0.14116476,-4364.1713,11.393605,-1.5309913,-4351.2467
1,4,0.24358565,2,4,0.17195921,3,4,0.14147678,-4365.4011,11.140433,-2.6339508,-4351.6267
1,4,0.27527738,2,4,0.1900625,3,4,0.10709795,-4363.7475,11.448756,-1.0918397,-4351.2069
1,4,0.27867715,2,4,0.19263445,3,4,0.13082687,-4363.5921,12.042769,-1.0472099,-4350.5021
1,4,0.26940665,2,4,0.16573319,3,4,0.12660504,-4363.0034,11.234898,-0.37399034,-4351.3945
1,4,0.29399754,2,4,0.15568472,3,4,0.13205162,-4363.8593,11.634678,-1.2257133,-4350.9989
1,4,0.29963216,2,4,0.18023477,3,4,0.11874284,-4363.1773,11.972195,-0.59310904,-4350.612
1,4,0.29705849,2,4,0.17926927,3,4,0.1125393,-4363.2634,11.777341,-0.65939285,-4350.8267
1,4,0.29499124,2,4,0.1683528,3,4,0.14269152,-4364.0394,12.120711,-1.5582202,-4350.3605
1,4,0.24581916,2,4,0.19209168,3,4,0.13234976,-4365.2942,11.405212,-2.618025,-4351.2709
1,4,0.27441399,2,4,0.16172283,3,4,0.12166663,-4363.1622,11.156069,-0.52136391,-4351.4848
1,4,0.28131688,2,4,0.2029831,3,4,0.10850629,-4364.4709,11.856125,-1.9733071,-4350.6415
1,4,0.3038433,2,4,0.16443421,3,4,0.12954163,-4363.7039,11.956383,-1.1474843,-4350.6
1,4,0.27652165,2,4,0.18074986,3,4,0.11088372,-4363.1372,11.363105,-0.49574346,-4351.2783
1,4,0.31207717,2,4,0.16259662,3,4,0.10488657,-4365.5134,11.591207,-2.8205223,-4351.1016
1,4,0.28241053,2,4,0.17977891,3,4,0.1137456,-4362.8911,11.518701,-0.26861578,-4351.1038
1,4,0.27360659,2,4,0.18720316,3,4,0.12112526,-4362.9853,11.6387,-0.38181852,-4350.9647
1,4,0.27982946,2,4,0.17754522,3,4,0.12130881,-4362.6321,11.57367,-0.018464187,-4351.04
1,4,0.26519511,2,4,0.18951038,3,4,0.12096077,-4363.3864,11.513325,-0.77621454,-4351.0968
1,4,0.30023795,2,4,0.18981464,3,4,0.12310997,-4363.6383,12.263251,-1.0886303,-4350.2864
1,4,0.28185931,2,4,0.1705416,3,4,0.090296535,-4366.8551,10.853949,-3.5617356,-4352.4394
1,4,0.28373258,2,4,0.17941514,3,4,0.12634081,-4362.7226,11.789771,-0.1109129,-4350.8219
1,4,0.28138977,2,4,0.17848814,3,4,0.13383269,-4363.02,11.874212,-0.42733617,-4350.7185
1,4,0.26375274,2,4,0.18491117,3,4,0.12381014,-4363.2248,11.449481,-0.60147,-4351.1738
1,4,0.23543482,2,4,0.1571891,3,4,0.14667824,-4367.5374,10.786043,-4.4533361,-4352.2981
1,4,0.28418368,2,4,0.16181658,3,4,0.13052755,-4363.1245,11.530556,-0.50012563,-4351.0938
1,4,0.28354795,2,4,0.18425912,3,4,0.13232678,-4363.169,12.002677,-0.5818854,-4350.5844
1,4,0.24834706,2,4,0.17854464,3,4,0.11581047,-4364.5038,10.854043,-1.7237592,-4351.926
1,4,0.28385518,2,4,0.17218207,3,4,0.12849566,-4362.7268,11.690658,-0.11578323,-4350.9204
1,4,0.29043747,2,4,0.17356444,3,4,0.10671523,-4363.623,11.414343,-0.94447963,-4351.2641
1,4,0.29167145,2,4,0.18138332,3,4,0.13416868,-4363.3682,12.144469,-0.79235592,-4350.4314
1,4,0.28899471,2,4,0.16787332,3,4,0.13825711,-4363.4203,11.902503,-0.86002825,-4350.6578
1,4,0.27550869,2,4,0.18156329,3,4,0.12297643,-4362.7355,11.600968,-0.12335435,-4351.0111
1,4,0.30808613,2,4,0.18295677,3,4,0.12261593,-4363.7739,12.273176,-1.2472891,-4350.2534
1,4,0.29036883,2,4,0.16811316,3,4,0.11684325,-4363.026,11.506505,-0.40351175,-4351.116
1,4,0.27103531,2,4,0.1834243,3,4,0.1205961,-4362.8941,11.501114,-0.27929259,-4351.1137
1,4,0.29420396,2,4,0.17516685,3,4,0.1166689,-4362.9709,11.720794,-0.36333595,-4350.8867
1,4,0.30159823,2,4,0.15640909,3,4,0.14075057,-4364.6629,11.975158,-2.1655129,-4350.5223
1,4,0.25003536,2,4,0.1917491,3,4,0.10834491,-4365.3211,11.002587,-2.4903825,-4351.8281
1,4,0.26907101,2,4,0.15784925,3,4,0.13002498,-4363.5513,11.138905,-0.87735767,-4351.535
1,4,0.29693588,2,4,0.17760442,3,4,0.127727,-4363.1135,12.045346,-0.52161647,-4350.5465
1,4,0.27791128,2,4,0.18770405,3,4,0.11920332,-4362.9634,11.696373,-0.36231122,-4350.9047
1,4,0.26252662,2,4,0.18290157,3,4,0.12937172,-4363.3259,11.495998,-0.70597807,-4351.1239
1,4,0.28400823,2,4,0.16038258,3,4,0.12851327,-4363.1683,11.458082,-0.5327186,-4351.1775
1,4,0.28803189,2,4,0.15796887,3,4,0.1092036,-4364.3722,11.104087,-1.6134733,-4351.6546
1,4,0.26824129,2,4,0.15997802,3,4,0.12560327,-4363.3937,11.076452,-0.73390801,-4351.5833
1,4,0.29732493,2,4,0.17029401,3,4,0.11395002,-4363.322,11.631379,-0.7060557,-4350.9845
1,4,0.25726724,2,4,0.16313131,3,4,0.1193276,-4363.9694,10.794523,-1.2741649,-4351.9007
1,4,0.25459826,2,4,0.13791234,3,4,0.13899005,-4367.4664,10.630013,-4.1864294,-4352.65
1,4,0.24810016,2,4,0.16640305,3,4,0.13506378,-4364.6059,10.99134,-1.837932,-4351.7767
1,4,0.29119807,2,4,0.17790259,3,4,0.12023199,-4362.798,11.786653,-0.18959917,-4350.8217
1,4,0.25058133,2,4,0.18364748,3,4,0.13244321,-4364.3252,11.33344,-1.6450778,-4351.3466
1,4,0.31532457,2,4,0.16771039,3,4,0.10358681,-4365.5339,11.732435,-2.9059768,-4350.8955
1,4,0.29797367,2,4,0.15200336,3,4,0.12662189,-4364.3217,11.531978,-1.6347933,-4351.155
1,4,0.27995005,2,4,0.20843229,3,4,0.11347043,-4364.8495,12.037055,-2.482036,-4350.3304
1,4,0.27138551,2,4,0.15330257,3,4,0.13024964,-4363.9203,11.098754,-1.201418,-4351.6201
1,4,0.29459761,2,4,0.19749748,3,4,0.10788998,-4364.2157,11.999702,-1.6932911,-4350.5227
1,4,0.29343856,2,4,0.16628333,3,4,0.13632896,-4363.4603,11.921017,-0.89504994,-4350.6442
1,4,0.27311175,2,4,0.18398369,3,4,0.12779234,-4362.9523,11.697756,-0.34844588,-4350.9061
1,4,0.29187712,2,4,0.20751999,3,4,0.11144661,-4364.9223,12.216874,-2.5723323,-4350.1331
1,4,0.30536602,2,4,0.15678231,3,4,0.12368693,-4364.2493,11.716705,-1.6402292,-4350.8924
1,4,0.31682452,2,4,0.15887402,3,4,0.12242952,-4364.9586,11.962561,-2.4713167,-4350.5247
1,4,0.27485696,2,4,0.15534765,3,4,0.13157034,-4363.6605,11.235499,-0.97793843,-4351.4471
1,4,0.28738737,2,4,0.16744875,3,4,0.12592611,-4362.8283,11.615245,-0.2139865,-4350.9991
1,4,0.29371385,2,4,0.17851989,3,4,0.12308571,-4362.8871,11.906389,-0.2833217,-4350.6974
1,4,0.29320832,2,4,0.17019546,3,4,0.13315207,-4363.1812,11.931117,-0.59664488,-4350.6534
1,4,0.28499048,2,4,0.18649185,3,4,0.11417647,-4363.0474,11.713176,-0.44060082,-4350.8936
1,4,0.26542068,2,4,0.1570097,3,4,0.1463419,-4364.7291,11.375445,-2.1255872,-4351.228
1,4,0.27139234,2,4,0.19410879,3,4,0.13062817,-4363.777,11.922586,-1.2448244,-4350.6096
1,4,0.29199795,2,4,0.18102908,3,4,0.12225493,-4362.8747,11.905639,-0.26976242,-4350.6993
1,4,0.27602875,2,4,0.18938188,3,4,0.11295446,-4363.269,11.567302,-0.65682044,-4351.0449
1,4,0.26958615,2,4,0.17694857,3,4,0.13122776,-4362.9611,11.55525,-0.35079673,-4351.0551
1,4,0.31851396,2,4,0.18677923,3,4,0.12713374,-4364.9878,12.648539,-2.6074677,-4349.7318
1,4,0.27240833,2,4,0.17209512,3,4,0.108872,-4363.5281,11.067509,-0.85292932,-4351.6076
1,4,0.26708831,2,4,0.18466277,3,4,0.13282224,-4363.3779,11.691466,-0.78930411,-4350.8971
1,4,0.26944738,2,4,0.17294893,3,4,0.12038291,-4362.8503,11.255584,-0.23007885,-4351.3647
1,4,0.27633413,2,4,0.16773299,3,4,0.13351705,-4362.9868,11.551683,-0.3790191,-4351.0561
1,4,0.28504586,2,4,0.18339128,3,4,0.13031384,-4363.0331,11.97502,-0.43533741,-4350.6227
1,4,0.26137652,2,4,0.19488568,3,4,0.10605893,-4364.7499,11.246423,-2.0286137,-4351.4748
1,4,0.29047476,2,4,0.18018219,3,4,0.11259316,-4363.0597,11.665002,-0.4417637,-4350.953
1,4,0.27851275,2,4,0.19310883,3,4,0.13374939,-4363.8361,12.107419,-1.3167699,-4350.4119
1,4,0.27204289,2,4,0.15421893,3,4,0.12839751,-4363.7906,11.093187,-1.0837377,-4351.6136
1,4,0.29231699,2,4,0.18014103,3,4,0.1403972,-4363.8961,12.257105,-1.3837067,-4350.2552
1,4,0.24431538,2,4,0.18556212,3,4,0.11924002,-4364.9522,10.98235,-2.1319666,-4351.8378
1,4,0.29310796,2,4,0.14286822,3,4,0.11366515,-4366.2901,10.992827,-3.2385035,-4352.0588
1,4,0.29407956,2,4,0.17234387,3,4,0.13329332,-4363.2125,11.994335,-0.63125139,-4350.5869
1,4,0.26830762,2,4,0.1732487,3,4,0.13218025,-4363.0156,11.474732,-0.4015556,-4351.1393
1,4,0.29321808,2,4,0.17858831,3,4,0.12210492,-4362.8642,11.878226,-0.25942978,-4350.7266
1,4,0.29384987,2,4,0.18599201,3,4,0.11334458,-4363.2486,11.863729,-0.6551254,-4350.7298
1,4,0.27016605,2,4,0.19014662,3,4,0.12045773,-4363.2371,11.615408,-0.64007696,-4350.9816
1,4,0.25917641,2,4,0.17720949,3,4,0.14636849,-4364.6447,11.655088,-2.1504845,-4350.8391
1,4,0.24608664,2,4,0.19380228,3,4,0.12191135,-4365.1571,11.236006,-2.4188191,-4351.5023
1,4,0.28584896,2,4,0.19408391,3,4,0.13346332,-4363.9848,12.267924,-1.4739151,-4350.243
1,4,0.30437738,2,4,0.16417997,3,4,0.12597207,-4363.6689,11.890588,-1.1018522,-4350.6764
1,4,0.28590396,2,4,0.16750176,3,4,0.12571501,-4362.7982,11.582414,-0.1828618,-4351.033
1,4,0.30104094,2,4,0.15954024,3,4,0.11877605,-4363.8901,11.587145,-1.2567965,-4351.0462
1,4,0.281159,2,4,0.17324685,3,4,0.12408992,-4362.6246,11.569915,-0.010922414,-4351.0437
1,4,0.27364441,2,4,0.16391879,3,4,0.12319351,-4363.0015,11.215134,-0.37152348,-4351.4148
1,4,0.24667723,2,4,0.16601351,3,4,0.12947927,-4364.6055,10.8434,-1.8090801,-4351.953
1,4,0.30027388,2,4,0.16741844,3,4,0.12634363,-4363.3076,11.880719,-0.7245733,-4350.7023
1,4,0.27470686,2,4,0.16821512,3,4,0.12101763,-4362.8216,11.278792,-0.20282341,-4351.34
1,4,0.29828127,2,4,0.19133718,3,4,0.11512337,-4363.6186,12.094836,-1.0717651,-4350.452
1,4,0.25818179,2,4,0.16891593,3,4,0.12412881,-4363.461,11.024531,-0.79642826,-4351.64
1,4,0.27076801,2,4,0.16139355,3,4,0.13577993,-4363.455,11.35883,-0.82294158,-4351.2733
1,4,0.25691795,2,4,0.16463045,3,4,0.12985954,-4363.745,11.028159,-1.0564882,-4351.6604
1,4,0.2607593,2,4,0.17916552,3,4,0.14393368,-4364.3482,11.67717,-1.8310576,-4350.84
1,4,0.3078228,2,4,0.18909396,3,4,0.099497923,-4365.2069,11.928294,-2.6073777,-4350.6713
1,4,0.24394606,2,4,0.15689711,3,4,0.11764928,-4365.9868,10.369849,-3.054656,-4352.5623
1,4,0.32188154,2,4,0.1548239,3,4,0.12476854,-4365.7795,12.02948,-3.3536269,-4350.3964
1,4,0.28916012,2,4,0.18294244,3,4,0.11874815,-4362.8633,11.817014,-0.257394,-4350.7889
1,4,0.26145496,2,4,0.16762717,3,4,0.099027516,-4365.8694,10.562193,-2.8911884,-4352.4161
1,4,0.26092622,2,4,0.2052112,3,4,0.11886368,-4364.9973,11.700022,-2.5245962,-4350.7726
1,4,0.27610769,2,4,0.16981195,3,4,0.095686486,-4365.6932,10.832122,-2.6662234,-4352.1949
1,4,0.26690983,2,4,0.15374116,3,4,0.11466466,-4364.6329,10.706313,-1.8637869,-4352.0628
1,4,0.26985278,2,4,0.17474101,3,4,0.121636,-4362.7929,11.324596,-0.17421125,-4351.2941
1,4,0.28047334,2,4,0.1828087,3,4,0.11259102,-4363.0074,11.517461,-0.38237257,-4351.1075
1,4,0.29271269,2,4,0.18099559,3,4,0.13370191,-4363.3573,12.148204,-0.77987963,-4350.4292
1,4,0.24608326,2,4,0.18378109,3,4,0.12435049,-4364.5898,11.084297,-1.8193295,-4351.6862
1,4,0.28732081,2,4,0.163075,3,4,0.10431321,-4364.5128,11.09418,-1.7230463,-4351.6956
1,4,0.2873097,2,4,0.18873108,3,4,0.10825088,-4363.523,11.685833,-0.90224529,-4350.9349
1,4,0.27989233,2,4,0.19552593,3,4,0.12166622,-4363.4809,11.94169,-0.93320891,-4350.606
1,4,0.30003752,2,4,0.16961875,3,4,0.13124501,-4363.4042,12.018026,-0.83663388,-4350.5495
1,4,0.29344617,2,4,0.1483682,3,4,0.10405587,-4366.6277,10.917405,-3.5348226,-4352.1755
1,4,0.25786537,2,4,0.19592308,3,4,0.12216952,-4364.2638,11.519159,-1.667167,-4351.0774
1,4,0.26887612,2,4,0.16426735,3,4,0.13838542,-4363.5321,11.430578,-0.92229605,-4351.1792
1,4,0.26755203,2,4,0.20352236,3,4,0.12519165,-4364.578,11.925321,-2.1417174,-4350.511
1,4,0.30031784,2,4,0.15012815,3,4,0.12922957,-4364.6679,11.593511,-1.9815645,-4351.0928
1,4,0.28252331,2,4,0.15835219,3,4,0.12667385,-4363.2942,11.350987,-0.64124136,-4351.302
1,4,0.28861668,2,4,0.18398691,3,4,0.11891073,-4362.8828,11.830286,-0.27831761,-4350.7742
1,4,0.29669703,2,4,0.17475309,3,4,0.13950205,-4363.8374,12.219043,-1.32141,-4350.297
1,4,0.26700733,2,4,0.15642273,3,4,0.12747725,-4363.7382,11.018146,-1.0427801,-4351.6773
1,4,0.2823768,2,4,0.19293329,3,4,0.10681852,-4363.8256,11.642572,-1.2046866,-4350.9784
1,4,0.25376001,2,4,0.17997687,3,4,0.129759,-4363.8203,11.269918,-1.1452223,-4351.4052
1,4,0.28720873,2,4,0.19005666,3,4,0.13347762,-4363.6852,12.21486,-1.1379098,-4350.3324
1,4,0.29616173,2,4,0.16037192,3,4,0.10747719,-4364.53,11.280217,-1.7803152,-4351.4695
1,4,0.24961137,2,4,0.19174639,3,4,0.12884419,-4364.736,11.404039,-2.0736971,-4351.2583
1,4,0.27902492,2,4,0.18319837,3,4,0.11428775,-4362.9325,11.530221,-0.31310997,-4351.0891
1,4,0.28391831,2,4,0.15898043,3,4,0.11324289,-4363.8112,11.122833,-1.1133789,-4351.575
1,4,0.26897414,2,4,0.20001194,3,4,0.11271696,-4364.2263,11.634061,-1.673057,-4350.9192
1,4,0.27407147,2,4,0.20196704,3,4,0.12603686,-4364.2735,12.041507,-1.8225356,-4350.4095
1,4,0.23200573,2,4,0.17965243,3,4,0.12771128,-4366.4391,10.787389,-3.3550352,-4352.2967
1,4,0.2823286,2,4,0.16192716,3,4,0.14230111,-4363.8136,11.731137,-1.2651617,-4350.8173
1,4,0.29033807,2,4,0.18671625,3,4,0.095667001,-4365.1491,11.454426,-2.2969834,-4351.3977
1,4,0.29368507,2,4,0.19949942,3,4,0.12588678,-4364.253,12.381425,-1.7823582,-4350.0892
1,4,0.30787436,2,4,0.18156911,3,4,0.12472958,-4363.7615,12.283461,-1.2313785,-4350.2467
1,4,0.28339276,2,4,0.20131753,3,4,0.10606597,-4364.4918,11.815525,-1.9559053,-4350.7203
1,4,0.28748292,2,4,0.1645748,3,4,0.13220757,-4363.1049,11.685306,-0.49866462,-4350.921
1,4,0.3163202,2,4,0.15985455,3,4,0.11627489,-4365.0374,11.848993,-2.5083965,-4350.68
1,4,0.29512294,2,4,0.17947233,3,4,0.13125005,-4363.2443,12.116906,-0.65819679,-4350.4692
1,4,0.29543892,2,4,0.15641207,3,4,0.12126166,-4363.8353,11.462253,-1.1676013,-4351.2054
1,4,0.25564579,2,4,0.17695018,3,4,0.13648381,-4363.945,11.381596,-1.3055618,-4351.2579
1,4,0.25117192,2,4,0.16991158,3,4,0.10909885,-4364.9995,10.603647,-2.1868947,-4352.209
1,4,0.28181722,2,4,0.17220805,3,4,0.12562977,-4362.6494,11.593101,-0.0358567,-4351.0204
1,4,0.26124801,2,4,0.18424783,3,4,0.12143204,-4363.3393,11.338558,-0.7004075,-4351.3003
1,4,0.27518489,2,4,0.17268662,3,4,0.13658202,-4363.1286,11.689071,-0.5417993,-4350.8977
1,4,0.31183225,2,4,0.17451574,3,4,0.13304579,-4364.3125,12.387876,-1.8497329,-4350.0749
1,4,0.27967646,2,4,0.18761398,3,4,0.13669386,-4363.6625,12.079686,-1.1248496,-4350.458
1,4,0.29020282,2,4,0.17834791,3,4,0.13851569,-4363.5677,12.141328,-1.0221066,-4350.4043
1,4,0.28610905,2,4,0.20244605,3,4,0.11174383,-4364.2652,12.005979,-1.7938622,-4350.4653
1,4,0.25548068,2,4,0.18425504,3,4,0.115163,-4363.9549,11.097975,-1.2534819,-4351.6034
1,4,0.28991963,2,4,0.15489271,3,4,0.14065362,-4364.2622,11.709319,-1.6773643,-4350.8756
1,4,0.27864241,2,4,0.1785596,3,4,0.099695651,-4364.4807,11.137953,-1.6578156,-4351.6849
1,4,0.25547303,2,4,0.19248687,3,4,0.10635556,-4365.0416,11.086309,-2.2528591,-4351.7024
1,4,0.28013021,2,4,0.1807546,3,4,0.12979453,-4362.8568,11.813587,-0.25160043,-4350.7916
1,4,0.26090168,2,4,0.1555617,3,4,0.1368657,-4364.3514,11.066582,-1.6232011,-4351.6616
1,4,0.278131,2,4,0.13612529,3,4,0.12011996,-4367.0499,10.687525,-3.7719042,-4352.5905
1,4,0.26678363,2,4,0.16864293,3,4,0.12018105,-4363.073,11.112152,-0.4434613,-4351.5174
1,4,0.29128621,2,4,0.1807093,3,4,0.1094752,-4363.2987,11.629414,-0.66741268,-4351.0018
1,4,0.26374848,2,4,0.15666362,3,4,0.1447924,-4364.6773,11.30409,-2.0381441,-4351.3351
1,4,0.29516897,2,4,0.21376939,3,4,0.12814306,-4366.2837,12.741628,-4.1864288,-4349.3557
1,4,0.31022329,2,4,0.17248858,3,4,0.12405694,-4363.8122,12.135376,-1.2950541,-4350.3818
1,4,0.28358401,2,4,0.15576121,3,4,0.14209877,-4364.1799,11.62888,-1.5933741,-4350.9577
1,4,0.27925757,2,4,0.15709967,3,4,0.12496563,-4363.4124,11.226457,-0.74397806,-4351.442
1,4,0.26821531,2,4,0.17538039,3,4,0.1340466,-4363.1261,11.552846,-0.52115005,-4351.0521
1,4,0.28817494,2,4,0.17227644,3,4,0.13499218,-4363.1247,11.908871,-0.5400804,-4350.6757
1,4,0.2791642,2,4,0.180786,3,4,0.13576728,-4363.221,11.91435,-0.64466235,-4350.662
1,4,0.27671451,2,4,0.18269811,3,4,0.13927266,-4363.6071,11.973705,-1.0709542,-4350.5624
1,4,0.28818983,2,4,0.17672333,3,4,0.11407709,-4362.9203,11.579805,-0.30009439,-4351.0404
1,4,0.28451202,2,4,0.20477508,3,4,0.10365496,-4365.0256,11.858841,-2.5247576,-4350.642
1,4,0.27032117,2,4,0.16813199,3,4,0.11533385,-4363.1969,11.07574,-0.56110016,-4351.56
1,4,0.24437819,2,4,0.15335165,3,4,0.093692309,-4370.7403,9.8284432,-6.9949248,-4353.917
1,4,0.29653301,2,4,0.1628612,3,4,0.13601901,-4363.6888,11.908264,-1.12853,-4350.652
1,4,0.27129139,2,4,0.18169208,3,4,0.14565895,-4364.3048,11.972849,-1.8628681,-4350.469
1,4,0.29311578,2,4,0.19179319,3,4,0.13276448,-4363.9578,12.353469,-1.4283239,-4350.176
1,4,0.25286092,2,4,0.16670108,3,4,0.1304593,-4363.9895,11.000426,-1.2744872,-4351.7146
1,4,0.28817023,2,4,0.17090938,3,4,0.13471893,-4363.1101,11.875971,-0.52337645,-4350.7108
1,4,0.29965689,2,4,0.18465846,3,4,0.11009901,-4363.6084,11.888287,-1.022252,-4350.6979
