1,4,0.13188028,2,4,0.20007739,3,4,0.29843122,-4439.3489,12.607778,-2.2653177,-4424.4758
1,4,0.11450482,2,4,0.17012134,3,4,0.31118243,-4438.9251,11.916172,-1.4792521,-4425.5297
1,4,0.15135092,2,4,0.19722464,3,4,0.32233886,-4440.5884,13.418288,-3.630364,-4423.5398
1,4,0.11564995,2,4,0.17651377,3,4,0.33047766,-4439.3397,12.452828,-2.0329113,-4424.854
1,4,0.13287384,2,4,0.17313321,3,4,0.34367888,-4439.2215,12.993719,-2.1136184,-4424.1142
1,4,0.14879,2,4,0.12208131,3,4,0.34513476,-4444.6443,12.320122,-6.8611519,-4425.463
1,4,0.14784909,2,4,0.17793202,3,4,0.29956624,-4437.8893,12.506947,-0.62198344,-4424.7604
1,4,0.14171372,2,4,0.18263264,3,4,0.29005101,-4438.0727,12.287948,-0.79834797,-4424.9864
1,4,0.10772338,2,4,0.18846449,3,4,0.28573327,-4440.9474,11.638423,-3.2594586,-4426.0495
1,4,0.12339875,2,4,0.16195737,3,4,0.29874538,-4438.2349,11.68203,-0.88045995,-4425.6724
1,4,0.13646296,2,4,0.18212596,3,4,0.30221352,-4437.7043,12.416049,-0.42661598,-4424.8616
1,4,0.14350696,2,4,0.13863361,3,4,0.29238595,-4439.8185,11.49053,-2.2377749,-4426.0902
1,4,0.12013495,2,4,0.19053726,3,4,0.31186766,-4438.8316,12.450797,-1.5829226,-4424.7979
1,4,0.15208906,2,4,0.14828328,3,4,0.29761042,-4438.5737,11.959655,-1.2186395,-4425.3955
1,4,0.1539587,2,4,0.17133728,3,4,0.28913818,-4438.2668,12.288683,-1.0081763,-4424.9699
1,4,0.12767899,2,4,0.15519529,3,4,0.28861641,-4438.6761,11.429814,-1.3047538,-4425.9416
1,4,0.13888207,2,4,0.141496,3,4,0.3214251,-4439.4872,12.036063,-2.0328226,-4425.4183
1,4,0.12268807,2,4,0.1623639,3,4,0.29263148,-4438.4714,11.553669,-1.1018738,-4425.8158
1,4,0.15872252,2,4,0.14697089,3,4,0.29193391,-4439.2465,11.952546,-1.8941986,-4425.3998
1,4,0.12408913,2,4,0.19588102,3,4,0.31339436,-4439.0904,12.66729,-1.9428789,-4424.4803
1,4,0.14543571,2,4,0.16096339,3,4,0.31632738,-4437.7187,12.45453,-0.43472428,-4424.8294
1,4,0.14026562,2,4,0.17762948,3,4,0.28587343,-4437.945,12.075371,-0.63790568,-4425.2317
1,4,0.14566851,2,4,0.17388477,3,4,0.29710291,-4437.623,12.333124,-0.33547042,-4424.9544
1,4,0.12866454,2,4,0.15128051,3,4,0.28395022,-4439.2482,11.277905,-1.8257124,-4426.1446
1,4,0.14252027,2,4,0.17393337,3,4,0.28028952,-4438.1846,11.934863,-0.8508798,-4425.3988
1,4,0.13687145,2,4,0.12896999,3,4,0.28296342,-4442.652,10.976097,-4.5699347,-4427.106
1,4,0.12632496,2,4,0.18290182,3,4,0.31411423,-4438.0365,12.46682,-0.76343073,-4424.8062
1,4,0.15506568,2,4,0.17782276,3,4,0.3144116,-4438.6712,12.946001,-1.4711656,-4424.2541
1,4,0.130273,2,4,0.16557791,3,4,0.28951733,-4437.8564,11.707365,-0.53776826,-4425.6113
1,4,0.15626155,2,4,0.15444325,3,4,0.30754681,-4438.3652,12.365032,-1.1105149,-4424.8896
1,4,0.13680146,2,4,0.14708022,3,4,0.32993166,-4439.2364,12.276267,-1.8992641,-4425.0608
1,4,0.12957952,2,4,0.17551942,3,4,0.27721288,-4438.6165,11.646236,-1.2290449,-4425.7412
1,4,0.111256,2,4,0.16908014,3,4,0.29816095,-4439.6138,11.569942,-2.0494707,-4425.9944
1,4,0.15335676,2,4,0.16149447,3,4,0.29364231,-4438.0293,12.169871,-0.74878871,-4425.1106
1,4,0.13120609,2,4,0.16628973,3,4,0.31698979,-4437.6306,12.289712,-0.33479168,-4425.0061
1,4,0.14098624,2,4,0.16075275,3,4,0.2943765,-4437.576,11.92231,-0.26950774,-4425.3842
1,4,0.17080071,2,4,0.15739848,3,4,0.31796695,-4440.1422,12.923323,-3.2315881,-4423.9873
1,4,0.13036411,2,4,0.15751701,3,4,0.31697836,-4438.0319,12.09719,-0.7103678,-4425.2243
1,4,0.13306639,2,4,0.14670021,3,4,0.33744846,-4439.9291,12.344301,-2.6122513,-4424.9725
1,4,0.16788479,2,4,0.13966237,3,4,0.29115738,-4440.8973,11.974091,-3.528469,-4425.3947
1,4,0.13738107,2,4,0.17074403,3,4,0.2783716,-4438.2353,11.729934,-0.87908483,-4425.6263
1,4,0.14591182,2,4,0.16899808,3,4,0.27915042,-4438.2793,11.881206,-0.93683277,-4425.4613
1,4,0.14035062,2,4,0.17367803,3,4,0.31119415,-4437.472,12.504456,-0.17817345,-4424.7894
1,4,0.14587652,2,4,0.14462981,3,4,0.26521375,-4441.0878,11.114402,-3.3594869,-4426.6139
1,4,0.14267607,2,4,0.16603645,3,4,0.27205828,-4438.7935,11.615416,-1.3802976,-4425.7978
1,4,0.11304141,2,4,0.17640765,3,4,0.29263511,-4439.3731,11.641683,-1.8597168,-4425.8717
1,4,0.13765961,2,4,0.15907093,3,4,0.26942504,-4439.3387,11.323112,-1.8686839,-4426.1469
1,4,0.11639115,2,4,0.17421625,3,4,0.29575475,-4438.7741,11.727243,-1.3427922,-4425.704
1,4,0.13568183,2,4,0.14842306,3,4,0.31923049,-4438.6398,12.066708,-1.2716331,-4425.3015
1,4,0.11558093,2,4,0.20079405,3,4,0.29379248,-4440.3417,12.203349,-3.0914796,-4425.0469
1,4,0.13083347,2,4,0.14778234,3,4,0.30902063,-4438.7764,11.752729,-1.3614293,-4425.6623
1,4,0.13838851,2,4,0.14655149,3,4,0.34323484,-4440.2118,12.563497,-3.0038735,-4424.6444
1,4,0.16981859,2,4,0.15063248,3,4,0.30055697,-4439.9354,12.420161,-2.8555544,-4424.6596
1,4,0.1435401,2,4,0.18501391,3,4,0.29289034,-4438.2273,12.428887,-0.9791619,-4424.8192
1,4,0.14890277,2,4,0.15962649,3,4,0.28136705,-4438.3839,11.797926,-1.034112,-4425.5519
1,4,0.13986263,2,4,0.1453211,3,4,0.2816583,-4439.4831,11.336841,-1.9913814,-4426.1548
1,4,0.15150179,2,4,0.16334061,3,4,0.29774314,-4437.802,12.251711,-0.52217559,-4425.0281
1,4,0.14007524,2,4,0.15343877,3,4,0.27819328,-4438.8673,11.434146,-1.4563739,-4425.9767
1,4,0.12398129,2,4,0.19146091,3,4,0.26983704,-4440.4329,11.705585,-2.9488677,-4425.7785
1,4,0.14245201,2,4,0.13444014,3,4,0.29552689,-4440.4907,11.448381,-2.782761,-4426.2595
1,4,0.15285916,2,4,0.17548917,3,4,0.31714238,-4438.426,12.909814,-1.1969114,-4424.3193
1,4,0.13197266,2,4,0.17060564,3,4,0.34182323,-4439.0361,12.888031,-1.896637,-4424.2514
1,4,0.13662182,2,4,0.15249354,3,4,0.33458553,-4439.0167,12.474018,-1.7627851,-4424.7799
1,4,0.1515242,2,4,0.15987064,3,4,0.32922045,-4438.6537,12.812306,-1.4579854,-4424.3834
1,4,0.15852382,2,4,0.19852514,3,4,0.29034784,-4441.0606,12.947936,-4.2534416,-4423.8592
1,4,0.16814687,2,4,0.15734861,3,4,0.30050935,-4439.4738,12.520096,-2.4026602,-4424.5511
1,4,0.1683932,2,4,0.15580341,3,4,0.30355468,-4439.5385,12.555026,-2.4768384,-4424.5066
1,4,0.13432036,2,4,0.16363311,3,4,0.29297129,-4437.608,11.818495,-0.30260025,-4425.4869
1,4,0.13705619,2,4,0.16458224,3,4,0.28702065,-4437.7629,11.773182,-0.44636953,-4425.5434
1,4,0.15347926,2,4,0.17007793,3,4,0.30396458,-4437.9735,12.550435,-0.7216374,-4424.7014
1,4,0.12156631,2,4,0.19010737,3,4,0.35204685,-4441.1435,13.27441,-4.3334337,-4423.5357
1,4,0.13643637,2,4,0.16959199,3,4,0.28303499,-4437.9294,11.781267,-0.59899865,-4425.5491
1,4,0.13553767,2,4,0.1866509,3,4,0.33101499,-4438.9378,13.064071,-1.7723998,-4424.1013
1,4,0.13204977,2,4,0.16271698,3,4,0.31302749,-4437.5965,12.155885,-0.29372206,-4425.1469
1,4,0.1268064,2,4,0.15686636,3,4,0.27980177,-4439.1755,11.269491,-1.7638733,-4426.1421
1,4,0.11283234,2,4,0.19701356,3,4,0.28553946,-4440.7165,11.907707,-3.269822,-4425.5389
1,4,0.12555087,2,4,0.18934356,3,4,0.31867975,-4438.6049,12.671484,-1.3955226,-4424.5379
1,4,0.13094833,2,4,0.15087191,3,4,0.30496746,-4438.4107,11.735754,-1.0366711,-4425.6383
1,4,0.11474021,2,4,0.15815321,3,4,0.336629,-4440.5573,12.190448,-3.1173804,-4425.2495
1,4,0.15209867,2,4,0.17376541,3,4,0.30549049,-4437.9992,12.627091,-0.74518393,-4424.627
1,4,0.14312665,2,4,0.15045733,3,4,0.28891247,-4438.4422,11.649929,-1.0650844,-4425.7272
1,4,0.14732953,2,4,0.12640078,3,4,0.29016972,-4442.4116,11.278001,-4.3090581,-4426.8246
1,4,0.11702046,2,4,0.19834082,3,4,0.29760228,-4439.8328,12.259271,-2.5896198,-4424.9839
1,4,0.11689624,2,4,0.17396125,3,4,0.32986542,-4439.1577,12.414458,-1.8456563,-4424.8975
1,4,0.14313109,2,4,0.16798975,3,4,0.31862754,-4437.6621,12.594968,-0.37859849,-4424.6886
1,4,0.10638492,2,4,0.1508359,3,4,0.30618512,-4442.2084,11.268119,-4.215903,-4426.7243
1,4,0.12189429,2,4,0.14746512,3,4,0.32785364,-4440.2366,11.944261,-2.7270475,-4425.5653
1,4,0.13442458,2,4,0.15838889,3,4,0.35539383,-4440.5675,12.964146,-3.6251229,-4423.9783
1,4,0.15839909,2,4,0.14202107,3,4,0.31043715,-4439.5516,12.217146,-2.2150394,-4425.1194
1,4,0.12442333,2,4,0.17930599,3,4,0.30188328,-4437.9158,12.112252,-0.60074316,-4425.2029
1,4,0.13778366,2,4,0.1642694,3,4,0.33188859,-4438.2696,12.678833,-1.0356007,-4424.5552
1,4,0.13764211,2,4,0.18984112,3,4,0.3184403,-4438.6096,12.918471,-1.4146462,-4424.2765
1,4,0.15547226,2,4,0.14174522,3,4,0.33824068,-4440.6782,12.709163,-3.5420102,-4424.427
1,4,0.13566778,2,4,0.17225833,3,4,0.29657258,-4437.4106,12.089974,-0.11161241,-4425.209
1,4,0.14850494,2,4,0.18967757,3,4,0.29178444,-4438.964,12.599339,-1.7989307,-4424.5658
1,4,0.1406196,2,4,0.18458314,3,4,0.34737462,-4440.3224,13.451547,-3.3402602,-4423.5306
1,4,0.1291728,2,4,0.15943445,3,4,0.32328919,-4438.2077,12.237929,-0.90138509,-4425.0684
1,4,0.13107077,2,4,0.17377871,3,4,0.28124898,-4438.22,11.721969,-0.8687954,-4425.6292
1,4,0.15176204,2,4,0.15380572,3,4,0.3258565,-4438.6845,12.628485,-1.4607962,-4424.5953
1,4,0.12636604,2,4,0.19841807,3,4,0.27783078,-4440.2026,12.052298,-2.9314566,-4425.2188
1,4,0.14541776,2,4,0.16692998,3,4,0.32498857,-4438.0315,12.746726,-0.77465621,-4424.5101
1,4,0.14397049,2,4,0.19241407,3,4,0.33525186,-4440.1929,13.432728,-3.15829,-4423.6019
1,4,0.12469402,2,4,0.19347999,3,4,0.31287343,-4438.8284,12.620949,-1.6446188,-4424.5628
1,4,0.14719064,2,4,0.17163646,3,4,0.29976444,-4437.6012,12.371831,-0.31533619,-4424.914
1,4,0.13701012,2,4,0.17732869,3,4,0.29105206,-4437.6867,12.107817,-0.38649111,-4425.1924
1,4,0.13079727,2,4,0.16663281,3,4,0.3212527,-4437.788,12.373656,-0.49997297,-4424.9144
1,4,0.16360226,2,4,0.16154129,3,4,0.30272808,-4438.8664,12.557433,-1.7247919,-4424.5841
1,4,0.1535317,2,4,0.16545661,3,4,0.31834693,-4438.2192,12.746705,-0.98549288,-4424.487
1,4,0.13468258,2,4,0.16776369,3,4,0.31578483,-4437.4888,12.364622,-0.19574988,-4424.9285
1,4,0.1623994,2,4,0.15279149,3,4,0.31420344,-4439.1156,12.587886,-1.960382,-4424.5673
1,4,0.15211207,2,4,0.1441161,3,4,0.26213387,-4441.6595,11.167241,-3.8449515,-4426.6473
1,4,0.15086672,2,4,0.15507827,3,4,0.30817091,-4437.9967,12.282318,-0.70745111,-4425.007
1,4,0.13947396,2,4,0.16593707,3,4,0.31280511,-4437.4129,12.364323,-0.11796429,-4424.9307
1,4,0.13445391,2,4,0.17829688,3,4,0.31675861,-4437.7154,12.590188,-0.43575469,-4424.6894
1,4,0.1598148,2,4,0.13587114,3,4,0.34445023,-4442.2004,12.802723,-5.1706627,-4424.227
1,4,0.17225617,2,4,0.1734926,3,4,0.31322917,-4440.6335,13.179559,-3.8231534,-4423.6307
1,4,0.16018492,2,4,0.13759021,3,4,0.30206692,-4440.2346,11.996841,-2.7811567,-4425.4566
1,4,0.13218327,2,4,0.15951676,3,4,0.33568746,-4438.7731,12.54775,-1.5443237,-4424.681
1,4,0.15918526,2,4,0.15822424,3,4,0.28191787,-4439.0619,11.986548,-1.7615111,-4425.3138
1,4,0.13789928,2,4,0.18550978,3,4,0.31619282,-4438.1698,12.792038,-0.92659198,-4424.4512
1,4,0.14620401,2,4,0.14882715,3,4,0.27309516,-4439.7247,11.362526,-2.2029371,-4426.1592
1,4,0.13272289,2,4,0.15157904,3,4,0.25892801,-4441.5472,10.864599,-3.7973295,-4426.8852
1,4,0.12666473,2,4,0.17288188,3,4,0.30320243,-4437.6435,12.054981,-0.33160346,-4425.2569
1,4,0.14350949,2,4,0.15554181,3,4,0.28520759,-4438.2301,11.685178,-0.87806453,-4425.6669
1,4,0.12844277,2,4,0.16646991,3,4,0.29531789,-4437.7296,11.804611,-0.4155705,-4425.5094
1,4,0.1377463,2,4,0.17654598,3,4,0.30313086,-4437.4469,12.348463,-0.15397133,-4424.9445
1,4,0.15047436,2,4,0.1623666,3,4,0.29175913,-4437.8911,12.092002,-0.59542049,-4425.2037
1,4,0.13768186,2,4,0.16031135,3,4,0.32756366,-4438.1125,12.511137,-0.84896891,-4424.7524
1,4,0.10804546,2,4,0.1953872,3,4,0.30924692,-4440.547,12.253592,-3.1518211,-4425.1416
1,4,0.12995634,2,4,0.17517652,3,4,0.2927333,-4437.7094,11.957323,-0.39817583,-4425.3539
1,4,0.13334649,2,4,0.17233477,3,4,0.28479343,-4437.9047,11.809494,-0.57793429,-4425.5173
1,4,0.14683645,2,4,0.16073842,3,4,0.2992506,-4437.6005,12.13651,-0.3027824,-4425.1612
1,4,0.14658715,2,4,0.16875246,3,4,0.2795362,-4438.2761,11.897516,-0.93691501,-4425.4416
1,4,0.097510861,2,4,0.16369474,3,4,0.30118548,-4443.2397,11.247822,-4.896633,-4427.0953
1,4,0.14122183,2,4,0.17753917,3,4,0.29967257,-4437.5703,12.368671,-0.28191819,-4424.9197
1,4,0.15131328,2,4,0.17729712,3,4,0.29438219,-4438.1618,12.459852,-0.91249787,-4424.7895
1,4,0.10989988,2,4,0.16352171,3,4,0.32333615,-4440.2769,11.935155,-2.6916405,-4425.6501
1,4,0.13407741,2,4,0.16334592,3,4,0.33493938,-4438.5263,12.647254,-1.307415,-4424.5716
1,4,0.13960397,2,4,0.16661973,3,4,0.29952577,-4437.3377,12.114989,-0.039922919,-4425.1828
1,4,0.13181363,2,4,0.14394526,3,4,0.33139341,-4439.9625,12.143046,-2.5408501,-4425.2786
1,4,0.13320538,2,4,0.17310876,3,4,0.29558174,-4437.4863,12.037918,-0.1848101,-4425.2636
1,4,0.16908947,2,4,0.14399949,3,4,0.31343244,-4440.417,12.530428,-3.3323758,-4424.5541
1,4,0.10380543,2,4,0.16127267,3,4,0.30511959,-4441.5972,11.403954,-3.66341,-4426.5298
1,4,0.16272996,2,4,0.1484937,3,4,0.30924021,-4439.2971,12.409278,-2.0952885,-4424.7926
1,4,0.14267858,2,4,0.16311884,3,4,0.2839605,-4437.9536,11.795158,-0.62356149,-4425.5348
1,4,0.17983368,2,4,0.14001253,3,4,0.31530988,-4442.3016,12.703122,-5.5628443,-4424.0356
1,4,0.15529638,2,4,0.16170176,3,4,0.3187916,-4438.378,12.715795,-1.1619747,-4424.5002
1,4,0.12679617,2,4,0.18205225,3,4,0.32343531,-4438.2906,12.645675,-1.0450187,-4424.5999
1,4,0.14951689,2,4,0.17587135,3,4,0.29128432,-4438.0421,12.333451,-0.77191833,-4424.9367
1,4,0.14115741,2,4,0.16531382,3,4,0.31616452,-4437.5297,12.452715,-0.23941259,-4424.8376
1,4,0.12417316,2,4,0.18706741,3,4,0.31192979,-4438.3378,12.463407,-1.0797291,-4424.7947
1,4,0.15942083,2,4,0.17840437,3,4,0.28548209,-4439.2556,12.466146,-2.0990724,-4424.6904
1,4,0.12757908,2,4,0.18558694,3,4,0.28634601,-4438.5056,11.990241,-1.1853666,-4425.33
1,4,0.12433254,2,4,0.17215355,3,4,0.33454356,-4438.7914,12.620593,-1.5655308,-4424.6053
1,4,0.15016049,2,4,0.16070464,3,4,0.27483432,-4438.8838,11.713989,-1.4900059,-4425.6798
1,4,0.13677914,2,4,0.17249015,3,4,0.28541199,-4437.8098,11.893626,-0.49031265,-4425.4259
1,4,0.14420822,2,4,0.14549824,3,4,0.31539287,-4438.7133,12.101987,-1.3372104,-4425.2741
1,4,0.12257666,2,4,0.18121789,3,4,0.31138411,-4438.1283,12.303573,-0.82530546,-4424.9994
1,4,0.15053424,2,4,0.17069905,3,4,0.27913649,-4438.5212,12.007396,-1.1991089,-4425.3147
1,4,0.12974164,2,4,0.15289317,3,4,0.30376025,-4438.2983,11.727901,-0.93805028,-4425.6324
1,4,0.13203674,2,4,0.16873762,3,4,0.31956072,-4437.6615,12.406701,-0.37346213,-4424.8813
1,4,0.14740578,2,4,0.17879122,3,4,0.31472815,-4438.1062,12.818503,-0.84549227,-4424.4422
1,4,0.13698503,2,4,0.15716392,3,4,0.30671757,-4437.6383,12.01733,-0.32693298,-4425.2941
1,4,0.13492176,2,4,0.15085861,3,4,0.32415268,-4438.6138,12.198661,-1.280989,-4425.1341
1,4,0.12427222,2,4,0.16036887,3,4,0.339209,-4439.4548,12.477002,-2.2131989,-4424.7646
1,4,0.12554894,2,4,0.17697609,3,4,0.29045455,-4438.0748,11.859592,-0.73832376,-4425.4769
1,4,0.14004002,2,4,0.16335334,3,4,0.3098419,-4437.4017,12.264705,-0.10466707,-4425.0324
1,4,0.13949521,2,4,0.18363634,3,4,0.31996704,-4438.222,12.861972,-0.9759541,-4424.384
1,4,0.13803835,2,4,0.16469916,3,4,0.33313811,-4438.3479,12.717512,-1.1235145,-4424.5069
1,4,0.14880904,2,4,0.14997954,3,4,0.29931455,-4438.2681,11.962063,-0.92268794,-4425.3834
1,4,0.14145929,2,4,0.17172321,3,4,0.28321872,-4437.9381,11.928024,-0.61395008,-4425.3961
1,4,0.15601919,2,4,0.16699542,3,4,0.28736833,-4438.4199,12.207659,-1.1594601,-4425.0528
1,4,0.13504544,2,4,0.17235082,3,4,0.30919215,-4437.371,12.331768,-0.074824565,-4424.9644
1,4,0.12599897,2,4,0.17026897,3,4,0.27255066,-4439.266,11.376372,-1.8064716,-4426.0832
1,4,0.14792455,2,4,0.148392,3,4,0.30676342,-4438.3466,12.061599,-0.99857931,-4425.2864
1,4,0.12210119,2,4,0.17857442,3,4,0.34313214,-4439.6845,12.876155,-2.5802749,-4424.2281
1,4,0.1505639,2,4,0.14791705,3,4,0.33115326,-4439.3284,12.592684,-2.105621,-4424.6301
1,4,0.13638909,2,4,0.18851777,3,4,0.35230545,-4440.9883,13.544246,-4.1445068,-4423.2995
1,4,0.13278851,2,4,0.16806685,3,4,0.29202372,-4437.5967,11.857582,-0.28996851,-4425.4491
1,4,0.13509439,2,4,0.17608159,3,4,0.3408396,-4439.0574,13.040312,-1.9224926,-4424.0946
1,4,0.11747329,2,4,0.17642765,3,4,0.31693703,-4438.5863,12.216759,-1.2319237,-4425.1376
1,4,0.14573757,2,4,0.15077005,3,4,0.30961394,-4438.1127,12.122431,-0.78324329,-4425.2071
1,4,0.13630467,2,4,0.15969471,3,4,0.28659321,-4437.983,11.651852,-0.65573642,-4425.6754
1,4,0.13104565,2,4,0.17646325,3,4,0.29141548,-4437.7432,11.978488,-0.43290903,-4425.3318
1,4,0.1517498,2,4,0.18310824,3,4,0.28551269,-4438.8522,12.407415,-1.6353172,-4424.8094
1,4,0.13097865,2,4,0.15248844,3,4,0.2934857,-4438.4654,11.539056,-1.1011399,-4425.8252
1,4,0.13573012,2,4,0.19894912,3,4,0.30304919,-4439.2311,12.754569,-2.1504234,-4424.3261
1,4,0.16990411,2,4,0.17422113,3,4,0.298432,-4440.0827,12.851145,-3.1628974,-4424.0687
1,4,0.12789053,2,4,0.16138788,3,4,0.3373615,-4439.0083,12.532798,-1.7817245,-4424.6938
1,4,0.13776856,2,4,0.17129163,3,4,0.27029119,-4438.9432,11.587028,-1.5106224,-4425.8456
1,4,0.14302797,2,4,0.18336025,3,4,0.31388573,-4438.1325,12.805479,-0.87864549,-4424.4483
1,4,0.14055538,2,4,0.16107186,3,4,0.3017459,-4437.437,12.067463,-0.13599984,-4425.2335
1,4,0.11173331,2,4,0.18827199,3,4,0.27348429,-4441.2782,11.469792,-3.5603484,-4426.248
1,4,0.12109594,2,4,0.17720768,3,4,0.34028575,-4439.4889,12.771788,-2.332784,-4424.3843
1,4,0.14526185,2,4,0.17405604,3,4,0.28735827,-4437.8918,12.133523,-0.59181232,-4425.1665
1,4,0.15419429,2,4,0.18765285,3,4,0.33020602,-4440.2398,13.441063,-3.1860541,-4423.6127
1,4,0.1414047,2,4,0.19093634,3,4,0.29672047,-4438.5772,12.58123,-1.3821873,-4424.6137
1,4,0.14907192,2,4,0.15621992,3,4,0.34041775,-4439.436,12.914192,-2.3297238,-4424.192
1,4,0.13620706,2,4,0.17845001,3,4,0.28248142,-4438.1396,11.94277,-0.81275185,-4425.3841
1,4,0.14393516,2,4,0.15859404,3,4,0.29264197,-4437.7463,11.903424,-0.43177267,-4425.4111
1,4,0.12091071,2,4,0.16785185,3,4,0.26989979,-4440.1293,11.173247,-2.5679108,-4426.3881
1,4,0.13086951,2,4,0.13871884,3,4,0.32271409,-4440.4472,11.846049,-2.8472973,-4425.7539
1,4,0.14205995,2,4,0.16368463,3,4,0.32161873,-4437.7696,12.547266,-0.49254073,-4424.7298
1,4,0.1314724,2,4,0.19603837,3,4,0.32420316,-4439.3704,13.034279,-2.2912438,-4424.0448
1,4,0.12793322,2,4,0.16543235,3,4,0.31397974,-4437.7314,12.146906,-0.42222992,-4425.1622
1,4,0.14809604,2,4,0.168387,3,4,0.3297045,-4438.4666,12.923751,-1.2477835,-4424.2951
1,4,0.15273514,2,4,0.17085366,3,4,0.24003797,-4443.9255,11.272536,-5.7238849,-4426.9291
1,4,0.11439239,2,4,0.17937456,3,4,0.32119878,-4439.1145,12.299315,-1.7507369,-4425.0644
1,4,0.13312744,2,4,0.18026678,3,4,0.28106877,-4438.3481,11.88926,-1.0084655,-4425.4503
1,4,0.16122582,2,4,0.15318513,3,4,0.31987246,-4439.1739,12.685668,-2.0307794,-4424.4574
1,4,0.16868699,2,4,0.16130705,3,4,0.29997637,-4439.5083,12.599408,-2.4705259,-4424.4384
1,4,0.11165638,2,4,0.18821951,3,4,0.31966069,-4439.7264,12.390732,-2.3874261,-4424.9483
1,4,0.14115246,2,4,0.15457332,3,4,0.32507561,-4438.2662,12.416028,-0.98446597,-4424.8657
1,4,0.15382262,2,4,0.15690691,3,4,0.32450779,-4438.6184,12.704746,-1.4114081,-4424.5023
1,4,0.10543516,2,4,0.18144935,3,4,0.2816211,-4441.5142,11.370112,-3.6424717,-4426.5016
1,4,0.13480169,2,4,0.16417382,3,4,0.26921737,-4439.2214,11.363858,-1.7612591,-4426.0963
1,4,0.15805745,2,4,0.19914759,3,4,0.29708627,-4440.9947,13.085826,-4.192625,-4423.7163
1,4,0.15832146,2,4,0.15358639,3,4,0.30357147,-4438.5503,12.309586,-1.301548,-4424.9392
1,4,0.14489771,2,4,0.17114793,3,4,0.31174489,-4437.57,12.555811,-0.28060385,-4424.7336
1,4,0.13651641,2,4,0.19070787,3,4,0.31147544,-4438.45,12.773994,-1.2485641,-4424.4275
1,4,0.1356721,2,4,0.19048271,3,4,0.26859888,-4440.0419,11.895074,-2.6536156,-4425.4932
1,4,0.13816497,2,4,0.18058118,3,4,0.29501517,-4437.7288,12.275226,-0.44335095,-4425.0102
1,4,0.14094312,2,4,0.16817403,3,4,0.27626064,-4438.3917,11.707556,-1.0209406,-4425.6632
1,4,0.12320189,2,4,0.17622271,3,4,0.29906236,-4437.9749,11.969739,-0.64137081,-4425.3638
1,4,0.12169784,2,4,0.15783086,3,4,0.33710017,-4439.7112,12.332577,-2.4010832,-4424.9776
1,4,0.13579283,2,4,0.18365811,3,4,0.30881556,-4437.8278,12.56533,-0.56063339,-4424.7018
1,4,0.13267394,2,4,0.18492174,3,4,0.31098403,-4437.938,12.571594,-0.67909729,-4424.6873
1,4,0.12714784,2,4,0.17671294,3,4,0.30431492,-4437.6671,12.163514,-0.36209292,-4425.1415
1,4,0.11745607,2,4,0.17255597,3,4,0.29815436,-4438.58,11.763328,-1.1711294,-4425.6455
1,4,0.14939504,2,4,0.18603049,3,4,0.2818258,-4439.0912,12.345027,-1.8693454,-4424.8768
1,4,0.10094075,2,4,0.18588195,3,4,0.29928622,-4441.6289,11.722179,-3.7448134,-4426.1619
1,4,0.12188299,2,4,0.17263208,3,4,0.32493404,-4438.4263,12.388982,-1.1283994,-4424.9089
1,4,0.13786157,2,4,0.16965994,3,4,0.31910445,-4437.5883,12.532519,-0.30179903,-4424.754
1,4,0.13203962,2,4,0.1800759,3,4,0.31129801,-4437.6762,12.468271,-0.39390295,-4424.8141
1,4,0.11898077,2,4,0.16406626,3,4,0.28416455,-4439.2768,11.344232,-1.8239462,-4426.1086
1,4,0.1450132,2,4,0.16173748,3,4,0.32344222,-4437.9706,12.603858,-0.70650948,-4424.6602
1,4,0.12521124,2,4,0.14048565,3,4,0.284722,-4441.1757,11.008378,-3.4875241,-4426.6798
1,4,0.15669951,2,4,0.15587793,3,4,0.3074702,-4438.3371,12.400953,-1.0920818,-4424.844
1,4,0.13257827,2,4,0.17850415,3,4,0.31806005,-4437.7784,12.58285,-0.50234292,-4424.6932
1,4,0.13795484,2,4,0.16714852,3,4,0.30922,-4437.3342,12.286467,-0.037285293,-4425.0105
1,4,0.12949967,2,4,0.17996312,3,4,0.29143625,-4437.9144,12.017981,-0.60407281,-4425.2923
1,4,0.12681796,2,4,0.17079278,3,4,0.32571429,-4438.1294,12.4665,-0.8538408,-4424.8091
1,4,0.11351284,2,4,0.18840173,3,4,0.2899571,-4439.7625,11.837433,-2.290764,-4425.6343
1,4,0.12918917,2,4,0.19261081,3,4,0.31671322,-4438.7262,12.770264,-1.5543852,-4424.4016
1,4,0.1813966,2,4,0.16154395,3,4,0.29311681,-4441.6111,12.721147,-5.0130947,-4423.8768
1,4,0.14145585,2,4,0.19200145,3,4,0.2738616,-4439.7752,12.146378,-2.5095697,-4425.1193
1,4,0.12280027,2,4,0.17679084,3,4,0.29465395,-4438.1279,11.884901,-0.78246854,-4425.4605
1,4,0.13182322,2,4,0.18358335,3,4,0.26625462,-4439.8871,11.633224,-2.389897,-4425.864
1,4,0.13868418,2,4,0.16485033,3,4,0.2978975,-4437.3829,12.02864,-0.084037075,-4425.2702
1,4,0.13919279,2,4,0.18425186,3,4,0.30147056,-4437.892,12.498304,-0.62917912,-4424.7645
1,4,0.17156826,2,4,0.16677841,3,4,0.28751064,-4440.2393,12.517146,-3.2753481,-4424.4468
1,4,0.13800282,2,4,0.16534724,3,4,0.30137199,-4437.3328,12.094441,-0.035097081,-4425.2033
1,4,0.13638855,2,4,0.1727546,3,4,0.33413726,-4438.4464,12.865608,-1.2352796,-4424.3455
1,4,0.15241798,2,4,0.15459686,3,4,0.29044815,-4438.3275,11.94926,-1.0035217,-4425.3747
1,4,0.13246702,2,4,0.15261288,3,4,0.31537803,-4438.258,12.009159,-0.91167527,-4425.3371
1,4,0.15076896,2,4,0.14400076,3,4,0.30591531,-4438.8892,12.013701,-1.4974329,-4425.378
1,4,0.13102855,2,4,0.19035605,3,4,0.28438931,-4438.837,12.115478,-1.5584013,-4425.1631
1,4,0.144512,2,4,0.20017117,3,4,0.29057635,-4439.9489,12.70519,-2.9430444,-4424.3007
1,4,0.13719679,2,4,0.15451963,3,4,0.30967339,-4437.8307,12.027796,-0.50829255,-4425.2946
1,4,0.15248842,2,4,0.169461,3,4,0.29214046,-4438.0154,12.281798,-0.74565598,-4424.9879
1,4,0.12801807,2,4,0.16418321,3,4,0.33012493,-4438.4127,12.446524,-1.1460305,-4424.8201
1,4,0.13550987,2,4,0.19540179,3,4,0.29394032,-4438.9253,12.49704,-1.7635983,-4424.6647
1,4,0.12485969,2,4,0.1788168,3,4,0.32898334,-4438.5284,12.653197,-1.2923983,-4424.5828
1,4,0.1321246,2,4,0.17479301,3,4,0.27316094,-4438.8428,11.601571,-1.4279995,-4425.8132
1,4,0.13122253,2,4,0.20068689,3,4,0.29953429,-4439.4097,12.628874,-2.3386728,-4424.4422
1,4,0.15253497,2,4,0.19405183,3,4,0.30965481,-4439.8062,13.124832,-2.7652486,-4423.9162
1,4,0.14034004,2,4,0.16656552,3,4,0.28516789,-4437.8056,11.841469,-0.48463271,-4425.4795
1,4,0.11748959,2,4,0.16784376,3,4,0.29012708,-4438.9744,11.509209,-1.5324154,-4425.9328
1,4,0.14059481,2,4,0.15944163,3,4,0.31396718,-4437.6042,12.280072,-0.3065505,-4425.0176
1,4,0.14164922,2,4,0.17285016,3,4,0.33131707,-4438.3691,12.916329,-1.1410438,-4424.3117
1,4,0.12268653,2,4,0.17253033,3,4,0.28018771,-4438.8813,11.508091,-1.46295,-4425.9103
1,4,0.11253667,2,4,0.17148832,3,4,0.33001014,-4439.7668,12.280703,-2.3646671,-4425.1214
1,4,0.14798581,2,4,0.17898249,3,4,0.29843696,-4437.9656,12.508105,-0.70353815,-4424.7539
1,4,0.1385726,2,4,0.16970459,3,4,0.32615205,-4437.9189,12.688585,-0.65560449,-4424.5747
1,4,0.12556698,2,4,0.18502496,3,4,0.29890575,-4438.1411,12.189954,-0.84763603,-4425.1035
1,4,0.14094069,2,4,0.16252599,3,4,0.30751763,-4437.4019,12.219686,-0.10392446,-4425.0783
1,4,0.1189671,2,4,0.18397837,3,4,0.31333233,-4438.5645,12.325556,-1.2546558,-4424.9843
1,4,0.15982573,2,4,0.15685058,3,4,0.30756419,-4438.5781,12.48481,-1.3734122,-4424.7199
1,4,0.11305549,2,4,0.18544671,3,4,0.30379129,-4439.2663,12.04587,-1.8439575,-4425.3765
1,4,0.13694522,2,4,0.15091218,3,4,0.29382673,-4438.308,11.633682,-0.9456562,-4425.7286
1,4,0.12808543,2,4,0.164722,3,4,0.31734992,-4437.8279,12.203147,-0.52162967,-4425.1031
1,4,0.1405273,2,4,0.15675589,3,4,0.32473741,-4438.1217,12.440412,-0.8442519,-4424.8371
1,4,0.13235459,2,4,0.14849578,3,4,0.30261119,-4438.6003,11.669231,-1.2037301,-4425.7274
1,4,0.14083203,2,4,0.16613643,3,4,0.26061982,-4440.0948,11.351766,-2.4978236,-4426.2452
1,4,0.1267635,2,4,0.18323277,3,4,0.35777037,-4441.144,13.355333,-4.3729344,-4423.4158
1,4,0.12786509,2,4,0.17243263,3,4,0.2962082,-4437.6796,11.930118,-0.36605044,-4425.3834
1,4,0.15279363,2,4,0.1819743,3,4,0.31640748,-4438.8193,13.023508,-1.6232889,-4424.1725
1,4,0.14733037,2,4,0.16349242,3,4,0.28622624,-4437.9458,11.940981,-0.62907457,-4425.3758
1,4,0.13089773,2,4,0.16235443,3,4,0.32273298,-4437.9604,12.319703,-0.66884174,-4424.9718
1,4,0.14179391,2,4,0.16636112,3,4,0.29627592,-4437.4166,12.088619,-0.11760508,-4425.2103
1,4,0.13200476,2,4,0.16763795,3,4,0.30712359,-4437.4073,12.135326,-0.10758823,-4425.1644
1,4,0.13585654,2,4,0.15726673,3,4,0.28344117,-4438.3183,11.531289,-0.9674757,-4425.8196
1,4,0.14534136,2,4,0.13891741,3,4,0.3146926,-4439.5775,11.979027,-2.0862601,-4425.5122
1,4,0.13552125,2,4,0.19453271,3,4,0.29423665,-4438.8254,12.485812,-1.650978,-4424.6886
1,4,0.12604257,2,4,0.20360967,3,4,0.31417193,-4439.9284,12.876484,-2.9566385,-4424.0953
1,4,0.13595163,2,4,0.1645979,3,4,0.31661139,-4437.5365,12.343219,-0.24367896,-4424.9496
1,4,0.17629134,2,4,0.17751096,3,4,0.25555767,-4444.1407,12.187199,-7.1386855,-4424.8148
1,4,0.1344994,2,4,0.19963098,3,4,0.28821269,-4439.5879,12.446861,-2.4802307,-4424.6608
1,4,0.14896105,2,4,0.17087862,3,4,0.33012048,-4438.6096,12.999203,-1.399509,-4424.2109
1,4,0.1282,2,4,0.17647834,3,4,0.31929195,-4437.863,12.479406,-0.58162706,-4424.802
1,4,0.13731993,2,4,0.17449343,3,4,0.30933326,-4437.4177,12.422933,-0.12304771,-4424.8717
1,4,0.14991244,2,4,0.14414408,3,4,0.30636195,-4438.8454,12.008369,-1.45257,-4425.3844
1,4,0.15262805,2,4,0.15355845,3,4,0.30210225,-4438.1558,12.165775,-0.85746006,-4425.1326
1,4,0.154815,2,4,0.15525543,3,4,0.3293212,-4439.0207,12.787833,-1.8560084,-4424.3768
1,4,0.13772907,2,4,0.16708797,3,4,0.31251811,-4437.3906,12.346703,-0.095098743,-4424.9488
1,4,0.14021156,2,4,0.18295846,3,4,0.29477406,-4437.9162,12.358882,-0.6449989,-4424.9124
1,4,0.10293131,2,4,0.18914565,3,4,0.29877853,-4441.2987,11.81711,-3.5445842,-4425.937
1,4,0.14158391,2,4,0.16117204,3,4,0.2945287,-4437.5606,11.945693,-0.25504143,-4425.3599
1,4,0.13886847,2,4,0.16932263,3,4,0.29602289,-4437.3872,12.08428,-0.088292553,-4425.2147
1,4,0.14226796,2,4,0.17560151,3,4,0.28951648,-4437.7554,12.147719,-0.45653226,-4425.1512
1,4,0.12998355,2,4,0.18239296,3,4,0.35343767,-4440.5668,13.316284,-3.6835973,-4423.5669
1,4,0.1380581,2,4,0.18308082,3,4,0.28634063,-4438.1728,12.149591,-0.88128713,-4425.1419
1,4,0.15977926,2,4,0.14532521,3,4,0.31002314,-4439.3055,12.302552,-2.0305998,-4424.9723
1,4,0.13487064,2,4,0.16137574,3,4,0.30875854,-4437.4938,12.100098,-0.19165653,-4425.2021
1,4,0.12278784,2,4,0.19881615,3,4,0.28220722,-4440.1255,12.076224,-2.8585804,-4425.1907
1,4,0.13727292,2,4,0.18102374,3,4,0.2633433,-4439.9924,11.632799,-2.4717548,-4425.8879
1,4,0.12974698,2,4,0.18198398,3,4,0.29788935,-4437.8186,12.192406,-0.52669501,-4425.0995
1,4,0.13459699,2,4,0.1657323,3,4,0.31028068,-4437.3965,12.212199,-0.098712781,-4425.0856
1,4,0.1302599,2,4,0.18115986,3,4,0.2854794,-4438.2065,11.937983,-0.88094467,-4425.3876
1,4,0.14985394,2,4,0.16283973,3,4,0.34490284,-4439.7482,13.15193,-2.7125748,-4423.8837
1,4,0.13903858,2,4,0.15520373,3,4,0.33009355,-4438.5028,12.486717,-1.24248,-4424.7736
1,4,0.16795094,2,4,0.16776132,3,4,0.3005973,-4439.5037,12.726191,-2.4824483,-4424.295
1,4,0.15800706,2,4,0.15250922,3,4,0.27043104,-4440.1682,11.618946,-2.6816752,-4425.8676
1,4,0.14152206,2,4,0.1784976,3,4,0.31234039,-4437.7242,12.647201,-0.44177604,-4424.6352
1,4,0.1478748,2,4,0.16294537,3,4,0.31633812,-4437.7852,12.543166,-0.51000928,-4424.732
1,4,0.15698957,2,4,0.1661583,3,4,0.31218258,-4438.3284,12.706609,-1.1157556,-4424.506
1,4,0.14866204,2,4,0.16686521,3,4,0.28253771,-4438.1708,11.961299,-0.84897413,-4425.3605
1,4,0.15559609,2,4,0.16252897,3,4,0.30693838,-4438.0935,12.501269,-0.85212641,-4424.7401
1,4,0.12677532,2,4,0.18999151,3,4,0.29332186,-4438.5553,12.201774,-1.2867509,-4425.0667
1,4,0.13748148,2,4,0.17827502,3,4,0.32102032,-4437.8991,12.735537,-0.6295083,-4424.5341
1,4,0.12372284,2,4,0.16455889,3,4,0.3250455,-4438.4327,12.266545,-1.1195453,-4425.0466
1,4,0.13335926,2,4,0.16468233,3,4,0.32061198,-4437.7205,12.373071,-0.43256936,-4424.9149
1,4,0.13524484,2,4,0.15538129,3,4,0.29588745,-4437.9225,11.730272,-0.59600928,-4425.5962
1,4,0.12531711,2,4,0.17605179,3,4,0.32701218,-4438.325,12.567622,-1.0665164,-4424.6909
1,4,0.14532511,2,4,0.17622714,3,4,0.28907094,-4437.9043,12.212464,-0.61357157,-4425.0783
1,4,0.15279111,2,4,0.16593705,3,4,0.26153779,-4440.321,11.605319,-2.7745575,-4425.9411
1,4,0.1357383,2,4,0.16162904,3,4,0.29973801,-4437.4814,11.942107,-0.17963385,-4425.3597
1,4,0.13858457,2,4,0.16281642,3,4,0.30857377,-4437.3948,12.199495,-0.096444715,-4425.0988
1,4,0.11665949,2,4,0.17113152,3,4,0.30687216,-4438.5896,11.893263,-1.1805017,-4425.5158
1,4,0.10071842,2,4,0.18364709,3,4,0.30664452,-4441.4804,11.820201,-3.6239171,-4426.0362
1,4,0.14988308,2,4,0.18231583,3,4,0.31965442,-4438.7226,13.037067,-1.509156,-4424.1764
1,4,0.1343562,2,4,0.18466193,3,4,0.29208092,-4438.0341,12.221981,-0.75533099,-4425.0568
1,4,0.13725175,2,4,0.16301456,3,4,0.29644873,-4437.4664,11.934301,-0.16536848,-4425.3668
1,4,0.14773521,2,4,0.18595712,3,4,0.27878363,-4439.1593,12.249519,-1.9079813,-4425.0018
1,4,0.15948436,2,4,0.1507981,3,4,0.3075984,-4438.8263,12.357617,-1.5873316,-4424.8814
1,4,0.10196949,2,4,0.18738764,3,4,0.32124589,-4441.3897,12.212061,-3.7682127,-4425.4094
1,4,0.12810609,2,4,0.18927834,3,4,0.31382013,-4438.3817,12.624091,-1.159621,-4424.598
1,4,0.14616851,2,4,0.19472598,3,4,0.33193648,-4440.3839,13.456619,-3.3752246,-4423.5521
1,4,0.14806409,2,4,0.15696359,3,4,0.30300455,-4437.7581,12.160644,-0.4575248,-4425.14
1,4,0.14812616,2,4,0.17018697,3,4,0.31432664,-4437.7803,12.652795,-0.50369797,-4424.6238
1,4,0.12125777,2,4,0.18729858,3,4,0.29844621,-4438.5682,12.140051,-1.255852,-4425.1722
1,4,0.13400192,2,4,0.18970671,3,4,0.3010063,-4438.2464,12.494299,-1.0172895,-4424.7349
1,4,0.13721451,2,4,0.17183442,3,4,0.30185109,-4437.3278,12.218,-0.03070056,-4425.0791
1,4,0.13262725,2,4,0.15122303,3,4,0.33638056,-4439.3913,12.404617,-2.1172027,-4424.8695
1,4,0.16279196,2,4,0.15621725,3,4,0.3043248,-4438.8703,12.46668,-1.6981761,-4424.7054
1,4,0.12296051,2,4,0.16274352,3,4,0.32309482,-4438.4945,12.175977,-1.1603791,-4425.1582
1,4,0.14528953,2,4,0.16912296,3,4,0.3232976,-4437.9644,12.754202,-0.6998838,-4424.5103
1,4,0.10731265,2,4,0.14591966,3,4,0.32202478,-4442.9627,11.505142,-4.8829232,-4426.5747
1,4,0.12392041,2,4,0.16346179,3,4,0.29536244,-4438.1941,11.654893,-0.84573455,-4425.6934
1,4,0.14618139,2,4,0.15257574,3,4,0.29609693,-4438.052,11.897081,-0.7155849,-4425.4393
1,4,0.14481784,2,4,0.15790572,3,4,0.30661225,-4437.6203,12.186716,-0.31873465,-4425.1148
1,4,0.11822184,2,4,0.18204108,3,4,0.30821905,-4438.5067,12.16964,-1.1619484,-4425.1751
1,4,0.14980284,2,4,0.17014972,3,4,0.30213958,-4437.7059,12.441843,-0.42931514,-4424.8348
1,4,0.14033502,2,4,0.14907696,3,4,0.29935369,-4438.2743,11.775313,-0.90546384,-4425.5936
1,4,0.16000839,2,4,0.14811826,3,4,0.27275942,-4440.4494,11.617721,-2.9449368,-4425.8867
1,4,0.13846399,2,4,0.18256558,3,4,0.27988862,-4438.5134,12.018364,-1.1921922,-4425.3029
1,4,0.14652564,2,4,0.16680755,3,4,0.31154104,-4437.5786,12.497484,-0.29195823,-4424.7891
1,4,0.12608572,2,4,0.19018071,3,4,0.35136608,-4440.9351,13.35265,-4.1096224,-4423.4729
1,4,0.13116952,2,4,0.18799586,3,4,0.32884484,-4438.8656,12.960204,-1.7003246,-4424.2051
1,4,0.13394902,2,4,0.18589591,3,4,0.29386528,-4438.0672,12.274204,-0.79790156,-4424.9951
1,4,0.16796911,2,4,0.16431923,3,4,0.30321074,-4439.434,12.709982,-2.402119,-4424.3219
1,4,0.15142769,2,4,0.16725078,3,4,0.31203034,-4437.88,12.614176,-0.61656881,-4424.6492
1,4,0.11415061,2,4,0.18552136,3,4,0.3050781,-4439.1135,12.095002,-1.7186006,-4425.2999
1,4,0.13371569,2,4,0.1864538,3,4,0.33674871,-4439.3005,13.138364,-2.1869638,-4423.9751
1,4,0.12761173,2,4,0.17089866,3,4,0.2826327,-4438.3077,11.622862,-0.94946571,-4425.7354
1,4,0.14823468,2,4,0.14979401,3,4,0.31512511,-4438.3635,12.263076,-1.0488301,-4425.0516
1,4,0.14578269,2,4,0.15899795,3,4,0.30005891,-4437.6148,12.096791,-0.31250882,-4425.2055
1,4,0.1233848,2,4,0.18400968,3,4,0.28545975,-4438.7264,11.857085,-1.3620493,-4425.5072
1,4,0.15051273,2,4,0.18305665,3,4,0.27273161,-4439.5687,12.12602,-2.2728091,-4425.1699
1,4,0.13855908,2,4,0.15583129,3,4,0.3164126,-4437.8559,12.216059,-0.54846255,-4425.0914
1,4,0.1365332,2,4,0.19333012,3,4,0.29561048,-4438.6871,12.509476,-1.5020144,-4424.6756
1,4,0.13789867,2,4,0.18444686,3,4,0.32003517,-4438.2345,12.847614,-0.99313458,-4424.3938
1,4,0.1475411,2,4,0.17077725,3,4,0.29147009,-4437.759,12.195769,-0.46731794,-4425.0959
1,4,0.15355239,2,4,0.17024879,3,4,0.29821855,-4437.9989,12.440394,-0.74501157,-4424.8135
1,4,0.14924327,2,4,0.14919109,3,4,0.25273607,-4442.4011,11.023409,-4.4303067,-4426.9473
1,4,0.15240142,2,4,0.18380636,3,4,0.30030635,-4438.632,12.730283,-1.4388372,-4424.4628
1,4,0.15107194,2,4,0.16656937,3,4,0.29784274,-4437.767,12.309681,-0.48996769,-4424.9673
1,4,0.11132342,2,4,0.16017968,3,4,0.34516557,-4441.5934,12.333373,-4.179323,-4425.0807
1,4,0.14722028,2,4,0.14715372,3,4,0.29842291,-4438.5077,11.855938,-1.1255931,-4425.5262
1,4,0.15103062,2,4,0.16357423,3,4,0.31309361,-4437.8649,12.553969,-0.59915805,-4424.7118
1,4,0.14223921,2,4,0.15762327,3,4,0.32407983,-4438.0643,12.478846,-0.79071094,-4424.7947
1,4,0.12826652,2,4,0.16490218,3,4,0.31544824,-4437.7607,12.172339,-0.45316652,-4425.1352
1,4,0.1510947,2,4,0.14298599,3,4,0.30290257,-4439.0292,11.939665,-1.6129861,-4425.4766
1,4,0.15098617,2,4,0.19154069,3,4,0.30420503,-4439.2698,12.934638,-2.1602521,-4424.1749
1,4,0.14633139,2,4,0.14823762,3,4,0.29713574,-4438.4072,11.834095,-1.0332212,-4425.5399
1,4,0.12681553,2,4,0.15946456,3,4,0.29722109,-4438.1047,11.670024,-0.76806773,-4425.6666
1,4,0.13001057,2,4,0.17000692,3,4,0.3072042,-4437.466,12.144434,-0.16413589,-4425.1574
1,4,0.1462018,2,4,0.16279214,3,4,0.29625554,-4437.5768,12.10499,-0.27846772,-4425.1934
1,4,0.12475714,2,4,0.16876263,3,4,0.29554489,-4437.9409,11.781293,-0.60779147,-4425.5519
1,4,0.11562041,2,4,0.15617726,3,4,0.32258033,-4439.8735,11.88756,-2.3598701,-4425.6261
1,4,0.1275507,2,4,0.19817035,3,4,0.27837893,-4440.0844,12.082,-2.8281472,-4425.1742
1,4,0.15620257,2,4,0.1398574,3,4,0.30074651,-4439.6829,11.93613,-2.2320656,-4425.5147
1,4,0.15927049,2,4,0.18527029,3,4,0.30663424,-4439.5413,13.0235,-2.4695588,-4424.0483
1,4,0.14292708,2,4,0.15011463,3,4,0.3039953,-4438.1122,11.94074,-0.76331685,-4425.4081
1,4,0.13269824,2,4,0.15075203,3,4,0.31594111,-4438.4367,11.987828,-1.0744854,-4425.3744
1,4,0.13763898,2,4,0.17967822,3,4,0.29934493,-4437.6038,12.333243,-0.3172504,-4424.9533
1,4,0.15269709,2,4,0.1719316,3,4,0.31122181,-4438.0711,12.71701,-0.82143866,-4424.5327
1,4,0.13520635,2,4,0.1890524,3,4,0.34325095,-4440.0936,13.350194,-3.0931103,-4423.6503
1,4,0.15624463,2,4,0.15257646,3,4,0.28683361,-4438.8393,11.913094,-1.5024965,-4425.4237
1,4,0.13882893,2,4,0.14321386,3,4,0.31280462,-4439.0123,11.896948,-1.5693404,-4425.546
1,4,0.16282845,2,4,0.16049747,3,4,0.25846178,-4441.6192,11.635754,-4.0439994,-4425.9394
1,4,0.16045793,2,4,0.16377565,3,4,0.29806564,-4438.5422,12.445984,-1.3466775,-4424.7495
1,4,0.15793729,2,4,0.14803592,3,4,0.30465931,-4438.8858,12.21265,-1.5946642,-4425.0784
1,4,0.14491836,2,4,0.17020107,3,4,0.29820928,-4437.4862,12.266574,-0.19286868,-4425.0267
1,4,0.12238395,2,4,0.17939986,3,4,0.29824449,-4438.1277,12.000566,-0.79160909,-4425.3355
1,4,0.13099071,2,4,0.20203755,3,4,0.26284125,-4441.9816,11.91739,-4.6132841,-4425.4509
1,4,0.13965747,2,4,0.14861514,3,4,0.26991913,-4440.127,11.163835,-2.5633034,-4426.3998
1,4,0.12736679,2,4,0.16359199,3,4,0.30618754,-4437.7444,11.942926,-0.42645012,-4425.375
1,4,0.14695175,2,4,0.15924448,3,4,0.33563426,-4438.8566,12.83661,-1.6822472,-4424.3377
1,4,0.14631525,2,4,0.17655434,3,4,0.32604608,-4438.4188,12.978313,-1.1796595,-4424.2608
1,4,0.13264607,2,4,0.1598176,3,4,0.30937402,-4437.6429,12.036754,-0.33376321,-4425.2724
1,4,0.14484841,2,4,0.15995971,3,4,0.28839322,-4437.8679,11.864027,-0.54728652,-4425.4566
1,4,0.10020039,2,4,0.18269855,3,4,0.30766276,-4441.585,11.811234,-3.6980206,-4426.0757
1,4,0.15258559,2,4,0.19358281,3,4,0.28353983,-4440.0216,12.594165,-2.9614051,-4424.466
1,4,0.12804363,2,4,0.19391791,3,4,0.30142671,-4438.6918,12.467765,-1.4942528,-4424.7298
1,4,0.11048309,2,4,0.18016177,3,4,0.28886912,-4440.009,11.59028,-2.4085691,-4426.0102
1,4,0.13408091,2,4,0.17917233,3,4,0.28455308,-4438.072,11.956126,-0.75089347,-4425.365
1,4,0.13990126,2,4,0.16862794,3,4,0.23877374,-4443.9566,10.946059,-5.5921486,-4427.4184
1,4,0.1308179,2,4,0.14900405,3,4,0.2861037,-4439.2021,11.318513,-1.7733568,-4426.1102
1,4,0.15827022,2,4,0.16677651,3,4,0.32938516,-4439.2579,13.088638,-2.1432483,-4424.026
1,4,0.13663198,2,4,0.17435581,3,4,0.31789276,-4437.621,12.577611,-0.33525775,-4424.7081
1,4,0.12301372,2,4,0.18317269,3,4,0.30044969,-4438.1807,12.132722,-0.86637675,-4425.1816
1,4,0.12583175,2,4,0.15726654,3,4,0.30415602,-4438.2366,11.745086,-0.88280661,-4425.6087
1,4,0.13399786,2,4,0.16707629,3,4,0.28342913,-4437.9836,11.690066,-0.65184986,-4425.6417
1,4,0.14898358,2,4,0.18317142,3,4,0.30349845,-4438.3072,12.713069,-1.0770438,-4424.5171
1,4,0.15617756,2,4,0.15538349,3,4,0.31507355,-4438.4676,12.532692,-1.2382096,-4424.6967
1,4,0.1457368,2,4,0.17591958,3,4,0.27853263,-4438.4695,12.00378,-1.1398994,-4425.3258
1,4,0.13912047,2,4,0.17931161,3,4,0.32956662,-4438.4451,12.959974,-1.2193176,-4424.2658
1,4,0.11218297,2,4,0.14517608,3,4,0.29849153,-4441.9235,11.117011,-4.0517489,-4426.7548
1,4,0.14512955,2,4,0.14576121,3,4,0.32734039,-4439.1599,12.364623,-1.8443182,-4424.9509
1,4,0.15284838,2,4,0.15482469,3,4,0.26577918,-4440.1973,11.469045,-2.6412158,-4426.087
1,4,0.13498906,2,4,0.16375861,3,4,0.30590639,-4437.3945,12.093081,-0.095235704,-4425.2062
1,4,0.13161333,2,4,0.18008659,3,4,0.28520844,-4438.1302,11.938167,-0.80628714,-4425.3857
1,4,0.14427292,2,4,0.16641177,3,4,0.29189293,-4437.5856,12.051552,-0.28335397,-4425.2507
1,4,0.14131359,2,4,0.1952531,3,4,0.33139258,-4440.0567,13.359185,-3.0273843,-4423.6702
1,4,0.13907163,2,4,0.15494177,3,4,0.30754288,-4437.7516,12.031126,-0.43324218,-4425.2873
1,4,0.13187536,2,4,0.19106271,3,4,0.30430043,-4438.3584,12.54477,-1.1430542,-4424.6706
1,4,0.12139918,2,4,0.16033183,3,4,0.28146412,-4439.3792,11.263903,-1.9355235,-4426.1798
1,4,0.13907847,2,4,0.16227623,3,4,0.28730814,-4437.7918,11.773257,-0.4733861,-4425.5452
1,4,0.15540745,2,4,0.17454915,3,4,0.32797738,-4439.1729,13.15868,-2.017128,-4423.9971
1,4,0.13313162,2,4,0.18776782,3,4,0.3070649,-4438.0915,12.559287,-0.84943493,-4424.6828
1,4,0.13892502,2,4,0.16245969,3,4,0.28385656,-4437.9716,11.704825,-0.64019767,-4425.6266
1,4,0.14222649,2,4,0.17790334,3,4,0.3040503,-4437.6064,12.483603,-0.32059769,-4424.8022
1,4,0.14677082,2,4,0.17044669,3,4,0.27437824,-4438.6894,11.831915,-1.3164756,-4425.541
1,4,0.15078477,2,4,0.16579452,3,4,0.30958383,-4437.7729,12.523262,-0.50190677,-4424.7478
1,4,0.15386394,2,4,0.14758017,3,4,0.32005027,-4438.9604,12.429888,-1.6896474,-4424.8409
1,4,0.10721297,2,4,0.19453637,3,4,0.27748989,-4442.0561,11.584785,-4.2783496,-4426.1929
1,4,0.12537535,2,4,0.1618096,3,4,0.30526795,-4437.9802,11.849058,-0.64491876,-4425.4863
1,4,0.15950578,2,4,0.15491683,3,4,0.31184091,-4438.6865,12.525271,-1.4845469,-4424.6767
1,4,0.1370974,2,4,0.1697674,3,4,0.31804265,-4437.5471,12.498149,-0.2584085,-4424.7905
1,4,0.13036551,2,4,0.13855829,3,4,0.32386494,-4440.5651,11.855775,-2.9566018,-4425.7527
1,4,0.16502983,2,4,0.155189,3,4,0.27866987,-4439.964,11.977774,-2.6836714,-4425.3025
1,4,0.13737385,2,4,0.20153422,3,4,0.27521723,-4440.6478,12.282506,-3.5274526,-4424.8378
1,4,0.15318249,2,4,0.17246218,3,4,0.27734891,-4438.864,12.059872,-1.5547763,-4425.2494
1,4,0.12520044,2,4,0.17625321,3,4,0.30211209,-4437.7856,12.071315,-0.46928696,-4425.245
1,4,0.14630444,2,4,0.19677308,3,4,0.28950853,-4439.6636,12.651721,-2.5972079,-4424.4147
1,4,0.15890755,2,4,0.15256385,3,4,0.34618019,-4440.8052,13.153032,-3.9262108,-4423.726
1,4,0.13823437,2,4,0.16356031,3,4,0.31566368,-4437.5162,12.349167,-0.22281379,-4424.9442
1,4,0.14274173,2,4,0.18821298,3,4,0.28675268,-4438.6646,12.354148,-1.4314217,-4424.879
1,4,0.12993462,2,4,0.13640347,3,4,0.2850256,-4441.4092,11.027274,-3.639828,-4426.7421
1,4,0.13923486,2,4,0.1633402,3,4,0.3395875,-4438.8629,12.843251,-1.6993919,-4424.3203
1,4,0.15838807,2,4,0.16280158,3,4,0.31528635,-4438.527,12.72952,-1.3370217,-4424.4604
1,4,0.12039643,2,4,0.16933426,3,4,0.29348288,-4438.4236,11.664271,-1.0422336,-4425.7171
1,4,0.15686421,2,4,0.16888482,3,4,0.27130807,-4439.5649,11.941142,-2.2159545,-4425.4078
1,4,0.14413358,2,4,0.15898195,3,4,0.25327696,-4441.458,11.12785,-3.6362269,-4426.6939
1,4,0.10699137,2,4,0.17982561,3,4,0.31507197,-4440.1237,12.037779,-2.553504,-4425.5324
1,4,0.1450711,2,4,0.17605859,3,4,0.28797688,-4437.9294,12.182132,-0.63518579,-4425.1121
1,4,0.13507107,2,4,0.17206852,3,4,0.31134057,-4437.3998,12.369603,-0.10438557,-4424.9258
1,4,0.13926554,2,4,0.18328327,3,4,0.30222999,-4437.8251,12.495576,-0.55675276,-4424.7728
1,4,0.1487659,2,4,0.16228653,3,4,0.35312952,-4440.5258,13.283639,-3.6340982,-4423.608
1,4,0.12105217,2,4,0.16140482,3,4,0.30414543,-4438.4439,11.732048,-1.0622419,-4425.6496
1,4,0.15006334,2,4,0.17431532,3,4,0.3035894,-4437.8577,12.559361,-0.59070153,-4424.7077
1,4,0.14610096,2,4,0.15861134,3,4,0.32273469,-4438.0599,12.54894,-0.79486853,-4424.7161
1,4,0.15456776,2,4,0.14359309,3,4,0.29856887,-4439.1601,11.934594,-1.7579502,-4425.4676
1,4,0.14500011,2,4,0.16816515,3,4,0.29645711,-4437.4949,12.192447,-0.19961297,-4425.1029
1,4,0.14135632,2,4,0.16892662,3,4,0.29397643,-4437.4599,12.085187,-0.15980746,-4425.2149
1,4,0.14633527,2,4,0.16974123,3,4,0.26314967,-4439.8233,11.584523,-2.299396,-4425.9394
1,4,0.13562663,2,4,0.17132904,3,4,0.2994553,-4437.352,12.128219,-0.054167078,-4425.1696
1,4,0.14811914,2,4,0.15562079,3,4,0.28913992,-4438.1319,11.857597,-0.79831842,-4425.476
1,4,0.13818352,2,4,0.14352118,3,4,0.31659458,-4439.0714,11.965986,-1.6379405,-4425.4675
1,4,0.13470163,2,4,0.13934629,3,4,0.31106716,-4439.7727,11.702302,-2.2109238,-4425.8595
1,4,0.14058527,2,4,0.1635572,3,4,0.31508161,-4437.5134,12.384482,-0.22084512,-4424.9081
1,4,0.11949511,2,4,0.19543382,3,4,0.33145572,-4440.0137,12.927693,-2.9674012,-4424.1186
1,4,0.13463826,2,4,0.18738667,3,4,0.29891964,-4438.0783,12.418891,-0.82762199,-4424.8317
1,4,0.12724492,2,4,0.19420947,3,4,0.30875082,-4438.7495,12.604104,-1.5713562,-4424.574
1,4,0.12722703,2,4,0.17572759,3,4,0.30804541,-4437.6497,12.220001,-0.34660903,-4425.0831
1,4,0.11695625,2,4,0.18289522,3,4,0.28486644,-4439.3547,11.694358,-1.892428,-4425.7679
1,4,0.15169501,2,4,0.18607621,3,4,0.28518497,-4439.1043,12.459124,-1.917325,-4424.7279
1,4,0.12998758,2,4,0.16758012,3,4,0.29615555,-4437.5973,11.874465,-0.29010897,-4425.4328
1,4,0.14361458,2,4,0.17212021,3,4,0.28709569,-4437.796,12.05661,-0.48849999,-4425.2509
1,4,0.13173083,2,4,0.15758766,3,4,0.29267025,-4438.0272,11.639775,-0.70047803,-4425.687
1,4,0.13448087,2,4,0.17442232,3,4,0.30213477,-4437.3905,12.220759,-0.093995666,-4425.0758
1,4,0.14620386,2,4,0.16154112,3,4,0.30229198,-4437.533,12.200739,-0.23747126,-4425.0948
1,4,0.14609578,2,4,0.16691032,3,4,0.3057405,-4437.4786,12.374932,-0.18764815,-4424.916
1,4,0.14110537,2,4,0.17515069,3,4,0.30033721,-4437.4677,12.331865,-0.17466101,-4424.9612
1,4,0.12332593,2,4,0.15512871,3,4,0.28499192,-4439.3341,11.268931,-1.9036526,-4426.1615
1,4,0.13064623,2,4,0.15899421,3,4,0.30277802,-4437.7774,11.848369,-0.46000592,-4425.4691
1,4,0.14122846,2,4,0.14669339,3,4,0.32829748,-4439.1019,12.324387,-1.7780188,-4424.9995
1,4,0.15245479,2,4,0.16085768,3,4,0.32271555,-4438.342,12.72056,-1.1155533,-4424.5059
1,4,0.13448214,2,4,0.18330914,3,4,0.33091132,-4438.6729,12.974052,-1.4790901,-4424.2197
1,4,0.13155547,2,4,0.1800152,3,4,0.28302646,-4438.2547,11.891942,-0.91994096,-4425.4428
1,4,0.14589002,2,4,0.17123883,3,4,0.28836182,-4437.8043,12.109813,-0.50315094,-4425.1914
1,4,0.12339921,2,4,0.16665699,3,4,0.30814049,-4437.9584,11.963934,-0.62170625,-4425.3728
1,4,0.15605882,2,4,0.16138604,3,4,0.32312151,-4438.6391,12.811327,-1.4514134,-4424.3764
1,4,0.11491838,2,4,0.15636846,3,4,0.29621394,-4439.9034,11.350016,-2.3498255,-4426.2035
1,4,0.11841935,2,4,0.16752946,3,4,0.30449769,-4438.4683,11.80893,-1.0732964,-4425.5861
1,4,0.11340129,2,4,0.182448,3,4,0.29123956,-4439.4695,11.741777,-1.9744388,-4425.7533
1,4,0.15296531,2,4,0.17264685,3,4,0.31327158,-4438.1738,12.777675,-0.93056927,-4424.4655
1,4,0.13881046,2,4,0.15284876,3,4,0.30278929,-4437.9122,11.88897,-0.57863893,-4425.4446
1,4,0.15365358,2,4,0.16486509,3,4,0.28051446,-4438.5904,11.980663,-1.2732452,-4425.3365
1,4,0.11207237,2,4,0.17315032,3,4,0.29884101,-4439.3432,11.681274,-1.8210255,-4425.8409
1,4,0.13827057,2,4,0.17352548,3,4,0.31907941,-4437.6588,12.617509,-0.37459017,-4424.6667
1,4,0.15289389,2,4,0.15656308,3,4,0.29694468,-4438.0781,12.128033,-0.78511619,-4425.1649
1,4,0.12021736,2,4,0.14961427,3,4,0.31300508,-4439.7001,11.656734,-2.1785132,-4425.8649
1,4,0.12270118,2,4,0.19967527,3,4,0.28615397,-4439.9846,12.170608,-2.7636523,-4425.0503
1,4,0.12984506,2,4,0.20580544,3,4,0.28494941,-4440.5485,12.411998,-3.5300903,-4424.6064
1,4,0.11399329,2,4,0.2089227,3,4,0.31369891,-4441.256,12.732298,-4.3437774,-4424.18
1,4,0.14151235,2,4,0.18198105,3,4,0.28582792,-4438.1987,12.186426,-0.91059593,-4425.1017
1,4,0.14007322,2,4,0.16101334,3,4,0.31835404,-4437.6743,12.388812,-0.38486597,-4424.9006
1,4,0.13036163,2,4,0.15008897,3,4,0.32362585,-4438.9044,12.081529,-1.5336275,-4425.2892
1,4,0.11670581,2,4,0.1843054,3,4,0.29824296,-4438.8583,11.985083,-1.4718555,-4425.4014
1,4,0.16259033,2,4,0.1382414,3,4,0.30806238,-4440.3174,12.177882,-2.9556236,-4425.1839
1,4,0.15958603,2,4,0.15398796,3,4,0.29232003,-4438.8059,12.11788,-1.5354812,-4425.1526
1,4,0.15097495,2,4,0.16762172,3,4,0.27887493,-4438.5275,11.949432,-1.1958947,-4425.3822
1,4,0.14079209,2,4,0.15807957,3,4,0.30484033,-4437.5519,12.07424,-0.24579409,-4425.2319
1,4,0.15284689,2,4,0.19581755,3,4,0.30882193,-4440.0417,13.149728,-3.0435817,-4423.8484
1,4,0.13524571,2,4,0.17926256,3,4,0.31009694,-4437.5978,12.492104,-0.31265882,-4424.7931
1,4,0.15775328,2,4,0.15916003,3,4,0.31293408,-4438.4316,12.596948,-1.2213968,-4424.6132
1,4,0.1239839,2,4,0.16013754,3,4,0.31476559,-4438.2864,11.977741,-0.93454908,-4425.3741
1,4,0.13785668,2,4,0.1450678,3,4,0.29442886,-4438.9287,11.547067,-1.4885556,-4425.893
1,4,0.11562619,2,4,0.15935887,3,4,0.3057527,-4439.3253,11.614755,-1.8303229,-4425.8802
1,4,0.13924762,2,4,0.1633204,3,4,0.2674919,-4439.3295,11.401198,-1.8478839,-4426.0804
1,4,0.12478546,2,4,0.196359,3,4,0.29432232,-4439.1822,12.309336,-1.9767696,-4424.8961
1,4,0.1383209,2,4,0.15895356,3,4,0.32455411,-4438.008,12.436572,-0.730225,-4424.8412
1,4,0.15161128,2,4,0.16025277,3,4,0.31247942,-4437.9297,12.486869,-0.66411414,-4424.7787
1,4,0.14314937,2,4,0.14699429,3,4,0.3016855,-4438.4409,11.836583,-1.0549512,-4425.5494
1,4,0.12563158,2,4,0.18273351,3,4,0.33009364,-4438.7174,12.769175,-1.5142932,-4424.4339
1,4,0.14382342,2,4,0.16155712,3,4,0.29393823,-4437.5959,11.986375,-0.29070449,-4425.3189
1,4,0.11855584,2,4,0.18794855,3,4,0.30237938,-4438.7776,12.177675,-1.4550432,-4425.1449
1,4,0.15185018,2,4,0.1728247,3,4,0.29606,-4437.9743,12.414698,-0.7129532,-4424.8466
1,4,0.13018414,2,4,0.16738149,3,4,0.29825194,-4437.5448,11.916351,-0.23965637,-4425.3888
1,4,0.13202367,2,4,0.15581056,3,4,0.29608151,-4438.0318,11.678315,-0.70082256,-4425.6526
1,4,0.13357948,2,4,0.16190086,3,4,0.2714512,-4439.1291,11.338631,-1.6907594,-4426.0997
1,4,0.15654244,2,4,0.17062927,3,4,0.30490181,-4438.2667,12.64147,-1.0474042,-4424.5778
1,4,0.13419284,2,4,0.17795056,3,4,0.31476992,-4437.6431,12.538266,-0.3591996,-4424.7456
1,4,0.15467793,2,4,0.16453455,3,4,0.30983186,-4438.0583,12.580887,-0.81516068,-4424.6622
1,4,0.13434313,2,4,0.16528179,3,4,0.30133449,-4437.3879,12.019188,-0.089150137,-4425.2795
1,4,0.12975298,2,4,0.15770271,3,4,0.31688699,-4438.0524,12.086854,-0.7289646,-4425.2366
1,4,0.13387358,2,4,0.17756135,3,4,0.28732359,-4437.8738,11.97517,-0.55992749,-4425.3387
1,4,0.13705353,2,4,0.18088984,3,4,0.32428837,-4438.181,12.844635,-0.93376205,-4424.4026
1,4,0.13207064,2,4,0.16926363,3,4,0.34418297,-4439.2358,12.910345,-2.1237208,-4424.2017
1,4,0.13722127,2,4,0.17869142,3,4,0.34146491,-4439.2578,13.147552,-2.1415825,-4423.9687
1,4,0.11194679,2,4,0.18020367,3,4,0.2929514,-4439.5655,11.702037,-2.0359106,-4425.8275
1,4,0.14353074,2,4,0.17209176,3,4,0.26981403,-4439.0331,11.708731,-1.607966,-4425.7164
1,4,0.11164958,2,4,0.1935998,3,4,0.33338782,-4440.6681,12.772744,-3.5436042,-4424.3518
1,4,0.11856878,2,4,0.14878639,3,4,0.28447193,-4440.8003,11.036542,-3.1896656,-4426.5741
1,4,0.13356687,2,4,0.17397143,3,4,0.29419701,-4437.5283,12.034706,-0.22598277,-4425.2677
1,4,0.14381813,2,4,0.17048406,3,4,0.29642104,-4437.4801,12.214465,-0.18458107,-4425.081
1,4,0.11763541,2,4,0.18225305,3,4,0.33931412,-4439.8372,12.784052,-2.6889867,-4424.3641
1,4,0.11897752,2,4,0.16306631,3,4,0.34192613,-4440.037,12.479399,-2.7837737,-4424.7738
1,4,0.11347146,2,4,0.15679927,3,4,0.32452123,-4440.241,11.895839,-2.6837115,-4425.6615
1,4,0.10912755,2,4,0.17581182,3,4,0.3320247,-4440.3479,12.339281,-2.9208839,-4425.0877
1,4,0.14932904,2,4,0.15058786,3,4,0.33542747,-4439.3594,12.706888,-2.1821579,-4424.4704
1,4,0.1506596,2,4,0.14123646,3,4,0.30559226,-4439.2294,11.949766,-1.7882457,-4425.4914
1,4,0.13946342,2,4,0.16548841,3,4,0.33811967,-4438.7225,12.86143,-1.5450944,-4424.316
1,4,0.15684837,2,4,0.16452898,3,4,0.33423608,-4439.4159,13.112268,-2.3238264,-4423.9798
1,4,0.14454022,2,4,0.17222083,3,4,0.33434762,-4438.6858,13.022173,-1.4884819,-4424.1752
1,4,0.14092272,2,4,0.18049705,3,4,0.27129414,-4439.1226,11.854278,-1.7314939,-4425.5368
1,4,0.14000092,2,4,0.15336931,3,4,0.26459366,-4440.2572,11.159278,-2.6648204,-4426.4331
1,4,0.13917185,2,4,0.15281119,3,4,0.31030725,-4437.934,12.045806,-0.60510731,-4425.2831
1,4,0.16800675,2,4,0.16361305,3,4,0.2823703,-4439.9291,12.279802,-2.8132394,-4424.8361
1,4,0.13242352,2,4,0.17712012,3,4,0.33859896,-4438.9081,12.962852,-1.751741,-4424.1935
1,4,0.12317067,2,4,0.14619292,3,4,0.29857677,-4439.8551,11.358807,-2.3222929,-4426.174
1,4,0.13927588,2,4,0.17249453,3,4,0.27726473,-4438.3295,11.780703,-0.96897185,-4425.5798
1,4,0.14593023,2,4,0.16832288,3,4,0.30725522,-4437.494,12.430167,-0.20355528,-4424.8603
1,4,0.15443439,2,4,0.15672588,3,4,0.3251947,-4438.7044,12.727099,-1.5076608,-4424.4697
1,4,0.14518861,2,4,0.16077288,3,4,0.26485095,-4439.7416,11.416249,-2.2084786,-4426.1169
1,4,0.11789534,2,4,0.17219369,3,4,0.28738243,-4438.9602,11.549429,-1.5184789,-4425.8923
1,4,0.14635694,2,4,0.20376724,3,4,0.28356872,-4440.8447,12.673858,-3.9465988,-4424.2242
1,4,0.1291758,2,4,0.16709312,3,4,0.28702242,-4438.0022,11.665827,-0.67248714,-4425.6639
1,4,0.17071481,2,4,0.16347091,3,4,0.32945052,-4440.7797,13.272725,-3.9772964,-4423.5296
1,4,0.12059306,2,4,0.17520126,3,4,0.31597059,-4438.2366,12.235298,-0.90765969,-4425.0937
1,4,0.14124667,2,4,0.16962755,3,4,0.25659254,-4440.6315,11.349335,-2.9512963,-4426.3309
1,4,0.1285533,2,4,0.18546754,3,4,0.26720984,-4440.0253,11.624613,-2.5220097,-4425.8787
1,4,0.11827821,2,4,0.1462922,3,4,0.30431175,-4440.4583,11.377643,-2.8243191,-4426.2564
1,4,0.12999214,2,4,0.16422766,3,4,0.29912413,-4437.618,11.866879,-0.31031651,-4425.4408
1,4,0.13002337,2,4,0.15330941,3,4,0.31240807,-4438.2801,11.914817,-0.92541191,-4425.4399
1,4,0.13519242,2,4,0.14764008,3,4,0.29413753,-4438.7268,11.539401,-1.3207239,-4425.8666
1,4,0.13719684,2,4,0.1722209,3,4,0.32153213,-4437.7171,12.618997,-0.43792715,-4424.6602
1,4,0.12947051,2,4,0.1679479,3,4,0.30115619,-4437.5274,11.971492,-0.22184149,-4425.334
1,4,0.14279132,2,4,0.16088356,3,4,0.34163919,-4439.1528,12.906281,-2.0245116,-4424.2221
1,4,0.12138535,2,4,0.17322885,3,4,0.31803593,-4438.2113,12.253003,-0.8879268,-4425.0704
1,4,0.14469471,2,4,0.17835534,3,4,0.27747206,-4438.6072,12.010442,-1.2759494,-4425.3208
1,4,0.14297611,2,4,0.16115576,3,4,0.28804669,-4437.8074,11.843571,-0.4885227,-4425.4754
1,4,0.12778124,2,4,0.16675626,3,4,0.33979945,-4439.0295,12.686739,-1.8469185,-4424.4959
1,4,0.15711652,2,4,0.15559384,3,4,0.27677555,-4439.356,11.789718,-1.9753856,-4425.5909
1,4,0.1519192,2,4,0.12812516,3,4,0.28691688,-4442.1713,11.339225,-4.1602141,-4426.6719
1,4,0.15878661,2,4,0.17824548,3,4,0.26940055,-4440.2587,12.128653,-2.9895207,-4425.1405
1,4,0.12502872,2,4,0.16457899,3,4,0.29717796,-4437.9943,11.735713,-0.66019386,-4425.5984
1,4,0.15053848,2,4,0.17099263,3,4,0.27905139,-4438.533,12.01165,-1.2114092,-4425.3099
1,4,0.12658537,2,4,0.14098515,3,4,0.30760006,-4440.1764,11.503411,-2.5673844,-4426.1056
1,4,0.13630436,2,4,0.14089973,3,4,0.30162802,-4439.4403,11.576642,-1.918792,-4425.9449
1,4,0.12138065,2,4,0.16490498,3,4,0.29690797,-4438.3487,11.663872,-0.97867964,-4425.7061
1,4,0.16798526,2,4,0.16204549,3,4,0.27068463,-4440.7796,12.014307,-3.5352583,-4425.23
1,4,0.11395776,2,4,0.18157187,3,4,0.30894619,-4438.9929,12.089516,-1.5842608,-4425.3191
1,4,0.12895269,2,4,0.13632252,3,4,0.30680283,-4440.804,11.441561,-3.0738177,-4426.2886
1,4,0.12157545,2,4,0.163453,3,4,0.32319743,-4438.599,12.164517,-1.2548185,-4425.1797
1,4,0.11168483,2,4,0.19408151,3,4,0.30156481,-4439.9882,12.146623,-2.6091898,-4425.2324
1,4,0.1433652,2,4,0.17791889,3,4,0.33726787,-4439.0981,13.171039,-1.9384864,-4423.9885
1,4,0.15026014,2,4,0.18241941,3,4,0.29827211,-4438.3548,12.619033,-1.1294301,-4424.6063
1,4,0.11079319,2,4,0.14971142,3,4,0.29650046,-4441.5481,11.140101,-3.7358146,-4426.6722
1,4,0.107226,2,4,0.18723506,3,4,0.30868975,-4440.2159,12.063016,-2.6848298,-4425.4681
1,4,0.15618694,2,4,0.15210293,3,4,0.32843671,-4439.214,12.734532,-2.0521201,-4424.4274
1,4,0.14041284,2,4,0.14413604,3,4,0.32434087,-4439.2121,12.177795,-1.8278504,-4425.2065
1,4,0.18521333,2,4,0.15229383,3,4,0.32219779,-4442.7921,13.194099,-6.5588073,-4423.0392
1,4,0.13985622,2,4,0.17692135,3,4,0.2891278,-4437.767,12.118107,-0.46609927,-4425.1828
1,4,0.14548526,2,4,0.14882413,3,4,0.30934828,-4438.2748,12.073153,-0.92765831,-4425.274
1,4,0.14104937,2,4,0.16624586,3,4,0.27751126,-4438.3103,11.69613,-0.94690437,-4425.6673
1,4,0.13057152,2,4,0.18236698,3,4,0.27846568,-4438.7056,11.828084,-1.3417048,-4425.5358
1,4,0.14240713,2,4,0.15399413,3,4,0.30980277,-4437.8309,12.124081,-0.51398793,-4425.1928
1,4,0.12431402,2,4,0.19282095,3,4,0.32370594,-4439.1348,12.816818,-1.9932902,-4424.3247
1,4,0.11604973,2,4,0.19820168,3,4,0.32419693,-4440.1534,12.768967,-3.0695463,-4424.3149
1,4,0.13569943,2,4,0.14651187,3,4,0.30394902,-4438.6496,11.723206,-1.2397331,-4425.6867
1,4,0.15403245,2,4,0.15784216,3,4,0.29491875,-4438.1417,12.135867,-0.85579499,-4425.15
1,4,0.13285562,2,4,0.16315961,3,4,0.28913008,-4437.8271,11.702906,-0.51137498,-4425.6128
1,4,0.14071956,2,4,0.16824877,3,4,0.30578106,-4437.3249,12.294988,-0.027928524,-4425.002
1,4,0.13606562,2,4,0.14846649,3,4,0.29917483,-4438.4612,11.674139,-1.076386,-4425.7107
1,4,0.12921237,2,4,0.17903132,3,4,0.28482052,-4438.2015,11.861284,-0.86452438,-4425.4757
1,4,0.13308034,2,4,0.16394072,3,4,0.28778291,-4437.854,11.696079,-0.53584435,-4425.6221
1,4,0.14456761,2,4,0.18150481,3,4,0.30104692,-4437.9111,12.542387,-0.64630498,-4424.7224
1,4,0.12811051,2,4,0.14117321,3,4,0.31838874,-4440.132,11.753449,-2.5559905,-4425.8226
1,4,0.12452384,2,4,0.1753977,3,4,0.29899279,-4437.8625,11.978287,-0.53724903,-4425.347
1,4,0.1584811,2,4,0.16930137,3,4,0.29009174,-4438.5854,12.357484,-1.3681213,-4424.8598
1,4,0.12625217,2,4,0.16171974,3,4,0.32456106,-4438.3352,12.250659,-1.0263349,-4425.0582
1,4,0.1442817,2,4,0.16702451,3,4,0.27394833,-4438.6391,11.705091,-1.2490966,-4425.6849
1,4,0.12644955,2,4,0.16508596,3,4,0.3168494,-4437.9061,12.167698,-0.59262711,-4425.1458
1,4,0.12642562,2,4,0.17867002,3,4,0.3066241,-4437.7599,12.234395,-0.45859412,-4425.0669
1,4,0.13072475,2,4,0.15950544,3,4,0.30651006,-4437.7327,11.934805,-0.41726108,-4425.3806
1,4,0.18759456,2,4,0.18008704,3,4,0.2874273,-4443.9666,13.102178,-8.026665,-4422.8377
1,4,0.12613558,2,4,0.17605875,3,4,0.31435519,-4437.8074,12.33099,-0.50932901,-4424.9671
1,4,0.13757128,2,4,0.16288434,3,4,0.32061291,-4437.7023,12.421371,-0.41691867,-4424.864
1,4,0.12576207,2,4,0.17089278,3,4,0.29972344,-4437.7432,11.927566,-0.42289256,-4425.3927
1,4,0.13608958,2,4,0.16368965,3,4,0.31141646,-4437.4318,12.223914,-0.1340194,-4425.0739
1,4,0.15372106,2,4,0.16356668,3,4,0.28867226,-4438.1872,12.1192,-0.90222408,-4425.1657
1,4,0.12449928,2,4,0.16822174,3,4,0.30668981,-4437.8218,11.988217,-0.49550279,-4425.3381
1,4,0.15038483,2,4,0.17976111,3,4,0.29430735,-4438.2371,12.489066,-0.99392617,-4424.7541
1,4,0.13087811,2,4,0.17156967,3,4,0.30995295,-4437.4603,12.248015,-0.16170922,-4425.0506
1,4,0.13805385,2,4,0.17832852,3,4,0.28218868,-4438.1511,11.971421,-0.82669309,-4425.353
1,4,0.15680417,2,4,0.16655077,3,4,0.27730342,-4439.0499,12.013167,-1.7422578,-4425.2944
1,4,0.15438128,2,4,0.14560443,3,4,0.26337944,-4441.3998,11.267303,-3.6504105,-4426.4821
1,4,0.13214443,2,4,0.17485155,3,4,0.31191445,-4437.5048,12.378209,-0.21150133,-4424.9151
1,4,0.15843284,2,4,0.17186304,3,4,0.27299876,-4439.6258,12.065893,-2.3321095,-4425.2278
1,4,0.14219079,2,4,0.16871586,3,4,0.3188746,-4437.6488,12.595625,-0.36447725,-4424.6887
1,4,0.11577625,2,4,0.18291383,3,4,0.28147011,-4439.7416,11.603204,-2.2250124,-4425.9134
1,4,0.16291233,2,4,0.16002839,3,4,0.3110417,-4438.8968,12.679648,-1.7614348,-4424.4557
1,4,0.11875236,2,4,0.16070054,3,4,0.31061468,-4438.7763,11.801352,-1.3581047,-4425.6168
1,4,0.1502207,2,4,0.17210443,3,4,0.3298986,-4438.727,13.044475,-1.5253093,-4424.1572
1,4,0.14073355,2,4,0.14967704,3,4,0.31311767,-4438.2352,12.070565,-0.88833273,-4425.2763
1,4,0.13069504,2,4,0.17600794,3,4,0.31027693,-4437.542,12.339598,-0.24799078,-4424.9544
1,4,0.15611493,2,4,0.17611199,3,4,0.31600755,-4438.7286,12.964689,-1.5369815,-4424.2269
1,4,0.11181759,2,4,0.16157161,3,4,0.32421843,-4440.1008,11.952152,-2.5563444,-4425.5923
1,4,0.14604027,2,4,0.17982258,3,4,0.3297687,-4438.8204,13.112631,-1.6149772,-4424.0928
1,4,0.12291115,2,4,0.18087665,3,4,0.30011658,-4438.0992,12.078087,-0.77519816,-4425.2459
1,4,0.1337263,2,4,0.19394749,3,4,0.294515,-4438.7429,12.443776,-1.5530424,-4424.7461
1,4,0.14538588,2,4,0.15916825,3,4,0.27373615,-4438.8838,11.565806,-1.4661543,-4425.8518
1,4,0.15000871,2,4,0.16304712,3,4,0.30437321,-4437.6807,12.348581,-0.3994071,-4424.9327
1,4,0.15614033,2,4,0.15802492,3,4,0.2715251,-4439.6246,11.713807,-2.1996537,-4425.7112
1,4,0.15048139,2,4,0.18286463,3,4,0.31516023,-4438.6371,12.970125,-1.422894,-4424.2441
1,4,0.14042392,2,4,0.14170211,3,4,0.31307977,-4439.1877,11.904116,-1.7240154,-4425.5596
1,4,0.13573411,2,4,0.13673869,3,4,0.33951451,-4441.4218,12.239746,-3.9376647,-4425.2444
1,4,0.15423003,2,4,0.16374952,3,4,0.28911198,-4438.2054,12.141831,-0.92561948,-4425.138
1,4,0.12649365,2,4,0.17557375,3,4,0.32497132,-4438.1532,12.540774,-0.88612912,-4424.7263
1,4,0.13097988,2,4,0.15763645,3,4,0.33332259,-4438.7639,12.438778,-1.5039651,-4424.8212
1,4,0.13587173,2,4,0.18813877,3,4,0.27666433,-4439.1177,12.013497,-1.7968431,-4425.3073
1,4,0.1326286,2,4,0.1834761,3,4,0.29455292,-4437.9057,12.213152,-0.62154696,-4425.071
1,4,0.12777839,2,4,0.14749957,3,4,0.3350461,-4440.027,12.206481,-2.6467792,-4425.1737
1,4,0.12452287,2,4,0.17806878,3,4,0.28512759,-4438.4418,11.754385,-1.0753121,-4425.6121
1,4,0.14823345,2,4,0.15544967,3,4,0.27583082,-4438.973,11.590279,-1.5540399,-4425.8287
1,4,0.14829972,2,4,0.16060134,3,4,0.27425559,-4438.8605,11.663133,-1.4571642,-4425.7403
1,4,0.10827997,2,4,0.18920794,3,4,0.29324806,-4440.4671,11.814719,-2.8790128,-4425.7734
1,4,0.12992628,2,4,0.15892509,3,4,0.29767405,-4437.9016,11.730508,-0.57986105,-4425.5913
1,4,0.10943894,2,4,0.18354985,3,4,0.26195941,-4442.95,11.098964,-4.873754,-4426.9773
1,4,0.14191164,2,4,0.16721965,3,4,0.3014485,-4437.3471,12.211596,-0.050200182,-4425.0853
1,4,0.14383988,2,4,0.17260834,3,4,0.31091756,-4437.5457,12.547316,-0.2545912,-4424.7438
1,4,0.11336777,2,4,0.17126331,3,4,0.27868166,-4440.2769,11.266255,-2.6575394,-4426.3531
1,4,0.15390408,2,4,0.16140685,3,4,0.29984561,-4437.9645,12.303131,-0.69763799,-4424.9637
1,4,0.1507419,2,4,0.16101213,3,4,0.32146577,-4438.1691,12.664396,-0.9243077,-4424.5804
1,4,0.1485825,2,4,0.18938726,3,4,0.2812637,-4439.3696,12.384669,-2.1788198,-4424.8061
1,4,0.12562523,2,4,0.16118574,3,4,0.31820639,-4438.171,12.100347,-0.84133756,-4425.2293
1,4,0.14596461,2,4,0.19166998,3,4,0.29678761,-4438.8976,12.688444,-1.7412386,-4424.4679
1,4,0.15820101,2,4,0.15596379,3,4,0.2609878,-4441.0577,11.503052,-3.4410066,-4426.1137
1,4,0.13880587,2,4,0.15584107,3,4,0.32258991,-4438.0761,12.344737,-0.78345719,-4424.9479
1,4,0.15516005,2,4,0.13562975,3,4,0.29344262,-4440.4529,11.684649,-2.8362298,-4425.932
1,4,0.14489462,2,4,0.1668664,3,4,0.27577445,-4438.5014,11.750709,-1.1282103,-4425.6224
1,4,0.13241019,2,4,0.17759055,3,4,0.33169507,-4438.4258,12.833916,-1.2088311,-4424.383
1,4,0.14656685,2,4,0.16417543,3,4,0.2948628,-4437.5984,12.112101,-0.30085356,-4425.1855
1,4,0.11170547,2,4,0.16175561,3,4,0.34331509,-4441.2517,12.335523,-3.8493496,-4425.0668
1,4,0.14810306,2,4,0.17913946,3,4,0.32384819,-4438.5654,13.021814,-1.3352328,-4424.2084
1,4,0.12337506,2,4,0.19820967,3,4,0.28358474,-4439.9362,12.103389,-2.6794949,-4425.1533
1,4,0.14573116,2,4,0.1462109,3,4,0.33755381,-4439.7797,12.589917,-2.5623158,-4424.6274
1,4,0.11177992,2,4,0.17188166,3,4,0.29409409,-4439.5731,11.555113,-2.0197434,-4425.9982
1,4,0.1512092,2,4,0.14395959,3,4,0.28987009,-4439.2355,11.700778,-1.7818943,-4425.7528
1,4,0.14009783,2,4,0.17491154,3,4,0.2640474,-4439.6816,11.581135,-2.1686542,-4425.9318
1,4,0.13841325,2,4,0.1536891,3,4,0.3019394,-4437.8591,11.880835,-0.53029219,-4425.4479
1,4,0.12716609,2,4,0.19754204,3,4,0.31465089,-4439.1985,12.78718,-2.0951271,-4424.3162
1,4,0.14477612,2,4,0.16313323,3,4,0.28514284,-4437.9274,11.861044,-0.60304497,-4425.4633
1,4,0.12246813,2,4,0.18530525,3,4,0.3011346,-4438.3175,12.17816,-1.0110962,-4425.1282
1,4,0.13284845,2,4,0.14566553,3,4,0.28058774,-4439.8581,11.182034,-2.3496259,-4426.3264
1,4,0.1432193,2,4,0.17427448,3,4,0.29607127,-4437.5563,12.271301,-0.26373773,-4425.0213
1,4,0.14781179,2,4,0.15804481,3,4,0.3179729,-4437.9532,12.47659,-0.67828136,-4424.7983
1,4,0.15140776,2,4,0.1807923,3,4,0.30489353,-4438.3325,12.741872,-1.1046139,-4424.486
1,4,0.12988674,2,4,0.15473501,3,4,0.28686059,-4438.6316,11.429647,-1.2641126,-4425.9378
1,4,0.12005561,2,4,0.14043812,3,4,0.29326266,-4441.4842,11.075128,-3.7179001,-4426.6912
1,4,0.13583503,2,4,0.16183477,3,4,0.33673072,-4438.6735,12.68801,-1.4711004,-4424.5143
1,4,0.13223285,2,4,0.16939805,3,4,0.28392133,-4437.9903,11.711045,-0.65758383,-4425.6216
1,4,0.1425526,2,4,0.16882671,3,4,0.27609919,-4438.4214,11.74957,-1.0516937,-4425.6202
1,4,0.15256382,2,4,0.17123632,3,4,0.26169935,-4440.3166,11.70999,-2.805125,-4425.8014
1,4,0.13951472,2,4,0.16719775,3,4,0.30903214,-4437.3394,12.314892,-0.042643991,-4424.9819
1,4,0.12763047,2,4,0.17874154,3,4,0.31707728,-4437.8819,12.468986,-0.60065992,-4424.8122
1,4,0.1281702,2,4,0.16584832,3,4,0.31636067,-4437.7638,12.207584,-0.45870583,-4425.0975
1,4,0.13277666,2,4,0.14397548,3,4,0.31550926,-4439.2427,11.845228,-1.7798577,-4425.6176
1,4,0.14014443,2,4,0.17386223,3,4,0.27969559,-4438.1838,11.874045,-0.84240241,-4425.4674
1,4,0.13801005,2,4,0.16745141,3,4,0.28181383,-4437.9984,11.745506,-0.66226822,-4425.5906
1,4,0.12262572,2,4,0.17165232,3,4,0.30116791,-4437.9696,11.908919,-0.6291292,-4425.4316
1,4,0.13685725,2,4,0.17156697,3,4,0.31328736,-4437.4277,12.434232,-0.13340991,-4424.86
1,4,0.16342887,2,4,0.17158752,3,4,0.30634028,-4439.0848,12.827133,-1.9840748,-4424.2736
1,4,0.14631949,2,4,0.15680352,3,4,0.27733498,-4438.7211,11.60916,-1.3247995,-4425.7871
1,4,0.12777009,2,4,0.16211878,3,4,0.32968494,-4438.479,12.391476,-1.2016828,-4424.8858
1,4,0.14618545,2,4,0.16213238,3,4,0.29947521,-4437.5398,12.155861,-0.24327819,-4425.1407
1,4,0.12951005,2,4,0.16774088,3,4,0.29554946,-4437.6352,11.856008,-0.32597071,-4425.4532
1,4,0.12885613,2,4,0.16560164,3,4,0.33096307,-4438.3806,12.508417,-1.1258147,-4424.7463
1,4,0.1193146,2,4,0.18552927,3,4,0.31358563,-4438.6128,12.36859,-1.3178976,-4424.9263
1,4,0.13776763,2,4,0.17910108,3,4,0.31452715,-4437.7122,12.627917,-0.43138486,-4424.6529
1,4,0.12947769,2,4,0.18689031,3,4,0.29808802,-4438.1153,12.28912,-0.84724563,-4424.979
1,4,0.16327166,2,4,0.1524877,3,4,0.29888372,-4439.0957,12.292862,-1.8894832,-4424.9134
1,4,0.12132483,2,4,0.17943721,3,4,0.31233,-4438.1793,12.261841,-0.86262688,-4425.0548
1,4,0.16011023,2,4,0.15884342,3,4,0.28773463,-4438.8332,12.133766,-1.5797548,-4425.1197
1,4,0.14381874,2,4,0.17800359,3,4,0.31983807,-4438.0459,12.833208,-0.7789962,-4424.4337
1,4,0.12667432,2,4,0.15924513,3,4,0.31572024,-4438.1337,12.032794,-0.79945188,-4425.3014
1,4,0.14445862,2,4,0.18504019,3,4,0.33327614,-4439.3521,13.255499,-2.2039411,-4423.8927
1,4,0.1383144,2,4,0.17158963,3,4,0.29584131,-4437.4086,12.114907,-0.10979159,-4425.1839
1,4,0.15445677,2,4,0.14659349,3,4,0.29178846,-4439.0125,11.856774,-1.6243617,-4425.5314
1,4,0.1263273,2,4,0.16968818,3,4,0.29236062,-4437.9098,11.767522,-0.58150168,-4425.5608
1,4,0.14069529,2,4,0.17868889,3,4,0.28760357,-4437.9205,12.139755,-0.62194008,-4425.1588
1,4,0.11946798,2,4,0.1985321,3,4,0.28929735,-4439.9366,12.145949,-2.6773673,-4425.1133
1,4,0.14717213,2,4,0.15127853,3,4,0.31304515,-4438.1653,12.229916,-0.85080797,-4425.0845
1,4,0.14967033,2,4,0.17158766,3,4,0.29902557,-4437.7486,12.405671,-0.47274339,-4424.8702
1,4,0.1254851,2,4,0.17796537,3,4,0.28576264,-4438.3322,11.784262,-0.97664204,-4425.5713
1,4,0.13971091,2,4,0.18658473,3,4,0.30099512,-4438.0849,12.545815,-0.84015641,-4424.699
1,4,0.15225207,2,4,0.1522527,3,4,0.27670616,-4439.2758,11.624219,-1.8414932,-4425.8101
1,4,0.1252601,2,4,0.17587862,3,4,0.29973877,-4437.8052,12.01755,-0.48588935,-4425.3018
1,4,0.13109055,2,4,0.15917201,3,4,0.29879893,-4437.7951,11.78123,-0.47905264,-4425.5349
1,4,0.13590782,2,4,0.16973688,3,4,0.34543195,-4439.327,13.021533,-2.2386679,-4424.0668
1,4,0.14296138,2,4,0.17293499,3,4,0.2761363,-4438.4712,11.840653,-1.109165,-4425.5214
1,4,0.1455628,2,4,0.17101406,3,4,0.28212844,-4438.0984,11.974106,-0.77506694,-4425.3492
1,4,0.14993205,2,4,0.1435339,3,4,0.31803454,-4439.1183,12.23001,-1.7588188,-4425.1294
1,4,0.13518,2,4,0.1944928,3,4,0.31842217,-4439.0077,12.961899,-1.8763336,-4424.1695
1,4,0.11126076,2,4,0.17088874,3,4,0.27009101,-4441.5446,11.04481,-3.7301657,-4426.7696
1,4,0.14475672,2,4,0.18163565,3,4,0.29863566,-4437.9446,12.500561,-0.68123158,-4424.7628
1,4,0.14313817,2,4,0.16223766,3,4,0.30997922,-4437.4743,12.307101,-0.17891876,-4424.9882
1,4,0.12119056,2,4,0.19147395,3,4,0.28488102,-4439.4024,11.950911,-2.0506211,-4425.4009
1,4,0.13382085,2,4,0.17936603,3,4,0.32430067,-4438.0711,12.749751,-0.81809951,-4424.5033
1,4,0.1468873,2,4,0.15173974,3,4,0.29456957,-4438.1706,11.863932,-0.8253584,-4425.4814
1,4,0.13914333,2,4,0.17511092,3,4,0.29413451,-4437.5329,12.167775,-0.23560154,-4425.1296
1,4,0.13922772,2,4,0.15751512,3,4,0.29163907,-4437.8223,11.767638,-0.50191778,-4425.5528
1,4,0.16062562,2,4,0.17031711,3,4,0.29275233,-4438.7638,12.473901,-1.5872366,-4424.7027
1,4,0.13765481,2,4,0.17341874,3,4,0.29045087,-4437.5965,12.030488,-0.29164647,-4425.2743
1,4,0.1221502,2,4,0.15886007,3,4,0.3132524,-4438.5302,11.885253,-1.1498577,-4425.4951
1,4,0.15877871,2,4,0.1845307,3,4,0.291892,-4439.4466,12.704028,-2.3550405,-4424.3876
1,4,0.14950053,2,4,0.15472001,3,4,0.32342156,-4438.3973,12.552842,-1.1455107,-4424.699
1,4,0.13014865,2,4,0.15301508,3,4,0.31427522,-4438.3326,11.948779,-0.97680207,-4425.407
1,4,0.12630833,2,4,0.14227295,3,4,0.30314339,-4440.0128,11.434493,-2.4354228,-4426.1429
1,4,0.13876941,2,4,0.1818288,3,4,0.31003668,-4437.7818,12.612698,-0.50797703,-4424.6611
1,4,0.15058494,2,4,0.15706021,3,4,0.32343631,-4438.3538,12.621629,-1.1139008,-4424.6182
1,4,0.12859121,2,4,0.14826931,3,4,0.31245541,-4438.9272,11.786318,-1.502,-4425.6389
1,4,0.12198995,2,4,0.17733214,3,4,0.30703996,-4438.0275,12.127241,-0.69905641,-4425.2012
1,4,0.12508936,2,4,0.16252578,3,4,0.31113107,-4437.9969,11.974924,-0.66299591,-4425.359
1,4,0.14188727,2,4,0.18449438,3,4,0.28226958,-4438.5626,12.173025,-1.2780774,-4425.1115
1,4,0.14752265,2,4,0.15561733,3,4,0.29288967,-4437.9761,11.920593,-0.65274396,-4425.4027
1,4,0.13763698,2,4,0.18709055,3,4,0.29097341,-4438.2636,12.314019,-1.0077067,-4424.9419
1,4,0.11011933,2,4,0.15340205,3,4,0.28809102,-4441.5791,11.032248,-3.7852879,-4426.7616
1,4,0.13458146,2,4,0.18328299,3,4,0.26732828,-4439.6772,11.703855,-2.2147121,-4425.7586
1,4,0.14719507,2,4,0.16317556,3,4,0.32819169,-4438.2982,12.771246,-1.0665091,-4424.4604
1,4,0.16860502,2,4,0.17486539,3,4,0.34242559,-4442.0676,13.71792,-5.3981674,-4422.9515
1,4,0.13871833,2,4,0.16100423,3,4,0.31025602,-4437.4714,12.199572,-0.17172624,-4425.1001
1,4,0.15614969,2,4,0.16983525,3,4,0.2758647,-4439.1422,12.036993,-1.8346471,-4425.2706
1,4,0.13569733,2,4,0.17198616,3,4,0.3208767,-4437.6803,12.571204,-0.39906239,-4424.71
1,4,0.12233479,2,4,0.16997302,3,4,0.28907365,-4438.3924,11.627629,-1.0209803,-4425.7438
1,4,0.10203802,2,4,0.20916207,3,4,0.30433588,-4442.9355,12.310719,-5.6119596,-4425.0128
1,4,0.12545485,2,4,0.18284822,3,4,0.30175608,-4437.9946,12.201183,-0.69604026,-4425.0973
1,4,0.11778935,2,4,0.16785266,3,4,0.34934218,-4440.6231,12.699684,-3.4988227,-4424.4246
1,4,0.11886754,2,4,0.19091737,3,4,0.30113304,-4438.9616,12.218359,-1.663753,-4425.0795
1,4,0.12934526,2,4,0.19098991,3,4,0.3388438,-4439.8194,13.183579,-2.7914637,-4423.8443
1,4,0.13568,2,4,0.18578812,3,4,0.31185249,-4438.0285,12.666412,-0.77853178,-4424.5835
1,4,0.1202588,2,4,0.19842546,3,4,0.30936692,-4439.4899,12.561024,-2.3465415,-4424.5824
1,4,0.13432785,2,4,0.17122389,3,4,0.2861994,-4437.7958,11.835023,-0.47606848,-4425.4847
1,4,0.13327737,2,4,0.16716779,3,4,0.28497529,-4437.9157,11.708409,-0.58965304,-4425.6176
1,4,0.14056539,2,4,0.17014526,3,4,0.31348556,-4437.4545,12.483924,-0.16063457,-4424.8099
1,4,0.14161955,2,4,0.18523835,3,4,0.29279415,-4438.1691,12.393041,-0.91486576,-4424.8612
1,4,0.11123239,2,4,0.19145992,3,4,0.2936877,-4440.0999,11.9276,-2.6243643,-4425.548
1,4,0.15083539,2,4,0.1488508,3,4,0.30489141,-4438.4012,12.091552,-1.0656788,-4425.2439
1,4,0.12794191,2,4,0.18417234,3,4,0.28958615,-4438.2535,12.034008,-0.943001,-4425.2765
1,4,0.11337898,2,4,0.20847475,3,4,0.28820628,-4441.7367,12.2012,-4.5621376,-4424.9734
1,4,0.14099957,2,4,0.15324369,3,4,0.31039847,-4437.8886,12.092835,-0.56576527,-4425.23
1,4,0.13372502,2,4,0.17159936,3,4,0.34733773,-4439.5309,13.053242,-2.4735653,-4424.0041
1,4,0.12239973,2,4,0.14638395,3,4,0.30890817,-4439.8182,11.553837,-2.2755334,-4425.9888
1,4,0.15387761,2,4,0.15851907,3,4,0.30818411,-4438.0454,12.411616,-0.78469009,-4424.8491
1,4,0.14386922,2,4,0.20428672,3,4,0.26644914,-4442.0544,12.292102,-4.9993078,-4424.763
1,4,0.11447029,2,4,0.15074763,3,4,0.33211594,-4441.1371,11.946677,-3.5305136,-4425.6599
1,4,0.14559734,2,4,0.18641294,3,4,0.30519913,-4438.3545,12.744188,-1.1312409,-4424.4791
1,4,0.14399714,2,4,0.18020597,3,4,0.29547223,-4437.8653,12.393507,-0.59131541,-4424.8805
1,4,0.090240072,2,4,0.15838363,3,4,0.31428364,-4446.2667,11.258147,-7.1361712,-4427.8724
1,4,0.107377,2,4,0.1832183,3,4,0.31357242,-4440.085,12.083354,-2.5492816,-4425.4523
1,4,0.14492177,2,4,0.16324456,3,4,0.3018635,-4437.4576,12.200597,-0.16164364,-4425.0954
1,4,0.12671199,2,4,0.1728291,3,4,0.31596932,-4437.7714,12.310208,-0.47162787,-4424.9896
1,4,0.17229658,2,4,0.15294728,3,4,0.31400828,-4440.3173,12.785043,-3.408423,-4424.1238
1,4,0.14168912,2,4,0.16422428,3,4,0.32829522,-4438.0964,12.684172,-0.84699195,-4424.5653
1,4,0.12731922,2,4,0.16883605,3,4,0.30247441,-4437.6245,11.972594,-0.31232844,-4425.3395
1,4,0.13753744,2,4,0.15881348,3,4,0.33183227,-4438.4296,12.563664,-1.1871423,-4424.6788
1,4,0.14791428,2,4,0.17221153,3,4,0.31627983,-4437.886,12.728113,-0.61334701,-4424.5445
1,4,0.13372465,2,4,0.15957982,3,4,0.27051726,-4439.3408,11.276435,-1.8827813,-4426.1816
1,4,0.1677056,2,4,0.14972305,3,4,0.29861783,-4439.7474,12.32093,-2.5979895,-4424.8285
1,4,0.15253447,2,4,0.16517816,3,4,0.25230128,-4441.6499,11.400278,-3.8668402,-4426.3828
1,4,0.15730295,2,4,0.15936619,3,4,0.33166167,-4439.2754,12.966616,-2.1667257,-4424.142
1,4,0.14045363,2,4,0.16515157,3,4,0.33917202,-4438.8269,12.895544,-1.6628729,-4424.2685
1,4,0.14338723,2,4,0.14149545,3,4,0.3231113,-4439.4736,12.15988,-2.0583533,-4425.2553
1,4,0.10265336,2,4,0.18576356,3,4,0.31703162,-4441.1107,12.108971,-3.4560933,-4425.5457
1,4,0.1397217,2,4,0.14347294,3,4,0.27449457,-4440.3344,11.153784,-2.7340744,-4426.4465
1,4,0.12061099,2,4,0.16372296,3,4,0.30937974,-4438.3627,11.874274,-0.98817417,-4425.5002
1,4,0.16312383,2,4,0.15670842,3,4,0.2861572,-4439.2666,12.119789,-2.0295954,-4425.1172
1,4,0.14912511,2,4,0.16725409,3,4,0.30665664,-4437.6405,12.460717,-0.35978821,-4424.82
1,4,0.14237717,2,4,0.19753474,3,4,0.25814074,-4442.1102,11.961053,-4.7172228,-4425.4319
1,4,0.13591231,2,4,0.14054553,3,4,0.3008991,-4439.5292,11.547139,-1.9954946,-4425.9866
1,4,0.14286381,2,4,0.1782602,3,4,0.31663054,-4437.891,12.755091,-0.61566884,-4424.5203
1,4,0.15237404,2,4,0.16643983,3,4,0.28716824,-4438.1488,12.119642,-0.85947356,-4425.1697
1,4,0.14454815,2,4,0.18125688,3,4,0.31153304,-4438.0021,12.746762,-0.737894,-4424.5175
1,4,0.13159253,2,4,0.17007656,3,4,0.34687507,-4439.4961,12.970883,-2.4247515,-4424.1005
1,4,0.13777306,2,4,0.14974706,3,4,0.29158203,-4438.4802,11.582043,-1.1011654,-4425.7969
1,4,0.14520007,2,4,0.16690521,3,4,0.313204,-4437.5605,12.506185,-0.27221298,-4424.7821
1,4,0.1296274,2,4,0.17900782,3,4,0.26846068,-4439.5361,11.541918,-2.0480478,-4425.9461
1,4,0.11055437,2,4,0.1602507,3,4,0.30046795,-4440.2376,11.425461,-2.5926269,-4426.2195
1,4,0.10384978,2,4,0.16312524,3,4,0.33315173,-4442.0354,12.002535,-4.2540153,-4425.7788
1,4,0.12309241,2,4,0.15582733,3,4,0.3369269,-4439.717,12.316933,-2.4034469,-4424.9966
1,4,0.1357128,2,4,0.17875513,3,4,0.29026155,-4437.7737,12.09459,-0.47284475,-4425.2063
1,4,0.1440361,2,4,0.16002527,3,4,0.29919491,-4437.5434,12.065125,-0.24083992,-4425.2374
1,4,0.13118142,2,4,0.18285604,3,4,0.31942616,-4438.0575,12.669272,-0.80388769,-4424.5844
1,4,0.11293333,2,4,0.16540064,3,4,0.33662518,-4440.3296,12.299183,-2.9332393,-4425.0972
1,4,0.13039859,2,4,0.18936391,3,4,0.32099277,-4438.5835,12.815105,-1.3892153,-4424.3792
1,4,0.14888746,2,4,0.15249438,3,4,0.27764881,-4439.0522,11.580613,-1.625018,-4425.8466
1,4,0.13953704,2,4,0.17918098,3,4,0.32899178,-4438.415,12.954196,-1.1853212,-4424.2754
1,4,0.16272133,2,4,0.15229643,3,4,0.26670729,-4440.9688,11.634501,-3.4558706,-4425.8784
1,4,0.12008428,2,4,0.16101695,3,4,0.3204287,-4438.7947,12.030599,-1.4103531,-4425.3537
1,4,0.12891485,2,4,0.16823191,3,4,0.33313203,-4438.4717,12.605576,-1.2378326,-4424.6283
1,4,0.14914051,2,4,0.15931895,3,4,0.32579549,-4438.3264,12.685099,-1.0914508,-4424.5499
1,4,0.13350989,2,4,0.18190805,3,4,0.30910272,-4437.7204,12.490413,-0.44356647,-4424.7864
1,4,0.1345922,2,4,0.17231789,3,4,0.27497521,-4438.5691,11.637706,-1.1805658,-4425.7508
1,4,0.1346064,2,4,0.17168372,3,4,0.27540348,-4438.5276,11.633872,-1.142917,-4425.7508
1,4,0.1237352,2,4,0.1762261,3,4,0.31254643,-4437.9254,12.250155,-0.61427663,-4425.0609
1,4,0.1404722,2,4,0.16943689,3,4,0.32887687,-4438.1069,12.775719,-0.8591897,-4424.472
1,4,0.14061233,2,4,0.16166379,3,4,0.28481264,-4437.9366,11.741775,-0.60750959,-4425.5873
1,4,0.14747459,2,4,0.18069602,3,4,0.31904338,-4438.3935,12.94428,-1.1512038,-4424.298
1,4,0.14167196,2,4,0.15030349,3,4,0.28898069,-4438.4595,11.619123,-1.0807719,-4425.7596
1,4,0.13891528,2,4,0.19147178,3,4,0.28818043,-4438.7763,12.37135,-1.563217,-4424.8417
1,4,0.14668181,2,4,0.16916584,3,4,0.26934505,-4439.1393,11.703854,-1.7085899,-4425.7269
1,4,0.12781138,2,4,0.17238394,3,4,0.31974111,-4437.8294,12.398729,-0.53967172,-4424.891
1,4,0.16960965,2,4,0.14201771,3,4,0.28929763,-4440.8864,12.0185,-3.588251,-4425.2796
1,4,0.12265778,2,4,0.16086493,3,4,0.35846016,-4441.399,12.839657,-4.4491722,-4424.1102
1,4,0.12485733,2,4,0.15202004,3,4,0.30819576,-4438.8076,11.701463,-1.3954694,-4425.7107
1,4,0.1264893,2,4,0.17787819,3,4,0.31587646,-4437.8714,12.404879,-0.58218749,-4424.8843
1,4,0.13564679,2,4,0.16046747,3,4,0.32877701,-4438.1965,12.497825,-0.93520874,-4424.7635
1,4,0.12779358,2,4,0.19892179,3,4,0.30217879,-4439.2155,12.577883,-2.0992705,-4424.5384
1,4,0.14670174,2,4,0.20711217,3,4,0.29745729,-4441.0017,13.025424,-4.2441972,-4423.732
1,4,0.15362007,2,4,0.17547803,3,4,0.30554631,-4438.2062,12.692888,-0.97125212,-4424.542
1,4,0.14648094,2,4,0.16067761,3,4,0.28408463,-4438.0993,11.824864,-0.76516316,-4425.5092
1,4,0.15988829,2,4,0.15992271,3,4,0.26311049,-4440.7599,11.65843,-3.2464308,-4425.855
1,4,0.1432473,2,4,0.13719028,3,4,0.29402084,-4440.0098,11.489168,-2.3927157,-4426.1279
1,4,0.13485,2,4,0.18695549,3,4,0.29704385,-4438.0737,12.376987,-0.81821068,-4424.8785
1,4,0.12606553,2,4,0.16929821,3,4,0.26221888,-4440.4913,11.151652,-2.8591152,-4426.4805
1,4,0.11051277,2,4,0.16754642,3,4,0.30751922,-4439.6676,11.711568,-2.0956506,-4425.8604
1,4,0.12950902,2,4,0.17717794,3,4,0.32204105,-4437.945,12.57456,-0.67552587,-4424.6949
1,4,0.13846737,2,4,0.16464396,3,4,0.31464426,-4437.4681,12.355112,-0.17414739,-4424.9388
1,4,0.11044762,2,4,0.1317445,3,4,0.30516856,-4445.2578,10.947214,-6.6553652,-4427.6552
1,4,0.14299516,2,4,0.16555352,3,4,0.31554311,-4437.551,12.481836,-0.26188258,-4424.8073
1,4,0.11801685,2,4,0.17228298,3,4,0.31855192,-4438.5694,12.177035,-1.209213,-4425.1832
1,4,0.13053462,2,4,0.17945135,3,4,0.31152979,-4437.6825,12.430315,-0.39746385,-4424.8548
1,4,0.14118747,2,4,0.15576741,3,4,0.32687181,-4438.2882,12.476534,-1.0193258,-4424.7924
1,4,0.10329945,2,4,0.18743913,3,4,0.2997776,-4441.1246,11.810324,-3.3786505,-4425.9356
1,4,0.15884309,2,4,0.14661924,3,4,0.29336692,-4439.2417,11.976585,-1.8935312,-4425.3715
1,4,0.14906612,2,4,0.1692331,3,4,0.31581784,-4437.8635,12.682341,-0.59338186,-4424.5878
1,4,0.12829931,2,4,0.17212093,3,4,0.34475005,-4439.4017,12.903406,-2.3005548,-4424.1977
1,4,0.1487874,2,4,0.12529203,3,4,0.3151473,-4442.2879,11.784535,-4.3138905,-4426.1895
1,4,0.14539405,2,4,0.194085,3,4,0.3290996,-4440.0475,13.371573,-2.9979772,-4423.6779
1,4,0.14586407,2,4,0.16500801,3,4,0.27772628,-4438.3947,11.771967,-1.0338955,-4425.5888
1,4,0.1276045,2,4,0.20034337,3,4,0.28657289,-4439.8144,12.290415,-2.6596689,-4424.8643
1,4,0.12516819,2,4,0.17417671,3,4,0.33165329,-4438.5674,12.619964,-1.3301786,-4424.6172
1,4,0.14350873,2,4,0.20752073,3,4,0.32429704,-4441.4834,13.50653,-4.7674159,-4423.2094
1,4,0.11927942,2,4,0.16239739,3,4,0.31126746,-4438.6074,11.858885,-1.2088212,-4425.5397
1,4,0.1280871,2,4,0.16684684,3,4,0.29620103,-4437.7191,11.822699,-0.40486546,-4425.4916
1,4,0.12080043,2,4,0.17791962,3,4,0.34014968,-4439.5152,12.777395,-2.3607926,-4424.377
1,4,0.15193057,2,4,0.17040116,3,4,0.29139313,-4438.0168,12.274497,-0.74470385,-4424.9976
1,4,0.15704125,2,4,0.14813008,3,4,0.33254198,-4439.7875,12.754266,-2.6601299,-4424.3731
1,4,0.13941619,2,4,0.16915454,3,4,0.3129177,-4437.412,12.429768,-0.11714824,-4424.8651
1,4,0.13239229,2,4,0.15192981,3,4,0.31784328,-4438.3904,12.043307,-1.0405003,-4425.3066
1,4,0.15954133,2,4,0.13679411,3,4,0.33292729,-4441.1787,12.585255,-3.9666184,-4424.6269
1,4,0.14065718,2,4,0.15814723,3,4,0.30907896,-4437.574,12.157667,-0.26978595,-4425.1466
1,4,0.12909582,2,4,0.17671812,3,4,0.30798373,-4437.589,12.275954,-0.29200368,-4425.021
1,4,0.14611528,2,4,0.16453581,3,4,0.27626653,-4438.5219,11.738353,-1.1486839,-4425.6348
1,4,0.12101973,2,4,0.19245415,3,4,0.28228006,-4439.6596,11.915079,-2.2923641,-4425.4522
1,4,0.11632283,2,4,0.16763728,3,4,0.28437659,-4439.481,11.366734,-1.9835254,-4426.1307
1,4,0.13753363,2,4,0.18536154,3,4,0.29299873,-4438.0702,12.317878,-0.80493177,-4424.9474
1,4,0.15237157,2,4,0.16006102,3,4,0.33060312,-4438.7958,12.860714,-1.618304,-4424.3168
1,4,0.14509385,2,4,0.16513158,3,4,0.30436005,-4437.4372,12.29171,-0.14339833,-4425.0021
1,4,0.12162959,2,4,0.1663426,3,4,0.28817183,-4438.6093,11.522881,-1.2226145,-4425.8638
1,4,0.15092169,2,4,0.1402654,3,4,0.3118093,-4439.4155,12.059928,-1.9810008,-4425.3746
1,4,0.14774716,2,4,0.16304021,3,4,0.28935692,-4437.8336,12.002886,-0.52625171,-4425.3044
1,4,0.13742825,2,4,0.14571429,3,4,0.28768585,-4439.1448,11.416568,-1.6928692,-4426.0354
1,4,0.13168361,2,4,0.15920898,3,4,0.29298889,-4437.9163,11.67763,-0.59659171,-4425.642
1,4,0.1443606,2,4,0.16411804,3,4,0.31871669,-4437.7106,12.543907,-0.43008276,-4424.7366
1,4,0.1350243,2,4,0.15509469,3,4,0.33798343,-4439.1104,12.562048,-1.8939736,-4424.6544
1,4,0.14462077,2,4,0.16564339,3,4,0.32811866,-4438.1694,12.767656,-0.92629714,-4424.4755
1,4,0.13075508,2,4,0.1880473,3,4,0.33464402,-4439.2505,13.068928,-2.1351023,-4424.0465
1,4,0.12542955,2,4,0.20587481,3,4,0.32255774,-4440.5209,13.077242,-3.6656098,-4423.778
1,4,0.13615035,2,4,0.17798336,3,4,0.29962581,-4437.5154,12.27519,-0.22353126,-4425.0167
1,4,0.12476737,2,4,0.15153929,3,4,0.28562652,-4439.5067,11.238663,-2.0583365,-4426.2097
1,4,0.14291505,2,4,0.16535791,3,4,0.30086617,-4437.3824,12.182783,-0.085488583,-4425.1141
1,4,0.14417961,2,4,0.15416172,3,4,0.28907102,-4438.1391,11.748247,-0.79380146,-4425.597
1,4,0.15371291,2,4,0.14140272,3,4,0.29965964,-4439.3693,11.895506,-1.9265024,-4425.5473
1,4,0.12901073,2,4,0.16230772,3,4,0.3166216,-4437.8417,12.158801,-0.53228387,-4425.1506
1,4,0.14765305,2,4,0.16910233,3,4,0.30663867,-4437.5812,12.467881,-0.29583235,-4424.8175
1,4,0.11385183,2,4,0.17299334,3,4,0.28510362,-4439.6753,11.438976,-2.1302964,-4426.1061
1,4,0.14635144,2,4,0.15344489,3,4,0.30530525,-4437.8985,12.102032,-0.58154785,-4425.2149
1,4,0.14806996,2,4,0.16479133,3,4,0.29514583,-4437.6495,12.160143,-0.35625288,-4425.1331
1,4,0.14869135,2,4,0.19283522,3,4,0.26268345,-4441.3204,12.0842,-4.013744,-4425.2224
1,4,0.14676164,2,4,0.17866166,3,4,0.32017473,-4438.2646,12.91196,-1.0118178,-4424.3408
1,4,0.14313713,2,4,0.17472855,3,4,0.29589635,-4437.5718,12.275241,-0.27967398,-4425.0168
1,4,0.13545696,2,4,0.15358838,3,4,0.32195064,-4438.2665,12.21992,-0.95073565,-4425.0958
1,4,0.15474662,2,4,0.16437782,3,4,0.31385656,-4438.1587,12.65962,-0.92372256,-4424.5754
1,4,0.15703801,2,4,0.16722235,3,4,0.28601029,-4438.569,12.205413,-1.3145757,-4425.049
1,4,0.14118721,2,4,0.16164533,3,4,0.31960468,-4437.7131,12.448744,-0.42843762,-4424.8359
1,4,0.13662761,2,4,0.14218499,3,4,0.31175099,-4439.2255,11.811272,-1.7480572,-4425.6662
1,4,0.12482065,2,4,0.17159407,3,4,0.30304164,-4437.7686,11.989127,-0.4460587,-4425.3334
1,4,0.12514524,2,4,0.16713597,3,4,0.27603012,-4439.0791,11.366226,-1.6505977,-4426.0623
1,4,0.13367971,2,4,0.18758608,3,4,0.33437597,-4439.2121,13.112835,-2.0864904,-4424.0128
1,4,0.15720282,2,4,0.12971739,3,4,0.28694032,-4441.9656,11.477211,-4.0699139,-4426.4185
1,4,0.13327308,2,4,0.16221198,3,4,0.2986327,-4437.55,11.882355,-0.24644768,-4425.4212
1,4,0.14942537,2,4,0.16539451,3,4,0.32611403,-4438.2982,12.818678,-1.0661144,-4424.4134
1,4,0.13812378,2,4,0.15055247,3,4,0.29984404,-4438.1638,11.770406,-0.80770405,-4425.5857
1,4,0.12574922,2,4,0.18526896,3,4,0.29025443,-4438.3984,12.025452,-1.0820659,-4425.2908
1,4,0.13531533,2,4,0.18724664,3,4,0.29452685,-4438.1501,12.341776,-0.89469196,-4424.9136
1,4,0.13662208,2,4,0.15957279,3,4,0.27539254,-4438.7588,11.431748,-1.3604472,-4425.9666
1,4,0.11725634,2,4,0.17539069,3,4,0.31133908,-4438.5054,12.079722,-1.1285948,-4425.297
1,4,0.12614834,2,4,0.15860183,3,4,0.33720532,-4439.2649,12.43911,-2.0092734,-4424.8166
1,4,0.1511706,2,4,0.17376332,3,4,0.32981053,-4438.8649,13.094889,-1.6729792,-4424.097
1,4,0.10929106,2,4,0.18897097,3,4,0.30510284,-4439.9703,12.067297,-2.4951963,-4425.4078
1,4,0.11632934,2,4,0.17258365,3,4,0.32275255,-4438.905,12.233311,-1.5379257,-4425.1337
1,4,0.15635011,2,4,0.17707468,3,4,0.2578818,-4441.2825,11.826132,-3.7818168,-4425.6746
1,4,0.15988701,2,4,0.14641925,3,4,0.27985473,-4440.0203,11.72322,-2.574555,-4425.7226
1,4,0.13852819,2,4,0.16472738,3,4,0.32397262,-4437.815,12.544564,-0.54158511,-4424.7289
1,4,0.15973071,2,4,0.18734647,3,4,0.32822283,-4440.7453,13.506,-3.7770239,-4423.4623
1,4,0.1338461,2,4,0.18264204,3,4,0.34612581,-4439.8473,13.252279,-2.8248179,-4423.7702
1,4,0.13672525,2,4,0.1499731,3,4,0.27614455,-4439.4669,11.256858,-1.9992098,-4426.2108
1,4,0.13500194,2,4,0.17490297,3,4,0.30863622,-4437.4182,12.370823,-0.12370156,-4424.9237
1,4,0.15980285,2,4,0.15580923,3,4,0.28019752,-4439.3177,11.916192,-1.9915857,-4425.41
1,4,0.14868373,2,4,0.1484143,3,4,0.27435345,-4439.6924,11.42903,-2.1791881,-4426.0842
1,4,0.14349074,2,4,0.16343616,3,4,0.29714828,-4437.4704,12.081503,-0.17089444,-4425.218
1,4,0.11804365,2,4,0.18010415,3,4,0.29779644,-4438.5765,11.918885,-1.1921799,-4425.4655
1,4,0.14931551,2,4,0.18419513,3,4,0.29279925,-4438.507,12.526198,-1.2875722,-4424.6932
1,4,0.15208957,2,4,0.1515259,3,4,0.28727968,-4438.6479,11.817903,-1.2845629,-4425.5454
1,4,0.14394658,2,4,0.1510671,3,4,0.30701579,-4438.0389,12.04059,-0.70349031,-4425.2948
1,4,0.13620206,2,4,0.17186933,3,4,0.28787537,-4437.6869,11.918935,-0.37456292,-4425.3934
1,4,0.13205236,2,4,0.19279335,3,4,0.28983743,-4438.7817,12.293663,-1.5569042,-4424.9311
1,4,0.14307339,2,4,0.16541792,3,4,0.29185908,-4437.5656,12.007008,-0.26163316,-4425.2969
1,4,0.15858807,2,4,0.15197031,3,4,0.28102244,-4439.3791,11.831616,-2.0119455,-4425.5356
1,4,0.12108808,2,4,0.20625276,3,4,0.29549804,-4440.4887,12.456778,-3.455142,-4424.5767
1,4,0.12076926,2,4,0.191164,3,4,0.33748706,-4439.9814,12.988407,-2.9364071,-4424.0566
1,4,0.15295009,2,4,0.15140973,3,4,0.29491989,-4438.4219,11.985594,-1.0921794,-4425.3442
1,4,0.1425634,2,4,0.15917765,3,4,0.32750472,-4438.186,12.584915,-0.93182968,-4424.6693
1,4,0.12917676,2,4,0.17886905,3,4,0.32217547,-4438.0187,12.604426,-0.75516894,-4424.6591
1,4,0.12236395,2,4,0.18263159,3,4,0.3033349,-4438.1732,12.166609,-0.85812363,-4425.1484
1,4,0.15237517,2,4,0.16985688,3,4,0.2967679,-4437.9174,12.379999,-0.65283331,-4424.8845
1,4,0.1643433,2,4,0.18785131,3,4,0.29529405,-4440.4325,12.949773,-3.5267383,-4423.956
1,4,0.136496,2,4,0.17706562,3,4,0.28995601,-4437.7176,12.070353,-0.41418514,-4425.233
1,4,0.13816367,2,4,0.13398644,3,4,0.30287479,-4440.5887,11.500498,-2.8622635,-4426.2259
1,4,0.14256438,2,4,0.14415406,3,4,0.31143268,-4438.7986,11.963022,-1.3862225,-4425.4493
1,4,0.13865783,2,4,0.1496052,3,4,0.33394241,-4439.1843,12.444109,-1.9136632,-4424.8265
1,4,0.14074439,2,4,0.16181137,3,4,0.31328745,-4437.5098,12.316864,-0.21446728,-4424.9785
1,4,0.15998479,2,4,0.15780923,3,4,0.31874085,-4438.8578,12.730697,-1.6992979,-4424.4278
1,4,0.14127433,2,4,0.15892226,3,4,0.29427695,-4437.656,11.889471,-0.34494869,-4425.4216
1,4,0.15518008,2,4,0.17100339,3,4,0.31226342,-4438.2803,12.768938,-1.0543005,-4424.4571
1,4,0.14345025,2,4,0.17470331,3,4,0.30761706,-4437.5442,12.515412,-0.25379086,-4424.775
