1,4,0.27160029,2,4,0.16946016,3,4,0.15738886,-4481.8971,11.968986,-0.42327809,-4469.5048
1,4,0.29476974,2,4,0.17146606,3,4,0.11398354,-4485.0763,11.604387,-3.2671197,-4470.2048
1,4,0.30358138,2,4,0.16586966,3,4,0.11121015,-4486.3103,11.613224,-4.3958334,-4470.3012
1,4,0.30963138,2,4,0.16601492,3,4,0.14664388,-4483.2305,12.445804,-1.9087791,-4468.8759
1,4,0.27266742,2,4,0.17488369,3,4,0.14761648,-4481.7407,11.903352,-0.25760614,-4469.5798
1,4,0.24972581,2,4,0.17369633,3,4,0.13655279,-4482.8519,11.199499,-1.2687946,-4470.3836
1,4,0.27225991,2,4,0.18972053,3,4,0.1548745,-4483.2542,12.337099,-1.9355919,-4468.9815
1,4,0.25544745,2,4,0.16790253,3,4,0.11671562,-4485.0032,10.801312,-3.0622485,-4471.1396
1,4,0.27606129,2,4,0.15219255,3,4,0.14869196,-4481.9098,11.538916,-0.39789384,-4469.973
1,4,0.28743728,2,4,0.17525992,3,4,0.14352961,-4482.0147,12.124536,-0.54672589,-4469.3434
1,4,0.26275351,2,4,0.17712123,3,4,0.15445185,-4482.2305,11.886532,-0.76734913,-4469.5766
1,4,0.24307137,2,4,0.15737592,3,4,0.14880829,-4483.2258,10.985112,-1.5871958,-4470.6535
1,4,0.26558556,2,4,0.15051586,3,4,0.1426829,-4482.3089,11.175687,-0.77241438,-4470.3608
1,4,0.28049024,2,4,0.14858328,3,4,0.15616933,-4482.334,11.704857,-0.82188008,-4469.8073
1,4,0.31812088,2,4,0.16345469,3,4,0.1448523,-4484.0653,12.528557,-2.8811622,-4468.6556
1,4,0.25007831,2,4,0.16839126,3,4,0.15619307,-4482.6005,11.493253,-1.0694883,-4470.0378
1,4,0.29720358,2,4,0.17377781,3,4,0.12865676,-4483.0918,11.992763,-1.6275032,-4469.4715
1,4,0.31275962,2,4,0.1903935,3,4,0.1357187,-4485.0249,12.777436,-3.9827365,-4468.2647
1,4,0.26065171,2,4,0.19155713,3,4,0.15165766,-4483.4579,12.07733,-2.1418449,-4469.2387
1,4,0.30051943,2,4,0.15919773,3,4,0.14998032,-4482.5598,12.19395,-1.1415581,-4469.2243
1,4,0.27752143,2,4,0.18720204,3,4,0.12925077,-4483.1115,11.879485,-1.6650635,-4469.567
1,4,0.26117911,2,4,0.14239998,3,4,0.14980133,-4483.1715,11.067608,-1.5293123,-4470.5746
1,4,0.26105091,2,4,0.17548035,3,4,0.14750958,-4481.9875,11.680817,-0.49735058,-4469.8093
1,4,0.26766817,2,4,0.16140669,3,4,0.14041634,-4481.7353,11.389824,-0.23661243,-4470.1089
1,4,0.28697474,2,4,0.20111955,3,4,0.10827743,-4487.5926,11.927434,-6.0267434,-4469.6384
1,4,0.24668344,2,4,0.17128922,3,4,0.15657156,-4482.9614,11.490884,-1.4149722,-4470.0556
1,4,0.28469126,2,4,0.15732129,3,4,0.12901308,-4482.8201,11.420513,-1.2377387,-4470.1619
1,4,0.2845344,2,4,0.17483913,3,4,0.11597643,-4484.3625,11.506999,-2.5884612,-4470.267
1,4,0.23577066,2,4,0.16580928,3,4,0.15966972,-4484.1806,11.224993,-2.4776177,-4470.478
1,4,0.29855045,2,4,0.1735696,3,4,0.14607172,-4482.5498,12.363836,-1.1284788,-4469.0575
1,4,0.24376755,2,4,0.16591605,3,4,0.16302683,-4483.5078,11.454209,-1.9483922,-4470.1052
1,4,0.28121068,2,4,0.15751648,3,4,0.1316977,-4482.4557,11.408497,-0.90365583,-4470.1436
1,4,0.30332157,2,4,0.16178884,3,4,0.15529751,-4482.9281,12.408158,-1.554106,-4468.9658
1,4,0.27631319,2,4,0.15568533,3,4,0.15228838,-4481.756,11.685738,-0.2593884,-4469.8108
1,4,0.28118313,2,4,0.21539616,3,4,0.15159694,-4487.2481,12.963524,-6.8943242,-4467.3902
1,4,0.30179358,2,4,0.18479003,3,4,0.14261736,-4483.496,12.584019,-2.1905422,-4468.7214
1,4,0.25729138,2,4,0.17659182,3,4,0.13465556,-4482.5479,11.370775,-1.007048,-4470.1701
1,4,0.28093804,2,4,0.17101839,3,4,0.14458447,-4481.6557,11.930818,-0.1673281,-4469.5576
1,4,0.28293383,2,4,0.13698325,3,4,0.16105299,-4483.8464,11.619401,-2.2175409,-4470.0094
1,4,0.26751271,2,4,0.13313779,3,4,0.16084984,-4484.5165,11.230007,-2.701689,-4470.5848
1,4,0.28559951,2,4,0.15303659,3,4,0.12747735,-4483.3529,11.322269,-1.712161,-4470.3184
1,4,0.24095306,2,4,0.17378148,3,4,0.16072445,-4483.8409,11.50918,-2.2739501,-4470.0577
1,4,0.2647638,2,4,0.16247992,3,4,0.14947085,-4481.6488,11.534292,-0.15245705,-4469.9621
1,4,0.28418466,2,4,0.17499883,3,4,0.12743253,-4482.7053,11.73232,-1.1714976,-4469.8015
1,4,0.2843619,2,4,0.17598618,3,4,0.13259633,-4482.3065,11.858888,-0.81688241,-4469.6307
1,4,0.27577896,2,4,0.16950374,3,4,0.13426364,-4481.9189,11.590927,-0.40821096,-4469.9197
1,4,0.25440367,2,4,0.14843054,3,4,0.14745264,-4482.9043,11.005737,-1.3127672,-4470.5858
1,4,0.26757206,2,4,0.18662774,3,4,0.13438168,-4482.7975,11.77163,-1.3488064,-4469.6771
1,4,0.29758208,2,4,0.16151168,3,4,0.14978721,-4482.325,12.177619,-0.8859065,-4469.2615
1,4,0.30901209,2,4,0.18361327,3,4,0.13413931,-4484.1106,12.535294,-2.888031,-4468.6872
1,4,0.27013425,2,4,0.15238354,3,4,0.14017599,-4482.1672,11.253875,-0.64111659,-4470.2722
1,4,0.27982664,2,4,0.17375439,3,4,0.10922612,-4485.7937,11.256143,-3.6828838,-4470.8547
1,4,0.27991256,2,4,0.16242843,3,4,0.14990233,-4481.586,11.844866,-0.094976206,-4469.6462
1,4,0.28885994,2,4,0.1717196,3,4,0.16737201,-4483.2656,12.559031,-1.919455,-4468.7871
1,4,0.27225541,2,4,0.15812533,3,4,0.14707484,-4481.6188,11.549112,-0.12265699,-4469.947
1,4,0.32032042,2,4,0.17132546,3,4,0.15048097,-4484.6036,12.842537,-3.4993277,-4468.2617
1,4,0.28019064,2,4,0.17469814,3,4,0.13105067,-4482.2917,11.718789,-0.77855339,-4469.7944
1,4,0.25561275,2,4,0.12468294,3,4,0.16689455,-4487.1675,10.943805,-4.8892407,-4471.3344
1,4,0.27933235,2,4,0.13898634,3,4,0.1502521,-4483.3146,11.371416,-1.6518439,-4470.2914
1,4,0.26244162,2,4,0.17189799,3,4,0.15459251,-4481.9865,11.778642,-0.50346406,-4469.7044
1,4,0.28633752,2,4,0.17789539,3,4,0.16553352,-4483.3676,12.595329,-2.0213889,-4468.7509
1,4,0.29907803,2,4,0.16111285,3,4,0.1411141,-4482.459,12.0261,-1.0170526,-4469.4158
1,4,0.25060514,2,4,0.18700184,3,4,0.14905568,-4483.3988,11.733253,-1.9554797,-4469.71
1,4,0.26529386,2,4,0.1703557,3,4,0.13224405,-4482.2306,11.357872,-0.69431311,-4470.1784
1,4,0.24982578,2,4,0.17168943,3,4,0.14445754,-4482.5002,11.319455,-0.9480119,-4470.2328
1,4,0.27987695,2,4,0.17234436,3,4,0.16845254,-4483.0875,12.413477,-1.740019,-4468.934
1,4,0.27755031,2,4,0.17741497,3,4,0.12878487,-4482.5565,11.675003,-1.0293668,-4469.8521
1,4,0.30935285,2,4,0.15743531,3,4,0.15861256,-4483.6638,12.508015,-2.3899503,-4468.7659
1,4,0.25391325,2,4,0.1356595,3,4,0.15713236,-4484.6525,10.934102,-2.8004101,-4470.918
1,4,0.27786645,2,4,0.17839911,3,4,0.12661406,-4482.8151,11.657592,-1.2697164,-4469.8878
1,4,0.24843281,2,4,0.16131204,3,4,0.15461454,-4482.6651,11.287188,-1.1005452,-4470.2773
1,4,0.26233409,2,4,0.16465681,3,4,0.12947521,-4482.6541,11.129322,-1.0778904,-4470.4469
1,4,0.28710161,2,4,0.16868398,3,4,0.13333765,-4482.1788,11.782465,-0.67777186,-4469.7186
1,4,0.27749722,2,4,0.1791646,3,4,0.13241673,-4482.3442,11.781571,-0.85284399,-4469.7097
1,4,0.29440751,2,4,0.16649545,3,4,0.15218971,-4482.2245,12.261853,-0.77183311,-4469.1908
1,4,0.28494719,2,4,0.16126949,3,4,0.16526686,-4482.5724,12.229671,-1.165842,-4469.1769
1,4,0.26534551,2,4,0.14692289,3,4,0.1530311,-4482.4996,11.30599,-0.93843687,-4470.2552
1,4,0.25671662,2,4,0.14351716,3,4,0.14366257,-4483.4453,10.877927,-1.7940231,-4470.7734
1,4,0.28983524,2,4,0.14989406,3,4,0.12218353,-4484.6145,11.238257,-2.8099211,-4470.5663
1,4,0.29611665,2,4,0.1620404,3,4,0.14300191,-4482.2159,12.023179,-0.76053998,-4469.4322
1,4,0.28240959,2,4,0.17173186,3,4,0.14390099,-4481.713,11.960849,-0.22702036,-4469.5251
1,4,0.27044453,2,4,0.17997718,3,4,0.14166942,-4482.0285,11.841823,-0.55936254,-4469.6273
1,4,0.27069356,2,4,0.1560678,3,4,0.13535295,-4482.2204,11.242286,-0.6908347,-4470.2873
1,4,0.24439423,2,4,0.17708971,3,4,0.12955672,-4484.0345,11.020813,-2.314609,-4470.699
1,4,0.27634495,2,4,0.14967138,3,4,0.15219714,-4482.1116,11.564269,-0.59000714,-4469.9573
1,4,0.24507915,2,4,0.15558419,3,4,0.13203133,-4484.0824,10.653893,-2.3905287,-4471.0379
1,4,0.24878569,2,4,0.15922507,3,4,0.14563185,-4482.6413,11.072852,-1.0715778,-4470.4969
1,4,0.25760664,2,4,0.18905516,3,4,0.14908461,-4483.204,11.914928,-1.8217802,-4469.4673
1,4,0.30778929,2,4,0.17954961,3,4,0.15187347,-4483.858,12.784247,-2.5736618,-4468.5001
1,4,0.26248501,2,4,0.18467081,3,4,0.14287265,-4482.5282,11.800569,-1.0824748,-4469.6451
1,4,0.25969405,2,4,0.17302325,3,4,0.14254507,-4481.9672,11.505248,-0.46186773,-4470
1,4,0.26752404,2,4,0.17888602,3,4,0.14692381,-4481.9971,11.866677,-0.5271839,-4469.6033
1,4,0.27203134,2,4,0.15742223,3,4,0.13746345,-4481.9757,11.33834,-0.46258038,-4470.1748
1,4,0.29352051,2,4,0.17345559,3,4,0.14674497,-4482.2449,12.274421,-0.7928359,-4469.1777
1,4,0.25443541,2,4,0.18778188,3,4,0.12492914,-4484.2915,11.342929,-2.6550089,-4470.2936
1,4,0.30278151,2,4,0.154226,3,4,0.14354074,-4482.9161,12.010965,-1.4898301,-4469.4153
1,4,0.25557024,2,4,0.16719343,3,4,0.15790606,-4482.315,11.613394,-0.81644064,-4469.8852
1,4,0.31098112,2,4,0.18790236,3,4,0.13126831,-4484.7647,12.603036,-3.6404347,-4468.5212
1,4,0.24503409,2,4,0.15962674,3,4,0.14334556,-4483.0352,10.960128,-1.4253217,-4470.6497
1,4,0.27570289,2,4,0.16257351,3,4,0.16058494,-4481.9969,11.977227,-0.53383333,-4469.4859
1,4,0.29640945,2,4,0.16891211,3,4,0.14691879,-4482.2618,12.244807,-0.81608883,-4469.2009
1,4,0.26148433,2,4,0.15847006,3,4,0.12987032,-4482.8984,10.996494,-1.3118938,-4470.59
1,4,0.28023553,2,4,0.17083586,3,4,0.15868665,-4482.1234,12.195161,-0.66155965,-4469.2667
1,4,0.2661593,2,4,0.17598132,3,4,0.14137139,-4481.8858,11.67024,-0.39628752,-4469.8193
1,4,0.27899219,2,4,0.16623884,3,4,0.1619731,-4482.1937,12.144083,-0.74668136,-4469.303
1,4,0.29829697,2,4,0.17378843,3,4,0.15297812,-4482.7686,12.50127,-1.3541499,-4468.9132
1,4,0.26087053,2,4,0.17362547,3,4,0.14687282,-4481.9091,11.627376,-0.41335271,-4469.8684
1,4,0.2929118,2,4,0.13873314,3,4,0.15526068,-4483.7541,11.738112,-2.1685331,-4469.8475
1,4,0.25844761,2,4,0.16657608,3,4,0.16039737,-4482.3163,11.708421,-0.8381907,-4469.7697
1,4,0.27498762,2,4,0.17466062,3,4,0.13829943,-4481.827,11.758953,-0.33681698,-4469.7312
1,4,0.26126431,2,4,0.16273214,3,4,0.15748609,-4482.0067,11.629651,-0.51520216,-4469.8619
1,4,0.31402269,2,4,0.17589329,3,4,0.14525013,-4483.983,12.703322,-2.7640932,-4468.5156
1,4,0.2698545,2,4,0.16475046,3,4,0.14392854,-4481.5414,11.57067,-0.048090456,-4469.9226
1,4,0.26768028,2,4,0.1514635,3,4,0.15075129,-4482.0383,11.397901,-0.51734178,-4470.1231
1,4,0.23088364,2,4,0.18241112,3,4,0.13513122,-4485.5486,10.96852,-3.6364063,-4470.9437
1,4,0.25789178,2,4,0.18356648,3,4,0.14658665,-4482.6303,11.760898,-1.1741763,-4469.6952
1,4,0.28862403,2,4,0.18879924,3,4,0.14866011,-4483.2376,12.521668,-1.9012346,-4468.8147
1,4,0.27489715,2,4,0.17671522,3,4,0.16619546,-4483.0285,12.356157,-1.6691879,-4469.0032
1,4,0.27140469,2,4,0.18249724,3,4,0.14261467,-4482.1879,11.930332,-0.73716805,-4469.5204
1,4,0.25538777,2,4,0.18386376,3,4,0.13361808,-4483.1269,11.457392,-1.5943091,-4470.0752
1,4,0.27669128,2,4,0.15393257,3,4,0.1392246,-4482.0633,11.396969,-0.54301082,-4470.1233
1,4,0.2911371,2,4,0.15500444,3,4,0.13550098,-4482.5693,11.63285,-1.0481646,-4469.8883
1,4,0.28882377,2,4,0.18014614,3,4,0.14203895,-4482.3571,12.220177,-0.91915172,-4469.2177
1,4,0.28898058,2,4,0.15788709,3,4,0.14564122,-4481.9291,11.850178,-0.44500302,-4469.6339
1,4,0.25858106,2,4,0.1619844,3,4,0.14865838,-4481.8867,11.384477,-0.37756212,-4470.1247
1,4,0.29036586,2,4,0.1917264,3,4,0.15199936,-4483.8293,12.681832,-2.5663632,-4468.5811
1,4,0.28797069,2,4,0.16423859,3,4,0.15406529,-4481.9501,12.125492,-0.4770002,-4469.3476
1,4,0.28571231,2,4,0.15014008,3,4,0.12511301,-4483.9825,11.219308,-2.2561539,-4470.5071
1,4,0.28626702,2,4,0.1614417,3,4,0.16444532,-4482.5479,12.243081,-1.1362179,-4469.1686
1,4,0.26586796,2,4,0.11680626,3,4,0.19199864,-4491.2096,11.493457,-9.2373201,-4470.4789
1,4,0.29619935,2,4,0.15658857,3,4,0.12387358,-4483.9871,11.53323,-2.3375017,-4470.1164
1,4,0.28921377,2,4,0.1655174,3,4,0.13272178,-4482.3097,11.749059,-0.80344552,-4469.7572
1,4,0.25746183,2,4,0.20075857,3,4,0.13544706,-4484.6782,11.873349,-3.4387287,-4469.3661
1,4,0.25744339,2,4,0.14162003,3,4,0.16422457,-4483.8356,11.26576,-2.1881307,-4470.3818
1,4,0.28448587,2,4,0.17414662,3,4,0.15065069,-4481.9752,12.185664,-0.49947332,-4469.29
1,4,0.2805074,2,4,0.1465238,3,4,0.15667641,-4482.5227,11.674152,-0.99671169,-4469.8519
1,4,0.26065955,2,4,0.15389111,3,4,0.16395009,-4482.6482,11.570015,-1.1576066,-4469.9206
1,4,0.28658964,2,4,0.15217174,3,4,0.150036,-4482.1121,11.775948,-0.61440078,-4469.7218
1,4,0.31080324,2,4,0.18567417,3,4,0.14041469,-4484.3368,12.737842,-3.1677534,-4468.4312
1,4,0.25927978,2,4,0.16094316,3,4,0.15340476,-4481.9469,11.472554,-0.44009312,-4470.0343
1,4,0.28829738,2,4,0.15085585,3,4,0.13640008,-4482.7074,11.511066,-1.1567919,-4470.0395
1,4,0.2847833,2,4,0.14149971,3,4,0.13190021,-4484.1753,11.163664,-2.4198198,-4470.5919
1,4,0.31386193,2,4,0.15558792,3,4,0.12969167,-4484.6366,11.98283,-3.2454078,-4469.4084
1,4,0.28471001,2,4,0.15683208,3,4,0.14030886,-4481.9649,11.637019,-0.4623239,-4469.8656
1,4,0.27927563,2,4,0.14170631,3,4,0.15102133,-4482.9364,11.440065,-1.3278581,-4470.1685
1,4,0.27235517,2,4,0.1648826,3,4,0.12832118,-4482.5071,11.311179,-0.93490128,-4470.261
1,4,0.28406032,2,4,0.17004783,3,4,0.17013774,-4483.2915,12.484918,-1.9728209,-4468.8338
1,4,0.26738588,2,4,0.14747635,3,4,0.14266604,-4482.5504,11.150565,-0.98702978,-4470.4129
1,4,0.28141824,2,4,0.16602597,3,4,0.13994506,-4481.6792,11.747785,-0.18575483,-4469.7457
1,4,0.29657089,2,4,0.15786463,3,4,0.15507941,-4482.4817,12.190299,-1.0513125,-4469.2401
1,4,0.2851049,2,4,0.14150687,3,4,0.14421494,-4483.2085,11.416534,-1.5783891,-4470.2135
1,4,0.28015392,2,4,0.14148418,3,4,0.13986791,-4483.3585,11.23012,-1.6946933,-4470.4337
1,4,0.2689957,2,4,0.12699812,3,4,0.17191665,-4486.325,11.358209,-4.4011245,-4470.5656
1,4,0.28272226,2,4,0.15533311,3,4,0.16524705,-4482.5731,12.066048,-1.1540806,-4469.353
1,4,0.30019198,2,4,0.18635699,3,4,0.1446595,-4483.554,12.624169,-2.2527551,-4468.677
1,4,0.29050595,2,4,0.15448801,3,4,0.13774931,-4482.4263,11.654865,-0.91403956,-4469.8574
1,4,0.2819324,2,4,0.11548828,3,4,0.16795978,-4488.9009,11.307609,-6.3337149,-4471.2596
1,4,0.25787001,2,4,0.14337354,3,4,0.15434887,-4483.224,11.111848,-1.5846411,-4470.5275
1,4,0.26477886,2,4,0.16125715,3,4,0.15376892,-4481.7552,11.596098,-0.2601693,-4469.8989
1,4,0.27665704,2,4,0.13989054,3,4,0.15092184,-4483.1651,11.349388,-1.5179388,-4470.2978
1,4,0.25798576,2,4,0.1750164,3,4,0.13502471,-4482.4292,11.360537,-0.89185977,-4470.1768
1,4,0.27695663,2,4,0.17067031,3,4,0.15184015,-4481.7003,11.989342,-0.21290753,-4469.498
1,4,0.23569356,2,4,0.15445476,3,4,0.1314605,-4485.4109,10.432176,-3.5357094,-4471.443
1,4,0.27227548,2,4,0.16413032,3,4,0.12277445,-4483.2813,11.183605,-1.6054677,-4470.4922
1,4,0.28954317,2,4,0.1444426,3,4,0.13932708,-4483.2227,11.466257,-1.6192151,-4470.1373
1,4,0.32253555,2,4,0.14676767,3,4,0.12816867,-4486.538,11.949438,-5.1468896,-4469.4417
1,4,0.27863728,2,4,0.1933978,3,4,0.1267816,-4483.8995,11.976334,-2.5289329,-4469.3942
1,4,0.26119785,2,4,0.20484353,3,4,0.13932375,-4485.0166,12.107303,-3.9632784,-4468.946
1,4,0.27821933,2,4,0.15372193,3,4,0.14735733,-4481.8353,11.585972,-0.32972424,-4469.9196
1,4,0.24930189,2,4,0.18442733,3,4,0.13043928,-4483.8599,11.28337,-2.2394211,-4470.3371
1,4,0.26949483,2,4,0.1569014,3,4,0.1693896,-4482.8052,11.915717,-1.41015,-4469.4793
1,4,0.26824019,2,4,0.16019783,3,4,0.12904405,-4482.6627,11.149641,-1.0842692,-4470.4288
1,4,0.30197376,2,4,0.15396944,3,4,0.14474593,-4482.8481,12.013783,-1.418058,-4469.4162
1,4,0.29803996,2,4,0.16397543,3,4,0.14994607,-4482.3527,12.239229,-0.91708928,-4469.1964
1,4,0.26522157,2,4,0.16814745,3,4,0.14407636,-4481.6416,11.548907,-0.14560801,-4469.947
1,4,0.26027217,2,4,0.17145169,3,4,0.16647244,-4482.9031,11.963926,-1.5057152,-4469.4335
1,4,0.29210763,2,4,0.15248408,3,4,0.17257015,-4483.7617,12.343237,-2.5044547,-4468.914
1,4,0.31223393,2,4,0.16043861,3,4,0.1320019,-4484.0217,12.093489,-2.6701236,-4469.2581
1,4,0.2805743,2,4,0.17471164,3,4,0.13504623,-4482.0298,11.806643,-0.53759455,-4469.6855
1,4,0.23732561,2,4,0.15466251,3,4,0.16804401,-4484.8252,11.200643,-3.1250464,-4470.4995
1,4,0.26681463,2,4,0.15681262,3,4,0.13792994,-4482.0753,11.231144,-0.55998713,-4470.2841
1,4,0.27409583,2,4,0.19324976,3,4,0.13178367,-4483.5031,11.982585,-2.152178,-4469.3683
1,4,0.2457469,2,4,0.16925066,3,4,0.1394486,-4482.9739,11.088923,-1.3664629,-4470.5185
1,4,0.26543881,2,4,0.17652064,3,4,0.12664405,-4482.9093,11.37207,-1.318134,-4470.2191
1,4,0.27059099,2,4,0.17672858,3,4,0.11572959,-4484.4624,11.260983,-2.6203202,-4470.5811
1,4,0.29201908,2,4,0.15597308,3,4,0.152651,-4482.1979,12.012863,-0.73323849,-4469.4518
1,4,0.27517246,2,4,0.16763876,3,4,0.15097343,-4481.5797,11.875693,-0.088695232,-4469.6154
1,4,0.24734072,2,4,0.18902708,3,4,0.15259564,-4483.9611,11.779269,-2.5491319,-4469.6327
1,4,0.25263777,2,4,0.16107278,3,4,0.17614662,-4484.1392,11.797144,-2.8191262,-4469.523
1,4,0.27712229,2,4,0.16300953,3,4,0.13642215,-4481.8259,11.531079,-0.31946136,-4469.9754
1,4,0.26562635,2,4,0.16894125,3,4,0.14213916,-4481.6766,11.534135,-0.17967736,-4469.9628
1,4,0.27583155,2,4,0.13911775,3,4,0.1684741,-4483.9481,11.668468,-2.4042377,-4469.8754
1,4,0.29891311,2,4,0.17216762,3,4,0.14546984,-4482.5091,12.331011,-1.0861266,-4469.0919
1,4,0.29582424,2,4,0.17181651,3,4,0.14764965,-4482.3285,12.305808,-0.88457621,-4469.1382
1,4,0.26264146,2,4,0.15420055,3,4,0.1568931,-4482.1587,11.474702,-0.64720257,-4470.0368
1,4,0.26895958,2,4,0.17672279,3,4,0.12964466,-4482.5111,11.506541,-0.96971867,-4470.0349
1,4,0.27108397,2,4,0.13514635,3,4,0.13898058,-4484.5352,10.904218,-2.6833883,-4470.9476
1,4,0.27617722,2,4,0.17052667,3,4,0.15032315,-4481.6407,11.940541,-0.151286,-4469.5488
1,4,0.2669078,2,4,0.16105991,3,4,0.13618729,-4481.9977,11.2831,-0.48404285,-4470.2305
1,4,0.28991865,2,4,0.16295597,3,4,0.1251074,-4483.1925,11.55964,-1.5919442,-4470.0409
1,4,0.26289769,2,4,0.14260684,3,4,0.15621635,-4483.1123,11.234418,-1.4880324,-4470.3898
1,4,0.29290621,2,4,0.15285999,3,4,0.15555198,-4482.4691,12.026364,-1.0139046,-4469.4289
1,4,0.28313844,2,4,0.16641727,3,4,0.1757512,-4483.8272,12.506138,-2.6231106,-4468.698
1,4,0.25680646,2,4,0.18001816,3,4,0.13342508,-4482.8182,11.404994,-1.2743103,-4470.1389
1,4,0.29660689,2,4,0.15205447,3,4,0.15510692,-4482.701,12.075366,-1.2634053,-4469.3622
1,4,0.27157393,2,4,0.15420228,3,4,0.12445869,-4483.6309,11.004698,-1.9338556,-4470.6924
1,4,0.26719921,2,4,0.16783599,3,4,0.14617411,-4481.5759,11.624186,-0.082191476,-4469.8696
1,4,0.2580283,2,4,0.16211171,3,4,0.14905247,-4481.9136,11.383849,-0.40282826,-4470.1269
1,4,0.29292376,2,4,0.12212036,3,4,0.1491503,-4487.1732,11.283888,-4.8784915,-4471.0109
1,4,0.24821066,2,4,0.16832241,3,4,0.14309895,-4482.6076,11.19264,-1.0372633,-4470.3777
1,4,0.29981418,2,4,0.17081786,3,4,0.14471682,-4482.5194,12.306977,-1.0999325,-4469.1125
1,4,0.21907378,2,4,0.16920804,3,4,0.14780761,-4486.6948,10.721789,-4.4426297,-4471.5303
1,4,0.27261615,2,4,0.18603672,3,4,0.1477404,-4482.5415,12.127865,-1.1352357,-4469.2784
1,4,0.27336135,2,4,0.15586086,3,4,0.12931391,-4482.7999,11.170722,-1.208503,-4470.4207
1,4,0.27938454,2,4,0.15308664,3,4,0.16393158,-4482.4743,11.928055,-1.0274644,-4469.5188
1,4,0.28086767,2,4,0.14308714,3,4,0.1741539,-4484.1126,11.962174,-2.7553517,-4469.3951
1,4,0.26199399,2,4,0.15309736,3,4,0.15406312,-4482.1527,11.383089,-0.63069825,-4470.1389
1,4,0.28271136,2,4,0.1919604,3,4,0.16805408,-4485.0363,12.854517,-3.9610001,-4468.2208
1,4,0.2705014,2,4,0.18179096,3,4,0.14580277,-4482.1503,11.961903,-0.69840169,-4469.49
1,4,0.28723716,2,4,0.18222676,3,4,0.14715435,-4482.5027,12.332366,-1.076704,-4469.0937
1,4,0.27321916,2,4,0.17669336,3,4,0.12601865,-4482.8264,11.518623,-1.2516213,-4470.0561
1,4,0.29797662,2,4,0.16650416,3,4,0.14128784,-4482.343,12.115373,-0.90210313,-4469.3255
1,4,0.26045787,2,4,0.18735362,3,4,0.12729512,-4483.64,11.502132,-2.0930397,-4470.0448
1,4,0.29256075,2,4,0.15666417,3,4,0.11156471,-4486.2729,11.215793,-4.1447857,-4470.9123
1,4,0.32327558,2,4,0.16160089,3,4,0.1693631,-4486.1435,13.084791,-5.3317261,-4467.727
1,4,0.2847753,2,4,0.18701826,3,4,0.15091804,-4482.9895,12.454232,-1.6193916,-4468.9159
1,4,0.27207391,2,4,0.16846273,3,4,0.13971279,-4481.6374,11.604989,-0.14124256,-4469.8912
1,4,0.24792612,2,4,0.15332736,3,4,0.13501907,-4483.6703,10.725451,-2.0296151,-4470.9152
1,4,0.25377226,2,4,0.14430126,3,4,0.14130768,-4483.6696,10.787624,-2.0070913,-4470.8748
1,4,0.23080451,2,4,0.15405711,3,4,0.1386942,-4485.4796,10.471116,-3.5477788,-4471.4607
1,4,0.22369075,2,4,0.15710684,3,4,0.16462523,-4486.5268,10.908457,-4.4480276,-4471.1703
1,4,0.25088233,2,4,0.13991971,3,4,0.14318391,-4484.4291,10.679719,-2.6544839,-4471.0949
1,4,0.27238826,2,4,0.1756665,3,4,0.12556554,-4482.8581,11.472406,-1.2703064,-4470.1154
1,4,0.28142254,2,4,0.17990619,3,4,0.13263008,-4482.421,11.879176,-0.9441733,-4469.5977
1,4,0.29489747,2,4,0.16932417,3,4,0.14170137,-4482.1862,12.11846,-0.73221917,-4469.3355
1,4,0.29195616,2,4,0.1659463,3,4,0.13191871,-4482.4833,11.796423,-0.98195957,-4469.7049
1,4,0.33732367,2,4,0.15958528,3,4,0.14898381,-4486.6238,12.917855,-6.0204857,-4467.6854
1,4,0.28593785,2,4,0.16311953,3,4,0.13714525,-4481.9436,11.724053,-0.44627276,-4469.7733
1,4,0.26985342,2,4,0.19395112,3,4,0.11552231,-4485.4934,11.586537,-3.8278207,-4470.079
1,4,0.2501775,2,4,0.19940816,3,4,0.17345267,-4487.0845,12.460766,-6.4056737,-4468.2181
1,4,0.28382446,2,4,0.1828211,3,4,0.13559222,-4482.5073,12.044756,-1.0689707,-4469.3936
1,4,0.26211442,2,4,0.17411185,3,4,0.13267183,-4482.3767,11.377962,-0.83790919,-4470.1608
1,4,0.28113902,2,4,0.14787456,3,4,0.17054435,-4483.3692,11.991159,-1.9877601,-4469.3903
1,4,0.27210175,2,4,0.17716555,3,4,0.13751668,-4481.9696,11.73568,-0.48211521,-4469.7518
1,4,0.2625809,2,4,0.16703894,3,4,0.14760436,-4481.6947,11.544484,-0.19658241,-4469.9537
1,4,0.28446752,2,4,0.15415236,3,4,0.13945357,-4482.15,11.561469,-0.63393005,-4469.9546
1,4,0.25937169,2,4,0.17137659,3,4,0.16009272,-4482.3917,11.81682,-0.9286839,-4469.6461
1,4,0.28508551,2,4,0.16322391,3,4,0.15191671,-4481.7614,12.004523,-0.2777431,-4469.4791
1,4,0.3028292,2,4,0.14313265,3,4,0.14391936,-4483.8744,11.797624,-2.3527725,-4469.724
1,4,0.27993224,2,4,0.17995807,3,4,0.12121528,-4483.5676,11.622112,-1.9506682,-4469.9948
1,4,0.24153589,2,4,0.15454105,3,4,0.14329813,-4483.691,10.787502,-2.0129787,-4470.8905
1,4,0.2616517,2,4,0.15597159,3,4,0.16902606,-4482.9675,11.732987,-1.5401203,-4469.6944
1,4,0.27839173,2,4,0.16365578,3,4,0.1279989,-4482.5596,11.400928,-0.9855975,-4470.173
1,4,0.2954111,2,4,0.16192036,3,4,0.16343945,-4482.923,12.415418,-1.5453722,-4468.9622
1,4,0.2172009,2,4,0.17934341,3,4,0.13793244,-4487.7351,10.689535,-5.3292809,-4471.7162
1,4,0.26471594,2,4,0.16965474,3,4,0.14667776,-4481.6642,11.620969,-0.16939308,-4469.8739
1,4,0.26210282,2,4,0.16886383,3,4,0.16723062,-4482.8183,11.963945,-1.4211792,-4469.4331
1,4,0.27394038,2,4,0.15620273,3,4,0.14189938,-4481.8036,11.44085,-0.2995714,-4470.0632
1,4,0.26868403,2,4,0.14140331,3,4,0.12979013,-4484.5009,10.797549,-2.7050652,-4470.9983
1,4,0.26735345,2,4,0.14941825,3,4,0.14370145,-4482.3176,11.209463,-0.77598834,-4470.3321
1,4,0.27871891,2,4,0.18111852,3,4,0.13087848,-4482.571,11.814318,-1.0847432,-4469.6719
1,4,0.27066962,2,4,0.18081226,3,4,0.142092,-4482.0764,11.871478,-0.61282928,-4469.5921
1,4,0.25799541,2,4,0.14453884,3,4,0.15394945,-4483.0751,11.129674,-1.4547455,-4470.4907
1,4,0.2748585,2,4,0.1536201,3,4,0.14034741,-4482.0245,11.37652,-0.50649361,-4470.1415
1,4,0.27033621,2,4,0.16030745,3,4,0.13947364,-4481.7625,11.402346,-0.26176481,-4470.0984
1,4,0.29919115,2,4,0.20408625,3,4,0.12363673,-4486.2066,12.538283,-5.3083701,-4468.36
1,4,0.26125578,2,4,0.16333583,3,4,0.14498233,-4481.7678,11.391479,-0.26589827,-4470.1104
1,4,0.22973507,2,4,0.17706523,3,4,0.12383695,-4486.7918,10.612745,-4.5932539,-4471.5858
1,4,0.2896347,2,4,0.16683929,3,4,0.14456387,-4481.8569,12.020757,-0.37974245,-4469.4564
1,4,0.26284986,2,4,0.16178081,3,4,0.11786274,-4484.5629,10.849868,-2.6966741,-4471.0164
1,4,0.30364052,2,4,0.15344474,3,4,0.14484292,-4482.999,12.038564,-1.5817709,-4469.3787
1,4,0.28704908,2,4,0.16040528,3,4,0.15387911,-4481.9144,12.026669,-0.43891645,-4469.4489
1,4,0.2849654,2,4,0.14035931,3,4,0.14934051,-4483.2271,11.493304,-1.601033,-4470.1327
1,4,0.27811932,2,4,0.15141934,3,4,0.13791257,-4482.3418,11.349025,-0.79945328,-4470.1933
1,4,0.26796065,2,4,0.15374432,3,4,0.16137938,-4482.2704,11.661687,-0.78489695,-4469.8238
1,4,0.25850339,2,4,0.12698523,3,4,0.17212149,-4486.7968,11.152202,-4.7469155,-4470.8977
1,4,0.24184661,2,4,0.14767462,3,4,0.15012848,-4484.083,10.792994,-2.3442922,-4470.9457
1,4,0.27757319,2,4,0.15406643,3,4,0.14621433,-4481.8213,11.557079,-0.31573056,-4469.9485
1,4,0.24832764,2,4,0.17219514,3,4,0.12555273,-4484.0303,10.92151,-2.2886116,-4470.8201
1,4,0.27437228,2,4,0.15223079,3,4,0.15703426,-4482.0688,11.672747,-0.56932425,-4469.8267
1,4,0.2695219,2,4,0.13263472,3,4,0.1424547,-4484.8094,10.892226,-2.8917021,-4471.0255
1,4,0.29409957,2,4,0.16233524,3,4,0.13783459,-4482.2637,11.885388,-0.78967315,-4469.5887
1,4,0.25419372,2,4,0.17573218,3,4,0.14149685,-4482.3855,11.428455,-0.85939244,-4470.0977
1,4,0.26710762,2,4,0.17868266,3,4,0.1034623,-4487.673,10.985052,-5.1062961,-4471.5817
1,4,0.24595375,2,4,0.15480232,3,4,0.16351582,-4483.5382,11.285438,-1.9426132,-4470.3102
1,4,0.27519467,2,4,0.1593741,3,4,0.15753305,-4481.8319,11.842036,-0.35126446,-4469.6386
1,4,0.26531759,2,4,0.15110285,3,4,0.14610747,-4482.1611,11.250558,-0.63264772,-4470.2779
1,4,0.25448396,2,4,0.16951069,3,4,0.13118625,-4482.8578,11.103618,-1.2656098,-4470.4885
1,4,0.27298576,2,4,0.17902744,3,4,0.1367217,-4482.0931,11.774698,-0.6117275,-4469.7067
1,4,0.24958301,2,4,0.17447715,3,4,0.12433783,-4484.1153,10.96796,-2.3615958,-4470.7858
1,4,0.28271942,2,4,0.1508826,3,4,0.14005096,-4482.3209,11.47306,-0.785837,-4470.062
1,4,0.2303286,2,4,0.16058188,3,4,0.15909815,-4484.9734,11.000173,-3.1117849,-4470.8615
1,4,0.25664162,2,4,0.18404044,3,4,0.16923485,-4484.2557,12.198338,-3.0345375,-4469.0228
1,4,0.24526837,2,4,0.17858072,3,4,0.14732169,-4483.1595,11.423415,-1.5930216,-4470.1431
1,4,0.20986627,2,4,0.16728827,3,4,0.1360373,-4489.4468,10.263837,-6.5695226,-4472.6134
1,4,0.28925239,2,4,0.18676754,3,4,0.13499964,-4483.03,12.220391,-1.6555416,-4469.154
1,4,0.28948181,2,4,0.17950284,3,4,0.1448549,-4482.3539,12.276791,-0.91343277,-4469.1636
1,4,0.29012192,2,4,0.17359846,3,4,0.14922669,-4482.1321,12.258941,-0.66735667,-4469.2058
1,4,0.28954079,2,4,0.17253412,3,4,0.14817713,-4482.0318,12.205041,-0.56177904,-4469.265
1,4,0.28413228,2,4,0.16769431,3,4,0.13030859,-4482.3389,11.642704,-0.80852652,-4469.8876
1,4,0.29453785,2,4,0.16225551,3,4,0.15509506,-4482.3149,12.237768,-0.87181967,-4469.2053
1,4,0.28392174,2,4,0.18340133,3,4,0.14535799,-4482.4419,12.253621,-1.0172726,-4469.171
1,4,0.29189597,2,4,0.15710877,3,4,0.1693637,-4483.297,12.367369,-1.9806341,-4468.949
1,4,0.25519779,2,4,0.14408466,3,4,0.15041036,-4483.2882,10.993856,-1.642934,-4470.6514
1,4,0.29784467,2,4,0.1312805,3,4,0.1465457,-4485.3528,11.513417,-3.5183777,-4470.321
1,4,0.29932668,2,4,0.1481028,3,4,0.16955234,-4484.0697,12.339636,-2.8076315,-4468.9224
1,4,0.29452748,2,4,0.17421155,3,4,0.14813521,-4482.3666,12.337485,-0.92242546,-4469.1067
1,4,0.29112014,2,4,0.16893282,3,4,0.14656325,-4481.9656,12.132324,-0.49502153,-4469.3383
1,4,0.29121622,2,4,0.19912476,3,4,0.13820351,-4484.4419,12.57089,-3.3423881,-4468.5286
1,4,0.27550709,2,4,0.16216852,3,4,0.15558158,-4481.71,11.865144,-0.22513133,-4469.6197
1,4,0.27265229,2,4,0.12540468,3,4,0.15936001,-4485.9742,11.14834,-3.8520143,-4470.9739
1,4,0.25066517,2,4,0.17859615,3,4,0.17405948,-4484.6863,12.066416,-3.4772219,-4469.1427
1,4,0.27724482,2,4,0.15668046,3,4,0.15234269,-4481.7252,11.725359,-0.23115061,-4469.7687
1,4,0.26876739,2,4,0.15986022,3,4,0.16153666,-4482.0901,11.803285,-0.62367016,-4469.6632
1,4,0.26375506,2,4,0.17212008,3,4,0.11976957,-4483.8903,11.112894,-2.1284962,-4470.6489
1,4,0.27681592,2,4,0.14593163,3,4,0.15886577,-4482.6204,11.632266,-1.0899718,-4469.8981
1,4,0.27276721,2,4,0.15577447,3,4,0.15855763,-4481.977,11.741986,-0.49237223,-4469.7426
1,4,0.25375673,2,4,0.1874835,3,4,0.12666122,-4484.1148,11.358029,-2.5025901,-4470.2541
1,4,0.26946089,2,4,0.16808465,3,4,0.15840868,-4481.9318,11.919085,-0.460122,-4469.5526
1,4,0.27711664,2,4,0.1825747,3,4,0.13333643,-4482.4858,11.860555,-1.0200615,-4469.6051
1,4,0.28812896,2,4,0.16451301,3,4,0.17043153,-4483.2856,12.46147,-1.9731187,-4468.851
1,4,0.28329431,2,4,0.19019036,3,4,0.16130592,-4484.0641,12.695812,-2.8267819,-4468.5415
1,4,0.23978618,2,4,0.17329634,3,4,0.14404559,-4483.5236,11.142562,-1.8566043,-4470.5244
1,4,0.27660102,2,4,0.15675279,3,4,0.1564994,-4481.856,11.797064,-0.37003633,-4469.6889
1,4,0.3145758,2,4,0.16783115,3,4,0.14952626,-4483.8127,12.638664,-2.5777563,-4468.5963
1,4,0.31519579,2,4,0.15817072,3,4,0.13016626,-4484.5684,12.070655,-3.227831,-4469.2699
1,4,0.26653672,2,4,0.15505388,3,4,0.17378956,-4483.3764,11.907603,-2.0377488,-4469.4311
1,4,0.26419839,2,4,0.155855,3,4,0.14698584,-4481.8737,11.340785,-0.36669822,-4470.1662
1,4,0.29335886,2,4,0.17289083,3,4,0.17474856,-4484.5233,12.819965,-3.3710128,-4468.3324
1,4,0.25472895,2,4,0.1688074,3,4,0.13227591,-4482.7381,11.116245,-1.1592421,-4470.4626
1,4,0.28340917,2,4,0.17532366,3,4,0.14125534,-4481.9024,11.999763,-0.42612747,-4469.4765
1,4,0.26270129,2,4,0.1756032,3,4,0.12533468,-4483.1456,11.272783,-1.5184391,-4470.3543
1,4,0.26817718,2,4,0.18119902,3,4,0.14116197,-4482.1453,11.810763,-0.67968425,-4469.6548
1,4,0.29293991,2,4,0.19300461,3,4,0.13565065,-4483.8051,12.431903,-2.5611606,-4468.8121
1,4,0.27073237,2,4,0.15604953,3,4,0.12318909,-4483.698,10.99942,-1.9847636,-4470.7138
1,4,0.27136615,2,4,0.14292543,3,4,0.14040536,-4483.1418,11.093939,-1.5055358,-4470.5423
1,4,0.27635257,2,4,0.16386737,3,4,0.14339878,-4481.5337,11.672374,-0.040607491,-4469.8207
1,4,0.30404732,2,4,0.16815734,3,4,0.15601245,-4483.1317,12.564342,-1.7696673,-4468.7977
1,4,0.28202709,2,4,0.16743678,3,4,0.12281239,-4483.1944,11.445525,-1.5509577,-4470.1979
1,4,0.23709694,2,4,0.17246941,3,4,0.17165097,-4485.2081,11.624347,-3.7285939,-4469.8552
1,4,0.2874786,2,4,0.16777948,3,4,0.14675329,-4481.7854,12.040227,-0.30348958,-4469.4417
1,4,0.26500644,2,4,0.14671512,3,4,0.15054783,-4482.5167,11.245388,-0.95059182,-4470.3207
1,4,0.29450836,2,4,0.17315015,3,4,0.15251002,-4482.4691,12.403371,-1.027097,-4469.0386
1,4,0.27516517,2,4,0.15919879,3,4,0.16515081,-4482.362,11.990295,-0.93175763,-4469.4399
1,4,0.27364865,2,4,0.18971933,3,4,0.15124932,-4483.0563,12.292346,-1.7162673,-4469.0477
1,4,0.2484345,2,4,0.16729464,3,4,0.16867642,-4483.6306,11.688111,-2.1859489,-4469.7566
1,4,0.27078682,2,4,0.19652427,3,4,0.13498867,-4483.7467,12.045995,-2.4693068,-4469.2314
1,4,0.25588019,2,4,0.15977851,3,4,0.15145424,-4482.1055,11.342259,-0.58343087,-4470.1798
1,4,0.30727554,2,4,0.17436221,3,4,0.16061108,-4484.0604,12.844977,-2.7893313,-4468.4261
1,4,0.29336104,2,4,0.15595106,3,4,0.14970268,-4482.2097,11.980296,-0.74367528,-4469.4857
1,4,0.28129884,2,4,0.16514738,3,4,0.14770102,-4481.5791,11.882945,-0.088133877,-4469.608
1,4,0.2856074,2,4,0.13988022,3,4,0.1387851,-4483.7736,11.285454,-2.0697248,-4470.4184
1,4,0.23594998,2,4,0.14698917,3,4,0.14778436,-4484.9443,10.61447,-3.0830603,-4471.2468
1,4,0.25891108,2,4,0.16068906,3,4,0.14114827,-4482.0425,11.214968,-0.52897622,-4470.2986
1,4,0.27546696,2,4,0.16718845,3,4,0.12831226,-4482.4486,11.419354,-0.88428092,-4470.145
1,4,0.2773566,2,4,0.15796774,3,4,0.14737534,-4481.6289,11.653994,-0.13336322,-4469.8415
1,4,0.28598378,2,4,0.18339585,3,4,0.15224944,-4482.7512,12.432581,-1.3427439,-4468.9759
1,4,0.27889977,2,4,0.17939751,3,4,0.14658113,-4482.0357,12.097568,-0.57353392,-4469.3646
1,4,0.28268575,2,4,0.1633576,3,4,0.13771039,-4481.8242,11.675075,-0.3251259,-4469.824
1,4,0.29633007,2,4,0.18798857,3,4,0.1271464,-4483.9468,12.229301,-2.6101965,-4469.1073
1,4,0.27835782,2,4,0.16328669,3,4,0.13956326,-4481.6705,11.624155,-0.17344738,-4469.8729
1,4,0.27133834,2,4,0.15458036,3,4,0.14648563,-4481.7958,11.448087,-0.29061222,-4470.0571
1,4,0.26105726,2,4,0.14682314,3,4,0.14167357,-4482.9017,10.991079,-1.3145605,-4470.596
1,4,0.28784787,2,4,0.17325163,3,4,0.1336267,-4482.2597,11.894524,-0.77433789,-4469.5908
1,4,0.2949704,2,4,0.16686358,3,4,0.15996106,-4482.7061,12.435901,-1.2929085,-4468.9773
1,4,0.25635191,2,4,0.15651306,3,4,0.13001505,-4483.2922,10.8576,-1.6783444,-4470.7563
1,4,0.2834256,2,4,0.12960537,3,4,0.1588443,-4485.0519,11.437505,-3.1872174,-4470.4272
1,4,0.31099432,2,4,0.1627588,3,4,0.15709278,-4483.7092,12.616918,-2.44563,-4468.6466
1,4,0.27148982,2,4,0.15361459,3,4,0.16663264,-4482.6286,11.834741,-1.1918244,-4469.6021
1,4,0.28417936,2,4,0.17452358,3,4,0.14285707,-4481.8715,12.0312,-0.39420202,-4469.4461
1,4,0.29035431,2,4,0.16900017,3,4,0.15264261,-4482.0865,12.239942,-0.61883411,-4469.2278
1,4,0.25662952,2,4,0.16642077,3,4,0.15314709,-4482.0442,11.523948,-0.53519393,-4469.985
1,4,0.29159564,2,4,0.1609653,3,4,0.12219661,-4483.7646,11.495151,-2.0965403,-4470.1729
1,4,0.28785088,2,4,0.17419934,3,4,0.12889893,-4482.6475,11.818983,-1.1369481,-4469.6916
1,4,0.27253117,2,4,0.17778382,3,4,0.13570341,-4482.0785,11.720368,-0.58790665,-4469.7702
1,4,0.26297334,2,4,0.17214301,3,4,0.13983363,-4481.8868,11.499,-0.38325281,-4470.0045
1,4,0.26389682,2,4,0.14397067,3,4,0.16664331,-4483.4503,11.490216,-1.9023082,-4470.0577
1,4,0.25928191,2,4,0.15285832,3,4,0.16269162,-4482.6711,11.496637,-1.1608921,-4470.0136
1,4,0.31587212,2,4,0.17825128,3,4,0.11658402,-4486.172,12.214148,-4.8315871,-4469.1262
1,4,0.25535877,2,4,0.15846971,3,4,0.15559615,-4482.2793,11.388493,-0.75422013,-4470.1365
1,4,0.27847659,2,4,0.17404138,3,4,0.12805163,-4482.529,11.611392,-0.98328822,-4469.9343
1,4,0.25667296,2,4,0.1351995,3,4,0.14306476,-4484.833,10.698744,-2.9616092,-4471.1727
1,4,0.25504419,2,4,0.15306715,3,4,0.14593195,-4482.503,11.080866,-0.95337465,-4470.4687
1,4,0.2774347,2,4,0.15468208,3,4,0.15921982,-4482.0727,11.826732,-0.59413282,-4469.6518
1,4,0.26332223,2,4,0.16824891,3,4,0.16165278,-4482.2706,11.864479,-0.81498962,-4469.5911
1,4,0.23625211,2,4,0.19419551,3,4,0.16211447,-4486.2434,11.851242,-4.9520605,-4469.4401
1,4,0.27935688,2,4,0.1697925,3,4,0.15817963,-4482.0293,12.14658,-0.56185272,-4469.3209
1,4,0.28242991,2,4,0.15454332,3,4,0.16875723,-4482.9106,12.114609,-1.5344867,-4469.2616
1,4,0.30546149,2,4,0.16660615,3,4,0.14246446,-4482.8713,12.290642,-1.495195,-4469.0854
1,4,0.28542259,2,4,0.1808535,3,4,0.14890315,-4482.3749,12.303585,-0.93420202,-4469.1371
1,4,0.26962277,2,4,0.1540899,3,4,0.15139146,-4481.8449,11.502083,-0.33877715,-4470.0041
1,4,0.25765606,2,4,0.15228933,3,4,0.12271927,-4484.6734,10.653293,-2.8742736,-4471.1459
1,4,0.24206605,2,4,0.18332634,3,4,0.15770682,-4484.1512,11.661984,-2.6576657,-4469.8316
1,4,0.28146511,2,4,0.15997235,3,4,0.16645557,-4482.5772,12.157861,-1.1747131,-4469.2446
1,4,0.28721828,2,4,0.18870137,3,4,0.14090962,-4483.0159,12.336585,-1.6648349,-4469.0145
1,4,0.25815214,2,4,0.17531991,3,4,0.13594348,-4482.3742,11.388311,-0.84362905,-4470.1423
1,4,0.27227945,2,4,0.16327087,3,4,0.12914478,-4482.4577,11.293902,-0.89267475,-4470.2711
1,4,0.30163498,2,4,0.17807114,3,4,0.13815992,-4483.0261,12.357321,-1.656395,-4469.0124
1,4,0.25467082,2,4,0.15003106,3,4,0.14398029,-4482.8337,10.973643,-1.2581494,-4470.6019
1,4,0.29641244,2,4,0.14429983,3,4,0.14476625,-4483.3004,11.70957,-1.7561003,-4469.8347
1,4,0.26919819,2,4,0.17070644,3,4,0.13020812,-4482.3176,11.402255,-0.77085948,-4470.1445
1,4,0.26791018,2,4,0.17600631,3,4,0.14191361,-4481.8407,11.716602,-0.35403431,-4469.7701
1,4,0.25304204,2,4,0.167305,3,4,0.13805498,-4482.4338,11.16804,-0.88469946,-4470.381
1,4,0.27367874,2,4,0.18967551,3,4,0.15734792,-4483.4332,12.414043,-2.1344576,-4468.8847
1,4,0.26566918,2,4,0.16404352,3,4,0.16537328,-4482.4437,11.90172,-1.0132338,-4469.5288
1,4,0.28644611,2,4,0.16240568,3,4,0.1413463,-4481.8004,11.803962,-0.31175366,-4469.6847
1,4,0.28173118,2,4,0.17143025,3,4,0.12244461,-4483.2185,11.512121,-1.5843091,-4470.1221
1,4,0.27423396,2,4,0.17082604,3,4,0.14972382,-4481.6228,11.895676,-0.13324241,-4469.5939
1,4,0.25759002,2,4,0.16999926,3,4,0.13909931,-4482.1134,11.333772,-0.59130373,-4470.1883
1,4,0.29599018,2,4,0.16433829,3,4,0.13222621,-4482.6838,11.851093,-1.1976556,-4469.635
1,4,0.28529916,2,4,0.1509522,3,4,0.16162315,-4482.5614,11.95749,-1.1055556,-4469.4983
1,4,0.28552925,2,4,0.15816082,3,4,0.13565506,-4482.1844,11.586903,-0.66845105,-4469.929
1,4,0.27100362,2,4,0.16399777,3,4,0.1586951,-4481.8728,11.87393,-0.39814531,-4469.6008
1,4,0.2655472,2,4,0.15084195,3,4,0.15749354,-4482.29,11.477654,-0.76912605,-4470.0432
1,4,0.26251768,2,4,0.14942541,3,4,0.16184628,-4482.7017,11.475788,-1.1760373,-4470.0499
1,4,0.28200756,2,4,0.14895213,3,4,0.13030608,-4483.3287,11.225315,-1.6852365,-4470.4181
1,4,0.26374191,2,4,0.17791483,3,4,0.14502142,-4482.0108,11.733563,-0.52974407,-4469.7475
1,4,0.29409022,2,4,0.17116353,3,4,0.13101616,-4482.6716,11.925398,-1.1916029,-4469.5546
1,4,0.27053772,2,4,0.17234079,3,4,0.13836719,-4481.772,11.624914,-0.27488439,-4469.8722
1,4,0.24992511,2,4,0.16736954,3,4,0.14780191,-4482.4017,11.301931,-0.85207747,-4470.2477
1,4,0.26833956,2,4,0.18542122,3,4,0.15700259,-4482.9475,12.215267,-1.577611,-4469.1546
1,4,0.2514511,2,4,0.14764549,3,4,0.13905893,-4483.5888,10.763111,-1.9506941,-4470.875
1,4,0.29837839,2,4,0.16235685,3,4,0.17006756,-4483.7919,12.616056,-2.5403823,-4468.6355
1,4,0.26955328,2,4,0.15462127,3,4,0.13214653,-4482.6323,11.126422,-1.06732,-4470.4386
1,4,0.28450838,2,4,0.16968135,3,4,0.1413734,-4481.7498,11.911263,-0.26361879,-4469.5749
1,4,0.29691026,2,4,0.16611381,3,4,0.12541805,-4483.3924,11.768842,-1.8472023,-4469.7764
1,4,0.26619072,2,4,0.16963926,3,4,0.16402447,-4482.4478,11.997089,-1.020408,-4469.4303
1,4,0.26670188,2,4,0.16035119,3,4,0.15543985,-4481.7833,11.649858,-0.29196053,-4469.8415
1,4,0.2855121,2,4,0.14323144,3,4,0.13385179,-4483.7176,11.251907,-2.0305429,-4470.4352
1,4,0.26363381,2,4,0.17839072,3,4,0.14717175,-4482.0563,11.783926,-0.58067288,-4469.6917
1,4,0.24588936,2,4,0.15329254,3,4,0.13783373,-4483.6341,10.740312,-1.989817,-4470.9039
1,4,0.30598715,2,4,0.17576413,3,4,0.15978323,-4483.9662,12.83069,-2.6772591,-4468.4583
1,4,0.28324656,2,4,0.16203948,3,4,0.14725082,-4481.6363,11.850737,-0.14669289,-4469.6389
1,4,0.26915243,2,4,0.16975582,3,4,0.13738133,-4481.7871,11.525792,-0.28429312,-4469.977
1,4,0.26276062,2,4,0.16911754,3,4,0.14438461,-4481.7258,11.525255,-0.22692642,-4469.9736
1,4,0.25476612,2,4,0.16665516,3,4,0.13589616,-4482.4546,11.146349,-0.90498855,-4470.4032
1,4,0.28861961,2,4,0.17189772,3,4,0.15722271,-4482.3621,12.354801,-0.90987251,-4469.0974
1,4,0.26281075,2,4,0.15476732,3,4,0.13595813,-4482.4802,11.070724,-0.94031997,-4470.4691
1,4,0.30785755,2,4,0.12662697,3,4,0.1358477,-4487.9052,11.406644,-5.7487339,-4470.7498
1,4,0.27501426,2,4,0.16788719,3,4,0.16426991,-4482.3777,12.143427,-0.95206515,-4469.2822
1,4,0.2720831,2,4,0.15685177,3,4,0.15280965,-4481.7209,11.634891,-0.22492687,-4469.8611
1,4,0.31615678,2,4,0.16700937,3,4,0.13910242,-4483.9406,12.445371,-2.7174378,-4468.7778
1,4,0.27316839,2,4,0.16126883,3,4,0.15999985,-4481.9479,11.888741,-0.47844044,-4469.5807
1,4,0.30441405,2,4,0.16559526,3,4,0.13097933,-4483.3212,12.019773,-1.8943677,-4469.4071
1,4,0.28283255,2,4,0.16288711,3,4,0.14077496,-4481.7077,11.729892,-0.2144115,-4469.7634
1,4,0.2877305,2,4,0.14848112,3,4,0.15114683,-4482.4252,11.747169,-0.91329132,-4469.7648
1,4,0.26766761,2,4,0.16421554,3,4,0.15139539,-4481.6039,11.665571,-0.11116286,-4469.8272
1,4,0.24764241,2,4,0.17602183,3,4,0.15803558,-4483.1684,11.633996,-1.6623636,-4469.8721
1,4,0.28512315,2,4,0.14553484,3,4,0.16203354,-4482.9659,11.853831,-1.4802601,-4469.6318
1,4,0.29474499,2,4,0.1418621,3,4,0.15484302,-4483.4426,11.829002,-1.9154772,-4469.6981
1,4,0.28068355,2,4,0.16256802,3,4,0.16142516,-4482.136,12.093535,-0.68399088,-4469.3585
1,4,0.27828413,2,4,0.14912267,3,4,0.14108158,-4482.3631,11.369768,-0.81598579,-4470.1773
1,4,0.3046542,2,4,0.16004134,3,4,0.1626632,-4483.5211,12.547175,-2.2227795,-4468.7512
1,4,0.27221641,2,4,0.14119007,3,4,0.12309589,-4485.5589,10.730047,-3.5802515,-4471.2486
1,4,0.2974693,2,4,0.19037536,3,4,0.12972371,-4484.0417,12.351367,-2.7721439,-4468.9182
1,4,0.28929392,2,4,0.13708725,3,4,0.16178861,-4484.0469,11.763396,-2.4653861,-4469.8181
1,4,0.28024273,2,4,0.16816414,3,4,0.15375011,-4481.7569,12.04314,-0.27174655,-4469.442
1,4,0.2812351,2,4,0.15540017,3,4,0.15889458,-4482.0896,11.910597,-0.61714761,-4469.5618
1,4,0.25861387,2,4,0.16286845,3,4,0.14198531,-4481.9694,11.269353,-0.45778914,-4470.2423
1,4,0.27649571,2,4,0.17959556,3,4,0.16159352,-4482.8215,12.353696,-1.4277102,-4469.0401
1,4,0.27864383,2,4,0.14107807,3,4,0.16164072,-4483.2742,11.627252,-1.7063077,-4469.9406
1,4,0.25807593,2,4,0.17012786,3,4,0.10837307,-4486.7966,10.731537,-4.4346231,-4471.6305
1,4,0.24214028,2,4,0.19642623,3,4,0.14093615,-4485.1345,11.590053,-3.6920985,-4469.8524
1,4,0.27701756,2,4,0.20081273,3,4,0.14047641,-4484.233,12.366134,-3.1171359,-4468.7498
1,4,0.25245352,2,4,0.15393175,3,4,0.17240072,-4483.8528,11.57572,-2.4031996,-4469.8739
1,4,0.28061745,2,4,0.17142665,3,4,0.15360225,-4481.8631,12.112927,-0.38187053,-4469.3683
1,4,0.23279165,2,4,0.14587532,3,4,0.16020771,-4485.6355,10.777494,-3.6660336,-4471.192
1,4,0.243627,2,4,0.15883196,3,4,0.13978857,-4483.3799,10.844951,-1.7409374,-4470.794
1,4,0.27854495,2,4,0.17536181,3,4,0.1485604,-4481.8282,12.049343,-0.34853095,-4469.4303
1,4,0.26575282,2,4,0.16747705,3,4,0.13670168,-4481.887,11.398631,-0.37745651,-4470.1109
1,4,0.2689018,2,4,0.16281876,3,4,0.15008182,-4481.5653,11.636048,-0.072067109,-4469.8572
1,4,0.27204003,2,4,0.13990481,3,4,0.15466958,-4483.2017,11.332289,-1.5559208,-4470.3135
1,4,0.26769285,2,4,0.15197322,3,4,0.1456474,-4482.041,11.306269,-0.52081547,-4470.2139
1,4,0.26742023,2,4,0.19604326,3,4,0.15562048,-4484.1155,12.381679,-2.9436439,-4468.7902
1,4,0.30963979,2,4,0.1524082,3,4,0.1717731,-4484.9543,12.676422,-3.8969205,-4468.381
1,4,0.24846059,2,4,0.15874587,3,4,0.16557071,-4483.3392,11.455544,-1.810339,-4470.0733
1,4,0.28913069,2,4,0.16044319,3,4,0.10753432,-4486.9199,11.142164,-4.5902537,-4471.1874
1,4,0.29135724,2,4,0.15690786,3,4,0.16606703,-4482.9467,12.286643,-1.576117,-4469.0839
1,4,0.27651369,2,4,0.15721739,3,4,0.1582172,-4481.9246,11.838966,-0.44530175,-4469.6404
1,4,0.26255797,2,4,0.17942338,3,4,0.16099976,-4482.8237,12.059622,-1.42189,-4469.3422
1,4,0.27456445,2,4,0.18365343,3,4,0.1807618,-4485.6725,12.779594,-4.8080658,-4468.0848
1,4,0.26666316,2,4,0.14003795,3,4,0.17375432,-4484.4351,11.609109,-2.9314338,-4469.8946
1,4,0.30006639,2,4,0.15237173,3,4,0.15553797,-4482.9247,12.159522,-1.5167606,-4469.2484
1,4,0.26308563,2,4,0.17193288,3,4,0.15128689,-4481.8464,11.726108,-0.35655006,-4469.7637
1,4,0.28401156,2,4,0.15906231,3,4,0.13611118,-4482.0737,11.583701,-0.56143235,-4469.9285
1,4,0.29769124,2,4,0.15203545,3,4,0.15369672,-4482.7237,12.068468,-1.2867023,-4469.3685
1,4,0.24628928,2,4,0.15546241,3,4,0.14421061,-4483.0937,10.919246,-1.4851426,-4470.6894
1,4,0.2828965,2,4,0.19306967,3,4,0.14214566,-4483.3502,12.362237,-2.0619698,-4468.926
1,4,0.28726521,2,4,0.1697775,3,4,0.13044886,-4482.4175,11.749831,-0.90129272,-4469.7664
1,4,0.24213103,2,4,0.15522588,3,4,0.13389205,-4484.2382,10.624979,-2.523185,-4471.09
1,4,0.26326927,2,4,0.17552983,3,4,0.14031773,-4481.9741,11.582337,-0.47679925,-4469.915
1,4,0.26014597,2,4,0.16540035,3,4,0.13876357,-4481.9936,11.286198,-0.47980878,-4470.2276
1,4,0.27979914,2,4,0.14356747,3,4,0.16281565,-4483.0812,11.723645,-1.5609213,-4469.7966
1,4,0.29231158,2,4,0.15552025,3,4,0.12456427,-4483.7808,11.447922,-2.1203449,-4470.2125
1,4,0.23582246,2,4,0.17708183,3,4,0.13788387,-4484.3854,11.015763,-2.612392,-4470.7572
1,4,0.24776503,2,4,0.16181591,3,4,0.15595006,-4482.7584,11.31062,-1.1915008,-4470.2563
1,4,0.27997862,2,4,0.15941174,3,4,0.16431564,-4482.3551,12.07412,-0.92480826,-4469.3562
1,4,0.27823957,2,4,0.14897297,3,4,0.10463218,-4489.0564,10.636895,-6.1873727,-4472.2321
1,4,0.27590568,2,4,0.1511987,3,4,0.15386546,-4482.0322,11.619397,-0.52191348,-4469.8909
1,4,0.2716265,2,4,0.16813634,3,4,0.163083,-4482.2674,12.056917,-0.82893546,-4469.3815
1,4,0.25528619,2,4,0.19025177,3,4,0.12795005,-4484.1101,11.46976,-2.5625232,-4470.0778
1,4,0.27137942,2,4,0.15787278,3,4,0.1226982,-4483.6317,11.039008,-1.9202142,-4470.6724
1,4,0.30069299,2,4,0.15433731,3,4,0.14518754,-4482.7316,12.004357,-1.2941801,-4469.433
1,4,0.26543484,2,4,0.17582448,3,4,0.12039323,-4483.7601,11.233051,-2.0359575,-4470.4911
1,4,0.29895075,2,4,0.15399935,3,4,0.15938078,-4482.9663,12.246617,-1.5778703,-4469.1418
1,4,0.26466407,2,4,0.15610169,3,4,0.14526664,-4481.8728,11.320648,-0.36692808,-4470.1852
1,4,0.26875281,2,4,0.17864737,3,4,0.15960076,-4482.5497,12.140019,-1.1300656,-4469.2797
1,4,0.29749292,2,4,0.16668869,3,4,0.15343914,-4482.4707,12.352415,-1.0396136,-4469.0787
1,4,0.27165487,2,4,0.19112338,3,4,0.13987468,-4482.9998,12.053058,-1.6433457,-4469.3034
1,4,0.25071727,2,4,0.17797576,3,4,0.15613063,-4482.9494,11.696473,-1.4639365,-4469.789
1,4,0.30654913,2,4,0.17567702,3,4,0.14244513,-4483.2394,12.493425,-1.9067109,-4468.8393
1,4,0.26841534,2,4,0.16840993,3,4,0.14544676,-4481.5636,11.645441,-0.070425279,-4469.8478
1,4,0.28483972,2,4,0.1560948,3,4,0.13879421,-4482.0784,11.594575,-0.56868183,-4469.9152
1,4,0.24864354,2,4,0.16487713,3,4,0.14403679,-4482.5529,11.151149,-0.98722518,-4470.4145
1,4,0.25953426,2,4,0.1487506,3,4,0.15283952,-4482.5575,11.222488,-0.99540925,-4470.3396
1,4,0.26098144,2,4,0.15227309,3,4,0.15626459,-4482.3079,11.390382,-0.78034468,-4470.1371
1,4,0.27821519,2,4,0.18251965,3,4,0.14006897,-4482.2445,12.016076,-0.79848662,-4469.43
1,4,0.2939405,2,4,0.17770788,3,4,0.15047274,-4482.612,12.442422,-1.1829675,-4468.9866
1,4,0.24446269,2,4,0.19064149,3,4,0.16980054,-4485.7902,12.098094,-4.672431,-4469.0197
1,4,0.26750645,2,4,0.18516331,3,4,0.1436908,-4482.4446,11.927211,-1.0148456,-4469.5026
1,4,0.29097039,2,4,0.16763427,3,4,0.15937814,-4482.4602,12.359656,-1.0228059,-4469.0777
1,4,0.25007773,2,4,0.15372742,3,4,0.16184293,-4483.1357,11.312962,-1.5669988,-4470.2558
1,4,0.27949845,2,4,0.16063226,3,4,0.14765664,-4481.5817,11.755747,-0.089202976,-4469.7367
1,4,0.26075256,2,4,0.1489048,3,4,0.12769266,-4484.0575,10.747001,-2.3534421,-4470.957
1,4,0.26196145,2,4,0.14276673,3,4,0.14114354,-4483.4022,10.917434,-1.7507873,-4470.7339
1,4,0.26414183,2,4,0.16358862,3,4,0.14560008,-4481.6538,11.466611,-0.15697274,-4470.0303
1,4,0.2787746,2,4,0.1960439,3,4,0.14840428,-4483.7758,12.464456,-2.5619513,-4468.7494
1,4,0.30823401,2,4,0.14405959,3,4,0.15431355,-4484.1316,12.132143,-2.7604393,-4469.239
1,4,0.26679323,2,4,0.19361353,3,4,0.14476378,-4483.3403,12.103411,-2.0367565,-4469.2001
1,4,0.24338664,2,4,0.16528312,3,4,0.1512012,-4483.0081,11.197419,-1.3961156,-4470.4146
1,4,0.24842107,2,4,0.18764188,3,4,0.12807155,-4484.4042,11.28269,-2.7571807,-4470.3643
1,4,0.28358689,2,4,0.16371796,3,4,0.14667683,-4481.6301,11.879634,-0.14092964,-4469.6095
1,4,0.26576058,2,4,0.15612733,3,4,0.15904883,-4482.0834,11.618735,-0.59187716,-4469.8728
1,4,0.30338016,2,4,0.14927645,3,4,0.15687307,-4483.3967,12.190594,-2.0205748,-4469.1856
1,4,0.22953192,2,4,0.17690635,3,4,0.13939332,-4485.224,10.916632,-3.3071091,-4471.0002
1,4,0.28904957,2,4,0.15200541,3,4,0.14211276,-4482.3263,11.663355,-0.81482747,-4469.8482
1,4,0.29580241,2,4,0.16385204,3,4,0.1338129,-4482.5631,11.869347,-1.0841428,-4469.6096
1,4,0.27658268,2,4,0.16954172,3,4,0.16812753,-4482.8444,12.285039,-1.4757798,-4469.0836
1,4,0.27625028,2,4,0.15376751,3,4,0.139556,-4482.0553,11.391476,-0.53541324,-4470.1284
1,4,0.28727599,2,4,0.17581536,3,4,0.14199176,-4482.043,12.101662,-0.57688484,-4469.3645
1,4,0.2938078,2,4,0.1713691,3,4,0.12808658,-4482.9198,11.86527,-1.4160148,-4469.6385
1,4,0.28361463,2,4,0.13312151,3,4,0.14148536,-4484.7351,11.16443,-2.851736,-4470.719
1,4,0.24690409,2,4,0.17139,3,4,0.15141821,-4482.762,11.394246,-1.1997642,-4470.168
1,4,0.28614687,2,4,0.1250942,3,4,0.16158756,-4486.1516,11.456573,-4.142693,-4470.5524
1,4,0.28057755,2,4,0.15699926,3,4,0.15454569,-4481.8263,11.84245,-0.33940474,-4469.6444
1,4,0.29123165,2,4,0.13865877,3,4,0.15304039,-4483.6629,11.658616,-2.0500502,-4469.9542
1,4,0.30029726,2,4,0.14626444,3,4,0.15066635,-4483.2635,11.944561,-1.7994026,-4469.5195
1,4,0.27382968,2,4,0.16544019,3,4,0.1250221,-4482.8947,11.285839,-1.2732033,-4470.3356
1,4,0.23061083,2,4,0.1638729,3,4,0.15960629,-4484.8992,11.0818,-3.0691613,-4470.7482
1,4,0.27902093,2,4,0.16532077,3,4,0.14048724,-4481.6237,11.696579,-0.12929785,-4469.7978
1,4,0.26636993,2,4,0.17724215,3,4,0.14883152,-4481.9516,11.848872,-0.47623555,-4469.6265
1,4,0.28149702,2,4,0.16626095,3,4,0.14919664,-4481.6115,11.939092,-0.12120045,-4469.5512
1,4,0.31231419,2,4,0.16980897,3,4,0.14120805,-4483.555,12.466624,-2.2777624,-4468.8106
1,4,0.27239945,2,4,0.17684381,3,4,0.1399643,-4481.8722,11.784151,-0.38894464,-4469.6991
1,4,0.27879391,2,4,0.142815,3,4,0.16504962,-4483.2899,11.733171,-1.7773113,-4469.7794
1,4,0.29681535,2,4,0.18355984,3,4,0.15253955,-4483.3632,12.658295,-2.0077391,-4468.6972
1,4,0.30890784,2,4,0.17422529,3,4,0.1529959,-4483.6613,12.722581,-2.362275,-4468.5765
1,4,0.24134152,2,4,0.15776626,3,4,0.12766039,-4484.9098,10.535363,-3.09942,-4471.275
1,4,0.2459237,2,4,0.16283038,3,4,0.12538751,-4484.4486,10.682832,-2.6716586,-4471.0941
1,4,0.29149481,2,4,0.17314861,3,4,0.13665115,-4482.251,12.025891,-0.78683618,-4469.4382
1,4,0.2547176,2,4,0.13989643,3,4,0.14193093,-4484.2075,10.730899,-2.4598016,-4471.0168
1,4,0.28264232,2,4,0.1471582,3,4,0.17516894,-4483.954,12.099389,-2.668012,-4469.1866
1,4,0.27670005,2,4,0.14971662,3,4,0.15880909,-4482.314,11.704515,-0.81231094,-4469.7972
1,4,0.30261399,2,4,0.16606081,3,4,0.13502935,-4482.9005,12.074083,-1.4810978,-4469.3454
1,4,0.27044045,2,4,0.13560619,3,4,0.1486286,-4483.9339,11.093505,-2.1574793,-4470.6829
1,4,0.24070063,2,4,0.14587785,3,4,0.17038728,-4485.2658,11.139315,-3.5252445,-4470.6012
1,4,0.27609713,2,4,0.13818655,3,4,0.14595288,-4483.5249,11.204731,-1.8190741,-4470.501
1,4,0.28248929,2,4,0.15120057,3,4,0.13076494,-4483.0525,11.289096,-1.4428054,-4470.3206
1,4,0.25149938,2,4,0.17517376,3,4,0.11427537,-4485.7937,10.81897,-3.7116531,-4471.2631
1,4,0.28599683,2,4,0.15580589,3,4,0.1582418,-4482.175,12.00089,-0.71091398,-4469.4632
1,4,0.27893583,2,4,0.17267522,3,4,0.14634591,-4481.6791,11.959139,-0.19195364,-4469.528
1,4,0.28228251,2,4,0.16552502,3,4,0.16294046,-4482.3365,12.21496,-0.90182183,-4469.2198
1,4,0.24843362,2,4,0.14320017,3,4,0.12979896,-4485.4514,10.428655,-3.6027056,-4471.4201
1,4,0.2853316,2,4,0.14922806,3,4,0.14339537,-4482.3807,11.559101,-0.84743957,-4469.9742
1,4,0.27374955,2,4,0.13612233,3,4,0.12965491,-4485.382,10.790536,-3.4178842,-4471.1736
1,4,0.28329958,2,4,0.15980972,3,4,0.12957434,-4482.5926,11.453673,-1.0290343,-4470.1099
1,4,0.27263036,2,4,0.16086541,3,4,0.13569595,-4481.94,11.383834,-0.42654406,-4470.1296
1,4,0.30111504,2,4,0.13836901,3,4,0.14243827,-4484.4817,11.638446,-2.8408539,-4470.0024
1,4,0.26972118,2,4,0.16164465,3,4,0.14473273,-4481.57,11.521971,-0.076261799,-4469.9717
1,4,0.24927278,2,4,0.16783715,3,4,0.16210179,-4483.0016,11.584234,-1.4950219,-4469.9224
1,4,0.26107583,2,4,0.17155739,3,4,0.120575,-4483.8771,11.064164,-2.1224481,-4470.6905
1,4,0.27697548,2,4,0.18433391,3,4,0.14560945,-4482.3719,12.138377,-0.94627828,-4469.2873
1,4,0.29391512,2,4,0.1394262,3,4,0.15085025,-4483.676,11.683831,-2.0780071,-4469.9142
1,4,0.26659141,2,4,0.18663748,3,4,0.1235123,-4483.7783,11.534824,-2.1978921,-4470.0456
1,4,0.2796949,2,4,0.16575444,3,4,0.13924346,-4481.6762,11.693856,-0.18048775,-4469.8018
1,4,0.27964456,2,4,0.184099,3,4,0.14852252,-4482.4648,12.245322,-1.0438599,-4469.1756
1,4,0.27819923,2,4,0.15970267,3,4,0.16566219,-4482.4378,12.071282,-1.0186997,-4469.3478
1,4,0.28456468,2,4,0.17306068,3,4,0.14373769,-4481.8197,12.027261,-0.3392022,-4469.4532
1,4,0.26537716,2,4,0.16008807,3,4,0.13246807,-4482.3857,11.158666,-0.84224202,-4470.3847
1,4,0.23110694,2,4,0.14149915,3,4,0.14237595,-4486.6686,10.299641,-4.5615209,-4471.8074
1,4,0.23914168,2,4,0.16676912,3,4,0.15528824,-4483.5749,11.223981,-1.9162927,-4470.4346
1,4,0.24642843,2,4,0.14359424,3,4,0.18663385,-4486.9061,11.53313,-5.5631779,-4469.8098
1,4,0.26398706,2,4,0.13560834,3,4,0.17688404,-4485.4343,11.529589,-3.8641782,-4470.0406
1,4,0.29911966,2,4,0.16275149,3,4,0.13511182,-4482.6968,11.939659,-1.2404065,-4469.5167
1,4,0.25587487,2,4,0.17821887,3,4,0.1437115,-4482.3664,11.556105,-0.86191607,-4469.9484
1,4,0.25839213,2,4,0.18249636,3,4,0.14548906,-4482.5146,11.727551,-1.0479903,-4469.739
1,4,0.27361264,2,4,0.17502611,3,4,0.14366022,-4481.7273,11.845979,-0.24281544,-4469.6385
1,4,0.28308391,2,4,0.17122792,3,4,0.14062275,-4481.7618,11.898691,-0.27521189,-4469.5878
1,4,0.23673606,2,4,0.16686532,3,4,0.13078247,-4484.7264,10.687677,-2.8916455,-4471.1471
1,4,0.28590707,2,4,0.17969622,3,4,0.15943623,-4482.914,12.50079,-1.5106566,-4468.9026
1,4,0.28171574,2,4,0.14372326,3,4,0.15413681,-4482.7559,11.591516,-1.1930674,-4469.9713
1,4,0.29681732,2,4,0.1722894,3,4,0.14820166,-4482.4217,12.346167,-0.98517091,-4469.0904
1,4,0.26057714,2,4,0.15791026,3,4,0.15127941,-4481.9273,11.395336,-0.41777878,-4470.1142
1,4,0.2573434,2,4,0.15787208,3,4,0.16052197,-4482.4239,11.514749,-0.91901767,-4469.9901
1,4,0.25655834,2,4,0.13868705,3,4,0.15951237,-4484.0543,11.095155,-2.3167655,-4470.6424
1,4,0.28449608,2,4,0.17463588,3,4,0.18170504,-4485.2695,12.81674,-4.3262348,-4468.1265
1,4,0.22682144,2,4,0.18444949,3,4,0.15028812,-4485.935,11.231181,-4.0830031,-4470.6208
1,4,0.28112447,2,4,0.15772684,3,4,0.15117089,-4481.7231,11.800444,-0.23182594,-4469.6908
1,4,0.24798707,2,4,0.17581086,3,4,0.12636118,-4484.0141,11.003182,-2.2854471,-4470.7255
1,4,0.27972134,2,4,0.14891833,3,4,0.16988278,-4483.2121,11.970449,-1.8201589,-4469.4214
1,4,0.28247391,2,4,0.15821916,3,4,0.17199285,-4483.1966,12.253718,-1.8836105,-4469.0593
1,4,0.25576101,2,4,0.15657358,3,4,0.18716492,-4485.6418,11.98999,-4.6506274,-4469.0012
1,4,0.26895038,2,4,0.18471899,3,4,0.16832962,-4483.9519,12.43998,-2.7278057,-4468.7842
1,4,0.27238661,2,4,0.18379715,3,4,0.15763718,-4482.8272,12.276419,-1.4412888,-4469.1095
1,4,0.26209558,2,4,0.15169122,3,4,0.1349553,-4482.8442,10.974842,-1.2748476,-4470.5945
1,4,0.26051431,2,4,0.15281784,3,4,0.13656253,-4482.6842,10.997894,-1.1307954,-4470.5555
1,4,0.31057879,2,4,0.16943951,3,4,0.15944006,-4484.0094,12.789167,-2.7608274,-4468.4594
1,4,0.28879431,2,4,0.14988292,3,4,0.15783649,-4482.545,11.930274,-1.072722,-4469.542
1,4,0.2809745,2,4,0.13300846,3,4,0.14599349,-4484.4644,11.199529,-2.6124817,-4470.6524
1,4,0.26165315,2,4,0.18674897,3,4,0.15191206,-4482.9188,12.006284,-1.5289902,-4469.3835
1,4,0.27905039,2,4,0.16855626,3,4,0.15794804,-4481.9673,12.111094,-0.4966276,-4469.3596
1,4,0.28238415,2,4,0.16312115,3,4,0.14123872,-4481.6795,11.734881,-0.18661221,-4469.758
1,4,0.27051056,2,4,0.16006341,3,4,0.12907203,-4482.6175,11.19292,-1.0412553,-4470.3833
1,4,0.24900039,2,4,0.14529605,3,4,0.14051305,-4483.9827,10.69619,-2.2936261,-4470.9929
1,4,0.30100874,2,4,0.177263,3,4,0.16724747,-4484.4214,12.910384,-3.187866,-4468.3232
1,4,0.27486513,2,4,0.16255945,3,4,0.1422418,-4481.5719,11.593328,-0.077668368,-4469.9009
1,4,0.27102975,2,4,0.16372756,3,4,0.1409031,-4481.6144,11.513208,-0.11891144,-4469.9823
1,4,0.27202895,2,4,0.16012384,3,4,0.14930665,-4481.566,11.629189,-0.072187537,-4469.8646
1,4,0.23332521,2,4,0.15886176,3,4,0.14183689,-4484.5801,10.680477,-2.7557813,-4471.1438
1,4,0.2868492,2,4,0.16368712,3,4,0.12389216,-4483.2346,11.48857,-1.606661,-4470.1394
1,4,0.24904533,2,4,0.17897725,3,4,0.14913025,-4482.8846,11.543056,-1.3607894,-4469.9807
1,4,0.29105423,2,4,0.13915564,3,4,0.15139912,-4483.5824,11.63218,-1.9675265,-4469.9827
1,4,0.28178383,2,4,0.16947069,3,4,0.12867787,-4482.4477,11.598648,-0.90186141,-4469.9472
1,4,0.27596,2,4,0.18055473,3,4,0.15650165,-4482.4944,12.260328,-1.0673018,-4469.1668
1,4,0.26305193,2,4,0.19177436,3,4,0.11764041,-4485.1746,11.449334,-3.4779379,-4470.2473
1,4,0.25232414,2,4,0.15595891,3,4,0.13957457,-4482.7584,10.957152,-1.1966112,-4470.6046
1,4,0.29249608,2,4,0.18431887,3,4,0.13187588,-4483.1269,12.173817,-1.7334753,-4469.2196
1,4,0.28512702,2,4,0.12819258,3,4,0.14962918,-4485.4112,11.258976,-3.4088307,-4470.7434
1,4,0.27628773,2,4,0.14684083,3,4,0.15773534,-4482.4899,11.617278,-0.96167094,-4469.911
1,4,0.28383462,2,4,0.15924961,3,4,0.13146851,-4482.4365,11.491055,-0.89155781,-4470.0538
1,4,0.29126836,2,4,0.16413119,3,4,0.17323502,-4483.7753,12.572691,-2.5394109,-4468.6632
1,4,0.27773414,2,4,0.1633844,3,4,0.15760173,-4481.8351,11.974405,-0.35851127,-4469.5022
1,4,0.25872975,2,4,0.14649991,3,4,0.16903114,-4483.6257,11.485216,-2.1033834,-4470.0371
1,4,0.27244222,2,4,0.16558063,3,4,0.16446631,-4482.3228,12.049783,-0.89278186,-4469.3802
1,4,0.29621983,2,4,0.15709816,3,4,0.14006339,-4482.4517,11.867628,-0.98081198,-4469.6032
1,4,0.2447989,2,4,0.17593715,3,4,0.14295289,-4483.1075,11.273779,-1.5093282,-4470.3244
1,4,0.2794539,2,4,0.14451548,3,4,0.13830882,-4483.0511,11.245564,-1.4309205,-4470.3746
1,4,0.28500641,2,4,0.15053584,3,4,0.12157123,-4484.5183,11.14227,-2.699621,-4470.6764
1,4,0.27884426,2,4,0.16068282,3,4,0.17533122,-4483.5242,12.297166,-2.2783792,-4468.9487
1,4,0.26596402,2,4,0.17900952,3,4,0.11839013,-4484.1637,11.267273,-2.3974521,-4470.499
1,4,0.27569035,2,4,0.16088641,3,4,0.17151166,-4483.0059,12.161768,-1.6701374,-4469.174
1,4,0.27803764,2,4,0.1818667,3,4,0.13031334,-4482.6521,11.804354,-1.1652406,-4469.6825
1,4,0.28418654,2,4,0.16612238,3,4,0.1507517,-4481.7171,12.021212,-0.23067044,-4469.4652
1,4,0.25215249,2,4,0.14731588,3,4,0.15468277,-4483.1726,11.083023,-1.5497478,-4470.5399
1,4,0.27116268,2,4,0.17244674,3,4,0.14839002,-4481.6553,11.839989,-0.16716648,-4469.6482
1,4,0.2298124,2,4,0.16720297,3,4,0.1344904,-4485.3872,10.630115,-3.4241211,-4471.3329
1,4,0.29870486,2,4,0.18836523,3,4,0.15499414,-4484.1565,12.841285,-2.8982813,-4468.417
1,4,0.26700306,2,4,0.14028228,3,4,0.12524391,-4485.4629,10.650585,-3.5230092,-4471.2893
1,4,0.26459823,2,4,0.14494379,3,4,0.16105564,-4482.9742,11.411953,-1.4062322,-4470.156
1,4,0.29440963,2,4,0.16047506,3,4,0.15231387,-4482.2086,12.143971,-0.75643464,-4469.3082
1,4,0.29883072,2,4,0.15270317,3,4,0.14980619,-4482.6858,12.026802,-1.2436213,-4469.4154
1,4,0.26090484,2,4,0.15843585,3,4,0.16086367,-4482.2717,11.604087,-0.78303289,-4469.8845
1,4,0.25565273,2,4,0.18236594,3,4,0.1322098,-4483.1121,11.404569,-1.5594523,-4470.1481
1,4,0.28807766,2,4,0.14423954,3,4,0.14512736,-4482.9195,11.548891,-1.3441502,-4470.0265
1,4,0.29108147,2,4,0.17528814,3,4,0.1349658,-4482.3835,12.026708,-0.92251911,-4469.4343
1,4,0.28744854,2,4,0.16275516,3,4,0.13838078,-4481.9389,11.77169,-0.44708662,-4469.7201
1,4,0.27841218,2,4,0.15773335,3,4,0.15498021,-4481.785,11.822515,-0.29773625,-4469.6647
1,4,0.28675965,2,4,0.16802021,3,4,0.13227524,-4482.2443,11.741102,-0.73495617,-4469.7683
1,4,0.27923647,2,4,0.13965904,3,4,0.14124177,-4483.5345,11.202746,-1.8400147,-4470.4917
1,4,0.26842747,2,4,0.15160191,3,4,0.15497628,-4482.0878,11.500113,-0.57236155,-4470.0153
1,4,0.24036461,2,4,0.14680515,3,4,0.13876418,-4484.8478,10.518679,-3.055663,-4471.2734
1,4,0.29503381,2,4,0.16490743,3,4,0.1366657,-4482.3346,11.932139,-0.86652042,-4469.536
1,4,0.27259967,2,4,0.16939596,3,4,0.12063554,-4483.5052,11.252623,-1.7947882,-4470.4577
1,4,0.26215449,2,4,0.14772727,3,4,0.14288897,-4482.6937,11.055415,-1.1239492,-4470.5143
1,4,0.28720494,2,4,0.19073947,3,4,0.14822417,-4483.3748,12.523371,-2.0662213,-4468.7852
1,4,0.25161632,2,4,0.15396784,3,4,0.13928979,-4482.9664,10.897479,-1.3887121,-4470.6802
1,4,0.2800315,2,4,0.18699189,3,4,0.13873391,-4482.6665,12.115146,-1.2669194,-4469.2844
1,4,0.28522835,2,4,0.15493526,3,4,0.14933272,-4481.9129,11.789927,-0.42010495,-4469.7029
1,4,0.29017758,2,4,0.18016424,3,4,0.12706474,-4483.133,11.948131,-1.65467,-4469.5302
1,4,0.24773413,2,4,0.16512748,3,4,0.15984103,-4482.936,11.454053,-1.3924116,-4470.0895
1,4,0.27862097,2,4,0.16476863,3,4,0.15324464,-4481.6532,11.932685,-0.1650985,-4469.5555
1,4,0.284539,2,4,0.15169337,3,4,0.14125748,-4482.2396,11.549797,-0.7162684,-4469.9736
1,4,0.26518196,2,4,0.16364482,3,4,0.1362073,-4481.9748,11.300682,-0.46150249,-4470.2127
1,4,0.25522256,2,4,0.1609015,3,4,0.15507594,-4482.21,11.424,-0.68972341,-4470.0963
1,4,0.27494297,2,4,0.17706818,3,4,0.1336992,-4482.1521,11.714207,-0.65369006,-4469.7842
1,4,0.29829091,2,4,0.14873883,3,4,0.15281869,-4482.9537,11.996969,-1.502781,-4469.454
1,4,0.26548144,2,4,0.16046902,3,4,0.13727543,-4481.9869,11.264518,-0.47583874,-4470.2465
1,4,0.27153459,2,4,0.17271963,3,4,0.1676636,-4482.9083,12.238356,-1.5442548,-4469.1257
1,4,0.26269445,2,4,0.16933166,3,4,0.14933337,-4481.7418,11.62719,-0.24585416,-4469.8688
1,4,0.27623942,2,4,0.1613153,3,4,0.144011,-4481.5605,11.631315,-0.066753016,-4469.8624
1,4,0.27038496,2,4,0.17938551,3,4,0.13262427,-4482.3634,11.647895,-0.86003052,-4469.8555
1,4,0.28043616,2,4,0.16945992,3,4,0.14682888,-4481.6122,11.934499,-0.12193068,-4469.5558
1,4,0.31255474,2,4,0.17367186,3,4,0.16679559,-4485.1657,13.060444,-4.0644123,-4468.0409
1,4,0.28053226,2,4,0.16953197,3,4,0.13752022,-4481.7811,11.751689,-0.28556168,-4469.7439
1,4,0.27193047,2,4,0.14581601,3,4,0.13183984,-4483.5218,10.991726,-1.8553829,-4470.6747
1,4,0.26921436,2,4,0.17788061,3,4,0.1410676,-4481.9294,11.763251,-0.44865678,-4469.7175
1,4,0.25068029,2,4,0.17229528,3,4,0.16336587,-4483.1435,11.726829,-1.6800438,-4469.7367
1,4,0.27292218,2,4,0.19619685,3,4,0.13600733,-4483.66,12.102527,-2.3887212,-4469.1687
1,4,0.26233121,2,4,0.16210758,3,4,0.14474056,-4481.7502,11.383587,-0.24982283,-4470.1168
1,4,0.25559658,2,4,0.18425049,3,4,0.14334009,-4482.7948,11.663743,-1.3232596,-4469.8078
1,4,0.28490806,2,4,0.18065537,3,4,0.12714322,-4482.9773,11.854133,-1.4776572,-4469.6455
1,4,0.27775725,2,4,0.14599579,3,4,0.1666813,-4483.1079,11.808687,-1.6430761,-4469.6562
1,4,0.28832186,2,4,0.1453849,3,4,0.13578243,-4483.332,11.389784,-1.7094446,-4470.2328
1,4,0.25572712,2,4,0.16575297,3,4,0.15038224,-4482.0256,11.437246,-0.50958894,-4470.0788
1,4,0.28282359,2,4,0.16807203,3,4,0.12928027,-4482.4073,11.603518,-0.86587267,-4469.9379
1,4,0.29358666,2,4,0.163217,3,4,0.14813475,-4482.0521,12.098768,-0.58945442,-4469.3639
1,4,0.26661635,2,4,0.14962917,3,4,0.13935031,-4482.5344,11.111917,-0.9811182,-4470.4414
1,4,0.25781203,2,4,0.1855496,3,4,0.1269781,-4483.6769,11.406795,-2.090802,-4470.1793
1,4,0.29661624,2,4,0.15472861,3,4,0.14564548,-4482.4442,11.939807,-0.98280195,-4469.5216
1,4,0.23942211,2,4,0.16324666,3,4,0.14741322,-4483.4563,11.00164,-1.7790553,-4470.6756
1,4,0.27739177,2,4,0.19122236,3,4,0.12106764,-4484.3099,11.793635,-2.8062801,-4469.7099
1,4,0.27611261,2,4,0.18596944,3,4,0.15144272,-4482.6944,12.270496,-1.3005292,-4469.1234
1,4,0.28948903,2,4,0.1708056,3,4,0.15808722,-4482.4119,12.367637,-0.96494148,-4469.0793
1,4,0.285367,2,4,0.14416446,3,4,0.14663185,-4482.8053,11.523266,-1.2292328,-4470.0528
1,4,0.27733115,2,4,0.15766275,3,4,0.1699745,-4482.8686,12.099368,-1.5027511,-4469.2665
1,4,0.29397995,2,4,0.16822428,3,4,0.15997204,-4482.6898,12.443525,-1.2720197,-4468.9743
1,4,0.2658527,2,4,0.15270467,3,4,0.16615046,-4482.71,11.694157,-1.2486765,-4469.7672
1,4,0.27896391,2,4,0.15921059,3,4,0.14180115,-4481.698,11.599513,-0.20050553,-4469.8979
1,4,0.26617483,2,4,0.17399779,3,4,0.13259116,-4482.2411,11.455276,-0.71297407,-4470.0729
1,4,0.27767906,2,4,0.1565733,3,4,0.13597367,-4482.1099,11.40452,-0.58634038,-4470.1191
1,4,0.24558049,2,4,0.17529532,3,4,0.14474315,-4482.9773,11.312379,-1.3930287,-4470.2719
1,4,0.2560914,2,4,0.17184393,3,4,0.12754488,-4483.1594,11.109604,-1.5282278,-4470.5215
1,4,0.25476771,2,4,0.1759497,3,4,0.13021978,-4483.0399,11.218744,-1.4402408,-4470.3809
1,4,0.31664358,2,4,0.17115848,3,4,0.14492647,-4484.038,12.654571,-2.8448332,-4468.5386
1,4,0.28047945,2,4,0.18012295,3,4,0.17293367,-4484.2546,12.670721,-3.072383,-4468.5115
1,4,0.29355979,2,4,0.16803444,3,4,0.13847855,-4482.1784,12.001456,-0.71329479,-4469.4636
1,4,0.27627075,2,4,0.16046055,3,4,0.1614147,-4482.0651,11.96292,-0.60626048,-4469.496
1,4,0.29137586,2,4,0.1760643,3,4,0.18243268,-4485.8601,12.997457,-4.9979073,-4467.8647
1,4,0.27521188,2,4,0.16444884,3,4,0.12341881,-4483.1428,11.261591,-1.4877172,-4470.3935
1,4,0.25799949,2,4,0.16628889,3,4,0.14150086,-4481.979,11.315785,-0.46477409,-4470.1984
1,4,0.24522313,2,4,0.17177716,3,4,0.15824181,-4483.1929,11.504842,-1.6440233,-4470.0441
1,4,0.28371746,2,4,0.16903091,3,4,0.12729491,-4482.6324,11.600866,-1.0731943,-4469.9583
1,4,0.26197788,2,4,0.15870867,3,4,0.1416021,-4481.9575,11.245773,-0.45007151,-4470.2617
1,4,0.26639028,2,4,0.15093692,3,4,0.15144111,-4482.1121,11.375366,-0.58620669,-4470.1505
1,4,0.26233844,2,4,0.1539581,3,4,0.15175262,-4482.0467,11.360983,-0.52883661,-4470.1569
1,4,0.25805873,2,4,0.15208049,3,4,0.13005891,-4483.5467,10.803963,-1.91102,-4470.8317
1,4,0.2955688,2,4,0.19193109,3,4,0.14982567,-4484.0374,12.746511,-2.8020072,-4468.4889
1,4,0.28719248,2,4,0.1391969,3,4,0.14058775,-4483.7958,11.339543,-2.0950121,-4470.3613
1,4,0.28015202,2,4,0.1875443,3,4,0.16873289,-4484.4755,12.728584,-3.3114525,-4468.4355
1,4,0.28666785,2,4,0.17537531,3,4,0.14134743,-4482.0069,12.067812,-0.53758654,-4469.4015
1,4,0.28301242,2,4,0.16128453,3,4,0.15317406,-4481.7488,11.94942,-0.26423224,-4469.5351
1,4,0.27226363,2,4,0.18858232,3,4,0.12808262,-4483.332,11.778571,-1.8699592,-4469.6835
1,4,0.2835293,2,4,0.16010711,3,4,0.1463984,-4481.678,11.800696,-0.18756125,-4469.6897
1,4,0.27718848,2,4,0.16107828,3,4,0.18657838,-4485.2144,12.496903,-4.3517303,-4468.3658
1,4,0.30243747,2,4,0.17391141,3,4,0.15189371,-4483.0297,12.564852,-1.6483887,-4468.8165
1,4,0.26485629,2,4,0.16227474,3,4,0.15254645,-4481.7051,11.59355,-0.20997196,-4469.9016
1,4,0.30078824,2,4,0.16160727,3,4,0.16188705,-4483.159,12.485651,-1.8089391,-4468.8644
1,4,0.24725899,2,4,0.14978863,3,4,0.1700365,-4484.2441,11.341682,-2.6652357,-4470.2371
1,4,0.28458299,2,4,0.17306386,3,4,0.1531759,-4482.0283,12.216455,-0.55426521,-4469.2575
1,4,0.26954611,2,4,0.1946156,3,4,0.13048192,-4483.774,11.892873,-2.4178007,-4469.4634
1,4,0.27222412,2,4,0.18552324,3,4,0.14608294,-4482.4579,12.076606,-1.0416836,-4469.3396
1,4,0.28881189,2,4,0.16493062,3,4,0.15086581,-4481.8788,12.092166,-0.40192309,-4469.3848
1,4,0.29145828,2,4,0.14833802,3,4,0.12237165,-4484.8276,11.243359,-3.0032776,-4470.5809
1,4,0.26826781,2,4,0.15419412,3,4,0.16958079,-4482.9155,11.840854,-1.5086655,-4469.5659
1,4,0.27800451,2,4,0.18103488,3,4,0.1430572,-4482.1075,12.041932,-0.65288003,-4469.4127
1,4,0.26041739,2,4,0.13822036,3,4,0.14894304,-4483.8341,10.951616,-2.0948442,-4470.7876
1,4,0.28417105,2,4,0.15193502,3,4,0.12059615,-4484.5281,11.134044,-2.6993277,-4470.6948
1,4,0.27329493,2,4,0.15191588,3,4,0.14190293,-4482.084,11.342275,-0.56050183,-4470.1812
1,4,0.2452842,2,4,0.16969854,3,4,0.13937127,-4483.0262,11.08708,-1.4130007,-4470.5261
1,4,0.27253964,2,4,0.15616125,3,4,0.14446649,-4481.7369,11.463348,-0.23574441,-4470.0378
1,4,0.28495081,2,4,0.14291091,3,4,0.16982625,-4483.7886,11.953759,-2.3735218,-4469.4613
1,4,0.30937953,2,4,0.14678561,3,4,0.15948265,-4484.1905,12.312956,-2.907234,-4468.9703
1,4,0.26387835,2,4,0.18824617,3,4,0.13683001,-4482.9261,11.779091,-1.4966055,-4469.6504
1,4,0.25730263,2,4,0.16672992,3,4,0.16495121,-4482.7246,11.779675,-1.2796607,-4469.6652
1,4,0.25169047,2,4,0.16656633,3,4,0.14922334,-4482.2723,11.349603,-0.73540536,-4470.1873
1,4,0.26708847,2,4,0.15886424,3,4,0.15079743,-4481.6831,11.535003,-0.18598837,-4469.9621
1,4,0.24289383,2,4,0.17428889,3,4,0.15484673,-4483.3453,11.440589,-1.765075,-4470.1396
1,4,0.26428588,2,4,0.15446271,3,4,0.14712013,-4481.9456,11.317374,-0.43388866,-4470.1944
1,4,0.24988951,2,4,0.16897925,3,4,0.14412882,-4482.4521,11.259952,-0.89809515,-4470.2941
1,4,0.26075166,2,4,0.15478421,3,4,0.1356755,-4482.5933,11.024228,-1.0466033,-4470.5224
1,4,0.28287885,2,4,0.15309931,3,4,0.13226058,-4482.7328,11.364775,-1.159152,-4470.2088
1,4,0.26887562,2,4,0.17539872,3,4,0.15930038,-4482.31,12.071494,-0.86697064,-4469.3715
1,4,0.26457018,2,4,0.15906101,3,4,0.15787895,-4481.9687,11.630203,-0.47838881,-4469.8601
1,4,0.22849245,2,4,0.15297647,3,4,0.13249559,-4486.5693,10.27929,-4.4954516,-4471.7946
1,4,0.26771629,2,4,0.14110885,3,4,0.14517143,-4483.2272,11.079931,-1.5713481,-4470.5759
1,4,0.27549331,2,4,0.17441875,3,4,0.14992614,-4481.7787,11.996764,-0.29653465,-4469.4854
1,4,0.30296377,2,4,0.1490302,3,4,0.13548128,-4483.7267,11.749505,-2.2127474,-4469.7644
1,4,0.26547732,2,4,0.15599026,3,4,0.14678115,-4481.8303,11.364975,-0.32547407,-4470.1398
1,4,0.31388057,2,4,0.17512578,3,4,0.14497067,-4483.922,12.67954,-2.6957885,-4468.5466
1,4,0.23618604,2,4,0.17765354,3,4,0.16666093,-4485.0704,11.61001,-3.5459386,-4469.9145
1,4,0.28029701,2,4,0.15630628,3,4,0.17749306,-4483.8529,12.281927,-2.6561385,-4468.9148
1,4,0.2694401,2,4,0.17592825,3,4,0.15944494,-4482.3486,12.096266,-0.90955134,-4469.3428
1,4,0.29513339,2,4,0.17424131,3,4,0.14888911,-4482.4246,12.365276,-0.98422477,-4469.0751
1,4,0.28658044,2,4,0.2013892,3,4,0.13741191,-4484.564,12.507631,-3.5016563,-4468.5547
1,4,0.27227424,2,4,0.16848946,3,4,0.1610711,-4482.1161,12.036696,-0.66204401,-4469.4174
1,4,0.27512691,2,4,0.17552318,3,4,0.12317545,-4483.1397,11.476511,-1.5179437,-4470.1453
1,4,0.27427372,2,4,0.15184626,3,4,0.15122973,-4481.9412,11.546994,-0.4289403,-4469.9653
1,4,0.27043872,2,4,0.16745631,3,4,0.12468325,-4482.9491,11.251566,-1.3203404,-4470.3772
1,4,0.29962105,2,4,0.13983985,3,4,0.16432603,-4484.3686,12.075739,-2.9577533,-4469.3352
1,4,0.25609148,2,4,0.18000595,3,4,0.1465452,-4482.4591,11.652852,-0.97144309,-4469.8348
1,4,0.26150574,2,4,0.17076456,3,4,0.12041912,-4483.8839,11.053789,-2.1257089,-4470.7044
1,4,0.26220114,2,4,0.1761469,3,4,0.13262685,-4482.4405,11.419498,-0.90476797,-4470.1163
1,4,0.28447738,2,4,0.15860886,3,4,0.15056036,-4481.7707,11.872932,-0.28361899,-4469.6142
1,4,0.26907106,2,4,0.15843943,3,4,0.13320933,-4482.2971,11.214397,-0.75972729,-4470.323
1,4,0.25725026,2,4,0.17196464,3,4,0.17492576,-4484.0294,12.082813,-2.7897631,-4469.1568
1,4,0.27157646,2,4,0.14110622,3,4,0.12963841,-4484.5055,10.846422,-2.6998396,-4470.9592
1,4,0.24970387,2,4,0.18338056,3,4,0.13678542,-4483.312,11.397397,-1.7571273,-4470.1575
1,4,0.26133575,2,4,0.15519603,3,4,0.16005384,-4482.3128,11.531712,-0.81057393,-4469.9705
1,4,0.25582216,2,4,0.15168425,3,4,0.15982559,-4482.7537,11.34664,-1.2057477,-4470.2014
1,4,0.28303896,2,4,0.18683056,3,4,0.1482967,-4482.8035,12.363325,-1.4202764,-4469.0199
1,4,0.27409175,2,4,0.16533584,3,4,0.1265555,-4482.6932,11.319662,-1.0982182,-4470.2753
1,4,0.29444834,2,4,0.16762495,3,4,0.1292308,-4482.8278,11.826082,-1.321867,-4469.6798
1,4,0.27201894,2,4,0.15333178,3,4,0.16427362,-4482.445,11.792487,-0.98574069,-4469.6668
1,4,0.25067601,2,4,0.16901551,3,4,0.15794527,-4482.659,11.552736,-1.1408544,-4469.9654
1,4,0.30345198,2,4,0.17444269,3,4,0.14704818,-4482.9717,12.498857,-1.5967914,-4468.876
1,4,0.25752991,2,4,0.18761514,3,4,0.16715298,-4484.3568,12.245961,-3.1592849,-4468.9516
1,4,0.24121391,2,4,0.17839024,3,4,0.15098509,-4483.6018,11.411785,-2.0033682,-4470.1867
1,4,0.27039274,2,4,0.15051926,3,4,0.14090169,-4482.2791,11.236274,-0.74208767,-4470.3007
1,4,0.26471974,2,4,0.17475825,3,4,0.17100259,-4483.4707,12.209612,-2.1789531,-4469.0821
1,4,0.26774842,2,4,0.15644863,3,4,0.14727975,-4481.7477,11.429536,-0.24646125,-4470.0717
1,4,0.2882956,2,4,0.15709001,3,4,0.1451657,-4481.9371,11.811026,-0.44947395,-4469.6766
1,4,0.23343361,2,4,0.17887877,3,4,0.15622855,-4484.7468,11.370819,-3.0579585,-4470.318
1,4,0.29168877,2,4,0.15768572,3,4,0.14557072,-4482.0556,11.898904,-0.57904165,-4469.5776
1,4,0.24017993,2,4,0.14495875,3,4,0.18106598,-4486.6178,11.324093,-5.0218533,-4470.2719
1,4,0.2496958,2,4,0.16666416,3,4,0.1378948,-4482.7028,11.085095,-1.1280188,-4470.4897
1,4,0.26794373,2,4,0.14795091,3,4,0.14573927,-4482.3786,11.232678,-0.82688932,-4470.319
1,4,0.25665219,2,4,0.15938441,3,4,0.14541934,-4482.0811,11.229119,-0.56166245,-4470.2903
1,4,0.25375959,2,4,0.18343745,3,4,0.11870115,-4484.9804,11.117964,-3.1379355,-4470.7245
1,4,0.26461062,2,4,0.16970324,3,4,0.1625181,-4482.3526,11.936639,-0.90984647,-4469.5061
1,4,0.28552133,2,4,0.16542625,3,4,0.12001719,-4483.7493,11.419295,-2.0371361,-4470.2928
1,4,0.29654222,2,4,0.16800941,3,4,0.14368932,-4482.239,12.164819,-0.79239291,-4469.2818
1,4,0.29004763,2,4,0.16678516,3,4,0.15122823,-4481.9683,12.161221,-0.4958214,-4469.3113
1,4,0.24774461,2,4,0.18432228,3,4,0.14687941,-4483.342,11.578926,-1.8360669,-4469.927
1,4,0.29984347,2,4,0.16421741,3,4,0.14440617,-4482.4216,12.169341,-0.99306565,-4469.2591
1,4,0.26401988,2,4,0.17275081,3,4,0.16244078,-4482.488,11.984229,-1.0563051,-4469.4475
1,4,0.29564704,2,4,0.17346639,3,4,0.13978013,-4482.3818,12.177871,-0.94210462,-4469.2618
1,4,0.27362201,2,4,0.17689711,3,4,0.11951942,-4483.7335,11.400771,-2.0286562,-4470.3041
1,4,0.29634535,2,4,0.15563801,3,4,0.13025354,-4483.2489,11.644738,-1.7008336,-4469.9034
1,4,0.22930835,2,4,0.16363312,3,4,0.11730936,-4488.267,10.205016,-5.8076853,-4472.2543
1,4,0.25293477,2,4,0.15981842,3,4,0.124515,-4484.0937,10.745364,-2.3650003,-4470.9833
1,4,0.28180429,2,4,0.17868969,3,4,0.14138689,-4482.0361,12.037617,-0.57148016,-4469.427
1,4,0.25118144,2,4,0.17157353,3,4,0.14598521,-4482.38,11.374804,-0.84028522,-4470.1649
1,4,0.31131973,2,4,0.16773943,3,4,0.15264814,-4483.5987,12.634146,-2.3177866,-4468.6467
1,4,0.27269311,2,4,0.14698693,3,4,0.15763808,-4482.477,11.546362,-0.94215894,-4469.9884
1,4,0.2471166,2,4,0.1707166,3,4,0.16689563,-4483.6592,11.694577,-2.2023663,-4469.7623
1,4,0.25733611,2,4,0.18154502,3,4,0.16341916,-4483.3831,12.046006,-2.0251959,-4469.3119
1,4,0.27915887,2,4,0.16281998,3,4,0.13714737,-4481.8051,11.582524,-0.30159908,-4469.9209
1,4,0.28181684,2,4,0.16984912,3,4,0.12443684,-4482.9436,11.522056,-1.3404794,-4470.081
1,4,0.28151774,2,4,0.17282757,3,4,0.1336837,-4482.0717,11.76058,-0.57052747,-4469.7406
1,4,0.27080113,2,4,0.16450603,3,4,0.14503281,-4481.517,11.606799,-0.024119737,-4469.8861
1,4,0.27476106,2,4,0.17417909,3,4,0.13695864,-4481.8647,11.717976,-0.37023457,-4469.7765
1,4,0.25082207,2,4,0.15281224,3,4,0.1548008,-4482.8308,11.168702,-1.2488663,-4470.4132
1,4,0.26760278,2,4,0.13170431,3,4,0.14265082,-4485.0465,10.839158,-3.0866158,-4471.1207
1,4,0.27654716,2,4,0.20203993,3,4,0.13092544,-4484.6405,12.190251,-3.5086893,-4468.9416
1,4,0.28895125,2,4,0.14651285,3,4,0.15813616,-4482.8154,11.872005,-1.3255167,-4469.6179
1,4,0.25870905,2,4,0.15722182,3,4,0.16069649,-4482.3876,11.532547,-0.88663187,-4469.9684
1,4,0.28635339,2,4,0.16131705,3,4,0.14993634,-4481.7692,11.952136,-0.28562581,-4469.5314
1,4,0.29074237,2,4,0.14997347,3,4,0.15870856,-4482.664,11.988488,-1.2063982,-4469.4691
1,4,0.29005812,2,4,0.1652107,3,4,0.14497989,-4481.8636,12.004974,-0.38694577,-4469.4716
1,4,0.28689194,2,4,0.16225064,3,4,0.16016703,-4482.2381,12.186192,-0.79035249,-4469.2615
1,4,0.28406532,2,4,0.15579423,3,4,0.14374749,-4481.8849,11.672141,-0.38559665,-4469.8271
1,4,0.25162387,2,4,0.18337638,3,4,0.14329905,-4482.9756,11.565986,-1.4741925,-4469.9354
1,4,0.26431812,2,4,0.16733457,3,4,0.16093679,-4482.1691,11.85179,-0.70732035,-4469.61
1,4,0.23343337,2,4,0.16453389,3,4,0.13207382,-4485.1099,10.600822,-3.2166468,-4471.2924
1,4,0.28458184,2,4,0.19857971,3,4,0.14407027,-4484.1428,12.544636,-2.9999114,-4468.5983
1,4,0.28198906,2,4,0.14313635,3,4,0.14194407,-4483.0317,11.341389,-1.4136766,-4470.2767
1,4,0.29143297,2,4,0.16930164,3,4,0.14310758,-4481.9867,12.076844,-0.5176787,-4469.3922
1,4,0.28231464,2,4,0.15471851,3,4,0.11396055,-4485.6267,11.019874,-3.5631462,-4471.0436
1,4,0.27019747,2,4,0.15927797,3,4,0.13105371,-4482.4427,11.210583,-0.88793089,-4470.3442
1,4,0.27517271,2,4,0.16844271,3,4,0.12811888,-4482.4613,11.434686,-0.89661879,-4470.13
1,4,0.26808025,2,4,0.15026108,3,4,0.1552481,-4482.1945,11.471789,-0.67079109,-4470.0519
1,4,0.25570146,2,4,0.15331006,3,4,0.12026773,-4485.1689,10.585585,-3.2873709,-4471.2959
1,4,0.27730423,2,4,0.16494208,3,4,0.13811863,-4481.7047,11.607299,-0.20537992,-4469.8921
1,4,0.26603095,2,4,0.17393804,3,4,0.13809152,-4481.9139,11.56121,-0.41296582,-4469.9397
1,4,0.26809099,2,4,0.14130694,3,4,0.17352292,-4484.2349,11.658417,-2.760247,-4469.8163
1,4,0.2942044,2,4,0.15842183,3,4,0.14551905,-4482.1592,11.962905,-0.69354499,-4469.5027
1,4,0.29945497,2,4,0.15176637,3,4,0.14685374,-4482.7808,11.961502,-1.3293222,-4469.49
1,4,0.23304805,2,4,0.17196728,3,4,0.14341702,-4484.3825,10.968647,-2.5784651,-4470.8354
1,4,0.26139361,2,4,0.17549623,3,4,0.13699578,-4482.1729,11.477713,-0.65988871,-4470.0353
1,4,0.26777314,2,4,0.18138661,3,4,0.13159799,-4482.595,11.615155,-1.0874603,-4469.8923
1,4,0.25657611,2,4,0.15224835,3,4,0.14279115,-4482.57,11.032312,-1.0205068,-4470.5172
1,4,0.22534372,2,4,0.17037277,3,4,0.16082182,-4485.8586,11.130766,-3.9321192,-4470.7957
1,4,0.28768653,2,4,0.15617297,3,4,0.1613625,-4482.4183,12.10444,-0.98046781,-4469.3334
1,4,0.28383033,2,4,0.16166819,3,4,0.13706539,-4481.9222,11.651278,-0.41964957,-4469.8512
1,4,0.22940947,2,4,0.14697766,3,4,0.14893527,-4485.9213,10.506448,-3.8828421,-4471.532
1,4,0.28952828,2,4,0.15907935,3,4,0.13744502,-4482.169,11.721053,-0.67124406,-4469.7767
1,4,0.27967964,2,4,0.17234765,3,4,0.15817873,-4482.1434,12.20412,-0.68208291,-4469.2572
1,4,0.28674794,2,4,0.17122636,3,4,0.18185829,-4485.1492,12.796652,-4.1913736,-4468.1612
1,4,0.28265069,2,4,0.15491999,3,4,0.13183708,-4482.632,11.388155,-1.0671501,-4470.1767
1,4,0.28818698,2,4,0.13796254,3,4,0.16185073,-4483.89,11.760005,-2.3187046,-4469.8113
1,4,0.26343723,2,4,0.13395943,3,4,0.1608338,-4484.5106,11.164609,-2.6957156,-4470.6502
1,4,0.29228343,2,4,0.15565735,3,4,0.14880732,-4482.1588,11.934962,-0.68597744,-4469.5379
1,4,0.26387218,2,4,0.16423123,3,4,0.16405963,-4482.3729,11.843261,-0.92743963,-4469.6022
1,4,0.28435788,2,4,0.15596637,3,4,0.14271511,-4481.9115,11.660787,-0.41125303,-4469.8394
1,4,0.23857079,2,4,0.14823232,3,4,0.14738501,-4484.4674,10.683762,-2.6797612,-4471.1039
1,4,0.23901204,2,4,0.17106238,3,4,0.16115449,-4483.9763,11.424578,-2.3683526,-4470.1834
1,4,0.29522837,2,4,0.14509776,3,4,0.15533032,-4483.1403,11.913129,-1.6557463,-4469.5714
1,4,0.29798496,2,4,0.17610166,3,4,0.14110899,-4482.6203,12.303912,-1.2071857,-4469.1092
1,4,0.2883696,2,4,0.16467738,3,4,0.12222124,-4483.4947,11.505364,-1.8416093,-4470.1477
1,4,0.26165255,2,4,0.17305175,3,4,0.16669293,-4482.9597,12.027945,-1.5771818,-4469.3546
1,4,0.27275101,2,4,0.14929215,3,4,0.1251934,-4483.9997,10.944731,-2.2614317,-4470.7936
1,4,0.27134358,2,4,0.17278234,3,4,0.15575423,-4481.9328,11.997603,-0.45982063,-4469.4754
1,4,0.23966386,2,4,0.17065329,3,4,0.12682991,-4484.8013,10.742941,-2.9507824,-4471.1076
1,4,0.26717898,2,4,0.16521992,3,4,0.14391891,-4481.5858,11.526356,-0.091335017,-4469.9681
1,4,0.2843151,2,4,0.12712787,3,4,0.15716155,-4485.5639,11.37209,-3.5834258,-4470.6084
1,4,0.23031168,2,4,0.13217478,3,4,0.15415956,-4488.1319,10.33292,-5.6515031,-4472.1475
1,4,0.29178088,2,4,0.16153083,3,4,0.13006446,-4482.7424,11.667523,-1.2089598,-4469.8659
1,4,0.24936202,2,4,0.1850399,3,4,0.13256257,-4483.7224,11.33929,-2.1336946,-4470.2494
1,4,0.25676636,2,4,0.19768994,3,4,0.1517951,-4484.3982,12.125028,-3.2148627,-4469.0583
1,4,0.29308539,2,4,0.17814662,3,4,0.13529508,-4482.5941,12.130542,-1.1589974,-4469.3045
1,4,0.23029337,2,4,0.16408392,3,4,0.14727734,-4484.7004,10.833092,-2.827172,-4471.0401
1,4,0.25158884,2,4,0.15677804,3,4,0.15201341,-4482.5026,11.207606,-0.94748449,-4470.3475
1,4,0.24180818,2,4,0.15058052,3,4,0.15731818,-4483.9103,10.994138,-2.2023282,-4470.7138
1,4,0.26424539,2,4,0.16424007,3,4,0.14928555,-4481.6477,11.55542,-0.15145182,-4469.9409
1,4,0.27798046,2,4,0.17847425,3,4,0.15276103,-4482.1555,12.184315,-0.69734317,-4469.2739
1,4,0.28336633,2,4,0.15407113,3,4,0.16587713,-4482.684,12.066292,-1.2716689,-4469.346
1,4,0.25603812,2,4,0.16948521,3,4,0.12312758,-4483.7684,10.973018,-2.0457119,-4470.7497
1,4,0.2691511,2,4,0.16811922,3,4,0.12960279,-4482.3741,11.337462,-0.81806734,-4470.2186
1,4,0.26047459,2,4,0.18562188,3,4,0.13001133,-4483.2528,11.522156,-1.7272863,-4470.0033
1,4,0.2987122,2,4,0.16793245,3,4,0.12087174,-4484.0928,11.750328,-2.4879219,-4469.8545
1,4,0.26164461,2,4,0.1661293,3,4,0.13512436,-4482.1421,11.257965,-0.61627768,-4470.2678
1,4,0.29284314,2,4,0.17898215,3,4,0.14034443,-4482.4874,12.243394,-1.0594975,-4469.1845
1,4,0.23843682,2,4,0.14916364,3,4,0.15454782,-4484.3637,10.842966,-2.5796141,-4470.9411
1,4,0.29518682,2,4,0.1379106,3,4,0.16610257,-4484.4583,11.984,-2.9985968,-4469.4757
1,4,0.28679665,2,4,0.16806698,3,4,0.14862418,-4481.7899,12.069756,-0.3070639,-4469.4131
1,4,0.25597092,2,4,0.15707504,3,4,0.15973603,-4482.4767,11.45564,-0.95932133,-4470.0617
1,4,0.25289806,2,4,0.17970154,3,4,0.13360864,-4483.0393,11.324165,-1.469256,-4470.2459
1,4,0.27863897,2,4,0.16480534,3,4,0.16839607,-4482.7551,12.236808,-1.3803934,-4469.1379
1,4,0.27701072,2,4,0.16558489,3,4,0.14603625,-4481.5081,11.772637,-0.015499191,-4469.7199
1,4,0.25941422,2,4,0.17204593,3,4,0.15105065,-4481.9765,11.650216,-0.48029034,-4469.846
1,4,0.27925081,2,4,0.18342777,3,4,0.15959324,-4483.0419,12.445436,-1.6692965,-4468.9271
1,4,0.27217238,2,4,0.16855138,3,4,0.15595391,-4481.7898,11.933553,-0.30906418,-4469.5471
1,4,0.27832245,2,4,0.18045805,3,4,0.11973259,-4483.7993,11.570262,-2.1450439,-4470.084
1,4,0.29250105,2,4,0.15234836,3,4,0.12669296,-4483.7556,11.430847,-2.1045293,-4470.2202
1,4,0.27866622,2,4,0.16581671,3,4,0.14508285,-4481.5309,11.791316,-0.038691175,-4469.7009
1,4,0.29110998,2,4,0.15263416,3,4,0.13631579,-4482.6757,11.601199,-1.1446416,-4469.9299
1,4,0.27739541,2,4,0.16256021,3,4,0.15515252,-4481.7074,11.902163,-0.22241878,-4469.5829
1,4,0.24038172,2,4,0.18644898,3,4,0.12955935,-4484.9989,11.127801,-3.2409438,-4470.6302
1,4,0.2763758,2,4,0.16011297,3,4,0.13987242,-4481.7201,11.527224,-0.22040112,-4469.9725
1,4,0.27632414,2,4,0.16575917,3,4,0.14253965,-4481.542,11.692459,-0.0487549,-4469.8008
1,4,0.27648148,2,4,0.1496153,3,4,0.15921106,-4482.339,11.706157,-0.8381866,-4469.7947
1,4,0.25802712,2,4,0.17284065,3,4,0.1396654,-4482.1246,11.410663,-0.60689172,-4470.107
1,4,0.28264383,2,4,0.14958971,3,4,0.16761847,-4483.0221,11.99704,-1.6132795,-4469.4117
1,4,0.25291331,2,4,0.1591949,3,4,0.14088353,-4482.4768,11.059835,-0.93216225,-4470.4848
1,4,0.24545544,2,4,0.15119741,3,4,0.14533316,-4483.4551,10.83972,-1.8087723,-4470.8066
1,4,0.27436011,2,4,0.1661009,3,4,0.15190627,-4481.5802,11.847345,-0.089531508,-4469.6433
1,4,0.31297171,2,4,0.16788011,3,4,0.15077245,-4483.6906,12.632485,-2.430898,-4468.6273
1,4,0.29346613,2,4,0.15166393,3,4,0.1491619,-4482.4314,11.885839,-0.952278,-4469.5933
1,4,0.25343018,2,4,0.16342388,3,4,0.15125856,-4482.1868,11.362253,-0.65817145,-4470.1664
1,4,0.25322156,2,4,0.17743422,3,4,0.13430984,-4482.8607,11.299312,-1.2935859,-4470.2678
1,4,0.27216401,2,4,0.19567419,3,4,0.14463307,-4483.5482,12.249425,-2.2982238,-4469.0006
1,4,0.27270469,2,4,0.16378089,3,4,0.12726088,-4482.6587,11.274929,-1.0691494,-4470.3146
1,4,0.24316271,2,4,0.18831048,3,4,0.14876744,-4484.1372,11.604812,-2.6425766,-4469.8898
1,4,0.26441902,2,4,0.18931815,3,4,0.12269829,-4484.1622,11.528709,-2.5798613,-4470.0537
1,4,0.29197191,2,4,0.16525889,3,4,0.15296861,-4482.1018,12.203988,-0.63946364,-4469.2584
1,4,0.27085434,2,4,0.14153642,3,4,0.15163417,-4482.9783,11.280499,-1.3522261,-4470.3456
1,4,0.25727935,2,4,0.16143695,3,4,0.14116307,-4482.106,11.197587,-0.58737676,-4470.3211
1,4,0.26935447,2,4,0.16543096,3,4,0.11820264,-4484.0933,11.059761,-2.282698,-4470.7509
1,4,0.30764194,2,4,0.18173529,3,4,0.13479429,-4483.8321,12.483431,-2.5664696,-4468.7822
1,4,0.28397883,2,4,0.14948818,3,4,0.15402182,-4482.2787,11.749777,-0.77230479,-4469.7566
1,4,0.28099899,2,4,0.13719869,3,4,0.14695179,-4483.678,11.302989,-1.96073,-4470.4143
1,4,0.27535831,2,4,0.16273858,3,4,0.1467431,-4481.5079,11.6968,-0.015168434,-4469.796
1,4,0.27793068,2,4,0.16532391,3,4,0.14872,-4481.5334,11.839492,-0.041149121,-4469.6527
1,4,0.24366002,2,4,0.1702285,3,4,0.13385107,-4483.5632,10.954792,-1.889077,-4470.7193
1,4,0.27113184,2,4,0.17296917,3,4,0.11886916,-4483.8226,11.259404,-2.0704691,-4470.4927
1,4,0.26181578,2,4,0.17374604,3,4,0.15377944,-4482.0481,11.786825,-0.56710249,-4469.6942
1,4,0.29883573,2,4,0.16071581,3,4,0.13119846,-4483.0366,11.815,-1.5436962,-4469.6779
1,4,0.26402421,2,4,0.15982296,3,4,0.13422047,-4482.2867,11.161353,-0.75489279,-4470.3704
1,4,0.28480604,2,4,0.14911777,3,4,0.14799026,-4482.2791,11.638282,-0.75652771,-4469.8843
1,4,0.23028929,2,4,0.16035389,3,4,0.16601807,-4485.423,11.133225,-3.5999639,-4470.6898
1,4,0.27968094,2,4,0.15758998,3,4,0.14690892,-4481.6717,11.683597,-0.17624707,-4469.8119
1,4,0.26310963,2,4,0.16552973,3,4,0.13290582,-4482.2657,11.230903,-0.72800701,-4470.3067
1,4,0.30259123,2,4,0.15611135,3,4,0.13968364,-4482.9288,11.967725,-1.4942569,-4469.4668
1,4,0.26669995,2,4,0.16629806,3,4,0.15866298,-4481.9469,11.83322,-0.47239065,-4469.6413
1,4,0.2874853,2,4,0.16043763,3,4,0.13920758,-4481.9587,11.74261,-0.46544011,-4469.7507
1,4,0.24501406,2,4,0.15263312,3,4,0.15559188,-4483.3721,11.064781,-1.7288142,-4470.5785
1,4,0.27888134,2,4,0.1646334,3,4,0.11133163,-4485.5109,11.096927,-3.4246429,-4470.9894
1,4,0.28550196,2,4,0.17345309,3,4,0.14611428,-4481.8747,12.101387,-0.396534,-4469.3768
1,4,0.25228683,2,4,0.16461074,3,4,0.12383496,-4484.0345,10.814651,-2.2940552,-4470.9258
1,4,0.29691199,2,4,0.19356708,3,4,0.14130489,-4484.06,12.635679,-2.8626861,-4468.5616
1,4,0.27482984,2,4,0.18574483,3,4,0.14779013,-4482.5246,12.167296,-1.1164064,-4469.2409
1,4,0.27352171,2,4,0.15515211,3,4,0.14542824,-4481.7646,11.482041,-0.26132881,-4470.0213
1,4,0.24121492,2,4,0.16146535,3,4,0.16159207,-4483.6778,11.285447,-2.0529603,-4470.3394
1,4,0.27997134,2,4,0.17805391,3,4,0.12510351,-4482.9877,11.662575,-1.4267037,-4469.8984
1,4,0.27763982,2,4,0.14720246,3,4,0.14195558,-4482.5074,11.335957,-0.94385437,-4470.2276
1,4,0.26771359,2,4,0.16409661,3,4,0.12977534,-4482.4507,11.231711,-0.88959433,-4470.3293
1,4,0.25515599,2,4,0.1582627,3,4,0.14594769,-4482.2042,11.187328,-0.67583651,-4470.3411
1,4,0.27155279,2,4,0.17914644,3,4,0.15338816,-4482.1822,12.081748,-0.72967126,-4469.3708
1,4,0.28284854,2,4,0.16234955,3,4,0.14218885,-4481.676,11.747739,-0.18386749,-4469.7444
1,4,0.27599646,2,4,0.13645714,3,4,0.15815243,-4483.7545,11.412121,-2.0610397,-4470.2813
1,4,0.24618952,2,4,0.17718002,3,4,0.12131944,-4484.9694,10.89378,-3.0881271,-4470.9874
1,4,0.26537533,2,4,0.17591524,3,4,0.14769977,-4481.8805,11.779807,-0.39782589,-4469.7029
1,4,0.30766912,2,4,0.17250533,3,4,0.17621248,-4485.8443,13.127739,-4.8933095,-4467.8233
1,4,0.26983166,2,4,0.1669221,3,4,0.14455674,-4481.5346,11.62621,-0.041418147,-4469.8669
1,4,0.29919878,2,4,0.15797392,3,4,0.15193123,-4482.54,12.182079,-1.1163354,-4469.2416
1,4,0.27538927,2,4,0.1623367,3,4,0.14474539,-4481.527,11.649427,-0.03389924,-4469.8436
1,4,0.23560585,2,4,0.1662294,3,4,0.16020444,-4484.2342,11.240794,-2.5334346,-4470.46
1,4,0.30352062,2,4,0.16860906,3,4,0.15427524,-4483.0056,12.528099,-1.6302979,-4468.8472
1,4,0.27203983,2,4,0.15896642,3,4,0.13802768,-4481.8691,11.380679,-0.36212184,-4470.1263
1,4,0.27585643,2,4,0.15936644,3,4,0.14265515,-4481.6433,11.55756,-0.14684845,-4469.9389
1,4,0.27023663,2,4,0.1913912,3,4,0.13218372,-4483.3144,11.876231,-1.9201562,-4469.518
1,4,0.31507826,2,4,0.16329854,3,4,0.15380862,-4483.9523,12.643708,-2.738933,-4468.5696
1,4,0.25441452,2,4,0.16168556,3,4,0.14987998,-4482.1309,11.319601,-0.60474616,-4470.2066
1,4,0.26834159,2,4,0.16055682,3,4,0.16803091,-4482.6382,11.938586,-1.2336839,-4469.4659
1,4,0.26629377,2,4,0.13919245,3,4,0.14333925,-4483.6431,10.976509,-1.9340243,-4470.7326
1,4,0.29386741,2,4,0.17203031,3,4,0.15290239,-4482.3971,12.376002,-0.94975982,-4469.0713
1,4,0.2783618,2,4,0.13334915,3,4,0.13040368,-4485.8272,10.842293,-3.7669117,-4471.218
1,4,0.30361813,2,4,0.16722966,3,4,0.15774836,-4483.1784,12.571923,-1.8214171,-4468.7851
1,4,0.29817858,2,4,0.14695767,3,4,0.12572807,-4484.7698,11.417286,-3.0331613,-4470.3194
1,4,0.26086245,2,4,0.16687924,3,4,0.13768674,-4482.0084,11.308568,-0.49279162,-4470.2071
