1,4,0.14234316,2,4,0.22092205,3,4,0.31109087,-3732.4914,13.487121,-3.2721727,-3715.7321
1,4,0.17526217,2,4,0.20465612,3,4,0.25884263,-3732.4919,12.775218,-3.0765619,-3716.6401
1,4,0.15769371,2,4,0.18366817,3,4,0.25653989,-3730.863,11.958035,-1.1146447,-3717.7904
1,4,0.15100567,2,4,0.16490002,3,4,0.29166858,-3730.2865,12.151486,-0.59696589,-3717.5381
1,4,0.16617056,2,4,0.17807781,3,4,0.29264507,-3729.9862,12.737869,-0.35430588,-3716.894
1,4,0.15259932,2,4,0.19818285,3,4,0.26357403,-3730.725,12.287124,-1.049052,-3717.3889
1,4,0.18692823,2,4,0.16691736,3,4,0.30843026,-3732.1116,13.245517,-2.8164426,-3716.0497
1,4,0.17942612,2,4,0.15448964,3,4,0.28043161,-3731.7949,12.286947,-2.0837036,-3717.4243
1,4,0.13905038,2,4,0.19184339,3,4,0.28006466,-3730.2122,12.219169,-0.53330927,-3717.4598
1,4,0.1258155,2,4,0.1749684,3,4,0.32249698,-3732.6112,12.465618,-2.8292905,-3717.3163
1,4,0.15853901,2,4,0.19359768,3,4,0.28620436,-3729.9951,12.766821,-0.36143897,-3716.8668
1,4,0.17822333,2,4,0.16310703,3,4,0.28155673,-3731.0848,12.457742,-1.4619906,-3717.1651
1,4,0.18533444,2,4,0.16677902,3,4,0.23412488,-3735.1792,11.724767,-4.9349896,-3718.5195
1,4,0.15323126,2,4,0.17139081,3,4,0.30694175,-3730.1952,12.631276,-0.55668984,-3717.0072
1,4,0.14378866,2,4,0.17475516,3,4,0.26795924,-3730.623,11.730061,-0.92011612,-3717.9729
1,4,0.15359006,2,4,0.1740486,3,4,0.29997295,-3729.8988,12.552232,-0.25094974,-3717.0956
1,4,0.17504245,2,4,0.18063717,3,4,0.2932601,-3730.5802,12.978795,-1.0148209,-3716.5866
1,4,0.14303997,2,4,0.1792526,3,4,0.30253469,-3730.092,12.496545,-0.43803126,-3717.1575
1,4,0.12359772,2,4,0.16717981,3,4,0.25396533,-3734.7818,10.894857,-4.4925924,-3719.3944
1,4,0.15892545,2,4,0.1753933,3,4,0.27879922,-3729.8609,12.262359,-0.20472682,-3717.3938
1,4,0.1710558,2,4,0.19318115,3,4,0.28488931,-3730.6501,12.982525,-1.0822003,-3716.5854
1,4,0.087821138,2,4,0.23459422,3,4,0.33036089,-3741.4451,13.055525,-11.813462,-3716.5761
1,4,0.16505102,2,4,0.13693884,3,4,0.32351958,-3734.5047,12.510189,-4.600788,-3717.3937
1,4,0.18465515,2,4,0.1612597,3,4,0.31316713,-3732.2562,13.18164,-2.9480736,-3716.1265
1,4,0.14113711,2,4,0.18274025,3,4,0.31389879,-3730.5548,12.755523,-0.94053436,-3716.8587
1,4,0.16423416,2,4,0.19263495,3,4,0.30076752,-3730.4426,13.152733,-0.83298002,-3716.4569
1,4,0.14203131,2,4,0.18476946,3,4,0.27826514,-3730.0527,12.101318,-0.38240723,-3717.569
1,4,0.14060332,2,4,0.17163184,3,4,0.28449803,-3730.4177,11.934664,-0.723207,-3717.7598
1,4,0.17570827,2,4,0.15044606,3,4,0.28104891,-3731.98,12.144065,-2.1698734,-3717.6661
1,4,0.17160435,2,4,0.17512406,3,4,0.31982807,-3731.3566,13.33113,-1.8986068,-3716.1268
1,4,0.1685408,2,4,0.18495481,3,4,0.30242357,-3730.4512,13.118384,-0.85264619,-3716.4802
1,4,0.16911834,2,4,0.20204894,3,4,0.3050072,-3731.5737,13.52349,-2.0833864,-3715.9669
1,4,0.15461297,2,4,0.18774415,3,4,0.29723028,-3729.8228,12.791748,-0.17761391,-3716.8535
1,4,0.14815279,2,4,0.20762853,3,4,0.23612356,-3734.0031,11.838098,-3.8983949,-3718.2666
1,4,0.15183242,2,4,0.18029787,3,4,0.27704494,-3729.8172,12.183505,-0.16238726,-3717.4713
1,4,0.15227112,2,4,0.1844017,3,4,0.26627768,-3730.225,12.05901,-0.54048926,-3717.6255
1,4,0.16841001,2,4,0.18038703,3,4,0.25655979,-3731.1617,12.107136,-1.4289645,-3717.6256
1,4,0.15962355,2,4,0.16593896,3,4,0.29564365,-3730.1643,12.424123,-0.50105653,-3717.2391
1,4,0.16379585,2,4,0.16914784,3,4,0.29562213,-3730.0965,12.571317,-0.45308495,-3717.0721
1,4,0.1643092,2,4,0.20565839,3,4,0.28710885,-3731.0634,13.141529,-1.5490317,-3716.3729
1,4,0.18628752,2,4,0.15592143,3,4,0.24758513,-3734.3297,11.795882,-4.2430273,-3718.2908
1,4,0.13043701,2,4,0.20430555,3,4,0.29994249,-3731.1801,12.693701,-1.5611126,-3716.9252
1,4,0.15850984,2,4,0.17058346,3,4,0.26761397,-3730.4336,11.934145,-0.73204129,-3717.7674
1,4,0.13316314,2,4,0.1923791,3,4,0.23802947,-3734.1599,11.271434,-3.8182318,-3719.0702
1,4,0.15665714,2,4,0.22492361,3,4,0.27038153,-3732.9026,13.039246,-3.7024686,-3716.1609
1,4,0.16280898,2,4,0.15458642,3,4,0.30874663,-3731.3817,12.52284,-1.6934906,-3717.1654
1,4,0.14747606,2,4,0.18554465,3,4,0.28675766,-3729.7244,12.395568,-0.073236993,-3717.2556
1,4,0.14740361,2,4,0.16873508,3,4,0.31494578,-3730.7855,12.621689,-1.1509473,-3717.0129
1,4,0.15933598,2,4,0.15164638,3,4,0.31323687,-3731.8764,12.484385,-2.1474274,-3717.2446
1,4,0.12125123,2,4,0.21275751,3,4,0.29946075,-3732.52,12.66939,-2.8844032,-3716.9663
1,4,0.14966866,2,4,0.19512379,3,4,0.26644764,-3730.4507,12.224802,-0.7704902,-3717.4554
1,4,0.15662563,2,4,0.20544908,3,4,0.29947416,-3730.8756,13.230977,-1.3288795,-3716.3158
1,4,0.14605663,2,4,0.19145034,3,4,0.30255447,-3730.0544,12.801229,-0.42372503,-3716.8295
1,4,0.14789401,2,4,0.17427326,3,4,0.28994602,-3729.8753,12.242266,-0.21762104,-3717.4154
1,4,0.15273354,2,4,0.15632616,3,4,0.22633414,-3736.7933,10.707877,-5.9183406,-3720.1671
1,4,0.1261174,2,4,0.2067212,3,4,0.27206528,-3732.0859,12.098078,-2.2433714,-3717.7445
1,4,0.14271181,2,4,0.21524052,3,4,0.26892769,-3731.7506,12.537601,-2.188117,-3717.0249
1,4,0.13437188,2,4,0.19155795,3,4,0.2840029,-3730.4484,12.198655,-0.74474308,-3717.505
1,4,0.12656369,2,4,0.18748713,3,4,0.31938223,-3731.899,12.668661,-2.2364258,-3716.9939
1,4,0.16530656,2,4,0.18876574,3,4,0.27865009,-3730.1458,12.654448,-0.51870774,-3716.9726
1,4,0.13420624,2,4,0.16558553,3,4,0.28477807,-3731.4698,11.691397,-1.6553515,-3718.123
1,4,0.15308902,2,4,0.17683184,3,4,0.31739575,-3730.5481,12.946332,-0.9669053,-3716.6348
1,4,0.15319269,2,4,0.1890064,3,4,0.27318251,-3729.9714,12.307632,-0.3131441,-3717.3506
1,4,0.17012459,2,4,0.17485629,3,4,0.30243103,-3730.4209,12.948238,-0.83084532,-3716.6418
1,4,0.13522661,2,4,0.17816838,3,4,0.29576083,-3730.5066,12.183116,-0.79724991,-3717.5262
1,4,0.16984098,2,4,0.17214267,3,4,0.29287678,-3730.2276,12.697208,-0.60936946,-3716.9211
1,4,0.10090343,2,4,0.16918454,3,4,0.29645933,-3738.1524,11.330946,-6.6645367,-3720.1569
1,4,0.14066152,2,4,0.19714226,3,4,0.32653035,-3731.5904,13.286683,-2.163756,-3716.14
1,4,0.14944155,2,4,0.1996523,3,4,0.3030018,-3730.4073,13.041913,-0.81164741,-3716.5538
1,4,0.12974009,2,4,0.21249054,3,4,0.29548485,-3731.6734,12.75431,-2.1168656,-3716.8022
1,4,0.16350924,2,4,0.17688907,3,4,0.31864534,-3730.8448,13.180873,-1.3074953,-3716.3564
1,4,0.19046737,2,4,0.18148123,3,4,0.26751336,-3732.4256,12.789239,-3.079588,-3716.5568
1,4,0.14464337,2,4,0.20541144,3,4,0.28716396,-3730.5204,12.744375,-0.92870363,-3716.8473
1,4,0.15666146,2,4,0.1787991,3,4,0.26524088,-3730.3054,12.014029,-0.61384507,-3717.6775
1,4,0.1676594,2,4,0.15877691,3,4,0.26644966,-3731.4272,11.857719,-1.6143757,-3717.9551
1,4,0.16143434,2,4,0.18141007,3,4,0.33492499,-3732.0191,13.555388,-2.6890541,-3715.7747
1,4,0.13750463,2,4,0.18593289,3,4,0.2705655,-3730.6208,11.88006,-0.89759006,-3717.8431
1,4,0.1527029,2,4,0.17844296,3,4,0.30004189,-3729.8178,12.623755,-0.17231008,-3717.0218
1,4,0.12956205,2,4,0.18781827,3,4,0.29290147,-3730.8203,12.205636,-1.0741482,-3717.5405
1,4,0.15158572,2,4,0.15826411,3,4,0.31694825,-3731.5208,12.535962,-1.8405541,-3717.1443
1,4,0.1546621,2,4,0.17295752,3,4,0.25017501,-3731.6938,11.555893,-1.8279391,-3718.31
1,4,0.17140063,2,4,0.16824384,3,4,0.31491168,-3731.1276,13.091123,-1.6238591,-3716.4126
1,4,0.14930059,2,4,0.17473027,3,4,0.28346242,-3729.8613,12.149865,-0.20575708,-3717.5057
1,4,0.1655281,2,4,0.16434795,3,4,0.28337193,-3730.3606,12.26496,-0.68148855,-3717.4141
1,4,0.14147148,2,4,0.19625376,3,4,0.30144196,-3730.2843,12.783344,-0.66408437,-3716.8369
1,4,0.15563247,2,4,0.17027055,3,4,0.29074657,-3729.9005,12.332992,-0.24163911,-3717.3259
1,4,0.1401862,2,4,0.18476386,3,4,0.30797153,-3730.3347,12.658432,-0.6972222,-3716.9791
1,4,0.14458748,2,4,0.1842916,3,4,0.30118044,-3729.9496,12.60119,-0.30378698,-3717.0446
1,4,0.15536716,2,4,0.16991333,3,4,0.27398394,-3730.1927,11.985289,-0.51402613,-3717.6933
1,4,0.15446448,2,4,0.18693007,3,4,0.26147251,-3730.5156,12.057341,-0.8076073,-3717.6506
1,4,0.15970852,2,4,0.15602467,3,4,0.2845477,-3730.9553,12.005618,-1.1859678,-3717.7637
1,4,0.18535262,2,4,0.15668851,3,4,0.29375877,-3731.9869,12.715998,-2.486437,-3716.7845
1,4,0.16039939,2,4,0.18456648,3,4,0.26866121,-3730.1712,12.272542,-0.5049512,-3717.3937
1,4,0.16954723,2,4,0.19380037,3,4,0.27845096,-3730.6147,12.835971,-1.0368414,-3716.7419
1,4,0.15278869,2,4,0.19169463,3,4,0.25061406,-3731.4793,11.901948,-1.6595725,-3717.9178
1,4,0.12985696,2,4,0.17671969,3,4,0.29151175,-3731.1065,11.961768,-1.3158767,-3717.8289
1,4,0.16409626,2,4,0.18758529,3,4,0.30765878,-3730.4834,13.186806,-0.88066188,-3716.416
1,4,0.16810344,2,4,0.15427125,3,4,0.29024104,-3731.1747,12.252315,-1.4305618,-3717.4918
1,4,0.15353321,2,4,0.18538295,3,4,0.30066565,-3729.8483,12.791636,-0.20546809,-3716.8512
1,4,0.13233407,2,4,0.21616416,3,4,0.31054681,-3732.2014,13.180901,-2.8497682,-3716.1707
1,4,0.15832762,2,4,0.17790219,3,4,0.3068715,-3730.089,12.862026,-0.46377486,-3716.7632
1,4,0.15685855,2,4,0.20034589,3,4,0.26251543,-3730.9526,12.394398,-1.3018191,-3717.2564
1,4,0.17359087,2,4,0.21575063,3,4,0.29851961,-3733.1399,13.757222,-3.9625504,-3715.4202
1,4,0.17266659,2,4,0.14061839,3,4,0.28912101,-3733.0942,12.04812,-3.0629681,-3717.9831
1,4,0.14334045,2,4,0.16566568,3,4,0.29100439,-3730.5891,12.000211,-0.8732965,-3717.7156
1,4,0.15132033,2,4,0.19026534,3,4,0.28394408,-3729.7742,12.510595,-0.12647485,-3717.1372
1,4,0.14979191,2,4,0.17116317,3,4,0.29395037,-3729.9662,12.298109,-0.30415986,-3717.3639
1,4,0.15647233,2,4,0.1863224,3,4,0.31177362,-3730.3438,13.091367,-0.73853719,-3716.5139
1,4,0.1463884,2,4,0.18879159,3,4,0.27794867,-3729.9115,12.262573,-0.25282259,-3717.3961
1,4,0.15831428,2,4,0.18803,3,4,0.27944251,-3729.8547,12.515736,-0.20810226,-3717.1308
1,4,0.14618625,2,4,0.19154265,3,4,0.33663367,-3732.1212,13.487251,-2.8173339,-3715.8166
1,4,0.162691,2,4,0.16104197,3,4,0.28258633,-3730.5417,12.126386,-0.83083196,-3717.5845
1,4,0.14274642,2,4,0.22173556,3,4,0.31491814,-3732.7797,13.588002,-3.6232149,-3715.5685
1,4,0.16392335,2,4,0.18137609,3,4,0.31314076,-3730.5836,13.168804,-1.0047855,-3716.41
1,4,0.15815315,2,4,0.16294192,3,4,0.32568367,-3731.5919,12.935575,-2.0790368,-3716.5773
1,4,0.1690661,2,4,0.18124336,3,4,0.28107321,-3730.1499,12.627653,-0.52561706,-3716.9967
1,4,0.15403029,2,4,0.21236044,3,4,0.27308079,-3731.35,12.78943,-1.8479458,-3716.7126
1,4,0.15376844,2,4,0.16604744,3,4,0.27936716,-3730.2754,11.983661,-0.58828889,-3717.7034
1,4,0.15707019,2,4,0.17476395,3,4,0.27342181,-3730.0179,12.105119,-0.35115059,-3717.5616
1,4,0.15027074,2,4,0.21589684,3,4,0.26588749,-3731.903,12.641101,-2.3987099,-3716.8632
1,4,0.14923689,2,4,0.16566609,3,4,0.26643652,-3730.9915,11.62679,-1.2509978,-3718.1137
1,4,0.14012015,2,4,0.17006683,3,4,0.28892317,-3730.5041,11.982203,-0.79800694,-3717.7239
1,4,0.14154864,2,4,0.21660018,3,4,0.29041805,-3731.4893,12.971337,-2.0423036,-3716.4757
1,4,0.13371054,2,4,0.18067203,3,4,0.2793871,-3730.7114,11.875394,-0.97593497,-3717.8601
1,4,0.17392844,2,4,0.18397796,3,4,0.27514693,-3730.6203,12.661067,-1.0313392,-3716.9279
1,4,0.17627068,2,4,0.16954836,3,4,0.29549812,-3730.7239,12.826343,-1.1621812,-3716.7354
1,4,0.14017761,2,4,0.20527866,3,4,0.29421512,-3730.6435,12.793428,-1.0571534,-3716.7929
1,4,0.13417436,2,4,0.16998251,3,4,0.2933234,-3731.0388,11.949606,-1.2683338,-3717.8208
1,4,0.16036513,2,4,0.1776002,3,4,0.28292982,-3729.7814,12.417903,-0.13142765,-3717.2321
1,4,0.14793789,2,4,0.19707532,3,4,0.30275412,-3730.2579,12.955347,-0.64732102,-3716.6553
1,4,0.16095484,2,4,0.16570141,3,4,0.25730368,-3731.4148,11.679199,-1.5935689,-3718.142
1,4,0.13319819,2,4,0.16955746,3,4,0.26319911,-3732.2151,11.319095,-2.3436255,-3718.5524
1,4,0.18515703,2,4,0.17524556,3,4,0.26591697,-3731.8486,12.526391,-2.3186082,-3717.0036
1,4,0.13510905,2,4,0.18916477,3,4,0.33855648,-3732.5628,13.256606,-3.2621225,-3716.044
1,4,0.14660728,2,4,0.17278947,3,4,0.27566951,-3730.2251,11.901325,-0.55248788,-3717.7713
1,4,0.14391217,2,4,0.16353626,3,4,0.30452919,-3730.9126,12.239552,-1.1858215,-3717.4873
1,4,0.14755987,2,4,0.18222468,3,4,0.28986774,-3729.7186,12.393046,-0.067412731,-3717.2582
1,4,0.1438329,2,4,0.16796686,3,4,0.29884607,-3730.4556,12.212917,-0.75990169,-3717.4828
1,4,0.16780822,2,4,0.16957848,3,4,0.26488829,-3730.8168,12.0455,-1.0962572,-3717.675
1,4,0.15379497,2,4,0.16853563,3,4,0.28957997,-3729.9974,12.238211,-0.33095536,-3717.4283
1,4,0.14277885,2,4,0.20767809,3,4,0.27678748,-3730.8543,12.544888,-1.2469511,-3717.0625
1,4,0.14351897,2,4,0.18641791,3,4,0.30971629,-3730.2782,12.793063,-0.65814927,-3716.827
1,4,0.15445417,2,4,0.16723974,3,4,0.32099192,-3731.0546,12.853717,-1.487911,-3716.713
1,4,0.19021991,2,4,0.17729521,3,4,0.29909005,-3732.1871,13.332104,-2.9308884,-3715.9241
1,4,0.13156675,2,4,0.21989897,3,4,0.3121631,-3732.6464,13.272576,-3.3951906,-3715.9786
1,4,0.17598013,2,4,0.1618602,3,4,0.25660195,-3732.2217,11.888845,-2.3591493,-3717.9737
1,4,0.14609863,2,4,0.17930908,3,4,0.25803204,-3731.0127,11.668795,-1.2510234,-3718.0929
1,4,0.14438293,2,4,0.16793439,3,4,0.30663573,-3730.6222,12.379061,-0.93822775,-3717.3049
1,4,0.17536145,2,4,0.17563701,3,4,0.2599073,-3731.3601,12.218115,-1.6694341,-3717.4726
1,4,0.16686179,2,4,0.15532882,3,4,0.27523782,-3731.3228,11.948568,-1.5195827,-3717.8547
1,4,0.12871069,2,4,0.2143456,3,4,0.29499788,-3731.884,12.761083,-2.3418591,-3716.7811
1,4,0.17392836,2,4,0.19554514,3,4,0.2720192,-3731.1749,12.829854,-1.6538244,-3716.6912
1,4,0.17403984,2,4,0.16242489,3,4,0.2715692,-3731.15,12.160679,-1.4362323,-3717.5531
1,4,0.1617678,2,4,0.16006138,3,4,0.29823199,-3730.6119,12.401223,-0.92606438,-3717.2846
1,4,0.13181485,2,4,0.19179927,3,4,0.24904439,-3732.8622,11.45317,-2.7911465,-3718.6179
1,4,0.1286715,2,4,0.17438251,3,4,0.25817668,-3732.8743,11.224614,-2.8802748,-3718.7694
1,4,0.14397853,2,4,0.15928773,3,4,0.28155388,-3731.2688,11.696403,-1.4807621,-3718.0916
1,4,0.18528721,2,4,0.18247411,3,4,0.3123983,-3732.3323,13.603192,-3.0481271,-3715.681
1,4,0.13356789,2,4,0.18594284,3,4,0.27172863,-3730.9026,11.824787,-1.1428775,-3717.935
1,4,0.16695278,2,4,0.18184433,3,4,0.28639569,-3730.0104,12.703856,-0.38009173,-3716.9264
1,4,0.16286543,2,4,0.19299899,3,4,0.31530062,-3731.0505,13.423301,-1.5007509,-3716.1264
1,4,0.1441212,2,4,0.21578848,3,4,0.27959316,-3731.4456,12.790057,-1.9563999,-3716.6991
1,4,0.15050666,2,4,0.153866,3,4,0.30576709,-3731.5863,12.202795,-1.7816363,-3717.6019
1,4,0.161981,2,4,0.16720422,3,4,0.29184267,-3730.0952,12.420558,-0.43623703,-3717.2384
1,4,0.15598738,2,4,0.20566034,3,4,0.2450286,-3732.7103,12.133527,-2.9004935,-3717.6762
1,4,0.17669463,2,4,0.17752395,3,4,0.24645435,-3732.5779,12.013458,-2.7368791,-3717.8275
1,4,0.17016645,2,4,0.19577161,3,4,0.297343,-3730.9184,13.265621,-1.3631028,-3716.2896
1,4,0.12322869,2,4,0.208382,3,4,0.26640755,-3732.8484,11.960365,-2.8754487,-3718.0126
1,4,0.1663751,2,4,0.16867441,3,4,0.29760212,-3730.234,12.653033,-0.6033722,-3716.9776
1,4,0.16793092,2,4,0.18146281,3,4,0.25789351,-3731.0405,12.145745,-1.3232312,-3717.5715
1,4,0.13484749,2,4,0.19101025,3,4,0.31964332,-3731.2161,12.910021,-1.6568666,-3716.6492
1,4,0.14115811,2,4,0.21752013,3,4,0.32316407,-3732.8275,13.636846,-3.6694771,-3715.5212
1,4,0.1565923,2,4,0.17201654,3,4,0.27374503,-3730.0998,12.047077,-0.42754954,-3717.6252
1,4,0.13962331,2,4,0.16665332,3,4,0.31016162,-3731.1438,12.328765,-1.4212609,-3717.3938
1,4,0.13720029,2,4,0.1942268,3,4,0.28992821,-3730.2569,12.427106,-0.59101911,-3717.2387
1,4,0.14820418,2,4,0.17909427,3,4,0.29288084,-3729.7526,12.403586,-0.10091456,-3717.2481
1,4,0.14137678,2,4,0.20997122,3,4,0.26076677,-3731.8197,12.242295,-2.1144476,-3717.463
1,4,0.13864315,2,4,0.20538879,3,4,0.28996623,-3730.6737,12.679963,-1.0700514,-3716.9237
1,4,0.14929307,2,4,0.17148866,3,4,0.25808008,-3731.1905,11.577236,-1.4183217,-3718.1949
1,4,0.20738668,2,4,0.18442941,3,4,0.28354646,-3734.7035,13.507251,-6.1686531,-3715.0276
1,4,0.15143402,2,4,0.19302047,3,4,0.32255455,-3731.1004,13.340181,-1.5940666,-3716.1661
1,4,0.14644515,2,4,0.16698525,3,4,0.31386638,-3730.8739,12.545936,-1.2189422,-3717.109
1,4,0.15487241,2,4,0.18705731,3,4,0.30711178,-3730.1171,12.98083,-0.49137539,-3716.6449
1,4,0.14225833,2,4,0.19100576,3,4,0.27515198,-3730.1735,12.168321,-0.49724141,-3717.5079
1,4,0.16972449,2,4,0.17984401,3,4,0.30137631,-3730.3834,13.018896,-0.78718306,-3716.5773
1,4,0.1402626,2,4,0.18357395,3,4,0.26472297,-3730.7757,11.77119,-1.0405924,-3717.9639
1,4,0.12906255,2,4,0.20863405,3,4,0.26593253,-3732.223,12.072583,-2.3862286,-3717.7642
1,4,0.16126736,2,4,0.14324986,3,4,0.31282377,-3732.9752,12.34682,-3.0812315,-3717.5471
1,4,0.15000313,2,4,0.19238971,3,4,0.28473524,-3729.8326,12.542562,-0.18714197,-3717.1029
1,4,0.16950671,2,4,0.19341638,3,4,0.28571148,-3730.5514,12.972692,-0.9705042,-3716.6082
1,4,0.14968557,2,4,0.16026458,3,4,0.30224219,-3730.85,12.243847,-1.1232776,-3717.4829
1,4,0.12815705,2,4,0.2135276,3,4,0.26670243,-3732.5873,12.167742,-2.7803822,-3717.6392
1,4,0.16724782,2,4,0.14625584,3,4,0.27588912,-3732.442,11.787856,-2.4432394,-3718.2109
1,4,0.15074331,2,4,0.15533928,3,4,0.32469851,-3732.2935,12.615622,-2.6310834,-3717.0468
1,4,0.14458932,2,4,0.16550272,3,4,0.29239751,-3730.5261,12.049791,-0.8161964,-3717.6601
1,4,0.12832779,2,4,0.21301334,3,4,0.30046414,-3731.8857,12.836106,-2.3602964,-3716.6893
1,4,0.14484938,2,4,0.16836589,3,4,0.27537963,-3730.5844,11.771898,-0.88564338,-3717.9269
1,4,0.13607806,2,4,0.19191605,3,4,0.2668423,-3730.9431,11.896728,-1.1816808,-3717.8647
1,4,0.14060027,2,4,0.18561278,3,4,0.28678605,-3729.9802,12.259982,-0.31412258,-3717.4061
1,4,0.14817364,2,4,0.17692113,3,4,0.28792863,-3729.7877,12.260468,-0.13427956,-3717.3929
1,4,0.16761265,2,4,0.20462504,3,4,0.26097275,-3731.7914,12.664209,-2.2659734,-3716.8612
1,4,0.15895478,2,4,0.14804736,3,4,0.27627965,-3732.1992,11.665636,-2.2279347,-3718.3056
1,4,0.17041798,2,4,0.19112289,3,4,0.30394039,-3730.8913,13.309625,-1.3281875,-3716.2535
1,4,0.15928244,2,4,0.20705829,3,4,0.26727074,-3731.257,12.67223,-1.7046348,-3716.8801
1,4,0.17473137,2,4,0.19173181,3,4,0.29218095,-3730.9407,13.172883,-1.4076978,-3716.3601
1,4,0.14658964,2,4,0.19455156,3,4,0.30068046,-3730.0965,12.836433,-0.47045249,-3716.7897
1,4,0.145273,2,4,0.17307775,3,4,0.30178894,-3730.1686,12.402794,-0.50554392,-3717.2603
1,4,0.16783683,2,4,0.15625707,3,4,0.29599894,-3731.0107,12.401857,-1.3129631,-3717.2958
1,4,0.18039587,2,4,0.20672013,3,4,0.26460477,-3732.89,13.034415,-3.6492196,-3716.2064
1,4,0.1355117,2,4,0.19666437,3,4,0.27774541,-3730.6086,12.19843,-0.90409975,-3717.5061
1,4,0.1203777,2,4,0.20643986,3,4,0.27626467,-3732.6163,12.061645,-2.6682627,-3717.8864
1,4,0.13668634,2,4,0.1799991,3,4,0.30717902,-3730.5829,12.477289,-0.91062783,-3717.195
1,4,0.16524312,2,4,0.21447051,3,4,0.27168603,-3732.1144,13.027993,-2.759307,-3716.3271
1,4,0.17192896,2,4,0.17331092,3,4,0.3007229,-3730.4906,12.919255,-0.90860585,-3716.6627
1,4,0.14696482,2,4,0.17224875,3,4,0.28933522,-3729.9922,12.170976,-0.32781328,-3717.4935
1,4,0.14039594,2,4,0.16996209,3,4,0.29278161,-3730.4864,12.062793,-0.78110662,-3717.6425
1,4,0.15156488,2,4,0.17507703,3,4,0.31173732,-3730.2956,12.767585,-0.67739225,-3716.8506
1,4,0.13117459,2,4,0.15804937,3,4,0.27211723,-3733.1969,11.226824,-3.1673964,-3718.8027
1,4,0.15486309,2,4,0.17314121,3,4,0.29287805,-3729.808,12.417647,-0.15506753,-3717.2353
1,4,0.11582819,2,4,0.2140278,3,4,0.26880921,-3734.1206,11.973304,-3.9709243,-3718.1764
1,4,0.16575216,2,4,0.18118435,3,4,0.31149257,-3730.5867,13.168582,-1.0074685,-3716.4107
1,4,0.15921483,2,4,0.13503644,3,4,0.34316254,-3736.419,12.748276,-6.6992225,-3716.9715
1,4,0.15752244,2,4,0.18396221,3,4,0.27323691,-3729.9328,12.294431,-0.27476377,-3717.3636
1,4,0.17610671,2,4,0.14166726,3,4,0.2803005,-3733.2145,11.961489,-3.1671302,-3718.0859
1,4,0.15184054,2,4,0.20394255,3,4,0.28552511,-3730.4305,12.826164,-0.84017913,-3716.7641
1,4,0.18210902,2,4,0.14505882,3,4,0.27447376,-3733.2307,12.032832,-3.2843737,-3717.9135
1,4,0.15823071,2,4,0.19478156,3,4,0.27958156,-3730.0879,12.651877,-0.45695308,-3716.9791
1,4,0.14417951,2,4,0.16618241,3,4,0.28581128,-3730.5294,11.923464,-0.82288887,-3717.783
1,4,0.1475274,2,4,0.18157824,3,4,0.28577402,-3729.7358,12.297593,-0.084054977,-3717.3542
1,4,0.14865041,2,4,0.19158178,3,4,0.26798666,-3730.2808,12.164377,-0.60015898,-3717.5163
1,4,0.16347096,2,4,0.18129756,3,4,0.25431669,-3731.153,11.981704,-1.3852452,-3717.7861
1,4,0.15212078,2,4,0.18872182,3,4,0.28480544,-3729.7314,12.512961,-0.082856276,-3717.1356
1,4,0.10951594,2,4,0.20775823,3,4,0.24825009,-3737.1343,11.310485,-6.0464813,-3719.7773
1,4,0.16193107,2,4,0.14875276,3,4,0.28153648,-3731.8876,11.844406,-1.9731021,-3718.0701
1,4,0.15886786,2,4,0.18110884,3,4,0.26862475,-3730.1303,12.172029,-0.45778966,-3717.5005
1,4,0.14781299,2,4,0.19412945,3,4,0.28199039,-3729.9368,12.478657,-0.2902575,-3717.1678
1,4,0.12660718,2,4,0.21023597,3,4,0.31194513,-3732.1725,12.975765,-2.6934519,-3716.5033
1,4,0.15142473,2,4,0.16284114,3,4,0.28782707,-3730.4399,12.041859,-0.73375186,-3717.6642
1,4,0.15173548,2,4,0.17967774,3,4,0.31408913,-3730.3434,12.910047,-0.74167399,-3716.6917
1,4,0.16366477,2,4,0.19891656,3,4,0.29118916,-3730.5542,13.07541,-0.96736143,-3716.5115
1,4,0.13293078,2,4,0.17950093,3,4,0.3091442,-3730.973,12.431518,-1.2713694,-3717.2702
1,4,0.18199817,2,4,0.14615994,3,4,0.25992431,-3733.9735,11.761648,-3.8346199,-3718.3772
1,4,0.13569464,2,4,0.19564442,3,4,0.29605671,-3730.4219,12.547915,-0.76651321,-3717.1075
1,4,0.15195546,2,4,0.16534357,3,4,0.31778663,-3731.0054,12.701713,-1.3923474,-3716.9113
1,4,0.1575474,2,4,0.19859389,3,4,0.30603225,-3730.6531,13.243471,-1.0663855,-3716.3433
1,4,0.16234899,2,4,0.1834953,3,4,0.31180673,-3730.4819,13.15302,-0.88862113,-3716.4403
1,4,0.15086036,2,4,0.20607031,3,4,0.26846532,-3730.9492,12.50792,-1.3377874,-3717.1035
1,4,0.12562591,2,4,0.15593211,3,4,0.25549056,-3735.7662,10.740972,-5.3468925,-3719.6784
1,4,0.15965101,2,4,0.2043205,3,4,0.29261038,-3730.7592,13.131638,-1.2014205,-3716.4262
1,4,0.16430162,2,4,0.17945628,3,4,0.30356626,-3730.162,12.946483,-0.54220035,-3716.6733
1,4,0.16582253,2,4,0.17515707,3,4,0.31067415,-3730.519,13.033075,-0.93801698,-3716.5479
1,4,0.1505784,2,4,0.19861779,3,4,0.29314802,-3730.1297,12.846884,-0.50935517,-3716.7735
1,4,0.1555652,2,4,0.16990387,3,4,0.27945424,-3730.0279,12.098466,-0.36018004,-3717.5693
1,4,0.16034422,2,4,0.19101391,3,4,0.29586923,-3730.0532,12.944547,-0.41829056,-3716.6903
1,4,0.15507927,2,4,0.19544108,3,4,0.30586441,-3730.3843,13.127695,-0.77614845,-3716.4804
1,4,0.15698412,2,4,0.19133272,3,4,0.27831482,-3729.9406,12.532633,-0.29684686,-3717.1111
1,4,0.16905171,2,4,0.17161744,3,4,0.28836223,-3730.1691,12.580628,-0.53797453,-3717.0505
1,4,0.14533341,2,4,0.18260698,3,4,0.28248795,-3729.8336,12.208567,-0.17756727,-3717.4474
1,4,0.16992612,2,4,0.15732559,3,4,0.28955718,-3730.9541,12.336178,-1.2542589,-3717.3637
1,4,0.16681872,2,4,0.19900051,3,4,0.28768449,-3730.7173,13.070074,-1.1525408,-3716.4947
1,4,0.14725805,2,4,0.17433303,3,4,0.26423144,-3730.6863,11.71645,-0.97257377,-3717.9973
1,4,0.13742128,2,4,0.18008756,3,4,0.29171861,-3730.2473,12.184549,-0.55974555,-3717.503
1,4,0.16475606,2,4,0.20554721,3,4,0.32256739,-3732.5769,13.857413,-3.2243146,-3715.4951
1,4,0.16091276,2,4,0.15311933,3,4,0.29028622,-3731.2164,12.086366,-1.4216131,-3717.7084
1,4,0.15791174,2,4,0.21433385,3,4,0.29226839,-3731.591,13.290279,-2.1745935,-3716.1261
1,4,0.15741614,2,4,0.15676736,3,4,0.29713259,-3730.8896,12.226322,-1.1502607,-3717.513
1,4,0.15186722,2,4,0.17680693,3,4,0.28995544,-3729.7161,12.372592,-0.065039636,-3717.2785
1,4,0.15142248,2,4,0.18938407,3,4,0.2488921,-3731.6251,11.793973,-1.7687246,-3718.0624
1,4,0.1193148,2,4,0.21285167,3,4,0.25939556,-3734.2079,11.831241,-4.0081438,-3718.3685
1,4,0.15049417,2,4,0.20365564,3,4,0.3077842,-3730.8614,13.23868,-1.3171994,-3716.3055
1,4,0.140169,2,4,0.18952569,3,4,0.27965457,-3730.128,12.186985,-0.45262591,-3717.4884
1,4,0.15707161,2,4,0.17523894,3,4,0.28728073,-3729.7413,12.391826,-0.089902192,-3717.2596
1,4,0.17461455,2,4,0.19002324,3,4,0.29090387,-3730.8227,13.110833,-1.2782071,-3716.4337
1,4,0.16861768,2,4,0.15278923,3,4,0.25420601,-3733.0318,11.512258,-2.9428995,-3718.5766
1,4,0.14742485,2,4,0.15789651,3,4,0.29075453,-3731.0763,11.921518,-1.2962748,-3717.8585
1,4,0.14750278,2,4,0.18977981,3,4,0.27506228,-3729.9822,12.246898,-0.32062756,-3717.4147
1,4,0.13889661,2,4,0.17561424,3,4,0.30843829,-3730.6155,12.458983,-0.94326647,-3717.2132
1,4,0.14641643,2,4,0.16980483,3,4,0.26962726,-3730.6564,11.71697,-0.95280093,-3717.9866
1,4,0.16990238,2,4,0.17444818,3,4,0.27460853,-3730.3475,12.379182,-0.7005479,-3717.2678
1,4,0.16761905,2,4,0.17085428,3,4,0.28700372,-3730.1231,12.509541,-0.48237734,-3717.1312
1,4,0.1664564,2,4,0.17298216,3,4,0.30104441,-3730.2096,12.809659,-0.59273494,-3716.8073
1,4,0.11627125,2,4,0.19757561,3,4,0.28965268,-3732.6678,12.069991,-2.6433127,-3717.9545
1,4,0.14653333,2,4,0.18357675,3,4,0.2691479,-3730.2087,11.98516,-0.5274047,-3717.6961
1,4,0.17269052,2,4,0.16103328,3,4,0.26316744,-3731.6266,11.937825,-1.8221454,-3717.8666
1,4,0.16677376,2,4,0.20275547,3,4,0.28613938,-3730.9817,13.113372,-1.4536307,-3716.4147
1,4,0.16151136,2,4,0.18212025,3,4,0.28244489,-3729.8087,12.52153,-0.16232265,-3717.1248
1,4,0.15316776,2,4,0.17787292,3,4,0.29022458,-3729.6866,12.425305,-0.036413415,-3717.2249
1,4,0.15498779,2,4,0.17746848,3,4,0.25642966,-3730.9478,11.777718,-1.1830839,-3717.987
1,4,0.13078466,2,4,0.19260359,3,4,0.2829022,-3730.7934,12.125809,-1.048852,-3717.6188
1,4,0.15636851,2,4,0.17610209,3,4,0.27754199,-3729.8548,12.200252,-0.1979383,-3717.4566
1,4,0.15202421,2,4,0.18261448,3,4,0.26966484,-3730.0629,12.086071,-0.39173838,-3717.5851
1,4,0.16283371,2,4,0.19446599,3,4,0.31087375,-3730.885,13.363469,-1.3132543,-3716.2083
1,4,0.14613291,2,4,0.18646558,3,4,0.28138407,-3729.8219,12.279651,-0.16661054,-3717.3757
1,4,0.13609476,2,4,0.21400509,3,4,0.26057103,-3732.4071,12.213418,-2.6695897,-3717.5241
1,4,0.17914252,2,4,0.17716685,3,4,0.30445569,-3731.182,13.215301,-1.7054139,-3716.2613
1,4,0.14094643,2,4,0.20533886,3,4,0.32265442,-3731.7679,13.378794,-2.377086,-3716.012
1,4,0.18211589,2,4,0.1994693,3,4,0.24574227,-3733.7461,12.546549,-4.2706398,-3716.9289
1,4,0.1523895,2,4,0.19480398,3,4,0.31020343,-3730.4818,13.147938,-0.88827579,-3716.4456
1,4,0.15139885,2,4,0.17002121,3,4,0.27359701,-3730.2724,11.900341,-0.59236781,-3717.7797
1,4,0.13575995,2,4,0.18248652,3,4,0.27457395,-3730.6374,11.856408,-0.91366511,-3717.8673
1,4,0.17750997,2,4,0.17575632,3,4,0.26403542,-3731.2645,12.346034,-1.6246425,-3717.2938
1,4,0.13025154,2,4,0.1874101,3,4,0.30442321,-3730.9202,12.441697,-1.2132008,-3717.2653
1,4,0.12690221,2,4,0.21431994,3,4,0.2763124,-3732.2981,12.350691,-2.580729,-3717.3667
1,4,0.17762527,2,4,0.1642918,3,4,0.29827169,-3731.0347,12.803775,-1.4872984,-3716.7437
1,4,0.15278374,2,4,0.18020274,3,4,0.30286511,-3729.8807,12.717032,-0.23997776,-3716.9237
1,4,0.14624959,2,4,0.17452172,3,4,0.29439645,-3729.9461,12.303355,-0.28570555,-3717.357
1,4,0.16608705,2,4,0.16821689,3,4,0.29805309,-3730.2485,12.64714,-0.61686332,-3716.9845
1,4,0.13657508,2,4,0.1934524,3,4,0.31796607,-3731.072,12.959871,-1.5194371,-3716.5927
1,4,0.16854858,2,4,0.18081588,3,4,0.26302528,-3730.7365,12.247795,-1.0569889,-3717.4317
1,4,0.13907166,2,4,0.18498384,3,4,0.26411226,-3730.8804,11.763355,-1.1308451,-3717.9862
1,4,0.15948034,2,4,0.17380245,3,4,0.25039869,-3731.6048,11.67363,-1.7477232,-3718.1835
1,4,0.14625858,2,4,0.17180716,3,4,0.29669295,-3730.0862,12.295174,-0.41870471,-3717.3723
1,4,0.14180191,2,4,0.18792786,3,4,0.26988619,-3730.3756,11.992319,-0.67816458,-3717.7051
1,4,0.17345498,2,4,0.19123216,3,4,0.30772506,-3731.3109,13.448244,-1.7980217,-3716.0646
1,4,0.14044662,2,4,0.1995081,3,4,0.29427284,-3730.3186,12.684551,-0.6936318,-3716.9404
1,4,0.15352753,2,4,0.17443106,3,4,0.2843944,-3729.7837,12.24706,-0.13011948,-3717.4065
1,4,0.1564244,2,4,0.14697169,3,4,0.26728099,-3732.8997,11.413541,-2.8210131,-3718.6651
1,4,0.16770374,2,4,0.17952298,3,4,0.26666046,-3730.5026,12.277744,-0.83462484,-3717.3903
1,4,0.15665425,2,4,0.16547212,3,4,0.30371791,-3730.353,12.516885,-0.69604054,-3717.14
1,4,0.14538126,2,4,0.21644334,3,4,0.27810503,-3731.5283,12.798593,-2.0522951,-3716.6774
1,4,0.13618388,2,4,0.15778613,3,4,0.25755206,-3733.6038,11.030441,-3.5572077,-3719.0161
1,4,0.1609369,2,4,0.18944172,3,4,0.24331736,-3732.2535,11.87392,-2.3409355,-3718.0387
1,4,0.17486621,2,4,0.16205674,3,4,0.29242228,-3730.8755,12.586905,-1.2608759,-3717.0277
1,4,0.18255005,2,4,0.16620972,3,4,0.29385995,-3731.2913,12.852394,-1.8001066,-3716.6388
1,4,0.13042933,2,4,0.19608662,3,4,0.31788391,-3731.5209,12.887997,-1.9585991,-3716.6743
1,4,0.17242041,2,4,0.18676622,3,4,0.28976868,-3730.4951,12.979106,-0.91292652,-3716.6031
1,4,0.14212325,2,4,0.17752336,3,4,0.26200642,-3730.99,11.633061,-1.2440279,-3718.1129
1,4,0.15236631,2,4,0.17955649,3,4,0.28021875,-3729.7467,12.242831,-0.094845996,-3717.409
1,4,0.15463935,2,4,0.19177036,3,4,0.31009195,-3730.3913,13.130033,-0.78673828,-3716.4745
1,4,0.1920765,2,4,0.16783351,3,4,0.27274504,-3732.4247,12.653101,-3.0182234,-3716.7534
1,4,0.14005341,2,4,0.20195168,3,4,0.29027687,-3730.4249,12.645639,-0.80309239,-3716.9762
1,4,0.11789609,2,4,0.18228383,3,4,0.28820766,-3732.6797,11.767752,-2.5939955,-3718.318
1,4,0.14781055,2,4,0.17386661,3,4,0.29718492,-3729.952,12.377242,-0.29417854,-3717.2806
1,4,0.17123652,2,4,0.13969823,3,4,0.26972816,-3733.8939,11.613258,-3.6090288,-3718.6716
1,4,0.1482386,2,4,0.16413198,3,4,0.29054409,-3730.4456,12.058293,-0.7413262,-3717.646
1,4,0.16912017,2,4,0.19631578,3,4,0.27241806,-3730.8496,12.75708,-1.2820693,-3716.8105
1,4,0.15135742,2,4,0.21890568,3,4,0.30161435,-3732.0526,13.437549,-2.7324672,-3715.8826
1,4,0.17745616,2,4,0.16606611,3,4,0.27023997,-3731.2192,12.275245,-1.5512699,-3717.3927
1,4,0.15539734,2,4,0.19599164,3,4,0.26089218,-3730.8067,12.245623,-1.1168204,-3717.4443
1,4,0.15798548,2,4,0.15304735,3,4,0.29080202,-3731.2524,12.036697,-1.445383,-3717.7703
1,4,0.15283556,2,4,0.19405675,3,4,0.24763279,-3731.8427,11.890502,-1.982066,-3717.9702
1,4,0.17605091,2,4,0.16975773,3,4,0.28409067,-3730.6474,12.597986,-1.0493801,-3717
1,4,0.16881929,2,4,0.19152145,3,4,0.28103897,-3730.4255,12.827594,-0.82977596,-3716.7682
1,4,0.18544579,2,4,0.17405991,3,4,0.30383801,-3731.7483,13.266874,-2.3885896,-3716.0928
1,4,0.18785496,2,4,0.18323227,3,4,0.25683216,-3732.7343,12.558388,-3.2677909,-3716.9081
1,4,0.17903756,2,4,0.1716887,3,4,0.29677604,-3730.9329,12.950046,-1.4144924,-3716.5683
1,4,0.1460956,2,4,0.19531845,3,4,0.25566143,-3731.2603,11.94151,-1.4757078,-3717.8431
1,4,0.16128276,2,4,0.16360989,3,4,0.28096641,-3730.3693,12.117181,-0.67343786,-3717.5787
1,4,0.14733918,2,4,0.17656461,3,4,0.31772918,-3730.6367,12.832659,-1.0454289,-3716.7586
1,4,0.14295978,2,4,0.1958107,3,4,0.31699189,-3730.8771,13.115247,-1.337275,-3716.4246
1,4,0.18787413,2,4,0.16332712,3,4,0.33409794,-3733.9218,13.705984,-5.0777458,-3715.1381
1,4,0.18346259,2,4,0.18208175,3,4,0.29458266,-3731.4256,13.20254,-1.9989345,-3716.2241
1,4,0.15141584,2,4,0.18498984,3,4,0.28182329,-3729.7118,12.36458,-0.060978595,-3717.2862
1,4,0.17880334,2,4,0.20043007,3,4,0.2683197,-3732.0595,12.951062,-2.6734274,-3716.4351
1,4,0.14252355,2,4,0.17074975,3,4,0.28029905,-3730.4221,11.871447,-0.73260981,-3717.818
1,4,0.13541061,2,4,0.18589333,3,4,0.29887744,-3730.3713,12.403627,-0.69076802,-3717.2769
1,4,0.13693602,2,4,0.18806775,3,4,0.26461335,-3730.9913,11.792342,-1.2237797,-3717.9752
1,4,0.14925078,2,4,0.18821972,3,4,0.2893614,-3729.7253,12.536638,-0.076564214,-3717.1121
1,4,0.15063102,2,4,0.18543114,3,4,0.25806413,-3730.7855,11.882526,-1.0405028,-3717.8625
1,4,0.14970512,2,4,0.20154705,3,4,0.27802667,-3730.3437,12.585577,-0.72264505,-3717.0355
1,4,0.15711997,2,4,0.18227762,3,4,0.30818935,-3730.1267,12.951739,-0.5040529,-3716.6709
1,4,0.13346879,2,4,0.19304076,3,4,0.27919112,-3730.6444,12.114013,-0.91961629,-3717.6108
1,4,0.14672695,2,4,0.18047534,3,4,0.2838118,-3729.7921,12.220282,-0.13856068,-3717.4332
1,4,0.15437955,2,4,0.19882421,3,4,0.29154227,-3730.18,12.894921,-0.56303631,-3716.7221
1,4,0.13229575,2,4,0.20433111,3,4,0.31284383,-3731.4702,12.989414,-1.9535416,-3716.5272
1,4,0.16191596,2,4,0.18443963,3,4,0.29248177,-3729.8641,12.776747,-0.22181848,-3716.8655
1,4,0.1480676,2,4,0.20646032,3,4,0.28680082,-3730.577,12.826575,-1.0020997,-3716.7484
1,4,0.15548678,2,4,0.17686956,3,4,0.32400259,-3730.9784,13.127179,-1.4615833,-3716.3897
1,4,0.14038844,2,4,0.17777326,3,4,0.28380796,-3730.1631,12.039393,-0.486322,-3717.6374
1,4,0.17071157,2,4,0.19276398,3,4,0.3081482,-3731.189,13.432475,-1.6533927,-3716.1031
1,4,0.17411178,2,4,0.17717662,3,4,0.29479474,-3730.4947,12.921663,-0.91828326,-3716.6548
1,4,0.14842369,2,4,0.163254,3,4,0.31631943,-3731.1747,12.559942,-1.516966,-3717.0978
1,4,0.1543689,2,4,0.1543668,3,4,0.32410541,-3732.2423,12.656822,-2.5994594,-3716.986
1,4,0.16396808,2,4,0.16849141,3,4,0.27485185,-3730.298,12.146227,-0.61623449,-3717.5355
1,4,0.13984906,2,4,0.22289194,3,4,0.27568005,-3732.3384,12.768421,-2.9332344,-3716.6368
1,4,0.14252073,2,4,0.14831528,3,4,0.32153011,-3733.5732,12.247322,-3.5983395,-3717.7275
1,4,0.14246533,2,4,0.19428087,3,4,0.25447288,-3731.485,11.824381,-1.6575612,-3718.0031
1,4,0.12902916,2,4,0.16734909,3,4,0.29744073,-3731.9024,11.87638,-2.0088717,-3718.0171
1,4,0.16625394,2,4,0.14192281,3,4,0.28814624,-3732.8031,11.92646,-2.7508177,-3718.1258
1,4,0.14175176,2,4,0.19956025,3,4,0.31059426,-3730.7467,13.038125,-1.186392,-3716.5222
1,4,0.15684067,2,4,0.20644552,3,4,0.31496541,-3731.6591,13.565032,-2.2011381,-3715.893
1,4,0.15997231,2,4,0.17081252,3,4,0.27047614,-3730.2947,12.025219,-0.60664476,-3717.6628
1,4,0.15325271,2,4,0.17695207,3,4,0.27358103,-3729.9693,12.075716,-0.30656632,-3717.587
1,4,0.14843659,2,4,0.16066677,3,4,0.28003581,-3730.8871,11.782783,-1.1412748,-3717.963
1,4,0.12805618,2,4,0.23583829,3,4,0.26457807,-3735.0198,12.569451,-5.6417594,-3716.8086
1,4,0.14801327,2,4,0.18623161,3,4,0.30300593,-3729.9379,12.745016,-0.29973438,-3716.8932
1,4,0.1393116,2,4,0.19560679,3,4,0.31088905,-3730.6654,12.916149,-1.0799389,-3716.6693
1,4,0.16066471,2,4,0.1652394,3,4,0.22969804,-3734.9508,11.112043,-4.4260397,-3719.4128
1,4,0.13895895,2,4,0.17347384,3,4,0.266818,-3731.1003,11.585016,-1.3549286,-3718.1603
1,4,0.15586035,2,4,0.17919213,3,4,0.29921757,-3729.8036,12.685401,-0.15870427,-3716.9594
1,4,0.13187057,2,4,0.20426995,3,4,0.26979472,-3731.5086,12.118705,-1.7368261,-3717.653
1,4,0.15080833,2,4,0.18474928,3,4,0.27091255,-3730.0223,12.129403,-0.35434838,-3717.5385
1,4,0.14483914,2,4,0.18491247,3,4,0.28101451,-3729.8664,12.215322,-0.20837845,-3717.4427
1,4,0.15551798,2,4,0.18798196,3,4,0.2945514,-3729.7934,12.761027,-0.14681474,-3716.8855
1,4,0.17419337,2,4,0.15666446,3,4,0.31528017,-3731.845,12.92276,-2.3502466,-3716.5719
1,4,0.15881776,2,4,0.16091623,3,4,0.27067335,-3730.9232,11.808147,-1.164942,-3717.9501
1,4,0.16239442,2,4,0.18999482,3,4,0.26449074,-3730.5426,12.3376,-0.87776668,-3717.3272
1,4,0.15495753,2,4,0.18016924,3,4,0.32809029,-3731.2585,13.264341,-1.7915016,-3716.2026
1,4,0.15418852,2,4,0.17401502,3,4,0.29736226,-3729.8434,12.511316,-0.19352588,-3717.1386
1,4,0.14668324,2,4,0.19106746,3,4,0.28327973,-3729.85,12.420609,-0.19886978,-3717.2305
1,4,0.1548905,2,4,0.1965377,3,4,0.31018689,-3730.6271,13.232302,-1.0427162,-3716.352
1,4,0.13562216,2,4,0.17249589,3,4,0.29554721,-3730.7408,12.073305,-1.0073387,-3717.6602
1,4,0.16821897,2,4,0.17930246,3,4,0.30858167,-3730.56,13.122062,-0.98110265,-3716.4569
1,4,0.15838027,2,4,0.19533202,3,4,0.30034323,-3730.2922,13.08111,-0.67341173,-3716.5376
1,4,0.20530992,2,4,0.17094431,3,4,0.29815139,-3734.1514,13.488112,-5.463183,-3715.2001
1,4,0.15337088,2,4,0.14525891,3,4,0.29144874,-3732.5087,11.80157,-2.4818365,-3718.2253
1,4,0.13903121,2,4,0.16070616,3,4,0.27959619,-3731.5869,11.586671,-1.7703402,-3718.2298
1,4,0.15098686,2,4,0.1827707,3,4,0.27349489,-3729.9209,12.145049,-0.25983706,-3717.516
1,4,0.14412285,2,4,0.1789119,3,4,0.27954738,-3730.0044,12.051643,-0.34143131,-3717.6113
1,4,0.16900013,2,4,0.17995106,3,4,0.27378861,-3730.2886,12.454796,-0.65067483,-3717.1832
1,4,0.14336655,2,4,0.1921046,3,4,0.28781409,-3729.9299,12.465705,-0.27841169,-3717.1858
1,4,0.16866856,2,4,0.1741286,3,4,0.32403793,-3731.4572,13.336702,-2.0188711,-3716.1016
1,4,0.16318523,2,4,0.18884693,3,4,0.28354527,-3729.9958,12.711549,-0.36187155,-3716.9224
1,4,0.14373584,2,4,0.16913675,3,4,0.32057994,-3731.2251,12.669051,-1.6070067,-3716.9491
1,4,0.14369655,2,4,0.20445547,3,4,0.27165082,-3730.7854,12.396057,-1.1385218,-3717.2509
1,4,0.15846475,2,4,0.16526976,3,4,0.29100185,-3730.1592,12.294727,-0.48491354,-3717.3795
1,4,0.15278968,2,4,0.18426382,3,4,0.28503279,-3729.6675,12.441726,-0.017667331,-3717.2081
1,4,0.15196197,2,4,0.17171661,3,4,0.28130613,-3729.9529,12.099694,-0.29178848,-3717.5615
1,4,0.13798122,2,4,0.19998845,3,4,0.25904071,-3731.5481,11.940207,-1.7378188,-3717.87
1,4,0.12316179,2,4,0.20888138,3,4,0.28035365,-3732.2203,12.247936,-2.4056696,-3717.5666
1,4,0.17490948,2,4,0.18753063,3,4,0.29870041,-3730.9056,13.22281,-1.3653091,-3716.3174
1,4,0.1626543,2,4,0.1787348,3,4,0.29756366,-3729.9251,12.779055,-0.28767976,-3716.8583
1,4,0.14488568,2,4,0.18247729,3,4,0.29365823,-3729.8159,12.420424,-0.1623684,-3717.2331
1,4,0.18133992,2,4,0.18449628,3,4,0.28409851,-3731.1752,12.998694,-1.6985035,-3716.478
1,4,0.15786814,2,4,0.17578555,3,4,0.31023564,-3730.2406,12.877787,-0.62772637,-3716.7351
1,4,0.14481243,2,4,0.18807176,3,4,0.33455735,-3731.8642,13.348831,-2.501913,-3716.0135
1,4,0.16549741,2,4,0.18655882,3,4,0.3234833,-3731.4498,13.51079,-1.9757894,-3715.9632
1,4,0.17260452,2,4,0.1813998,3,4,0.2757271,-3730.4676,12.594628,-0.85923866,-3717.0137
1,4,0.15677119,2,4,0.18389726,3,4,0.3057684,-3730.0416,12.928737,-0.41079343,-3716.7021
1,4,0.1317382,2,4,0.19124803,3,4,0.29886259,-3730.6698,12.436976,-0.97678051,-3717.256
1,4,0.17543204,2,4,0.17530971,3,4,0.26523585,-3731.0536,12.319552,-1.4012203,-3717.3328
1,4,0.148637,2,4,0.16225141,3,4,0.32341505,-3731.65,12.686069,-2.037449,-3716.9265
1,4,0.13948872,2,4,0.182572,3,4,0.29408585,-3730.0713,12.322932,-0.40180487,-3717.3465
1,4,0.16178588,2,4,0.15790464,3,4,0.31450924,-3731.319,12.683995,-1.6946962,-3716.9403
1,4,0.13568957,2,4,0.21231503,3,4,0.27654924,-3731.4807,12.491077,-1.8653461,-3717.1243
1,4,0.11732897,2,4,0.1925846,3,4,0.32484822,-3733.3648,12.695236,-3.6407442,-3717.0288
1,4,0.14499013,2,4,0.19026391,3,4,0.31083687,-3730.352,12.921818,-0.74768818,-3716.6825
1,4,0.14780654,2,4,0.18269175,3,4,0.28517681,-3729.7259,12.313502,-0.07438268,-3717.338
1,4,0.14854478,2,4,0.20088214,3,4,0.31188093,-3730.8406,13.226157,-1.2953344,-3716.3191
1,4,0.13945691,2,4,0.18152979,3,4,0.32309191,-3731.1648,12.881572,-1.6073366,-3716.6759
1,4,0.1661849,2,4,0.22021478,3,4,0.30579589,-3733.29,13.843912,-4.1413314,-3715.3047
1,4,0.16288257,2,4,0.16667332,3,4,0.28322605,-3730.1705,12.255639,-0.49868519,-3717.4161
1,4,0.15956324,2,4,0.15954632,3,4,0.25006133,-3732.6329,11.383418,-2.6219218,-3718.6276
1,4,0.14798033,2,4,0.18950529,3,4,0.30210866,-3729.9687,12.791885,-0.33307278,-3716.8438
1,4,0.14488797,2,4,0.20681394,3,4,0.30136746,-3730.8169,13.061387,-1.2768293,-3716.4787
1,4,0.13039406,2,4,0.18394341,3,4,0.30794929,-3731.0573,12.445735,-1.3471084,-3717.2645
1,4,0.16986738,2,4,0.16387532,3,4,0.31029378,-3730.9779,12.88073,-1.4174382,-3716.6797
1,4,0.16137878,2,4,0.18772253,3,4,0.28059295,-3729.9194,12.593885,-0.27800201,-3717.0475
1,4,0.17333973,2,4,0.16801408,3,4,0.33458627,-3732.632,13.518802,-3.4375964,-3715.6756
1,4,0.14691088,2,4,0.2015529,3,4,0.30493094,-3730.5752,13.067894,-1.0002273,-3716.5071
1,4,0.18235937,2,4,0.16365176,3,4,0.27273063,-3731.6082,12.374835,-1.984244,-3717.2492
1,4,0.16019948,2,4,0.17501893,3,4,0.30313414,-3730.0279,12.767051,-0.39559451,-3716.8653
1,4,0.1599355,2,4,0.1941751,3,4,0.25894783,-3730.9455,12.261169,-1.2540609,-3717.4302
1,4,0.15279078,2,4,0.14431921,3,4,0.28918386,-3732.7152,11.725877,-2.6447221,-3718.3446
1,4,0.17539514,2,4,0.18658043,3,4,0.28659794,-3730.7035,12.97147,-1.1508192,-3716.5812
1,4,0.15162097,2,4,0.14722092,3,4,0.29903889,-3732.311,11.957616,-2.3465518,-3718.0068
1,4,0.16191733,2,4,0.1647462,3,4,0.28429648,-3730.2497,12.2192,-0.56845684,-3717.462
1,4,0.15237662,2,4,0.18549573,3,4,0.30196991,-3729.8795,12.796845,-0.23878365,-3716.8439
1,4,0.13230985,2,4,0.21583548,3,4,0.30268321,-3731.9102,13.016571,-2.4802591,-3716.4134
1,4,0.15814778,2,4,0.16755751,3,4,0.2516468,-3731.8067,11.547042,-1.9268076,-3718.3329
1,4,0.13545814,2,4,0.19090449,3,4,0.3129228,-3730.8317,12.785709,-1.2231229,-3716.8229
1,4,0.13406203,2,4,0.17034963,3,4,0.26574462,-3731.8693,11.403126,-2.0389685,-3718.4272
1,4,0.13276388,2,4,0.18301304,3,4,0.30147459,-3730.6753,12.34503,-0.96765931,-3717.3626
1,4,0.14576658,2,4,0.19359041,3,4,0.25940251,-3730.9276,11.97519,-1.1791209,-3717.7733
1,4,0.16040034,2,4,0.17243139,3,4,0.27367409,-3730.1107,12.130116,-0.4388255,-3717.5417
1,4,0.1671692,2,4,0.18281648,3,4,0.30175369,-3730.2919,13.034787,-0.68108116,-3716.576
1,4,0.17646038,2,4,0.18867873,3,4,0.27044395,-3731.0982,12.711661,-1.5532665,-3716.8333
1,4,0.13194316,2,4,0.20418633,3,4,0.29392797,-3730.9875,12.601149,-1.3496822,-3717.0367
1,4,0.16673868,2,4,0.16233102,3,4,0.31265766,-3731.0363,12.834547,-1.4616503,-3716.7401
1,4,0.17076115,2,4,0.16255699,3,4,0.30638994,-3730.9308,12.794162,-1.3490835,-3716.7876
1,4,0.15630348,2,4,0.17092559,3,4,0.26876776,-3730.3621,11.919937,-0.66845126,-3717.7737
1,4,0.16260528,2,4,0.17165586,3,4,0.27577972,-3730.1094,12.200817,-0.44142875,-3717.4672
1,4,0.15234582,2,4,0.20307033,3,4,0.29937742,-3730.5596,13.095871,-0.98093665,-3716.4828
1,4,0.18184094,2,4,0.17801421,3,4,0.25383784,-3732.2996,12.27386,-2.6324545,-3717.3933
1,4,0.15109135,2,4,0.18428397,3,4,0.29919033,-3729.7919,12.691313,-0.14658117,-3716.954
1,4,0.14908519,2,4,0.18229065,3,4,0.2709825,-3730.0589,12.047167,-0.38922993,-3717.6225
1,4,0.14846616,2,4,0.1787019,3,4,0.2996657,-3729.8562,12.536675,-0.20778328,-3717.1118
1,4,0.16068874,2,4,0.19825752,3,4,0.27205731,-3730.5252,12.620072,-0.9131265,-3716.992
1,4,0.14499324,2,4,0.19897795,3,4,0.28043443,-3730.2078,12.488113,-0.5668701,-3717.1528
1,4,0.14506895,2,4,0.17743768,3,4,0.26505699,-3730.6181,11.751272,-0.90876976,-3717.958
1,4,0.15646329,2,4,0.18490065,3,4,0.26467904,-3730.3102,12.12086,-0.62243561,-3717.5669
1,4,0.17352298,2,4,0.17173384,3,4,0.27755203,-3730.531,12.456177,-0.90213412,-3717.1727
1,4,0.13874977,2,4,0.1783432,3,4,0.33322902,-3731.9954,13.00644,-2.5400026,-3716.449
1,4,0.15234717,2,4,0.1582191,3,4,0.261243,-3731.925,11.436185,-2.0558084,-3718.433
1,4,0.16016142,2,4,0.17663053,3,4,0.30863115,-3730.212,12.908462,-0.59758238,-3716.706
1,4,0.14212618,2,4,0.18916657,3,4,0.27535145,-3730.1476,12.132884,-0.47107768,-3717.5437
1,4,0.16567184,2,4,0.17265469,3,4,0.29535063,-3730.0573,12.673543,-0.42441051,-3716.9594
1,4,0.16252655,2,4,0.22028401,3,4,0.28540328,-3732.459,13.364277,-3.220442,-3715.8742
1,4,0.15197021,2,4,0.19602481,3,4,0.26172494,-3730.7404,12.194399,-1.042712,-3717.5033
1,4,0.14614483,2,4,0.19515543,3,4,0.26046526,-3730.8852,12.03531,-1.1499026,-3717.7
1,4,0.17469376,2,4,0.16637736,3,4,0.29686228,-3730.7286,12.758668,-1.1483105,-3716.8217
1,4,0.13435955,2,4,0.15890524,3,4,0.31029393,-3732.422,12.071174,-2.5070549,-3717.8438
1,4,0.13581602,2,4,0.18794785,3,4,0.24530943,-3732.8921,11.381466,-2.819128,-3718.6915
1,4,0.14277979,2,4,0.16929698,3,4,0.27397145,-3730.7064,11.720964,-0.9994072,-3717.986
1,4,0.15126408,2,4,0.1807772,3,4,0.2660277,-3730.2735,11.96138,-0.5853213,-3717.7268
1,4,0.12860074,2,4,0.20890281,3,4,0.25755408,-3732.9149,11.901153,-2.9477818,-3718.0659
1,4,0.152356,2,4,0.17782467,3,4,0.28034855,-3729.772,12.210584,-0.1195554,-3717.4419
1,4,0.137377,2,4,0.19203017,3,4,0.28208081,-3730.2743,12.22976,-0.59003807,-3717.4545
1,4,0.15859967,2,4,0.17660614,3,4,0.29285585,-3729.7568,12.561233,-0.10874997,-3717.0868
1,4,0.14452359,2,4,0.16744086,3,4,0.28079068,-3730.505,11.855103,-0.80697021,-3717.8429
1,4,0.13921833,2,4,0.18622285,3,4,0.30645214,-3730.3279,12.637866,-0.68603785,-3717.004
1,4,0.14916616,2,4,0.16081015,3,4,0.29578685,-3730.7139,12.115263,-0.98370527,-3717.615
1,4,0.14054399,2,4,0.21034509,3,4,0.23981575,-3733.9927,11.814096,-3.8862391,-3718.2923
1,4,0.13334255,2,4,0.18301031,3,4,0.3177693,-3731.2334,12.682443,-1.6014547,-3716.9495
1,4,0.16580012,2,4,0.18228792,3,4,0.32682062,-3731.5859,13.498173,-2.1538678,-3715.9338
1,4,0.19067392,2,4,0.15123743,3,4,0.27181963,-3733.3069,12.27462,-3.6127227,-3717.4195
1,4,0.15921964,2,4,0.19258679,3,4,0.29298016,-3730.0248,12.895732,-0.39012153,-3716.739
1,4,0.15247576,2,4,0.17167148,3,4,0.28403124,-3729.9025,12.16357,-0.24306136,-3717.4958
1,4,0.16848785,2,4,0.15268231,3,4,0.29606784,-3731.3722,12.34476,-1.6346108,-3717.3928
1,4,0.14215122,2,4,0.17956702,3,4,0.28540493,-3729.9863,12.142463,-0.32110097,-3717.5227
1,4,0.15827695,2,4,0.18444761,3,4,0.28166942,-3729.7566,12.487879,-0.10781157,-3717.1609
1,4,0.16972692,2,4,0.18450297,3,4,0.28127086,-3730.2417,12.710015,-0.628125,-3716.9035
1,4,0.13019918,2,4,0.1636295,3,4,0.29322709,-3732.0978,11.741115,-2.1756113,-3718.181
1,4,0.15709529,2,4,0.18591688,3,4,0.30815387,-3730.1825,13.023321,-0.5612345,-3716.5979
1,4,0.13571436,2,4,0.16578251,3,4,0.31248049,-3731.6472,12.279547,-1.8744421,-3717.4932
1,4,0.14651485,2,4,0.19665953,3,4,0.2984541,-3730.1296,12.83257,-0.50679593,-3716.7902
1,4,0.16316664,2,4,0.18474187,3,4,0.31592266,-3730.7726,13.276623,-1.2102004,-3716.2858
1,4,0.14323174,2,4,0.14667072,3,4,0.30008403,-3733.0262,11.79973,-2.9341623,-3718.2923
1,4,0.13718737,2,4,0.18678448,3,4,0.28046688,-3730.2858,12.088775,-0.5928946,-3717.6041
1,4,0.13100494,2,4,0.20023349,3,4,0.29625166,-3730.9031,12.549802,-1.2389278,-3717.1144
1,4,0.16087776,2,4,0.1604559,3,4,0.26288471,-3731.4115,11.684367,-1.5905538,-3718.1366
1,4,0.1407572,2,4,0.17982871,3,4,0.30064822,-3730.1467,12.424683,-0.48332841,-3717.2387
1,4,0.15025823,2,4,0.17882375,3,4,0.27578831,-3729.9019,12.097406,-0.24401432,-3717.5605
1,4,0.17215581,2,4,0.16990356,3,4,0.23902446,-3733.4336,11.621677,-3.3091844,-3718.5027
1,4,0.17504269,2,4,0.15972511,3,4,0.27222379,-3731.3638,12.139832,-1.6302646,-3717.5937
1,4,0.13410983,2,4,0.19321985,3,4,0.33564069,-3732.4297,13.259407,-3.1063204,-3716.0639
1,4,0.15009051,2,4,0.16391428,3,4,0.29861661,-3730.4563,12.252428,-0.76064968,-3717.4432
1,4,0.14936276,2,4,0.17192665,3,4,0.29107558,-3729.927,12.2473,-0.26615748,-3717.4135
1,4,0.17416656,2,4,0.18321982,3,4,0.2738268,-3730.6557,12.624264,-1.0633902,-3716.9681
1,4,0.19353006,2,4,0.15985632,3,4,0.24414727,-3735.0949,11.950673,-5.1244981,-3718.0198
1,4,0.13398872,2,4,0.18529515,3,4,0.27832679,-3730.6151,11.952213,-0.88630818,-3717.7766
1,4,0.19145756,2,4,0.16250479,3,4,0.31451935,-3732.983,13.369634,-3.8841034,-3715.7293
1,4,0.16008165,2,4,0.18874807,3,4,0.29648837,-3729.9745,12.906362,-0.33504372,-3716.7331
1,4,0.16198337,2,4,0.18861744,3,4,0.2618648,-3730.6403,12.249312,-0.9557525,-3717.4352
1,4,0.15934606,2,4,0.17481738,3,4,0.29726224,-3729.8641,12.628514,-0.2197273,-3717.0158
1,4,0.17087195,2,4,0.16297138,3,4,0.29559559,-3730.6454,12.588779,-1.0158969,-3717.0407
1,4,0.15188284,2,4,0.17349434,3,4,0.2725461,-3730.1396,11.958466,-0.46814195,-3717.713
1,4,0.15229571,2,4,0.18354836,3,4,0.29024351,-3729.6586,12.521752,-0.0089365531,-3717.1279
1,4,0.16181332,2,4,0.18074138,3,4,0.3015976,-3730.0081,12.883046,-0.37527344,-3716.7498
1,4,0.17553328,2,4,0.18089039,3,4,0.27832568,-3730.6219,12.694987,-1.042022,-3716.8848
1,4,0.13740555,2,4,0.17604326,3,4,0.28747681,-3730.4037,12.018512,-0.70336721,-3717.6818
1,4,0.14232588,2,4,0.1719895,3,4,0.29196358,-3730.237,12.125579,-0.55428964,-3717.5571
1,4,0.15304533,2,4,0.18453978,3,4,0.28176962,-3729.7034,12.387094,-0.052877907,-3717.2634
1,4,0.13676727,2,4,0.20014682,3,4,0.27384988,-3730.781,12.215279,-1.0784386,-3717.4873
1,4,0.15253743,2,4,0.20183509,3,4,0.2635123,-3730.9255,12.357696,-1.2671662,-3717.3007
1,4,0.14613506,2,4,0.19362013,3,4,0.28739669,-3729.9037,12.543037,-0.25859008,-3717.1021
1,4,0.12005894,2,4,0.196678,3,4,0.29351914,-3732.0288,12.205122,-2.1418041,-3717.6819
1,4,0.18818329,2,4,0.17590764,3,4,0.29255357,-3731.7748,13.13289,-2.4264592,-3716.2154
1,4,0.14264542,2,4,0.20102996,3,4,0.26686039,-3730.8491,12.210715,-1.153548,-3717.4848
1,4,0.13405939,2,4,0.21996511,3,4,0.29107366,-3732.0379,12.901963,-2.6175838,-3716.5184
1,4,0.15112006,2,4,0.1639364,3,4,0.30665653,-3730.6264,12.43426,-0.94890034,-3717.2433
1,4,0.15610704,2,4,0.1991875,3,4,0.27002476,-3730.5121,12.506386,-0.88164043,-3717.1241
1,4,0.16949488,2,4,0.19778861,3,4,0.27341241,-3730.9384,12.813918,-1.3876119,-3716.7368
1,4,0.13833726,2,4,0.20662949,3,4,0.28810607,-3730.7648,12.661457,-1.1642823,-3716.9391
1,4,0.17111977,2,4,0.17352775,3,4,0.31757674,-3731.1861,13.244485,-1.701321,-3716.2403
1,4,0.14680942,2,4,0.18380401,3,4,0.27618433,-3729.9218,12.135955,-0.26125848,-3717.5246
1,4,0.14859065,2,4,0.17860662,3,4,0.30055588,-3729.8759,12.555063,-0.22837756,-3717.0924
1,4,0.14127105,2,4,0.17672442,3,4,0.29471143,-3730.1107,12.254138,-0.43854864,-3717.418
1,4,0.17441493,2,4,0.17864226,3,4,0.28890746,-3730.456,12.839293,-0.87404095,-3716.7427
1,4,0.17892318,2,4,0.17906126,3,4,0.27085365,-3731.0714,12.576762,-1.5018626,-3716.9928
1,4,0.14678251,2,4,0.16949695,3,4,0.30169878,-3730.2779,12.359565,-0.60612862,-3717.3122
1,4,0.15804336,2,4,0.19929089,3,4,0.25321969,-3731.572,12.211079,-1.8454596,-3717.5155
1,4,0.17627195,2,4,0.16502841,3,4,0.283434,-3730.8331,12.494687,-1.2128641,-3717.1255
1,4,0.14872382,2,4,0.20344623,3,4,0.33482465,-3732.6081,13.739894,-3.3771314,-3715.4911
1,4,0.14247034,2,4,0.20964593,3,4,0.27260283,-3731.1385,12.494382,-1.5289929,-3717.1151
1,4,0.14114087,2,4,0.18677696,3,4,0.25961078,-3731.0498,11.750572,-1.2756631,-3718.0235
1,4,0.14115315,2,4,0.16195263,3,4,0.29654219,-3731.1027,11.992959,-1.3290508,-3717.7807
1,4,0.17447987,2,4,0.19117622,3,4,0.28176677,-3730.8263,12.948457,-1.2837444,-3716.5941
1,4,0.1608374,2,4,0.16881491,3,4,0.30691576,-3730.3345,12.731361,-0.71111966,-3716.892
1,4,0.14839137,2,4,0.16288156,3,4,0.31685061,-3731.2321,12.562471,-1.5739752,-3717.0956
1,4,0.16691959,2,4,0.20425737,3,4,0.28590318,-3731.1127,13.141603,-1.6039227,-3716.3671
1,4,0.16865598,2,4,0.16749445,3,4,0.30698593,-3730.6427,12.862727,-1.0586601,-3716.7213
1,4,0.1864898,2,4,0.1807854,3,4,0.25179131,-3732.9306,12.38133,-3.347214,-3717.2021
1,4,0.1503267,2,4,0.17676012,3,4,0.31574091,-3730.4722,12.856555,-0.87489343,-3716.7407
1,4,0.14954266,2,4,0.1829979,3,4,0.26753162,-3730.2065,12.001443,-0.52412956,-3717.6809
1,4,0.15868983,2,4,0.16814969,3,4,0.28009468,-3730.0973,12.138684,-0.42400525,-3717.5346
1,4,0.15602647,2,4,0.15389687,3,4,0.29939582,-3731.2527,12.186383,-1.4708974,-3717.5954
1,4,0.13226701,2,4,0.18541562,3,4,0.33047971,-3732.0962,12.963247,-2.6066133,-3716.5263
1,4,0.16895447,2,4,0.18837637,3,4,0.26808294,-3730.6344,12.508276,-1.009489,-3717.1166
1,4,0.16388597,2,4,0.17210309,3,4,0.2841003,-3729.9681,12.401787,-0.3162961,-3717.25
1,4,0.19399575,2,4,0.14316927,3,4,0.29284323,-3734.0489,12.600165,-4.5297191,-3716.919
1,4,0.13230452,2,4,0.20428603,3,4,0.28617096,-3730.9797,12.45523,-1.3116314,-3717.2128
1,4,0.15876716,2,4,0.15556647,3,4,0.30038687,-3731.0494,12.29441,-1.3098727,-3717.4451
1,4,0.13838424,2,4,0.17860603,3,4,0.26596612,-3730.9631,11.659128,-1.2193601,-3718.0846
1,4,0.16541203,2,4,0.18411024,3,4,0.26150888,-3730.7068,12.220623,-1.0175145,-3717.4686
1,4,0.11099287,2,4,0.19993616,3,4,0.29278387,-3733.6386,12.074258,-3.447455,-3718.1169
1,4,0.16101598,2,4,0.17233927,3,4,0.27958885,-3729.959,12.258882,-0.29907925,-3717.401
1,4,0.12973574,2,4,0.1573373,3,4,0.29001966,-3732.9689,11.541854,-2.9055376,-3718.5215
1,4,0.16029525,2,4,0.21087487,3,4,0.30206336,-3731.6348,13.46467,-2.1893798,-3715.9807
1,4,0.14695107,2,4,0.15880389,3,4,0.24239001,-3734.1572,10.9629,-3.9462096,-3719.248
1,4,0.16463433,2,4,0.18884742,3,4,0.29605118,-3730.1715,12.990658,-0.54588851,-3716.6349
1,4,0.15156267,2,4,0.21180094,3,4,0.27137991,-3731.3053,12.69487,-1.7733535,-3716.8371
1,4,0.17834499,2,4,0.2329287,3,4,0.25636001,-3736.3007,13.352674,-7.938955,-3715.0091
1,4,0.14922558,2,4,0.15105494,3,4,0.30182267,-3731.9213,12.042064,-2.0375128,-3717.8417
1,4,0.17796023,2,4,0.16555118,3,4,0.26141633,-3731.76,12.098555,-2.0161026,-3717.6453
1,4,0.15544649,2,4,0.22125808,3,4,0.31743691,-3733.2969,13.88283,-4.1770947,-3715.2369
1,4,0.14911316,2,4,0.15097158,3,4,0.30857527,-3732.1171,12.1732,-2.2487873,-3717.6951
1,4,0.13202766,2,4,0.20150467,3,4,0.30281194,-3730.9982,12.726885,-1.3823081,-3716.889
1,4,0.15211784,2,4,0.20526346,3,4,0.27907595,-3730.5878,12.729145,-1.0026849,-3716.856
1,4,0.14463283,2,4,0.204129,3,4,0.27822444,-3730.5423,12.539725,-0.92119979,-3717.0814
1,4,0.14590038,2,4,0.21319068,3,4,0.29158244,-3731.1521,13.01347,-1.6662536,-3716.4724
1,4,0.1618124,2,4,0.16068714,3,4,0.28519438,-3730.5229,12.153878,-0.81352542,-3717.5555
1,4,0.17743372,2,4,0.13954686,3,4,0.30422101,-3733.5055,12.424032,-3.6616089,-3717.4199
1,4,0.11555562,2,4,0.18822684,3,4,0.29486512,-3732.8435,11.972952,-2.7486389,-3718.1219
1,4,0.14445588,2,4,0.21675602,3,4,0.26700596,-3731.9504,12.564357,-2.4138929,-3716.9722
1,4,0.14923262,2,4,0.20982991,3,4,0.29114855,-3730.8749,13.004222,-1.3483221,-3716.5224
1,4,0.17096414,2,4,0.16973243,3,4,0.28358262,-3730.3377,12.485584,-0.70230273,-3717.1498
1,4,0.17187578,2,4,0.18200142,3,4,0.30334435,-3730.6342,13.144431,-1.0632198,-3716.4265
1,4,0.15904212,2,4,0.16886136,3,4,0.28597633,-3729.9809,12.277596,-0.31742281,-3717.3858
1,4,0.14468818,2,4,0.18272156,3,4,0.25469295,-3731.296,11.642054,-1.4901502,-3718.1638
1,4,0.18122882,2,4,0.16781293,3,4,0.30714967,-3731.4942,13.123828,-2.0657031,-3716.3047
1,4,0.15351762,2,4,0.19674753,3,4,0.26029279,-3730.8642,12.211159,-1.1649995,-3717.4881
1,4,0.17504012,2,4,0.17927327,3,4,0.28112101,-3730.5267,12.708688,-0.94128358,-3716.8767
1,4,0.12965487,2,4,0.16197621,3,4,0.34995123,-3735.4223,12.831646,-5.920719,-3716.67
1,4,0.12777184,2,4,0.18211046,3,4,0.32667254,-3732.3108,12.731097,-2.6899449,-3716.8898
1,4,0.16135258,2,4,0.19580574,3,4,0.29972755,-3730.4282,13.137717,-0.81881486,-3716.4717
1,4,0.17782416,2,4,0.16744686,3,4,0.2833077,-3730.8496,12.571574,-1.2564335,-3717.0216
1,4,0.15578338,2,4,0.19695158,3,4,0.29313103,-3730.1312,12.91732,-0.50738371,-3716.7065
1,4,0.13813399,2,4,0.17758419,3,4,0.32096103,-3731.1971,12.733584,-1.5942153,-3716.8693
1,4,0.17011737,2,4,0.20522121,3,4,0.28279799,-3731.4301,13.162732,-1.9718964,-3716.2955
1,4,0.15289826,2,4,0.18470315,3,4,0.29143529,-3729.6743,12.580734,-0.024810254,-3717.0687
1,4,0.16974357,2,4,0.1612931,3,4,0.25702025,-3731.9421,11.761138,-2.0625792,-3718.1184
1,4,0.14966183,2,4,0.16848218,3,4,0.26028545,-3731.1864,11.568589,-1.4202347,-3718.1976
1,4,0.15292088,2,4,0.19722446,3,4,0.25887955,-3730.9802,12.180498,-1.2688445,-3717.5308
1,4,0.17524159,2,4,0.15775238,3,4,0.28903848,-3731.1669,12.440649,-1.5074438,-3717.2189
1,4,0.1471121,2,4,0.16085762,3,4,0.23387005,-3735.1939,10.836795,-4.7444577,-3719.6126
1,4,0.12879538,2,4,0.17321899,3,4,0.3055258,-3731.6149,12.150803,-1.7930895,-3717.671
1,4,0.16611025,2,4,0.20933318,3,4,0.28326445,-3731.5044,13.174158,-2.0629071,-3716.2674
1,4,0.18856215,2,4,0.1821319,3,4,0.23183348,-3735.4475,12.05055,-5.4930689,-3717.9039
1,4,0.15448395,2,4,0.17032225,3,4,0.2919207,-3729.9096,12.334538,-0.250399,-3717.3247
1,4,0.1498584,2,4,0.13078146,3,4,0.26680813,-3736.8807,10.94896,-5.8745017,-3720.0572
1,4,0.16024668,2,4,0.17475845,3,4,0.28116768,-3729.8503,12.323456,-0.19623917,-3717.3306
1,4,0.15873478,2,4,0.16444829,3,4,0.29381216,-3730.2269,12.339905,-0.55217628,-3717.3348
1,4,0.19725456,2,4,0.16732319,3,4,0.25997811,-3733.698,12.491117,-4.293171,-3716.9137
1,4,0.19008354,2,4,0.18540776,3,4,0.29295065,-3732.2972,13.368839,-3.052439,-3715.8759
1,4,0.16344854,2,4,0.1750096,3,4,0.27084417,-3730.2102,12.186046,-0.53773064,-3717.4864
1,4,0.14644587,2,4,0.18638638,3,4,0.28670111,-3729.7543,12.390667,-0.10235094,-3717.2613
1,4,0.16047441,2,4,0.18429607,3,4,0.30654391,-3730.1847,13.026288,-0.56239635,-3716.596
1,4,0.14994303,2,4,0.21880711,3,4,0.28555604,-3731.7314,13.086124,-2.3508549,-3716.2944
1,4,0.1471253,2,4,0.18366503,3,4,0.26804582,-3730.243,11.976723,-0.55836192,-3717.7079
1,4,0.15453385,2,4,0.16849426,3,4,0.27134433,-3730.3867,11.887449,-0.69309213,-3717.8061
1,4,0.15579182,2,4,0.19652053,3,4,0.27850565,-3730.1274,12.61636,-0.49690756,-3717.0141
1,4,0.14965545,2,4,0.18654485,3,4,0.3048955,-3729.9893,12.821916,-0.35590998,-3716.8115
1,4,0.13785051,2,4,0.19405401,3,4,0.27910704,-3730.3502,12.220231,-0.6639134,-3717.4661
1,4,0.14495651,2,4,0.22906304,3,4,0.27108861,-3733.1587,12.902163,-3.9437704,-3716.3128
1,4,0.17432774,2,4,0.20589772,3,4,0.26814827,-3732.0915,12.967475,-2.7080591,-3716.416
1,4,0.14538614,2,4,0.19020079,3,4,0.27897338,-3729.9377,12.291206,-0.27907822,-3717.3674
1,4,0.1755499,2,4,0.16685586,3,4,0.25722171,-3731.8419,11.992549,-2.0490848,-3717.8002
1,4,0.15902811,2,4,0.15635719,3,4,0.2877403,-3730.8891,12.062512,-1.1304684,-3717.6961
1,4,0.15394508,2,4,0.15361734,3,4,0.29618921,-3731.3003,12.075032,-1.4944196,-3717.7309
1,4,0.14072385,2,4,0.17727858,3,4,0.32868556,-3731.5707,12.93376,-2.0588442,-3716.5781
1,4,0.15794585,2,4,0.19598623,3,4,0.26714583,-3730.5099,12.421558,-0.86173795,-3717.2266
1,4,0.17282413,2,4,0.18847284,3,4,0.2889209,-3730.5834,13.004357,-1.0107034,-3716.5684
1,4,0.15010767,2,4,0.1689222,3,4,0.26262845,-3730.9695,11.633166,-1.2269852,-3718.1094
1,4,0.16393816,2,4,0.17893213,3,4,0.2920326,-3729.8835,12.698058,-0.24410015,-3716.9414
1,4,0.15363612,2,4,0.17827463,3,4,0.30934574,-3730.1317,12.82513,-0.50907068,-3716.7975
1,4,0.18591136,2,4,0.18764345,3,4,0.28837093,-3731.8228,13.238515,-2.4686279,-3716.1157
1,4,0.1401931,2,4,0.21342097,3,4,0.27603172,-3731.3955,12.592916,-1.8294806,-3716.9731
1,4,0.19047559,2,4,0.15639277,3,4,0.25806743,-3733.6728,12.098716,-3.8789303,-3717.6952
1,4,0.14602936,2,4,0.16484901,3,4,0.30258987,-3730.638,12.269365,-0.93462644,-3717.434
1,4,0.1358363,2,4,0.1811021,3,4,0.3141072,-3730.8975,12.620912,-1.2519645,-3717.0246
1,4,0.16066479,2,4,0.16283481,3,4,0.31190348,-3730.8333,12.708062,-1.2152587,-3716.91
1,4,0.1472665,2,4,0.16164126,3,4,0.29949094,-3730.7773,12.167974,-1.0482601,-3717.5611
1,4,0.13808431,2,4,0.17524469,3,4,0.29090848,-3730.3695,12.08475,-0.67256809,-3717.6122
1,4,0.13966733,2,4,0.18648373,3,4,0.28343774,-3730.0683,12.191776,-0.39525103,-3717.4813
1,4,0.13418751,2,4,0.18568749,3,4,0.28178988,-3730.5025,12.033298,-0.78489876,-3717.6843
1,4,0.16880846,2,4,0.17894547,3,4,0.2890787,-3730.0924,12.736653,-0.46984817,-3716.8859
1,4,0.15910237,2,4,0.17405115,3,4,0.35890204,-3734.4019,13.841111,-5.7213415,-3714.8395
1,4,0.15051349,2,4,0.16843009,3,4,0.26972903,-3730.5645,11.773452,-0.86228492,-3717.9288
1,4,0.17256701,2,4,0.20062248,3,4,0.26125127,-3731.8282,12.688815,-2.3170178,-3716.8224
1,4,0.1661168,2,4,0.2199491,3,4,0.24374888,-3734.517,12.596296,-5.122773,-3716.798
1,4,0.16539247,2,4,0.18673693,3,4,0.26349562,-3730.6313,12.3125,-0.96241077,-3717.3564
1,4,0.1582242,2,4,0.17056326,3,4,0.29077157,-3729.8945,12.391181,-0.23845117,-3717.2648
1,4,0.15477415,2,4,0.18935081,3,4,0.26291706,-3730.4645,12.14084,-0.76935941,-3717.5543
1,4,0.15861715,2,4,0.20900965,3,4,0.31620842,-3732.0596,13.676705,-2.6568966,-3715.726
1,4,0.15592662,2,4,0.1737112,3,4,0.28959096,-3729.7738,12.384576,-0.12108276,-3717.2681
1,4,0.14601023,2,4,0.191011,3,4,0.32214735,-3730.9845,13.183372,-1.4664649,-3716.3347
1,4,0.15071433,2,4,0.17137856,3,4,0.31759966,-3730.7175,12.793851,-1.1223323,-3716.8014
1,4,0.15145988,2,4,0.185225,3,4,0.30371335,-3729.9277,12.807965,-0.29029641,-3716.8295
1,4,0.17100331,2,4,0.15205378,3,4,0.27100561,-3731.9717,11.881254,-2.0877652,-3718.0027
1,4,0.16955768,2,4,0.16297899,3,4,0.27938061,-3730.6523,12.238345,-0.96352181,-3717.4505
1,4,0.13561814,2,4,0.17394074,3,4,0.28953299,-3730.6485,11.981837,-0.92249392,-3717.7441
1,4,0.13592485,2,4,0.16723699,3,4,0.29669034,-3731.094,11.997044,-1.3212578,-3717.7757
1,4,0.16210426,2,4,0.18145951,3,4,0.29799219,-3729.9282,12.831119,-0.28995055,-3716.8072
1,4,0.13545317,2,4,0.16657457,3,4,0.27011254,-3731.7647,11.442806,-1.949172,-3718.3727
1,4,0.14581011,2,4,0.17142899,3,4,0.2631006,-3730.9806,11.606794,-1.2442818,-3718.1295
1,4,0.14031285,2,4,0.21103038,3,4,0.2873586,-3731.0195,12.774037,-1.4712284,-3716.7743
1,4,0.1781279,2,4,0.18152281,3,4,0.2735534,-3730.9488,12.664082,-1.3907806,-3716.8939
1,4,0.1443331,2,4,0.1274054,3,4,0.31108822,-3737.5618,11.656534,-6.4336258,-3719.4716
1,4,0.14340105,2,4,0.17684324,3,4,0.23760321,-3733.5865,11.15695,-3.3980478,-3719.0315
1,4,0.13746171,2,4,0.18598577,3,4,0.31363149,-3730.7149,12.741579,-1.0971702,-3716.8761
1,4,0.1693124,2,4,0.17667673,3,4,0.28052196,-3730.1605,12.530222,-0.52858879,-3717.1017
1,4,0.17573894,2,4,0.20374703,3,4,0.27203233,-3731.9232,13.030366,-2.5326199,-3716.3602
1,4,0.14856424,2,4,0.15746317,3,4,0.30239067,-3731.1824,12.168362,-1.4130922,-3717.6009
1,4,0.16620017,2,4,0.14021445,3,4,0.28477816,-3733.1568,11.823855,-3.0176322,-3718.3154
1,4,0.15978678,2,4,0.17136949,3,4,0.29523261,-3729.9248,12.527778,-0.27583137,-3717.1212
1,4,0.17614681,2,4,0.18275755,3,4,0.28800412,-3730.6569,12.93817,-1.1015458,-3716.6172
1,4,0.16847117,2,4,0.17837119,3,4,0.31212563,-3730.7349,13.17936,-1.1785644,-3716.377
1,4,0.11964133,2,4,0.1707837,3,4,0.30580782,-3733.2319,11.924657,-3.1149243,-3718.1923
1,4,0.15691279,2,4,0.17236821,3,4,0.26862235,-3730.3046,11.958067,-0.61529094,-3717.7312
1,4,0.13834917,2,4,0.19438011,3,4,0.32159904,-3731.2318,13.086566,-1.7237351,-3716.4215
1,4,0.15004999,2,4,0.21045308,3,4,0.30118514,-3731.1516,13.233764,-1.6621762,-3716.2557
1,4,0.1522835,2,4,0.20846129,3,4,0.28393624,-3730.7886,12.89362,-1.2432886,-3716.6517
1,4,0.14186799,2,4,0.21338809,3,4,0.2698902,-3731.5654,12.502926,-1.9770222,-3717.0855
1,4,0.1626445,2,4,0.17589899,3,4,0.29664893,-3729.9209,12.703849,-0.282189,-3716.9348
1,4,0.12990258,2,4,0.18480088,3,4,0.27862209,-3731.0328,11.866511,-1.2473384,-3717.9189
1,4,0.14849954,2,4,0.1525769,3,4,0.3038618,-3731.8019,12.098765,-1.948632,-3717.7545
1,4,0.14426645,2,4,0.1819678,3,4,0.31603619,-3730.5515,12.845409,-0.95499556,-3716.7511
1,4,0.14740565,2,4,0.18465602,3,4,0.29195796,-3729.7284,12.480393,-0.078030332,-3717.1699
1,4,0.16921125,2,4,0.21132309,3,4,0.28416197,-3731.9427,13.293926,-2.5774895,-3716.0713
1,4,0.16442921,2,4,0.21213147,3,4,0.29233703,-3731.7554,13.377954,-2.3483605,-3716.0291
1,4,0.13449507,2,4,0.17470239,3,4,0.31669066,-3731.3543,12.517762,-1.6717605,-3717.1648
1,4,0.16155379,2,4,0.20040329,3,4,0.32947516,-3732.4634,13.828645,-3.1233014,-3715.5114
1,4,0.14330342,2,4,0.17171887,3,4,0.31042441,-3730.6041,12.508934,-0.94538959,-3717.1498
1,4,0.16796452,2,4,0.19231278,3,4,0.30183332,-3730.6959,13.242212,-1.1105362,-3716.3432
1,4,0.14830503,2,4,0.18605603,3,4,0.28588625,-3729.7163,12.404946,-0.065541651,-3717.2458
1,4,0.15555092,2,4,0.19893364,3,4,0.31857837,-3731.2602,13.461259,-1.751674,-3716.0472
1,4,0.16771467,2,4,0.17732968,3,4,0.28336014,-3730.0425,12.56809,-0.40815941,-3717.0662
1,4,0.15405684,2,4,0.19722821,3,4,0.31764534,-3731.0497,13.378608,-1.5195138,-3716.1516
1,4,0.18964896,2,4,0.16499711,3,4,0.31171937,-3732.5858,13.327309,-3.3979232,-3715.8606
1,4,0.13972051,2,4,0.19320139,3,4,0.269185,-3730.5912,12.042138,-0.87704226,-3717.6721
1,4,0.14584084,2,4,0.18923883,3,4,0.3267932,-3731.2623,13.237457,-1.7895307,-3716.2353
1,4,0.13315994,2,4,0.22572694,3,4,0.29695324,-3732.7344,13.116802,-3.4934237,-3716.1241
1,4,0.1535271,2,4,0.18168712,3,4,0.33937035,-3732.204,13.491692,-2.9269193,-3715.7853
1,4,0.15272116,2,4,0.17138611,3,4,0.28086138,-3729.9625,12.099373,-0.30037085,-3717.5627
1,4,0.16703464,2,4,0.16484948,3,4,0.30284155,-3730.5438,12.694513,-0.92413355,-3716.9251
1,4,0.16637414,2,4,0.17268865,3,4,0.29521333,-3730.0832,12.685522,-0.45280518,-3716.9449
1,4,0.16352279,2,4,0.17752517,3,4,0.26259423,-3730.5877,12.072844,-0.88118108,-3717.6336
1,4,0.15970252,2,4,0.19196982,3,4,0.28196138,-3729.9849,12.672674,-0.34900716,-3716.9632
1,4,0.14540716,2,4,0.20261523,3,4,0.28137067,-3730.3788,12.587861,-0.758138,-3717.0328
1,4,0.13848687,2,4,0.15367334,3,4,0.31911494,-3733.0372,12.225503,-3.1161843,-3717.6955
1,4,0.14570696,2,4,0.17341763,3,4,0.29886073,-3730.0733,12.359706,-0.4101877,-3717.3034
1,4,0.17921392,2,4,0.18404071,3,4,0.31383715,-3731.8249,13.541836,-2.4208142,-3715.8622
1,4,0.17001524,2,4,0.1895363,3,4,0.28801437,-3730.4129,12.951318,-0.81830425,-3716.6433
1,4,0.1598478,2,4,0.197758,3,4,0.29407513,-3730.336,13.033618,-0.72599041,-3716.5764
1,4,0.14055662,2,4,0.18066198,3,4,0.31622716,-3730.7239,12.748915,-1.1142077,-3716.8607
1,4,0.1695899,2,4,0.1614421,3,4,0.28995638,-3730.6375,12.419768,-0.97245407,-3717.2453
1,4,0.14198837,2,4,0.17662608,3,4,0.27549665,-3730.3135,11.882222,-0.63239519,-3717.7989
1,4,0.16633291,2,4,0.17566877,3,4,0.29546971,-3730.045,12.749428,-0.41642846,-3716.8791
1,4,0.14405907,2,4,0.17469781,3,4,0.30560315,-3730.2658,12.487201,-0.60943508,-3717.1692
1,4,0.15030719,2,4,0.19472243,3,4,0.26699944,-3730.4021,12.240581,-0.72567415,-3717.4358
1,4,0.14467438,2,4,0.16028511,3,4,0.31622892,-3731.6122,12.423768,-1.8911835,-3717.2973
1,4,0.16205367,2,4,0.17738565,3,4,0.26976263,-3730.1761,12.184039,-0.50404072,-3717.488
1,4,0.15928898,2,4,0.1551991,3,4,0.27142746,-3731.4602,11.718311,-1.6234522,-3718.1184
1,4,0.14899169,2,4,0.19742031,3,4,0.31224575,-3730.667,13.173155,-1.0994194,-3716.3944
1,4,0.13958274,2,4,0.18484289,3,4,0.30835575,-3730.3787,12.655628,-0.74086323,-3716.9823
1,4,0.16309666,2,4,0.20861565,3,4,0.29104123,-3731.2961,13.255071,-1.8146366,-3716.2264
1,4,0.16610822,2,4,0.19581235,3,4,0.28745572,-3730.4679,12.987526,-0.87512883,-3716.6053
1,4,0.13718641,2,4,0.20147569,3,4,0.28669961,-3730.5326,12.507234,-0.8862254,-3717.1391
1,4,0.15816281,2,4,0.16173306,3,4,0.28560435,-3730.4274,12.110004,-0.7220006,-3717.5954
1,4,0.17114491,2,4,0.18951178,3,4,0.30459129,-3730.8934,13.30496,-1.3337916,-3716.2547
1,4,0.1513107,2,4,0.16864544,3,4,0.30531423,-3730.288,12.505407,-0.6328014,-3717.1498
1,4,0.15362278,2,4,0.16085678,3,4,0.28400747,-3730.5897,11.969741,-0.86623807,-3717.7537
1,4,0.1661345,2,4,0.16623811,3,4,0.25703945,-3731.481,11.788241,-1.6588324,-3718.0339
1,4,0.13338078,2,4,0.20597942,3,4,0.25627924,-3732.4033,11.912789,-2.5026382,-3717.9878
1,4,0.15947716,2,4,0.17784785,3,4,0.30018936,-3729.8966,12.750287,-0.25686808,-3716.8894
1,4,0.15984784,2,4,0.17052164,3,4,0.26742054,-3730.4538,11.955801,-0.75048293,-3717.7476
1,4,0.14349606,2,4,0.16138134,3,4,0.31757656,-3731.6507,12.449079,-1.9390308,-3717.2626
1,4,0.16256965,2,4,0.2022776,3,4,0.31469092,-3731.6156,13.590763,-2.1277802,-3715.897
1,4,0.1431394,2,4,0.17389215,3,4,0.30164404,-3730.2305,12.373512,-0.56192536,-3717.295
1,4,0.12352401,2,4,0.19669721,3,4,0.30170623,-3731.6342,12.438549,-1.8735076,-3717.3222
1,4,0.14975446,2,4,0.16768812,3,4,0.29995966,-3730.2384,12.348045,-0.56604393,-3717.3243
1,4,0.12746135,2,4,0.1870746,3,4,0.31306651,-3731.5049,12.552049,-1.802844,-3717.15
1,4,0.14555892,2,4,0.17815804,3,4,0.28231246,-3729.9032,12.120588,-0.24556676,-3717.537
1,4,0.15613281,2,4,0.1989836,3,4,0.31750147,-3731.2177,13.452358,-1.7007084,-3716.0646
1,4,0.13681428,2,4,0.16752295,3,4,0.29691174,-3730.9876,12.024979,-1.2287813,-3717.7339
1,4,0.16426435,2,4,0.18733053,3,4,0.30360958,-3730.32,13.104089,-0.70362437,-3716.5123
1,4,0.173123,2,4,0.17850584,3,4,0.2668716,-3730.7966,12.370009,-1.1529527,-3717.2736
1,4,0.15632812,2,4,0.17768419,3,4,0.29345701,-3729.7203,12.549387,-0.071335236,-3717.0995
1,4,0.16176306,2,4,0.17558956,3,4,0.23691363,-3733.1915,11.485325,-3.0466874,-3718.6595
1,4,0.12858727,2,4,0.21476365,3,4,0.26252292,-3732.9166,12.117477,-3.0735821,-3717.7256
1,4,0.14204875,2,4,0.18827074,3,4,0.29941055,-3730.019,12.594601,-0.37206196,-3717.0523
1,4,0.14141419,2,4,0.19215605,3,4,0.2846882,-3730.0246,12.365169,-0.36453139,-3717.2949
1,4,0.15931481,2,4,0.16599036,3,4,0.28284954,-3730.1696,12.163094,-0.49040459,-3717.5161
1,4,0.1618329,2,4,0.17786643,3,4,0.29581546,-3729.8648,12.710296,-0.22350717,-3716.931
1,4,0.15838105,2,4,0.17756861,3,4,0.28662211,-3729.7184,12.451435,-0.068686306,-3717.1983
1,4,0.15419445,2,4,0.18768615,3,4,0.34213695,-3732.6019,13.680351,-3.4062893,-3715.5152
1,4,0.14012959,2,4,0.21215808,3,4,0.27229304,-3731.419,12.491614,-1.8162076,-3717.1111
1,4,0.13199224,2,4,0.19314137,3,4,0.315133,-3731.203,12.805332,-1.6042319,-3716.7935
1,4,0.13370334,2,4,0.15746335,3,4,0.30092734,-3732.4409,11.841881,-2.4729418,-3718.126
1,4,0.14806446,2,4,0.17899146,3,4,0.27575826,-3729.9557,12.056284,-0.29575531,-3717.6037
1,4,0.17940488,2,4,0.14976968,3,4,0.31624866,-3732.7585,12.908464,-3.3086024,-3716.5414
1,4,0.13875529,2,4,0.18420083,3,4,0.25940289,-3731.2542,11.64718,-1.4591661,-3718.1479
1,4,0.16186891,2,4,0.1969607,3,4,0.32243751,-3731.6939,13.625342,-2.2286837,-3715.8398
1,4,0.14763866,2,4,0.17473791,3,4,0.30770572,-3730.2087,12.601646,-0.5677576,-3717.0393
1,4,0.14222571,2,4,0.20167525,3,4,0.28554222,-3730.35,12.588864,-0.72296911,-3717.0381
1,4,0.14882463,2,4,0.18108476,3,4,0.30887257,-3730.1182,12.775639,-0.49155983,-3716.851
1,4,0.15199221,2,4,0.19524388,3,4,0.30650415,-3730.3349,13.074805,-0.72723882,-3716.5328
1,4,0.14337554,2,4,0.17403976,3,4,0.32254935,-3731.1321,12.799293,-1.5545597,-3716.7782
1,4,0.15736089,2,4,0.15827922,3,4,0.29728609,-3730.7479,12.258524,-1.0262389,-3717.4632
1,4,0.14751968,2,4,0.18987672,3,4,0.2620505,-3730.6125,11.988938,-0.89265019,-3717.7309
1,4,0.17650374,2,4,0.18581699,3,4,0.26772847,-3731.1068,12.600984,-1.5358289,-3716.9699
1,4,0.16589184,2,4,0.23340254,3,4,0.26690834,-3734.7444,13.324054,-6.0353178,-3715.3851
1,4,0.16415413,2,4,0.18649776,3,4,0.28740994,-3729.9653,12.761237,-0.3302994,-3716.8738
1,4,0.14806665,2,4,0.18498361,3,4,0.2895531,-3729.7061,12.452067,-0.055682322,-3717.1983
1,4,0.13820282,2,4,0.17782266,3,4,0.30786666,-3730.563,12.477843,-0.89419912,-3717.191
1,4,0.15148389,2,4,0.16134636,3,4,0.30778358,-3730.8548,12.412277,-1.1616756,-3717.2808
1,4,0.14631384,2,4,0.19595994,3,4,0.27140115,-3730.3109,12.273499,-0.6423461,-3717.3951
1,4,0.1523039,2,4,0.21246557,3,4,0.26524751,-3731.6326,12.60034,-2.0883433,-3716.9439
1,4,0.138734,2,4,0.16610909,3,4,0.3199165,-3731.7155,12.495192,-2.0211321,-3717.1992
1,4,0.16869005,2,4,0.20323738,3,4,0.29903097,-3731.4102,13.419168,-1.9133404,-3716.0777
1,4,0.15257034,2,4,0.20277078,3,4,0.2793668,-3730.4167,12.694158,-0.81338801,-3716.9092
1,4,0.14383041,2,4,0.18419536,3,4,0.30781087,-3730.1832,12.716733,-0.55209922,-3716.9144
1,4,0.15646706,2,4,0.16926248,3,4,0.25593004,-3731.3174,11.633192,-1.5117954,-3718.1724
1,4,0.15786292,2,4,0.21393058,3,4,0.26400252,-3731.971,12.715921,-2.495693,-3716.7594
1,4,0.16605981,2,4,0.21786457,3,4,0.26843532,-3732.6416,13.047194,-3.3754439,-3716.2189
1,4,0.16115072,2,4,0.20999367,3,4,0.2969511,-3731.4347,13.36191,-1.9672171,-3716.1056
1,4,0.16747659,2,4,0.18573679,3,4,0.29290529,-3730.1695,12.922373,-0.5498409,-3716.6973
1,4,0.1338462,2,4,0.16966196,3,4,0.33611217,-3733.0031,12.792407,-3.4582364,-3716.7525
1,4,0.1323554,2,4,0.17156351,3,4,0.2590177,-3732.4981,11.258732,-2.5820156,-3718.6574
1,4,0.18385495,2,4,0.15912938,3,4,0.29684529,-3731.747,12.796592,-2.2610801,-3716.6893
1,4,0.1611288,2,4,0.16867142,3,4,0.28744339,-3730.0069,12.344872,-0.34626883,-3717.3158
1,4,0.14975898,2,4,0.18729517,3,4,0.29863828,-3729.8222,12.713849,-0.17808688,-3716.9302
1,4,0.169647,2,4,0.15793219,3,4,0.31167355,-3731.3771,12.785055,-1.7997908,-3716.7923
1,4,0.17293198,2,4,0.1868083,3,4,0.29121468,-3730.553,13.019099,-0.97696008,-3716.557
1,4,0.16661402,2,4,0.18967445,3,4,0.2779662,-3730.2572,12.685093,-0.63899142,-3716.9331
1,4,0.17179374,2,4,0.19745342,3,4,0.26671825,-3731.3026,12.719308,-1.7635341,-3716.8197
1,4,0.15761659,2,4,0.15858607,3,4,0.29191871,-3730.6738,12.162427,-0.94646295,-3717.5649
1,4,0.14216139,2,4,0.14872235,3,4,0.28173607,-3732.8993,11.452396,-2.8434614,-3718.6034
1,4,0.15800929,2,4,0.18812705,3,4,0.28987216,-3729.798,12.72017,-0.15214172,-3716.9257
1,4,0.15600613,2,4,0.15420054,3,4,0.31632199,-3731.7843,12.530573,-2.0853886,-3717.1684
1,4,0.13321866,2,4,0.18004849,3,4,0.29395615,-3730.6114,12.144466,-0.88668631,-3717.5803
1,4,0.14228572,2,4,0.18081164,3,4,0.26759465,-3730.5284,11.81384,-0.82380046,-3717.8908
1,4,0.16536512,2,4,0.20065379,3,4,0.28287699,-3730.7289,12.977918,-1.1685966,-3716.5824
1,4,0.18192905,2,4,0.15857441,3,4,0.26798093,-3732.0997,12.169688,-2.3678345,-3717.5622
1,4,0.16355369,2,4,0.19535919,3,4,0.28720422,-3730.2957,12.922342,-0.68590863,-3716.6875
1,4,0.15702737,2,4,0.21785966,3,4,0.28854021,-3731.8815,13.268545,-2.5300412,-3716.0829
1,4,0.16605477,2,4,0.16199987,3,4,0.28661351,-3730.4909,12.293363,-0.80558804,-3717.3919
1,4,0.13326587,2,4,0.18797921,3,4,0.28749122,-3730.4822,12.174726,-0.76961777,-3717.5379
1,4,0.12398361,2,4,0.20413844,3,4,0.27290176,-3732.184,12.020476,-2.2861428,-3717.8774
1,4,0.14373716,2,4,0.18389493,3,4,0.31614529,-3730.5677,12.875548,-0.97571731,-3716.7164
1,4,0.14087539,2,4,0.1643133,3,4,0.28067346,-3731.0229,11.717243,-1.2736602,-3718.032
1,4,0.15192357,2,4,0.16928928,3,4,0.2693709,-3730.4877,11.811675,-0.78956452,-3717.8864
1,4,0.16264455,2,4,0.19036762,3,4,0.26359958,-3730.6108,12.332235,-0.9439675,-3717.3346
1,4,0.14728613,2,4,0.21101899,3,4,0.27864069,-3731.0166,12.738916,-1.4724489,-3716.8052
1,4,0.17108815,2,4,0.17979015,3,4,0.28248898,-3730.2437,12.667346,-0.62979988,-3716.9465
1,4,0.15714489,2,4,0.19099133,3,4,0.30199183,-3730.1051,13.002561,-0.47339026,-3716.6292
1,4,0.16887927,2,4,0.16261378,3,4,0.27297482,-3730.8477,12.089357,-1.1255442,-3717.6328
1,4,0.12294716,2,4,0.20979047,3,4,0.30182105,-3732.1891,12.691174,-2.559542,-3716.9384
1,4,0.13322528,2,4,0.21965958,3,4,0.24244473,-3734.9223,11.906592,-4.8128084,-3718.2029
1,4,0.16906186,2,4,0.20257506,3,4,0.27400691,-3731.2294,12.912877,-1.7242798,-3716.5922
1,4,0.13559958,2,4,0.18212063,3,4,0.26386778,-3731.2361,11.63176,-1.4491827,-3718.1551
1,4,0.16084396,2,4,0.18238111,3,4,0.30262753,-3730.0233,12.917052,-0.39037441,-3716.7159
1,4,0.15256719,2,4,0.18207599,3,4,0.30092951,-3729.8231,12.711454,-0.17948708,-3716.9322
1,4,0.14731987,2,4,0.17078024,3,4,0.26724946,-3730.6817,11.706991,-0.97382229,-3718.0009
1,4,0.15540131,2,4,0.19809446,3,4,0.30599909,-3730.5452,13.189897,-0.95191504,-3716.4034
1,4,0.16961815,2,4,0.13869225,3,4,0.3258759,-3734.3413,12.683726,-4.632343,-3717.0253
1,4,0.14007362,2,4,0.18496333,3,4,0.32226286,-3731.0596,12.945996,-1.5116181,-3716.602
1,4,0.13851667,2,4,0.18911229,3,4,0.30289713,-3730.2722,12.610522,-0.62530122,-3717.0364
1,4,0.18505824,2,4,0.13248662,3,4,0.31872464,-3735.5229,12.72539,-5.8804144,-3716.9171
1,4,0.15246039,2,4,0.16334163,3,4,0.27539559,-3730.6309,11.823952,-0.91327794,-3717.8936
1,4,0.16621752,2,4,0.17226897,3,4,0.30314037,-3730.2744,12.832537,-0.66260502,-3716.7793
1,4,0.17639079,2,4,0.19531211,3,4,0.25023142,-3732.5735,12.438686,-2.9699882,-3717.1649
1,4,0.12959154,2,4,0.20554189,3,4,0.26403972,-3732.1257,11.983463,-2.2606032,-3717.8817
1,4,0.13913769,2,4,0.18038687,3,4,0.33155684,-3731.7989,13.021628,-2.3338028,-3716.4434
1,4,0.16418035,2,4,0.17882803,3,4,0.28763245,-3729.8674,12.612817,-0.22615474,-3717.0284
1,4,0.184478,2,4,0.15998461,3,4,0.30734886,-3732.0425,13.036229,-2.6627874,-3716.3435
1,4,0.18626152,2,4,0.15725342,3,4,0.28191202,-3732.0783,12.508539,-2.5094062,-3717.0604
1,4,0.17794181,2,4,0.19691497,3,4,0.30964503,-3732.2207,13.690036,-2.8309961,-3715.6997
1,4,0.14805938,2,4,0.17380521,3,4,0.27330956,-3730.2072,11.903483,-0.53483159,-3717.7689
1,4,0.17168592,2,4,0.16070794,3,4,0.26149395,-3731.7204,11.877756,-1.89109,-3717.9516
1,4,0.18468553,2,4,0.19071126,3,4,0.26746826,-3732.0962,12.857301,-2.7078884,-3716.531
1,4,0.12828038,2,4,0.17781763,3,4,0.29880463,-3731.2841,12.098053,-1.4801854,-3717.7059
1,4,0.15008217,2,4,0.21668211,3,4,0.30403059,-3731.8572,13.415897,-2.4943203,-3715.947
1,4,0.1506096,2,4,0.19604751,3,4,0.23160301,-3734.0506,11.565202,-3.7650464,-3718.7204
1,4,0.174238,2,4,0.1604196,3,4,0.2725655,-3731.2557,12.144462,-1.5282735,-3717.583
1,4,0.15900616,2,4,0.19622298,3,4,0.2786098,-3730.1977,12.676779,-0.57445206,-3716.9464
1,4,0.15613398,2,4,0.17445543,3,4,0.27191521,-3730.084,12.050093,-0.41267026,-3717.6212
1,4,0.18166563,2,4,0.16453769,3,4,0.31481717,-3731.9649,13.22041,-2.6153903,-3716.1291
1,4,0.14160702,2,4,0.14532377,3,4,0.33092975,-3734.7554,12.357211,-4.7476707,-3717.6506
1,4,0.13201246,2,4,0.19146536,3,4,0.28283488,-3730.6687,12.126254,-0.93713841,-3717.6053
1,4,0.12786511,2,4,0.1900923,3,4,0.29865701,-3731.0365,12.332288,-1.2916803,-3717.4125
1,4,0.13805907,2,4,0.19160332,3,4,0.29629019,-3730.1962,12.519051,-0.53937843,-3717.1378
1,4,0.13520425,2,4,0.20203187,3,4,0.32256515,-3731.73,13.196026,-2.2977296,-3716.2362
1,4,0.14331048,2,4,0.21595188,3,4,0.25166609,-3732.9831,12.218569,-3.246365,-3717.5182
1,4,0.15671031,2,4,0.19160125,3,4,0.30446838,-3730.2019,13.055599,-0.57730144,-3716.569
1,4,0.12732198,2,4,0.19835509,3,4,0.28791051,-3731.176,12.271752,-1.4204202,-3717.4838
1,4,0.12316986,2,4,0.19383685,3,4,0.27177661,-3732.1211,11.775666,-2.1597788,-3718.1856
1,4,0.13580624,2,4,0.1961255,3,4,0.26258369,-3731.3154,11.890309,-1.5142801,-3717.9108
1,4,0.12038781,2,4,0.17413194,3,4,0.31225666,-3733.0105,12.135528,-2.9997257,-3717.8753
1,4,0.15065614,2,4,0.17351854,3,4,0.25113952,-3731.671,11.506284,-1.8189876,-3718.3457
1,4,0.14699588,2,4,0.18161196,3,4,0.2987788,-3729.8371,12.547733,-0.18861149,-3717.1008
1,4,0.1458997,2,4,0.18761993,3,4,0.28646004,-3729.7812,12.399593,-0.1289115,-3717.2527
1,4,0.15743605,2,4,0.17242419,3,4,0.32033246,-3730.8359,13.003854,-1.2868744,-3716.5452
1,4,0.14545295,2,4,0.17931094,3,4,0.28808643,-3729.8219,12.257006,-0.16650089,-3717.3984
1,4,0.13223627,2,4,0.20367916,3,4,0.3065536,-3731.1953,12.84938,-1.6227119,-3716.7232
1,4,0.13200446,2,4,0.1885749,3,4,0.3155118,-3731.1804,12.721823,-1.5548324,-3716.9038
1,4,0.16555546,2,4,0.17205176,3,4,0.28000101,-3730.0808,12.352165,-0.42629922,-3717.3024
1,4,0.12966912,2,4,0.18146888,3,4,0.28516751,-3730.9898,11.92611,-1.2094063,-3717.8543
1,4,0.15830867,2,4,0.19380201,3,4,0.28890577,-3730.0052,12.820329,-0.37175638,-3716.8131
1,4,0.15940311,2,4,0.19357548,3,4,0.2686923,-3730.3756,12.433418,-0.72794902,-3717.2142
1,4,0.1206772,2,4,0.15642029,3,4,0.29818369,-3734.7346,11.505624,-4.2928209,-3718.9362
1,4,0.14705062,2,4,0.20154005,3,4,0.30499303,-3730.5768,13.071674,-1.0019361,-3716.5032
1,4,0.16190908,2,4,0.1839271,3,4,0.32920274,-3731.6125,13.500779,-2.1903482,-3715.9214
1,4,0.17892356,2,4,0.15837791,3,4,0.33267489,-3733.1781,13.399527,-4.0556442,-3715.7229
1,4,0.14599794,2,4,0.17667204,3,4,0.28522581,-3729.8868,12.157916,-0.22951389,-3717.4994
1,4,0.17335247,2,4,0.1620599,3,4,0.30996521,-3731.2308,12.907552,-1.6990208,-3716.6243
1,4,0.1306042,2,4,0.17955462,3,4,0.28336154,-3730.9836,11.870407,-1.208836,-3717.9044
1,4,0.13253023,2,4,0.20189728,3,4,0.24867036,-3733.0512,11.661957,-2.9800251,-3718.4092
1,4,0.14953651,2,4,0.19252305,3,4,0.28934976,-3729.8316,12.628186,-0.18791428,-3717.0155
1,4,0.16704369,2,4,0.17901148,3,4,0.29398109,-3730.0496,12.800725,-0.42309872,-3716.8257
1,4,0.157435,2,4,0.19114886,3,4,0.29493684,-3729.9419,12.870414,-0.30170868,-3716.7698
1,4,0.16847021,2,4,0.17851276,3,4,0.26522492,-3730.6157,12.244158,-0.93981316,-3717.4317
1,4,0.16569551,2,4,0.18832783,3,4,0.2861604,-3730.0946,12.803675,-0.46921915,-3716.8217
1,4,0.15097165,2,4,0.17339375,3,4,0.31675,-3730.5987,12.822308,-1.0035371,-3716.7729
1,4,0.14290576,2,4,0.17027004,3,4,0.26816637,-3730.9145,11.626843,-1.1912041,-3718.0965
1,4,0.15773363,2,4,0.1783583,3,4,0.28069062,-3729.7597,12.335651,-0.10785961,-3717.3162
1,4,0.15777499,2,4,0.19075382,3,4,0.29336226,-3729.9113,12.837821,-0.26992146,-3716.8036
1,4,0.15577226,2,4,0.18439213,3,4,0.28606526,-3729.6801,12.524593,-0.030688827,-3717.1248
1,4,0.14802634,2,4,0.20877015,3,4,0.27630995,-3730.8825,12.662129,-1.3095056,-3716.9109
1,4,0.15183447,2,4,0.18961985,3,4,0.32112738,-3730.8868,13.251634,-1.3531633,-3716.282
1,4,0.14191313,2,4,0.20644543,3,4,0.28585353,-3730.6464,12.684242,-1.0522026,-3716.9099
1,4,0.17870991,2,4,0.17341198,3,4,0.28145758,-3730.8132,12.671589,-1.2485906,-3716.893
1,4,0.16208566,2,4,0.19027969,3,4,0.27177102,-3730.2265,12.482727,-0.58428813,-3717.1595
1,4,0.15563587,2,4,0.17719086,3,4,0.28594384,-3729.7009,12.375411,-0.050298406,-3717.2752
1,4,0.16209309,2,4,0.17941032,3,4,0.29745268,-3729.9038,12.779122,-0.26482197,-3716.8598
1,4,0.14744221,2,4,0.1931872,3,4,0.31923904,-3730.8641,13.197369,-1.3274098,-3716.3393
1,4,0.16835593,2,4,0.19609531,3,4,0.30464776,-3731.0557,13.38198,-1.5024566,-3716.1712
1,4,0.13604596,2,4,0.17530849,3,4,0.3051622,-3730.7355,12.330333,-1.0314807,-3717.3737
1,4,0.17129271,2,4,0.22135286,3,4,0.31363907,-3734.3739,14.125693,-5.4006833,-3714.8476
1,4,0.15933107,2,4,0.16279393,3,4,0.26069785,-3731.3683,11.656457,-1.5560228,-3718.1559
1,4,0.1223652,2,4,0.2273654,3,4,0.28599491,-3733.6639,12.71451,-4.2113164,-3716.7381
1,4,0.14731164,2,4,0.16713527,3,4,0.3028718,-3730.4263,12.346374,-0.74567423,-3717.3343
1,4,0.15749866,2,4,0.19217546,3,4,0.2511337,-3731.4523,12.016156,-1.6624432,-3717.7737
1,4,0.16604672,2,4,0.18435605,3,4,0.26539561,-3730.5182,12.315967,-0.85327638,-3717.349
1,4,0.14463431,2,4,0.17284574,3,4,0.29677631,-3730.1108,12.285127,-0.44150399,-3717.3841
1,4,0.15295225,2,4,0.16905571,3,4,0.29003934,-3729.9828,12.240946,-0.31748099,-3717.4243
1,4,0.17548947,2,4,0.17180741,3,4,0.2891769,-3730.5577,12.729476,-0.97385973,-3716.8544
1,4,0.15955839,2,4,0.16657376,3,4,0.33580386,-3732.2044,13.23872,-2.869756,-3716.096
1,4,0.16027639,2,4,0.16079233,3,4,0.28033195,-3730.5897,12.028013,-0.86751307,-3717.6942
1,4,0.15974579,2,4,0.16769306,3,4,0.27239409,-3730.3643,11.996659,-0.66916515,-3717.6985
1,4,0.14597371,2,4,0.17839819,3,4,0.26416031,-3730.6012,11.770644,-0.89029595,-3717.9403
1,4,0.1619252,2,4,0.16996564,3,4,0.32523767,-3731.3151,13.14257,-1.8395895,-3716.3329
1,4,0.1781974,2,4,0.17692534,3,4,0.30011161,-3730.9478,13.104687,-1.4365199,-3716.4066
1,4,0.1914093,2,4,0.19683522,3,4,0.29637784,-3733.3096,13.692447,-4.241833,-3715.3753
1,4,0.14226271,2,4,0.21711395,3,4,0.31421813,-3732.2478,13.471896,-2.9663041,-3715.8096
1,4,0.14405913,2,4,0.19994148,3,4,0.29807138,-3730.3101,12.84144,-0.70184746,-3716.7668
1,4,0.14535125,2,4,0.20139792,3,4,0.27735659,-3730.3892,12.482115,-0.7530041,-3717.1541
1,4,0.15433499,2,4,0.20232827,3,4,0.29675692,-3730.4914,13.068404,-0.90382947,-3716.5191
1,4,0.13889566,2,4,0.16829057,3,4,0.26998681,-3731.2764,11.543461,-1.5181567,-3718.2148
1,4,0.13032079,2,4,0.18986641,3,4,0.26817824,-3731.3987,11.767309,-1.566801,-3718.0646
1,4,0.15352947,2,4,0.18378771,3,4,0.2753066,-3729.8411,12.252476,-0.18477788,-3717.4038
1,4,0.16121688,2,4,0.15506064,3,4,0.31821548,-3731.7542,12.68986,-2.1294519,-3716.9348
1,4,0.12783304,2,4,0.22087745,3,4,0.33660461,-3734.4773,13.706302,-5.7003635,-3715.0706
1,4,0.17050692,2,4,0.1501159,3,4,0.26832621,-3732.3363,11.778981,-2.3807088,-3718.1767
1,4,0.13805975,2,4,0.15990804,3,4,0.31614978,-3732.159,12.282352,-2.3481478,-3717.5285
1,4,0.1281593,2,4,0.159982,3,4,0.29157681,-3732.8407,11.594362,-2.7944383,-3718.4519
1,4,0.17615147,2,4,0.18515496,3,4,0.27132704,-3730.9288,12.652669,-1.3605807,-3716.9156
1,4,0.15070211,2,4,0.18535312,3,4,0.26178486,-3730.5176,11.956802,-0.80393885,-3717.7569
1,4,0.15723733,2,4,0.16426922,3,4,0.28748694,-3730.2301,12.17987,-0.54472673,-3717.5055
1,4,0.13920579,2,4,0.19161918,3,4,0.31446427,-3730.7262,12.905785,-1.1427814,-3716.6777
1,4,0.15784432,2,4,0.18644457,3,4,0.24256197,-3732.2659,11.737017,-2.3103939,-3718.2185
1,4,0.17527847,2,4,0.19679649,3,4,0.28780422,-3731.2416,13.197584,-1.7531687,-3716.2909
1,4,0.15559879,2,4,0.16630217,3,4,0.34188736,-3732.7329,13.275766,-3.4878276,-3715.9693
1,4,0.16168616,2,4,0.18346805,3,4,0.32676885,-3731.4017,13.438461,-1.9436373,-3716.0196
1,4,0.17567239,2,4,0.13874059,3,4,0.28212657,-3733.6369,11.930791,-3.4973391,-3718.2087
1,4,0.16725694,2,4,0.2105113,3,4,0.26850375,-3731.9456,12.92544,-2.5336363,-3716.4865
1,4,0.14430769,2,4,0.16310175,3,4,0.32944046,-3732.1941,12.736998,-2.6131011,-3716.844
1,4,0.13629359,2,4,0.18584139,3,4,0.29168611,-3730.2372,12.276422,-0.552572,-3717.4082
1,4,0.13329399,2,4,0.20975394,3,4,0.27811434,-3731.392,12.423245,-1.7352497,-3717.2335
1,4,0.17561986,2,4,0.14714597,3,4,0.2455825,-3734.9849,11.366967,-4.5130114,-3719.1049
1,4,0.13601827,2,4,0.15664338,3,4,0.29947368,-3732.2486,11.842706,-2.3092554,-3718.0966
1,4,0.18441985,2,4,0.17144083,3,4,0.28384948,-3731.3275,12.794203,-1.846457,-3716.6869
1,4,0.15060267,2,4,0.18983994,3,4,0.29587539,-3729.8194,12.72636,-0.17531744,-3716.9177
1,4,0.16579235,2,4,0.1848386,3,4,0.27957047,-3730.0522,12.604028,-0.4186248,-3717.0296
1,4,0.16806578,2,4,0.1474499,3,4,0.27899,-3732.1702,11.890113,-2.2313539,-3718.0487
1,4,0.18642799,2,4,0.18058625,3,4,0.2728962,-3731.7611,12.798209,-2.3339429,-3716.6289
1,4,0.17901499,2,4,0.20523536,3,4,0.27889139,-3732.2801,13.262835,-2.9811203,-3716.0361
1,4,0.17237754,2,4,0.17719597,3,4,0.29987101,-3730.489,12.98889,-0.90927591,-3716.5908
1,4,0.12647121,2,4,0.17549505,3,4,0.25762004,-3733.1859,11.191726,-3.1282606,-3718.8659
1,4,0.16055468,2,4,0.1907748,3,4,0.29189987,-3729.9857,12.864587,-0.34880516,-3716.7723
1,4,0.17155091,2,4,0.14558516,3,4,0.29022609,-3732.3006,12.147243,-2.4143215,-3717.739
1,4,0.16841455,2,4,0.17644289,3,4,0.27775364,-3730.1662,12.452221,-0.52571302,-3717.1883
1,4,0.16475807,2,4,0.20165793,3,4,0.28468908,-3730.7626,13.022101,-1.2067702,-3716.5337
1,4,0.12383788,2,4,0.18284652,3,4,0.285198,-3731.7154,11.837648,-1.8157423,-3718.062
1,4,0.1619946,2,4,0.1755733,3,4,0.26252556,-3730.5932,12.001869,-0.87879104,-3717.7125
1,4,0.16804825,2,4,0.17086373,3,4,0.29694485,-3730.2278,12.717137,-0.6068421,-3716.9038
1,4,0.15628884,2,4,0.18696175,3,4,0.26538165,-3730.2921,12.172645,-0.60995858,-3717.5095
1,4,0.14320866,2,4,0.21588672,3,4,0.28997093,-3731.4001,12.981326,-1.9451679,-3716.4736
1,4,0.12421571,2,4,0.18839775,3,4,0.28033411,-3731.6442,11.858951,-1.7561901,-3718.029
1,4,0.14491486,2,4,0.18776529,3,4,0.29316358,-3729.8229,12.516875,-0.17273379,-3717.1333
1,4,0.14215495,2,4,0.19562371,3,4,0.29177426,-3730.0813,12.591058,-0.43968078,-3717.0505
1,4,0.14483752,2,4,0.14885269,3,4,0.3251756,-3733.5073,12.377316,-3.6244954,-3717.5055
1,4,0.1816129,2,4,0.17381201,3,4,0.31251793,-3731.7446,13.358857,-2.3701193,-3716.0156
1,4,0.14163348,2,4,0.18380587,3,4,0.24867579,-3732.0657,11.482303,-2.1424226,-3718.4409
1,4,0.16262591,2,4,0.16687502,3,4,0.30045667,-3730.2545,12.599152,-0.61242584,-3717.0429
1,4,0.17744322,2,4,0.17405605,3,4,0.29171876,-3730.7041,12.864361,-1.1524297,-3716.6873
1,4,0.15073903,2,4,0.19506571,3,4,0.28005947,-3729.9822,12.517284,-0.33981231,-3717.1251
1,4,0.13317243,2,4,0.21614108,3,4,0.24129303,-3734.7727,11.812131,-4.5869916,-3718.3735
1,4,0.15622293,2,4,0.20619562,3,4,0.25516436,-3731.8181,12.351658,-2.1552857,-3717.3111
1,4,0.13817511,2,4,0.1578541,3,4,0.27206503,-3732.3252,11.361885,-2.4279574,-3718.5354
1,4,0.16203336,2,4,0.16713511,3,4,0.30206586,-3730.2712,12.624687,-0.63226101,-3717.0143
1,4,0.1671815,2,4,0.20794855,3,4,0.30372754,-3731.8948,13.577152,-2.4618619,-3715.8558
1,4,0.17721428,2,4,0.20272171,3,4,0.27170336,-3731.9865,13.032787,-2.6074119,-3716.3463
1,4,0.15578445,2,4,0.17949578,3,4,0.24482968,-3732.0489,11.602198,-2.1123151,-3718.3344
1,4,0.14435603,2,4,0.17315539,3,4,0.28996853,-3730.0659,12.149599,-0.396542,-3717.5198
1,4,0.15302964,2,4,0.1854591,3,4,0.31300115,-3730.3281,13.029798,-0.72594299,-3716.5724
1,4,0.15685816,2,4,0.19039738,3,4,0.30799966,-3730.3021,13.105104,-0.68661126,-3716.5104
1,4,0.13521095,2,4,0.14149077,3,4,0.30760271,-3735.1493,11.686089,-4.6439538,-3718.8192
1,4,0.15542748,2,4,0.1856143,3,4,0.30302418,-3729.9471,12.881319,-0.30913466,-3716.7566
