1,4,0.28710274,2,4,0.12064067,3,4,0.16842571,-3327.2502,11.523382,-1.1643455,-3314.5625
1,4,0.29034377,2,4,0.11586916,3,4,0.15309975,-3326.4699,11.186254,-0.28418279,-3314.9995
1,4,0.26403178,2,4,0.16320605,3,4,0.14152979,-3329.4456,11.375353,-3.5714963,-3314.4987
1,4,0.32452189,2,4,0.12114999,3,4,0.1566577,-3327.4387,12.046592,-1.3876423,-3314.0045
1,4,0.31688916,2,4,0.1348877,3,4,0.16024531,-3327.7836,12.240443,-1.7320742,-3313.8111
1,4,0.28346714,2,4,0.099698853,3,4,0.1523225,-3327.9514,10.70977,-1.5548037,-3315.6868
1,4,0.31825104,2,4,0.10699519,3,4,0.13943937,-3327.846,11.293712,-1.6047958,-3314.9475
1,4,0.2709767,2,4,0.145943,3,4,0.1369817,-3327.3174,11.078028,-1.1359505,-3315.1034
1,4,0.294142,2,4,0.12262188,3,4,0.15540066,-3326.425,11.443291,-0.25645712,-3314.7253
1,4,0.27716946,2,4,0.11480438,3,4,0.15256411,-3326.7605,10.890759,-0.54591173,-3315.3238
1,4,0.31626942,2,4,0.11884089,3,4,0.14242457,-3326.8355,11.550697,-0.68414418,-3314.6007
1,4,0.29506776,2,4,0.13353551,3,4,0.15817957,-3326.895,11.735657,-0.76381107,-3314.3956
1,4,0.29390594,2,4,0.14297028,3,4,0.15728186,-3327.4877,11.883162,-1.4306288,-3314.1739
1,4,0.25101632,2,4,0.10180379,3,4,0.18787169,-3331.7995,10.813836,-5.3649121,-3315.6208
1,4,0.28446535,2,4,0.1108377,3,4,0.18899909,-3329.5384,11.686043,-3.8470036,-3314.0054
1,4,0.30507768,2,4,0.14293109,3,4,0.10824748,-3328.9593,11.125125,-2.5407547,-3315.2934
1,4,0.29649792,2,4,0.14699939,3,4,0.13700765,-3326.9912,11.610099,-0.88489364,-3314.4962
1,4,0.34715054,2,4,0.11436075,3,4,0.14945596,-3328.954,12.219345,-3.1920476,-3313.5426
1,4,0.29429846,2,4,0.13041792,3,4,0.13296337,-3326.4145,11.153595,-0.22631303,-3315.0346
1,4,0.3060031,2,4,0.12728216,3,4,0.12783735,-3326.8993,11.222452,-0.6930586,-3314.9838
1,4,0.27498074,2,4,0.11274879,3,4,0.15927553,-3327.1186,10.940101,-0.891387,-3315.2871
1,4,0.30973622,2,4,0.12752365,3,4,0.12251066,-3327.45,11.19541,-1.2029841,-3315.0516
1,4,0.30039555,2,4,0.12253855,3,4,0.14083351,-3326.3117,11.275352,-0.13106948,-3314.9052
1,4,0.28981094,2,4,0.12154559,3,4,0.16579445,-3327.0322,11.54302,-0.92401318,-3314.5652
1,4,0.28261018,2,4,0.13436056,3,4,0.15129793,-3326.5905,11.365373,-0.42662481,-3314.7985
1,4,0.28303267,2,4,0.12436776,3,4,0.14386612,-3326.2791,11.025331,-0.096600685,-3315.1572
1,4,0.27415091,2,4,0.13488234,3,4,0.15937883,-3327.2712,11.368242,-1.1481059,-3314.7549
1,4,0.28757191,2,4,0.13442442,3,4,0.13343067,-3326.4551,11.10854,-0.26702974,-3315.0796
1,4,0.28431771,2,4,0.11343319,3,4,0.12926519,-3327.5921,10.540322,-1.2990231,-3315.7527
1,4,0.26429621,2,4,0.11873496,3,4,0.14787582,-3327.1799,10.61814,-0.91807752,-3315.6437
1,4,0.28510292,2,4,0.14696912,3,4,0.13009049,-3327.1073,11.243251,-0.95042696,-3314.9136
1,4,0.31796729,2,4,0.15258637,3,4,0.12290213,-3328.2843,11.869116,-2.3403408,-3314.0749
1,4,0.25284027,2,4,0.1573796,3,4,0.11910203,-3330.2683,10.586438,-3.6978691,-3315.984
1,4,0.29042281,2,4,0.13880192,3,4,0.14863277,-3326.6558,11.55715,-0.5049323,-3314.5937
1,4,0.32100166,2,4,0.1137748,3,4,0.1432688,-3327.263,11.560905,-1.1222267,-3314.5799
1,4,0.25471438,2,4,0.11164829,3,4,0.17763879,-3329.7243,10.880029,-3.4251894,-3315.4191
1,4,0.29698524,2,4,0.14751074,3,4,0.13357293,-3327.0446,11.561378,-0.93722727,-3314.5459
1,4,0.30024504,2,4,0.12563536,3,4,0.12878065,-3326.7749,11.093221,-0.56248077,-3315.1192
1,4,0.2469877,2,4,0.12212188,3,4,0.15245454,-3328.6069,10.431282,-2.1307443,-3316.0449
1,4,0.29187189,2,4,0.1212305,3,4,0.12512836,-3327.2779,10.764615,-1.0050142,-3315.5083
1,4,0.29046308,2,4,0.14108791,3,4,0.13475464,-3326.6198,11.326113,-0.45531254,-3314.8384
1,4,0.28847779,2,4,0.12525533,3,4,0.15858247,-3326.6072,11.446312,-0.45164765,-3314.7092
1,4,0.29569129,2,4,0.10218365,3,4,0.18856865,-3329.6471,11.728872,-3.9189823,-3313.9992
1,4,0.28053464,2,4,0.1294375,3,4,0.151695,-3326.4789,11.233343,-0.30245578,-3314.9431
1,4,0.28946105,2,4,0.13785288,3,4,0.12440547,-3326.9947,11.034388,-0.76582184,-3315.1945
1,4,0.31719284,2,4,0.13705313,3,4,0.15809971,-3327.7811,12.246914,-1.725445,-3313.8087
1,4,0.29240577,2,4,0.15105477,3,4,0.13145744,-3327.3168,11.49836,-1.2320331,-3314.5864
1,4,0.31537731,2,4,0.11929843,3,4,0.15248446,-3326.8427,11.743204,-0.71064134,-3314.3888
1,4,0.27781303,2,4,0.11186291,3,4,0.15843637,-3327.0322,10.962246,-0.80868376,-3315.2613
1,4,0.29595585,2,4,0.15976687,3,4,0.12658893,-3328.2323,11.646233,-2.2964856,-3314.2896
1,4,0.33477719,2,4,0.11236219,3,4,0.15744645,-3328.229,12.091717,-2.3096155,-3313.8276
1,4,0.28874609,2,4,0.11803426,3,4,0.1540561,-3326.437,11.216729,-0.25642226,-3314.9639
1,4,0.26057435,2,4,0.12357181,3,4,0.11866703,-3329.2416,10.056264,-2.7066056,-3316.4788
1,4,0.30882232,2,4,0.12013583,3,4,0.12237817,-3327.8326,11.026726,-1.5206085,-3315.2853
1,4,0.31676214,2,4,0.12248857,3,4,0.1280231,-3327.3944,11.345476,-1.1963395,-3314.8526
1,4,0.29530068,2,4,0.12928677,3,4,0.16201838,-3326.971,11.732117,-0.8541859,-3314.3847
1,4,0.27429599,2,4,0.14700821,3,4,0.13047545,-3327.3828,11.035593,-1.1844082,-3315.1628
1,4,0.24814419,2,4,0.14623569,3,4,0.15914199,-3329.6906,11.070437,-3.521647,-3315.0985
1,4,0.30389115,2,4,0.15076426,3,4,0.12523041,-3327.6011,11.597716,-1.5310951,-3314.4722
1,4,0.26947357,2,4,0.13799435,3,4,0.12197709,-3327.8267,10.5889,-1.4748931,-3315.763
1,4,0.28251356,2,4,0.12964427,3,4,0.14701135,-3326.3218,11.183384,-0.14119052,-3314.9973
1,4,0.3115471,2,4,0.094639543,3,4,0.14732308,-3328.9073,11.070194,-2.4377715,-3315.3993
1,4,0.32853831,2,4,0.13944118,3,4,0.12528621,-3328.0418,11.865314,-2.0329754,-3314.1435
1,4,0.29601009,2,4,0.12640593,3,4,0.14963517,-3326.2694,11.441024,-0.091723229,-3314.7367
1,4,0.31164763,2,4,0.1202224,3,4,0.14714813,-3326.598,11.580363,-0.43918363,-3314.5784
1,4,0.27035153,2,4,0.14614014,3,4,0.13511022,-3327.3788,11.032038,-1.1842092,-3315.1625
1,4,0.32259885,2,4,0.1090485,3,4,0.1800881,-3329.1826,12.234709,-3.5128203,-3313.4351
1,4,0.27114508,2,4,0.12196688,3,4,0.13729864,-3326.898,10.608212,-0.67893572,-3315.6108
1,4,0.28078885,2,4,0.12307587,3,4,0.15449218,-3326.505,11.167138,-0.32501535,-3315.0128
1,4,0.31772024,2,4,0.10530973,3,4,0.14950137,-3327.6419,11.450627,-1.4541853,-3314.7371
1,4,0.31123949,2,4,0.10596051,3,4,0.12456878,-3329.198,10.835375,-2.6729604,-3315.6897
1,4,0.33422876,2,4,0.1202954,3,4,0.1457126,-3327.7783,12.004735,-1.7844771,-3313.9891
1,4,0.3333796,2,4,0.12664711,3,4,0.13508482,-3327.7965,11.902231,-1.7826861,-3314.1116
1,4,0.27072238,2,4,0.12315429,3,4,0.14695947,-3326.698,10.816723,-0.48657622,-3315.3947
1,4,0.32187932,2,4,0.13316952,3,4,0.13447784,-3327.1604,11.790534,-1.0613579,-3314.3085
1,4,0.3483154,2,4,0.15262425,3,4,0.1235176,-3330.2608,12.489145,-4.8550487,-3312.9166
1,4,0.28031032,2,4,0.14672262,3,4,0.12864858,-3327.2425,11.11363,-1.0572022,-3315.0717
1,4,0.27561511,2,4,0.13974562,3,4,0.11923355,-3327.8346,10.691886,-1.4825805,-3315.6601
1,4,0.29112237,2,4,0.12962253,3,4,0.14231916,-3326.201,11.261281,-0.021210234,-3314.9185
1,4,0.3102059,2,4,0.12313343,3,4,0.14097728,-3326.5265,11.486332,-0.35918402,-3314.681
1,4,0.29004824,2,4,0.1280682,3,4,0.13426831,-3326.3779,11.047695,-0.1897472,-3315.1404
1,4,0.27597309,2,4,0.13974507,3,4,0.15634235,-3327.314,11.44121,-1.2077596,-3314.665
1,4,0.28352175,2,4,0.14246883,3,4,0.14124294,-3326.7403,11.34467,-0.58873972,-3314.8069
1,4,0.26060231,2,4,0.10243224,3,4,0.1419067,-3329.1536,10.098825,-2.6174382,-3316.4373
1,4,0.24894186,2,4,0.1309735,3,4,0.14242764,-3328.2834,10.44686,-1.8548238,-3315.9817
1,4,0.29797083,2,4,0.12030749,3,4,0.12610048,-3327.2392,10.887576,-0.97407806,-3315.3775
1,4,0.28564008,2,4,0.13721988,3,4,0.14822848,-3326.5744,11.421769,-0.41372568,-3314.7389
1,4,0.3139705,2,4,0.10688571,3,4,0.19173992,-3330.2395,12.251923,-4.8905492,-3313.097
1,4,0.2917153,2,4,0.13598897,3,4,0.14917006,-3326.5238,11.537486,-0.36093127,-3314.6254
1,4,0.25219963,2,4,0.14732268,3,4,0.13472016,-3328.7085,10.68485,-2.3264712,-3315.6972
1,4,0.31652766,2,4,0.1040857,3,4,0.14433807,-3327.86,11.299029,-1.6098754,-3314.9511
1,4,0.32021937,2,4,0.10176314,3,4,0.17855291,-3329.171,12.010708,-3.3980243,-3313.7622
1,4,0.31555765,2,4,0.11502406,3,4,0.16079579,-3327.2416,11.82755,-1.1579605,-3314.2561
1,4,0.29129962,2,4,0.10883404,3,4,0.13632438,-3327.3671,10.729161,-1.0836863,-3315.5543
1,4,0.28914926,2,4,0.16505991,3,4,0.13631568,-3328.84,11.810497,-3.0983341,-3313.9312
1,4,0.30119516,2,4,0.10731739,3,4,0.13032969,-3328.0961,10.776845,-1.7182648,-3315.601
1,4,0.30824314,2,4,0.11778538,3,4,0.13235797,-3327.0412,11.16773,-0.82440904,-3315.049
1,4,0.30464093,2,4,0.12078346,3,4,0.13145735,-3326.8517,11.137635,-0.64143705,-3315.0726
1,4,0.27462427,2,4,0.11619156,3,4,0.15328634,-3326.8041,10.882043,-0.58796061,-3315.3341
1,4,0.24305573,2,4,0.11311111,3,4,0.14066806,-3329.7419,9.936698,-3.0872856,-3316.7179
1,4,0.2815077,2,4,0.15358126,3,4,0.13885324,-3327.6375,11.478844,-1.5974039,-3314.5613
1,4,0.28416886,2,4,0.137701,3,4,0.1171549,-3327.783,10.780495,-1.431481,-3315.571
1,4,0.29146335,2,4,0.12274339,3,4,0.16177324,-3326.7584,11.5196,-0.6198403,-3314.619
1,4,0.28902773,2,4,0.13939506,3,4,0.13883996,-3326.5057,11.345255,-0.33953857,-3314.8209
1,4,0.30255305,2,4,0.11429632,3,4,0.16398799,-3327.0455,11.616747,-0.9306425,-3314.4981
1,4,0.29201951,2,4,0.12562791,3,4,0.13304709,-3326.4682,11.01389,-0.27468733,-3315.1797
1,4,0.28020638,2,4,0.10690808,3,4,0.14690525,-3327.2822,10.680394,-0.99965853,-3315.6022
1,4,0.28160173,2,4,0.14508412,3,4,0.1295872,-3327.0807,11.125461,-0.89621355,-3315.059
1,4,0.3045034,2,4,0.10972662,3,4,0.14862942,-3326.8832,11.257189,-0.67843649,-3314.9476
1,4,0.30455184,2,4,0.11000148,3,4,0.14786538,-3326.8716,11.248374,-0.66632662,-3314.9569
1,4,0.28726822,2,4,0.14600457,3,4,0.14548642,-3327.058,11.575184,-0.95476716,-3314.528
1,4,0.29826217,2,4,0.13320198,3,4,0.1269567,-3326.7722,11.168417,-0.56614768,-3315.0377
1,4,0.32447549,2,4,0.098842146,3,4,0.17141382,-3329.0437,11.894629,-3.1341376,-3314.0149
1,4,0.30030208,2,4,0.10729311,3,4,0.14290853,-3327.176,11.010074,-0.91695307,-3315.2489
1,4,0.2854663,2,4,0.1495866,3,4,0.13910092,-3327.2162,11.483076,-1.1269179,-3314.6062
1,4,0.2993176,2,4,0.13423111,3,4,0.16749235,-3327.7919,12.020821,-1.7820822,-3313.989
1,4,0.27909527,2,4,0.12944989,3,4,0.12880578,-3326.868,10.747019,-0.64031877,-3315.4807
1,4,0.29410397,2,4,0.12099441,3,4,0.14360709,-3326.2546,11.174109,-0.072908396,-3315.0076
1,4,0.29441873,2,4,0.091597065,3,4,0.16175838,-3328.9756,10.955483,-2.4611156,-3315.559
1,4,0.2563087,2,4,0.13161611,3,4,0.14748606,-3327.6294,10.708217,-1.3244899,-3315.5967
1,4,0.32095767,2,4,0.12164468,3,4,0.14338214,-3326.9667,11.71969,-0.8451184,-3314.4019
1,4,0.32406574,2,4,0.1196406,3,4,0.11036579,-3330.3105,11.081443,-3.7122266,-3315.5168
1,4,0.31493534,2,4,0.14113879,3,4,0.12753463,-3327.3077,11.672175,-1.2019265,-3314.4336
1,4,0.3019873,2,4,0.13497923,3,4,0.1494875,-3326.6119,11.729081,-0.45009755,-3314.4327
1,4,0.29865015,2,4,0.12624361,3,4,0.13348097,-3326.4589,11.167495,-0.26945968,-3315.022
1,4,0.26755475,2,4,0.1364169,3,4,0.16942061,-3328.5006,11.467845,-2.5189851,-3314.5137
1,4,0.26944354,2,4,0.12534721,3,4,0.13680443,-3326.8986,10.631903,-0.67393096,-3315.5927
1,4,0.33040808,2,4,0.099420853,3,4,0.15982542,-3328.8663,11.793087,-2.8448915,-3314.2283
1,4,0.30296008,2,4,0.11936064,3,4,0.14225877,-3326.4181,11.29159,-0.23643877,-3314.89
1,4,0.32525372,2,4,0.11822219,3,4,0.16717947,-3328.1231,12.213107,-2.1947272,-3313.7153
1,4,0.29193295,2,4,0.13851073,3,4,0.14256965,-3326.4811,11.460267,-0.31746085,-3314.7033
1,4,0.2764507,2,4,0.13320653,3,4,0.145891,-3326.5367,11.110965,-0.35138358,-3315.0743
1,4,0.28077647,2,4,0.13004008,3,4,0.12223785,-3327.3872,10.661088,-1.0919292,-3315.6342
1,4,0.29445851,2,4,0.12632872,3,4,0.16327034,-3326.9514,11.681151,-0.83643509,-3314.4338
1,4,0.31386643,2,4,0.11262598,3,4,0.16626563,-3327.5447,11.855161,-1.5059694,-3314.1836
1,4,0.30503797,2,4,0.15110124,3,4,0.1154457,-3328.3104,11.431698,-2.1621069,-3314.7166
1,4,0.31866182,2,4,0.11418744,3,4,0.15842221,-3327.2857,11.82543,-1.2035013,-3314.2568
1,4,0.31716861,2,4,0.11625289,3,4,0.12258899,-3328.4005,11.12021,-2.0644448,-3315.2159
1,4,0.32686469,2,4,0.13385348,3,4,0.13868711,-3327.3986,11.988106,-1.3438467,-3314.0666
1,4,0.27724256,2,4,0.10605962,3,4,0.16986463,-3327.9827,11.063336,-1.7582731,-3315.1611
1,4,0.30413069,2,4,0.15809822,3,4,0.13749504,-3328.1878,11.994479,-2.3067423,-3313.8865
1,4,0.28636422,2,4,0.13737194,3,4,0.13516119,-3326.4915,11.177947,-0.31069236,-3315.0029
1,4,0.30504745,2,4,0.16548336,3,4,0.12979938,-3328.9928,12.006604,-3.3077974,-3313.6784
1,4,0.29703503,2,4,0.12290234,3,4,0.13344485,-3326.5375,11.067644,-0.34124372,-3315.1286
1,4,0.31143703,2,4,0.12811772,3,4,0.15632167,-3326.9399,11.917528,-0.80746609,-3314.2149
1,4,0.28561439,2,4,0.12538367,3,4,0.14052634,-3326.263,11.030488,-0.081447189,-3315.151
1,4,0.28347217,2,4,0.13619706,3,4,0.14683334,-3326.5092,11.330052,-0.34064394,-3314.8385
1,4,0.27401235,2,4,0.12960162,3,4,0.1569945,-3326.9053,11.212169,-0.73686847,-3314.9563
1,4,0.26572362,2,4,0.13232081,3,4,0.13636085,-3327.0713,10.688106,-0.82206635,-3315.5612
1,4,0.29478758,2,4,0.12396482,3,4,0.15653765,-3326.4876,11.505801,-0.32426386,-3314.6575
1,4,0.26006425,2,4,0.12962899,3,4,0.14061721,-3327.3276,10.606209,-1.0442979,-3315.6771
1,4,0.27831871,2,4,0.14621648,3,4,0.12641272,-3327.3784,11.018958,-1.1621707,-3315.1973
1,4,0.29187127,2,4,0.13076557,3,4,0.15880935,-3326.7827,11.628924,-0.64371994,-3314.51
1,4,0.28960022,2,4,0.14153183,3,4,0.11046414,-3328.6012,10.831924,-2.1322192,-3315.637
1,4,0.271482,2,4,0.11471239,3,4,0.11474352,-3330.0465,10.018758,-3.3744895,-3316.6533
1,4,0.28950238,2,4,0.13304364,3,4,0.17935174,-3328.9892,12.037955,-3.2533344,-3313.6979
1,4,0.31442535,2,4,0.10191962,3,4,0.14741107,-3327.9288,11.275121,-1.6585872,-3314.9951
1,4,0.28007805,2,4,0.13219881,3,4,0.14599735,-3326.412,11.165484,-0.23075454,-3315.0157
1,4,0.27837277,2,4,0.1106984,3,4,0.15104037,-3326.9578,10.802231,-0.71774057,-3315.4378
1,4,0.32260185,2,4,0.1431122,3,4,0.12294338,-3327.9714,11.773148,-1.9294464,-3314.2688
1,4,0.28284946,2,4,0.14817553,3,4,0.12707869,-3327.3406,11.162074,-1.1650366,-3315.0135
1,4,0.27810271,2,4,0.14270595,3,4,0.13064464,-3327.0127,11.029066,-0.81049044,-3315.1732
1,4,0.30272682,2,4,0.1264536,3,4,0.15911319,-3326.7927,11.765872,-0.65339196,-3314.3734
1,4,0.27685554,2,4,0.13886779,3,4,0.15651287,-3327.2412,11.444724,-1.1294301,-3314.667
1,4,0.2500143,2,4,0.11706756,3,4,0.15677861,-3328.5618,10.477209,-2.1076414,-3315.977
1,4,0.30561078,2,4,0.16641963,3,4,0.13821628,-3329.3085,12.204934,-3.7163223,-3313.3872
1,4,0.2784486,2,4,0.1226586,3,4,0.1643442,-3327.0997,11.309028,-0.96233615,-3314.8283
1,4,0.28017393,2,4,0.13772907,3,4,0.14107978,-3326.5543,11.179656,-0.37707101,-3314.9976
1,4,0.30806252,2,4,0.14017579,3,4,0.13414482,-3326.8291,11.647663,-0.69374856,-3314.4877
1,4,0.29057934,2,4,0.12999444,3,4,0.14639922,-3326.2382,11.33946,-0.059364034,-3314.8394
1,4,0.2881293,2,4,0.11070384,3,4,0.14618766,-3326.7807,10.900416,-0.55670392,-3315.3236
1,4,0.27029347,2,4,0.16385992,3,4,0.15345026,-3329.9209,11.752073,-4.3268841,-3313.8419
1,4,0.28020035,2,4,0.10781447,3,4,0.15802206,-3327.2103,10.920738,-0.95761383,-3315.3319
1,4,0.30432851,2,4,0.10304793,3,4,0.16485465,-3327.6914,11.444622,-1.5293279,-3314.7174
1,4,0.3423667,2,4,0.14718989,3,4,0.13251941,-3329.2048,12.44152,-3.5256139,-3313.2376
1,4,0.31186829,2,4,0.15964847,3,4,0.11439964,-3329.1506,11.718328,-3.2342882,-3314.198
1,4,0.32271236,2,4,0.15069104,3,4,0.14301526,-3328.3546,12.328373,-2.4433762,-3313.5828
1,4,0.28757405,2,4,0.087793101,3,4,0.16079547,-3329.7936,10.723252,-3.0420306,-3316.0283
1,4,0.30942303,2,4,0.16204684,3,4,0.13072107,-3328.7026,12.043819,-2.9411992,-3313.7176
1,4,0.27171007,2,4,0.13692993,3,4,0.13684404,-3326.8422,10.909681,-0.62945053,-3315.3031
1,4,0.29588361,2,4,0.162657,3,4,0.13577385,-3328.5456,11.886289,-2.7493247,-3313.9099
1,4,0.3003351,2,4,0.1379122,3,4,0.13037048,-3326.6825,11.372356,-0.51007583,-3314.8001
1,4,0.31811081,2,4,0.12694931,3,4,0.13508902,-3326.9296,11.602983,-0.78925412,-3314.5374
1,4,0.29872264,2,4,0.13323,3,4,0.12965188,-3326.6132,11.23209,-0.42187853,-3314.9592
1,4,0.24353059,2,4,0.097902992,3,4,0.15220575,-3331.2903,9.8727867,-4.2424113,-3317.1751
1,4,0.28474327,2,4,0.11551636,3,4,0.11613139,-3329.1624,10.32782,-2.6057746,-3316.2288
1,4,0.25904488,2,4,0.099680727,3,4,0.16499013,-3329.4491,10.474315,-2.8403013,-3316.1345
1,4,0.26806225,2,4,0.1238676,3,4,0.15257254,-3326.9105,10.890048,-0.69026797,-3315.3302
1,4,0.28878974,2,4,0.14124194,3,4,0.12467182,-3327.0622,11.09407,-0.84615936,-3315.1219
1,4,0.26165615,2,4,0.14190315,3,4,0.1330295,-3327.6969,10.731776,-1.4015496,-3315.5636
1,4,0.2295888,2,4,0.13477989,3,4,0.15087555,-3330.9305,10.304885,-4.0332879,-3316.5924
1,4,0.30626428,2,4,0.1525813,3,4,0.12767706,-3327.7072,11.730453,-1.6892586,-3314.2875
1,4,0.30052163,2,4,0.12139729,3,4,0.14778045,-3326.3022,11.393987,-0.12474415,-3314.7834
1,4,0.30004234,2,4,0.12990581,3,4,0.17979594,-3328.9459,12.194882,-3.2010281,-3313.55
1,4,0.2860842,2,4,0.12836999,3,4,0.14598853,-3326.2366,11.208854,-0.056456151,-3314.9713
1,4,0.3022375,2,4,0.11985832,3,4,0.14831632,-3326.3639,11.408243,-0.18788862,-3314.7678
1,4,0.30624381,2,4,0.10096398,3,4,0.15872394,-3327.7371,11.318635,-1.5013037,-3314.9172
1,4,0.34599256,2,4,0.1245234,3,4,0.14036017,-3328.6671,12.217523,-2.8590081,-3313.5906
1,4,0.29440309,2,4,0.11833472,3,4,0.14051857,-3326.4133,11.065128,-0.22401634,-3315.1241
1,4,0.25759768,2,4,0.11899092,3,4,0.14129703,-3327.7672,10.357713,-1.4388403,-3315.9707
1,4,0.31251834,2,4,0.11233206,3,4,0.14149271,-3327.062,11.326862,-0.86753771,-3314.8676
1,4,0.22113708,2,4,0.14998864,3,4,0.12860629,-3333.5531,9.9946402,-5.9955843,-3317.5629
1,4,0.31264154,2,4,0.12441833,3,4,0.15941182,-3327.0658,11.929434,-0.95533036,-3314.1811
1,4,0.29393972,2,4,0.14481081,3,4,0.12481815,-3327.1684,11.271374,-0.99018722,-3314.9068
1,4,0.33842949,2,4,0.11092644,3,4,0.11429636,-3331.5068,11.273046,-4.9517233,-3315.282
1,4,0.29735175,2,4,0.12520678,3,4,0.13479847,-3326.4076,11.14714,-0.21994662,-3315.0405
1,4,0.28192073,2,4,0.11589623,3,4,0.15739225,-3326.7075,11.104184,-0.51723909,-3315.086
1,4,0.27229535,2,4,0.1395743,3,4,0.14095809,-3326.8867,11.056555,-0.69506093,-3315.1351
1,4,0.28974799,2,4,0.1167721,3,4,0.13664088,-3326.674,10.863219,-0.46823464,-3315.3425
1,4,0.29492919,2,4,0.15059878,3,4,0.13617205,-3327.2632,11.634,-1.19611,-3314.4331
1,4,0.25466455,2,4,0.14237593,3,4,0.12750149,-3328.5472,10.490839,-2.1028719,-3315.9535
1,4,0.32129315,2,4,0.10086327,3,4,0.14758063,-3328.323,11.394741,-2.0787361,-3314.8495
1,4,0.26846209,2,4,0.12495885,3,4,0.15432468,-3326.945,10.954913,-0.73252065,-3315.2575
1,4,0.30157486,2,4,0.12760078,3,4,0.12425219,-3327.1077,11.068557,-0.86443188,-3315.1747
1,4,0.30325985,2,4,0.11516113,3,4,0.15596303,-3326.6637,11.48768,-0.50200354,-3314.6741
1,4,0.32279286,2,4,0.14703871,3,4,0.13700614,-3327.8731,12.136754,-1.8962684,-3313.8401
1,4,0.32805402,2,4,0.12114013,3,4,0.13460985,-3327.5986,11.67608,-1.5049711,-3314.4176
1,4,0.31260822,2,4,0.077135297,3,4,0.12915427,-3335.9191,10.377956,-7.5185479,-3318.0226
1,4,0.27075878,2,4,0.12195309,3,4,0.15632998,-3326.9206,10.980837,-0.71413908,-3315.2257
1,4,0.34384225,2,4,0.14554282,3,4,0.14109881,-3329.3266,12.609678,-3.6403901,-3313.0765
1,4,0.31410248,2,4,0.13274832,3,4,0.16285006,-3327.7334,12.194017,-1.6845072,-3313.8549
1,4,0.27864879,2,4,0.10745843,3,4,0.14094726,-3327.502,10.54109,-1.2062138,-3315.7547
1,4,0.2922934,2,4,0.12417458,3,4,0.1329826,-3326.5108,10.989012,-0.31479973,-3315.207
1,4,0.34441789,2,4,0.13791904,3,4,0.12592745,-3329.0993,12.165288,-3.3298943,-3313.6041
1,4,0.30831673,2,4,0.10670452,3,4,0.1341478,-3327.9308,10.983381,-1.5991189,-3315.3483
1,4,0.3054359,2,4,0.13157915,3,4,0.13826527,-3326.429,11.505606,-0.2587629,-3314.6646
1,4,0.30520273,2,4,0.12723119,3,4,0.14507873,-3326.3548,11.550253,-0.18120776,-3314.6233
1,4,0.31214486,2,4,0.1176038,3,4,0.16255272,-3327.1789,11.846028,-1.0922426,-3314.2406
1,4,0.26955284,2,4,0.10067722,3,4,0.14800901,-3328.5048,10.364782,-2.032682,-3316.1074
1,4,0.28017033,2,4,0.12431515,3,4,0.15552665,-3326.5623,11.200243,-0.38603362,-3314.976
1,4,0.28882624,2,4,0.11812287,3,4,0.15047903,-3326.3601,11.148563,-0.17565407,-3315.0359
1,4,0.29652848,2,4,0.11973165,3,4,0.14795884,-3326.2903,11.284379,-0.10988456,-3314.8961
1,4,0.31727046,2,4,0.12505697,3,4,0.1518427,-3326.9085,11.883403,-0.78222323,-3314.2429
1,4,0.29581198,2,4,0.13284979,3,4,0.1354063,-3326.3537,11.281362,-0.1736364,-3314.8987
1,4,0.30521005,2,4,0.14446152,3,4,0.12606252,-3327.2179,11.514682,-1.0855724,-3314.6176
1,4,0.2784162,2,4,0.10053252,3,4,0.16654766,-3328.2379,10.909928,-1.8969112,-3315.4311
1,4,0.26698376,2,4,0.1236056,3,4,0.11856792,-3328.7897,10.183146,-2.3197905,-3316.2868
1,4,0.25204869,2,4,0.13609636,3,4,0.14558479,-3328.0917,10.674597,-1.7377608,-3315.6794
1,4,0.31919362,2,4,0.12996661,3,4,0.16882294,-3328.3677,12.359663,-2.4301183,-3313.5779
1,4,0.30646876,2,4,0.13919185,3,4,0.12844291,-3326.9258,11.48207,-0.7696929,-3314.674
1,4,0.3263992,2,4,0.11466111,3,4,0.14071838,-3327.564,11.635574,-1.453947,-3314.4744
1,4,0.26008056,2,4,0.13075911,3,4,0.12261848,-3328.4347,10.269163,-1.9984552,-3316.167
1,4,0.2624155,2,4,0.15412681,3,4,0.12900541,-3328.5831,10.910954,-2.3346875,-3315.3375
1,4,0.33704231,2,4,0.10819996,3,4,0.13711906,-3328.9158,11.647226,-2.8291557,-3314.4394
1,4,0.28463679,2,4,0.14701454,3,4,0.12349879,-3327.44,11.103003,-1.2304841,-3315.1065
1,4,0.29237517,2,4,0.13685351,3,4,0.12888921,-3326.674,11.162358,-0.47909848,-3315.0325
1,4,0.2835061,2,4,0.15827431,3,4,0.13680656,-3328.0674,11.571739,-2.1133124,-3314.3823
1,4,0.30855042,2,4,0.11821147,3,4,0.15534687,-3326.7038,11.642175,-0.55607403,-3314.5056
1,4,0.26403873,2,4,0.12462776,3,4,0.13799401,-3327.1858,10.53321,-0.92919066,-3315.7234
1,4,0.27907903,2,4,0.13356137,3,4,0.14182197,-3326.4398,11.089247,-0.25467599,-3315.0959
1,4,0.27901655,2,4,0.12511726,3,4,0.13051848,-3326.8556,10.693046,-0.63603399,-3315.5266
1,4,0.32110831,2,4,0.11973037,3,4,0.13036724,-3327.5457,11.424118,-1.3690327,-3314.7526
1,4,0.26586884,2,4,0.14593029,3,4,0.15665475,-3328.2198,11.369078,-2.1689736,-3314.6818
1,4,0.24382581,2,4,0.11538323,3,4,0.16211282,-3329.5337,10.426437,-2.9350673,-3316.1722
1,4,0.31267721,2,4,0.14314506,3,4,0.16121654,-3328.3556,12.340776,-2.3843121,-3313.6305
1,4,0.27207991,2,4,0.15789647,3,4,0.16272401,-3329.8825,11.854008,-4.2861504,-3313.7423
1,4,0.26493658,2,4,0.12587371,3,4,0.16829387,-3328.0233,11.182083,-1.8907283,-3314.9505
1,4,0.27958944,2,4,0.10372394,3,4,0.14503976,-3327.7312,10.567063,-1.3851032,-3315.7791
1,4,0.291226,2,4,0.12828916,3,4,0.13099106,-3326.5339,11.010124,-0.33471757,-3315.1891
1,4,0.32513137,2,4,0.16139464,3,4,0.16132136,-3331.3759,12.956948,-6.0495617,-3312.3694
1,4,0.30585743,2,4,0.11811603,3,4,0.15293658,-3326.5586,11.538201,-0.39566217,-3314.6248
1,4,0.28502358,2,4,0.14403421,3,4,0.11664403,-3327.9147,10.914036,-1.587835,-3315.4128
1,4,0.27172088,2,4,0.14457413,3,4,0.17255703,-3329.4087,11.777041,-3.6780368,-3313.9536
1,4,0.28874472,2,4,0.12301071,3,4,0.14655652,-3326.2202,11.166239,-0.039627722,-3315.0143
1,4,0.33324815,2,4,0.11037256,3,4,0.14707647,-3328.1037,11.813944,-2.0778731,-3314.2118
1,4,0.29330424,2,4,0.13482246,3,4,0.13901683,-3326.325,11.342871,-0.14919598,-3314.8329
1,4,0.31892796,2,4,0.13780977,3,4,0.15605844,-3327.7734,12.255923,-1.7171673,-3313.8003
1,4,0.31168594,2,4,0.095235369,3,4,0.16470033,-3328.6535,11.432433,-2.4212319,-3314.7998
1,4,0.30444023,2,4,0.10388139,3,4,0.1388565,-3327.8504,10.943562,-1.509738,-3315.3971
1,4,0.31160094,2,4,0.088368954,3,4,0.15790135,-3329.7021,11.157425,-3.1505966,-3315.3941
1,4,0.28009603,2,4,0.1264923,3,4,0.14984152,-3326.3907,11.128597,-0.20772049,-3315.0544
1,4,0.28339371,2,4,0.11893939,3,4,0.12548559,-3327.5255,10.556374,-1.2352677,-3315.7339
1,4,0.28185966,2,4,0.11880884,3,4,0.15061152,-3326.4466,11.0256,-0.25669143,-3315.1643
1,4,0.27413126,2,4,0.14417507,3,4,0.10833321,-3329.4539,10.532791,-2.797897,-3316.1232
1,4,0.27847598,2,4,0.13281959,3,4,0.12978325,-3326.8008,10.821576,-0.57915292,-3315.4
1,4,0.29981841,2,4,0.096071811,3,4,0.1406027,-3328.8996,10.729858,-2.346737,-3315.823
1,4,0.30185678,2,4,0.12371027,3,4,0.15082244,-3326.3642,11.52779,-0.19121642,-3314.6452
1,4,0.29894407,2,4,0.11520287,3,4,0.11768328,-3328.804,10.636604,-2.3006551,-3315.8667
1,4,0.28806928,2,4,0.13027387,3,4,0.12963502,-3326.6169,10.959563,-0.41040303,-3315.2469
1,4,0.34614628,2,4,0.13193511,3,4,0.09578495,-3333.8196,11.477327,-7.1436872,-3315.1986
1,4,0.26933788,2,4,0.14020576,3,4,0.12430254,-3327.6662,10.676924,-1.349378,-3315.6399
1,4,0.29712263,2,4,0.10998498,3,4,0.15257487,-3326.7702,11.193649,-0.56550124,-3315.0111
1,4,0.30437933,2,4,0.13952908,3,4,0.1407026,-3326.679,11.69222,-0.53175014,-3314.455
1,4,0.2812522,2,4,0.14952092,3,4,0.13584626,-3327.2586,11.332388,-1.1434941,-3314.7828
1,4,0.30101795,2,4,0.13875486,3,4,0.13396219,-3326.6092,11.4747,-0.44848208,-3314.686
1,4,0.24495459,2,4,0.13445761,3,4,0.1590791,-3329.2321,10.769826,-2.8389525,-3315.6233
1,4,0.2689765,2,4,0.12622468,3,4,0.11429883,-3329.1689,10.19,-2.6016779,-3316.3772
1,4,0.29068094,2,4,0.12169164,3,4,0.15114209,-3326.2894,11.270293,-0.11061816,-3314.9085
1,4,0.28780317,2,4,0.13763348,3,4,0.15673069,-3327.016,11.643347,-0.89966003,-3314.473
1,4,0.31145754,2,4,0.12307251,3,4,0.16445964,-3327.3393,11.979794,-1.2706528,-3314.0888
1,4,0.29498306,2,4,0.11328602,3,4,0.12718867,-3327.705,10.709155,-1.3832007,-3315.6127
1,4,0.31416872,2,4,0.14016434,3,4,0.11459535,-3328.2955,11.378568,-2.0596375,-3314.8573
1,4,0.29068644,2,4,0.12123992,3,4,0.1529951,-3326.3419,11.298429,-0.16514395,-3314.8783
1,4,0.2842579,2,4,0.10775779,3,4,0.11335255,-3330.8737,10.107365,-3.9884933,-3316.7779
1,4,0.24196692,2,4,0.13564441,3,4,0.16681731,-3330.2021,10.888573,-3.8704061,-3315.4431
1,4,0.21873335,2,4,0.14360304,3,4,0.15799479,-3333.5395,10.406624,-6.3708608,-3316.762
1,4,0.27972163,2,4,0.10291486,3,4,0.18642006,-3329.6104,11.381131,-3.6641275,-3314.5651
1,4,0.29142754,2,4,0.13567706,3,4,0.13610727,-3326.3871,11.264238,-0.2091987,-3314.9137
1,4,0.29517301,2,4,0.13637119,3,4,0.17080957,-3328.2402,12.047076,-2.3171267,-3313.876
1,4,0.28999049,2,4,0.094255357,3,4,0.13686908,-3329.6538,10.422298,-2.9410481,-3316.2904
1,4,0.25968789,2,4,0.12096811,3,4,0.14780971,-3327.4218,10.569314,-1.1272617,-3315.7252
1,4,0.27349958,2,4,0.12842987,3,4,0.13358157,-3326.7978,10.71022,-0.58016441,-3315.5074
1,4,0.28674659,2,4,0.13356476,3,4,0.15995408,-3327.0029,11.605309,-0.88594541,-3314.5117
1,4,0.29555142,2,4,0.12692594,3,4,0.14801298,-3326.2353,11.409807,-0.056354172,-3314.7692
1,4,0.27747442,2,4,0.13300177,3,4,0.15051521,-3326.618,11.219828,-0.44289603,-3314.9553
1,4,0.28775006,2,4,0.10971195,3,4,0.13267491,-3327.6026,10.602738,-1.298343,-3315.7015
1,4,0.25753961,2,4,0.13097888,3,4,0.15136626,-3327.6082,10.797695,-1.326094,-3315.4844
1,4,0.27787195,2,4,0.12198321,3,4,0.14619374,-3326.4417,10.920978,-0.25053291,-3315.2702
1,4,0.31010649,2,4,0.11438397,3,4,0.17324156,-3327.9455,11.95464,-1.9961312,-3313.9947
1,4,0.26643178,2,4,0.11568036,3,4,0.14586914,-3327.2144,10.559626,-0.95328372,-3315.7015
1,4,0.26895675,2,4,0.10917846,3,4,0.1534416,-3327.5027,10.631536,-1.1976993,-3315.6735
1,4,0.25954025,2,4,0.12451098,3,4,0.12408255,-3328.5544,10.162676,-2.1311108,-3316.2606
1,4,0.31564855,2,4,0.13351923,3,4,0.14900824,-3326.9806,11.96352,-0.85013561,-3314.1669
1,4,0.26311252,2,4,0.15321751,3,4,0.1295129,-3328.4426,10.916859,-2.1984172,-3315.3273
1,4,0.3126555,2,4,0.1167772,3,4,0.15973662,-3327.0478,11.783386,-0.94034924,-3314.324
1,4,0.29857444,2,4,0.10804509,3,4,0.15768516,-3326.9977,11.286094,-0.80192368,-3314.9097
1,4,0.26939963,2,4,0.11400605,3,4,0.14956905,-3327.1194,10.659495,-0.86503,-3315.5948
1,4,0.30701444,2,4,0.088080622,3,4,0.1609489,-3329.6414,11.120879,-3.0835182,-3315.437
1,4,0.26621679,2,4,0.10595467,3,4,0.13081828,-3329.1569,10.059795,-2.6768016,-3316.4203
1,4,0.29062101,2,4,0.11536828,3,4,0.1202479,-3328.4067,10.524744,-1.9764519,-3315.9055
1,4,0.31849291,2,4,0.12163229,3,4,0.16135152,-3327.3908,12.029534,-1.3290541,-3314.0323
1,4,0.29712253,2,4,0.1314842,3,4,0.13732291,-3326.3006,11.318593,-0.12159278,-3314.8604
1,4,0.27766046,2,4,0.10202143,3,4,0.14858759,-3327.9044,10.56539,-1.5234854,-3315.8155
1,4,0.31354484,2,4,0.11561823,3,4,0.16305892,-3327.2784,11.84444,-1.2037678,-3314.2302
1,4,0.29985198,2,4,0.12226376,3,4,0.14636129,-3326.2697,11.369541,-0.09129088,-3314.8089
1,4,0.29366,2,4,0.126703,3,4,0.14356612,-3326.1825,11.278583,-0.0025686123,-3314.9014
1,4,0.31777817,2,4,0.11806523,3,4,0.13068048,-3327.4711,11.330478,-1.2688702,-3314.8718
1,4,0.22888004,2,4,0.14611793,3,4,0.13351866,-3331.6565,10.170333,-4.5840007,-3316.9022
1,4,0.24906119,2,4,0.11823848,3,4,0.15914086,-3328.7031,10.52881,-2.2460771,-3315.9282
1,4,0.27069571,2,4,0.14945481,3,4,0.13797139,-3327.5888,11.162438,-1.4434302,-3314.9829
1,4,0.28181863,2,4,0.098599953,3,4,0.17104831,-3328.5638,11.029338,-2.2499186,-3315.2846
1,4,0.32199401,2,4,0.11775081,3,4,0.14895959,-3327.1125,11.774088,-1.0076054,-3314.3308
1,4,0.27379532,2,4,0.10803034,3,4,0.15586983,-3327.3848,10.75391,-1.0987248,-3315.5322
1,4,0.26828906,2,4,0.11840072,3,4,0.15255148,-3327.0013,10.784825,-0.76452082,-3315.452
1,4,0.27482928,2,4,0.12489425,3,4,0.17720412,-3328.4746,11.538553,-2.5446383,-3314.3914
1,4,0.26330528,2,4,0.11244311,3,4,0.13472335,-3328.1794,10.209435,-1.8356825,-3316.1343
1,4,0.31713727,2,4,0.12094231,3,4,0.12843836,-3327.453,11.330359,-1.2497335,-3314.873
1,4,0.29313714,2,4,0.13193298,3,4,0.15721145,-3326.7373,11.645631,-0.59227044,-3314.4994
1,4,0.28839217,2,4,0.14450574,3,4,0.15590635,-3327.4943,11.776085,-1.4443421,-3314.2739
1,4,0.27049443,2,4,0.11544171,3,4,0.14202888,-3327.0938,10.5593,-0.85433962,-3315.6802
1,4,0.29583849,2,4,0.13053552,3,4,0.16499743,-3327.278,11.827429,-1.2006675,-3314.2499
1,4,0.26667205,2,4,0.11159415,3,4,0.15994644,-3327.6139,10.764253,-1.3236938,-3315.5259
1,4,0.2864561,2,4,0.14427531,3,4,0.13331969,-3326.843,11.281022,-0.68498391,-3314.877
1,4,0.30163518,2,4,0.10449441,3,4,0.14966565,-3327.291,11.115905,-1.029883,-3315.1452
1,4,0.28737097,2,4,0.12299133,3,4,0.11630207,-3328.3577,10.533287,-1.9143907,-3315.9101
1,4,0.29329659,2,4,0.16280647,3,4,0.13302914,-3328.5064,11.782644,-2.6833885,-3314.0404
1,4,0.31003484,2,4,0.12261391,3,4,0.15618352,-3326.7702,11.776645,-0.63025439,-3314.3633
1,4,0.24852296,2,4,0.1244664,3,4,0.15231799,-3328.4022,10.506147,-1.9687311,-3315.9274
1,4,0.27177888,2,4,0.12357969,3,4,0.14906928,-3326.6624,10.888557,-0.45613152,-3315.3178
1,4,0.30423984,2,4,0.11334804,3,4,0.16729473,-3327.3157,11.697652,-1.2399553,-3314.3781
1,4,0.30513895,2,4,0.14065276,3,4,0.12500712,-3327.1251,11.415977,-0.95764924,-3314.7514
1,4,0.28142212,2,4,0.1293611,3,4,0.15848736,-3326.7867,11.385412,-0.63719729,-3314.7641
1,4,0.28966987,2,4,0.12840017,3,4,0.12409811,-3327.0721,10.843363,-0.81644484,-3315.4123
1,4,0.30371216,2,4,0.15117479,3,4,0.12125542,-3327.835,11.522847,-1.7436919,-3314.5684
1,4,0.28842853,2,4,0.12604743,3,4,0.15156987,-3326.3098,11.320917,-0.13331038,-3314.8556
1,4,0.28532996,2,4,0.10460333,3,4,0.14931252,-3327.347,10.784916,-1.0490485,-3315.5131
1,4,0.31758164,2,4,0.1185761,3,4,0.14832991,-3326.8762,11.689753,-0.74319193,-3314.4432
1,4,0.29420761,2,4,0.11882728,3,4,0.13086732,-3326.9,10.878044,-0.67259468,-3315.3493
1,4,0.31061368,2,4,0.13194493,3,4,0.1214432,-3327.4739,11.280036,-1.2451338,-3314.9487
1,4,0.34343759,2,4,0.14259862,3,4,0.12891425,-3329.0698,12.299009,-3.3439217,-3313.4269
1,4,0.25477775,2,4,0.15377645,3,4,0.12524227,-3329.3346,10.675929,-2.9084956,-3315.7502
1,4,0.29421036,2,4,0.11900638,3,4,0.1590193,-3326.6033,11.444721,-0.44536194,-3314.7133
1,4,0.25166342,2,4,0.12404132,3,4,0.17466143,-3329.5627,11.007323,-3.366132,-3315.1892
1,4,0.31213874,2,4,0.14078007,3,4,0.1463562,-3327.143,11.9855,-1.0322827,-3314.1252
1,4,0.28018637,2,4,0.13284515,3,4,0.12856926,-3326.8266,10.832016,-0.60161232,-3315.393
1,4,0.26676351,2,4,0.091804874,3,4,0.18256675,-3331.0154,10.822703,-4.4405699,-3315.7522
1,4,0.28107013,2,4,0.14091426,3,4,0.14661174,-3326.7998,11.371923,-0.65157195,-3314.7763
1,4,0.28549334,2,4,0.10249057,3,4,0.14846025,-3327.6131,10.728883,-1.2734355,-3315.6108
1,4,0.29766687,2,4,0.14220879,3,4,0.11880757,-3327.5508,11.173665,-1.3067494,-3315.0704
1,4,0.30037161,2,4,0.11555154,3,4,0.15116928,-3326.4939,11.341849,-0.31421755,-3314.8378
1,4,0.24568326,2,4,0.14136251,3,4,0.1270478,-3329.4693,10.281871,-2.8365659,-3316.3509
1,4,0.25598345,2,4,0.12770107,3,4,0.13217807,-3328.0157,10.317252,-1.646858,-3316.0516
1,4,0.30451268,2,4,0.1124518,3,4,0.14594188,-3326.7274,11.258127,-0.53146321,-3314.9378
1,4,0.28424519,2,4,0.13932756,3,4,0.13988552,-3326.5479,11.269165,-0.37881515,-3314.8999
1,4,0.31254389,2,4,0.13908115,3,4,0.12933232,-3327.0687,11.619147,-0.93920468,-3314.5103
1,4,0.28758085,2,4,0.13812457,3,4,0.12117595,-3327.2935,10.937627,-1.023819,-3315.332
1,4,0.27854811,2,4,0.10721141,3,4,0.14239952,-3327.4622,10.563181,-1.1675002,-3315.7315
1,4,0.29329675,2,4,0.10919142,3,4,0.1437919,-3326.9332,10.925601,-0.69385487,-3315.3138
1,4,0.30475165,2,4,0.13667106,3,4,0.15964465,-3327.3872,12.021347,-1.2974429,-3314.0684
1,4,0.28402396,2,4,0.13075191,3,4,0.13585447,-3326.3829,11.012607,-0.19522813,-3315.1751
1,4,0.25289351,2,4,0.1492403,3,4,0.12522165,-3329.1967,10.547109,-2.7035729,-3315.9461
1,4,0.32123998,2,4,0.13484906,3,4,0.17278232,-3329.2759,12.577427,-3.4849666,-3313.2135
1,4,0.31466409,2,4,0.13929054,3,4,0.13464648,-3327.0145,11.772022,-0.90190186,-3314.3406
1,4,0.28532645,2,4,0.13366401,3,4,0.1466123,-3326.3778,11.312055,-0.20307387,-3314.8627
1,4,0.27596358,2,4,0.11350292,3,4,0.16610873,-3327.4033,11.111505,-1.2194248,-3315.0724
1,4,0.29145576,2,4,0.13423354,3,4,0.13954194,-3326.3026,11.304625,-0.12538857,-3314.8725
1,4,0.26338775,2,4,0.10593877,3,4,0.16061817,-3328.2752,10.598894,-1.8724861,-3315.8038
1,4,0.26273868,2,4,0.1269834,3,4,0.13607752,-3327.2971,10.515992,-1.0248479,-3315.7562
1,4,0.280201,2,4,0.11219035,3,4,0.15619704,-3326.8755,10.971768,-0.6582822,-3315.2454
1,4,0.32068544,2,4,0.13659092,3,4,0.15359205,-3327.6209,12.217368,-1.5515907,-3313.8519
1,4,0.27285244,2,4,0.10657069,3,4,0.12368085,-3329.6131,10.062079,-3.0475089,-3316.5035
1,4,0.26805337,2,4,0.10814216,3,4,0.1629729,-3327.8836,10.783369,-1.5713508,-3315.5288
1,4,0.25848395,2,4,0.12515632,3,4,0.14692234,-3327.4248,10.611252,-1.129285,-3315.6843
1,4,0.31575168,2,4,0.13567868,3,4,0.16032665,-3327.7902,12.23514,-1.7386245,-3313.8164
1,4,0.31643421,2,4,0.11479663,3,4,0.1583778,-3327.171,11.792173,-1.0741554,-3314.3047
1,4,0.27822626,2,4,0.10146988,3,4,0.14619134,-3328.0381,10.51775,-1.6384652,-3315.8819
1,4,0.28920473,2,4,0.14763437,3,4,0.14435346,-3327.1496,11.623851,-1.0625688,-3314.4632
1,4,0.30639661,2,4,0.089857252,3,4,0.15344134,-3329.4286,10.993904,-2.8286161,-3315.606
1,4,0.29238857,2,4,0.12931121,3,4,0.14182404,-3326.1985,11.270476,-0.018705524,-3314.9094
1,4,0.26973624,2,4,0.11678697,3,4,0.14152013,-3327.0648,10.560867,-0.828658,-3315.6753
1,4,0.24223636,2,4,0.10874384,3,4,0.15920157,-3330.0697,10.203635,-3.3092228,-3316.5568
1,4,0.27889738,2,4,0.11741138,3,4,0.12897625,-3327.4163,10.5057,-1.1512862,-3315.7593
1,4,0.30726995,2,4,0.11911294,3,4,0.1310603,-3327.0285,11.148864,-0.80939883,-3315.0702
1,4,0.29111835,2,4,0.11075152,3,4,0.1131534,-3330.278,10.300465,-3.4891471,-3316.4883
1,4,0.27774066,2,4,0.12947317,3,4,0.11228416,-3328.8894,10.38996,-2.3345315,-3316.1649
1,4,0.29128496,2,4,0.11774951,3,4,0.11429661,-3329.1222,10.466622,-2.548415,-3316.1072
1,4,0.27168865,2,4,0.13201162,3,4,0.13990533,-3326.6802,10.872112,-0.47209633,-3315.336
1,4,0.27912611,2,4,0.14999108,3,4,0.11448947,-3328.5454,10.872133,-2.1738592,-3315.4994
1,4,0.28333021,2,4,0.13579251,3,4,0.13845421,-3326.4299,11.151539,-0.24868958,-3315.0297
1,4,0.29383151,2,4,0.11662461,3,4,0.19166035,-3329.8965,12.042329,-4.4472316,-3313.407
1,4,0.26596205,2,4,0.099924331,3,4,0.18142488,-3329.9963,10.946225,-3.6773155,-3315.3728
1,4,0.29815311,2,4,0.13787394,3,4,0.15225697,-3326.8294,11.76568,-0.687971,-3314.3757
1,4,0.28719789,2,4,0.12711034,3,4,0.14620931,-3326.2168,11.210351,-0.036723282,-3314.9697
1,4,0.29887443,2,4,0.13540086,3,4,0.1585726,-3327.0843,11.856958,-0.96839549,-3314.259
1,4,0.25390415,2,4,0.11501675,3,4,0.15378814,-3328.2123,10.454181,-1.803906,-3315.9542
1,4,0.30875874,2,4,0.14844655,3,4,0.13176895,-3327.377,11.779485,-1.3199049,-3314.2776
1,4,0.26938323,2,4,0.13245149,3,4,0.15101685,-3326.9144,11.057031,-0.71786966,-3315.1395
1,4,0.26252757,2,4,0.13370121,3,4,0.12778172,-3327.7385,10.48021,-1.4027058,-3315.8556
1,4,0.24143252,2,4,0.12635503,3,4,0.11959303,-3330.9903,9.7476116,-4.0916984,-3317.151
1,4,0.30323369,2,4,0.10915902,3,4,0.15645759,-3326.9551,11.377006,-0.77417267,-3314.8039
1,4,0.29763782,2,4,0.13912367,3,4,0.13456902,-3326.5647,11.42661,-0.40090317,-3314.7372
1,4,0.24667504,2,4,0.12146203,3,4,0.16247946,-3329.0514,10.612331,-2.5924018,-3315.8467
1,4,0.29517364,2,4,0.13250137,3,4,0.11527877,-3327.9601,10.859075,-1.5811266,-3315.5199
1,4,0.3139202,2,4,0.10798512,3,4,0.15883881,-3327.3744,11.614883,-1.2494999,-3314.5101
1,4,0.30129687,2,4,0.11563686,3,4,0.16804385,-3327.2811,11.699552,-1.208843,-3314.3727
1,4,0.31023589,2,4,0.087156747,3,4,0.14298383,-3330.7252,10.807529,-3.817957,-3316.0997
1,4,0.31266021,2,4,0.088301435,3,4,0.133109,-3331.6469,10.681413,-4.544893,-3316.4206
1,4,0.28648488,2,4,0.12156991,3,4,0.18112034,-3328.6077,11.783503,-2.7858041,-3314.0383
1,4,0.28358481,2,4,0.1222436,3,4,0.15864381,-3326.6343,11.289444,-0.46910061,-3314.8757
1,4,0.27630439,2,4,0.15894633,3,4,0.10836803,-3329.9621,10.872375,-3.4914661,-3315.5982
1,4,0.3021568,2,4,0.13933567,3,4,0.12762139,-3326.8796,11.382277,-0.70799013,-3314.7893
1,4,0.29074306,2,4,0.1390658,3,4,0.12570096,-3326.9181,11.110196,-0.70708958,-3315.1008
1,4,0.25968093,2,4,0.10225935,3,4,0.15759473,-3328.8903,10.3907,-2.3536209,-3316.146
1,4,0.27412297,2,4,0.10582818,3,4,0.14932398,-3327.5784,10.585503,-1.2561928,-3315.7367
1,4,0.24309944,2,4,0.16111651,3,4,0.14815225,-3331.1423,11.047364,-5.0371136,-3315.0578
1,4,0.23867713,2,4,0.15343692,3,4,0.13563485,-3330.6627,10.554978,-4.0409494,-3316.0668
1,4,0.30886627,2,4,0.13696701,3,4,0.13373308,-3326.7377,11.591327,-0.58853721,-3314.5579
1,4,0.30548721,2,4,0.12703129,3,4,0.14188415,-3326.3545,11.488053,-0.18092972,-3314.6855
1,4,0.29175447,2,4,0.14742113,3,4,0.12149754,-3327.5183,11.213463,-1.3227672,-3314.982
1,4,0.32405117,2,4,0.14024988,3,4,0.13142507,-3327.5676,11.914522,-1.5289116,-3314.1242
1,4,0.2875863,2,4,0.13555036,3,4,0.14195084,-3326.3595,11.30175,-0.18470153,-3314.873
1,4,0.31089945,2,4,0.093891467,3,4,0.18507882,-3330.0485,11.797395,-4.2507169,-3314.0004
1,4,0.29293654,2,4,0.11664397,3,4,0.14758479,-3326.3782,11.143306,-0.1908743,-3315.0441
1,4,0.30613339,2,4,0.11911239,3,4,0.14535232,-3326.4595,11.411962,-0.28482344,-3314.7627
1,4,0.27828179,2,4,0.11337215,3,4,0.13687926,-3327.1574,10.570664,-0.91690394,-3315.6698
1,4,0.31674797,2,4,0.14978085,3,4,0.12564452,-3327.9193,11.843467,-1.9238034,-3314.1521
1,4,0.31553755,2,4,0.13356863,3,4,0.13378914,-3326.8912,11.657906,-0.75546129,-3314.4779
1,4,0.28590322,2,4,0.11041049,3,4,0.15619856,-3326.855,11.050245,-0.64086903,-3315.1639
1,4,0.31399257,2,4,0.11546671,3,4,0.15097787,-3326.849,11.608743,-0.70378279,-3314.5365
1,4,0.28824832,2,4,0.13005006,3,4,0.15506265,-3326.5396,11.467221,-0.37773969,-3314.6947
1,4,0.26778426,2,4,0.13466238,3,4,0.14889411,-3327.0022,11.026815,-0.79927844,-3315.1761
1,4,0.2776072,2,4,0.13649012,3,4,0.12587948,-3327.1167,10.799536,-0.8627367,-3315.4544
1,4,0.2707721,2,4,0.15066042,3,4,0.13996209,-3327.7034,11.227892,-1.5868205,-3314.8887
1,4,0.32116171,2,4,0.12494352,3,4,0.17384047,-3328.7292,12.398914,-2.8969571,-3313.4333
1,4,0.26515162,2,4,0.13785093,3,4,0.1605938,-3327.9173,11.271927,-1.803928,-3314.8415
1,4,0.3070962,2,4,0.11904021,3,4,0.14163178,-3326.5339,11.355364,-0.35572481,-3314.8228
1,4,0.26424601,2,4,0.14102397,3,4,0.12744462,-3327.7648,10.654292,-1.4419601,-3315.6685
1,4,0.30865997,2,4,0.10157814,3,4,0.16268719,-3327.8246,11.458506,-1.649142,-3314.717
1,4,0.31083365,2,4,0.11995575,3,4,0.14607189,-3326.5722,11.537226,-0.40935912,-3314.6256
1,4,0.26859577,2,4,0.12371378,3,4,0.11427501,-3329.3731,10.131691,-2.7841505,-3316.4573
1,4,0.25620458,2,4,0.13585137,3,4,0.15605489,-3328.0837,10.962217,-1.8404263,-3315.281
1,4,0.33926584,2,4,0.12192323,3,4,0.15544375,-3328.3806,12.332656,-2.5092228,-3313.5387
1,4,0.30424132,2,4,0.13349248,3,4,0.13615471,-3326.471,11.47777,-0.30146412,-3314.6917
1,4,0.32393052,2,4,0.12902313,3,4,0.13282853,-3327.2887,11.715644,-1.1868988,-3314.3861
1,4,0.26828815,2,4,0.10930868,3,4,0.14488125,-3327.6254,10.449562,-1.3156123,-3315.8603
1,4,0.27150116,2,4,0.13411111,3,4,0.15007656,-3326.8486,11.113777,-0.66211004,-3315.0727
1,4,0.2783802,2,4,0.12634669,3,4,0.16531928,-3327.2457,11.400923,-1.1352828,-3314.7095
1,4,0.28343419,2,4,0.14726988,3,4,0.13525993,-3327.0507,11.31928,-0.91593776,-3314.8154
1,4,0.3112222,2,4,0.14222735,3,4,0.15182308,-3327.4837,12.105453,-1.4024281,-3313.9758
1,4,0.2590352,2,4,0.13951433,3,4,0.1478221,-3327.7224,10.927433,-1.4777633,-3315.3172
1,4,0.28181233,2,4,0.11809272,3,4,0.15732518,-3326.6481,11.144605,-0.46522918,-3315.0383
1,4,0.30394739,2,4,0.13316014,3,4,0.15685862,-3326.9492,11.879323,-0.81412208,-3314.2558
1,4,0.2943004,2,4,0.12664032,3,4,0.12290999,-3327.2269,10.877014,-0.9545307,-3315.3954
1,4,0.26957285,2,4,0.12542354,3,4,0.13629462,-3326.9112,10.62582,-0.685793,-3315.5996
1,4,0.25671916,2,4,0.12668096,3,4,0.17150037,-3328.8823,11.09801,-2.7334154,-3315.0509
1,4,0.28009805,2,4,0.12170192,3,4,0.13063478,-3326.9591,10.648695,-0.73455659,-3315.5759
1,4,0.34120575,2,4,0.11485021,3,4,0.13147604,-3329.035,11.75064,-3.0261688,-3314.2582
1,4,0.26806254,2,4,0.13364206,3,4,0.14962764,-3326.9726,11.026645,-0.76997351,-3315.176
1,4,0.30554705,2,4,0.12977373,3,4,0.14887389,-3326.4814,11.683893,-0.31208461,-3314.4854
1,4,0.29113464,2,4,0.10352983,3,4,0.12346946,-3329.593,10.362679,-2.9564855,-3316.2738
1,4,0.29004406,2,4,0.13007566,3,4,0.14103786,-3326.2147,11.223152,-0.034731829,-3314.9568
1,4,0.31803754,2,4,0.14068014,3,4,0.14045305,-3327.2388,11.983415,-1.1535907,-3314.1018
1,4,0.29041936,2,4,0.12524315,3,4,0.15983338,-3326.6748,11.509918,-0.52743287,-3314.6375
1,4,0.29870456,2,4,0.11840713,3,4,0.13675691,-3326.5789,11.077372,-0.3810748,-3315.1204
1,4,0.28192492,2,4,0.13968117,3,4,0.13590782,-3326.6352,11.150278,-0.45530568,-3315.0296
1,4,0.30845003,2,4,0.15095923,3,4,0.13551588,-3327.5583,11.898503,-1.5417471,-3314.1181
1,4,0.28883781,2,4,0.12490018,3,4,0.14287588,-3326.2031,11.132277,-0.022970357,-3315.0479
1,4,0.31711521,2,4,0.10061765,3,4,0.13824825,-3328.701,11.119622,-2.3118673,-3315.2695
1,4,0.30722596,2,4,0.091109679,3,4,0.16445844,-3329.1419,11.255882,-2.7541666,-3315.1319
1,4,0.27451767,2,4,0.11468367,3,4,0.15316562,-3326.8738,10.847339,-0.64918394,-3315.3772
1,4,0.29777167,2,4,0.13520973,3,4,0.13922449,-3326.3684,11.444118,-0.19598513,-3314.7283
1,4,0.26274989,2,4,0.11816475,3,4,0.16684436,-3328.0026,10.95518,-1.7712517,-3315.2762
1,4,0.30343289,2,4,0.12247032,3,4,0.15211798,-3326.4322,11.560424,-0.26358544,-3314.6082
1,4,0.25505437,2,4,0.14025314,3,4,0.15860291,-3328.5874,11.078208,-2.4025196,-3315.1067
1,4,0.26537762,2,4,0.13820267,3,4,0.13144397,-3327.3895,10.700485,-1.1111873,-3315.5779
1,4,0.29225858,2,4,0.13135251,3,4,0.13023022,-3326.5489,11.076826,-0.35039727,-3315.1217
1,4,0.26264125,2,4,0.12577468,3,4,0.12459158,-3328.1967,10.26015,-1.8197629,-3316.1168
1,4,0.28352477,2,4,0.11803163,3,4,0.17723997,-3328.122,11.575927,-2.1605302,-3314.3856
1,4,0.31441959,2,4,0.12866073,3,4,0.13837447,-3326.6872,11.629096,-0.53702327,-3314.5211
1,4,0.28327111,2,4,0.14131202,3,4,0.12920373,-3326.8862,11.075737,-0.68723609,-3315.1232
1,4,0.29177177,2,4,0.1415378,3,4,0.13088153,-3326.7382,11.283822,-0.56703957,-3314.8873
1,4,0.29318731,2,4,0.12853695,3,4,0.13155698,-3326.494,11.065625,-0.29855468,-3315.1298
1,4,0.28115183,2,4,0.10731237,3,4,0.12924503,-3328.4117,10.354185,-2.0090059,-3316.0485
1,4,0.29500024,2,4,0.13093443,3,4,0.13530291,-3326.3317,11.224752,-0.14913854,-3314.9578
1,4,0.31038007,2,4,0.13274782,3,4,0.15088635,-3326.8094,11.880285,-0.66054386,-3314.2686
1,4,0.26156754,2,4,0.0889274,3,4,0.16281614,-3330.9818,10.266222,-3.9423881,-3316.7732
1,4,0.31401326,2,4,0.12740373,3,4,0.12534354,-3327.3282,11.33521,-1.1251744,-3314.8678
1,4,0.28319152,2,4,0.11754127,3,4,0.15605942,-3326.5859,11.135844,-0.40083783,-3315.0492
1,4,0.33343148,2,4,0.12295355,3,4,0.11657693,-3329.5035,11.459239,-3.2605826,-3314.7837
1,4,0.30154825,2,4,0.10671136,3,4,0.15596952,-3327.0914,11.284583,-0.88510267,-3314.9217
1,4,0.2886239,2,4,0.092352921,3,4,0.16243312,-3328.9369,10.868199,-2.4112535,-3315.6574
1,4,0.27790672,2,4,0.13107415,3,4,0.13290971,-3326.6498,10.837812,-0.44285208,-3315.3692
1,4,0.29517432,2,4,0.092784676,3,4,0.15246148,-3328.8602,10.808409,-2.3011541,-3315.7506
1,4,0.31114866,2,4,0.14957121,3,4,0.13979074,-3327.596,12.010212,-1.5760044,-3314.0098
1,4,0.27790918,2,4,0.13872728,3,4,0.13897069,-3326.6579,11.112143,-0.47479579,-3315.071
1,4,0.33189544,2,4,0.10637497,3,4,0.15016925,-3328.2773,11.768793,-2.2329822,-3314.2755
1,4,0.26868533,2,4,0.12929099,3,4,0.14371616,-3326.7645,10.83385,-0.54765145,-3315.383
1,4,0.2593681,2,4,0.1239432,3,4,0.14136399,-3327.4324,10.493506,-1.138951,-3315.7999
1,4,0.30947669,2,4,0.13128708,3,4,0.1402769,-3326.5218,11.620813,-0.35974035,-3314.5413
1,4,0.29774686,2,4,0.13321685,3,4,0.14019076,-3326.3069,11.423089,-0.13100309,-3314.7528
1,4,0.26696786,2,4,0.11195263,3,4,0.15878224,-3327.5337,10.754055,-1.2475426,-3315.5321
1,4,0.23657725,2,4,0.13173669,3,4,0.15065291,-3329.8226,10.379337,-3.1402305,-3316.3031
1,4,0.28637967,2,4,0.1250458,3,4,0.13695596,-3326.3542,10.967629,-0.16902828,-3315.2175
1,4,0.28702748,2,4,0.12508624,3,4,0.14174989,-3326.2294,11.077272,-0.048787352,-3315.1034
1,4,0.30857565,2,4,0.14232916,3,4,0.12367452,-3327.3486,11.491587,-1.2008272,-3314.6561
1,4,0.28371998,2,4,0.14636206,3,4,0.17672506,-3329.9354,12.136142,-4.3994812,-3313.3997
1,4,0.28030676,2,4,0.14898087,3,4,0.13187446,-3327.2881,11.223242,-1.1424414,-3314.9224
1,4,0.26874622,2,4,0.10817001,3,4,0.14351537,-3327.7636,10.408632,-1.4384429,-3315.9165
1,4,0.28963891,2,4,0.13955982,3,4,0.13059199,-3326.6799,11.195814,-0.49590212,-3314.9882
1,4,0.26848536,2,4,0.11876013,3,4,0.13537486,-3327.2964,10.452407,-1.0467942,-3315.7972
1,4,0.29770155,2,4,0.11440304,3,4,0.14612071,-3326.5135,11.164506,-0.31972602,-3315.0293
1,4,0.27803816,2,4,0.15341721,3,4,0.13894789,-3327.6993,11.408065,-1.6462738,-3314.645
1,4,0.28421882,2,4,0.1449384,3,4,0.13362924,-3326.906,11.255729,-0.74839554,-3314.9018
1,4,0.26367754,2,4,0.111825,3,4,0.15919677,-3327.7619,10.693986,-1.44519,-3315.6227
1,4,0.27447118,2,4,0.12190232,3,4,0.12168131,-3328.0695,10.361096,-1.7100177,-3315.9984
1,4,0.32922806,2,4,0.12574547,3,4,0.16561481,-3328.4371,12.411767,-2.5302288,-3313.4951
1,4,0.29205527,2,4,0.13111418,3,4,0.13691545,-3326.2834,11.201698,-0.10190311,-3314.9798
1,4,0.28477291,2,4,0.11204934,3,4,0.15345254,-3326.7235,11.005496,-0.51301755,-3315.205
1,4,0.28440067,2,4,0.10385063,3,4,0.13646393,-3328.0998,10.494305,-1.7140774,-3315.8914
1,4,0.32663017,2,4,0.12976952,3,4,0.16117989,-3328.0953,12.351592,-2.1082881,-3313.6354
1,4,0.29780016,2,4,0.11799897,3,4,0.144927,-3326.3592,11.214523,-0.17476482,-3314.9699
1,4,0.28806058,2,4,0.11317692,3,4,0.16002605,-3326.811,11.225271,-0.63116813,-3314.9546
1,4,0.28338971,2,4,0.1268276,3,4,0.15872877,-3326.698,11.378922,-0.54368106,-3314.7754
1,4,0.30969841,2,4,0.14068452,3,4,0.15347091,-3327.4052,12.077077,-1.3123543,-3314.0158
1,4,0.318651,2,4,0.10773686,3,4,0.12788153,-3328.771,11.085388,-2.3864043,-3315.2992
1,4,0.26239977,2,4,0.12919422,3,4,0.13356033,-3327.4072,10.503087,-1.1198713,-3315.7842
1,4,0.32677643,2,4,0.095511594,3,4,0.14966345,-3329.2576,11.439029,-2.9701086,-3314.8485
1,4,0.26639674,2,4,0.12178383,3,4,0.16955177,-3327.9885,11.154647,-1.8463186,-3314.9876
1,4,0.2797478,2,4,0.13279011,3,4,0.13997956,-3326.4146,11.05035,-0.22792378,-3315.1363
1,4,0.31231449,2,4,0.12575567,3,4,0.14182588,-3326.5639,11.597921,-0.40477725,-3314.5612
1,4,0.31638885,2,4,0.14365146,3,4,0.15393507,-3327.9716,12.279508,-1.9463123,-3313.7457
1,4,0.27448621,2,4,0.13989079,3,4,0.11646021,-3328.2055,10.616744,-1.7876942,-3315.8011
1,4,0.25520966,2,4,0.10964513,3,4,0.15021973,-3328.469,10.301491,-2.0182714,-3316.1492
1,4,0.26275825,2,4,0.11456537,3,4,0.15367462,-3327.5245,10.619965,-1.2219197,-3315.6826
1,4,0.29452929,2,4,0.1255551,3,4,0.12515958,-3327.0452,10.904879,-0.79635337,-3315.3439
1,4,0.27128426,2,4,0.11621144,3,4,0.1617669,-3327.2542,10.985252,-1.0402241,-3315.2288
1,4,0.32865976,2,4,0.10929606,3,4,0.13447637,-3328.453,11.448644,-2.2600247,-3314.7443
1,4,0.2676034,2,4,0.14395395,3,4,0.13037102,-3327.528,10.838568,-1.2697623,-3315.4196
1,4,0.26404537,2,4,0.13721323,3,4,0.15572624,-3327.6147,11.139697,-1.4419975,-3315.033
1,4,0.27275579,2,4,0.13779673,3,4,0.15589363,-3327.2592,11.328923,-1.1264178,-3314.8038
1,4,0.26725745,2,4,0.10894968,3,4,0.12379568,-3329.5566,10.000056,-3.0227485,-3316.5338
1,4,0.31813143,2,4,0.11031643,3,4,0.14076039,-3327.4599,11.384165,-1.2670134,-3314.8087
1,4,0.28773713,2,4,0.14497632,3,4,0.15434507,-3327.4276,11.74117,-1.3691565,-3314.3173
1,4,0.25771333,2,4,0.14144994,3,4,0.14995732,-3328.0019,10.982412,-1.7727142,-3315.2467
1,4,0.27457793,2,4,0.13349599,3,4,0.11793908,-3328.0429,10.52026,-1.6457046,-3315.877
1,4,0.27175442,2,4,0.16296915,3,4,0.12563505,-3329.0533,11.207172,-3.0115279,-3314.8346
1,4,0.28852492,2,4,0.12175573,3,4,0.16041094,-3326.6753,11.413832,-0.5231753,-3314.7383
1,4,0.3270005,2,4,0.1021958,3,4,0.15710037,-3328.3668,11.725933,-2.2968008,-3314.344
1,4,0.29854942,2,4,0.13057386,3,4,0.11607821,-3327.9167,10.90403,-1.5520197,-3315.4607
1,4,0.28980028,2,4,0.13469047,3,4,0.13324702,-3326.4488,11.154755,-0.26266653,-3315.0314
1,4,0.28848023,2,4,0.11398986,3,4,0.14989758,-3326.5304,11.047353,-0.33225796,-3315.1508
1,4,0.30367715,2,4,0.1197992,3,4,0.14154319,-3326.4307,11.300391,-0.24958905,-3314.8807
1,4,0.31702963,2,4,0.14897709,3,4,0.13204978,-3327.7263,11.96113,-1.7293856,-3314.0358
1,4,0.32144944,2,4,0.11562633,3,4,0.12699096,-3328.1416,11.281335,-1.8901047,-3314.9702
1,4,0.30217291,2,4,0.11342746,3,4,0.15841921,-3326.788,11.480392,-0.63120861,-3314.6764
1,4,0.30600514,2,4,0.11766462,3,4,0.14167426,-3326.5617,11.30688,-0.37870436,-3314.8761
1,4,0.29676284,2,4,0.10518108,3,4,0.14048031,-3327.5098,10.848485,-1.1996941,-3315.4616
1,4,0.29008898,2,4,0.12851392,3,4,0.1512753,-3326.3318,11.397564,-0.15679901,-3314.7774
1,4,0.32323067,2,4,0.11733751,3,4,0.1610593,-3327.5924,12.03255,-1.5681946,-3313.9917
1,4,0.28145452,2,4,0.11003127,3,4,0.1366823,-3327.3893,10.563362,-1.1164605,-3315.7095
1,4,0.30879122,2,4,0.13012575,3,4,0.15352789,-3326.7701,11.848897,-0.61944524,-3314.3017
1,4,0.24265421,2,4,0.14614517,3,4,0.13168058,-3329.7613,10.409599,-3.1313982,-3316.2203
1,4,0.30580713,2,4,0.11444807,3,4,0.1547122,-3326.7064,11.499348,-0.54478379,-3314.6623
1,4,0.29789757,2,4,0.11772829,3,4,0.13586756,-3326.6539,11.029868,-0.44972022,-3315.1743
1,4,0.26187659,2,4,0.1522331,3,4,0.14746263,-3328.5181,11.231446,-2.4406228,-3314.846
1,4,0.28274913,2,4,0.11282008,3,4,0.12122572,-3328.7068,10.335899,-2.2517693,-3316.1191
1,4,0.2797813,2,4,0.14045112,3,4,0.10678517,-3329.4743,10.540352,-2.7881504,-3316.1458
1,4,0.28903062,2,4,0.1209859,3,4,0.12027872,-3327.9035,10.605905,-1.5424825,-3315.7551
1,4,0.28242069,2,4,0.13180936,3,4,0.15868318,-3326.8756,11.458265,-0.7380614,-3314.6793
1,4,0.2878055,2,4,0.15320017,3,4,0.13792435,-3327.5113,11.5786,-1.4753418,-3314.4573
1,4,0.28176273,2,4,0.15095034,3,4,0.13451136,-3327.3717,11.344489,-1.2680671,-3314.7592
1,4,0.28775708,2,4,0.13550539,3,4,0.15167534,-3326.6075,11.498756,-0.45034146,-3314.6584
1,4,0.28905328,2,4,0.13883127,3,4,0.16600756,-3327.8824,11.877842,-1.8936906,-3314.1109
1,4,0.27879693,2,4,0.15580302,3,4,0.12422152,-3328.1458,11.17643,-2.0066978,-3314.9627
1,4,0.328264,2,4,0.15718558,3,4,0.12068974,-3329.2741,12.122786,-3.563016,-3313.5883
1,4,0.32267424,2,4,0.13183109,3,4,0.10743357,-3329.86,11.238778,-3.3909765,-3315.2302
1,4,0.2911401,2,4,0.15582654,3,4,0.13469703,-3327.7325,11.633274,-1.7376452,-3314.3615
1,4,0.31570634,2,4,0.13756076,3,4,0.1263544,-3327.2927,11.59243,-1.161251,-3314.539
1,4,0.30335431,2,4,0.13519593,3,4,0.14596836,-3326.5389,11.690372,-0.37409856,-3314.4744
1,4,0.32917189,2,4,0.11370809,3,4,0.15285172,-3327.696,11.914634,-1.6696721,-3314.1117
1,4,0.28743078,2,4,0.12024612,3,4,0.15725882,-3326.5264,11.298714,-0.35637889,-3314.8713
1,4,0.32981629,2,4,0.10451069,3,4,0.15669283,-3328.3234,11.820396,-2.3030842,-3314.1999
1,4,0.29959108,2,4,0.13297775,3,4,0.14555434,-3326.3689,11.562464,-0.1947542,-3314.6117
1,4,0.28093608,2,4,0.11001386,3,4,0.11986282,-3329.3562,10.216255,-2.7981957,-3316.3417
1,4,0.23992175,2,4,0.14963453,3,4,0.13025402,-3330.3861,10.396206,-3.6718736,-3316.318
1,4,0.27281132,2,4,0.15927408,3,4,0.11044672,-3329.878,10.850642,-3.433434,-3315.594
1,4,0.25613036,2,4,0.13251895,3,4,0.13084078,-3328.0291,10.389802,-1.6481995,-3315.9911
1,4,0.28989328,2,4,0.13037567,3,4,0.1332273,-3326.4109,11.069925,-0.22112733,-3315.1199
1,4,0.29298913,2,4,0.12774276,3,4,0.17016127,-3327.6027,11.817863,-1.5855904,-3314.1992
1,4,0.29649503,2,4,0.12980625,3,4,0.13450954,-3326.3637,11.216217,-0.17958242,-3314.9679
1,4,0.29733439,2,4,0.10419467,3,4,0.14299758,-3327.4997,10.890533,-1.189312,-3315.4199
1,4,0.29753441,2,4,0.13871181,3,4,0.16485482,-3327.8386,12.022021,-1.8296737,-3313.9869
1,4,0.31276532,2,4,0.13127857,3,4,0.14294745,-3326.6437,11.739827,-0.49139824,-3314.4125
1,4,0.2486545,2,4,0.14041399,3,4,0.12398537,-3329.3636,10.261077,-2.7458322,-3316.3567
1,4,0.26232756,2,4,0.13792297,3,4,0.11785348,-3328.745,10.36208,-2.2338427,-3316.1491
1,4,0.27728722,2,4,0.1344724,3,4,0.13804593,-3326.5455,10.996111,-0.35207255,-3315.1973
1,4,0.2878568,2,4,0.12300033,3,4,0.14835928,-3326.2434,11.184328,-0.062895813,-3314.9962
1,4,0.25091853,2,4,0.13344726,3,4,0.16749857,-3329.2424,11.037287,-3.0448235,-3315.1603
1,4,0.27444805,2,4,0.15174034,3,4,0.12689682,-3327.8434,11.061704,-1.6534379,-3315.1282
1,4,0.28073826,2,4,0.13038442,3,4,0.14660368,-3326.3648,11.154527,-0.18293646,-3315.0273
1,4,0.29827234,2,4,0.12882699,3,4,0.17917957,-3328.7604,12.125578,-2.9794529,-3313.6554
1,4,0.283318,2,4,0.12623626,3,4,0.14385553,-3326.2595,11.068196,-0.077537652,-3315.1137
1,4,0.26710574,2,4,0.14880145,3,4,0.1241004,-3328.1631,10.800152,-1.8519879,-3315.511
1,4,0.29512035,2,4,0.11546974,3,4,0.13039163,-3327.1847,10.819634,-0.92799234,-3315.437
1,4,0.31593426,2,4,0.14531882,3,4,0.12085428,-3327.9,11.642147,-1.8124657,-3314.4454
1,4,0.25522155,2,4,0.14079561,3,4,0.14590948,-3328.0367,10.838533,-1.748388,-3315.4498
1,4,0.30730826,2,4,0.12578169,3,4,0.14699998,-3326.4234,11.601799,-0.25403029,-3314.5676
1,4,0.30432673,2,4,0.11396463,3,4,0.15347699,-3326.6638,11.435367,-0.49324487,-3314.7352
1,4,0.28988348,2,4,0.17379996,3,4,0.13286636,-3330.0125,11.930996,-4.6007278,-3313.4808
1,4,0.34632163,2,4,0.1481216,3,4,0.12359808,-3329.7871,12.360826,-4.2234687,-3313.2029
1,4,0.31491273,2,4,0.12060334,3,4,0.13495647,-3326.958,11.409451,-0.78548058,-3314.7631
1,4,0.26956061,2,4,0.15386427,3,4,0.12798184,-3328.1827,11.028134,-1.9911487,-3315.1634
1,4,0.29086538,2,4,0.13085822,3,4,0.15605351,-3326.6163,11.555542,-0.46113274,-3314.5996
1,4,0.29354145,2,4,0.12295549,3,4,0.15579817,-3326.4402,11.445902,-0.2728461,-3314.7215
1,4,0.30203091,2,4,0.13366348,3,4,0.15201026,-3326.6584,11.754093,-0.49910812,-3314.4052
1,4,0.29081261,2,4,0.121853,3,4,0.13702388,-3326.399,10.99379,-0.21131056,-3315.1939
1,4,0.32271708,2,4,0.12403767,3,4,0.15795312,-3327.444,12.094157,-1.384806,-3313.965
1,4,0.335104,2,4,0.13369817,3,4,0.13078451,-3328.0917,11.991734,-2.1302373,-3313.9697
1,4,0.28235097,2,4,0.12740458,3,4,0.16971453,-3327.5919,11.589402,-1.5534136,-3314.4491
1,4,0.3271288,2,4,0.13492832,3,4,0.15600415,-3328.0465,12.361225,-2.0388509,-3313.6464
1,4,0.31988078,2,4,0.11394854,3,4,0.13599722,-3327.4903,11.396531,-1.3055952,-3314.7882
1,4,0.25310122,2,4,0.12138184,3,4,0.13950481,-3328.115,10.279757,-1.7308519,-3316.1044
1,4,0.29195983,2,4,0.098045141,3,4,0.13965104,-3328.6406,10.59312,-2.1311557,-3315.9163
1,4,0.28332305,2,4,0.13800497,3,4,0.12290703,-3327.2134,10.884701,-0.95108433,-3315.3776
1,4,0.29093516,2,4,0.12173669,3,4,0.16051642,-3326.6728,11.463765,-0.52357092,-3314.6854
1,4,0.3243444,2,4,0.11363114,3,4,0.16785844,-3328.1234,12.11668,-2.1989001,-3313.8078
1,4,0.30405296,2,4,0.12524684,3,4,0.10258875,-3330.8333,10.637771,-3.8726776,-3316.3228
1,4,0.28123032,2,4,0.12403321,3,4,0.12318623,-3327.507,10.568995,-1.2086909,-3315.7293
1,4,0.28014269,2,4,0.12074853,3,4,0.14940601,-3326.4232,11.005945,-0.23417319,-3315.1831
1,4,0.30068889,2,4,0.12933475,3,4,0.13035311,-3326.604,11.207535,-0.4098626,-3314.9866
1,4,0.29947486,2,4,0.13008827,3,4,0.14231036,-3326.2624,11.43747,-0.084523672,-3314.7404
1,4,0.33275489,2,4,0.12288356,3,4,0.15913216,-3328.1111,12.295412,-2.1701941,-3313.6455
1,4,0.26579438,2,4,0.12035039,3,4,0.15962503,-3327.3417,10.915396,-1.1096758,-3315.3167
1,4,0.27726656,2,4,0.14717085,3,4,0.11593951,-3328.3266,10.807539,-1.9509001,-3315.5682
1,4,0.29011936,2,4,0.14026363,3,4,0.13976966,-3326.5462,11.403053,-0.38588225,-3314.7572
1,4,0.28328088,2,4,0.14192797,3,4,0.14578819,-3326.8039,11.419941,-0.66169294,-3314.7222
1,4,0.28576153,2,4,0.13302828,3,4,0.14294619,-3326.3031,11.23472,-0.12440935,-3314.9439
1,4,0.27147475,2,4,0.1342515,3,4,0.14684826,-3326.7685,11.05149,-0.5738586,-3315.1431
1,4,0.30593193,2,4,0.13768692,3,4,0.14840993,-3326.814,11.840576,-0.66793844,-3314.3054
1,4,0.28867205,2,4,0.11790216,3,4,0.13900042,-3326.5103,10.911493,-0.31635837,-3315.2825
1,4,0.2962831,2,4,0.13189585,3,4,0.1384357,-3326.2805,11.332293,-0.10198569,-3314.8462
1,4,0.27761526,2,4,0.11245327,3,4,0.1736194,-3327.9583,11.273759,-1.8557927,-3314.8287
1,4,0.27562848,2,4,0.13434182,3,4,0.159271,-3327.1891,11.384826,-1.0638238,-3314.7404
1,4,0.27480526,2,4,0.13259943,3,4,0.13082918,-3326.8689,10.764678,-0.64134993,-3315.4628
1,4,0.3173149,2,4,0.10405909,3,4,0.13698053,-3328.3216,11.16709,-1.9976219,-3315.1569
1,4,0.29101435,2,4,0.1255848,3,4,0.15637612,-3326.4889,11.459505,-0.32495652,-3314.7044
1,4,0.31015342,2,4,0.14839254,3,4,0.14325267,-3327.5576,12.035972,-1.5208326,-3314.0008
1,4,0.30991875,2,4,0.10525633,3,4,0.14553898,-3327.4728,11.214281,-1.2217664,-3315.0368
1,4,0.28232284,2,4,0.13664333,3,4,0.13834171,-3326.4772,11.146157,-0.29600812,-3315.0351
1,4,0.25496554,2,4,0.14083793,3,4,0.11697975,-3329.499,10.255664,-2.8460585,-3316.3973
1,4,0.3040147,2,4,0.1411156,3,4,0.14126934,-3326.7675,11.727993,-0.62954369,-3314.41
1,4,0.29321312,2,4,0.13574108,3,4,0.14048777,-3326.35,11.38884,-0.17667351,-3314.7845
1,4,0.28908624,2,4,0.11306097,3,4,0.13213025,-3327.282,10.685549,-1.0177971,-3315.5787
1,4,0.29276485,2,4,0.12208443,3,4,0.14598339,-3326.2186,11.216653,-0.038065079,-3314.9638
1,4,0.32819915,2,4,0.11522393,3,4,0.1448507,-3327.5479,11.765476,-1.4747025,-3314.3077
1,4,0.27205481,2,4,0.13205556,3,4,0.15280684,-3326.8544,11.138344,-0.67178535,-3315.0443
1,4,0.30036671,2,4,0.11997573,3,4,0.15192912,-3326.3906,11.445431,-0.21758209,-3314.7276
1,4,0.28071447,2,4,0.14044512,3,4,0.14208591,-3326.682,11.26491,-0.51774348,-3314.8993
1,4,0.32725633,2,4,0.13874888,3,4,0.11592189,-3328.7195,11.638542,-2.6118813,-3314.469
1,4,0.27737332,2,4,0.13193183,3,4,0.14933894,-3326.5484,11.172882,-0.36802631,-3315.0075
1,4,0.27181152,2,4,0.12590749,3,4,0.17299816,-3328.1518,11.414343,-2.1304868,-3314.6069
1,4,0.28685206,2,4,0.12098713,3,4,0.12363923,-3327.5146,10.629568,-1.2149036,-3315.6702
1,4,0.28798721,2,4,0.10129729,3,4,0.17106326,-3328.1551,11.206955,-1.9436942,-3315.0044
1,4,0.33064997,2,4,0.11065505,3,4,0.14493432,-3327.9551,11.724787,-1.8862989,-3314.344
1,4,0.31636051,2,4,0.12127557,3,4,0.15131753,-3326.836,11.779072,-0.70460849,-3314.3523
1,4,0.26516642,2,4,0.088502918,3,4,0.18203101,-3331.6164,10.714007,-4.8338912,-3316.0685
1,4,0.31945477,2,4,0.14108544,3,4,0.12934785,-3327.4296,11.797761,-1.3578687,-3314.274
1,4,0.26026178,2,4,0.096906132,3,4,0.1712024,-3329.9981,10.567406,-3.3507391,-3316.0799
1,4,0.28661968,2,4,0.14103023,3,4,0.12870118,-3326.8449,11.127022,-0.65081428,-3315.0671
1,4,0.28195303,2,4,0.15462656,3,4,0.13947545,-3327.7463,11.521101,-1.7304249,-3314.4948
1,4,0.29308418,2,4,0.085396767,3,4,0.13295182,-3332.358,10.228655,-4.9605623,-3317.1688
1,4,0.2713175,2,4,0.11282381,3,4,0.15141229,-3327.1005,10.711072,-0.8477282,-3315.5417
1,4,0.31515669,2,4,0.11474856,3,4,0.14580683,-3326.9148,11.514242,-0.75722376,-3314.6433
1,4,0.27571133,2,4,0.13296429,3,4,0.1213529,-3327.6016,10.60057,-1.2763348,-3315.7246
1,4,0.27846484,2,4,0.12005457,3,4,0.13530058,-3326.7875,10.6764,-0.58047064,-3315.5306
1,4,0.28346173,2,4,0.12594392,3,4,0.1571973,-3326.5951,11.332059,-0.43130653,-3314.8317
1,4,0.32503559,2,4,0.10691522,3,4,0.16341235,-3328.1038,11.907263,-2.1167599,-3314.0797
1,4,0.30186976,2,4,0.13408541,3,4,0.15287076,-3326.7172,11.776519,-0.56237131,-3314.3784
1,4,0.3195902,2,4,0.13445477,3,4,0.13502994,-3327.0619,11.781498,-0.95278753,-3314.3276
1,4,0.28351699,2,4,0.12501873,3,4,0.12581563,-3327.127,10.687027,-0.87303205,-3315.5669
1,4,0.28949448,2,4,0.12032831,3,4,0.13269473,-3326.7043,10.85035,-0.49612565,-3315.3579
1,4,0.29863693,2,4,0.094086905,3,4,0.1704187,-3328.8302,11.262851,-2.540585,-3315.0268
1,4,0.33241536,2,4,0.11829483,3,4,0.15229773,-3327.7781,12.060158,-1.7880543,-3313.9299
1,4,0.31682227,2,4,0.11795265,3,4,0.15541659,-3327.0136,11.80383,-0.90164201,-3314.3082
1,4,0.27686068,2,4,0.10461321,3,4,0.16961359,-3328.0863,11.021749,-1.8346312,-3315.2299
1,4,0.29297,2,4,0.13993349,3,4,0.15895707,-3327.3573,11.837211,-1.2818947,-3314.2382
1,4,0.25264588,2,4,0.15421036,3,4,0.14045986,-3329.204,10.946322,-2.9729863,-3315.2847
1,4,0.27952683,2,4,0.11455205,3,4,0.18049839,-3328.5651,11.491545,-2.628066,-3314.4455
1,4,0.32725873,2,4,0.068831232,3,4,0.16268313,-3335.1448,11.175462,-7.5333471,-3316.436
1,4,0.23818038,2,4,0.14642357,3,4,0.14347788,-3330.1431,10.561636,-3.5484036,-3316.0331
1,4,0.29235026,2,4,0.134091,3,4,0.17011538,-3327.9625,11.931133,-1.9961991,-3314.0352
1,4,0.29418693,2,4,0.12633888,3,4,0.13608966,-3326.32,11.13231,-0.13564045,-3315.0521
1,4,0.28258725,2,4,0.13065318,3,4,0.13930842,-3326.328,11.050977,-0.14368294,-3315.1334
1,4,0.28182824,2,4,0.12914044,3,4,0.15778608,-3326.7305,11.375095,-0.57655426,-3314.7788
1,4,0.3130198,2,4,0.1231579,3,4,0.13779066,-3326.695,11.479367,-0.53127872,-3314.6844
1,4,0.27374401,2,4,0.12886899,3,4,0.15947592,-3327.0385,11.241778,-0.88057576,-3314.9161
1,4,0.29907349,2,4,0.12593087,3,4,0.16658187,-3327.2636,11.831725,-1.1909229,-3314.241
1,4,0.30236029,2,4,0.13300095,3,4,0.11707483,-3327.7581,11.048721,-1.4421161,-3315.2673
1,4,0.32053807,2,4,0.11491531,3,4,0.13155671,-3327.7482,11.340202,-1.5385452,-3314.8694
1,4,0.28921976,2,4,0.12984749,3,4,0.15469965,-3326.5114,11.475338,-0.34765571,-3314.6884
1,4,0.28995396,2,4,0.11090072,3,4,0.17679313,-3328.0598,11.552956,-2.0617616,-3314.4451
1,4,0.2830546,2,4,0.11166711,3,4,0.13513624,-3327.2896,10.597159,-1.0296666,-3315.6627
1,4,0.25779011,2,4,0.13901601,3,4,0.16510809,-3328.8196,11.238284,-2.7387375,-3314.8426
1,4,0.30030984,2,4,0.15908785,3,4,0.13505592,-3328.1697,11.889072,-2.2863203,-3313.9943
1,4,0.29217463,2,4,0.13928958,3,4,0.17134272,-3328.5196,12.056139,-2.6511016,-3313.8124
1,4,0.31239848,2,4,0.11695109,3,4,0.15406992,-3326.8127,11.66839,-0.67308874,-3314.4712
1,4,0.30202575,2,4,0.12733826,3,4,0.15828053,-3326.7517,11.752891,-0.60716165,-3314.3916
1,4,0.27673593,2,4,0.093972061,3,4,0.14459376,-3329.4606,10.306035,-2.7784485,-3316.3761
1,4,0.26697779,2,4,0.1008487,3,4,0.13912697,-3329.1276,10.139069,-2.5957632,-3316.3928
1,4,0.28566911,2,4,0.12305829,3,4,0.16500666,-3327.0203,11.474681,-0.90354132,-3314.642
1,4,0.3113263,2,4,0.132998,3,4,0.14991198,-3326.8151,11.884726,-0.66751767,-3314.2629
1,4,0.30620992,2,4,0.14252954,3,4,0.12989746,-3326.9923,11.572738,-0.86076906,-3314.5588
1,4,0.2953476,2,4,0.10867667,3,4,0.15233817,-3326.8556,11.127249,-0.63726925,-3315.0911
1,4,0.27241675,2,4,0.14102338,3,4,0.15661813,-3327.5365,11.401165,-1.4397357,-3314.6956
1,4,0.29341628,2,4,0.14965538,3,4,0.14347124,-3327.3125,11.730858,-1.2544348,-3314.3272
1,4,0.29563327,2,4,0.14124161,3,4,0.11016786,-3328.5957,10.940855,-2.1521151,-3315.5028
1,4,0.30573624,2,4,0.12618011,3,4,0.14524939,-3326.3628,11.543315,-0.18988618,-3314.6296
1,4,0.30801699,2,4,0.12124384,3,4,0.12733797,-3327.2265,11.131976,-0.98965177,-3315.1048
1,4,0.32799278,2,4,0.098617101,3,4,0.14484093,-3329.0704,11.429016,-2.8038835,-3314.8375
1,4,0.26445057,2,4,0.1313635,3,4,0.14535594,-3327.0296,10.8234,-0.79228615,-3315.4139
1,4,0.27903255,2,4,0.13027948,3,4,0.15539033,-3326.6942,11.294047,-0.52960461,-3314.8706
1,4,0.30291539,2,4,0.13905163,3,4,0.15348112,-3327.0747,11.908963,-0.95227387,-3314.2134
1,4,0.2982567,2,4,0.14739778,3,4,0.13237496,-3327.0665,11.560589,-0.95841111,-3314.5475
1,4,0.3389108,2,4,0.10812759,3,4,0.1599731,-3328.7823,12.14023,-2.9549852,-3313.687
1,4,0.30393098,2,4,0.12411064,3,4,0.1653841,-3327.2063,11.868514,-1.1237861,-3314.214
1,4,0.29860295,2,4,0.13364279,3,4,0.15065318,-3326.5339,11.657979,-0.36795094,-3314.5079
1,4,0.2823683,2,4,0.10892138,3,4,0.13564069,-3327.561,10.538608,-1.2661244,-3315.7563
1,4,0.27020189,2,4,0.14353998,3,4,0.14652848,-3327.3054,11.205407,-1.1521232,-3314.9478
1,4,0.28728689,2,4,0.11878221,3,4,0.12340259,-3327.7011,10.589434,-1.3796002,-3315.732
1,4,0.24371569,2,4,0.15917141,3,4,0.1277169,-3330.8252,10.61208,-4.2643888,-3315.9487
1,4,0.28852333,2,4,0.11631206,3,4,0.13386432,-3326.8855,10.773994,-0.66316128,-3315.4483
1,4,0.30904117,2,4,0.12424934,3,4,0.14191451,-3326.4632,11.504101,-0.29472741,-3314.6644
1,4,0.33288508,2,4,0.11916584,3,4,0.14167593,-3327.7428,11.874537,-1.7174876,-3314.1508
1,4,0.27536472,2,4,0.13537572,3,4,0.15096542,-3326.7941,11.234117,-0.62505869,-3314.935
1,4,0.29289932,2,4,0.11485674,3,4,0.13879387,-3326.6777,10.930999,-0.46897583,-3315.2777
1,4,0.28052181,2,4,0.13826217,3,4,0.12978981,-3326.8209,10.971476,-0.60969824,-3315.2397
1,4,0.27857753,2,4,0.12536535,3,4,0.13700023,-3326.5167,10.818862,-0.32341361,-3315.3744
1,4,0.3222131,2,4,0.12327389,3,4,0.13969972,-3327.0501,11.703734,-0.93295358,-3314.4134
1,4,0.31632629,2,4,0.13380314,3,4,0.15771464,-3327.4973,12.156881,-1.4126188,-3313.9278
1,4,0.30815223,2,4,0.13068032,3,4,0.1520732,-3326.7026,11.818115,-0.54637811,-3314.3381
1,4,0.28262681,2,4,0.11480793,3,4,0.16008105,-3326.8384,11.150316,-0.65370119,-3315.0343
1,4,0.29920583,2,4,0.10891134,3,4,0.17580832,-3328.0415,11.67851,-2.0579873,-3314.305
1,4,0.32521913,2,4,0.12811726,3,4,0.15479734,-3327.526,12.162675,-1.4699542,-3313.8934
1,4,0.33059219,2,4,0.14280347,3,4,0.14316335,-3328.1681,12.33118,-2.2207949,-3313.6161
1,4,0.28682532,2,4,0.12680762,3,4,0.15293081,-3326.3778,11.331275,-0.20387374,-3314.8426
1,4,0.26267216,2,4,0.14430879,3,4,0.17497346,-3330.0652,11.639088,-4.3776675,-3314.0484
1,4,0.33351976,2,4,0.12047032,3,4,0.17160443,-3329.088,12.51189,-3.3518762,-3313.2243
1,4,0.2722162,2,4,0.11392405,3,4,0.1729088,-3328.0616,11.180981,-1.9298794,-3314.9508
1,4,0.2950745,2,4,0.15000558,3,4,0.13430194,-3327.2134,11.58764,-1.1328482,-3314.493
1,4,0.28925129,2,4,0.12424685,3,4,0.15352114,-3326.3573,11.340386,-0.18313848,-3314.8338
1,4,0.28321775,2,4,0.12258409,3,4,0.12984551,-3326.8953,10.712947,-0.67224989,-3315.5101
1,4,0.27389692,2,4,0.12753183,3,4,0.15046411,-3326.6042,11.037857,-0.41120198,-3315.1551
1,4,0.2978385,2,4,0.12458446,3,4,0.1470726,-3326.2324,11.389911,-0.053464903,-3314.789
1,4,0.28302627,2,4,0.13810068,3,4,0.17684243,-3329.0976,11.959388,-3.3634174,-3313.7748
1,4,0.26626819,2,4,0.13556337,3,4,0.17759499,-3329.447,11.588531,-3.6535987,-3314.2049
1,4,0.2935164,2,4,0.11743656,3,4,0.18032411,-3328.4038,11.825541,-2.5506698,-3314.0276
1,4,0.30542342,2,4,0.11846673,3,4,0.10747682,-3330.4554,10.627339,-3.6118042,-3316.2163
1,4,0.31840296,2,4,0.14683136,3,4,0.14929717,-3328.0644,12.29063,-2.0700791,-3313.7037
1,4,0.28592306,2,4,0.14301138,3,4,0.14299325,-3326.7746,11.438554,-0.63387816,-3314.7022
1,4,0.29320032,2,4,0.1161404,3,4,0.14696878,-3326.402,11.12619,-0.21282314,-3315.0629
1,4,0.28528725,2,4,0.14585904,3,4,0.16048789,-3328.0046,11.832684,-2.0353838,-3314.1365
1,4,0.26211349,2,4,0.12121699,3,4,0.12816678,-3328.1175,10.229945,-1.7716195,-3316.1159
1,4,0.30609541,2,4,0.12498448,3,4,0.13365052,-3326.6051,11.294608,-0.42024892,-3314.8902
1,4,0.32674607,2,4,0.11429957,3,4,0.1620023,-3327.8736,12.060959,-1.8966639,-3313.916
1,4,0.27134506,2,4,0.13074666,3,4,0.11575088,-3328.5781,10.356852,-2.0957378,-3316.1255
1,4,0.28662635,2,4,0.14618618,3,4,0.14227203,-3326.9838,11.501691,-0.86937631,-3314.6127
1,4,0.26549217,2,4,0.11277432,3,4,0.14030636,-3327.6549,10.371457,-1.3583673,-3315.9251
1,4,0.27470765,2,4,0.11610359,3,4,0.15489987,-3326.8414,10.914222,-0.62630721,-3315.3009
1,4,0.25932728,2,4,0.16129652,3,4,0.15172685,-3329.9779,11.447013,-4.1869429,-3314.3439
1,4,0.26040203,2,4,0.14329103,3,4,0.15246955,-3328.0565,11.123252,-1.8898435,-3315.0434
1,4,0.29699225,2,4,0.11768225,3,4,0.16632988,-3327.0822,11.620087,-0.98233121,-3314.4798
1,4,0.2949638,2,4,0.11842249,3,4,0.13626924,-3326.5798,10.993111,-0.38027732,-3315.2065
1,4,0.26387876,2,4,0.13025666,3,4,0.12852732,-3327.6149,10.453255,-1.3021059,-3315.8595
1,4,0.30498241,2,4,0.1110811,3,4,0.14648716,-3326.8209,11.251013,-0.61923537,-3314.9506
1,4,0.26275148,2,4,0.11049888,3,4,0.13273489,-3328.5992,10.119705,-2.2058325,-3316.2737
1,4,0.3169162,2,4,0.15311549,3,4,0.11645341,-3328.6815,11.729702,-2.6926651,-3314.2591
1,4,0.32852237,2,4,0.13155662,3,4,0.14785824,-3327.5594,12.158745,-1.5173535,-3313.8833
1,4,0.31077925,2,4,0.13511338,3,4,0.12496104,-3327.1721,11.417073,-0.99390382,-3314.7611
1,4,0.29118503,2,4,0.13365569,3,4,0.15281599,-3326.5664,11.553134,-0.40606609,-3314.6072
1,4,0.30959071,2,4,0.12414377,3,4,0.13494322,-3326.6611,11.373554,-0.48425989,-3314.8032
1,4,0.28029705,2,4,0.14612879,3,4,0.13139658,-3327.1103,11.156448,-0.93857363,-3315.0153
1,4,0.29029168,2,4,0.11552869,3,4,0.1434634,-3326.4902,10.985675,-0.2943822,-3315.2101
1,4,0.24021143,2,4,0.13114546,3,4,0.12855612,-3329.9578,9.99826,-3.2135402,-3316.746
1,4,0.29786333,2,4,0.12915696,3,4,0.1359892,-3326.3263,11.26019,-0.14463487,-3314.9215
1,4,0.29921185,2,4,0.12615642,3,4,0.1504881,-3326.3268,11.517127,-0.15134174,-3314.6584
1,4,0.27692296,2,4,0.1117772,3,4,0.14372565,-3327.0296,10.648516,-0.78960992,-3315.5914
1,4,0.31922332,2,4,0.14804269,3,4,0.153188,-3328.4889,12.40908,-2.5481003,-3313.5317
1,4,0.33024535,2,4,0.15756759,3,4,0.13914826,-3329.4091,12.539224,-3.7544432,-3313.1154
1,4,0.24684391,2,4,0.11240629,3,4,0.11088324,-3333.413,9.4026687,-6.1313843,-3317.8789
1,4,0.29781859,2,4,0.10811995,3,4,0.11887612,-3329.5608,10.496293,-2.9239449,-3316.1406
1,4,0.26122043,2,4,0.1603955,3,4,0.1310332,-3329.2144,11.052983,-3.0810827,-3315.0804
1,4,0.30917595,2,4,0.12616658,3,4,0.15274278,-3326.6409,11.761706,-0.48525325,-3314.3939
1,4,0.29556963,2,4,0.10829452,3,4,0.16232663,-3327.1256,11.323816,-0.94954339,-3314.8522
1,4,0.33640883,2,4,0.14863585,3,4,0.15752995,-3330.0613,12.851493,-4.3848124,-3312.825
1,4,0.2937251,2,4,0.14345467,3,4,0.13478663,-3326.7458,11.439328,-0.59952974,-3314.707
1,4,0.26483867,2,4,0.13084265,3,4,0.16324293,-3327.7704,11.178485,-1.6197273,-3314.9722
1,4,0.2484105,2,4,0.13768281,3,4,0.13713892,-3328.5582,10.464645,-2.0989586,-3315.9946
1,4,0.33001986,2,4,0.12165627,3,4,0.16401598,-3328.2289,12.313842,-2.3080662,-3313.607
1,4,0.3155628,2,4,0.11884527,3,4,0.16790994,-3327.7033,12.04636,-1.7014607,-3313.9555
1,4,0.2661961,2,4,0.1080446,3,4,0.1570665,-3327.8112,10.626144,-1.4689879,-3315.7161
1,4,0.24687149,2,4,0.12046794,3,4,0.15734213,-3328.8003,10.493631,-2.316926,-3315.9898
1,4,0.29922577,2,4,0.1364709,3,4,0.13984068,-3326.4312,11.510747,-0.26339914,-3314.6571
1,4,0.2486251,2,4,0.11270712,3,4,0.13966453,-3329.1668,10.019935,-2.6356426,-3316.5112
1,4,0.27122608,2,4,0.12143761,3,4,0.13020542,-3327.3595,10.457382,-1.1018837,-3315.8002
1,4,0.27828047,2,4,0.099895812,3,4,0.12484362,-3330.4004,10.060398,-3.6434117,-3316.6966
1,4,0.32806569,2,4,0.1331415,3,4,0.13263103,-3327.5583,11.876764,-1.5111184,-3314.1704
1,4,0.3036166,2,4,0.11747298,3,4,0.12446019,-3327.6891,10.910995,-1.3770134,-3315.4011
1,4,0.26004775,2,4,0.11084917,3,4,0.12933212,-3329.1141,10.004581,-2.6567003,-3316.4529
1,4,0.26078781,2,4,0.1201018,3,4,0.14002678,-3327.5043,10.418328,-1.2138028,-3315.8722
1,4,0.28252673,2,4,0.11330826,3,4,0.17222478,-3327.6851,11.361195,-1.5946154,-3314.7293
1,4,0.28408047,2,4,0.1155898,3,4,0.16291484,-3326.9333,11.251702,-0.77008433,-3314.9115
1,4,0.28384991,2,4,0.12033224,3,4,0.14437941,-3326.3469,10.971231,-0.1615912,-3315.2141
1,4,0.28668971,2,4,0.12682946,3,4,0.14381001,-3326.2097,11.146584,-0.029242943,-3315.0338
1,4,0.31356328,2,4,0.13167626,3,4,0.13413841,-3326.7759,11.587559,-0.62592065,-3314.5624
1,4,0.30303372,2,4,0.11250958,3,4,0.1542204,-3326.7187,11.395274,-0.54333449,-3314.7801
1,4,0.33243675,2,4,0.12381893,3,4,0.12903901,-3328.0976,11.705894,-2.0318192,-3314.3599
1,4,0.28015098,2,4,0.11684384,3,4,0.15030358,-3326.5527,10.945968,-0.35415802,-3315.2526
1,4,0.28964722,2,4,0.11488797,3,4,0.17494887,-3327.8189,11.589681,-1.8117686,-3314.4175
1,4,0.29055561,2,4,0.14580407,3,4,0.15486291,-3327.542,11.824452,-1.5005031,-3314.217
1,4,0.31793428,2,4,0.13851739,3,4,0.13963168,-3327.1072,11.921667,-1.00658,-3314.1789
1,4,0.28690162,2,4,0.11323638,3,4,0.15771796,-3326.7331,11.157119,-0.54258784,-3315.0334
1,4,0.25946327,2,4,0.11186838,3,4,0.1290858,-3329.0673,10.008349,-2.6163267,-3316.4426
1,4,0.30109149,2,4,0.096505166,3,4,0.15505241,-3328.2113,11.052981,-1.826868,-3315.3315
1,4,0.28812495,2,4,0.11126733,3,4,0.14997322,-3326.7,10.98731,-0.48574124,-3315.227
1,4,0.25907014,2,4,0.11583657,3,4,0.1451393,-3327.7301,10.40092,-1.4025779,-3315.9266
1,4,0.32012252,2,4,0.12061008,3,4,0.13702757,-3327.092,11.555203,-0.9496844,-3314.5871
1,4,0.29026065,2,4,0.11785502,3,4,0.10951338,-3330.0731,10.352581,-3.2940208,-3316.4265
1,4,0.27361467,2,4,0.09783866,3,4,0.13192643,-3330.0203,10.067595,-3.3257097,-3316.627
1,4,0.30519452,2,4,0.12218642,3,4,0.13493664,-3326.6041,11.246351,-0.41562654,-3314.9421
1,4,0.29508843,2,4,0.1198165,3,4,0.13542845,-3326.5519,11.006668,-0.35440724,-3315.1908
1,4,0.29249902,2,4,0.1123825,3,4,0.13044066,-3327.4711,10.706444,-1.1810908,-3315.5836
1,4,0.28545887,2,4,0.11722751,3,4,0.1460136,-3326.421,10.974,-0.23031656,-3315.2167
1,4,0.28398255,2,4,0.13365018,3,4,0.12255564,-3327.2162,10.803767,-0.94229783,-3315.4702
1,4,0.27543348,2,4,0.12402478,3,4,0.14605584,-3326.4883,10.910282,-0.29368269,-3315.2843
1,4,0.28990011,2,4,0.12166209,3,4,0.15357646,-3326.3589,11.302773,-0.18312598,-3314.873
1,4,0.35289759,2,4,0.12890488,3,4,0.14996009,-3329.494,12.635251,-3.8896913,-3312.9691
1,4,0.2975551,2,4,0.12925524,3,4,0.12269101,-3327.1722,10.990027,-0.91225405,-3315.2699
1,4,0.32144168,2,4,0.12418978,3,4,0.14374666,-3326.9627,11.787563,-0.84670959,-3314.3285
1,4,0.30562258,2,4,0.12478006,3,4,0.16491437,-3327.2317,11.90634,-1.149394,-3314.176
1,4,0.2759948,2,4,0.12800871,3,4,0.12836797,-3327.0356,10.64743,-0.79411011,-3315.5941
1,4,0.27480963,2,4,0.12892608,3,4,0.17124422,-3327.9833,11.499599,-1.9690973,-3314.5146
1,4,0.2582232,2,4,0.14679339,3,4,0.15053014,-3328.3873,11.110935,-2.2270237,-3315.0494
1,4,0.27071978,2,4,0.10526012,3,4,0.18231796,-3329.3986,11.165957,-3.2928382,-3314.9398
1,4,0.29366096,2,4,0.13197416,3,4,0.15749931,-3326.7606,11.662689,-0.61756537,-3314.4803
1,4,0.2830651,2,4,0.11924233,3,4,0.15652421,-3326.5694,11.176633,-0.38978761,-3315.003
1,4,0.31404251,2,4,0.11917851,3,4,0.1330033,-3327.1,11.324486,-0.90844666,-3314.8671
1,4,0.2698086,2,4,0.12630149,3,4,0.15068568,-3326.7734,10.935916,-0.56444933,-3315.273
1,4,0.31536175,2,4,0.11127199,3,4,0.13281542,-3327.7522,11.188983,-1.4930954,-3315.0702
1,4,0.30357235,2,4,0.12398648,3,4,0.13337811,-3326.5905,11.218739,-0.39956045,-3314.9722
1,4,0.29583371,2,4,0.12791002,3,4,0.15314447,-3326.4096,11.537764,-0.23881311,-3314.633
1,4,0.26871026,2,4,0.14322882,3,4,0.12485604,-3327.7513,10.735902,-1.4421025,-3315.5733
1,4,0.28839423,2,4,0.11114342,3,4,0.14242991,-3326.8457,10.839351,-0.61788789,-3315.3884
1,4,0.27053883,2,4,0.14303898,3,4,0.13209662,-3327.2675,10.913489,-1.0392493,-3315.3148
1,4,0.31714826,2,4,0.11323185,3,4,0.15863893,-3327.2552,11.780381,-1.1635514,-3314.3112
1,4,0.24844122,2,4,0.15445529,3,4,0.13420856,-3329.6448,10.742102,-3.2546236,-3315.648
1,4,0.28101472,2,4,0.13466967,3,4,0.12784396,-3326.8592,10.870567,-0.63227419,-3315.3564
1,4,0.28061709,2,4,0.12017303,3,4,0.142546,-3326.4512,10.866723,-0.26170219,-3315.3228
1,4,0.29533972,2,4,0.11512261,3,4,0.17179747,-3327.5266,11.645196,-1.4862949,-3314.3951
1,4,0.28967078,2,4,0.14010076,3,4,0.12766611,-3326.8357,11.148753,-0.63922894,-3315.0478
1,4,0.30209207,2,4,0.15253566,3,4,0.14238823,-3327.6857,11.940319,-1.6902022,-3314.0552
1,4,0.27529267,2,4,0.13460332,3,4,0.12979787,-3326.9209,10.793877,-0.68878425,-3315.4382
1,4,0.2996513,2,4,0.12298831,3,4,0.12773721,-3326.9529,11.007536,-0.72158208,-3315.2238
1,4,0.29151121,2,4,0.13349943,3,4,0.14310668,-3326.285,11.362346,-0.10826825,-3314.8143
1,4,0.32326883,2,4,0.10138798,3,4,0.17182842,-3328.8174,11.929705,-2.9214761,-3313.9662
1,4,0.31433658,2,4,0.12079032,3,4,0.11593569,-3328.8297,11.021252,-2.3961246,-3315.4123
1,4,0.28310241,2,4,0.13788741,3,4,0.15358265,-3326.8792,11.491449,-0.74331209,-3314.6444
1,4,0.30240638,2,4,0.13919089,3,4,0.15928735,-3327.4828,12.017692,-1.4082466,-3314.0569
1,4,0.27406503,2,4,0.11860367,3,4,0.13515019,-3327.0427,10.556378,-0.81735585,-3315.6689
1,4,0.29412353,2,4,0.13865405,3,4,0.13972788,-3326.4728,11.450109,-0.3083303,-3314.7143
1,4,0.30109669,2,4,0.12252534,3,4,0.12586609,-3327.1607,10.989762,-0.90880724,-3315.2622
1,4,0.29572011,2,4,0.098392292,3,4,0.1646073,-3328.0702,11.174394,-1.7844174,-3315.1114
1,4,0.30173442,2,4,0.13167703,3,4,0.13191217,-3326.5349,11.306472,-0.35191731,-3314.8765
1,4,0.30261767,2,4,0.14520457,3,4,0.16111413,-3328.193,12.178728,-2.2259414,-3313.7883
1,4,0.27409589,2,4,0.14753008,3,4,0.13577324,-3327.3116,11.147984,-1.1505701,-3315.0131
1,4,0.29058593,2,4,0.12924522,3,4,0.13277979,-3326.4319,11.052219,-0.24035002,-3315.1393
1,4,0.29591574,2,4,0.13317247,3,4,0.15400412,-3326.6338,11.661846,-0.47678201,-3314.4951
1,4,0.28843393,2,4,0.10311928,3,4,0.15907895,-3327.4692,11.012643,-1.1912259,-3315.2653
1,4,0.26092362,2,4,0.10814562,3,4,0.14787238,-3328.1644,10.338832,-1.7696158,-3316.056
1,4,0.27969327,2,4,0.11858093,3,4,0.13287613,-3326.9859,10.623006,-0.76298089,-3315.5999
1,4,0.26170886,2,4,0.11297362,3,4,0.14159865,-3327.8438,10.325622,-1.5177814,-3316.0004
1,4,0.28446836,2,4,0.11513966,3,4,0.13575784,-3326.9144,10.707317,-0.69239571,-3315.5147
1,4,0.28089777,2,4,0.11297354,3,4,0.1472221,-3326.7417,10.821868,-0.52466196,-3315.3952
1,4,0.26929495,2,4,0.12314823,3,4,0.13898183,-3326.8852,10.6285,-0.662774,-3315.5939
1,4,0.29193591,2,4,0.12384812,3,4,0.13713906,-3326.3306,11.058462,-0.14587082,-3315.1262
1,4,0.2849365,2,4,0.13637682,3,4,0.13104042,-3326.624,11.047075,-0.42632741,-3315.1506
1,4,0.30587265,2,4,0.13225629,3,4,0.1326817,-3326.5918,11.416213,-0.4186989,-3314.7569
1,4,0.29315511,2,4,0.11557742,3,4,0.12215859,-3328.0932,10.617822,-1.711685,-3315.7637
1,4,0.33759102,2,4,0.1357735,3,4,0.13393548,-3328.2298,12.146,-2.3224023,-3313.7614
1,4,0.3143113,2,4,0.14291809,3,4,0.13636135,-3327.177,11.871815,-1.0897671,-3314.2154
1,4,0.3084643,2,4,0.11083525,3,4,0.16995994,-3327.674,11.78519,-1.6493569,-3314.2394
1,4,0.2906314,2,4,0.1240709,3,4,0.16066044,-3326.7055,11.507255,-0.56117007,-3314.637
1,4,0.30515886,2,4,0.11781585,3,4,0.14726607,-3326.4735,11.404816,-0.29805544,-3314.7706
1,4,0.28272477,2,4,0.13705185,3,4,0.16077795,-3327.3147,11.611091,-1.2316044,-3314.472
1,4,0.27234349,2,4,0.13321954,3,4,0.1556065,-3327.0206,11.22339,-0.85605294,-3314.9411
1,4,0.28613385,2,4,0.11375111,3,4,0.15218803,-3326.5903,11.04146,-0.39019188,-3315.1586
1,4,0.29510134,2,4,0.1602583,3,4,0.12755841,-3328.2569,11.658361,-2.3351006,-3314.2635
1,4,0.26266503,2,4,0.13518206,3,4,0.17955612,-3329.8578,11.548064,-4.1006103,-3314.2091
1,4,0.31299415,2,4,0.13172351,3,4,0.14723,-3326.7415,11.838953,-0.59255438,-3314.31
1,4,0.28918533,2,4,0.13383846,3,4,0.12091595,-3327.2937,10.878795,-1.0111494,-3315.4037
1,4,0.29348471,2,4,0.12873298,3,4,0.13963551,-3326.2169,11.237064,-0.036675284,-3314.9432
1,4,0.30076287,2,4,0.117395,3,4,0.13703172,-3326.6442,11.103792,-0.44357433,-3315.0968
1,4,0.32236666,2,4,0.11437853,3,4,0.13105115,-3327.9185,11.355927,-1.7076182,-3314.8549
1,4,0.28377859,2,4,0.13621329,3,4,0.11732268,-3327.7752,10.746291,-1.4198767,-3315.609
1,4,0.2592487,2,4,0.11267058,3,4,0.14071943,-3328.0992,10.252774,-1.741219,-3316.1052
1,4,0.29253187,2,4,0.13262902,3,4,0.1567709,-3326.7391,11.638636,-0.59400578,-3314.5065
1,4,0.32241117,2,4,0.11444665,3,4,0.1447815,-3327.2675,11.632787,-1.1446986,-3314.49
1,4,0.32234811,2,4,0.1237583,3,4,0.13868208,-3327.0709,11.69577,-0.95382149,-3314.4213
1,4,0.27223616,2,4,0.13122025,3,4,0.12802343,-3327.167,10.629597,-0.90735759,-3315.6301
1,4,0.25650329,2,4,0.14668944,3,4,0.12373429,-3328.8406,10.538541,-2.3748518,-3315.9272
1,4,0.3012191,2,4,0.13176482,3,4,0.13643839,-3326.3764,11.388446,-0.20017946,-3314.7878
1,4,0.29812723,2,4,0.15087515,3,4,0.11773917,-3328.0074,11.334831,-1.8393975,-3314.8331
1,4,0.29807518,2,4,0.13037048,3,4,0.12341406,-3327.0805,11.037194,-0.83446032,-3315.2089
1,4,0.30394549,2,4,0.12634618,3,4,0.13531553,-3326.4615,11.312144,-0.28044011,-3314.8689
1,4,0.29131791,2,4,0.11180686,3,4,0.12179817,-3328.589,10.498459,-2.1341673,-3315.9563
1,4,0.28463448,2,4,0.15062631,3,4,0.13934796,-3327.3201,11.492175,-1.2442737,-3314.5836
1,4,0.26166468,2,4,0.14746652,3,4,0.15379751,-3328.3998,11.258574,-2.3143007,-3314.8269
1,4,0.28260074,2,4,0.12779381,3,4,0.14860691,-3326.3231,11.180029,-0.14237156,-3315.0007
1,4,0.31753227,2,4,0.12132266,3,4,0.13895111,-3326.8887,11.556121,-0.74061548,-3314.592
1,4,0.30365877,2,4,0.10717804,3,4,0.12766165,-3328.4503,10.769969,-2.0226229,-3315.6577
1,4,0.30842353,2,4,0.13433168,3,4,0.18136193,-3329.7564,12.482343,-4.1565039,-3313.1175
1,4,0.29970094,2,4,0.12960779,3,4,0.13539179,-3326.3664,11.29401,-0.185456,-3314.887
1,4,0.27978628,2,4,0.14313904,3,4,0.12235474,-3327.4743,10.905601,-1.2060267,-3315.3627
1,4,0.28020729,2,4,0.12705671,3,4,0.1477094,-3326.351,11.099468,-0.16722126,-3315.0844
1,4,0.25850699,2,4,0.17622555,3,4,0.11666915,-3332.0514,11.028034,-5.9901745,-3315.0332
1,4,0.3009241,2,4,0.13259412,3,4,0.13663434,-3326.3798,11.403051,-0.20455948,-3314.7722
1,4,0.32544312,2,4,0.14151441,3,4,0.15197222,-3328.1555,12.378595,-2.16079,-3313.6161
1,4,0.27586107,2,4,0.094813437,3,4,0.1700999,-3329.2154,10.815488,-2.7226106,-3315.6773
1,4,0.3225861,2,4,0.10118481,3,4,0.14024536,-3328.703,11.280325,-2.387622,-3315.0351
1,4,0.27680294,2,4,0.13240148,3,4,0.16351793,-3327.3777,11.454447,-1.2828336,-3314.6404
1,4,0.29472612,2,4,0.13323854,3,4,0.14167915,-3326.28,11.392876,-0.10317005,-3314.7839
1,4,0.27265725,2,4,0.12094363,3,4,0.14138706,-3326.7273,10.699759,-0.51893308,-3315.5086
1,4,0.29374061,2,4,0.13195635,3,4,0.12972147,-3326.5763,11.108369,-0.37758846,-3315.0904
1,4,0.29946046,2,4,0.15698605,3,4,0.14262812,-3328.1283,11.981492,-2.2269758,-3313.9199
1,4,0.28413278,2,4,0.11575152,3,4,0.15508461,-3326.5937,11.099378,-0.40253467,-3315.0918
1,4,0.28572822,2,4,0.1163853,3,4,0.15663758,-3326.5957,11.175022,-0.41260504,-3315.0081
1,4,0.26964852,2,4,0.14296714,3,4,0.15143306,-3327.4855,11.280974,-1.3568081,-3314.8477
1,4,0.28199212,2,4,0.1357626,3,4,0.14669637,-3326.5108,11.289022,-0.33963539,-3314.8821
1,4,0.26117889,2,4,0.12239939,3,4,0.12343935,-3328.6263,10.140352,-2.2031562,-3316.2828
1,4,0.28054024,2,4,0.13023604,3,4,0.1496529,-3326.4328,11.208584,-0.25398018,-3314.9702
1,4,0.26525111,2,4,0.12817074,3,4,0.14577745,-3326.9502,10.783986,-0.71516554,-3315.4511
1,4,0.27045157,2,4,0.11336139,3,4,0.16024827,-3327.3282,10.881225,-1.0833037,-3315.3637
1,4,0.30314883,2,4,0.12094719,3,4,0.16591365,-3327.1657,11.800193,-1.0821699,-3314.2833
1,4,0.25417801,2,4,0.10238858,3,4,0.1600224,-3329.4109,10.33178,-2.7824753,-3316.2966
1,4,0.30417439,2,4,0.11734533,3,4,0.16335143,-3326.9956,11.697423,-0.88468289,-3314.4135
1,4,0.30522277,2,4,0.089551286,3,4,0.16754604,-3329.4324,11.246402,-3.0222489,-3315.1638
1,4,0.22274848,2,4,0.15145423,3,4,0.1372115,-3332.9646,10.228284,-5.7161635,-3317.0201
1,4,0.31034341,2,4,0.13606708,3,4,0.11293178,-3328.4081,11.186845,-2.0675564,-3315.1537
1,4,0.30138076,2,4,0.12526961,3,4,0.14293155,-3326.2654,11.391638,-0.087422527,-3314.7864
1,4,0.31148357,2,4,0.12482303,3,4,0.15812575,-3326.9544,11.888647,-0.83039969,-3314.2353
1,4,0.28374029,2,4,0.14557649,3,4,0.15057081,-3327.2775,11.597752,-1.1957829,-3314.4839
1,4,0.29568728,2,4,0.10796108,3,4,0.1703333,-3327.6075,11.479633,-1.5086306,-3314.6192
1,4,0.27066579,2,4,0.12005197,3,4,0.15181267,-3326.8204,10.850609,-0.60204288,-3315.3677
1,4,0.2417055,2,4,0.14972016,3,4,0.13832089,-3329.9411,10.594931,-3.4043488,-3315.9418
1,4,0.3099223,2,4,0.12311065,3,4,0.17226752,-3327.9849,12.106009,-2.0327526,-3313.8462
1,4,0.29464249,2,4,0.12955895,3,4,0.15945298,-3326.7928,11.673088,-0.65511711,-3314.4646
1,4,0.28563667,2,4,0.13397006,3,4,0.16706819,-3327.6401,11.733498,-1.6145671,-3314.292
1,4,0.29146651,2,4,0.087668597,3,4,0.17920619,-3330.3166,11.166826,-3.8992376,-3315.2506
1,4,0.31050838,2,4,0.13775176,3,4,0.14176421,-3326.7858,11.800487,-0.64579299,-3314.3395
1,4,0.28207055,2,4,0.091993498,3,4,0.15336699,-3329.2383,10.548621,-2.5735103,-3316.1162
1,4,0.28034861,2,4,0.13387516,3,4,0.12729695,-3326.9105,10.830414,-0.67670238,-3315.4033
1,4,0.28374705,2,4,0.12327587,3,4,0.14705696,-3326.2814,11.081598,-0.098897692,-3315.1009
1,4,0.29460557,2,4,0.15489033,3,4,0.13800407,-3327.6901,11.749999,-1.7028115,-3314.2372
1,4,0.28354661,2,4,0.1123899,3,4,0.13560093,-3327.1761,10.630749,-0.92797779,-3315.6174
1,4,0.29464987,2,4,0.10294388,3,4,0.17452355,-3328.2112,11.442346,-2.1205045,-3314.6483
1,4,0.3053762,2,4,0.12169387,3,4,0.14558279,-3326.3817,11.453057,-0.20792548,-3314.7207
1,4,0.28861185,2,4,0.1157543,3,4,0.14633112,-3326.4475,11.013946,-0.25422303,-3315.1793
1,4,0.27794303,2,4,0.1209004,3,4,0.14799788,-3326.4692,10.936826,-0.27635254,-3315.256
1,4,0.29651569,2,4,0.12607485,3,4,0.13898141,-3326.2513,11.231439,-0.070471842,-3314.9494
1,4,0.30186785,2,4,0.14362737,3,4,0.092161489,-3332.3695,10.753134,-5.0718586,-3316.5445
1,4,0.23921527,2,4,0.12410188,3,4,0.14140563,-3329.5398,10.094456,-2.8664907,-3316.5789
1,4,0.30159913,2,4,0.12904003,3,4,0.15618153,-3326.6753,11.736414,-0.52131013,-3314.4176
1,4,0.33104006,2,4,0.12295652,3,4,0.17608385,-3329.4877,12.601609,-3.8291953,-3313.0569
1,4,0.3072263,2,4,0.12891876,3,4,0.13787977,-3326.4552,11.480497,-0.28483826,-3314.6899
1,4,0.32407322,2,4,0.11513559,3,4,0.16757553,-3328.0769,12.135687,-2.1442775,-3313.797
1,4,0.28375331,2,4,0.11192341,3,4,0.17561897,-3328.0002,11.425914,-1.9579957,-3314.6163
1,4,0.29597181,2,4,0.12730144,3,4,0.13579905,-3326.3264,11.181446,-0.1424967,-3315.0025
1,4,0.28906749,2,4,0.1216897,3,4,0.1524235,-3326.3286,11.263614,-0.15061623,-3314.9143
1,4,0.27458107,2,4,0.11149395,3,4,0.15394546,-3327.0657,10.80041,-0.81888248,-3315.4464
1,4,0.32126786,2,4,0.1420942,3,4,0.11996641,-3328.0852,11.666569,-1.9991408,-3314.4195
1,4,0.27991573,2,4,0.099133497,3,4,0.14074249,-3328.6418,10.395834,-2.1475705,-3316.0984
