1,4,0.2948073,2,4,0.1493044,3,4,0.14237723,-3813.8627,11.729779,-0.80809736,-3801.3248
1,4,0.33532392,2,4,0.1622483,3,4,0.16765941,-3814.5853,13.304632,-1.7046867,-3799.576
1,4,0.28895402,2,4,0.1563536,3,4,0.15145112,-3813.3784,11.935175,-0.36022296,-3801.0831
1,4,0.30098018,2,4,0.18182302,3,4,0.1425078,-3814.6747,12.50622,-1.7811539,-3800.3874
1,4,0.35563683,2,4,0.14217344,3,4,0.15890856,-3815.7766,13.134377,-3.1129058,-3799.5293
1,4,0.28263867,2,4,0.1055604,3,4,0.15585588,-3820.6426,10.881099,-6.1305861,-3803.6309
1,4,0.30026765,2,4,0.1651183,3,4,0.16409943,-3813.4352,12.589708,-0.45561221,-3800.3898
1,4,0.32324739,2,4,0.15219138,3,4,0.16767941,-3813.6007,12.862364,-0.63254862,-3800.1058
1,4,0.29099193,2,4,0.16873993,3,4,0.16503053,-3813.8176,12.495248,-0.85794223,-3800.4644
1,4,0.32186036,2,4,0.15499586,3,4,0.14097957,-3813.9384,12.356716,-0.91604334,-3800.6656
1,4,0.31252252,2,4,0.15629504,3,4,0.13845105,-3813.9097,12.145372,-0.85141263,-3800.9129
1,4,0.31164729,2,4,0.13587462,3,4,0.16597004,-3813.7387,12.269839,-0.70857479,-3800.7603
1,4,0.29423159,2,4,0.17147077,3,4,0.13773182,-3814.3502,12.068684,-1.289038,-3800.9924
1,4,0.33979223,2,4,0.16079265,3,4,0.17459808,-3815.2792,13.503659,-2.4869725,-3799.2885
1,4,0.30904974,2,4,0.13379361,3,4,0.16076352,-3813.8997,12.072137,-0.83331016,-3800.9943
1,4,0.29139847,2,4,0.15865884,3,4,0.13609994,-3814.332,11.723145,-1.2104285,-3801.3985
1,4,0.3046388,2,4,0.14364347,3,4,0.15350255,-3813.3401,12.035696,-0.32368453,-3800.9807
1,4,0.32550225,2,4,0.15759574,3,4,0.14971058,-3813.6241,12.656171,-0.65173036,-3800.3162
1,4,0.2988816,2,4,0.14124862,3,4,0.15724994,-3813.4295,11.947603,-0.40626237,-3801.0757
1,4,0.28498748,2,4,0.16861229,3,4,0.16227408,-3813.9092,12.317477,-0.92626521,-3800.6655
1,4,0.28135983,2,4,0.16482694,3,4,0.16572123,-3813.98,12.23816,-0.9782984,-3800.7635
1,4,0.30975433,2,4,0.1530734,3,4,0.15137722,-3813.1366,12.284099,-0.13264751,-3800.7198
1,4,0.31691503,2,4,0.15430963,3,4,0.16347757,-3813.2636,12.694045,-0.27079401,-3800.2987
1,4,0.29274391,2,4,0.15521832,3,4,0.14779959,-3813.4051,11.915236,-0.38513231,-3801.1047
1,4,0.27670619,2,4,0.15571729,3,4,0.17451805,-3814.3828,12.13883,-1.3614605,-3800.8825
1,4,0.31683819,2,4,0.16993737,3,4,0.1530301,-3813.7326,12.796113,-0.78189456,-3800.1546
1,4,0.27769999,2,4,0.15533316,3,4,0.15036956,-3814.0094,11.668054,-0.93650371,-3801.4048
1,4,0.33076377,2,4,0.15867779,3,4,0.13795585,-3814.5337,12.547948,-1.5461346,-3800.4397
1,4,0.28054907,2,4,0.16065254,3,4,0.19196886,-3815.9826,12.66341,-3.295515,-3800.0236
1,4,0.30106427,2,4,0.1409752,3,4,0.13659103,-3814.9214,11.57261,-1.7389634,-3801.6098
1,4,0.29082151,2,4,0.17194158,3,4,0.16283629,-3813.9631,12.511988,-1.0189645,-3800.4321
1,4,0.31177292,2,4,0.14959336,3,4,0.16824647,-3813.2748,12.592255,-0.28451437,-3800.398
1,4,0.2893451,2,4,0.1579541,3,4,0.16276718,-3813.3296,12.201328,-0.32309099,-3800.8052
1,4,0.30802227,2,4,0.13504153,3,4,0.14712568,-3814.3914,11.80379,-1.2723053,-3801.3153
1,4,0.28635641,2,4,0.16444492,3,4,0.1274195,-3815.6762,11.564417,-2.34459,-3801.7672
1,4,0.33797085,2,4,0.13813684,3,4,0.16916449,-3814.6882,12.905444,-1.8196184,-3799.9631
1,4,0.27607941,2,4,0.15113014,3,4,0.16122706,-3813.978,11.768732,-0.9051591,-3801.3042
1,4,0.31816922,2,4,0.15696896,3,4,0.17077805,-3813.6693,12.918325,-0.70128836,-3800.0497
1,4,0.30317395,2,4,0.14984595,3,4,0.15068152,-3813.1992,12.074028,-0.19123137,-3800.934
1,4,0.313827,2,4,0.15152084,3,4,0.13740968,-3814.1462,12.05515,-1.0599671,-3801.0311
1,4,0.30183116,2,4,0.12834065,3,4,0.15626125,-3814.6953,11.728661,-1.5167736,-3801.4499
1,4,0.27970021,2,4,0.17693375,3,4,0.14313236,-3814.9366,11.995327,-1.8751099,-3801.0662
1,4,0.32007511,2,4,0.15112199,3,4,0.17521567,-3813.874,12.928255,-0.93561183,-3800.0102
1,4,0.32685976,2,4,0.14134547,3,4,0.1669195,-3813.8805,12.702495,-0.92276423,-3800.2552
1,4,0.31518493,2,4,0.16493577,3,4,0.17638467,-3814.3814,13.130107,-1.4832704,-3799.768
1,4,0.32911362,2,4,0.13521923,3,4,0.15966953,-3814.3136,12.480048,-1.3104803,-3800.5231
1,4,0.34336531,2,4,0.18205953,3,4,0.13833505,-3816.4124,13.275198,-3.870073,-3799.2671
1,4,0.3176462,2,4,0.1568515,3,4,0.1546949,-3813.239,12.583852,-0.24579984,-3800.4093
1,4,0.2860282,2,4,0.14534596,3,4,0.14162518,-3814.4891,11.459987,-1.3894247,-3801.6397
1,4,0.30830245,2,4,0.16695074,3,4,0.17129003,-3813.9719,12.930864,-1.0364987,-3800.0045
1,4,0.27654161,2,4,0.1814539,3,4,0.16316151,-3815.4242,12.42314,-2.5628475,-3800.4382
1,4,0.32166625,2,4,0.13642095,3,4,0.15442721,-3814.0613,12.250288,-1.0165737,-3800.7944
1,4,0.32743809,2,4,0.15981015,3,4,0.18339639,-3815.2361,13.412893,-2.4538715,-3799.3693
1,4,0.32997522,2,4,0.16172297,3,4,0.15450786,-3813.873,12.924121,-0.9342769,-3800.0146
1,4,0.31511553,2,4,0.16854025,3,4,0.14473861,-3813.775,12.567888,-0.80232929,-3800.4048
1,4,0.30291473,2,4,0.15417928,3,4,0.13126235,-3814.7643,11.767127,-1.5721052,-3801.4251
1,4,0.2866156,2,4,0.16544571,3,4,0.16769909,-3813.8702,12.395208,-0.89597876,-3800.579
1,4,0.30239093,2,4,0.17654816,3,4,0.17641696,-3815.1557,13.107121,-2.3998864,-3799.6487
1,4,0.30165402,2,4,0.16704572,3,4,0.14018864,-3813.8582,12.177768,-0.82558907,-3800.8548
1,4,0.30165877,2,4,0.16846016,3,4,0.14505404,-3813.6375,12.303459,-0.63775566,-3800.6963
1,4,0.2978484,2,4,0.16285002,3,4,0.16302806,-3813.3083,12.47453,-0.31812306,-3800.5157
1,4,0.28214372,2,4,0.16991838,3,4,0.16216459,-3814.1131,12.284534,-1.1289289,-3800.6997
1,4,0.32740857,2,4,0.14472274,3,4,0.17102291,-3813.9528,12.863084,-1.0198462,-3800.0699
1,4,0.28408301,2,4,0.1474172,3,4,0.16472026,-3813.6187,11.924409,-0.58475746,-3801.1096
1,4,0.26894985,2,4,0.16421542,3,4,0.14548819,-3815.0131,11.573069,-1.8186823,-3801.6213
1,4,0.30326219,2,4,0.16223182,3,4,0.13502213,-3814.1961,12.010323,-1.0987129,-3801.0871
1,4,0.31730733,2,4,0.19161877,3,4,0.14388694,-3815.8992,13.056261,-3.3229195,-3799.52
1,4,0.301013,2,4,0.15427781,3,4,0.14570478,-3813.3687,12.019912,-0.34846052,-3801.0003
1,4,0.29486427,2,4,0.17801609,3,4,0.15486017,-3814.2044,12.554811,-1.2990376,-3800.3505
1,4,0.31035585,2,4,0.16438476,3,4,0.1426668,-3813.6349,12.348148,-0.62535656,-3800.6614
1,4,0.30426175,2,4,0.14191617,3,4,0.15123343,-3813.5376,11.948227,-0.50762052,-3801.0818
1,4,0.28174499,2,4,0.15862052,3,4,0.18233011,-3814.7869,12.453912,-1.8878288,-3800.4452
1,4,0.31216928,2,4,0.14301398,3,4,0.13419056,-3815.0275,11.787476,-1.8207629,-3801.4193
1,4,0.26698798,2,4,0.18071866,3,4,0.12777382,-3817.7235,11.509609,-4.1767732,-3802.0372
1,4,0.30969405,2,4,0.1530598,3,4,0.17624388,-3813.7106,12.779955,-0.76073589,-3800.1699
1,4,0.2889525,2,4,0.13386259,3,4,0.16102173,-3814.2592,11.676736,-1.153015,-3801.4294
1,4,0.34710753,2,4,0.16341286,3,4,0.1653764,-3815.4262,13.517936,-2.6856481,-3799.2226
1,4,0.3462327,2,4,0.14621941,3,4,0.17037606,-3815.116,13.256563,-2.3627984,-3799.4966
1,4,0.32450138,2,4,0.16334079,3,4,0.14775592,-3813.7663,12.711962,-0.80532865,-3800.2491
1,4,0.30714154,2,4,0.16426185,3,4,0.18934513,-3815.5013,13.21497,-2.8235568,-3799.4628
1,4,0.3063477,2,4,0.13874172,3,4,0.16342701,-3813.4838,12.170329,-0.45890048,-3800.8545
1,4,0.30934683,2,4,0.15635151,3,4,0.13566714,-3814.153,12.02731,-1.0575949,-3801.0681
1,4,0.31669991,2,4,0.12922694,3,4,0.14826689,-3815.1099,11.883875,-1.9001131,-3801.3259
1,4,0.32986247,2,4,0.15837362,3,4,0.1787026,-3814.8372,13.338774,-1.9923163,-3799.5061
1,4,0.29531886,2,4,0.16688812,3,4,0.15239457,-3813.4342,12.292031,-0.43945759,-3800.7028
1,4,0.29682394,2,4,0.17250885,3,4,0.1631921,-3813.9152,12.650498,-0.98283499,-3800.2819
1,4,0.30261362,2,4,0.14865906,3,4,0.14183883,-3813.7999,11.86223,-0.74451455,-3801.1932
1,4,0.32976788,2,4,0.15808343,3,4,0.18458216,-3815.3915,13.448669,-2.6398942,-3799.303
1,4,0.30017585,2,4,0.16386459,3,4,0.16182044,-3813.302,12.517218,-0.31308156,-3800.4717
1,4,0.25699121,2,4,0.12221596,3,4,0.18368033,-3819.2044,11.25775,-5.3003825,-3802.6463
1,4,0.30458765,2,4,0.1228699,3,4,0.1768138,-3815.3655,12.085427,-2.1783046,-3801.1018
1,4,0.2852038,2,4,0.13308088,3,4,0.189207,-3815.6623,12.149834,-2.6572379,-3800.8552
1,4,0.31077669,2,4,0.17499181,3,4,0.14486324,-3814.073,12.612635,-1.1386209,-3800.3218
1,4,0.29616628,2,4,0.15618994,3,4,0.17142533,-3813.4628,12.475631,-0.48197515,-3800.5052
1,4,0.30172208,2,4,0.1581826,3,4,0.15425639,-3813.0657,12.283221,-0.063894471,-3800.7186
1,4,0.24769182,2,4,0.16751657,3,4,0.17575021,-3817.9033,11.819172,-4.5329221,-3801.5512
1,4,0.31201142,2,4,0.16492341,3,4,0.14532091,-3813.5407,12.445115,-0.54563011,-3800.5499
1,4,0.28119639,2,4,0.14625255,3,4,0.15664587,-3813.8327,11.681896,-0.78202486,-3801.3688
1,4,0.32224432,2,4,0.16077011,3,4,0.16856279,-3813.8514,13.031545,-0.89220785,-3799.9276
1,4,0.31144747,2,4,0.13435424,3,4,0.16938861,-3813.9125,12.303806,-0.88231753,-3800.7264
1,4,0.29125917,2,4,0.16147766,3,4,0.1851705,-3814.8762,12.758146,-2.0695251,-3800.0485
1,4,0.30077448,2,4,0.13695518,3,4,0.1793063,-3814.1684,12.340719,-1.1834421,-3800.6442
1,4,0.29687386,2,4,0.14338787,3,4,0.17378847,-3813.6235,12.281004,-0.62778847,-3800.7147
1,4,0.31364472,2,4,0.14966691,3,4,0.15884295,-3813.1258,12.443092,-0.12631911,-3800.5564
1,4,0.31947863,2,4,0.14698913,3,4,0.16603546,-3813.4184,12.650064,-0.43529841,-3800.333
1,4,0.28665403,2,4,0.15643225,3,4,0.16568879,-3813.4748,12.175501,-0.4648483,-3800.8345
1,4,0.34366263,2,4,0.15620926,3,4,0.1619618,-3814.707,13.236674,-1.8834496,-3799.5869
1,4,0.29946345,2,4,0.13741779,3,4,0.15797234,-3813.6821,11.897071,-0.63499247,-3801.15
1,4,0.30333417,2,4,0.14555466,3,4,0.17047709,-3813.3503,12.387318,-0.35658506,-3800.6064
1,4,0.30325893,2,4,0.14248819,3,4,0.17573172,-3813.6924,12.429577,-0.71476608,-3800.548
1,4,0.28402286,2,4,0.16642206,3,4,0.15891938,-3813.7634,12.187286,-0.75590678,-3800.8202
1,4,0.35626925,2,4,0.15646426,3,4,0.15183387,-3815.7415,13.291348,-3.1154289,-3799.3347
1,4,0.28189104,2,4,0.13078981,3,4,0.16879014,-3814.9551,11.62942,-1.7614359,-3801.5643
1,4,0.31632183,2,4,0.14074855,3,4,0.15056996,-3813.7543,12.152807,-0.71737213,-3800.8841
1,4,0.25777429,2,4,0.13848332,3,4,0.17228925,-3816.5937,11.370937,-3.1494775,-3802.0733
1,4,0.31223683,2,4,0.16703007,3,4,0.18198814,-3814.9844,13.225101,-2.181373,-3799.5779
1,4,0.34061003,2,4,0.14960396,3,4,0.15642073,-3814.3724,12.932694,-1.4960007,-3799.9437
1,4,0.3389756,2,4,0.12311482,3,4,0.14502135,-3817.2653,12.142235,-3.9084871,-3801.2146
1,4,0.31619697,2,4,0.18282812,3,4,0.15743992,-3814.9233,13.1293,-2.1524721,-3799.6415
1,4,0.29324987,2,4,0.18585384,3,4,0.14072026,-3815.2674,12.396479,-2.3875806,-3800.4834
1,4,0.30985587,2,4,0.16380608,3,4,0.15534401,-3813.2576,12.580119,-0.26672583,-3800.4108
1,4,0.30875976,2,4,0.14191306,3,4,0.15089025,-3813.5571,12.031261,-0.52588884,-3801
1,4,0.33266773,2,4,0.15533576,3,4,0.16906525,-3814.2037,13.141375,-1.292137,-3799.7701
1,4,0.35699799,2,4,0.12564108,3,4,0.15573919,-3817.3915,12.767565,-4.544463,-3800.0794
1,4,0.29356278,2,4,0.15575698,3,4,0.16132512,-3813.1545,12.212898,-0.15053024,-3800.7911
1,4,0.31890538,2,4,0.14729701,3,4,0.17441603,-3813.765,12.812369,-0.81680413,-3800.1358
1,4,0.3168961,2,4,0.16648995,3,4,0.18164442,-3815.0494,13.300609,-2.2425039,-3799.5063
1,4,0.23268442,2,4,0.15428752,3,4,0.15668104,-3820.0425,10.87306,-5.7376602,-3803.4318
1,4,0.30392232,2,4,0.16988366,3,4,0.1638663,-3813.7277,12.753445,-0.77640379,-3800.1978
1,4,0.325098,2,4,0.15643709,3,4,0.13865034,-3814.2299,12.403709,-1.2065273,-3800.6197
1,4,0.30008433,2,4,0.14568009,3,4,0.18557635,-3814.3976,12.626816,-1.5226329,-3800.2481
1,4,0.34634456,2,4,0.13551526,3,4,0.15911941,-3815.3627,12.819584,-2.5137213,-3800.0294
1,4,0.29118228,2,4,0.14106538,3,4,0.15377499,-3813.7441,11.720453,-0.70503407,-3801.3186
1,4,0.31453508,2,4,0.15642012,3,4,0.12914107,-3815.0281,12.001926,-1.824351,-3801.2018
1,4,0.25849705,2,4,0.17522351,3,4,0.13725878,-3817.2278,11.419587,-3.7192423,-3802.089
1,4,0.29330212,2,4,0.17095343,3,4,0.17448343,-3814.503,12.77478,-1.6372968,-3800.0909
1,4,0.30138425,2,4,0.17348571,3,4,0.16127164,-3813.9005,12.722832,-0.97243287,-3800.2052
1,4,0.29206315,2,4,0.15595986,3,4,0.15405984,-3813.2109,12.041657,-0.20219,-3800.967
1,4,0.32308036,2,4,0.13533682,3,4,0.17080142,-3814.1538,12.584372,-1.1774457,-3800.392
1,4,0.29671695,2,4,0.17859502,3,4,0.14996306,-3814.2329,12.5055,-1.3196107,-3800.4078
1,4,0.3191573,2,4,0.15864713,3,4,0.13689853,-3814.1731,12.294059,-1.1221971,-3800.7569
1,4,0.28038256,2,4,0.17264278,3,4,0.15133632,-3814.3176,12.087233,-1.2942653,-3800.9361
1,4,0.35186952,2,4,0.14951472,3,4,0.16697742,-3815.4532,13.367233,-2.7695095,-3799.3165
1,4,0.30943762,2,4,0.16391528,3,4,0.13854842,-3813.8989,12.238027,-0.85935942,-3800.8015
1,4,0.31311835,2,4,0.15146271,3,4,0.15637393,-3813.105,12.4191,-0.10493398,-3800.581
1,4,0.30243655,2,4,0.17159938,3,4,0.16017499,-3813.7205,12.684218,-0.77202249,-3800.2643
1,4,0.30360606,2,4,0.14535107,3,4,0.13974938,-3814.1742,11.77413,-1.0806081,-3801.3195
1,4,0.32901341,2,4,0.14970201,3,4,0.15220178,-3813.7468,12.618344,-0.77873855,-3800.3497
1,4,0.29274274,2,4,0.1285981,3,4,0.12631533,-3818.7179,10.953123,-4.8846984,-3802.8801
1,4,0.25031606,2,4,0.15974373,3,4,0.1567615,-3816.7625,11.336426,-3.2464651,-3802.1796
1,4,0.34220582,2,4,0.13353116,3,4,0.12368618,-3819.1642,11.988463,-5.463187,-3801.7126
1,4,0.30631705,2,4,0.14575856,3,4,0.15561973,-3813.1829,12.153907,-0.17532335,-3800.8537
1,4,0.28997164,2,4,0.18257331,3,4,0.14013889,-3815.0801,12.253677,-2.1211682,-3800.7052
1,4,0.32153432,2,4,0.13851346,3,4,0.15609132,-3813.8389,12.322782,-0.81683551,-3800.6993
1,4,0.27447411,2,4,0.14932857,3,4,0.16660254,-3814.2048,11.808104,-1.1166816,-3801.28
1,4,0.32961652,2,4,0.1577518,3,4,0.17144441,-3814.2465,13.176255,-1.3300624,-3799.7402
1,4,0.3040073,2,4,0.15478788,3,4,0.17089304,-3813.3587,12.593764,-0.37546055,-3800.3895
1,4,0.30927975,2,4,0.1519658,3,4,0.13855899,-3813.9651,11.996091,-0.89048146,-3801.0785
1,4,0.28809383,2,4,0.15722676,3,4,0.13890799,-3814.1914,11.684572,-1.0937609,-3801.4131
1,4,0.32969172,2,4,0.1324749,3,4,0.16700973,-3814.5598,12.583527,-1.5784373,-3800.3979
1,4,0.30566635,2,4,0.15533001,3,4,0.14724339,-3813.2563,12.164795,-0.24437457,-3800.8471
1,4,0.27909888,2,4,0.14656763,3,4,0.13485227,-3815.6193,11.210376,-2.3760874,-3802.0328
1,4,0.32988604,2,4,0.15378476,3,4,0.17006738,-3814.0575,13.074764,-1.1313331,-3799.8514
1,4,0.27746831,2,4,0.18176269,3,4,0.12567479,-3817.1593,11.698116,-3.749451,-3801.7117
1,4,0.3016629,2,4,0.14327302,3,4,0.1613724,-3813.2443,12.126167,-0.23283225,-3800.8853
1,4,0.29737507,2,4,0.17950221,3,4,0.12838282,-3815.6854,12.105202,-2.5526284,-3801.0276
1,4,0.26687001,2,4,0.16688068,3,4,0.15409319,-3814.9745,11.756878,-1.8130374,-3801.4046
1,4,0.31292245,2,4,0.17269081,3,4,0.13101063,-3814.9432,12.332478,-1.8832823,-3800.7274
1,4,0.32472515,2,4,0.1678124,3,4,0.1477988,-3813.9609,12.806727,-1.0244668,-3800.1297
1,4,0.24006898,2,4,0.15006281,3,4,0.1747118,-3818.8655,11.296872,-4.9853052,-3802.5834
1,4,0.29659588,2,4,0.16262491,3,4,0.14421168,-3813.5488,12.068649,-0.52217291,-3800.958
1,4,0.31622995,2,4,0.16416002,3,4,0.15879206,-3813.4447,12.783641,-0.46317651,-3800.1979
1,4,0.32664624,2,4,0.16408981,3,4,0.15917395,-3813.8554,12.9982,-0.90688461,-3799.9503
1,4,0.29141146,2,4,0.15557665,3,4,0.16082693,-3813.2025,12.156301,-0.19579936,-3800.8504
1,4,0.31375122,2,4,0.14332929,3,4,0.19034481,-3814.9987,12.948506,-2.2462075,-3799.804
1,4,0.29514677,2,4,0.1588787,3,4,0.16594123,-3813.2989,12.399334,-0.30482954,-3800.5948
1,4,0.28869557,2,4,0.13408101,3,4,0.15325004,-3814.5072,11.520532,-1.3887737,-3801.5979
1,4,0.29424122,2,4,0.15513526,3,4,0.17094023,-3813.4482,12.406334,-0.46201011,-3800.5799
1,4,0.27034288,2,4,0.19015752,3,4,0.15136987,-3816.6379,12.237405,-3.7706879,-3800.6298
1,4,0.30197686,2,4,0.12639285,3,4,0.191775,-3815.9583,12.402894,-3.0248891,-3800.5305
1,4,0.30793535,2,4,0.14620615,3,4,0.1674689,-3813.2417,12.432208,-0.24503045,-3800.5645
1,4,0.29751558,2,4,0.16189459,3,4,0.14588004,-3813.4295,12.105804,-0.41121056,-3800.9124
1,4,0.31062516,2,4,0.16385134,3,4,0.13438191,-3814.291,12.177168,-1.2095601,-3800.9042
1,4,0.29292379,2,4,0.16811143,3,4,0.1605475,-3813.5903,12.431654,-0.61339383,-3800.5452
1,4,0.32237611,2,4,0.16328991,3,4,0.15705373,-3813.592,12.854395,-0.62270056,-3800.1149
1,4,0.29742513,2,4,0.16201171,3,4,0.1685091,-3813.4934,12.558919,-0.5161011,-3800.4183
1,4,0.31262652,2,4,0.16540742,3,4,0.13968718,-3813.888,12.354422,-0.87049077,-3800.6631
1,4,0.29252963,2,4,0.15711003,3,4,0.1776832,-3813.9691,12.546457,-1.0312687,-3800.3914
1,4,0.27995576,2,4,0.17543536,3,4,0.14813371,-3814.6069,12.070496,-1.5794327,-3800.957
1,4,0.34236693,2,4,0.11961615,3,4,0.16102144,-3816.944,12.46009,-3.7888554,-3800.6951
1,4,0.30900667,2,4,0.1622027,3,4,0.15817304,-3813.2001,12.587648,-0.20541607,-3800.4071
1,4,0.2777679,2,4,0.15160754,3,4,0.1677959,-3813.9783,11.943427,-0.92370765,-3801.1112
1,4,0.3227164,2,4,0.15137163,3,4,0.14000117,-3814.128,12.281784,-1.0852887,-3800.7609
1,4,0.3156693,2,4,0.16324997,3,4,0.15279027,-3813.3639,12.634191,-0.37828041,-3800.3514
1,4,0.27454788,2,4,0.15000412,3,4,0.15170369,-3814.2968,11.525114,-1.1992407,-3801.5724
1,4,0.31628636,2,4,0.12188376,3,4,0.18266028,-3815.8095,12.416608,-2.7472991,-3800.6456
1,4,0.28986097,2,4,0.1615734,3,4,0.17857647,-3814.2872,12.600217,-1.3802129,-3800.3067
1,4,0.3039781,2,4,0.18073632,3,4,0.15469823,-3814.4106,12.788253,-1.5606207,-3800.0618
1,4,0.27773936,2,4,0.1600742,3,4,0.16127904,-3813.8995,11.981852,-0.85125375,-3801.0664
1,4,0.29146199,2,4,0.18593794,3,4,0.14248183,-3815.2434,12.397635,-2.3716991,-3800.4741
1,4,0.30940266,2,4,0.14035425,3,4,0.15717605,-3813.4449,12.138659,-0.42145884,-3800.8848
1,4,0.31295539,2,4,0.14920163,3,4,0.15079254,-3813.272,12.258991,-0.26455767,-3800.7485
1,4,0.31224399,2,4,0.15493422,3,4,0.17807083,-3813.9437,12.904981,-1.0168535,-3800.0219
1,4,0.28252706,2,4,0.1457483,3,4,0.15802428,-3813.7538,11.725993,-0.70890452,-3801.3189
1,4,0.28362573,2,4,0.15413759,3,4,0.15130205,-3813.6323,11.781307,-0.59626526,-3801.2548
1,4,0.31810684,2,4,0.16387966,3,4,0.14726535,-3813.5709,12.585037,-0.58939632,-3800.3965
1,4,0.296207,2,4,0.15070974,3,4,0.15440912,-3813.1496,12.026517,-0.14492315,-3800.9782
1,4,0.30077128,2,4,0.14020799,3,4,0.17719601,-3813.8774,12.363506,-0.89539537,-3800.6185
1,4,0.30943042,2,4,0.16800715,3,4,0.15797974,-3813.4886,12.708346,-0.51579418,-3800.2645
1,4,0.30448093,2,4,0.15183552,3,4,0.14452032,-3813.4694,12.016735,-0.44177549,-3801.0109
1,4,0.29681119,2,4,0.15584723,3,4,0.15954197,-3813.0739,12.244008,-0.071414335,-3800.7584
1,4,0.29585382,2,4,0.1760297,3,4,0.15061576,-3814.0246,12.449986,-1.0832563,-3800.4913
1,4,0.27287464,2,4,0.14452704,3,4,0.14726909,-3814.9621,11.293415,-1.8117095,-3801.857
1,4,0.2717314,2,4,0.16623437,3,4,0.14645773,-3814.7705,11.68847,-1.6202827,-3801.4618
1,4,0.32251729,2,4,0.13829679,3,4,0.17080985,-3813.9603,12.632479,-0.99380255,-3800.334
1,4,0.30189464,2,4,0.13617324,3,4,0.15945354,-3813.7247,11.950428,-0.6715295,-3801.1028
1,4,0.29378963,2,4,0.16028071,3,4,0.16126491,-3813.2379,12.306705,-0.23802117,-3800.6932
1,4,0.30399389,2,4,0.15498168,3,4,0.17000502,-3813.3169,12.579612,-0.33035382,-3800.4069
1,4,0.28793794,2,4,0.16863576,3,4,0.13799786,-3814.4226,11.891431,-1.3236407,-3801.2075
1,4,0.2603532,2,4,0.15014263,3,4,0.13648952,-3817.0185,10.939707,-3.5437525,-3802.535
1,4,0.29165521,2,4,0.1511134,3,4,0.17452687,-3813.6676,12.34591,-0.68639469,-3800.6353
1,4,0.29784492,2,4,0.11906069,3,4,0.16223634,-3816.0699,11.582839,-2.6351221,-3801.8519
1,4,0.31482497,2,4,0.14619627,3,4,0.16076051,-3813.2272,12.435635,-0.22788245,-3800.5637
1,4,0.31896524,2,4,0.15527433,3,4,0.16604845,-3813.4253,12.80576,-0.44088583,-3800.1787
1,4,0.34698456,2,4,0.15362564,3,4,0.13380746,-3816.048,12.688353,-3.134358,-3800.2253
1,4,0.2952745,2,4,0.13216917,3,4,0.14967241,-3814.7142,11.542322,-1.5626741,-3801.6092
1,4,0.27579682,2,4,0.13805746,3,4,0.15698218,-3814.7384,11.416729,-1.5955166,-3801.7261
1,4,0.30229476,2,4,0.14215265,3,4,0.17007738,-3813.4465,12.290496,-0.44298772,-3800.713
1,4,0.30199971,2,4,0.12505854,3,4,0.15088233,-3815.5178,11.558812,-2.2157423,-3801.7432
1,4,0.27007979,2,4,0.15358034,3,4,0.16328176,-3814.4384,11.738838,-1.3159328,-3801.3836
1,4,0.29472356,2,4,0.14177016,3,4,0.14967089,-3813.7802,11.723292,-0.73941307,-3801.3175
1,4,0.30785939,2,4,0.14398924,3,4,0.16293632,-3813.2166,12.295699,-0.21083518,-3800.7101
1,4,0.28635278,2,4,0.13727873,3,4,0.16288673,-3814.0458,11.730365,-0.96740367,-3801.348
1,4,0.30247065,2,4,0.15543719,3,4,0.17522405,-3813.6357,12.662638,-0.67767107,-3800.2954
1,4,0.31537375,2,4,0.18557466,3,4,0.11363815,-3818.3654,12.291731,-5.0344271,-3801.0393
1,4,0.32473817,2,4,0.13187162,3,4,0.13473042,-3816.5139,11.826804,-3.118844,-3801.5682
1,4,0.27857487,2,4,0.16674497,3,4,0.12715991,-3816.2191,11.449595,-2.8049987,-3801.9645
1,4,0.24886823,2,4,0.18274307,3,4,0.13724924,-3819.1159,11.377211,-5.3419905,-3802.3967
1,4,0.32510599,2,4,0.15832599,3,4,0.14612746,-3813.7453,12.591189,-0.76753246,-3800.3866
1,4,0.26649109,2,4,0.14647869,3,4,0.1554565,-3815.034,11.368526,-1.8370566,-3801.8284
1,4,0.30176802,2,4,0.17064686,3,4,0.15063438,-3813.5911,12.460985,-0.61792817,-3800.5122
1,4,0.2946732,2,4,0.18336968,3,4,0.16074704,-3814.891,12.775799,-2.1062019,-3800.009
1,4,0.3048555,2,4,0.13948015,3,4,0.15561465,-3813.534,11.999006,-0.50107868,-3801.0339
1,4,0.29862246,2,4,0.18609887,3,4,0.13807107,-3815.3348,12.455848,-2.4642355,-3800.4147
1,4,0.28086438,2,4,0.16245297,3,4,0.16304013,-3813.8229,12.12715,-0.80082447,-3800.895
1,4,0.29918199,2,4,0.17064679,3,4,0.15056458,-3813.6083,12.407867,-0.63150942,-3800.5689
1,4,0.27819605,2,4,0.16135608,3,4,0.12601224,-3816.4355,11.311287,-2.9719101,-3802.1523
1,4,0.2873224,2,4,0.17828601,3,4,0.16445051,-3814.675,12.601178,-1.8127849,-3800.2611
1,4,0.27757741,2,4,0.13087467,3,4,0.1802358,-3815.6512,11.773757,-2.4427257,-3801.4348
1,4,0.30184394,2,4,0.16090829,3,4,0.16645435,-3813.3277,12.584132,-0.3400279,-3800.4036
1,4,0.29508185,2,4,0.15213803,3,4,0.1460513,-3813.4904,11.865424,-0.46539822,-3801.1595
1,4,0.28280134,2,4,0.15737854,3,4,0.17513515,-3814.123,12.306301,-1.1440292,-3800.6727
1,4,0.28060916,2,4,0.14382766,3,4,0.1390855,-3815.1892,11.270446,-2.0173335,-3801.9014
1,4,0.33290143,2,4,0.14547698,3,4,0.15270728,-3814.056,12.621714,-1.0994839,-3800.3348
1,4,0.30883436,2,4,0.14730663,3,4,0.13786222,-3814.2455,11.880064,-1.1398829,-3801.2256
1,4,0.3244682,2,4,0.17974882,3,4,0.13932793,-3815.0626,12.870899,-2.2444528,-3799.9472
1,4,0.29558428,2,4,0.14321363,3,4,0.18933359,-3814.8591,12.56263,-2.0203144,-3800.2761
1,4,0.31422249,2,4,0.16784143,3,4,0.14904803,-3813.5869,12.622239,-0.61524323,-3800.3494
1,4,0.29114105,2,4,0.15610357,3,4,0.20124212,-3816.6634,12.969735,-4.2558738,-3799.4378
1,4,0.30286116,2,4,0.17021091,3,4,0.17003702,-3814.0738,12.862182,-1.1574857,-3800.0541
1,4,0.31287563,2,4,0.18137131,3,4,0.14753282,-3814.5865,12.835595,-1.7525332,-3799.9983
1,4,0.30133256,2,4,0.13423195,3,4,0.17273982,-3814.0199,12.166087,-0.97683193,-3800.877
1,4,0.285275,2,4,0.17314303,3,4,0.15616448,-3814.0915,12.29165,-1.1172162,-3800.6826
1,4,0.32743794,2,4,0.14403733,3,4,0.15346095,-3813.8196,12.498724,-0.83357119,-3800.4873
1,4,0.28157656,2,4,0.17251109,3,4,0.16927145,-3814.6324,12.467182,-1.7165049,-3800.4487
1,4,0.3230421,2,4,0.14063808,3,4,0.15732106,-3813.7252,12.420025,-0.72220777,-3800.5829
1,4,0.26041568,2,4,0.15679224,3,4,0.17475399,-3815.8307,11.839238,-2.6282958,-3801.3631
1,4,0.30044605,2,4,0.16606784,3,4,0.13965583,-3813.8772,12.123394,-0.83439285,-3800.9194
1,4,0.30618413,2,4,0.13576248,3,4,0.15728057,-3813.785,11.984544,-0.72684435,-3801.0736
1,4,0.36263128,2,4,0.13430934,3,4,0.15508632,-3817.0136,13.040539,-4.4188734,-3799.5542
1,4,0.28659341,2,4,0.16847456,3,4,0.14147906,-3814.2068,11.930941,-1.1373341,-3801.1386
1,4,0.33037747,2,4,0.13796842,3,4,0.15366763,-3814.3162,12.44027,-1.311245,-3800.5647
1,4,0.27047961,2,4,0.12909187,3,4,0.17760771,-3816.3093,11.543584,-2.9496055,-3801.8162
1,4,0.30427341,2,4,0.18038226,3,4,0.15124667,-3814.3538,12.718047,-1.4877309,-3800.148
1,4,0.28599152,2,4,0.1658442,3,4,0.18562248,-3815.3405,12.749164,-2.5846343,-3800.0067
1,4,0.31089964,2,4,0.15493978,3,4,0.15696505,-3813.0592,12.456089,-0.058562833,-3800.5446
1,4,0.27406558,2,4,0.15143684,3,4,0.15386049,-3814.2154,11.587258,-1.1200451,-3801.5081
1,4,0.30651256,2,4,0.15372342,3,4,0.17542792,-3813.6282,12.713278,-0.67031978,-3800.2446
1,4,0.30522982,2,4,0.1428419,3,4,0.18476026,-3814.3477,12.65664,-1.4637569,-3800.2273
1,4,0.32928345,2,4,0.15072044,3,4,0.16324957,-3813.7318,12.865069,-0.77993985,-3800.0868
1,4,0.32962804,2,4,0.16195536,3,4,0.13374355,-3814.8854,12.506539,-1.8695542,-3800.5093
1,4,0.30467327,2,4,0.13608618,3,4,0.16640278,-3813.6977,12.143245,-0.65874209,-3800.8957
1,4,0.27304968,2,4,0.14612685,3,4,0.19930602,-3817.0451,12.369651,-4.3158213,-3800.3596
1,4,0.29220291,2,4,0.17636349,3,4,0.14576505,-3814.2401,12.286629,-1.2686639,-3800.6848
1,4,0.29005524,2,4,0.15328163,3,4,0.15888383,-3813.2305,12.044414,-0.22046162,-3800.9657
1,4,0.3037675,2,4,0.15200836,3,4,0.16806661,-3813.1949,12.47685,-0.2004978,-3800.5175
1,4,0.31234478,2,4,0.13790324,3,4,0.16473128,-3813.5929,12.299586,-0.57321948,-3800.7201
1,4,0.35188369,2,4,0.14186776,3,4,0.14223229,-3816.1887,12.719675,-3.3302562,-3800.1388
1,4,0.29015877,2,4,0.17521256,3,4,0.17830634,-3815.2764,12.873554,-2.5293177,-3799.8735
1,4,0.30301423,2,4,0.13313978,3,4,0.17330875,-3814.1134,12.189255,-1.0670655,-3800.857
1,4,0.31810475,2,4,0.13780506,3,4,0.18147681,-3814.428,12.747732,-1.531971,-3800.1483
1,4,0.29800687,2,4,0.16236944,3,4,0.18179608,-3814.4915,12.843448,-1.638183,-3800.0099
1,4,0.33277349,2,4,0.16541878,3,4,0.16169817,-3814.3374,13.197809,-1.4357302,-3799.7039
1,4,0.31508501,2,4,0.1550219,3,4,0.15060558,-3813.239,12.41425,-0.23894062,-3800.5858
1,4,0.29474179,2,4,0.15645009,3,4,0.14226178,-3813.6853,11.869073,-0.63909965,-3801.1771
1,4,0.29847838,2,4,0.16347999,3,4,0.17046654,-3813.6621,12.648498,-0.70066081,-3800.313
1,4,0.35224841,2,4,0.14925697,3,4,0.16379917,-3815.3844,13.306091,-2.6916001,-3799.3867
1,4,0.29089891,2,4,0.14153393,3,4,0.19259402,-3815.3614,12.500537,-2.5533187,-3800.3076
1,4,0.30546644,2,4,0.14520998,3,4,0.14949045,-3813.4277,12.003337,-0.40625156,-3801.0181
1,4,0.30214671,2,4,0.142039,3,4,0.16580517,-3813.3387,12.199817,-0.32695657,-3800.8119
1,4,0.30251151,2,4,0.1378359,3,4,0.16465586,-3813.5645,12.100065,-0.5318357,-3800.9326
1,4,0.329989,2,4,0.15099937,3,4,0.1481264,-3813.9154,12.582295,-0.94538333,-3800.3877
1,4,0.30633203,2,4,0.14715193,3,4,0.15018701,-3813.3058,12.073419,-0.2920313,-3800.9403
1,4,0.27233143,2,4,0.16152329,3,4,0.1644266,-3814.3781,11.965626,-1.3019273,-3801.1106
1,4,0.28330878,2,4,0.14717185,3,4,0.14553596,-3814.1891,11.520332,-1.1191599,-3801.5496
1,4,0.32750234,2,4,0.12823356,3,4,0.18302433,-3815.4699,12.775205,-2.6058749,-3800.0888
1,4,0.36352584,2,4,0.16073099,3,4,0.14752532,-3816.6528,13.435643,-4.2221625,-3798.995
1,4,0.24831619,2,4,0.14020931,3,4,0.14386724,-3818.7366,10.647855,-4.9596933,-3803.1291
1,4,0.25825497,2,4,0.12681424,3,4,0.155688,-3818.1173,10.815144,-4.4302706,-3802.8719
1,4,0.28414571,2,4,0.14652158,3,4,0.18284344,-3814.5676,12.270215,-1.6084958,-3800.6889
1,4,0.28887221,2,4,0.15440712,3,4,0.15862335,-3813.2686,12.038054,-0.25650164,-3800.9741
1,4,0.34028126,2,4,0.11753748,3,4,0.14370129,-3818.6097,12.0304,-4.9866562,-3801.5926
1,4,0.31328598,2,4,0.15948282,3,4,0.16227841,-3813.258,12.700944,-0.26326382,-3800.2938
1,4,0.30271484,2,4,0.15474381,3,4,0.18375184,-3814.3287,12.82421,-1.4634952,-3800.041
1,4,0.2740104,2,4,0.18751243,3,4,0.14328321,-3816.2608,12.096121,-3.2726451,-3800.892
1,4,0.25998221,2,4,0.13827603,3,4,0.16172273,-3816.2137,11.199619,-2.8268835,-3802.1872
1,4,0.29611976,2,4,0.17157193,3,4,0.16254485,-3813.8271,12.604731,-0.8830715,-3800.3393
1,4,0.31433967,2,4,0.16912136,3,4,0.14331045,-3813.8485,12.53543,-0.87284057,-3800.4402
1,4,0.31714907,2,4,0.14874154,3,4,0.1640158,-3813.2761,12.598128,-0.28464566,-3800.3933
1,4,0.3014825,2,4,0.15604124,3,4,0.14758201,-3813.2508,12.102115,-0.23864323,-3800.91
1,4,0.30115544,2,4,0.16521291,3,4,0.14252875,-3813.65,12.177942,-0.62665036,-3800.8454
1,4,0.30268945,2,4,0.15797524,3,4,0.14866126,-3813.2013,12.186519,-0.19329369,-3800.8215
1,4,0.29541667,2,4,0.17776295,3,4,0.1501707,-3814.1788,12.467006,-1.2531554,-3800.4586
1,4,0.26735828,2,4,0.17281508,3,4,0.15048733,-3815.3087,11.813214,-2.1527225,-3801.3428
1,4,0.34260201,2,4,0.13714368,3,4,0.14960668,-3815.3029,12.587048,-2.3523078,-3800.3635
1,4,0.29132393,2,4,0.17355505,3,4,0.17000374,-3814.4397,12.697654,-1.5606249,-3800.1814
1,4,0.31279917,2,4,0.15486242,3,4,0.14534715,-3813.4223,12.260175,-0.40719635,-3800.755
1,4,0.28581014,2,4,0.15454106,3,4,0.14766728,-3813.6816,11.76037,-0.6427532,-3801.2785
1,4,0.31014647,2,4,0.14737562,3,4,0.18209612,-3814.1181,12.792364,-1.2215142,-3800.1043
1,4,0.29704577,2,4,0.14690963,3,4,0.16581652,-3813.228,12.195438,-0.22285699,-3800.8097
1,4,0.33436615,2,4,0.15601515,3,4,0.15552895,-3813.9785,12.918205,-1.0554409,-3800.0049
1,4,0.33313263,2,4,0.13679603,3,4,0.17266992,-3814.592,12.851972,-1.7013847,-3800.0386
1,4,0.2598059,2,4,0.16923462,3,4,0.13556571,-3816.9826,11.292125,-3.4619261,-3802.2286
1,4,0.28792478,2,4,0.14508289,3,4,0.1556917,-3813.5682,11.773987,-0.54154634,-3801.2526
1,4,0.2690428,2,4,0.15711838,3,4,0.16138684,-3814.5112,11.75096,-1.3817494,-3801.3785
1,4,0.29046598,2,4,0.16670437,3,4,0.17082366,-3813.9965,12.55988,-1.054512,-3800.3821
1,4,0.32698628,2,4,0.14201278,3,4,0.16119765,-3813.7827,12.603934,-0.80856715,-3800.3702
1,4,0.31654662,2,4,0.16509231,3,4,0.14642226,-3813.5994,12.561224,-0.61719024,-3800.421
1,4,0.2846031,2,4,0.16093397,3,4,0.18891455,-3815.4584,12.689032,-2.712443,-3800.0569
1,4,0.30915083,2,4,0.11460007,3,4,0.19843512,-3818.0581,12.443721,-5.0669917,-3800.5474
1,4,0.320657,2,4,0.16672964,3,4,0.15682713,-3813.6948,12.884275,-0.73507607,-3800.0754
1,4,0.3525889,2,4,0.12222172,3,4,0.18252598,-3817.5939,13.146732,-5.0519535,-3799.3952
1,4,0.33972915,2,4,0.17060714,3,4,0.16040355,-3815.1172,13.414797,-2.323973,-3799.3784
1,4,0.31584013,2,4,0.14392521,3,4,0.13824227,-3814.5047,11.960152,-1.3818544,-3801.1627
1,4,0.27791743,2,4,0.155281,3,4,0.17722719,-3814.4806,12.208512,-1.4842068,-3800.7879
1,4,0.30753678,2,4,0.14252904,3,4,0.16934966,-3813.4075,12.38831,-0.40916684,-3800.61
1,4,0.30573137,2,4,0.13858325,3,4,0.16399582,-3813.4967,12.166209,-0.47121742,-3800.8593
1,4,0.37841651,2,4,0.15011873,3,4,0.15689286,-3818.1411,13.708562,-6.1529455,-3798.2796
1,4,0.29368696,2,4,0.12405131,3,4,0.17501572,-3815.3791,11.85508,-2.1415285,-3801.3825
1,4,0.27348911,2,4,0.12597035,3,4,0.18526956,-3816.8659,11.69458,-3.5140927,-3801.6572
1,4,0.31236838,2,4,0.15474977,3,4,0.1612928,-3813.1141,12.568219,-0.1147392,-3800.4311
1,4,0.32155967,2,4,0.1480843,3,4,0.17897354,-3814.1711,12.97235,-1.2731474,-3799.9256
1,4,0.29841176,2,4,0.13206731,3,4,0.18196105,-3814.712,12.248802,-1.6959676,-3800.7673
1,4,0.30547638,2,4,0.1832751,3,4,0.1362242,-3815.1436,12.499514,-2.2431903,-3800.4009
1,4,0.33532493,2,4,0.147423,3,4,0.16424186,-3814.1148,12.939796,-1.2061696,-3799.9688
1,4,0.31055487,2,4,0.14774193,3,4,0.14007526,-3814.0061,11.967441,-0.93087455,-3801.1077
1,4,0.27604399,2,4,0.13699123,3,4,0.14197554,-3815.871,11.100215,-2.6303495,-3802.1404
1,4,0.31346361,2,4,0.17884517,3,4,0.15749668,-3814.4266,12.996109,-1.5728797,-3799.8576
1,4,0.26140928,2,4,0.16319588,3,4,0.16379353,-3815.4252,11.767974,-2.2150903,-3801.4422
1,4,0.29765014,2,4,0.12924278,3,4,0.15115182,-3814.9389,11.560895,-1.7426761,-3801.6354
1,4,0.32077583,2,4,0.18165067,3,4,0.15244519,-3814.8496,13.097434,-2.0648375,-3799.6873
1,4,0.30426537,2,4,0.16607395,3,4,0.1662132,-3813.5811,12.73105,-0.61271885,-3800.2373
1,4,0.28893368,2,4,0.15918306,3,4,0.13243407,-3814.86,11.611016,-1.6626976,-3801.5863
1,4,0.30350799,2,4,0.15712174,3,4,0.16686596,-3813.2226,12.549914,-0.22911851,-3800.4436
1,4,0.32687139,2,4,0.15490893,3,4,0.15281992,-3813.5931,12.692005,-0.62382735,-3800.2772
1,4,0.31192108,2,4,0.1680149,3,4,0.17255271,-3814.2104,13.049774,-1.2955716,-3799.8651
1,4,0.30000245,2,4,0.16519703,3,4,0.16493619,-3813.4724,12.602713,-0.49551845,-3800.3742
1,4,0.32932861,2,4,0.14028883,3,4,0.1571052,-3814.0133,12.534453,-1.03198,-3800.4468
1,4,0.30836687,2,4,0.128691,3,4,0.17389139,-3814.5397,12.218985,-1.4607163,-3800.86
1,4,0.30603417,2,4,0.1598677,3,4,0.15777839,-3813.0925,12.473605,-0.093115856,-3800.5257
1,4,0.30158992,2,4,0.17786305,3,4,0.1386136,-3814.5521,12.361331,-1.5800901,-3800.6106
1,4,0.31681018,2,4,0.13728256,3,4,0.17871542,-3814.2295,12.656163,-1.2949829,-3800.2784
1,4,0.29476731,2,4,0.14850429,3,4,0.15974233,-3813.1675,12.060279,-0.16100275,-3800.9462
1,4,0.29725004,2,4,0.17109849,3,4,0.13818588,-3814.2296,12.130688,-1.183501,-3800.9154
1,4,0.27721176,2,4,0.14664424,3,4,0.16408178,-3814.0386,11.758756,-0.96254866,-3801.3173
1,4,0.26672247,2,4,0.15932166,3,4,0.18026192,-3815.6491,12.126121,-2.6162217,-3800.9067
1,4,0.3210529,2,4,0.13977302,3,4,0.17314424,-3813.9368,12.679403,-0.98189229,-3800.2755
1,4,0.29621129,2,4,0.13145932,3,4,0.15287969,-3814.571,11.611006,-1.4276807,-3801.5323
1,4,0.29455543,2,4,0.15504581,3,4,0.13276766,-3814.6976,11.647378,-1.5214083,-3801.5288
1,4,0.30407971,2,4,0.15081757,3,4,0.15733852,-3813.0235,12.244716,-0.021563602,-3800.7572
1,4,0.29084264,2,4,0.15767272,3,4,0.16867354,-3813.4732,12.343778,-0.48054952,-3800.6488
1,4,0.32352352,2,4,0.17498879,3,4,0.17620281,-3815.5796,13.494302,-2.8242877,-3799.261
1,4,0.32406469,2,4,0.15510984,3,4,0.16237612,-3813.5043,12.831013,-0.52843778,-3800.1448
1,4,0.30782267,2,4,0.14876224,3,4,0.16049736,-3813.0652,12.341645,-0.063272202,-3800.6602
1,4,0.2770563,2,4,0.17015446,3,4,0.12816809,-3816.2485,11.507577,-2.8516846,-3801.8892
1,4,0.31686785,2,4,0.15178282,3,4,0.17837324,-3814.0096,12.940478,-1.0907816,-3799.9783
1,4,0.31097832,2,4,0.15932351,3,4,0.17712273,-3814.0102,12.948491,-1.0845057,-3799.9772
1,4,0.31285591,2,4,0.16235831,3,4,0.12444649,-3815.6347,11.993214,-2.3425999,-3801.2988
1,4,0.30327096,2,4,0.14690507,3,4,0.14116771,-3813.9436,11.826875,-0.87473131,-3801.242
1,4,0.27945078,2,4,0.16674132,3,4,0.13806933,-3814.8093,11.685229,-1.6481985,-3801.4759
1,4,0.30780818,2,4,0.15555332,3,4,0.18258873,-3814.2832,12.919005,-1.4085019,-3799.9557
1,4,0.3096228,2,4,0.15095388,3,4,0.1495404,-3813.2347,12.202342,-0.22580293,-3800.8065
1,4,0.32881525,2,4,0.16266303,3,4,0.14764331,-3813.947,12.782432,-1.0048677,-3800.1597
1,4,0.29514506,2,4,0.15558761,3,4,0.15755465,-3813.0975,12.165747,-0.093677589,-3800.838
1,4,0.29965803,2,4,0.14239653,3,4,0.15103176,-3813.5603,11.861726,-0.5315907,-3801.167
1,4,0.3015541,2,4,0.13731044,3,4,0.15015193,-3813.986,11.780329,-0.91533942,-3801.2903
1,4,0.28405428,2,4,0.15522035,3,4,0.1634585,-3813.5168,12.054663,-0.49447684,-3800.9677
1,4,0.30910464,2,4,0.13715046,3,4,0.18577709,-3814.6382,12.640644,-1.7584804,-3800.2391
1,4,0.30291257,2,4,0.16841755,3,4,0.16448091,-3813.6473,12.716221,-0.68719777,-3800.2438
1,4,0.31958837,2,4,0.13837648,3,4,0.17884709,-3814.265,12.736239,-1.3477438,-3800.181
1,4,0.33294028,2,4,0.12421714,3,4,0.17225254,-3815.6611,12.588199,-2.6518028,-3800.4211
1,4,0.32852551,2,4,0.17213021,3,4,0.1555892,-3814.3924,13.124898,-1.512733,-3799.7548
1,4,0.31898479,2,4,0.14836964,3,4,0.17017988,-3813.5398,12.750686,-0.56859496,-3800.2205
1,4,0.30297648,2,4,0.14969323,3,4,0.15961174,-3813.0362,12.245629,-0.034042363,-3800.7566
1,4,0.31526109,2,4,0.14560895,3,4,0.15940914,-3813.2536,12.405584,-0.25287043,-3800.5951
1,4,0.28362716,2,4,0.14392185,3,4,0.17619343,-3814.1796,12.074849,-1.1523509,-3800.9524
1,4,0.26170522,2,4,0.15276008,3,4,0.15687355,-3815.3005,11.426777,-2.0441811,-3801.8295
1,4,0.3070601,2,4,0.13908885,3,4,0.14818132,-3813.9202,11.886605,-0.85562077,-3801.178
1,4,0.29801285,2,4,0.15431338,3,4,0.16764943,-3813.2283,12.399513,-0.23311782,-3800.5957
1,4,0.31693178,2,4,0.16023762,3,4,0.14445161,-3813.5726,12.43242,-0.57079298,-3800.5694
1,4,0.30079506,2,4,0.15436533,3,4,0.18479086,-3814.42,12.799025,-1.5677213,-3800.0532
1,4,0.26914731,2,4,0.15181474,3,4,0.13753664,-3815.815,11.169974,-2.5288071,-3802.1162
1,4,0.2771494,2,4,0.14079732,3,4,0.16964556,-3814.4287,11.751846,-1.3198655,-3801.357
1,4,0.29103118,2,4,0.1338908,3,4,0.16140378,-3814.167,11.726515,-1.0693536,-3801.3711
1,4,0.31820511,2,4,0.15842787,3,4,0.14075421,-3813.8247,12.347744,-0.80261135,-3800.6743
1,4,0.26279949,2,4,0.14316736,3,4,0.18683049,-3816.6373,11.855947,-3.4501524,-3801.3312
1,4,0.27974311,2,4,0.14507807,3,4,0.16277176,-3813.9238,11.751859,-0.85966032,-3801.3123
1,4,0.2753805,2,4,0.14984512,3,4,0.15530894,-3814.119,11.610691,-1.0351548,-3801.4731
1,4,0.32104801,2,4,0.11566234,3,4,0.14405075,-3818.2004,11.615222,-4.3934077,-3802.1918
1,4,0.30032654,2,4,0.16613764,3,4,0.16580707,-3813.561,12.645425,-0.59171297,-3800.3239
1,4,0.31190303,2,4,0.13624465,3,4,0.17548844,-3814.011,12.472722,-1.0269049,-3800.5114
1,4,0.27157319,2,4,0.15657721,3,4,0.1725604,-3814.6483,12.014216,-1.5792095,-3801.0548
1,4,0.33829783,2,4,0.14553324,3,4,0.15124491,-3814.4261,12.70152,-1.5037962,-3800.2208
1,4,0.29925972,2,4,0.15843357,3,4,0.15197273,-3813.13,12.19332,-0.12583263,-3800.8109
1,4,0.30121284,2,4,0.14918586,3,4,0.15457684,-3813.1097,12.099511,-0.10583507,-3800.9043
1,4,0.27779348,2,4,0.15398983,3,4,0.142555,-3814.5087,11.486766,-1.3888424,-3801.6331
1,4,0.29205111,2,4,0.1333384,3,4,0.17221784,-3814.2863,11.952147,-1.1995711,-3801.1346
1,4,0.34282999,2,4,0.14271552,3,4,0.15585099,-3814.7274,12.82793,-1.8562812,-3800.0431
1,4,0.32894335,2,4,0.14931713,3,4,0.15730274,-3813.6697,12.711264,-0.70771791,-3800.2508
1,4,0.28776498,2,4,0.14848171,3,4,0.16189784,-3813.3936,11.962891,-0.37442683,-3801.0563
1,4,0.29918314,2,4,0.15294894,3,4,0.15491729,-3813.0602,12.140987,-0.057694437,-3800.8616
1,4,0.28666946,2,4,0.14829355,3,4,0.12628968,-3816.4075,11.225054,-2.9777456,-3802.2047
1,4,0.28676598,2,4,0.15171409,3,4,0.17106883,-3813.6438,12.190978,-0.63823196,-3800.8146
1,4,0.31700649,2,4,0.16474127,3,4,0.15105779,-3813.4797,12.656111,-0.50136876,-3800.3222
1,4,0.31299209,2,4,0.17772953,3,4,0.16830439,-3814.8174,13.18052,-1.9954653,-3799.6414
1,4,0.31313881,2,4,0.16889983,3,4,0.13889911,-3814.0749,12.418755,-1.0719569,-3800.5842
1,4,0.29575822,2,4,0.14245794,3,4,0.17767925,-3813.8959,12.317908,-0.91483596,-3800.6631
1,4,0.27288214,2,4,0.14261572,3,4,0.17806813,-3815.038,11.87132,-1.9229097,-3801.2438
1,4,0.3214884,2,4,0.17075605,3,4,0.12715504,-3815.5181,12.38799,-2.4233239,-3800.7068
1,4,0.33038491,2,4,0.14264442,3,4,0.18243185,-3814.8698,13.109224,-2.0725899,-3799.688
1,4,0.28847976,2,4,0.16625728,3,4,0.16852687,-3813.895,12.465278,-0.93315256,-3800.4965
1,4,0.29073794,2,4,0.19409709,3,4,0.16594422,-3816.6255,13.015585,-4.2087582,-3799.4011
1,4,0.29372048,2,4,0.16165517,3,4,0.17837891,-3814.1914,12.675091,-1.2857297,-3800.2305
1,4,0.31057166,2,4,0.13897121,3,4,0.16983054,-3813.6107,12.387468,-0.60734129,-3800.6159
1,4,0.3269263,2,4,0.16322431,3,4,0.16300478,-3813.9367,13.063108,-0.98947965,-3799.8842
1,4,0.28890078,2,4,0.14412963,3,4,0.15059647,-3813.7732,11.672538,-0.73706268,-3801.3636
1,4,0.35089213,2,4,0.15460143,3,4,0.16368306,-3815.3227,13.383532,-2.6101728,-3799.329
1,4,0.32489675,2,4,0.16287774,3,4,0.1272187,-3815.4888,12.299864,-2.3382001,-3800.8507
1,4,0.32694661,2,4,0.13579537,3,4,0.15984408,-3814.1692,12.451721,-1.1608162,-3800.5566
1,4,0.29896292,2,4,0.14063748,3,4,0.15282682,-3813.6101,11.848544,-0.57607101,-3801.1854
1,4,0.28581017,2,4,0.15533064,3,4,0.16741939,-3813.5517,12.171204,-0.54106573,-3800.8394
1,4,0.31820047,2,4,0.15683552,3,4,0.15013359,-3813.3396,12.503392,-0.34541679,-3800.4907
1,4,0.28828849,2,4,0.15474022,3,4,0.17908489,-3814.1312,12.442272,-1.1896218,-3800.4993
1,4,0.32942671,2,4,0.16392599,3,4,0.17087748,-3814.5193,13.284604,-1.6197981,-3799.6149
1,4,0.29386593,2,4,0.15315296,3,4,0.16673736,-3813.2556,12.275125,-0.25510416,-3800.7254
1,4,0.25351747,2,4,0.15420382,3,4,0.18338098,-3817.2745,11.822045,-3.9876369,-3801.4648
1,4,0.31412973,2,4,0.16152776,3,4,0.1673487,-3813.5495,12.860124,-0.57037673,-3800.119
1,4,0.30488429,2,4,0.16037563,3,4,0.14722129,-3813.2836,12.249624,-0.27522266,-3800.7587
1,4,0.27870591,2,4,0.14440315,3,4,0.16991182,-3814.1551,11.860418,-1.0824405,-3801.2123
1,4,0.32198085,2,4,0.14900659,3,4,0.15179015,-3813.4778,12.455552,-0.4835403,-3800.5387
1,4,0.31344873,2,4,0.14273238,3,4,0.17679099,-3813.8356,12.659442,-0.88657322,-3800.2896
1,4,0.32666523,2,4,0.1580252,3,4,0.14457839,-3813.8852,12.585376,-0.90890861,-3800.3909
1,4,0.29665397,2,4,0.18539389,3,4,0.17260699,-3815.849,13.093097,-3.2460786,-3799.5098
1,4,0.30866537,2,4,0.17004321,3,4,0.17082441,-3814.1777,12.99066,-1.2660174,-3799.921
1,4,0.29751862,2,4,0.16086243,3,4,0.12758778,-3815.2435,11.719377,-1.9721303,-3801.5519
1,4,0.31205543,2,4,0.17644597,3,4,0.13697899,-3814.6058,12.509608,-1.6500257,-3800.4462
1,4,0.32303947,2,4,0.16832721,3,4,0.13478429,-3814.646,12.523019,-1.6493878,-3800.4736
1,4,0.32555996,2,4,0.14397731,3,4,0.16660681,-3813.7275,12.722882,-0.76554101,-3800.2391
1,4,0.30109619,2,4,0.15327171,3,4,0.15180722,-3813.1099,12.123502,-0.10544654,-3800.8809
1,4,0.33394174,2,4,0.1573689,3,4,0.16055228,-3814.0278,13.037258,-1.1061246,-3799.8845
1,4,0.30064138,2,4,0.14712888,3,4,0.17224943,-3813.4136,12.400394,-0.42574621,-3800.5874
1,4,0.33364993,2,4,0.15560331,3,4,0.15814775,-3813.9372,12.94802,-1.0093158,-3799.9799
1,4,0.30337475,2,4,0.12917663,3,4,0.15265778,-3814.7505,11.704183,-1.570386,-3801.4759
1,4,0.29076622,2,4,0.18591997,3,4,0.15500784,-3815.1026,12.633881,-2.3229849,-3800.1457
1,4,0.31729187,2,4,0.18510111,3,4,0.1481195,-3815.0826,13.01025,-2.3448447,-3799.7275
1,4,0.28019783,2,4,0.15970011,3,4,0.14078392,-3814.427,11.613637,-1.3058444,-3801.5075
1,4,0.29636465,2,4,0.13887679,3,4,0.17079972,-3813.7127,12.120823,-0.68607986,-3800.9058
1,4,0.31103786,2,4,0.14078612,3,4,0.16012425,-3813.3939,12.238965,-0.3778276,-3800.7771
1,4,0.29559501,2,4,0.12403198,3,4,0.14582412,-3816.3165,11.309022,-2.9062816,-3802.1012
1,4,0.27439618,2,4,0.15305121,3,4,0.1401167,-3815.0161,11.351282,-1.8367457,-3801.8281
1,4,0.30962221,2,4,0.13873485,3,4,0.16436082,-3813.5058,12.254358,-0.48593444,-3800.7655
1,4,0.31349816,2,4,0.13040329,3,4,0.1630823,-3814.2598,12.139675,-1.1674343,-3800.9527
1,4,0.30494882,2,4,0.1256267,3,4,0.1430006,-3816.1512,11.471522,-2.7585173,-3801.9212
1,4,0.2844949,2,4,0.15899166,3,4,0.12949052,-3815.4963,11.459542,-2.1999787,-3801.8368
1,4,0.30873521,2,4,0.15680946,3,4,0.18586007,-3814.6783,13.028095,-1.8649606,-3799.7852
1,4,0.31251044,2,4,0.16460498,3,4,0.153285,-3813.3419,12.608008,-0.35574092,-3800.3782
1,4,0.27325984,2,4,0.15945325,3,4,0.15259988,-3814.2609,11.70626,-1.1576702,-3801.397
1,4,0.31746183,2,4,0.15822439,3,4,0.12984961,-3814.944,12.110717,-1.7771746,-3801.0561
1,4,0.30014087,2,4,0.14672634,3,4,0.15758793,-3813.1422,12.089103,-0.13664472,-3800.9165
1,4,0.29684267,2,4,0.146758,3,4,0.16049295,-3813.1731,12.081873,-0.16611939,-3800.9251
1,4,0.30667381,2,4,0.16434334,3,4,0.12822084,-3815.0305,11.98476,-1.8274078,-3801.2184
1,4,0.32345738,2,4,0.13876611,3,4,0.16515862,-3813.8312,12.547642,-0.8449716,-3800.4386
1,4,0.32226234,2,4,0.14917551,3,4,0.1751979,-3813.9357,12.932715,-1.004962,-3799.998
1,4,0.32025698,2,4,0.16907121,3,4,0.15126981,-3813.7982,12.81196,-0.85185043,-3800.1344
1,4,0.29648538,2,4,0.17961809,3,4,0.15606242,-3814.3464,12.643318,-1.4712101,-3800.2319
1,4,0.32017454,2,4,0.14521754,3,4,0.13881376,-3814.4556,12.084117,-1.3563145,-3801.0152
1,4,0.28082438,2,4,0.13449591,3,4,0.15659881,-3814.7451,11.438382,-1.599086,-3801.7076
1,4,0.27284171,2,4,0.12908904,3,4,0.17530306,-3815.9985,11.544676,-2.671728,-3801.7821
1,4,0.31522103,2,4,0.14072429,3,4,0.16315796,-3813.4657,12.382066,-0.4592318,-3800.6244
1,4,0.29467143,2,4,0.1512025,3,4,0.13681159,-3814.3367,11.65371,-1.2214512,-3801.4615
1,4,0.2766581,2,4,0.1756084,3,4,0.15202394,-3814.7376,12.085809,-1.7131438,-3800.9387
1,4,0.29643272,2,4,0.13692607,3,4,0.17391998,-3813.9517,12.145575,-0.92169014,-3800.8844
1,4,0.30399745,2,4,0.13820091,3,4,0.13907671,-3814.8572,11.625502,-1.6835401,-3801.5482
1,4,0.29190937,2,4,0.15453627,3,4,0.15299785,-3813.2409,11.98887,-0.23104982,-3801.021
1,4,0.30018148,2,4,0.15402743,3,4,0.14569189,-3813.3821,11.998016,-0.36120728,-3801.0229
1,4,0.30699411,2,4,0.13178691,3,4,0.1653871,-3814.0643,12.083362,-0.98455138,-3800.9964
1,4,0.28128158,2,4,0.16702163,3,4,0.17114052,-3814.3684,12.388875,-1.4128037,-3800.5667
1,4,0.3094617,2,4,0.15422927,3,4,0.15677091,-3813.0374,12.409238,-0.036148495,-3800.592
1,4,0.28797577,2,4,0.1397505,3,4,0.18956621,-3815.1983,12.34585,-2.3001567,-3800.5523
1,4,0.27286528,2,4,0.12407975,3,4,0.14674746,-3817.6299,10.87385,-4.0772634,-3802.6788
1,4,0.29733092,2,4,0.16355373,3,4,0.14977995,-3813.3239,12.213292,-0.31893953,-3800.7917
1,4,0.30400911,2,4,0.12600139,3,4,0.17523589,-3814.9062,12.104928,-1.771924,-3801.0293
1,4,0.31261412,2,4,0.1527298,3,4,0.15870474,-3813.0827,12.480973,-0.08287063,-3800.5189
1,4,0.29057938,2,4,0.16885718,3,4,0.14441819,-3813.8963,12.077095,-0.86739762,-3800.9518
1,4,0.28757141,2,4,0.14228621,3,4,0.13777272,-3815.0777,11.352607,-1.907756,-3801.8173
1,4,0.28372995,2,4,0.19603068,3,4,0.13816752,-3816.9405,12.358563,-4.1876984,-3800.3942
1,4,0.27617324,2,4,0.17762658,3,4,0.1586765,-3814.9504,12.249526,-1.9883619,-3800.7126
1,4,0.31498422,2,4,0.13611174,3,4,0.14737721,-3814.3226,11.969463,-1.2209524,-3801.1322
1,4,0.30430231,2,4,0.179755,3,4,0.13444279,-3814.9916,12.370002,-2.0113997,-3800.6102
1,4,0.26553027,2,4,0.13715049,3,4,0.16340829,-3815.6572,11.321781,-2.3642063,-3801.9712
1,4,0.31468675,2,4,0.18407135,3,4,0.16175955,-3815.1963,13.210353,-2.4670031,-3799.519
1,4,0.30824284,2,4,0.16731147,3,4,0.1566844,-3813.4142,12.644774,-0.43578697,-3800.3336
1,4,0.28371829,2,4,0.18621958,3,4,0.16543227,-3815.7251,12.707403,-3.028485,-3799.9892
1,4,0.3232611,2,4,0.13876135,3,4,0.16045692,-3813.8082,12.449587,-0.80620078,-3800.5525
1,4,0.31052231,2,4,0.14873222,3,4,0.14115016,-3813.8593,12.008094,-0.79967186,-3801.0516
1,4,0.27874758,2,4,0.14103497,3,4,0.14682245,-3814.8038,11.3321,-1.6808955,-3801.7908
1,4,0.30391825,2,4,0.12302531,3,4,0.15521405,-3815.5449,11.643152,-2.2220783,-3801.6796
1,4,0.3197185,2,4,0.16300492,3,4,0.14967478,-3813.5247,12.647964,-0.54676031,-3800.33
1,4,0.26476317,2,4,0.14825711,3,4,0.16906352,-3815.1602,11.641676,-1.9524743,-3801.566
1,4,0.31773886,2,4,0.15220725,3,4,0.15067703,-3813.321,12.412463,-0.32157498,-3800.587
1,4,0.34444756,2,4,0.16377728,3,4,0.10884978,-3820.1147,12.341492,-6.4478298,-3801.3254
1,4,0.28101775,2,4,0.1424609,3,4,0.15886037,-3814.0025,11.64678,-0.93515957,-3801.4205
1,4,0.32773072,2,4,0.17527266,3,4,0.16959305,-3815.2723,13.451929,-2.4721443,-3799.3483
1,4,0.30898525,2,4,0.16606907,3,4,0.13410417,-3814.3484,12.18317,-1.2689084,-3800.8963
1,4,0.30926447,2,4,0.14274873,3,4,0.16251762,-3813.2752,12.290616,-0.2671847,-3800.7174
1,4,0.29611654,2,4,0.1455089,3,4,0.17000494,-3813.408,12.232608,-0.40524521,-3800.7702
1,4,0.31022784,2,4,0.14758999,3,4,0.18168144,-3814.0844,12.789985,-1.1830757,-3800.1113
1,4,0.26234671,2,4,0.15008603,3,4,0.16412492,-3815.2654,11.531153,-2.0211692,-3801.713
1,4,0.31672225,2,4,0.14820058,3,4,0.16443118,-3813.28,12.58708,-0.28843067,-3800.4045
1,4,0.29706168,2,4,0.15227394,3,4,0.16737958,-3813.216,12.334304,-0.21810213,-3800.6636
1,4,0.2905875,2,4,0.17364541,3,4,0.15813794,-3813.9745,12.447417,-1.026428,-3800.5007
1,4,0.31602182,2,4,0.14783653,3,4,0.17365913,-3813.6341,12.750349,-0.67333973,-3800.2104
1,4,0.31645276,2,4,0.14573222,3,4,0.14969543,-3813.5139,12.237608,-0.49752917,-3800.7788
1,4,0.32150822,2,4,0.14318474,3,4,0.16171232,-3813.5195,12.528106,-0.52971854,-3800.4617
1,4,0.28593016,2,4,0.14438699,3,4,0.1393709,-3814.7984,11.393761,-1.6639499,-3801.7407
1,4,0.28487032,2,4,0.17091232,3,4,0.1533429,-3813.9623,12.182511,-0.96086443,-3800.8189
1,4,0.2644605,2,4,0.13841449,3,4,0.16437405,-3815.6608,11.344981,-2.3641016,-3801.9517
1,4,0.28726938,2,4,0.16702752,3,4,0.17444006,-3814.3513,12.574739,-1.4394072,-3800.3371
1,4,0.30376835,2,4,0.13566393,3,4,0.14864386,-3814.2257,11.761523,-1.1270916,-3801.3371
1,4,0.30180692,2,4,0.13768958,3,4,0.17299873,-3813.785,12.249905,-0.77037545,-3800.7647
1,4,0.31960298,2,4,0.15890609,3,4,0.16196852,-3813.413,12.809552,-0.42706756,-3800.1764
1,4,0.28556009,2,4,0.15427205,3,4,0.17142601,-3813.7243,12.225163,-0.72276368,-3800.7764
1,4,0.33758728,2,4,0.15529449,3,4,0.14609348,-3814.3993,12.779505,-1.4893453,-3800.1304
1,4,0.31558223,2,4,0.13082729,3,4,0.16238438,-3814.2535,12.175878,-1.1688537,-3800.9088
1,4,0.30468288,2,4,0.15438153,3,4,0.16166374,-3813.0337,12.414563,-0.03250515,-3800.5867
1,4,0.29924676,2,4,0.17338178,3,4,0.15993672,-3813.8573,12.651305,-0.92262483,-3800.2833
1,4,0.31979735,2,4,0.1972651,3,4,0.15448299,-3816.8683,13.430909,-4.5642468,-3798.8731
1,4,0.31666358,2,4,0.13004588,3,4,0.18637828,-3815.2297,12.661755,-2.3506168,-3800.2174
1,4,0.27335877,2,4,0.13376616,3,4,0.16701526,-3815.2411,11.482804,-2.0107187,-3801.7475
1,4,0.30389635,2,4,0.1475709,3,4,0.18930947,-3814.7666,12.815535,-1.9736224,-3799.9774
1,4,0.28998416,2,4,0.16452795,3,4,0.17387865,-3814.0789,12.567815,-1.1449223,-3800.3662
1,4,0.31483933,2,4,0.15807652,3,4,0.13081559,-3814.7669,12.074629,-1.6105755,-3801.0817
1,4,0.2898275,2,4,0.15328886,3,4,0.16616215,-3813.3472,12.18557,-0.34058793,-3800.8211
1,4,0.30449296,2,4,0.17593534,3,4,0.12373005,-3816.0176,12.083167,-2.7777439,-3801.1567
1,4,0.30907191,2,4,0.14163835,3,4,0.14493591,-3813.9579,11.912923,-0.89078578,-3801.1542
1,4,0.3014197,2,4,0.14342589,3,4,0.16849914,-3813.3517,12.266895,-0.34724284,-3800.7376
1,4,0.29049915,2,4,0.1554412,3,4,0.15010212,-3813.373,11.920849,-0.35552591,-3801.0966
1,4,0.29963399,2,4,0.1515493,3,4,0.15907992,-3813.0348,12.205264,-0.032643449,-3800.7969
1,4,0.28915117,2,4,0.14858726,3,4,0.14198409,-3814.1234,11.59445,-1.0511859,-3801.4777
1,4,0.29260888,2,4,0.13815436,3,4,0.14716998,-3814.3173,11.558664,-1.2292268,-3801.5294
1,4,0.29495734,2,4,0.15501996,3,4,0.14167802,-3813.7445,11.833106,-0.69310147,-3801.2183
1,4,0.29684627,2,4,0.17977136,3,4,0.15238386,-3814.3252,12.58003,-1.4376652,-3800.3075
1,4,0.34504426,2,4,0.15339251,3,4,0.14940422,-3814.8042,12.95682,-1.9750108,-3799.8723
1,4,0.31853951,2,4,0.12510553,3,4,0.16701517,-3814.9733,12.213204,-1.830274,-3800.9298
1,4,0.29891599,2,4,0.14838665,3,4,0.16083072,-3813.0977,12.162667,-0.093812251,-3800.8412
1,4,0.29741301,2,4,0.15400982,3,4,0.13285245,-3814.6449,11.685506,-1.4746269,-3801.4847
1,4,0.27732031,2,4,0.17410174,3,4,0.13709594,-3815.3415,11.77036,-2.161399,-3801.4098
1,4,0.3278956,2,4,0.18509152,3,4,0.14290265,-3815.5873,13.117795,-2.9184338,-3799.5511
1,4,0.29499532,2,4,0.16060895,3,4,0.16774111,-3813.432,12.466908,-0.44677067,-3800.5183
1,4,0.29301527,2,4,0.14178417,3,4,0.17761477,-3813.9801,12.248284,-0.98765733,-3800.7441
1,4,0.31360426,2,4,0.15238432,3,4,0.18773484,-3814.8172,13.074468,-2.0328854,-3799.7099
1,4,0.29570237,2,4,0.13239612,3,4,0.13760162,-3815.9379,11.314002,-2.6253676,-3801.9985
1,4,0.31048755,2,4,0.16001985,3,4,0.15246388,-3813.1673,12.459426,-0.16905697,-3800.5388
1,4,0.29961388,2,4,0.16409613,3,4,0.15579747,-3813.2348,12.39015,-0.24020252,-3800.6044
1,4,0.32477899,2,4,0.13277974,3,4,0.16425597,-3814.3081,12.436294,-1.2856899,-3800.5861
1,4,0.26058114,2,4,0.13627232,3,4,0.16432926,-3816.3097,11.223654,-2.9039588,-3802.182
1,4,0.2945375,2,4,0.14452435,3,4,0.18448455,-3814.3903,12.470928,-1.4802745,-3800.4391
1,4,0.280311,2,4,0.16159159,3,4,0.13201411,-3815.3683,11.478334,-2.10262,-3801.7873
1,4,0.29102363,2,4,0.18922589,3,4,0.14743266,-3815.4816,12.553644,-2.7208293,-3800.2071
1,4,0.30874449,2,4,0.15081037,3,4,0.1612456,-3813.0529,12.416009,-0.05188858,-3800.585
1,4,0.25658668,2,4,0.13640998,3,4,0.17421206,-3816.994,11.344175,-3.4849235,-3802.165
1,4,0.30648007,2,4,0.14305862,3,4,0.16825113,-3813.3481,12.355796,-0.34712506,-3800.6452
1,4,0.3163841,2,4,0.15884738,3,4,0.16138813,-3813.2952,12.732392,-0.30267621,-3800.2602
1,4,0.26254844,2,4,0.13837419,3,4,0.15034106,-3816.3293,11.025274,-2.9843022,-3802.3198
1,4,0.25959198,2,4,0.16123237,3,4,0.17562418,-3816.0826,11.92897,-2.9110266,-3801.2426
1,4,0.28693302,2,4,0.15451567,3,4,0.15278955,-3813.4258,11.884765,-0.40462375,-3801.1364
1,4,0.28695879,2,4,0.15816635,3,4,0.14532942,-3813.7379,11.809091,-0.69102709,-3801.2377
1,4,0.28788145,2,4,0.14086133,3,4,0.16734558,-3813.7701,11.921767,-0.72546116,-3801.1229
1,4,0.31655129,2,4,0.15525365,3,4,0.1594249,-3813.1923,12.624597,-0.19677554,-3800.371
1,4,0.28963482,2,4,0.16582346,3,4,0.13624204,-3814.4338,11.834006,-1.3147622,-3801.285
1,4,0.29208893,2,4,0.14480368,3,4,0.15457182,-3813.459,11.829289,-0.44005697,-3801.1896
1,4,0.28987073,2,4,0.16212416,3,4,0.17364103,-3813.9401,12.512718,-0.98913263,-3800.4382
1,4,0.29145396,2,4,0.15280661,3,4,0.15182985,-3813.3065,11.921808,-0.29431217,-3801.0904
1,4,0.32210975,2,4,0.15872203,3,4,0.14891603,-3813.5263,12.594956,-0.54361709,-3800.3878
1,4,0.29630842,2,4,0.15175425,3,4,0.15801218,-3813.0832,12.121497,-0.079834873,-3800.8818
1,4,0.33128682,2,4,0.14486695,3,4,0.17249623,-3814.219,12.973,-1.3200726,-3799.9259
1,4,0.29102631,2,4,0.14737321,3,4,0.16574641,-3813.36,12.082919,-0.34721725,-3800.9299
1,4,0.26595495,2,4,0.15912711,3,4,0.15667126,-3814.8249,11.635066,-1.6474423,-3801.5424
1,4,0.32715479,2,4,0.16699831,3,4,0.13575295,-3814.6814,12.598121,-1.7086789,-3800.3746
1,4,0.28614683,2,4,0.13276215,3,4,0.16961402,-3814.5208,11.77046,-1.3906054,-3801.3597
1,4,0.31855028,2,4,0.15871828,3,4,0.15147185,-3813.3405,12.574808,-0.35055546,-3800.4151
1,4,0.31506039,2,4,0.14899317,3,4,0.17886526,-3813.9613,12.858376,-1.0408668,-3800.0621
1,4,0.32119287,2,4,0.13238422,3,4,0.16439122,-3814.2229,12.359366,-1.1825977,-3800.681
1,4,0.34747597,2,4,0.16875415,3,4,0.19964406,-3819.6543,14.317484,-7.7402772,-3797.5965
1,4,0.31513594,2,4,0.15407574,3,4,0.15412105,-3813.1616,12.466655,-0.16329634,-3800.5316
1,4,0.32795182,2,4,0.14296687,3,4,0.1394741,-3814.8195,12.207856,-1.7272908,-3800.8843
1,4,0.29659263,2,4,0.16126774,3,4,0.12555766,-3815.5881,11.668361,-2.2536925,-3801.6661
1,4,0.36580318,2,4,0.15828463,3,4,0.14749191,-3816.8447,13.431594,-4.4563136,-3798.9568
1,4,0.31820972,2,4,0.15968794,3,4,0.16616442,-3813.5371,12.881242,-0.55636877,-3800.0995
1,4,0.27094428,2,4,0.14007344,3,4,0.18103955,-3815.5184,11.841145,-2.369868,-3801.3074
1,4,0.27102291,2,4,0.1342642,3,4,0.16300456,-3815.3965,11.365833,-2.1467915,-3801.8838
1,4,0.33418799,2,4,0.15462536,3,4,0.1881957,-3815.8861,13.540181,-3.2404232,-3799.1055
1,4,0.32367001,2,4,0.15390505,3,4,0.15269403,-3813.4558,12.605382,-0.47351767,-3800.3769
1,4,0.27919714,2,4,0.15893324,3,4,0.15875203,-3813.7674,11.937648,-0.72187925,-3801.1079
1,4,0.28033593,2,4,0.16111137,3,4,0.14648702,-3814.0359,11.758687,-0.96154124,-3801.3157
1,4,0.31664183,2,4,0.14820522,3,4,0.15516209,-3813.2544,12.400183,-0.25461062,-3800.5996
1,4,0.33369128,2,4,0.15973121,3,4,0.14784081,-3814.1322,12.825266,-1.2106424,-3800.0962
1,4,0.27731363,2,4,0.16178509,3,4,0.14307518,-3814.4519,11.643478,-1.3294322,-3801.479
1,4,0.29317746,2,4,0.15134927,3,4,0.17494523,-3813.6565,12.389439,-0.68062613,-3800.5864
1,4,0.31132376,2,4,0.17505157,3,4,0.16905068,-3814.5548,13.10852,-1.6931334,-3799.7532
1,4,0.30065786,2,4,0.15488174,3,4,0.17332346,-3813.5019,12.577261,-0.52984249,-3800.3948
1,4,0.30582815,2,4,0.17312161,3,4,0.13696972,-3814.3538,12.318389,-1.3395005,-3800.6959
1,4,0.30685463,2,4,0.12409084,3,4,0.18570286,-3815.6698,12.332967,-2.6257537,-3800.711
1,4,0.27639567,2,4,0.13985652,3,4,0.15973761,-3814.48,11.519796,-1.3600471,-3801.6002
1,4,0.30827508,2,4,0.090606722,3,4,0.17653683,-3823.6441,11.508373,-8.1817526,-3803.9539
1,4,0.30017835,2,4,0.13950892,3,4,0.18800131,-3814.7551,12.553772,-1.8882623,-3800.3131
1,4,0.29860057,2,4,0.15121169,3,4,0.14352673,-3813.6159,11.86678,-0.57838698,-3801.1707
1,4,0.30172102,2,4,0.17238062,3,4,0.14576746,-3813.8198,12.397382,-0.84404476,-3800.5783
1,4,0.28885967,2,4,0.14490333,3,4,0.15555865,-3813.5421,11.786433,-0.51741795,-3801.2382
1,4,0.3371552,2,4,0.14040797,3,4,0.15963876,-3814.4076,12.744039,-1.4880951,-3800.1755
1,4,0.25504783,2,4,0.16522255,3,4,0.17636963,-3816.83,11.9328,-3.6221502,-3801.2751
1,4,0.29419825,2,4,0.15809205,3,4,0.16018847,-3813.1602,12.249575,-0.15743148,-3800.7532
1,4,0.28879869,2,4,0.15151576,3,4,0.16959149,-3813.5032,12.198119,-0.49829797,-3800.8068
1,4,0.31420455,2,4,0.13424672,3,4,0.15617608,-3814.0201,12.092547,-0.94897427,-3800.9785
1,4,0.33345496,2,4,0.12212216,3,4,0.15592121,-3816.2478,12.229967,-3.0078877,-3801.0099
1,4,0.3215606,2,4,0.14540897,3,4,0.18750599,-3814.9277,13.089511,-2.1585245,-3799.6797
1,4,0.30222941,2,4,0.1414039,3,4,0.18277739,-3814.217,12.528214,-1.293888,-3800.3949
1,4,0.3025081,2,4,0.14641774,3,4,0.14047131,-3814.0446,11.787943,-0.96554617,-3801.2911
1,4,0.24781295,2,4,0.15170929,3,4,0.16868732,-3817.2688,11.364191,-3.6791016,-3802.2255
1,4,0.32380235,2,4,0.17953286,3,4,0.14288079,-3814.8689,12.92432,-2.0528847,-3799.8917
1,4,0.32073599,2,4,0.16441796,3,4,0.15002785,-3813.6034,12.703636,-0.63376975,-3800.266
1,4,0.27148308,2,4,0.12785266,3,4,0.12682964,-3820.2562,10.523308,-6.2637787,-3803.4691
1,4,0.2982114,2,4,0.14864295,3,4,0.14487066,-3813.6193,11.8345,-0.58498802,-3801.1998
1,4,0.30484979,2,4,0.14220345,3,4,0.15761353,-3813.3131,12.093335,-0.29698322,-3800.9228
1,4,0.30141873,2,4,0.15997704,3,4,0.14781871,-3813.2639,12.18429,-0.25434824,-3800.8252
1,4,0.29535847,2,4,0.13496409,3,4,0.17466773,-3814.1471,12.099806,-1.0996457,-3800.9476
1,4,0.3018904,2,4,0.14390944,3,4,0.20330757,-3816.5375,12.982148,-4.1249417,-3799.4305
1,4,0.31611066,2,4,0.1683405,3,4,0.1437499,-3813.8322,12.564021,-0.85859187,-3800.4096
1,4,0.31197925,2,4,0.14699294,3,4,0.15663576,-3813.1715,12.312159,-0.16792063,-3800.6914
1,4,0.29044874,2,4,0.14226981,3,4,0.16758499,-3813.6043,12.006071,-0.5755454,-3801.0227
1,4,0.30191048,2,4,0.17687573,3,4,0.14203599,-3814.2816,12.416444,-1.3259815,-3800.5391
1,4,0.27638496,2,4,0.15198262,3,4,0.18140424,-3814.8587,12.195436,-1.8713777,-3800.7918
1,4,0.29183377,2,4,0.13923363,3,4,0.17431903,-3813.9526,12.107729,-0.92543291,-3800.9194
1,4,0.29998569,2,4,0.1519477,3,4,0.15701119,-3813.0349,12.178892,-0.032918732,-3800.8231
1,4,0.34776267,2,4,0.14601219,3,4,0.16582258,-3815.0712,13.191949,-2.3125315,-3799.5668
1,4,0.29071244,2,4,0.15800902,3,4,0.15431696,-3813.2609,12.060769,-0.25024099,-3800.9499
1,4,0.28128481,2,4,0.16155325,3,4,0.16464442,-3813.813,12.14965,-0.79442689,-3800.8689
1,4,0.28177262,2,4,0.17349678,3,4,0.14810338,-3814.3757,12.067456,-1.347377,-3800.9609
1,4,0.27544317,2,4,0.15097838,3,4,0.16367716,-3814.0478,11.801974,-0.97061504,-3801.2752
1,4,0.30293654,2,4,0.16956219,3,4,0.13631691,-3814.2479,12.176313,-1.1936304,-3800.8779
1,4,0.30264104,2,4,0.1453731,3,4,0.16867429,-3813.2896,12.333769,-0.29050479,-3800.6653
1,4,0.31057388,2,4,0.18865341,3,4,0.16190199,-3815.6731,13.222586,-3.0580784,-3799.3924
1,4,0.30737697,2,4,0.16328056,3,4,0.14946283,-3813.286,12.402407,-0.28851171,-3800.5951
1,4,0.28316666,2,4,0.17457511,3,4,0.14973147,-3814.3349,12.149465,-1.3316217,-3800.8538
1,4,0.31987954,2,4,0.13944988,3,4,0.18312953,-3814.5488,12.849179,-1.6882023,-3800.0114
1,4,0.2735753,2,4,0.13422131,3,4,0.15364697,-3815.4563,11.228871,-2.233437,-3801.994
1,4,0.312507,2,4,0.15880979,3,4,0.14478021,-3813.4468,12.32194,-0.435568,-3800.6893
1,4,0.32939573,2,4,0.19264942,3,4,0.16776365,-3817.4427,13.796176,-5.125098,-3798.5214
1,4,0.28656593,2,4,0.14632224,3,4,0.17467151,-3813.8938,12.151194,-0.88460401,-3800.858
1,4,0.33835799,2,4,0.11897427,3,4,0.15071096,-3817.4444,12.160865,-4.0453531,-3801.2382
1,4,0.30440378,2,4,0.14835961,3,4,0.14253941,-3813.7427,11.906056,-0.69268679,-3801.1439
1,4,0.32597619,2,4,0.15130584,3,4,0.15760335,-3813.51,12.697708,-0.53661316,-3800.2757
1,4,0.2891345,2,4,0.16265933,3,4,0.15915357,-3813.4097,12.218948,-0.40541842,-3800.7854
1,4,0.31963827,2,4,0.13588959,3,4,0.16698559,-3813.9144,12.450269,-0.90785042,-3800.5563
1,4,0.31464063,2,4,0.15898906,3,4,0.1668347,-3813.4343,12.809288,-0.44824702,-3800.1768
1,4,0.30529624,2,4,0.1735217,3,4,0.1507292,-3813.7839,12.590943,-0.83688323,-3800.3561
1,4,0.28176554,2,4,0.14199628,3,4,0.16832699,-3814.0332,11.841776,-0.96590904,-3801.2255
1,4,0.29461867,2,4,0.13416827,3,4,0.15015739,-3814.459,11.578887,-1.3426483,-3801.5375
1,4,0.32032858,2,4,0.16498192,3,4,0.14988307,-3813.6146,12.703871,-0.64593747,-3800.2648
1,4,0.28836077,2,4,0.14646124,3,4,0.12915434,-3815.9514,11.279527,-2.6142443,-3802.0577
1,4,0.26856498,2,4,0.13390926,3,4,0.16002488,-3815.7199,11.249982,-2.4302418,-3802.0397
1,4,0.29978313,2,4,0.15390133,3,4,0.16441413,-3813.102,12.361972,-0.10211352,-3800.638
1,4,0.32941892,2,4,0.16454992,3,4,0.16576783,-3814.2605,13.194733,-1.3397193,-3799.726
1,4,0.32894947,2,4,0.14961556,3,4,0.13135005,-3815.4182,12.198301,-2.2562876,-3800.9636
1,4,0.2948567,2,4,0.13542853,3,4,0.16812798,-3813.9213,11.968264,-0.85919805,-3801.0939
1,4,0.30738256,2,4,0.15208518,3,4,0.18243432,-3814.1648,12.838041,-1.277075,-3800.0497
1,4,0.26253492,2,4,0.14702315,3,4,0.14443446,-3816.0769,11.079851,-2.7594819,-3802.2376
1,4,0.30380215,2,4,0.17039969,3,4,0.17269476,-3814.2794,12.937932,-1.3869664,-3799.9545
1,4,0.29998351,2,4,0.15135054,3,4,0.17194681,-3813.3819,12.465617,-0.39780753,-3800.5185
1,4,0.28398166,2,4,0.1734107,3,4,0.16798865,-3814.5307,12.50762,-1.6215617,-3800.4015
1,4,0.29005838,2,4,0.14838644,3,4,0.16465743,-3813.3463,12.062045,-0.33278065,-3800.9515
1,4,0.32547593,2,4,0.15222103,3,4,0.14938014,-3813.6358,12.541542,-0.65271164,-3800.4416
1,4,0.29654604,2,4,0.14990853,3,4,0.11444868,-3818.5328,11.218065,-4.5476646,-3802.7671
1,4,0.2808835,2,4,0.15260216,3,4,0.15743761,-3813.6598,11.818465,-0.61803446,-3801.2233
1,4,0.32092117,2,4,0.17246318,3,4,0.14636979,-3814.1157,12.795083,-1.197072,-3800.1235
1,4,0.28111335,2,4,0.17054338,3,4,0.13306194,-3815.3403,11.694373,-2.1145716,-3801.5314
1,4,0.33710462,2,4,0.15565503,3,4,0.16870899,-3814.4775,13.229373,-1.6020895,-3799.646
1,4,0.32140711,2,4,0.12459157,3,4,0.12996285,-3818.5395,11.519231,-4.6991023,-3802.3212
1,4,0.29996982,2,4,0.13124337,3,4,0.18298904,-3814.824,12.284045,-1.8163081,-3800.7236
1,4,0.31986668,2,4,0.1696557,3,4,0.15402255,-3813.8161,12.870899,-0.87244329,-3800.0727
1,4,0.27291678,2,4,0.16650522,3,4,0.16624069,-3814.6002,12.113254,-1.5614349,-3800.9255
1,4,0.31837609,2,4,0.15174579,3,4,0.17641182,-3813.9087,12.930674,-0.97526043,-3800.0028
1,4,0.32307117,2,4,0.13594211,3,4,0.17222993,-3814.164,12.624864,-1.1998068,-3800.3394
1,4,0.2808975,2,4,0.15266599,3,4,0.19009897,-3815.4579,12.473249,-2.639824,-3800.3448
1,4,0.31847835,2,4,0.14654429,3,4,0.16847861,-3813.4723,12.670025,-0.49351826,-3800.3088
1,4,0.32930805,2,4,0.1361831,3,4,0.16880821,-3814.3026,12.685987,-1.353185,-3800.2634
1,4,0.29250967,2,4,0.14266606,3,4,0.18836369,-3814.8411,12.470788,-1.9697607,-3800.4005
1,4,0.2904427,2,4,0.14495527,3,4,0.16265304,-3813.4127,11.96102,-0.39247575,-3801.0592
1,4,0.32892111,2,4,0.14122775,3,4,0.16104934,-3813.908,12.623964,-0.94054369,-3800.3434
1,4,0.33505203,2,4,0.14089661,3,4,0.18616285,-3815.4891,13.24223,-2.8041544,-3799.4427
1,4,0.25382874,2,4,0.15667463,3,4,0.17912482,-3816.9179,11.792564,-3.6167377,-3801.5086
1,4,0.28348632,2,4,0.14272745,3,4,0.15405048,-3813.9687,11.605285,-0.91351714,-3801.4499
1,4,0.31402411,2,4,0.15042018,3,4,0.1547921,-3813.1562,12.384728,-0.15553731,-3800.6159
1,4,0.33096303,2,4,0.17089776,3,4,0.13746465,-3814.8887,12.786509,-1.9948669,-3800.1073
1,4,0.27870774,2,4,0.16444729,3,4,0.17552347,-3814.6438,12.37357,-1.6964868,-3800.5737
1,4,0.29364975,2,4,0.13840394,3,4,0.18134284,-3814.3613,12.267931,-1.3779739,-3800.7154
1,4,0.31478264,2,4,0.16383077,3,4,0.17828151,-3814.4603,13.137898,-1.5763485,-3799.7461
1,4,0.30530744,2,4,0.14302453,3,4,0.1766014,-3813.7274,12.498668,-0.76043285,-3800.4683
1,4,0.28390655,2,4,0.13518276,3,4,0.15171571,-3814.7139,11.4161,-1.5843935,-3801.7134
1,4,0.33811374,2,4,0.1826037,3,4,0.16879147,-3816.7236,13.790178,-4.1668877,-3798.7665
1,4,0.30170246,2,4,0.1592856,3,4,0.14251137,-3813.5435,12.069989,-0.51095237,-3800.9626
1,4,0.31008559,2,4,0.15785775,3,4,0.16174474,-3813.1389,12.593762,-0.13994559,-3800.4052
1,4,0.31731467,2,4,0.17766876,3,4,0.16280989,-3814.627,13.155866,-1.7811888,-3799.69
1,4,0.33437012,2,4,0.16883098,3,4,0.13893779,-3814.8835,12.842778,-2.0069059,-3800.0338
1,4,0.29126999,2,4,0.13125446,3,4,0.19101607,-3815.7124,12.27081,-2.7598902,-3800.6817
1,4,0.32374294,2,4,0.11759836,3,4,0.2031331,-3818.3112,12.889488,-5.792688,-3799.629
1,4,0.2955295,2,4,0.15608286,3,4,0.16773398,-3813.2944,12.386927,-0.30038198,-3800.6071
1,4,0.32509903,2,4,0.15956725,3,4,0.14047892,-3814.0821,12.502904,-1.0860999,-3800.4931
1,4,0.32035887,2,4,0.14325408,3,4,0.16369947,-3813.4966,12.546248,-0.50778908,-3800.4425
1,4,0.28220275,2,4,0.14780323,3,4,0.14940481,-3813.9737,11.588216,-0.9195749,-3801.4659
1,4,0.28527261,2,4,0.13687008,3,4,0.15162707,-3814.4666,11.475395,-1.3652941,-3801.626
1,4,0.29697489,2,4,0.18794373,3,4,0.12666666,-3816.5811,12.231705,-3.5370947,-3800.8123
1,4,0.30704391,2,4,0.1516733,3,4,0.16033094,-3813.0248,12.380963,-0.023303691,-3800.6205
1,4,0.36488758,2,4,0.1340612,3,4,0.17228837,-3817.3044,13.424743,-4.9665954,-3798.9131
1,4,0.3263645,2,4,0.14145986,3,4,0.14123257,-3814.6933,12.181139,-1.6035882,-3800.9085
1,4,0.325545,2,4,0.15363649,3,4,0.14938032,-3813.6254,12.571236,-0.64521223,-3800.409
1,4,0.28842236,2,4,0.14943929,3,4,0.15946851,-3813.3405,11.946603,-0.32454406,-3801.0694
1,4,0.31052005,2,4,0.17482845,3,4,0.14621086,-3814.016,12.631187,-1.0829248,-3800.3019
1,4,0.30824356,2,4,0.16942566,3,4,0.15812383,-3813.5635,12.715861,-0.59846113,-3800.2492
1,4,0.32363645,2,4,0.14848307,3,4,0.18160781,-3814.474,13.074547,-1.618718,-3799.7807
1,4,0.29790639,2,4,0.17460942,3,4,0.13404788,-3814.7572,12.131274,-1.6852495,-3800.9407
1,4,0.29087759,2,4,0.16144128,3,4,0.15042878,-3813.3994,12.054953,-0.38364392,-3800.9608
1,4,0.30116854,2,4,0.18791186,3,4,0.14855753,-3815.1658,12.752759,-2.4260931,-3799.987
1,4,0.32087502,2,4,0.17900825,3,4,0.17543027,-3815.8286,13.506271,-3.1314764,-3799.1908
1,4,0.30210052,2,4,0.17017514,3,4,0.14169594,-3813.8877,12.279432,-0.87992851,-3800.7283
1,4,0.29282905,2,4,0.16546427,3,4,0.19280867,-3816.0225,13.02204,-3.4539135,-3799.5466
1,4,0.30215046,2,4,0.14943484,3,4,0.14139584,-3813.8086,11.859623,-0.75149897,-3801.1974
1,4,0.26524019,2,4,0.14579499,3,4,0.1503608,-3815.4226,11.22792,-2.1894481,-3802.0052
1,4,0.28634477,2,4,0.14115122,3,4,0.15388461,-3813.9359,11.627612,-0.88337657,-3801.4249
1,4,0.30953228,2,4,0.15748898,3,4,0.15436955,-3813.083,12.427816,-0.082583797,-3800.5726
1,4,0.3104667,2,4,0.12871102,3,4,0.18971396,-3815.5334,12.577834,-2.6576648,-3800.298
1,4,0.33311858,2,4,0.12053231,3,4,0.12560089,-3820.8206,11.585036,-6.5349718,-3802.7006
1,4,0.28721279,2,4,0.17709443,3,4,0.15891509,-3814.3776,12.464446,-1.4622364,-3800.4509
1,4,0.31242364,2,4,0.13548771,3,4,0.15390388,-3813.9639,12.036305,-0.89503422,-3801.0326
1,4,0.29972595,2,4,0.14480499,3,4,0.16611544,-3813.2572,12.212927,-0.25091264,-3800.7933
1,4,0.29954984,2,4,0.12930843,3,4,0.15881457,-3814.5084,11.753457,-1.3559219,-3801.3991
1,4,0.29180823,2,4,0.15973558,3,4,0.18184472,-3814.4439,12.667771,-1.5688875,-3800.2072
1,4,0.32377637,2,4,0.17141777,3,4,0.15372722,-3814.0885,12.978427,-1.1752358,-3799.9348
1,4,0.29348347,2,4,0.156565,3,4,0.15754454,-3813.1416,12.15186,-0.13655515,-3800.8532
1,4,0.31040592,2,4,0.14482178,3,4,0.13437043,-3814.843,11.791963,-1.6588106,-3801.3922
1,4,0.27178971,2,4,0.14305418,3,4,0.19321981,-3816.4452,12.161274,-3.5031502,-3800.7808
1,4,0.3172817,2,4,0.16297094,3,4,0.12039696,-3816.4092,12.012992,-3.0071135,-3801.3891
1,4,0.30502451,2,4,0.15192792,3,4,0.15675066,-3813.0156,12.274062,-0.013761607,-3800.7277
1,4,0.31539879,2,4,0.14228346,3,4,0.1410309,-3814.3284,11.974263,-1.2279259,-3801.1262
1,4,0.28822541,2,4,0.12374385,3,4,0.17715478,-3815.7242,11.782481,-2.4464841,-3801.4953
1,4,0.33727312,2,4,0.15887552,3,4,0.15612318,-3814.2249,13.045436,-1.332387,-3799.8471
1,4,0.28658049,2,4,0.14805077,3,4,0.17533237,-3813.9016,12.199272,-0.90203905,-3800.8003
1,4,0.32052054,2,4,0.11530471,3,4,0.17557262,-3816.6403,12.227958,-3.3273728,-3801.085
1,4,0.31204154,2,4,0.15706859,3,4,0.1746612,-3813.753,12.875427,-0.79975607,-3800.0778
1,4,0.29577203,2,4,0.14697928,3,4,0.14559396,-3813.6966,11.766905,-0.66012901,-3801.2695
1,4,0.33504626,2,4,0.15565133,3,4,0.17485291,-3814.7228,13.31101,-1.8711472,-3799.5407
1,4,0.31703458,2,4,0.13643438,3,4,0.19806384,-3816.1034,13.030656,-3.5512638,-3799.5214
1,4,0.24168642,2,4,0.16543237,3,4,0.16829173,-3818.3974,11.50821,-4.7038675,-3802.1853
1,4,0.31687695,2,4,0.15231146,3,4,0.16034072,-3813.1919,12.590583,-0.1967128,-3800.4046
1,4,0.2862957,2,4,0.14256809,3,4,0.16633991,-3813.7293,11.904074,-0.68722288,-3801.1381
1,4,0.28583313,2,4,0.17887922,3,4,0.16686122,-3814.904,12.631471,-2.0695431,-3800.203
1,4,0.30292934,2,4,0.13757414,3,4,0.13455039,-3815.5399,11.501077,-2.2643954,-3801.7744
1,4,0.30744396,2,4,0.13874425,3,4,0.14857899,-3813.9238,11.895344,-0.85856347,-3801.1699
1,4,0.31341143,2,4,0.14179585,3,4,0.15321191,-3813.5162,12.168384,-0.49285081,-3800.855
1,4,0.29543419,2,4,0.16156657,3,4,0.1647518,-3813.3428,12.435051,-0.35199841,-3800.5558
1,4,0.27878366,2,4,0.17125462,3,4,0.1470878,-3814.4496,11.942522,-1.3826961,-3801.1244
1,4,0.32451234,2,4,0.16068652,3,4,0.17559614,-3814.4187,13.2159,-1.5164306,-3799.6864
1,4,0.26876414,2,4,0.19467029,3,4,0.1722057,-3818.1505,12.712802,-5.7836723,-3799.6541
1,4,0.2897365,2,4,0.14504711,3,4,0.15736453,-3813.4625,11.842963,-0.44118979,-3801.1783
1,4,0.29872409,2,4,0.16677809,3,4,0.15229043,-3813.381,12.355852,-0.38961222,-3800.6356
1,4,0.29947779,2,4,0.12231099,3,4,0.17476731,-3815.4601,11.931122,-2.2125944,-3801.3164
1,4,0.29861142,2,4,0.14045278,3,4,0.15008534,-3813.7663,11.782991,-0.72156963,-3801.2617
1,4,0.33186166,2,4,0.13769606,3,4,0.15199505,-3814.4821,12.431056,-1.4728531,-3800.5782
1,4,0.31218928,2,4,0.15233726,3,4,0.17667648,-3813.773,12.82406,-0.82910048,-3800.1198
1,4,0.28011625,2,4,0.16308038,3,4,0.17999643,-3814.8574,12.463861,-1.957353,-3800.4362
1,4,0.26834114,2,4,0.17000074,3,4,0.13088784,-3816.6268,11.384595,-3.1705994,-3802.0716
1,4,0.33575631,2,4,0.17216359,3,4,0.17349323,-3815.7805,13.628263,-3.0332135,-3799.119
1,4,0.28590573,2,4,0.17271842,3,4,0.13730905,-3814.7489,11.918664,-1.6424286,-3801.1879
1,4,0.32471621,2,4,0.14448778,3,4,0.1706832,-3813.822,12.797744,-0.873615,-3800.1507
1,4,0.32362126,2,4,0.15569525,3,4,0.14431991,-3813.7714,12.472728,-0.77513736,-3800.5236
1,4,0.29878994,2,4,0.15138884,3,4,0.17538851,-3813.5945,12.511346,-0.62768866,-3800.4555
1,4,0.29777967,2,4,0.13729255,3,4,0.16666457,-3813.6882,12.034736,-0.64689404,-3801.0066
1,4,0.29445805,2,4,0.1322047,3,4,0.15273166,-3814.5376,11.587888,-1.4033046,-3801.5464
1,4,0.3157182,2,4,0.13360774,3,4,0.1748803,-3814.2222,12.484125,-1.2306857,-3800.5074
1,4,0.30840392,2,4,0.11426267,3,4,0.17256437,-3816.7081,11.904619,-3.2180904,-3801.5854
1,4,0.29529577,2,4,0.15431448,3,4,0.15325496,-3813.1493,12.057304,-0.1436705,-3800.9483
1,4,0.27328586,2,4,0.17309273,3,4,0.14755654,-3814.9182,11.878703,-1.8126773,-3801.2268
1,4,0.29579015,2,4,0.1480588,3,4,0.15220329,-3813.2971,11.921045,-0.28714995,-3801.0889
1,4,0.290337,2,4,0.16736492,3,4,0.15807685,-3813.5708,12.315575,-0.58107549,-3800.6742
1,4,0.29687391,2,4,0.15014435,3,4,0.12982407,-3815.2732,11.536847,-2.0112934,-3801.725
1,4,0.32391089,2,4,0.1280288,3,4,0.16781215,-3814.7701,12.395037,-1.7096049,-3800.6654
1,4,0.31392709,2,4,0.15067317,3,4,0.1585822,-3813.1193,12.463649,-0.12014462,-3800.5355
1,4,0.29989362,2,4,0.15084987,3,4,0.13901748,-3814.0017,11.795219,-0.9225314,-3801.2839
1,4,0.32167499,2,4,0.14244834,3,4,0.17250168,-3813.8353,12.7325,-0.88299215,-3800.2198
1,4,0.29153499,2,4,0.14149064,3,4,0.16004041,-3813.5535,11.861321,-0.52245362,-3801.1697
1,4,0.31926123,2,4,0.18875691,3,4,0.14404774,-3815.6108,13.041318,-2.9659235,-3799.6036
1,4,0.3275238,2,4,0.159479,3,4,0.13920348,-3814.2802,12.524126,-1.2873355,-3800.4687
1,4,0.27077941,2,4,0.16765096,3,4,0.16639185,-3814.829,12.096445,-1.7808423,-3800.9517
1,4,0.26613721,2,4,0.15370616,3,4,0.15344755,-3814.8915,11.465818,-1.7023265,-3801.7233
1,4,0.33558,2,4,0.15410066,3,4,0.12154002,-3817.121,12.224413,-3.7749957,-3801.1216
1,4,0.28184557,2,4,0.16455311,3,4,0.17977739,-3814.8379,12.523521,-1.9550969,-3800.3593
1,4,0.30961043,2,4,0.17002511,3,4,0.16263707,-3813.7542,12.845452,-0.80274607,-3800.106
1,4,0.31090205,2,4,0.14689002,3,4,0.16932395,-3813.3277,12.54232,-0.33882538,-3800.4466
1,4,0.29714114,2,4,0.16414988,3,4,0.16121306,-3813.3264,12.450082,-0.3368841,-3800.5395
1,4,0.32381411,2,4,0.16126517,3,4,0.1813588,-3814.9348,13.328762,-2.1058539,-3799.5002
1,4,0.31833511,2,4,0.15277367,3,4,0.17610859,-3813.9054,12.944347,-0.96986067,-3799.9912
1,4,0.34325828,2,4,0.17578476,3,4,0.14276406,-3815.7128,13.236142,-3.0459352,-3799.4308
1,4,0.28184706,2,4,0.14670912,3,4,0.19387417,-3815.8037,12.448607,-3.0176282,-3800.3375
1,4,0.30381904,2,4,0.14545877,3,4,0.14517408,-3813.6884,11.889038,-0.64654256,-3801.1528
1,4,0.3233431,2,4,0.14480809,3,4,0.12919975,-3815.8566,11.947019,-2.5608402,-3801.3488
1,4,0.29295686,2,4,0.15304215,3,4,0.16316604,-3813.1849,12.183301,-0.17993123,-3800.8217
1,4,0.29141376,2,4,0.1592991,3,4,0.16021545,-3813.2541,12.218566,-0.24956653,-3800.786
1,4,0.29250929,2,4,0.13748152,3,4,0.14748326,-3814.363,11.549481,-1.2694197,-3801.5441
1,4,0.30615854,2,4,0.1453443,3,4,0.1499409,-3813.3982,12.028875,-0.37873047,-3800.9906
1,4,0.32587395,2,4,0.15015051,3,4,0.19003896,-3815.4622,13.321268,-2.7819726,-3799.3589
1,4,0.30486951,2,4,0.16687124,3,4,0.15875359,-3813.389,12.609887,-0.40851845,-3800.3706
1,4,0.32068851,2,4,0.16296552,3,4,0.15860574,-3813.5339,12.845195,-0.55833598,-3800.1304
1,4,0.26009382,2,4,0.16175002,3,4,0.16536853,-3815.5654,11.744248,-2.3329611,-3801.4882
1,4,0.29836888,2,4,0.1594842,3,4,0.14244334,-3813.5897,12.005928,-0.55262888,-3801.0311
1,4,0.29865542,2,4,0.13601284,3,4,0.14663763,-3814.4129,11.626118,-1.3017718,-3801.485
1,4,0.3075269,2,4,0.14543873,3,4,0.17130664,-3813.3994,12.485445,-0.41234284,-3800.5016
1,4,0.33338234,2,4,0.14439464,3,4,0.15590529,-3814.0482,12.673645,-1.1005688,-3800.2739
1,4,0.25887658,2,4,0.17564072,3,4,0.13682772,-3817.2458,11.4269,-3.738624,-3802.0803
1,4,0.28115507,2,4,0.15558889,3,4,0.17435321,-3814.1136,12.221943,-1.1149083,-3800.7768
1,4,0.27970536,2,4,0.15277442,3,4,0.16936854,-3813.9127,12.036966,-0.87625217,-3800.9995
1,4,0.32755469,2,4,0.15296219,3,4,0.16862888,-3813.8487,12.982915,-0.90264003,-3799.9632
1,4,0.35271485,2,4,0.13688486,3,4,0.16478501,-3815.785,13.087694,-3.0873766,-3799.6099
1,4,0.28468654,2,4,0.16049223,3,4,0.16586535,-3813.6572,12.220883,-0.65094034,-3800.7854
1,4,0.28372998,2,4,0.1545855,3,4,0.1817571,-3814.5259,12.401451,-1.5992527,-3800.5252
1,4,0.30282061,2,4,0.14676937,3,4,0.18401467,-3814.2359,12.672093,-1.3484105,-3800.2154
1,4,0.33334304,2,4,0.16460625,3,4,0.14682499,-3814.2838,12.895486,-1.3824329,-3800.0059
1,4,0.3225339,2,4,0.13342374,3,4,0.16902002,-3814.2274,12.499553,-1.2257664,-3800.5021
1,4,0.27186158,2,4,0.15437882,3,4,0.15540339,-3814.3046,11.632876,-1.1927904,-3801.479
1,4,0.29646189,2,4,0.16041858,3,4,0.15073149,-3813.2334,12.152239,-0.22627012,-3800.8549
1,4,0.2870925,2,4,0.16278751,3,4,0.13936548,-3814.1978,11.78491,-1.1025407,-3801.3104
1,4,0.31285631,2,4,0.16157848,3,4,0.11138662,-3818.4118,11.716428,-4.489714,-3802.2057
1,4,0.29660911,2,4,0.13258204,3,4,0.1477756,-3814.7702,11.539335,-1.6130295,-3801.6178
1,4,0.33022782,2,4,0.16044055,3,4,0.12433716,-3816.1608,12.300111,-2.9497794,-3800.9109
1,4,0.32122639,2,4,0.18583916,3,4,0.14813659,-3815.3022,13.104043,-2.6055449,-3799.5926
1,4,0.33239481,2,4,0.13178276,3,4,0.17757844,-3815.0934,12.83512,-2.2252097,-3800.0331
1,4,0.26797944,2,4,0.15265373,3,4,0.15650223,-3814.6532,11.542708,-1.4954854,-3801.615
1,4,0.30183313,2,4,0.1425766,3,4,0.16944442,-3813.4109,12.277083,-0.40652813,-3800.7273
1,4,0.29834884,2,4,0.16742041,3,4,0.18242697,-3814.8972,12.963924,-2.1038847,-3799.8294
1,4,0.32372813,2,4,0.15405126,3,4,0.17222652,-3813.8842,13.000118,-0.93887345,-3799.9452
1,4,0.28126541,2,4,0.13431327,3,4,0.16730401,-3814.6076,11.657654,-1.464109,-3801.4858
1,4,0.30135625,2,4,0.16791102,3,4,0.15794312,-3813.43,12.544208,-0.45225671,-3800.4336
1,4,0.28153709,2,4,0.12468474,3,4,0.15897628,-3815.9505,11.303962,-2.5952618,-3802.0513
1,4,0.30050636,2,4,0.18294091,3,4,0.15458402,-3814.6338,12.760626,-1.81581,-3800.0574
1,4,0.30735297,2,4,0.15329499,3,4,0.15033567,-3813.149,12.219672,-0.14325809,-3800.7861
1,4,0.27008483,2,4,0.14656573,3,4,0.14563246,-3815.2059,11.24566,-2.0199206,-3801.9403
1,4,0.32144814,2,4,0.16572583,3,4,0.14599779,-3813.7915,12.663435,-0.82685256,-3800.3012
1,4,0.32435169,2,4,0.14486108,3,4,0.15637595,-3813.5888,12.511774,-0.60099184,-3800.476
1,4,0.26544082,2,4,0.16227726,3,4,0.13985763,-3815.7607,11.351514,-2.4463838,-3801.9628
1,4,0.27552748,2,4,0.15804362,3,4,0.1359732,-3815.2522,11.390886,-2.0205808,-3801.8407
1,4,0.31338432,2,4,0.16617493,3,4,0.16956386,-3813.9146,12.982462,-0.96621418,-3799.9659
1,4,0.31351261,2,4,0.15370492,3,4,0.15803068,-3813.0997,12.504964,-0.10042573,-3800.4943
1,4,0.29350507,2,4,0.1665781,3,4,0.14327701,-3813.7817,12.067204,-0.74898385,-3800.9655
1,4,0.32586036,2,4,0.14035016,3,4,0.15375286,-3813.9442,12.399268,-0.93679432,-3800.6081
1,4,0.29010006,2,4,0.15510887,3,4,0.18419353,-3814.5382,12.588049,-1.6659755,-3800.2842
1,4,0.3189178,2,4,0.1185472,3,4,0.17278437,-3815.9986,12.204987,-2.7456996,-3801.0479
1,4,0.31743027,2,4,0.14343024,3,4,0.16699731,-3813.4694,12.557156,-0.48170268,-3800.4305
1,4,0.33781309,2,4,0.16447845,3,4,0.12991081,-3815.7801,12.644047,-2.810486,-3800.3256
1,4,0.29106025,2,4,0.17339912,3,4,0.14136556,-3814.2865,12.116499,-1.2573509,-3800.9126
1,4,0.32304137,2,4,0.13630136,3,4,0.1994922,-3816.4755,13.176699,-4.0236911,-3799.2751
1,4,0.29517063,2,4,0.152471,3,4,0.16883004,-3813.3035,12.329433,-0.30751004,-3800.6665
1,4,0.27748621,2,4,0.15645255,3,4,0.17218376,-3814.2119,12.12245,-1.1854235,-3800.904
1,4,0.30135131,2,4,0.15742738,3,4,0.15650503,-3813.039,12.305674,-0.037459742,-3800.6959
1,4,0.32998592,2,4,0.14148036,3,4,0.16112457,-3813.9482,12.651817,-0.98742282,-3800.309
1,4,0.3367791,2,4,0.13152476,3,4,0.1531897,-3815.28,12.429871,-2.2393463,-3800.6108
1,4,0.2805875,2,4,0.1571276,3,4,0.16344036,-3813.7134,12.023109,-0.67925774,-3801.011
1,4,0.3248686,2,4,0.13344038,3,4,0.17587253,-3814.5497,12.68363,-1.6121675,-3800.2539
1,4,0.26005931,2,4,0.16344928,3,4,0.18190016,-3816.6074,12.108175,-3.5520388,-3800.9472
1,4,0.29915595,2,4,0.1266152,3,4,0.17149237,-3814.7981,11.94527,-1.6329871,-3801.2198
1,4,0.27062615,2,4,0.16844736,3,4,0.14000914,-3815.37,11.581653,-2.1375813,-3801.6507
1,4,0.28729121,2,4,0.14344511,3,4,0.15646061,-3813.6629,11.743939,-0.6286569,-3801.2903
1,4,0.33858848,2,4,0.18015749,3,4,0.13432389,-3816.1481,13.061397,-3.472244,-3799.6144
1,4,0.3049288,2,4,0.1651908,3,4,0.14790011,-3813.3867,12.360394,-0.38890122,-3800.6374
1,4,0.31098802,2,4,0.16090258,3,4,0.13861627,-3813.8659,12.210137,-0.82023569,-3800.8355
1,4,0.26827478,2,4,0.15240785,3,4,0.13711378,-3815.9267,11.155928,-2.6202598,-3802.1505
1,4,0.30976329,2,4,0.13807648,3,4,0.14123215,-3814.6184,11.781438,-1.474239,-3801.3627
1,4,0.27552813,2,4,0.15736575,3,4,0.15144461,-3814.1132,11.68677,-1.02651,-3801.3999
1,4,0.25546766,2,4,0.13744437,3,4,0.16119035,-3816.8994,11.082048,-3.3879516,-3802.4294
1,4,0.29027355,2,4,0.16361445,3,4,0.16266781,-3813.4779,12.331116,-0.48408802,-3800.6627
1,4,0.32002742,2,4,0.14218677,3,4,0.15959883,-3813.5158,12.43626,-0.51598294,-3800.5635
1,4,0.35259038,2,4,0.15570754,3,4,0.15502741,-3815.3614,13.266507,-2.6646428,-3799.4303
1,4,0.30021846,2,4,0.18944831,3,4,0.14478903,-3815.4071,12.689116,-2.6768726,-3800.0411
1,4,0.2949845,2,4,0.15274619,3,4,0.15829497,-3813.1001,12.120513,-0.096001795,-3800.8835
1,4,0.32009049,2,4,0.15030556,3,4,0.16935525,-3813.5388,12.795026,-0.56691159,-3800.1768
1,4,0.31313596,2,4,0.18702525,3,4,0.1469725,-3815.1961,12.942674,-2.4785845,-3799.7749
1,4,0.29326638,2,4,0.14837108,3,4,0.16969222,-3813.3999,12.226593,-0.39797975,-3800.7753
1,4,0.26443966,2,4,0.14933906,3,4,0.15654223,-3815.0982,11.406419,-1.8805026,-3801.8112
1,4,0.29655716,2,4,0.1327229,3,4,0.16124908,-3814.1186,11.810583,-1.0209886,-3801.287
1,4,0.31285807,2,4,0.14632547,3,4,0.19107458,-3815.0606,13.005162,-2.3292446,-3799.7262
1,4,0.25856502,2,4,0.14486648,3,4,0.1733784,-3816.1445,11.536198,-2.8003078,-3801.808
1,4,0.29202399,2,4,0.15833767,3,4,0.13135609,-3814.8934,11.634355,-1.6858244,-3801.5732
1,4,0.30456903,2,4,0.17157202,3,4,0.15180978,-3813.637,12.559017,-0.67545156,-3800.4025
1,4,0.26562274,2,4,0.14554205,3,4,0.15690785,-3815.1329,11.361453,-1.9194747,-3801.852
1,4,0.32651672,2,4,0.1552424,3,4,0.15373746,-3813.5649,12.709932,-0.59505114,-3800.2599
1,4,0.298374,2,4,0.16298302,3,4,0.13165893,-3814.6518,11.860319,-1.4865607,-3801.3049
1,4,0.31272598,2,4,0.14081876,3,4,0.16638175,-3813.4581,12.39853,-0.45480936,-3800.6048
1,4,0.31070282,2,4,0.19041868,3,4,0.1665561,-3816.2074,13.353552,-3.6944113,-3799.1595
1,4,0.29553628,2,4,0.16317631,3,4,0.13917789,-3813.9334,11.957809,-0.8677326,-3801.1078
1,4,0.30423122,2,4,0.12421268,3,4,0.15538392,-3815.3316,11.676556,-2.047442,-3801.6076
1,4,0.28351304,2,4,0.1585941,3,4,0.159392,-3813.5311,12.029983,-0.50617523,-3800.995
1,4,0.33127265,2,4,0.16507891,3,4,0.14305016,-3814.3338,12.788034,-1.4137741,-3800.132
1,4,0.32164919,2,4,0.1647417,3,4,0.14294962,-3813.8987,12.58681,-0.92265685,-3800.3892
1,4,0.28020178,2,4,0.15233582,3,4,0.13640837,-3815.0186,11.378919,-1.8348461,-3801.8049
1,4,0.29350238,2,4,0.17247241,3,4,0.15833555,-3813.8227,12.486207,-0.86976008,-3800.4668
1,4,0.3144645,2,4,0.12011699,3,4,0.16994259,-3815.648,12.090482,-2.38537,-3801.1721
1,4,0.30796631,2,4,0.16635485,3,4,0.13234444,-3814.539,12.133312,-1.4319547,-3800.9737
1,4,0.30286315,2,4,0.17473081,3,4,0.15339415,-3813.8575,12.619762,-0.92322142,-3800.3145
1,4,0.28576635,2,4,0.15451419,3,4,0.15834,-3813.3929,11.972411,-0.3726633,-3801.0478
1,4,0.32181606,2,4,0.16819035,3,4,0.15210379,-3813.8003,12.842204,-0.85380027,-3800.1043
1,4,0.31286408,2,4,0.14941178,3,4,0.1618766,-3813.1332,12.483049,-0.1343979,-3800.5157
1,4,0.26168461,2,4,0.15490252,3,4,0.16219952,-3815.2505,11.575733,-2.0095209,-3801.6653
1,4,0.28657114,2,4,0.16031437,3,4,0.16409562,-3813.5195,12.219622,-0.51335737,-3800.7865
1,4,0.31182246,2,4,0.1444817,3,4,0.14910081,-3813.5233,12.108099,-0.4976659,-3800.9176
1,4,0.29256982,2,4,0.17005092,3,4,0.10895763,-3819.3285,11.431567,-5.1393729,-3802.7575
1,4,0.31509746,2,4,0.15183428,3,4,0.18132465,-3814.2067,12.965128,-1.3180607,-3799.9235
1,4,0.32498561,2,4,0.18858738,3,4,0.14794248,-3815.7841,13.230309,-3.1885177,-3799.3653
1,4,0.29259051,2,4,0.13592728,3,4,0.18423369,-3814.7468,12.255029,-1.7659422,-3800.7259
1,4,0.30230185,2,4,0.13705238,3,4,0.15694021,-3813.7025,11.925889,-0.65287967,-3801.1237
1,4,0.32290175,2,4,0.16482596,3,4,0.17077649,-3814.2404,13.170084,-1.3129021,-3799.7574
1,4,0.28606199,2,4,0.14966395,3,4,0.17140141,-3813.6976,12.142547,-0.68575129,-3800.8693
1,4,0.27964238,2,4,0.14588254,3,4,0.15226812,-3814.0859,11.555861,-1.0196416,-3801.5104
1,4,0.34607587,2,4,0.14375478,3,4,0.13590764,-3816.2312,12.514766,-3.2233107,-3800.4932
1,4,0.32448175,2,4,0.13436459,3,4,0.16348741,-3814.1611,12.446675,-1.147309,-3800.5672
1,4,0.2949303,2,4,0.16407738,3,4,0.15270666,-3813.321,12.234287,-0.31930421,-3800.7675
1,4,0.30081567,2,4,0.15944233,3,4,0.16108681,-3813.119,12.426896,-0.12013631,-3800.5719
1,4,0.30652639,2,4,0.1573217,3,4,0.13120623,-3814.6652,11.901086,-1.4929724,-3801.2711
1,4,0.30833135,2,4,0.15016886,3,4,0.19523243,-3815.5496,13.074653,-2.9274469,-3799.5475
1,4,0.29243008,2,4,0.15440616,3,4,0.14370941,-3813.672,11.810913,-0.63074525,-3801.2304
1,4,0.29440668,2,4,0.16718798,3,4,0.18067055,-3814.7356,12.845304,-1.9100954,-3799.9802
1,4,0.27984969,2,4,0.15066635,3,4,0.16448603,-3813.7764,11.900041,-0.7288489,-3801.1475
1,4,0.30368295,2,4,0.1245232,3,4,0.14494213,-3816.141,11.462965,-2.7444278,-3801.9336
1,4,0.30884792,2,4,0.15861718,3,4,0.15692872,-3813.0834,12.487877,-0.083486867,-3800.512
1,4,0.3149321,2,4,0.16664566,3,4,0.13735532,-3814.144,12.378662,-1.1219568,-3800.6434
1,4,0.28793533,2,4,0.15869745,3,4,0.15248826,-3813.4019,11.982421,-0.38272618,-3801.0368
1,4,0.30141539,2,4,0.16669661,3,4,0.14394138,-3813.6186,12.241068,-0.60723529,-3800.7703
1,4,0.32268224,2,4,0.15717288,3,4,0.1593825,-3813.4316,12.784752,-0.45062657,-3800.1962
1,4,0.30537639,2,4,0.14936507,3,4,0.15556391,-3813.0709,12.206108,-0.067835733,-3800.7969
1,4,0.31993286,2,4,0.14614673,3,4,0.17449862,-3813.8115,12.811564,-0.86716387,-3800.1328
1,4,0.30002142,2,4,0.12860748,3,4,0.15252991,-3814.8873,11.623176,-1.6900316,-3801.5741
1,4,0.32361246,2,4,0.14590895,3,4,0.16039839,-3813.501,12.598396,-0.51896417,-3800.3836
1,4,0.30155088,2,4,0.13829475,3,4,0.16197898,-3813.5351,12.036492,-0.50127567,-3800.9974
1,4,0.30048321,2,4,0.14990585,3,4,0.18464412,-3814.3145,12.700664,-1.4419491,-3800.1719
1,4,0.32748887,2,4,0.16718319,3,4,0.14428309,-3814.1699,12.779103,-1.24098,-3800.1499
1,4,0.31469212,2,4,0.17273746,3,4,0.18153196,-3815.5253,13.379231,-2.7948715,-3799.3512
1,4,0.2970125,2,4,0.15631355,3,4,0.16552766,-3813.1957,12.377074,-0.19805822,-3800.6206
1,4,0.29647277,2,4,0.16475601,3,4,0.16763372,-3813.5966,12.57725,-0.62729015,-3800.3921
1,4,0.35224972,2,4,0.14344751,3,4,0.15413628,-3815.488,12.99667,-2.7425992,-3799.7487
1,4,0.32654992,2,4,0.16113107,3,4,0.15123205,-3813.7089,12.778261,-0.75060099,-3800.18
1,4,0.28655071,2,4,0.13131911,3,4,0.1626988,-3814.6265,11.611372,-1.4713862,-3801.5437
1,4,0.28933674,2,4,0.1535962,3,4,0.17630072,-3813.8706,12.384673,-0.90321506,-3800.5827
1,4,0.30801095,2,4,0.15632015,3,4,0.17726873,-3813.8508,12.831997,-0.91463608,-3800.1041
1,4,0.29877049,2,4,0.15646128,3,4,0.13825329,-3813.9439,11.869701,-0.86658055,-3801.2076
1,4,0.31836481,2,4,0.14043776,3,4,0.15271501,-3813.7265,12.230352,-0.69861194,-3800.7975
1,4,0.27549482,2,4,0.13914208,3,4,0.15596757,-3814.7002,11.412089,-1.5647112,-3801.7234
1,4,0.287194,2,4,0.10865262,3,4,0.18776827,-3819.1117,11.672298,-5.2514772,-3802.1879
1,4,0.30170736,2,4,0.14030132,3,4,0.14547806,-3814.0464,11.749735,-0.97359276,-3801.3231
1,4,0.32726426,2,4,0.15885618,3,4,0.15434605,-3813.6502,12.80933,-0.68932613,-3800.1515
1,4,0.30541088,2,4,0.16665422,3,4,0.17280465,-3814.0192,12.897395,-1.0929097,-3800.0289
1,4,0.30454433,2,4,0.15861513,3,4,0.15116648,-3813.1242,12.286519,-0.12112848,-3800.7165
1,4,0.26489036,2,4,0.14532632,3,4,0.14952925,-3815.5385,11.194919,-2.2934236,-3802.0502
1,4,0.28371209,2,4,0.13681824,3,4,0.1603265,-3814.2454,11.617137,-1.1489614,-3801.4793
1,4,0.27361462,2,4,0.16864852,3,4,0.16317828,-3814.567,12.108828,-1.5308188,-3800.9274
1,4,0.30423623,2,4,0.15367122,3,4,0.1586481,-3813.0023,12.331111,-0.00062168744,-3800.6706
1,4,0.2831054,2,4,0.15566367,3,4,0.18574087,-3814.9575,12.490199,-2.093546,-3800.3738
1,4,0.28746474,2,4,0.16794118,3,4,0.1385995,-3814.3676,11.880108,-1.2716462,-3801.2158
1,4,0.33336533,2,4,0.14208932,3,4,0.15303909,-3814.227,12.569875,-1.2610866,-3800.3961
1,4,0.3046675,2,4,0.12638236,3,4,0.17439888,-3814.8269,12.108975,-1.6973856,-3801.0205
1,4,0.29897075,2,4,0.15663656,3,4,0.16168623,-3813.0823,12.345871,-0.081457282,-3800.655
1,4,0.30939173,2,4,0.15509796,3,4,0.15520753,-3813.0507,12.393944,-0.049492476,-3800.6073
1,4,0.26581387,2,4,0.12907512,3,4,0.15317106,-3816.9535,10.961201,-3.5010506,-3802.4912
1,4,0.34316977,2,4,0.15347335,3,4,0.17058773,-3814.9577,13.344617,-2.160316,-3799.4527
