1,4,0.29998764,2,4,0.10022105,3,4,0.16829856,-4341.2606,11.370145,-7.1719105,-4322.7186
1,4,0.26692926,2,4,0.12985927,3,4,0.14271263,-4334.6997,10.790023,-1.2911352,-4322.6186
1,4,0.26321189,2,4,0.14259414,3,4,0.14259971,-4334.035,10.968115,-0.68999882,-4322.3769
1,4,0.27233305,2,4,0.17331908,3,4,0.11319936,-4337.01,11.17703,-3.5269602,-4322.306
1,4,0.30201276,2,4,0.14548831,3,4,0.13799659,-4333.7961,11.709953,-0.51217816,-4321.574
1,4,0.29726031,2,4,0.15418609,3,4,0.12796832,-4334.0698,11.588294,-0.76743892,-4321.7141
1,4,0.30054937,2,4,0.15559496,3,4,0.13137593,-4334.0604,11.750405,-0.78472415,-4321.5253
1,4,0.28835615,2,4,0.14673193,3,4,0.140357,-4333.3368,11.508902,-0.032044704,-4321.7958
1,4,0.2784338,2,4,0.14513412,3,4,0.13319294,-4333.5733,11.135217,-0.25968752,-4322.1784
1,4,0.32310102,2,4,0.12218464,3,4,0.1215319,-4339.0327,11.336351,-5.3890807,-4322.3073
1,4,0.26399696,2,4,0.15458204,3,4,0.12716699,-4334.6024,10.91492,-1.2102028,-4322.4773
1,4,0.30229577,2,4,0.12175536,3,4,0.13672144,-4335.9241,11.215451,-2.4083859,-4322.3003
1,4,0.26829962,2,4,0.13503656,3,4,0.13907632,-4334.2059,10.84825,-0.85438564,-4322.5033
1,4,0.26803119,2,4,0.13855555,3,4,0.12460985,-4335.0723,10.623932,-1.6491953,-4322.7992
1,4,0.29236672,2,4,0.1411968,3,4,0.13687443,-4333.5712,11.408759,-0.26293922,-4321.8995
1,4,0.32756789,2,4,0.12152299,3,4,0.11401888,-4341.125,11.262195,-7.1939468,-4322.6688
1,4,0.31891723,2,4,0.14881454,3,4,0.13816668,-4335.0027,12.117969,-1.8561711,-4321.0286
1,4,0.28648567,2,4,0.14403498,3,4,0.15921162,-4334.2119,11.794645,-0.97909676,-4321.4382
1,4,0.27519522,2,4,0.12525001,3,4,0.16489016,-4335.7962,11.306708,-2.4678273,-4322.0217
1,4,0.28922379,2,4,0.15257229,3,4,0.14226812,-4333.4653,11.681284,-0.16378628,-4321.6202
1,4,0.33404266,2,4,0.1424332,3,4,0.14317374,-4336.6648,12.392992,-3.8073172,-4320.4645
1,4,0.29841852,2,4,0.12982417,3,4,0.13723184,-4334.5853,11.309491,-1.2171017,-4322.0587
1,4,0.28816377,2,4,0.14064863,3,4,0.14767171,-4333.5274,11.529682,-0.22549267,-4321.7723
1,4,0.28836278,2,4,0.15164501,3,4,0.1176067,-4334.9959,11.15229,-1.5353963,-4322.3082
1,4,0.27649569,2,4,0.14160797,3,4,0.14837984,-4333.5735,11.32967,-0.2667184,-4321.9771
1,4,0.29380011,2,4,0.15059546,3,4,0.13029386,-4333.7587,11.493789,-0.4488569,-4321.816
1,4,0.29981201,2,4,0.12951991,3,4,0.13594194,-4334.7378,11.305477,-1.3618341,-4322.0704
1,4,0.27465186,2,4,0.15410406,3,4,0.12268002,-4334.5112,11.028719,-1.1146817,-4322.3678
1,4,0.27650634,2,4,0.14529564,3,4,0.1502903,-4333.6104,11.441846,-0.31156777,-4321.857
1,4,0.28811981,2,4,0.14372108,3,4,0.12764456,-4333.959,11.189709,-0.61733535,-4322.152
1,4,0.25573765,2,4,0.16357907,3,4,0.1429816,-4335.2384,11.245966,-1.9018889,-4322.0905
1,4,0.25656655,2,4,0.15318085,3,4,0.13689288,-4334.6102,10.932806,-1.2154993,-4322.4619
1,4,0.29065577,2,4,0.13509478,3,4,0.14251589,-4333.7635,11.365329,-0.44248316,-4321.9557
1,4,0.28266541,2,4,0.14639961,3,4,0.13852788,-4333.3267,11.351858,-0.021407085,-4321.9535
1,4,0.27481522,2,4,0.12559532,3,4,0.15413537,-4335.0111,11.090918,-1.5885037,-4322.3317
1,4,0.3109838,2,4,0.14435515,3,4,0.1254927,-4335.0319,11.616633,-1.7438753,-4321.6714
1,4,0.27757773,2,4,0.1596695,3,4,0.14184486,-4333.8086,11.581842,-0.52657794,-4321.7001
1,4,0.29210095,2,4,0.14858266,3,4,0.10960664,-4336.6126,11.005805,-2.8833841,-4322.7234
1,4,0.27866589,2,4,0.15022216,3,4,0.13586835,-4333.4331,11.295128,-0.1254242,-4322.0126
1,4,0.2755912,2,4,0.17306307,3,4,0.14468354,-4335.2945,11.866756,-2.1985887,-4321.2291
1,4,0.29309544,2,4,0.14480081,3,4,0.15609136,-4334.0807,11.879752,-0.8273367,-4321.3736
1,4,0.29201302,2,4,0.14747411,3,4,0.12400619,-4334.2624,11.269866,-0.89891124,-4322.0936
1,4,0.29963233,2,4,0.1538144,3,4,0.14766481,-4334.0481,12.022231,-0.77329948,-4321.2526
1,4,0.29135646,2,4,0.15936629,3,4,0.11491466,-4335.5396,11.312748,-2.0714808,-4322.1554
1,4,0.25353375,2,4,0.15839251,3,4,0.11331177,-4337.5772,10.504761,-3.7352749,-4323.3372
1,4,0.26700698,2,4,0.12823493,3,4,0.1367693,-4335.1196,10.640224,-1.6778837,-4322.8015
1,4,0.25509926,2,4,0.15596734,3,4,0.14248295,-4334.7969,11.070991,-1.4083525,-4322.3175
1,4,0.2862456,2,4,0.15903114,3,4,0.13245495,-4333.8003,11.554634,-0.50890688,-4321.7367
1,4,0.27383012,2,4,0.15719396,3,4,0.14892774,-4333.9868,11.599036,-0.70949944,-4321.6783
1,4,0.26385061,2,4,0.16288306,3,4,0.13874988,-4334.5339,11.309671,-1.2303485,-4321.9939
1,4,0.27539429,2,4,0.11805434,3,4,0.14190878,-4336.2033,10.707148,-2.5377166,-4322.9584
1,4,0.28820468,2,4,0.14351439,3,4,0.12247904,-4334.5317,11.083962,-1.1296633,-4322.3181
1,4,0.28576682,2,4,0.14177506,3,4,0.16154337,-4334.4301,11.781705,-1.2221825,-4321.4262
1,4,0.2703373,2,4,0.14811803,3,4,0.13689125,-4333.6407,11.106931,-0.32347729,-4322.2103
1,4,0.28896917,2,4,0.14910054,3,4,0.13890301,-4333.3645,11.539455,-0.060176075,-4321.7648
1,4,0.28363584,2,4,0.16066172,3,4,0.13076269,-4333.9553,11.501205,-0.66391739,-4321.7902
1,4,0.29733378,2,4,0.16835089,3,4,0.11525287,-4336.1034,11.618751,-2.7873973,-4321.6972
1,4,0.2925743,2,4,0.12148166,3,4,0.14064875,-4335.4658,11.094094,-1.9467689,-4322.4249
1,4,0.291801,2,4,0.14356844,3,4,0.13751207,-4333.4693,11.45763,-0.16420961,-4321.8475
1,4,0.25721837,2,4,0.14518394,3,4,0.15359936,-4334.784,11.120033,-1.4188558,-4322.2451
1,4,0.26173804,2,4,0.13545322,3,4,0.14237963,-4334.5178,10.791418,-1.1347534,-4322.5916
1,4,0.28468626,2,4,0.15291103,3,4,0.13604823,-4333.4396,11.47291,-0.13569053,-4321.831
1,4,0.28439282,2,4,0.14978554,3,4,0.15142929,-4333.6875,11.712153,-0.40010559,-4321.5753
1,4,0.28216713,2,4,0.12777863,3,4,0.16338981,-4335.2634,11.466712,-1.9897763,-4321.8069
1,4,0.30421571,2,4,0.15701145,3,4,0.1277848,-4334.4824,11.780239,-1.2225818,-4321.4796
1,4,0.23961593,2,4,0.15997787,3,4,0.13538999,-4337.0064,10.699676,-3.3147105,-4322.992
1,4,0.24253157,2,4,0.15522967,3,4,0.15699962,-4336.8896,11.095217,-3.4048031,-4322.3896
1,4,0.27523144,2,4,0.13881106,3,4,0.15425577,-4333.9662,11.365965,-0.66779847,-4321.9324
1,4,0.31190925,2,4,0.15441276,3,4,0.14273005,-4334.648,12.181041,-1.4398668,-4321.027
1,4,0.26769111,2,4,0.14437343,3,4,0.14362801,-4333.7343,11.113851,-0.41123055,-4322.2093
1,4,0.25824481,2,4,0.14099731,3,4,0.13260953,-4334.8363,10.637033,-1.4358933,-4322.7634
1,4,0.27066021,2,4,0.12184292,3,4,0.15554778,-4335.7652,10.961018,-2.2428131,-4322.5613
1,4,0.26126533,2,4,0.16622697,3,4,0.18595473,-4340.6105,12.268941,-8.669679,-4319.6719
1,4,0.28082842,2,4,0.16587061,3,4,0.13000042,-4334.3833,11.533989,-1.1229658,-4321.7264
1,4,0.30420222,2,4,0.13620209,3,4,0.13358181,-4334.4378,11.479722,-1.1253304,-4321.8327
1,4,0.26870376,2,4,0.15052864,3,4,0.14814976,-4333.8309,11.347643,-0.52174654,-4321.9615
1,4,0.26932533,2,4,0.13976658,3,4,0.14828123,-4333.8671,11.147463,-0.54198032,-4322.1776
1,4,0.28031188,2,4,0.13528372,3,4,0.1463768,-4333.7411,11.239448,-0.41747592,-4322.0841
1,4,0.27790756,2,4,0.12405358,3,4,0.15053982,-4335.0144,11.050019,-1.5609187,-4322.4034
1,4,0.28576371,2,4,0.14860509,3,4,0.1393558,-4333.3227,11.474492,-0.017738429,-4321.8305
1,4,0.28445801,2,4,0.1320934,3,4,0.14096285,-4333.9817,11.150285,-0.63408749,-4322.1973
1,4,0.2971458,2,4,0.1567748,3,4,0.1338276,-4333.8874,11.754964,-0.60743406,-4321.525
1,4,0.29551529,2,4,0.15992407,3,4,0.12424492,-4334.5094,11.593686,-1.2075997,-4321.7081
1,4,0.26250046,2,4,0.16572141,3,4,0.12739826,-4335.2485,11.112402,-1.8813553,-4322.2548
1,4,0.28123257,2,4,0.14896634,3,4,0.13412506,-4333.4515,11.286479,-0.14220351,-4322.0228
1,4,0.26813536,2,4,0.15908069,3,4,0.14146104,-4334.0533,11.373542,-0.75293459,-4321.9268
1,4,0.26141363,2,4,0.15254228,3,4,0.13645848,-4334.2123,11.008288,-0.85561139,-4322.3484
1,4,0.25421614,2,4,0.16057457,3,4,0.14387277,-4335.1662,11.17327,-1.7959406,-4322.1969
1,4,0.29134667,2,4,0.14279088,3,4,0.12685542,-4334.1113,11.219859,-0.76156612,-4322.1298
1,4,0.30540527,2,4,0.16290904,3,4,0.16279103,-4336.5702,12.622107,-3.5707341,-4320.3774
1,4,0.29645321,2,4,0.14576687,3,4,0.14522877,-4333.6021,11.748977,-0.30738552,-4321.5457
1,4,0.27460691,2,4,0.14991733,3,4,0.13051846,-4333.7755,11.100854,-0.4485921,-4322.226
1,4,0.28784392,2,4,0.15164455,3,4,0.11672384,-4335.132,11.124246,-1.6496854,-4322.3581
1,4,0.30018265,2,4,0.12532001,3,4,0.1354724,-4335.3392,11.219501,-1.8902449,-4322.2294
1,4,0.29346984,2,4,0.11814421,3,4,0.14415132,-4335.9816,11.115307,-2.3891351,-4322.4772
1,4,0.26262898,2,4,0.146657,3,4,0.1483746,-4334.1207,11.153211,-0.78222774,-4322.1853
1,4,0.27096275,2,4,0.12373732,3,4,0.12967218,-4336.2227,10.487445,-2.6405729,-4323.0946
1,4,0.27901334,2,4,0.14281203,3,4,0.14664759,-4333.4512,11.369459,-0.14581062,-4321.9359
1,4,0.27414566,2,4,0.15293814,3,4,0.14056361,-4333.5328,11.352948,-0.22631629,-4321.9535
1,4,0.28257313,2,4,0.14013184,3,4,0.16218651,-4334.4968,11.69783,-1.288117,-4321.5109
1,4,0.24978029,2,4,0.11735392,3,4,0.15101895,-4338.2592,10.363063,-4.2891844,-4323.607
1,4,0.26262568,2,4,0.14290758,3,4,0.15705443,-4334.6359,11.251754,-1.3215005,-4322.0627
1,4,0.27034066,2,4,0.16427503,3,4,0.12552189,-4334.8307,11.202752,-1.4858762,-4322.1421
1,4,0.28287408,2,4,0.14495462,3,4,0.14777171,-4333.436,11.512008,-0.13437397,-4321.7897
1,4,0.27725563,2,4,0.16679691,3,4,0.13576331,-4334.3636,11.596317,-1.1268865,-4321.6404
1,4,0.30225192,2,4,0.14488807,3,4,0.16042559,-4334.8745,12.151311,-1.7057114,-4321.0174
1,4,0.25537658,2,4,0.13814942,3,4,0.13100676,-4335.4195,10.490655,-1.9683854,-4322.9605
1,4,0.29877335,2,4,0.15258696,3,4,0.15164879,-4334.1906,12.060182,-0.92700005,-4321.2035
1,4,0.27708183,2,4,0.15604943,3,4,0.14409679,-4333.6515,11.544561,-0.35732273,-4321.7496
1,4,0.29053298,2,4,0.14351532,3,4,0.15447992,-4333.884,11.770564,-0.61322414,-4321.5003
1,4,0.28660551,2,4,0.14293335,3,4,0.14817509,-4333.4818,11.554279,-0.18127375,-4321.7462
1,4,0.29575125,2,4,0.17188538,3,4,0.13843844,-4335.1324,12.121501,-2.0211927,-4320.9897
1,4,0.2683617,2,4,0.15160036,3,4,0.14090015,-4333.7158,11.217244,-0.39747293,-4322.1011
1,4,0.27920752,2,4,0.154862,3,4,0.13038886,-4333.7512,11.289168,-0.43341471,-4322.0286
1,4,0.28403747,2,4,0.13783333,3,4,0.12060153,-4335.1889,10.849447,-1.7125016,-4322.627
1,4,0.32285995,2,4,0.12416568,3,4,0.14162136,-4336.775,11.77294,-3.5542408,-4321.4478
1,4,0.29693692,2,4,0.1231805,3,4,0.15170549,-4335.2571,11.436458,-1.8619747,-4321.9587
1,4,0.34227844,2,4,0.15835457,3,4,0.10617981,-4340.9652,12.136256,-8.0954784,-4320.7335
1,4,0.27021411,2,4,0.15338073,3,4,0.16210235,-4334.9911,11.713944,-1.8169052,-4321.4603
1,4,0.26207713,2,4,0.16028171,3,4,0.12868266,-4334.8297,11.02083,-1.4452796,-4322.3636
1,4,0.31630731,2,4,0.14584927,3,4,0.1284485,-4335.144,11.812101,-1.9342111,-4321.3976
1,4,0.26229533,2,4,0.13124379,3,4,0.14242401,-4334.8604,10.719262,-1.441071,-4322.7
1,4,0.25930281,2,4,0.12517188,3,4,0.13920423,-4336.0123,10.473578,-2.4562336,-4323.0825
1,4,0.30152267,2,4,0.14719557,3,4,0.14125478,-4333.7589,11.79946,-0.47529451,-4321.4841
1,4,0.2962839,2,4,0.15709886,3,4,0.12906839,-4334.0643,11.649023,-0.77483123,-4321.6404
1,4,0.29552451,2,4,0.15557158,3,4,0.1354186,-4333.7422,11.730294,-0.45451364,-4321.5574
1,4,0.2720665,2,4,0.15224612,3,4,0.14488409,-4333.6387,11.383934,-0.33271889,-4321.9221
1,4,0.30737567,2,4,0.14114929,3,4,0.1390138,-4334.1705,11.750775,-0.90818421,-4321.5116
1,4,0.28590524,2,4,0.16124127,3,4,0.13173602,-4333.9566,11.57765,-0.67490453,-4321.704
1,4,0.26630603,2,4,0.15681779,3,4,0.16497887,-4335.7208,11.762054,-2.6266787,-4321.3321
1,4,0.27821459,2,4,0.15164405,3,4,0.14353857,-4333.4409,11.467944,-0.13752508,-4321.8354
1,4,0.28710124,2,4,0.12416585,3,4,0.13906337,-4335.0351,11.006609,-1.5641392,-4322.4643
1,4,0.26493562,2,4,0.13738481,3,4,0.1407278,-4334.1865,10.860965,-0.83475094,-4322.4908
1,4,0.23376952,2,4,0.15783568,3,4,0.15379518,-4338.1512,10.908007,-4.4273153,-4322.8159
1,4,0.26542548,2,4,0.15396088,3,4,0.15938172,-4334.9327,11.575362,-1.7094974,-4321.6478
1,4,0.23970854,2,4,0.14854821,3,4,0.14371756,-4336.5394,10.639486,-2.8668252,-4323.0331
1,4,0.27625164,2,4,0.14678859,3,4,0.1345217,-4333.5303,11.151239,-0.2188086,-4322.1603
1,4,0.27575658,2,4,0.1356453,3,4,0.15490188,-4334.1314,11.326075,-0.82394159,-4321.9814
1,4,0.26197911,2,4,0.14839075,3,4,0.14165365,-4334.0473,11.04047,-0.70056,-4322.3063
1,4,0.24956479,2,4,0.13756635,3,4,0.16958559,-4337.215,11.134335,-3.8718895,-4322.2088
1,4,0.2931986,2,4,0.11728808,3,4,0.14550499,-4336.1159,11.119833,-2.503516,-4322.4926
1,4,0.27350147,2,4,0.11766385,3,4,0.13584987,-4336.7267,10.540304,-2.9995153,-4323.1869
1,4,0.31927111,2,4,0.1475099,3,4,0.14183158,-4335.04,12.172252,-1.8996116,-4320.9682
1,4,0.28059933,2,4,0.16520219,3,4,0.11457058,-4335.8867,11.207442,-2.4047499,-4322.2745
1,4,0.2684503,2,4,0.14567513,3,4,0.13052474,-4334.0824,10.893003,-0.73951327,-4322.4499
1,4,0.31982891,2,4,0.14440078,3,4,0.12810385,-4335.5079,11.846671,-2.3307579,-4321.3304
1,4,0.29376963,2,4,0.12871006,3,4,0.11070164,-4338.4612,10.663627,-4.4389821,-4323.3586
1,4,0.29736793,2,4,0.16170598,3,4,0.13960959,-4334.183,11.97367,-0.9336167,-4321.2757
1,4,0.27738312,2,4,0.13168553,3,4,0.1544749,-4334.3337,11.270871,-1.0011828,-4322.0617
1,4,0.30859239,2,4,0.16430931,3,4,0.11911777,-4335.8562,11.840389,-2.6399718,-4321.3759
1,4,0.26151137,2,4,0.13173937,3,4,0.13945448,-4334.9478,10.654104,-1.5280135,-4322.7656
1,4,0.26943336,2,4,0.13429735,3,4,0.12988181,-4334.7937,10.67225,-1.4040245,-4322.7174
1,4,0.28661311,2,4,0.12997273,3,4,0.14133199,-4334.1911,11.158357,-0.82422724,-4322.2085
1,4,0.30502172,2,4,0.17102795,3,4,0.12823468,-4335.5512,12.085687,-2.4673276,-4320.9982
1,4,0.29562413,2,4,0.13293542,3,4,0.13152679,-4334.5157,11.201727,-1.1433129,-4322.1707
1,4,0.30296016,2,4,0.16260486,3,4,0.12877504,-4334.6685,11.886801,-1.4470066,-4321.3347
1,4,0.27519057,2,4,0.1491392,3,4,0.15474573,-4333.9715,11.58151,-0.69867773,-4321.6913
1,4,0.24952685,2,4,0.15955715,3,4,0.1487758,-4335.7468,11.157196,-2.341722,-4322.2479
1,4,0.27228738,2,4,0.14523549,3,4,0.15560455,-4334.0512,11.462548,-0.77118045,-4321.8175
1,4,0.28076682,2,4,0.13982699,3,4,0.13090221,-4333.8974,11.02992,-0.56517531,-4322.3023
1,4,0.28155627,2,4,0.16027237,3,4,0.13069586,-4333.9448,11.45049,-0.64804964,-4321.8463
1,4,0.27878192,2,4,0.15165089,3,4,0.12567272,-4334.0631,11.122111,-0.70918562,-4322.2318
1,4,0.27362177,2,4,0.13434851,3,4,0.13489646,-4334.2178,10.857335,-0.86702218,-4322.4934
1,4,0.29059774,2,4,0.15412952,3,4,0.14564707,-4333.6519,11.807487,-0.35705891,-4321.4873
1,4,0.30260041,2,4,0.127602,3,4,0.15036589,-4334.9093,11.611366,-1.5975068,-4321.7005
1,4,0.27913119,2,4,0.15262927,3,4,0.16123174,-4334.67,11.859844,-1.4852651,-4321.3249
1,4,0.28992062,2,4,0.1659562,3,4,0.11866962,-4335.3278,11.490929,-1.9924995,-4321.8444
1,4,0.29738387,2,4,0.12975346,3,4,0.14658643,-4334.3977,11.474475,-1.0632624,-4321.8599
1,4,0.31665886,2,4,0.16327972,3,4,0.12595407,-4335.7946,12.117853,-2.7075807,-4320.9692
1,4,0.2808145,2,4,0.1371021,3,4,0.14232063,-4333.6024,11.204744,-0.28479569,-4322.1128
1,4,0.28986138,2,4,0.16002858,3,4,0.13361414,-4333.8681,11.670082,-0.5885771,-4321.6094
1,4,0.29918539,2,4,0.15545128,3,4,0.1586328,-4335.0075,12.265389,-1.8245961,-4320.9175
1,4,0.31482625,2,4,0.15532524,3,4,0.14285716,-4334.9343,12.260173,-1.7592499,-4320.9149
1,4,0.28155068,2,4,0.15130691,3,4,0.14904035,-4333.5969,11.637959,-0.30267327,-4321.6563
1,4,0.32071425,2,4,0.14927424,3,4,0.13120436,-4335.3449,12.023857,-2.215739,-4321.1053
1,4,0.26376816,2,4,0.12509109,3,4,0.14805137,-4335.4909,10.738212,-1.9780405,-4322.7746
1,4,0.24531998,2,4,0.14969998,3,4,0.14117667,-4335.7371,10.723933,-2.1893441,-4322.8239
1,4,0.29619969,2,4,0.16878941,3,4,0.12587912,-4335.0463,11.817364,-1.8545441,-4321.3744
1,4,0.23211742,2,4,0.17117264,3,4,0.14377383,-4339.1627,10.941278,-5.444773,-4322.7766
1,4,0.29594262,2,4,0.14313805,3,4,0.13390862,-4333.7149,11.459786,-0.40800994,-4321.8471
1,4,0.28163986,2,4,0.16769168,3,4,0.14379195,-4334.5487,11.86247,-1.3530088,-4321.3332
1,4,0.28410553,2,4,0.14699058,3,4,0.12942582,-4333.7143,11.210439,-0.3887074,-4322.1151
1,4,0.25619825,2,4,0.15706732,3,4,0.14309685,-4334.7584,11.127248,-1.3862975,-4322.2448
1,4,0.28490074,2,4,0.12362062,3,4,0.15926627,-4335.3787,11.355753,-2.003401,-4322.0196
1,4,0.28328844,2,4,0.13323242,3,4,0.15080861,-4333.9765,11.346589,-0.6535776,-4321.9764
1,4,0.2671003,2,4,0.14978034,3,4,0.1320418,-4334.0058,10.978449,-0.66499932,-4322.3623
1,4,0.27008029,2,4,0.14511056,3,4,0.15415678,-4334.0265,11.386953,-0.73252037,-4321.907
1,4,0.29391295,2,4,0.15660205,3,4,0.14581911,-4333.8851,11.926682,-0.60251135,-4321.3559
1,4,0.26962148,2,4,0.15261908,3,4,0.13548369,-4333.7595,11.154485,-0.43813313,-4322.1669
1,4,0.2608608,2,4,0.15137469,3,4,0.14353047,-4334.1792,11.115319,-0.83014145,-4322.2337
1,4,0.29089602,2,4,0.13508189,3,4,0.15863185,-4334.4021,11.692195,-1.1548982,-4321.555
1,4,0.28898336,2,4,0.15898073,3,4,0.12962828,-4333.9493,11.551847,-0.65389644,-4321.7436
1,4,0.25883634,2,4,0.13369611,3,4,0.14219634,-4334.9009,10.694576,-1.4796473,-4322.7267
1,4,0.28768134,2,4,0.13886393,3,4,0.15859365,-4334.2124,11.702778,-0.9668345,-4321.5428
1,4,0.28470273,2,4,0.14016708,3,4,0.12925855,-4333.9788,11.082567,-0.63757207,-4322.2587
1,4,0.27430927,2,4,0.12743397,3,4,0.14699424,-4334.6223,10.97475,-1.2101477,-4322.4374
1,4,0.25370097,2,4,0.1685705,3,4,0.14563536,-4335.9861,11.358136,-2.7100174,-4321.918
1,4,0.29022237,2,4,0.12864525,3,4,0.16681857,-4335.5787,11.713724,-2.415942,-4321.4491
1,4,0.27455322,2,4,0.13703391,3,4,0.11284842,-4336.9722,10.488711,-3.2237273,-4323.2598
1,4,0.27185154,2,4,0.17474478,3,4,0.14482535,-4335.6181,11.828433,-2.5575181,-4321.2321
1,4,0.28336727,2,4,0.14975196,3,4,0.10806775,-4336.9362,10.823739,-3.1096429,-4323.0028
1,4,0.29597652,2,4,0.15041565,3,4,0.13350095,-4333.6686,11.597862,-0.36968861,-4321.701
1,4,0.28758403,2,4,0.15861063,3,4,0.15042604,-4334.1236,11.932414,-0.86352514,-4321.3276
1,4,0.28439842,2,4,0.17395483,3,4,0.13709729,-4335.1278,11.909011,-2.0277608,-4321.191
1,4,0.29232959,2,4,0.1459053,3,4,0.11638998,-4335.3815,11.092497,-1.8704084,-4322.4186
1,4,0.31734512,2,4,0.15651512,3,4,0.13065468,-4335.2411,12.090299,-2.1037136,-4321.0471
1,4,0.27215385,2,4,0.12345935,3,4,0.152231,-4335.3319,10.956884,-1.8451108,-4322.5299
1,4,0.30031597,2,4,0.12648647,3,4,0.13437292,-4335.2489,11.223507,-1.81394,-4322.2114
1,4,0.2905049,2,4,0.17974754,3,4,0.13083536,-4336.0272,12.021756,-3.0802938,-4320.9251
1,4,0.28792898,2,4,0.12554318,3,4,0.15123474,-4334.7549,11.294138,-1.3624453,-4322.0984
1,4,0.27620167,2,4,0.14649819,3,4,0.13799038,-4333.4258,11.213805,-0.11832187,-4322.0937
1,4,0.27179685,2,4,0.12823683,3,4,0.13611738,-4334.9081,10.723021,-1.4823083,-4322.7028
1,4,0.30059815,2,4,0.14108504,3,4,0.14725847,-4333.8805,11.778833,-0.60138099,-4321.5003
1,4,0.30063722,2,4,0.13538963,3,4,0.15052487,-4334.2125,11.731034,-0.93906318,-4321.5424
1,4,0.27442427,2,4,0.16982504,3,4,0.1544531,-4335.6029,11.974048,-2.5334651,-4321.0954
1,4,0.29257544,2,4,0.16219688,3,4,0.13313768,-4334.0839,11.7582,-0.82376942,-4321.5019
1,4,0.28390609,2,4,0.15902478,3,4,0.12957156,-4333.9237,11.450049,-0.62017068,-4321.8534
1,4,0.25991007,2,4,0.15909988,3,4,0.13157079,-4334.7564,11.011615,-1.3738637,-4322.3709
1,4,0.27770435,2,4,0.14485479,3,4,0.12092882,-4334.7807,10.869759,-1.3466486,-4322.5643
1,4,0.27654829,2,4,0.13581855,3,4,0.14593656,-4333.7684,11.166068,-0.44268942,-4322.1596
1,4,0.29804376,2,4,0.15349414,3,4,0.13926924,-4333.7272,11.816143,-0.43958418,-4321.4715
1,4,0.27893261,2,4,0.15402523,3,4,0.160929,-4334.7177,11.877737,-1.5364306,-4321.3035
1,4,0.29668566,2,4,0.15513901,3,4,0.13036297,-4333.936,11.643753,-0.64363362,-4321.6486
1,4,0.24943882,2,4,0.16191957,3,4,0.1409762,-4335.7167,11.046692,-2.279191,-4322.3908
1,4,0.28455048,2,4,0.15548558,3,4,0.13892986,-4333.5018,11.579318,-0.20364491,-4321.7189
1,4,0.29717865,2,4,0.14846453,3,4,0.12261804,-4334.5312,11.365224,-1.1646675,-4322.0013
1,4,0.29718699,2,4,0.13068124,3,4,0.15601814,-4334.6621,11.677727,-1.3919993,-4321.5924
1,4,0.28943801,2,4,0.13713287,3,4,0.1178672,-4335.7091,10.888762,-2.1582305,-4322.6621
1,4,0.3016931,2,4,0.14797419,3,4,0.12496589,-4334.4643,11.492664,-1.1361307,-4321.8355
1,4,0.31310101,2,4,0.14795969,3,4,0.14322147,-4334.5432,12.085643,-1.3344733,-4321.123
1,4,0.29709626,2,4,0.14961454,3,4,0.13832247,-4333.5908,11.700665,-0.29581122,-4321.5943
1,4,0.2685811,2,4,0.12666276,3,4,0.14629739,-4334.9694,10.830825,-1.519504,-4322.619
1,4,0.29811682,2,4,0.1496104,3,4,0.14052909,-4333.6289,11.765126,-0.33610639,-4321.5276
1,4,0.29599594,2,4,0.15120708,3,4,0.1445308,-4333.6588,11.834676,-0.36423029,-4321.4599
1,4,0.22780074,2,4,0.15081043,3,4,0.13359924,-4339.0358,10.244208,-4.8840387,-4323.9075
1,4,0.26551302,2,4,0.17048351,3,4,0.15376345,-4335.9146,11.795199,-2.8389826,-4321.2805
1,4,0.31958203,2,4,0.13327017,3,4,0.16255081,-4336.502,12.30806,-3.5637458,-4320.6302
1,4,0.29260464,2,4,0.13718366,3,4,0.15220752,-4333.9205,11.639916,-0.63430744,-4321.6463
1,4,0.27990486,2,4,0.15567916,3,4,0.14742178,-4333.722,11.660116,-0.43435462,-4321.6276
1,4,0.30751233,2,4,0.15508156,3,4,0.14601279,-4334.4893,12.172134,-1.2531148,-4321.064
1,4,0.27230354,2,4,0.15989738,3,4,0.13165644,-4334.0821,11.277147,-0.76886876,-4322.0361
1,4,0.31818566,2,4,0.14739451,3,4,0.12295379,-4335.7611,11.770679,-2.5363337,-4321.454
1,4,0.29875069,2,4,0.14182303,3,4,0.15334302,-4334.0842,11.878335,-0.82519802,-4321.3806
1,4,0.28095622,2,4,0.14278595,3,4,0.13599151,-4333.4752,11.194673,-0.1662108,-4322.1143
1,4,0.27793497,2,4,0.15067363,3,4,0.16497071,-4335.0273,11.871586,-1.8982173,-4321.2574
1,4,0.27761956,2,4,0.14256946,3,4,0.1431895,-4333.4224,11.26757,-0.1148983,-4322.04
1,4,0.25886567,2,4,0.15393928,3,4,0.13070977,-4334.7086,10.870294,-1.3059702,-4322.5323
1,4,0.25788722,2,4,0.16264084,3,4,0.11864235,-4336.3689,10.783408,-2.7807582,-4322.8047
1,4,0.29585567,2,4,0.15596369,3,4,0.14783074,-4334.0136,11.993002,-0.73677099,-4321.2838
1,4,0.25938545,2,4,0.14966414,3,4,0.15408675,-4334.6905,11.262727,-1.3623788,-4322.0654
1,4,0.27196107,2,4,0.13537161,3,4,0.14561753,-4333.9389,11.059004,-0.6016838,-4322.2783
1,4,0.2778164,2,4,0.15666725,3,4,0.14059548,-4333.6068,11.501583,-0.31061979,-4321.7946
1,4,0.29341797,2,4,0.14721839,3,4,0.14884425,-4333.6488,11.789612,-0.35599903,-4321.5032
1,4,0.28625119,2,4,0.16753048,3,4,0.14769898,-4334.7657,12.029613,-1.5884863,-4321.1476
1,4,0.26485822,2,4,0.14987298,3,4,0.13847487,-4333.8966,11.064121,-0.5623731,-4322.2701
1,4,0.28140903,2,4,0.13786635,3,4,0.12166945,-4335.0541,10.818896,-1.599498,-4322.6357
1,4,0.29174576,2,4,0.18120826,3,4,0.1398168,-4336.3778,12.255416,-3.522707,-4320.5997
1,4,0.2529026,2,4,0.12965264,3,4,0.12706665,-4337.044,10.192438,-3.422897,-4323.4286
1,4,0.28795573,2,4,0.13148942,3,4,0.16726314,-4335.4,11.734166,-2.2579904,-4321.4079
1,4,0.32675255,2,4,0.14022068,3,4,0.12134167,-4337.0706,11.766298,-3.8842392,-4321.4201
1,4,0.2397119,2,4,0.17884062,3,4,0.11958481,-4340.0272,10.762747,-6.2047359,-4323.0597
1,4,0.31374689,2,4,0.14194377,3,4,0.14400159,-4334.6155,11.993845,-1.4127546,-4321.2089
1,4,0.30085683,2,4,0.18982462,3,4,0.12374043,-4338.2223,12.288438,-5.7431055,-4320.1907
1,4,0.27986479,2,4,0.15232885,3,4,0.15057,-4333.729,11.655273,-0.44233272,-4321.6314
1,4,0.29416841,2,4,0.13070901,3,4,0.157639,-4334.6718,11.650328,-1.4044944,-4321.617
1,4,0.29033103,2,4,0.15844197,3,4,0.1220263,-4334.5464,11.415986,-1.1962136,-4321.9342
1,4,0.25932054,2,4,0.13916047,3,4,0.13007864,-4335.0577,10.571193,-1.6447749,-4322.8417
1,4,0.30396121,2,4,0.16116542,3,4,0.12367161,-4334.9659,11.775965,-1.7146453,-4321.4753
1,4,0.29471372,2,4,0.14552086,3,4,0.14520275,-4333.541,11.708747,-0.24326805,-4321.589
1,4,0.25677538,2,4,0.14725737,3,4,0.14842578,-4334.5715,11.049171,-1.1924308,-4322.3299
1,4,0.31740657,2,4,0.15592188,3,4,0.11956947,-4336.083,11.857959,-2.8782171,-4321.3468
1,4,0.30699847,2,4,0.1365457,3,4,0.13743128,-4334.4023,11.619509,-1.120577,-4321.6622
1,4,0.29395909,2,4,0.14369294,3,4,0.13948172,-4333.4879,11.542675,-0.18586522,-4321.7593
1,4,0.31665883,2,4,0.14436245,3,4,0.14604294,-4334.8896,12.141284,-1.7243659,-4321.0239
1,4,0.25743895,2,4,0.12902008,3,4,0.13700678,-4335.7389,10.469316,-2.2386256,-4323.0309
1,4,0.286915,2,4,0.14499803,3,4,0.14145113,-4333.3294,11.467283,-0.024427363,-4321.8377
1,4,0.27558112,2,4,0.14571751,3,4,0.14043611,-4333.415,11.234695,-0.10755954,-4322.0727
1,4,0.27739392,2,4,0.15526828,3,4,0.14506127,-4333.6358,11.554469,-0.34088989,-4321.7404
1,4,0.31421799,2,4,0.14887017,3,4,0.1329913,-4334.7076,11.921589,-1.5027262,-4321.2833
1,4,0.26663181,2,4,0.16424786,3,4,0.12859392,-4334.7927,11.189472,-1.456975,-4322.1462
1,4,0.27860848,2,4,0.14296537,3,4,0.15046524,-4333.5966,11.440782,-0.2975042,-4321.8583
1,4,0.30752364,2,4,0.17357186,3,4,0.11053866,-4337.6897,11.832683,-4.4897327,-4321.3672
1,4,0.27204411,2,4,0.14686549,3,4,0.13578129,-4333.6134,11.093818,-0.29837339,-4322.2212
1,4,0.28722036,2,4,0.14061806,3,4,0.13503185,-4333.5881,11.257405,-0.27388623,-4322.0568
1,4,0.27799477,2,4,0.13008069,3,4,0.15558974,-4334.5192,11.273304,-1.1790546,-4322.0669
1,4,0.27357548,2,4,0.16610902,3,4,0.152755,-4335.0288,11.84879,-1.8689259,-4321.3111
1,4,0.29218281,2,4,0.15637972,3,4,0.13983204,-4333.6629,11.767892,-0.37237184,-4321.5226
1,4,0.34182071,2,4,0.14607242,3,4,0.13267815,-4337.7401,12.411426,-5.0822587,-4320.2464
1,4,0.32029895,2,4,0.15784311,3,4,0.12722943,-4335.7295,12.10743,-2.6386,-4320.9835
1,4,0.26687601,2,4,0.15549584,3,4,0.15562916,-4334.6003,11.56002,-1.3486057,-4321.6917
1,4,0.26034434,2,4,0.14587145,3,4,0.13330628,-4334.4295,10.790442,-1.0559535,-4322.5831
1,4,0.2923023,2,4,0.16524119,3,4,0.14737763,-4334.6317,12.098422,-1.4245748,-4321.1087
1,4,0.27819369,2,4,0.13264972,3,4,0.1506811,-4334.0722,11.23049,-0.73601412,-4322.1057
1,4,0.29452866,2,4,0.14163475,3,4,0.13622113,-4333.6308,11.447691,-0.32423219,-4321.8589
1,4,0.31818065,2,4,0.13419631,3,4,0.15118998,-4335.4946,12.071339,-2.374464,-4321.0488
1,4,0.28243615,2,4,0.14155838,3,4,0.12978382,-4333.8723,11.075567,-0.53918985,-4322.2575
1,4,0.2654366,2,4,0.16803701,3,4,0.15863929,-4336.1003,11.842258,-3.0524598,-4321.2056
1,4,0.30464778,2,4,0.14287178,3,4,0.13697469,-4333.9984,11.689885,-0.72146302,-4321.5871
1,4,0.26516592,2,4,0.15184525,3,4,0.15750163,-4334.6651,11.490256,-1.4055269,-4321.7693
1,4,0.2938533,2,4,0.13277864,3,4,0.1472618,-4334.0352,11.477875,-0.71641611,-4321.8409
1,4,0.28842742,2,4,0.13243624,3,4,0.14335997,-4333.9361,11.284473,-0.59805848,-4322.0535
1,4,0.27553431,2,4,0.16449737,3,4,0.13021472,-4334.3564,11.404928,-1.0714642,-4321.88
1,4,0.27677945,2,4,0.1408958,3,4,0.15198441,-4333.7411,11.393193,-0.44157627,-4321.9063
1,4,0.28752301,2,4,0.15985629,3,4,0.14821584,-4334.0782,11.911903,-0.81616104,-4321.3502
1,4,0.27891779,2,4,0.16613233,3,4,0.11717057,-4335.5921,11.244414,-2.1735162,-4322.1742
1,4,0.27780917,2,4,0.15248581,3,4,0.13690213,-4333.4642,11.343942,-0.15794063,-4321.9624
1,4,0.26292653,2,4,0.13530659,3,4,0.15500253,-4334.7455,11.064713,-1.3789134,-4322.3019
1,4,0.28972423,2,4,0.14781581,3,4,0.14672723,-4333.4775,11.685345,-0.17668976,-4321.6155
1,4,0.29025858,2,4,0.13091942,3,4,0.14714095,-4334.1134,11.366379,-0.77408513,-4321.973
1,4,0.26798854,2,4,0.12403694,3,4,0.14390561,-4335.4034,10.718622,-1.8928257,-4322.792
1,4,0.30026109,2,4,0.14142936,3,4,0.13532785,-4333.8769,11.540366,-0.57872615,-4321.7578
1,4,0.25742578,2,4,0.15251129,3,4,0.12071302,-4335.852,10.613002,-2.2992128,-4322.9398
1,4,0.31503979,2,4,0.1648998,3,4,0.11368783,-4337.032,11.872548,-3.8222283,-4321.3372
1,4,0.28637066,2,4,0.15671989,3,4,0.13966341,-4333.5762,11.655079,-0.28242521,-4321.6387
1,4,0.2832838,2,4,0.16898731,3,4,0.14512182,-4334.7586,11.947859,-1.5904181,-4321.2204
1,4,0.2981638,2,4,0.13973664,3,4,0.15295917,-4334.0676,11.817192,-0.80385496,-4321.4466
1,4,0.28109157,2,4,0.14109593,3,4,0.14667537,-4333.4685,11.377257,-0.16237958,-4321.9289
1,4,0.29531585,2,4,0.11602954,3,4,0.15364869,-4336.4472,11.299882,-2.8761876,-4322.2711
1,4,0.29798371,2,4,0.15517759,3,4,0.15218566,-4334.338,12.106939,-1.0839289,-4321.1472
1,4,0.31125895,2,4,0.15617464,3,4,0.12654233,-4334.9711,11.879518,-1.7541945,-4321.3373
1,4,0.28909806,2,4,0.13379282,3,4,0.13951511,-4333.8881,11.24812,-0.55347802,-4322.0865
1,4,0.28530288,2,4,0.11862208,3,4,0.13041081,-4336.7702,10.686715,-3.0388734,-4323.0447
1,4,0.31627769,2,4,0.1690356,3,4,0.13393056,-4336.0361,12.384877,-3.0368034,-4320.6144
1,4,0.30981033,2,4,0.13176667,3,4,0.1465704,-4334.859,11.762948,-1.6069659,-4321.4891
1,4,0.29559807,2,4,0.15681558,3,4,0.12732069,-4334.1404,11.594687,-0.84043814,-4321.7052
1,4,0.24726001,2,4,0.16361004,3,4,0.12907868,-4336.4815,10.798975,-2.9143169,-4322.7682
1,4,0.26064891,2,4,0.14303466,3,4,0.14011149,-4334.2292,10.875901,-0.86853315,-4322.4847
1,4,0.29080882,2,4,0.15433272,3,4,0.14273054,-4333.5764,11.757442,-0.27936009,-4321.5396
1,4,0.30003331,2,4,0.12551995,3,4,0.16474969,-4335.93,11.806059,-2.7608832,-4321.3631
1,4,0.2695689,2,4,0.14359411,3,4,0.12804014,-4334.3029,10.824063,-0.94397484,-4322.5348
1,4,0.26924698,2,4,0.1469888,3,4,0.14268393,-4333.631,11.178394,-0.31386851,-4322.1387
1,4,0.28658739,2,4,0.17414816,3,4,0.12815785,-4335.3077,11.777868,-2.1825299,-4321.3473
1,4,0.25807716,2,4,0.15489954,3,4,0.13607257,-4334.5493,10.980985,-1.1672082,-4322.4011
1,4,0.29285443,2,4,0.14835389,3,4,0.15137715,-4333.7942,11.851709,-0.51051747,-4321.4319
1,4,0.23182343,2,4,0.14834978,3,4,0.14502678,-4337.913,10.504,-3.9923415,-4323.4167
1,4,0.29090448,2,4,0.15822855,3,4,0.14464028,-4333.8554,11.875466,-0.57494552,-4321.405
1,4,0.29233729,2,4,0.13905371,3,4,0.12740462,-4334.2854,11.175912,-0.92434593,-4322.1852
1,4,0.28579417,2,4,0.14280044,3,4,0.12799675,-4333.9542,11.131827,-0.61222486,-4322.2101
1,4,0.30821855,2,4,0.16032745,3,4,0.1333622,-4334.6723,12.038164,-1.4703121,-4321.1638
1,4,0.29464934,2,4,0.15503792,3,4,0.13583411,-4333.685,11.710427,-0.39401299,-4321.5805
1,4,0.25408744,2,4,0.15628414,3,4,0.13947114,-4334.9031,10.996854,-1.4948684,-4322.4114
1,4,0.29752616,2,4,0.13090895,3,4,0.12344925,-4335.6932,11.037687,-2.1872743,-4322.4683
1,4,0.27712617,2,4,0.13700148,3,4,0.13916752,-4333.7227,11.065903,-0.40082305,-4322.256
1,4,0.28518509,2,4,0.11970367,3,4,0.14433035,-4335.6176,10.984382,-2.0514958,-4322.5817
1,4,0.28292432,2,4,0.14481678,3,4,0.13621844,-4333.4003,11.279191,-0.09323942,-4322.0279
1,4,0.2830269,2,4,0.14974985,3,4,0.16889852,-4335.5023,12.033505,-2.4666111,-4321.0022
1,4,0.30134624,2,4,0.14588045,3,4,0.14132699,-4333.7476,11.771074,-0.46310273,-4321.5134
1,4,0.29925362,2,4,0.14696232,3,4,0.16870736,-4335.8035,12.298466,-2.7969631,-4320.708
1,4,0.27703416,2,4,0.14285189,3,4,0.14921337,-4333.5694,11.381988,-0.26602192,-4321.9214
1,4,0.27443498,2,4,0.14161752,3,4,0.1680949,-4335.2769,11.682948,-2.1606835,-4321.4333
1,4,0.31294404,2,4,0.14502618,3,4,0.13284828,-4334.6387,11.81637,-1.4113887,-4321.4109
1,4,0.28538098,2,4,0.16521484,3,4,0.13848558,-4334.1763,11.781628,-0.93846163,-4321.4562
1,4,0.30510159,2,4,0.12371038,3,4,0.13872318,-4335.6279,11.350703,-2.1914317,-4322.0858
1,4,0.30884126,2,4,0.14253149,3,4,0.11083303,-4337.2815,11.244116,-3.6163226,-4322.421
1,4,0.30595326,2,4,0.15602262,3,4,0.13062634,-4334.3912,11.852044,-1.1437124,-4321.3954
1,4,0.28191198,2,4,0.15805674,3,4,0.12036318,-4334.7149,11.206638,-1.3151234,-4322.1931
1,4,0.2869296,2,4,0.16362692,3,4,0.12584932,-4334.4452,11.528117,-1.1559571,-4321.7612
1,4,0.2985395,2,4,0.16805691,3,4,0.14535341,-4335.0624,12.238996,-1.9049056,-4320.9185
1,4,0.30006658,2,4,0.15484852,3,4,0.13275933,-4333.9594,11.753489,-0.68085902,-4321.5251
1,4,0.29088661,2,4,0.13230364,3,4,0.14005592,-4334.031,11.264924,-0.68741028,-4322.0787
1,4,0.28135587,2,4,0.14737613,3,4,0.14267479,-4333.3233,11.428136,-0.018203556,-4321.8769
1,4,0.28165512,2,4,0.16006481,3,4,0.12575497,-4334.2486,11.349498,-0.92205375,-4321.9771
1,4,0.28206414,2,4,0.14825618,3,4,0.13621081,-4333.3739,11.330623,-0.067429595,-4321.9759
1,4,0.28794091,2,4,0.14584456,3,4,0.1418971,-4333.3364,11.513651,-0.031613764,-4321.7911
1,4,0.26841438,2,4,0.14211428,3,4,0.16321707,-4334.8995,11.474914,-1.6755068,-4321.7491
1,4,0.28289418,2,4,0.15750347,3,4,0.14491089,-4333.7155,11.706171,-0.42920689,-4321.5801
1,4,0.29216413,2,4,0.1526236,3,4,0.1331058,-4333.6146,11.557871,-0.31244714,-4321.7442
1,4,0.28100232,2,4,0.14174672,3,4,0.12094339,-4334.875,10.873849,-1.4323552,-4322.5688
1,4,0.29427189,2,4,0.14867019,3,4,0.15331983,-4333.9788,11.925238,-0.70863512,-4321.3449
1,4,0.27758368,2,4,0.13997233,3,4,0.14826396,-4333.5949,11.316399,-0.28616266,-4321.9923
1,4,0.29115717,2,4,0.15003317,3,4,0.15227083,-4333.8554,11.869223,-0.575994,-4321.4102
1,4,0.27624234,2,4,0.12727417,3,4,0.15676465,-4334.907,11.205623,-1.5323034,-4322.169
1,4,0.29272776,2,4,0.15462923,3,4,0.12734621,-4333.9934,11.494064,-0.67803288,-4321.8213
1,4,0.27157944,2,4,0.14344362,3,4,0.14465946,-4333.5899,11.19365,-0.27601305,-4322.1203
1,4,0.29045509,2,4,0.13606788,3,4,0.12698958,-4334.5308,11.070251,-1.1433631,-4322.3172
1,4,0.27614617,2,4,0.16540833,3,4,0.14095629,-4334.2838,11.650216,-1.0449169,-4321.5887
1,4,0.30565991,2,4,0.15736569,3,4,0.1427847,-4334.3793,12.116206,-1.1374932,-4321.1256
1,4,0.26660958,2,4,0.14091719,3,4,0.14062257,-4333.9005,10.962987,-0.56853314,-4322.3689
1,4,0.27444113,2,4,0.16139817,3,4,0.12307339,-4334.7189,11.178254,-1.3475348,-4322.1932
1,4,0.2648143,2,4,0.14810719,3,4,0.15163969,-4334.1496,11.291224,-0.83379477,-4322.0246
1,4,0.23834379,2,4,0.1576235,3,4,0.16943932,-4339.0319,11.308132,-5.7466648,-4321.9771
1,4,0.27168872,2,4,0.15108519,3,4,0.1380001,-4333.5856,11.21548,-0.27236484,-4322.0977
1,4,0.31021684,2,4,0.14526815,3,4,0.15619253,-4334.9921,12.23355,-1.82604,-4320.9325
1,4,0.24630701,2,4,0.14729863,3,4,0.15169602,-4335.8241,10.906033,-2.3159674,-4322.6021
1,4,0.32548458,2,4,0.1548818,3,4,0.13352014,-4335.8699,12.277731,-2.8500179,-4320.7422
1,4,0.30745849,2,4,0.13809685,3,4,0.1454034,-4334.3047,11.819175,-1.0522448,-4321.4333
1,4,0.2860298,2,4,0.17098011,3,4,0.13805125,-4334.7841,11.901223,-1.6295907,-4321.2533
1,4,0.2410341,2,4,0.12969082,3,4,0.17102801,-4339.0414,10.835059,-5.3769918,-4322.8293
1,4,0.24804297,2,4,0.13335478,3,4,0.13401421,-4336.4676,10.308239,-2.8827032,-4323.2766
1,4,0.29462245,2,4,0.15023136,3,4,0.13971776,-4333.5112,11.691431,-0.21224492,-4321.6076
1,4,0.28572,2,4,0.15734251,3,4,0.15022502,-4333.9934,11.865751,-0.72418857,-4321.4034
1,4,0.31039018,2,4,0.15223581,3,4,0.14698478,-4334.5975,12.192215,-1.3771019,-4321.0281
1,4,0.2704547,2,4,0.1572629,3,4,0.12792229,-4334.2578,11.112798,-0.90821495,-4322.2367
1,4,0.29433856,2,4,0.1451852,3,4,0.14431113,-4333.5089,11.676698,-0.20976875,-4321.6224
1,4,0.29007202,2,4,0.15334541,3,4,0.16012972,-4334.6906,12.070943,-1.4984596,-4321.1212
1,4,0.2935327,2,4,0.13517228,3,4,0.13722176,-4333.9316,11.318535,-0.60333036,-4322.0097
1,4,0.30324444,2,4,0.14472965,3,4,0.11844755,-4335.4451,11.328433,-2.0084254,-4322.1083
1,4,0.29357831,2,4,0.16250766,3,4,0.12982495,-4334.2455,11.718218,-0.98429227,-4321.543
1,4,0.26390381,2,4,0.15162766,3,4,0.15308869,-4334.3797,11.372403,-1.078056,-4321.9292
1,4,0.30218941,2,4,0.14818045,3,4,0.15141084,-4334.1813,12.035614,-0.92356189,-4321.2221
1,4,0.27922747,2,4,0.13766323,3,4,0.12227901,-4335.0234,10.783394,-1.5777868,-4322.6622
1,4,0.33345745,2,4,0.14646174,3,4,0.1281746,-4336.8924,12.161876,-3.9787399,-4320.7517
1,4,0.26715651,2,4,0.17002878,3,4,0.13926805,-4335.0369,11.529067,-1.8303033,-4321.6775
1,4,0.30448962,2,4,0.14043042,3,4,0.13361323,-4334.1997,11.570666,-0.90834851,-4321.7207
1,4,0.28448338,2,4,0.15530419,3,4,0.16122271,-4334.8432,12.020206,-1.6765221,-4321.1464
1,4,0.25269875,2,4,0.16225802,3,4,0.14176577,-4335.3997,11.134451,-2.0130927,-4322.2522
1,4,0.26450328,2,4,0.16085377,3,4,0.14942,-4334.6475,11.495541,-1.3794332,-4321.7725
1,4,0.29994021,2,4,0.17452202,3,4,0.13940136,-4335.6812,12.277272,-2.652203,-4320.7517
1,4,0.29467312,2,4,0.16030982,3,4,0.15725097,-4335.0588,12.244678,-1.8830058,-4320.9311
1,4,0.25419774,2,4,0.14814644,3,4,0.12964115,-4335.2062,10.639707,-1.7478665,-4322.8186
1,4,0.2844968,2,4,0.14873742,3,4,0.14111464,-4333.3166,11.486977,-0.011607436,-4321.818
1,4,0.31781532,2,4,0.12353146,3,4,0.15521107,-4336.5762,11.931157,-3.4259487,-4321.2191
1,4,0.2986409,2,4,0.15075753,3,4,0.15445637,-4334.3157,12.077096,-1.0675716,-4321.171
1,4,0.30033959,2,4,0.13766557,3,4,0.12263562,-4335.1793,11.212816,-1.7542445,-4322.2123
1,4,0.31829996,2,4,0.14865083,3,4,0.12145523,-4335.9156,11.76812,-2.6834925,-4321.464
1,4,0.29785734,2,4,0.15496427,3,4,0.14144881,-4333.8062,11.885408,-0.52170208,-4321.3991
1,4,0.29523691,2,4,0.14432023,3,4,0.13908255,-4333.5198,11.572794,-0.21949453,-4321.7275
1,4,0.26846599,2,4,0.14890795,3,4,0.13670594,-4333.7326,11.081598,-0.40985695,-4322.2411
1,4,0.28140817,2,4,0.13337378,3,4,0.15105411,-4333.9869,11.316721,-0.66266868,-4322.0076
1,4,0.26363876,2,4,0.16401184,3,4,0.11731276,-4336.1607,10.899267,-2.6129438,-4322.6485
1,4,0.27988795,2,4,0.14502918,3,4,0.15116607,-4333.606,11.521664,-0.31175577,-4321.7726
1,4,0.28863213,2,4,0.13342795,3,4,0.14579361,-4333.8639,11.357074,-0.53714102,-4321.9697
1,4,0.28940484,2,4,0.13587613,3,4,0.13990812,-4333.7242,11.303782,-0.40241944,-4322.018
1,4,0.28493704,2,4,0.14548628,3,4,0.15820578,-4334.1191,11.772582,-0.87565261,-4321.4709
1,4,0.28033954,2,4,0.1734083,3,4,0.10446115,-4338.481,11.16418,-4.711205,-4322.6056
1,4,0.25414432,2,4,0.14086717,3,4,0.14055166,-4334.8839,10.711263,-1.4569138,-4322.7158
1,4,0.31788927,2,4,0.13023146,3,4,0.15136487,-4335.7404,11.989712,-2.6036145,-4321.1471
1,4,0.25322595,2,4,0.16325532,3,4,0.12480234,-4336.1218,10.825672,-2.5962644,-4322.6998
1,4,0.29403974,2,4,0.14013712,3,4,0.14668731,-4333.6375,11.617283,-0.33984148,-4321.6804
1,4,0.26631071,2,4,0.16523736,3,4,0.13992741,-4334.5992,11.42951,-1.3316155,-4321.8381
1,4,0.2898069,2,4,0.14875271,3,4,0.12788515,-4333.8443,11.328895,-0.515066,-4322.0003
1,4,0.30808453,2,4,0.15685974,3,4,0.12341423,-4335.0344,11.76717,-1.7761715,-4321.4911
1,4,0.29135188,2,4,0.12284428,3,4,0.16122183,-4335.6692,11.50836,-2.3389343,-4321.8219
1,4,0.27014606,2,4,0.15892862,3,4,0.15613088,-4334.7481,11.704111,-1.5349526,-4321.509
1,4,0.29423041,2,4,0.12217879,3,4,0.12820017,-4336.3765,10.892187,-2.7426342,-4322.7416
1,4,0.28693001,2,4,0.14906653,3,4,0.13110195,-4333.5926,11.34197,-0.27742058,-4321.9732
1,4,0.27040349,2,4,0.1477078,3,4,0.15529386,-4334.1219,11.468103,-0.84213693,-4321.8117
1,4,0.27536849,2,4,0.14906023,3,4,0.13712531,-4333.462,11.231081,-0.15311195,-4322.0778
1,4,0.28701799,2,4,0.14029695,3,4,0.1508763,-4333.6512,11.563825,-0.35616875,-4321.7312
1,4,0.25111526,2,4,0.13544865,3,4,0.12899778,-4336.319,10.311234,-2.7727896,-4323.235
1,4,0.26669701,2,4,0.14238859,3,4,0.13020622,-4334.3229,10.785836,-0.96779121,-4322.5693
1,4,0.27679198,2,4,0.16308345,3,4,0.1320492,-4334.1426,11.438493,-0.85889503,-4321.8452
1,4,0.23885605,2,4,0.1393313,3,4,0.13915977,-4337.0329,10.346943,-3.2932018,-4323.3928
1,4,0.2817854,2,4,0.17537678,3,4,0.1635896,-4337.4621,12.415036,-4.7428675,-4320.3042
1,4,0.27274514,2,4,0.17133522,3,4,0.12859988,-4335.1545,11.453605,-1.9259294,-4321.775
1,4,0.29750904,2,4,0.15645725,3,4,0.1339957,-4333.8824,11.75924,-0.60225008,-4321.5209
1,4,0.31266808,2,4,0.14329679,3,4,0.13077714,-4334.7702,11.73484,-1.5272962,-4321.508
1,4,0.27513009,2,4,0.14332615,3,4,0.15201527,-4333.7396,11.40943,-0.44234711,-4321.8879
1,4,0.31114981,2,4,0.13443793,3,4,0.13125577,-4335.1545,11.53687,-1.8503089,-4321.7673
1,4,0.28905791,2,4,0.14226359,3,4,0.15308266,-4333.7673,11.688083,-0.4855641,-4321.5937
1,4,0.30199033,2,4,0.11996602,3,4,0.12236103,-4337.9348,10.886348,-4.0852213,-4322.9632
1,4,0.27781095,2,4,0.1411042,3,4,0.14967273,-4333.6086,11.371758,-0.30446016,-4321.9324
1,4,0.27719498,2,4,0.14469459,3,4,0.15675064,-4334.0197,11.572804,-0.75432085,-4321.6926
1,4,0.30534962,2,4,0.13361082,3,4,0.13517891,-4334.622,11.482787,-1.3040332,-4321.8352
1,4,0.27546606,2,4,0.13393196,3,4,0.14430333,-4333.922,11.074027,-0.58281266,-4322.2652
1,4,0.27704619,2,4,0.13088447,3,4,0.12983235,-4334.8797,10.75526,-1.4633418,-4322.6611
1,4,0.30256097,2,4,0.1430105,3,4,0.14950309,-4334.0425,11.901491,-0.77851724,-4321.3625
1,4,0.27291138,2,4,0.12352507,3,4,0.15421055,-4335.3602,11.01294,-1.8866654,-4322.4606
1,4,0.26546543,2,4,0.14355013,3,4,0.13828847,-4333.9229,10.946081,-0.58941694,-4322.3874
1,4,0.27732554,2,4,0.14524207,3,4,0.15403952,-4333.8164,11.532143,-0.53363764,-4321.7506
1,4,0.27246648,2,4,0.1782889,3,4,0.13251765,-4335.8929,11.665461,-2.8376358,-4321.3898
1,4,0.25359184,2,4,0.14474569,3,4,0.1290075,-4335.4121,10.5469,-1.9403663,-4322.9248
1,4,0.2869842,2,4,0.16029223,3,4,0.14897389,-4334.1505,11.925007,-0.89498155,-4321.3305
1,4,0.29804047,2,4,0.14688105,3,4,0.13458247,-4333.6939,11.59008,-0.39677434,-4321.7071
1,4,0.28993689,2,4,0.13113946,3,4,0.1592094,-4334.6633,11.605715,-1.3993096,-4321.6583
1,4,0.27570855,2,4,0.156396,3,4,0.16465606,-4335.3662,11.935212,-2.2735545,-4321.1575
1,4,0.26283971,2,4,0.14296348,3,4,0.14207125,-4334.0512,10.957489,-0.70473811,-4322.3889
1,4,0.29247445,2,4,0.15742441,3,4,0.14638036,-4333.9183,11.925584,-0.63885111,-4321.3539
1,4,0.27490937,2,4,0.1524159,3,4,0.1371137,-4333.5242,11.288779,-0.21544229,-4322.0199
1,4,0.28089544,2,4,0.14922156,3,4,0.13460011,-4333.4373,11.294342,-0.12872118,-4322.0142
1,4,0.29681532,2,4,0.11732056,3,4,0.16463031,-4336.8739,11.575324,-3.5229076,-4321.7756
1,4,0.26740738,2,4,0.15856935,3,4,0.12773,-4334.4769,11.074135,-1.114489,-4322.2883
1,4,0.28245323,2,4,0.13967699,3,4,0.14397698,-4333.4631,11.322144,-0.15384394,-4321.9871
1,4,0.28866352,2,4,0.14736528,3,4,0.14089463,-4333.3421,11.538469,-0.037438964,-4321.7661
1,4,0.32627752,2,4,0.1348392,3,4,0.13732223,-4336.1239,11.968779,-3.0458286,-4321.1093
1,4,0.30835451,2,4,0.14647737,3,4,0.14884039,-4334.3768,12.073446,-1.1425629,-4321.1608
1,4,0.28611408,2,4,0.12332546,3,4,0.15239883,-4335.0762,11.236767,-1.644737,-4322.1947
1,4,0.28941851,2,4,0.11346855,3,4,0.1538033,-4336.8881,11.133807,-3.1811851,-4322.5732
1,4,0.26674377,2,4,0.14664317,3,4,0.15983356,-4334.6533,11.46441,-1.4003041,-4321.7885
1,4,0.29880618,2,4,0.13697309,3,4,0.12307241,-4335.1235,11.177034,-1.695838,-4322.2506
1,4,0.29366355,2,4,0.14267931,3,4,0.11992777,-4335.0036,11.125413,-1.5567172,-4322.3215
1,4,0.31288695,2,4,0.15197118,3,4,0.13786675,-4334.5622,12.054498,-1.355321,-4321.1523
1,4,0.27121786,2,4,0.13652593,3,4,0.1408205,-4333.9111,10.971286,-0.57827006,-4322.3615
1,4,0.2971008,2,4,0.1463358,3,4,0.12078935,-4334.8084,11.284519,-1.4052515,-4322.1186
1,4,0.26446756,2,4,0.16039541,3,4,0.12943639,-4334.6223,11.085987,-1.26175,-4322.2746
1,4,0.32257831,2,4,0.15805853,3,4,0.14011233,-4335.744,12.414983,-2.6912521,-4320.6378
1,4,0.26467503,2,4,0.15353054,3,4,0.14816744,-4334.1341,11.32746,-0.81957409,-4321.9871
1,4,0.26366658,2,4,0.1547496,3,4,0.11720844,-4335.8705,10.712492,-2.2966643,-4322.8614
1,4,0.27767035,2,4,0.14869908,3,4,0.15305101,-4333.7934,11.588409,-0.51084768,-4321.6942
1,4,0.28085332,2,4,0.13510201,3,4,0.16454823,-4334.8947,11.610071,-1.6968178,-4321.5878
1,4,0.25393139,2,4,0.1193888,3,4,0.14270972,-4337.4453,10.320598,-3.6412465,-4323.4835
1,4,0.29354176,2,4,0.15094593,3,4,0.166498,-4335.4433,12.219714,-2.371037,-4320.8525
1,4,0.28150287,2,4,0.17721909,3,4,0.11358601,-4337.0738,11.446159,-3.7697917,-4321.8578
1,4,0.2803138,2,4,0.16455857,3,4,0.17174914,-4337.204,12.33243,-4.4548001,-4320.4168
1,4,0.2879907,2,4,0.15364727,3,4,0.11251434,-4335.8619,11.083046,-2.268937,-4322.5099
1,4,0.29572997,2,4,0.1368467,3,4,0.13896469,-4333.8234,11.430827,-0.51005911,-4321.8825
1,4,0.26690037,2,4,0.16101129,3,4,0.14214365,-4334.2545,11.401106,-0.96284879,-4321.8905
1,4,0.26800216,2,4,0.13949468,3,4,0.14549225,-4333.8827,11.059782,-0.55146581,-4322.2715
1,4,0.26674792,2,4,0.15257984,3,4,0.14169968,-4333.8246,11.220549,-0.50289162,-4322.1012
1,4,0.30103783,2,4,0.14046131,3,4,0.14564859,-4333.8722,11.742955,-0.59058179,-4321.5387
1,4,0.2804062,2,4,0.16360952,3,4,0.12912588,-4334.2532,11.462832,-0.96780622,-4321.8226
1,4,0.29284379,2,4,0.15173551,3,4,0.12978558,-4333.7771,11.487297,-0.46602537,-4321.8238
1,4,0.28064352,2,4,0.14131107,3,4,0.13088567,-4333.8198,11.056805,-0.49212475,-4322.2709
1,4,0.26607715,2,4,0.14777268,3,4,0.15597161,-4334.3679,11.396429,-1.0805698,-4321.8909
1,4,0.26086139,2,4,0.16058037,3,4,0.11181036,-4337.2024,10.665042,-3.4190816,-4323.1182
1,4,0.2979773,2,4,0.14329883,3,4,0.1155903,-4335.7927,11.137328,-2.2524949,-4322.4028
1,4,0.31064228,2,4,0.14429679,3,4,0.15518651,-4334.926,12.202512,-1.7539511,-4320.9695
1,4,0.29396281,2,4,0.13778018,3,4,0.14893979,-4333.7893,11.613656,-0.49399239,-4321.6816
1,4,0.2957968,2,4,0.14682265,3,4,0.11598462,-4335.486,11.172081,-1.9788238,-4322.3351
1,4,0.27159291,2,4,0.12984498,3,4,0.13924413,-4334.5591,10.81364,-1.1658374,-4322.5796
1,4,0.29406596,2,4,0.15226607,3,4,0.13249846,-4333.6792,11.57661,-0.37827233,-4321.7243
1,4,0.33339836,2,4,0.14444542,3,4,0.13503106,-4336.5926,12.257497,-3.6959889,-4320.6391
1,4,0.2921901,2,4,0.14190113,3,4,0.1465461,-4333.5403,11.612746,-0.24088604,-4321.6867
1,4,0.2909049,2,4,0.13235866,3,4,0.16669695,-4335.333,11.79921,-2.1988665,-4321.3349
1,4,0.26733137,2,4,0.15523262,3,4,0.16825743,-4336.0083,11.816428,-2.9799294,-4321.2119
1,4,0.28537495,2,4,0.14267151,3,4,0.15768437,-4334.0605,11.714616,-0.80838443,-4321.5375
1,4,0.29215816,2,4,0.15385765,3,4,0.12612154,-4334.0596,11.442747,-0.73300587,-4321.8839
1,4,0.27717621,2,4,0.13613083,3,4,0.14264211,-4333.7228,11.118983,-0.39844639,-4322.2054
1,4,0.31132502,2,4,0.13328584,3,4,0.14564416,-4334.8368,11.8051,-1.6006742,-4321.431
1,4,0.30698062,2,4,0.1553178,3,4,0.1211618,-4335.1553,11.669204,-1.8555276,-4321.6306
1,4,0.29353544,2,4,0.15423375,3,4,0.12182316,-4334.5176,11.391847,-1.1538259,-4321.9719
1,4,0.30611394,2,4,0.16264323,3,4,0.13348098,-4334.7004,12.044763,-1.5038635,-4321.1518
1,4,0.30704728,2,4,0.12519336,3,4,0.14020353,-4335.4579,11.448883,-2.0735137,-4321.9355
1,4,0.27996464,2,4,0.14436001,3,4,0.16154119,-4334.4318,11.717317,-1.2210718,-4321.4934
1,4,0.2612351,2,4,0.14603202,3,4,0.15619566,-4334.656,11.269256,-1.3397819,-4322.047
1,4,0.2782558,2,4,0.18911728,3,4,0.11850156,-4338.2143,11.717493,-5.4004271,-4321.0964
1,4,0.32809791,2,4,0.15481547,3,4,0.14985494,-4336.591,12.655366,-3.6480863,-4320.2875
1,4,0.28208712,2,4,0.13536356,3,4,0.13956677,-4333.7493,11.140349,-0.42215975,-4322.1867
1,4,0.27383274,2,4,0.14315147,3,4,0.13681679,-4333.5895,11.07602,-0.27738361,-4322.2361
1,4,0.2704591,2,4,0.15460164,3,4,0.15688071,-4334.5139,11.638829,-1.2766834,-4321.5984
1,4,0.27431533,2,4,0.14339967,3,4,0.14747304,-4333.5638,11.303761,-0.25567184,-4322.0044
1,4,0.29413796,2,4,0.1224423,3,4,0.12953444,-4336.1665,10.922294,-2.5633948,-4322.6808
1,4,0.29594577,2,4,0.14043526,3,4,0.13321937,-4333.8551,11.392008,-0.53986929,-4321.9232
1,4,0.28655613,2,4,0.15913657,3,4,0.14909035,-4334.0607,11.895661,-0.79716515,-4321.3679
1,4,0.29331933,2,4,0.15124342,3,4,0.13693197,-4333.5131,11.629894,-0.21324043,-4321.6699
1,4,0.27412227,2,4,0.16789803,3,4,0.12935827,-4334.7276,11.427571,-1.4651923,-4321.8349
1,4,0.31674794,2,4,0.15816503,3,4,0.13078021,-4335.2631,12.113864,-2.1303399,-4321.0188
1,4,0.30120485,2,4,0.13399581,3,4,0.14140965,-4334.1872,11.532206,-0.87920349,-4321.7758
1,4,0.25832263,2,4,0.13891624,3,4,0.13692244,-4334.707,10.683226,-1.3136634,-4322.7101
1,4,0.31149158,2,4,0.13274022,3,4,0.1476521,-4334.9242,11.837678,-1.6977975,-4321.3887
1,4,0.24971482,2,4,0.12365403,3,4,0.14441014,-4337.1047,10.35558,-3.3711363,-4323.378
1,4,0.29138985,2,4,0.14859662,3,4,0.13347111,-4333.5355,11.469151,-0.22860324,-4321.8377
1,4,0.3078345,2,4,0.12500719,3,4,0.14902716,-4335.4616,11.637377,-2.144397,-4321.6798
1,4,0.29501003,2,4,0.15484047,3,4,0.15038226,-4334.0686,12.004655,-0.79595558,-4321.268
1,4,0.30093862,2,4,0.16118908,3,4,0.13171893,-4334.3574,11.876933,-1.1166582,-4321.3638
1,4,0.29151288,2,4,0.15518533,3,4,0.14006344,-4333.5897,11.735233,-0.29477566,-4321.5597
1,4,0.27821,2,4,0.1199646,3,4,0.12267769,-4337.716,10.417046,-3.870521,-4323.4284
1,4,0.28459879,2,4,0.13048973,3,4,0.12588111,-4335.2522,10.819393,-1.7813791,-4322.6515
1,4,0.29485831,2,4,0.13131381,3,4,0.15084356,-4334.2783,11.540314,-0.96698823,-4321.771
1,4,0.2437783,2,4,0.15278892,3,4,0.16292849,-4337.183,11.189914,-3.784829,-4322.2083
1,4,0.29406249,2,4,0.13085479,3,4,0.17244843,-4336.2229,11.947314,-3.247548,-4321.028
1,4,0.29803622,2,4,0.11903374,3,4,0.12154877,-4338.1512,10.772375,-4.228058,-4323.1508
1,4,0.28035517,2,4,0.14789703,3,4,0.13712668,-4333.3656,11.307578,-0.059501339,-4321.9985
1,4,0.27635608,2,4,0.15708078,3,4,0.1536983,-4334.2487,11.742703,-1.0014227,-4321.5046
1,4,0.25350886,2,4,0.14026487,3,4,0.14611912,-4334.9608,10.797857,-1.5232709,-4322.6396
1,4,0.30222164,2,4,0.16252284,3,4,0.14366954,-4334.6023,12.16828,-1.3818392,-4321.0522
1,4,0.27151523,2,4,0.14689269,3,4,0.16419369,-4334.933,11.652032,-1.7585564,-4321.5224
1,4,0.2475116,2,4,0.16354065,3,4,0.12103322,-4337.2551,10.641709,-3.5453133,-4323.0681
1,4,0.26886137,2,4,0.16049605,3,4,0.13154018,-4334.2669,11.217952,-0.94336555,-4322.1056
1,4,0.24757294,2,4,0.14877689,3,4,0.1471943,-4335.5012,10.870883,-2.0063917,-4322.6239
1,4,0.31376828,2,4,0.14270947,3,4,0.1519902,-4334.9338,12.169359,-1.7670408,-4320.9974
1,4,0.28280526,2,4,0.14806995,3,4,0.15009945,-4333.5651,11.619493,-0.27040148,-4321.6752
1,4,0.32513936,2,4,0.14747858,3,4,0.14465559,-4335.692,12.345471,-2.6499856,-4320.6965
1,4,0.31805614,2,4,0.13357584,3,4,0.16253656,-4336.3493,12.283371,-3.3855177,-4320.6804
1,4,0.27146386,2,4,0.15674915,3,4,0.13965123,-4333.7718,11.357285,-0.46744246,-4321.9471
1,4,0.28289677,2,4,0.15423966,3,4,0.14277684,-4333.4836,11.598265,-0.18410137,-4321.7013
1,4,0.30482017,2,4,0.16568465,3,4,0.13237982,-4334.8947,12.057693,-1.7244547,-4321.1126
1,4,0.30104314,2,4,0.12722876,3,4,0.16110982,-4335.4819,11.787634,-2.2721609,-4321.4221
1,4,0.29744518,2,4,0.15126524,3,4,0.15210086,-4334.1037,12.016226,-0.83623827,-4321.2513
1,4,0.2909081,2,4,0.1544397,3,4,0.14222539,-4333.5727,11.751464,-0.27573851,-4321.5455
1,4,0.2986245,2,4,0.15892585,3,4,0.15561069,-4334.9418,12.263221,-1.7430183,-4320.9356
1,4,0.25655639,2,4,0.14027807,3,4,0.13654323,-4334.8051,10.667554,-1.3990413,-4322.7385
1,4,0.27904183,2,4,0.15127989,3,4,0.13681315,-4333.4199,11.342697,-0.11358714,-4321.9636
1,4,0.33526603,2,4,0.15382025,3,4,0.13192744,-4337.0008,12.420275,-4.195625,-4320.3849
1,4,0.28420396,2,4,0.14281409,3,4,0.1562184,-4333.9332,11.664729,-0.66733247,-4321.6011
1,4,0.29866219,2,4,0.13329851,3,4,0.13160126,-4334.5725,11.271239,-1.2085416,-4322.0927
1,4,0.26670643,2,4,0.15720583,3,4,0.14695111,-4334.1577,11.417267,-0.86018586,-4321.8803
1,4,0.27063838,2,4,0.16112468,3,4,0.15606201,-4334.908,11.756501,-1.7172233,-4321.4343
1,4,0.28816542,2,4,0.14210178,3,4,0.15177267,-4333.6777,11.640797,-0.38859349,-4321.6483
1,4,0.2868183,2,4,0.14458756,3,4,0.13083947,-4333.672,11.244907,-0.35123706,-4322.0758
1,4,0.26277079,2,4,0.15623234,3,4,0.15668941,-4334.9554,11.513851,-1.7060269,-4321.7356
1,4,0.30474174,2,4,0.14390023,3,4,0.12945424,-4334.3313,11.561924,-1.0337286,-4321.7356
1,4,0.26689433,2,4,0.13455333,3,4,0.147173,-4334.2573,10.972413,-0.89643505,-4322.3885
1,4,0.30468382,2,4,0.14411564,3,4,0.14964737,-4334.1656,11.968937,-0.91239608,-4321.2842
1,4,0.29726698,2,4,0.16197386,3,4,0.11862828,-4335.2518,11.557382,-1.9117221,-4321.7827
1,4,0.26375063,2,4,0.12618104,3,4,0.18259879,-4338.6442,11.450609,-5.71203,-4321.4816
1,4,0.28801548,2,4,0.13512682,3,4,0.16672944,-4335.1627,11.797435,-2.0304888,-4321.3347
1,4,0.294643,2,4,0.17262254,3,4,0.12887099,-4335.2513,11.922731,-2.1329773,-4321.1956
1,4,0.32944325,2,4,0.14550704,3,4,0.14072129,-4336.0681,12.313432,-3.0987008,-4320.656
1,4,0.2799298,2,4,0.1503906,3,4,0.16294552,-4334.7521,11.865318,-1.584731,-4321.3021
1,4,0.32237714,2,4,0.15553914,3,4,0.15720635,-4336.6664,12.702452,-3.6897628,-4320.2742
1,4,0.27345723,2,4,0.17160712,3,4,0.10985456,-4337.4088,11.098378,-3.7869874,-4322.5234
1,4,0.28388491,2,4,0.15770532,3,4,0.14446061,-4333.7148,11.721017,-0.4286884,-4321.5651
1,4,0.26175745,2,4,0.13056853,3,4,0.1668837,-4336.1732,11.184193,-2.851673,-4322.1373
1,4,0.30331263,2,4,0.14947157,3,4,0.13816246,-4333.8744,11.818933,-0.5987218,-4321.4567
1,4,0.24507168,2,4,0.1472301,3,4,0.15628243,-4336.2649,10.971684,-2.7597644,-4322.5334
1,4,0.27674378,2,4,0.17284678,3,4,0.1284402,-4335.2148,11.560615,-2.0275204,-4321.6266
1,4,0.29111389,2,4,0.14011614,3,4,0.14361026,-4333.5116,11.496806,-0.20647367,-4321.8083
1,4,0.25260273,2,4,0.12648385,3,4,0.16264727,-4336.993,10.834677,-3.4156556,-4322.7426
1,4,0.27619805,2,4,0.13655558,3,4,0.12757868,-4334.5372,10.806646,-1.1580647,-4322.5725
1,4,0.28494709,2,4,0.15629492,3,4,0.13912208,-4333.5419,11.607282,-0.2460418,-4321.6885
1,4,0.26919933,2,4,0.13354146,3,4,0.15900847,-4334.774,11.234985,-1.4535464,-4322.0854
1,4,0.28333834,2,4,0.14854986,3,4,0.15925393,-4334.28,11.822843,-1.0533598,-4321.4038
1,4,0.28543483,2,4,0.13439613,3,4,0.14858933,-4333.8238,11.368406,-0.50438248,-4321.951
1,4,0.30614106,2,4,0.16435137,3,4,0.15029678,-4335.4233,12.415784,-2.2719572,-4320.7356
1,4,0.27474013,2,4,0.15809555,3,4,0.15012959,-4334.095,11.659305,-0.82938174,-4321.6063
1,4,0.27261967,2,4,0.14833036,3,4,0.13610124,-4333.5735,11.141025,-0.25987398,-4322.1726
1,4,0.2726513,2,4,0.13937466,3,4,0.14664823,-4333.7078,11.173484,-0.38912539,-4322.1452
1,4,0.29717752,2,4,0.17254315,3,4,0.1254313,-4335.4895,11.90304,-2.3691327,-4321.2173
1,4,0.313609,2,4,0.13006813,3,4,0.15558851,-4335.6172,11.985313,-2.4699032,-4321.1619
1,4,0.28880107,2,4,0.13677208,3,4,0.13712231,-4333.7354,11.253909,-0.41277973,-4322.0687
1,4,0.29737394,2,4,0.11940041,3,4,0.14440781,-4335.839,11.223643,-2.3031055,-4322.3123
1,4,0.30005829,2,4,0.12108319,3,4,0.12922032,-4336.6341,11.007236,-2.9895014,-4322.6374
1,4,0.25554119,2,4,0.13043709,3,4,0.15409952,-4335.6953,10.801556,-2.1975142,-4322.6962
1,4,0.25614701,2,4,0.15938067,3,4,0.12720372,-4335.3972,10.854628,-1.9362569,-4322.6063
1,4,0.28947309,2,4,0.15979977,3,4,0.15519544,-4334.6454,12.089366,-1.4337209,-4321.1223
1,4,0.31645354,2,4,0.13736821,3,4,0.12742021,-4335.6378,11.624839,-2.3683793,-4321.6446
1,4,0.28769946,2,4,0.1108761,3,4,0.17050232,-4338.4989,11.381558,-4.9598867,-4322.1575
1,4,0.26998375,2,4,0.14337065,3,4,0.14812995,-4333.7375,11.229687,-0.4218869,-4322.0859
1,4,0.251333,2,4,0.15678455,3,4,0.14104366,-4335.2025,10.983224,-1.7673921,-4322.4519
1,4,0.28739257,2,4,0.12036295,3,4,0.1345224,-4335.9954,10.845559,-2.3845772,-4322.7653
1,4,0.27153944,2,4,0.13519012,3,4,0.13749265,-4334.0968,10.884444,-0.75433979,-4322.458
1,4,0.31859646,2,4,0.13424452,3,4,0.12005966,-4337.0203,11.458013,-3.6061153,-4321.9561
1,4,0.28234178,2,4,0.12993531,3,4,0.13215126,-4334.685,10.888567,-1.2766862,-4322.5197
1,4,0.28078322,2,4,0.17036463,3,4,0.13944513,-4334.7212,11.81186,-1.5520825,-4321.3572
1,4,0.30818481,2,4,0.1647973,3,4,0.13950504,-4335.0437,12.249743,-1.8844011,-4320.9096
1,4,0.26552827,2,4,0.15443007,3,4,0.15169148,-4334.3167,11.432996,-1.0246064,-4321.8591
1,4,0.28894748,2,4,0.14571509,3,4,0.12490383,-4334.1671,11.191328,-0.80545818,-4322.1703
1,4,0.2808987,2,4,0.16480865,3,4,0.15013254,-4334.6016,11.916798,-1.4001672,-4321.2847
1,4,0.27702226,2,4,0.16088901,3,4,0.12812981,-4334.1941,11.320822,-0.87808179,-4321.9952
1,4,0.28288026,2,4,0.16695156,3,4,0.13104848,-4334.4235,11.617606,-1.1838857,-4321.622
1,4,0.29406805,2,4,0.13993389,3,4,0.14354839,-4333.5898,11.551007,-0.28753589,-4321.7512
1,4,0.27108775,2,4,0.14901277,3,4,0.19616582,-4340.8772,12.325327,-9.3101358,-4319.2417
1,4,0.27040014,2,4,0.13579571,3,4,0.14286975,-4333.9716,10.981312,-0.6326174,-4322.3577
1,4,0.27920557,2,4,0.15766716,3,4,0.12924872,-4333.9197,11.322429,-0.60257753,-4321.9947
1,4,0.32093194,2,4,0.15178719,3,4,0.13139704,-4335.3881,12.082323,-2.2737193,-4321.0321
1,4,0.27722098,2,4,0.13765832,3,4,0.15067474,-4333.7818,11.311081,-0.47065497,-4322.0001
1,4,0.2865198,2,4,0.13789601,3,4,0.15239451,-4333.7995,11.536206,-0.50583091,-4321.7574
1,4,0.26820374,2,4,0.11676406,3,4,0.14157353,-4336.8363,10.530827,-3.0778615,-4323.2276
1,4,0.27230686,2,4,0.14523126,3,4,0.16516923,-4334.9926,11.654147,-1.8293843,-4321.5091
1,4,0.23960148,2,4,0.15914527,3,4,0.14605305,-4336.9172,10.895996,-3.2994741,-4322.7217
1,4,0.33775114,2,4,0.13337832,3,4,0.16322477,-4338.6054,12.687085,-6.1326935,-4319.7856
1,4,0.27966569,2,4,0.14628249,3,4,0.1236525,-4334.3292,10.992013,-0.94611805,-4322.391
1,4,0.2679206,2,4,0.18290842,3,4,0.15948501,-4338.3664,12.206281,-5.8458967,-4320.3142
1,4,0.25889345,2,4,0.15199005,3,4,0.14236824,-4334.3314,11.065035,-0.96777368,-4322.2986
1,4,0.31935352,2,4,0.15905521,3,4,0.13817907,-4335.4629,12.331756,-2.3686099,-4320.7625
1,4,0.26424344,2,4,0.15408275,3,4,0.14255181,-4334.0231,11.21756,-0.69504227,-4322.1105
1,4,0.2868447,2,4,0.14479919,3,4,0.14134593,-4333.3307,11.459797,-0.025694378,-4321.8453
1,4,0.25607495,2,4,0.14954493,3,4,0.13706636,-4334.6006,10.853725,-1.2006839,-4322.5462
1,4,0.27882468,2,4,0.12194083,3,4,0.15646132,-4335.5141,11.144537,-2.0484177,-4322.3212
1,4,0.28893553,2,4,0.12962388,3,4,0.14910699,-4334.2553,11.353328,-0.90793696,-4321.9941
1,4,0.27717425,2,4,0.14994558,3,4,0.13390575,-4333.5272,11.220512,-0.21523919,-4322.0914
1,4,0.27362081,2,4,0.12650291,3,4,0.14769442,-4334.7689,10.956363,-1.3399374,-4322.4726
1,4,0.25410018,2,4,0.13435623,3,4,0.1517289,-4335.3955,10.803706,-1.9247131,-4322.6671
1,4,0.27768751,2,4,0.14323653,3,4,0.13919446,-4333.4259,11.20237,-0.11873276,-4322.1048
1,4,0.29019146,2,4,0.16906102,3,4,0.13341777,-4334.6331,11.853405,-1.4457878,-4321.3339
1,4,0.28087438,2,4,0.13506093,3,4,0.14649715,-4333.7512,11.248649,-0.42719877,-4322.0754
1,4,0.28688912,2,4,0.15899686,3,4,0.12078555,-4334.6763,11.333431,-1.3024762,-4322.0404
1,4,0.28695017,2,4,0.14379299,3,4,0.14760716,-4333.4555,11.567006,-0.15436585,-4321.7341
1,4,0.28109576,2,4,0.15703041,3,4,0.1493617,-4333.8995,11.749757,-0.62486257,-4321.5249
1,4,0.28957359,2,4,0.15358545,3,4,0.14460128,-4333.5686,11.755207,-0.27054353,-4321.5429
1,4,0.28222708,2,4,0.13972496,3,4,0.15808223,-4334.1213,11.600686,-0.86329993,-4321.6573
1,4,0.28122276,2,4,0.12149112,3,4,0.15528091,-4335.4843,11.159896,-2.0111637,-4322.3133
1,4,0.29586243,2,4,0.15871662,3,4,0.11787412,-4335.1729,11.449064,-1.7843475,-4321.9395
1,4,0.29964023,2,4,0.15464445,3,4,0.13667147,-4333.8479,11.819123,-0.56838513,-4321.4604
1,4,0.27575646,2,4,0.15305719,3,4,0.14732952,-4333.6513,11.522863,-0.35476465,-4321.7737
1,4,0.28269976,2,4,0.13239155,3,4,0.13568054,-4334.1604,11.015437,-0.8017747,-4322.3432
1,4,0.27682348,2,4,0.15877066,3,4,0.12675258,-4334.1898,11.246934,-0.85468293,-4322.0882
1,4,0.2934883,2,4,0.16405764,3,4,0.10632483,-4337.3941,11.277415,-3.6903694,-4322.4263
1,4,0.3114507,2,4,0.1672152,3,4,0.13652371,-4335.4672,12.303792,-2.3744302,-4320.789
1,4,0.28789536,2,4,0.14027374,3,4,0.13037708,-4333.8913,11.170923,-0.55778832,-4322.1626
1,4,0.26504492,2,4,0.14923733,3,4,0.12607828,-4334.6079,10.807211,-1.2117889,-4322.5889
1,4,0.30188708,2,4,0.12794647,3,4,0.14704798,-4334.7722,11.53763,-1.4399622,-4321.7946
1,4,0.24541737,2,4,0.13642321,3,4,0.14955119,-4336.2011,10.627835,-2.6027422,-4322.9705
1,4,0.29274964,2,4,0.12495819,3,4,0.15731546,-4335.1687,11.500466,-1.8321253,-4321.8361
1,4,0.27823451,2,4,0.15443301,3,4,0.14749207,-4333.6777,11.603192,-0.38590761,-4321.6886
1,4,0.27614714,2,4,0.1583662,3,4,0.1333143,-4333.8184,11.356553,-0.51437922,-4321.9474
1,4,0.30164452,2,4,0.16262443,3,4,0.12346642,-4334.9552,11.754707,-1.7015616,-4321.4989
1,4,0.27264453,2,4,0.16913502,3,4,0.1785283,-4339.0911,12.406157,-6.7939298,-4319.891
1,4,0.28763449,2,4,0.14351772,3,4,0.15530368,-4333.8924,11.729118,-0.62377683,-4321.5395
1,4,0.2769214,2,4,0.165784,3,4,0.15320329,-4334.9734,11.918174,-1.8139562,-4321.2413
1,4,0.29430531,2,4,0.13741348,3,4,0.13474513,-4333.9,11.329279,-0.5766737,-4321.994
1,4,0.2585961,2,4,0.15673574,3,4,0.14427322,-4334.5639,11.192101,-1.2143325,-4322.1574
1,4,0.29041221,2,4,0.11158174,3,4,0.15875066,-4337.4841,11.214892,-3.7624811,-4322.5067
1,4,0.27446973,2,4,0.15219431,3,4,0.12577957,-4334.17,11.048872,-0.80880614,-4322.3123
1,4,0.2639133,2,4,0.15885065,3,4,0.14319218,-4334.2923,11.319123,-0.9800529,-4321.9931
1,4,0.28415109,2,4,0.13616895,3,4,0.15608655,-4334.0856,11.528132,-0.80432775,-4321.7532
1,4,0.31387461,2,4,0.17420078,3,4,0.14065044,-4336.6125,12.574516,-3.6978884,-4320.3401
1,4,0.28355105,2,4,0.16284209,3,4,0.13988095,-4333.9761,11.725482,-0.71602065,-4321.5346
1,4,0.30376524,2,4,0.14356187,3,4,0.14101715,-4333.8904,11.766885,-0.61444052,-4321.509
1,4,0.27648042,2,4,0.14977554,3,4,0.14662658,-4333.508,11.457651,-0.20540964,-4321.8449
1,4,0.30718263,2,4,0.14691245,3,4,0.15431562,-4334.6589,12.168214,-1.449749,-4321.041
1,4,0.27724398,2,4,0.14256202,3,4,0.14577431,-4333.4649,11.311606,-0.1576301,-4321.9957
1,4,0.25723959,2,4,0.14694621,3,4,0.13294314,-4334.6947,10.742579,-1.2925309,-4322.6596
1,4,0.28059768,2,4,0.15642171,3,4,0.14542506,-4333.6752,11.648889,-0.38537765,-4321.6409
1,4,0.27261837,2,4,0.13709597,3,4,0.13271859,-4334.1658,10.848658,-0.82332268,-4322.4938
1,4,0.27914572,2,4,0.14233228,3,4,0.16252463,-4334.5346,11.680053,-1.330814,-4321.5237
1,4,0.29887609,2,4,0.14199952,3,4,0.15033869,-4333.9145,11.824286,-0.63988263,-4321.4503
1,4,0.26269845,2,4,0.14415017,3,4,0.13242423,-4334.3526,10.785457,-0.9909032,-4322.5763
1,4,0.29940287,2,4,0.13941268,3,4,0.12615507,-4334.5923,11.299412,-1.2292321,-4322.0637
1,4,0.25994334,2,4,0.13955919,3,4,0.15050657,-4334.5273,11.000182,-1.1537629,-4322.3734
1,4,0.27429684,2,4,0.14004829,3,4,0.15382081,-4333.9263,11.363319,-0.62788633,-4321.9351
1,4,0.33781837,2,4,0.15694083,3,4,0.13891819,-4337.4362,12.673548,-4.728811,-4320.0338
1,4,0.31975858,2,4,0.12927552,3,4,0.13466569,-4336.1321,11.673996,-2.880449,-4321.5776
1,4,0.29801171,2,4,0.13833343,3,4,0.16341087,-4334.9789,11.99512,-1.8343132,-4321.1495
1,4,0.2708496,2,4,0.15847329,3,4,0.13261548,-4334.0214,11.238767,-0.7031727,-4322.0794
1,4,0.24934748,2,4,0.14945089,3,4,0.12489184,-4336.2159,10.473804,-2.6242208,-4323.1179
1,4,0.28477389,2,4,0.15886204,3,4,0.1291477,-4333.9393,11.455673,-0.63461418,-4321.8491
1,4,0.28708427,2,4,0.1500152,3,4,0.11860196,-4334.8592,11.114029,-1.4106721,-4322.3345
1,4,0.28061611,2,4,0.15990381,3,4,0.14024812,-4333.7657,11.615361,-0.4842134,-4321.6661
1,4,0.27241872,2,4,0.15893255,3,4,0.13520053,-4333.9025,11.331036,-0.59840198,-4321.9731
1,4,0.25955718,2,4,0.15142187,3,4,0.12371411,-4335.2687,10.693863,-1.7967144,-4322.7781
1,4,0.28558441,2,4,0.15869213,3,4,0.12393945,-4334.3282,11.36432,-0.98766507,-4321.9762
1,4,0.28397653,2,4,0.12481265,3,4,0.16133997,-4335.3876,11.402583,-2.0526317,-4321.9324
1,4,0.24767144,2,4,0.1702539,3,4,0.1460184,-4336.8199,11.278875,-3.498391,-4322.0427
1,4,0.30396921,2,4,0.16522637,3,4,0.14004677,-4334.8301,12.184847,-1.6470388,-4320.9982
1,4,0.27737267,2,4,0.12501954,3,4,0.12851542,-4335.8796,10.618153,-2.3302554,-4322.9312
1,4,0.28547938,2,4,0.14992391,3,4,0.13598172,-4333.3867,11.4277,-0.080934756,-4321.8781
1,4,0.25994085,2,4,0.14414862,3,4,0.15493912,-4334.6588,11.180572,-1.3183592,-4322.1598
1,4,0.24411318,2,4,0.15544391,3,4,0.12913712,-4336.5231,10.573884,-2.8759044,-4323.0733
1,4,0.3182798,2,4,0.14134619,3,4,0.16812421,-4336.9335,12.555004,-4.1047707,-4320.2737
1,4,0.30139003,2,4,0.13447985,3,4,0.14200125,-4334.1543,11.557422,-0.85114806,-4321.7457
1,4,0.25731195,2,4,0.14914246,3,4,0.14187369,-4334.4168,10.966562,-1.0364756,-4322.4138
1,4,0.2664825,2,4,0.15239147,3,4,0.13061057,-4334.1478,10.989691,-0.79641496,-4322.3617
1,4,0.29658246,2,4,0.15043943,3,4,0.12545875,-4334.2013,11.449613,-0.86955512,-4321.8822
1,4,0.26310206,2,4,0.14441929,3,4,0.13588991,-4334.1325,10.868225,-0.78450965,-4322.4798
1,4,0.29637806,2,4,0.1666839,3,4,0.12192729,-4335.1729,11.699785,-1.9228988,-4321.5502
1,4,0.25873992,2,4,0.15721101,3,4,0.13975917,-4334.531,11.114202,-1.1705307,-4322.2463
1,4,0.27485033,2,4,0.15818861,3,4,0.11358539,-4335.9297,10.932487,-2.3357076,-4322.6615
1,4,0.29509569,2,4,0.15477136,3,4,0.13316141,-4333.7544,11.660569,-0.46203089,-4321.6318
1,4,0.27902937,2,4,0.15758464,3,4,0.1495969,-4333.962,11.724218,-0.6915115,-4321.5463
1,4,0.28482011,2,4,0.16593929,3,4,0.13202823,-4334.3014,11.655753,-1.0579758,-4321.5877
1,4,0.25828374,2,4,0.14994016,3,4,0.15016023,-4334.5513,11.167683,-1.1967443,-4322.1868
1,4,0.31655151,2,4,0.15247645,3,4,0.14365419,-4334.9718,12.253643,-1.8074255,-4320.9107
1,4,0.30022702,2,4,0.16031373,3,4,0.11723806,-4335.4616,11.555576,-2.1001724,-4321.8059
1,4,0.31580453,2,4,0.13487859,3,4,0.14705654,-4335.108,11.954793,-1.9303732,-4321.2228
1,4,0.27374686,2,4,0.14006096,3,4,0.15292423,-4333.8896,11.334641,-0.58642703,-4321.9685
1,4,0.27042703,2,4,0.13711476,3,4,0.16564684,-4335.1836,11.463773,-1.9764932,-4321.7433
1,4,0.26124915,2,4,0.15454121,3,4,0.15573617,-4334.8717,11.430531,-1.59294,-4321.8482
1,4,0.30485378,2,4,0.15397156,3,4,0.13202811,-4334.1988,11.817069,-0.9380339,-4321.4437
1,4,0.28004121,2,4,0.14047052,3,4,0.13730334,-4333.5308,11.156301,-0.21971255,-4322.1548
1,4,0.27796052,2,4,0.13761973,3,4,0.16467561,-4334.8529,11.605117,-1.6614487,-4321.5864
1,4,0.27003185,2,4,0.15618778,3,4,0.13991594,-4333.8006,11.322711,-0.49210977,-4321.9858
1,4,0.31554388,2,4,0.14572816,3,4,0.13882095,-4334.689,12.00186,-1.4982468,-4321.1889
1,4,0.27500338,2,4,0.12791745,3,4,0.14908008,-4334.5678,11.040018,-1.1684143,-4322.3593
1,4,0.29030113,2,4,0.1343685,3,4,0.1381323,-4333.8986,11.256039,-0.5653675,-4322.0771
1,4,0.23830327,2,4,0.1334555,3,4,0.13507211,-4337.8467,10.136618,-4.0260377,-4323.684
1,4,0.26523629,2,4,0.14918139,3,4,0.14700407,-4333.9355,11.228435,-0.61089517,-4322.0962
1,4,0.25226127,2,4,0.1565644,3,4,0.13797825,-4335.1193,10.936078,-1.6837448,-4322.4995
1,4,0.29963899,2,4,0.15874662,3,4,0.14785642,-4334.3692,12.12484,-1.1174845,-4321.1269
1,4,0.30032536,2,4,0.14620711,3,4,0.1312524,-4333.9471,11.555697,-0.64719533,-4321.7442
1,4,0.32435903,2,4,0.15296202,3,4,0.13404509,-4335.6743,12.227323,-2.6231655,-4320.8238
1,4,0.27143691,2,4,0.19017499,3,4,0.14503523,-4338.2514,12.132943,-5.8037015,-4320.3147
1,4,0.27089566,2,4,0.13222865,3,4,0.12914586,-4335.0194,10.645403,-1.6042702,-4322.7697
1,4,0.32250167,2,4,0.12961295,3,4,0.1483638,-4336.1198,12.009568,-3.0218256,-4321.0884
1,4,0.26532621,2,4,0.12524813,3,4,0.14159763,-4335.4391,10.643439,-1.9379138,-4322.8578
1,4,0.29405224,2,4,0.15377561,3,4,0.12932104,-4333.8736,11.542978,-0.5674866,-4321.7631
1,4,0.27657203,2,4,0.14855025,3,4,0.14309536,-4333.402,11.364353,-0.095958527,-4321.9417
1,4,0.24235083,2,4,0.15470282,3,4,0.14660148,-4336.31,10.873103,-2.7340438,-4322.7028
1,4,0.26089842,2,4,0.16009468,3,4,0.13974983,-4334.5314,11.214858,-1.1976291,-4322.1189
1,4,0.26994946,2,4,0.14388877,3,4,0.12603988,-4334.4736,10.797562,-1.0962178,-4322.5798
1,4,0.27078,2,4,0.15928826,3,4,0.14045714,-4333.9445,11.410508,-0.64957683,-4321.8845
1,4,0.28331917,2,4,0.1551675,3,4,0.13889906,-4333.4857,11.547715,-0.18642989,-4321.7516
1,4,0.26571791,2,4,0.15038381,3,4,0.119241,-4335.4185,10.706854,-1.9104271,-4322.8012
1,4,0.30464864,2,4,0.16197638,3,4,0.12526962,-4334.9247,11.837893,-1.6958157,-4321.391
1,4,0.26512416,2,4,0.16236963,3,4,0.14548183,-4334.5473,11.459512,-1.2726522,-4321.8151
1,4,0.28178852,2,4,0.13581644,3,4,0.12517028,-4334.762,10.855505,-1.3492311,-4322.5573
1,4,0.30625582,2,4,0.14261089,3,4,0.14390908,-4334.0759,11.855516,-0.81573724,-4321.4046
1,4,0.26473364,2,4,0.11493793,3,4,0.14962843,-4337.2961,10.586,-3.4486805,-4323.2615
1,4,0.29517937,2,4,0.14888306,3,4,0.1201364,-4334.7761,11.283977,-1.3691563,-4322.1229
1,4,0.2823004,2,4,0.14704849,3,4,0.12411718,-4334.2171,11.069322,-0.8444116,-4322.3034
1,4,0.25320887,2,4,0.14451065,3,4,0.13966503,-4334.87,10.747691,-1.439203,-4322.6831
1,4,0.25935637,2,4,0.14076584,3,4,0.13399332,-4334.6627,10.682311,-1.2772797,-4322.7031
1,4,0.26014947,2,4,0.13835909,3,4,0.16746475,-4335.9381,11.319466,-2.7029451,-4321.9157
1,4,0.28782475,2,4,0.13737049,3,4,0.13784904,-4333.6619,11.260886,-0.34302477,-4322.058
1,4,0.2698046,2,4,0.12771005,3,4,0.14059709,-4334.8616,10.762235,-1.4313671,-4322.668
1,4,0.28375928,2,4,0.13461789,3,4,0.15153625,-4333.912,11.398268,-0.59991176,-4321.9139
1,4,0.28117173,2,4,0.17126713,3,4,0.11873369,-4335.7692,11.423451,-2.4606893,-4321.885
1,4,0.31804886,2,4,0.14065813,3,4,0.14837134,-4335.1317,12.141567,-1.994633,-4320.9955
1,4,0.28704037,2,4,0.14529373,3,4,0.16046788,-4334.3575,11.85604,-1.1430651,-4321.3584
1,4,0.30615302,2,4,0.14785463,3,4,0.14817138,-4334.2232,12.043581,-0.97205297,-4321.2076
1,4,0.30038571,2,4,0.17425722,3,4,0.13672961,-4335.6037,12.227451,-2.5666431,-4320.8096
1,4,0.2951726,2,4,0.14955422,3,4,0.13932517,-4333.5173,11.68104,-0.21876671,-4321.6175
1,4,0.27954031,2,4,0.13391143,3,4,0.14220405,-4333.8454,11.113116,-0.51012552,-4322.2221
1,4,0.2571698,2,4,0.16303232,3,4,0.17003809,-4337.5317,11.804804,-4.6450803,-4321.0818
1,4,0.32645072,2,4,0.14980902,3,4,0.11613853,-4337.3677,11.847966,-4.1871815,-4321.3326
1,4,0.29093229,2,4,0.14745015,3,4,0.1431337,-4333.4039,11.630323,-0.10064091,-4321.6729
1,4,0.29048416,2,4,0.11368647,3,4,0.15351321,-4336.8426,11.153677,-3.1488487,-4322.5401
1,4,0.24420211,2,4,0.16791851,3,4,0.13798456,-4336.8806,11.002104,-3.3798794,-4322.4986
1,4,0.26446637,2,4,0.13992342,3,4,0.12497567,-4335.1489,10.587309,-1.7206894,-4322.8409
1,4,0.27392503,2,4,0.14103329,3,4,0.15611175,-4334.0678,11.421401,-0.7838569,-4321.8626
1,4,0.29034279,2,4,0.15082551,3,4,0.11706068,-4335.1058,11.16458,-1.6340327,-4322.3072
1,4,0.30242115,2,4,0.14277032,3,4,0.13476789,-4333.9536,11.599187,-0.66356363,-4321.6908
1,4,0.28610898,2,4,0.15217414,3,4,0.13943052,-4333.3896,11.554273,-0.086408383,-4321.749
1,4,0.2932812,2,4,0.14992391,3,4,0.14592373,-4333.5778,11.782577,-0.27965533,-4321.5156
1,4,0.29308258,2,4,0.11680074,3,4,0.13195836,-4337.0492,10.836834,-3.2707084,-4322.9416
1,4,0.28296515,2,4,0.15173123,3,4,0.12416266,-4334.1578,11.177181,-0.79449039,-4322.1862
1,4,0.2961747,2,4,0.14422784,3,4,0.13156532,-4333.8138,11.439357,-0.50203884,-4321.8724
1,4,0.29319803,2,4,0.15903342,3,4,0.12644441,-4334.2304,11.573517,-0.93014071,-4321.7267
1,4,0.30993126,2,4,0.14931491,3,4,0.14599746,-4334.4183,12.104873,-1.1878576,-4321.1256
1,4,0.25929622,2,4,0.13230171,3,4,0.17070291,-4336.6925,11.246017,-3.4404105,-4322.0061
1,4,0.28704962,2,4,0.14436117,3,4,0.12278014,-4334.4496,11.083819,-1.0548095,-4322.3109
1,4,0.30334798,2,4,0.13996081,3,4,0.1475658,-4334.0567,11.817492,-0.78956062,-4321.4496
1,4,0.29270692,2,4,0.16076188,3,4,0.12016394,-4334.8913,11.472655,-1.5408235,-4321.8778
1,4,0.2614934,2,4,0.15029175,3,4,0.14462925,-4334.13,11.128288,-0.78501285,-4322.2167
1,4,0.28316104,2,4,0.14600587,3,4,0.14741485,-4333.4232,11.531635,-0.12133111,-4321.7702
1,4,0.26701363,2,4,0.15437622,3,4,0.13983908,-4333.8655,11.224578,-0.5446121,-4322.0963
1,4,0.27765032,2,4,0.14515475,3,4,0.13929277,-4333.3869,11.241957,-0.080595224,-4322.0643
1,4,0.27706994,2,4,0.12757131,3,4,0.12688689,-4335.6729,10.630563,-2.1605282,-4322.8818
1,4,0.29475267,2,4,0.1248021,3,4,0.15840299,-4335.3043,11.559155,-1.9880971,-4321.7571
1,4,0.26864281,2,4,0.14299939,3,4,0.14542366,-4333.7361,11.141317,-0.41455903,-4322.1802
1,4,0.28287349,2,4,0.14821012,3,4,0.13457685,-4333.4227,11.313209,-0.11446299,-4321.9951
1,4,0.31139048,2,4,0.13638027,3,4,0.16188745,-4335.6444,12.193164,-2.5777349,-4320.8735
1,4,0.30809725,2,4,0.15570213,3,4,0.14296925,-4334.4456,12.135373,-1.2118417,-4321.0984
1,4,0.27657175,2,4,0.1220981,3,4,0.13716185,-4335.6296,10.716634,-2.0796491,-4322.8334
1,4,0.28925292,2,4,0.14761908,3,4,0.14300819,-4333.371,11.597604,-0.066864985,-4321.7066
1,4,0.29016976,2,4,0.15795528,3,4,0.13391879,-4333.7479,11.640877,-0.4589461,-4321.6481
1,4,0.26981646,2,4,0.15187366,3,4,0.13645858,-4333.7082,11.162974,-0.38893964,-4322.1563
1,4,0.27703697,2,4,0.12961692,3,4,0.13301778,-4334.7564,10.793433,-1.3466409,-4322.6163
1,4,0.28536337,2,4,0.17189006,3,4,0.11081566,-4336.9512,11.361382,-3.483129,-4322.1067
1,4,0.27072665,2,4,0.13458145,3,4,0.12257747,-4335.59,10.557711,-2.1057742,-4322.9266
1,4,0.29267803,2,4,0.14584548,3,4,0.15908825,-4334.3526,11.952235,-1.1306274,-4321.2697
1,4,0.27619183,2,4,0.14249425,3,4,0.1432048,-4333.4549,11.237818,-0.1462891,-4322.0708
1,4,0.29189949,2,4,0.13481678,3,4,0.16078794,-4334.6228,11.750084,-1.4036153,-4321.4691
1,4,0.30024741,2,4,0.14159468,3,4,0.14661835,-4333.834,11.769209,-0.55209746,-4321.5127
1,4,0.30617871,2,4,0.13128881,3,4,0.14469099,-4334.6525,11.64317,-1.3623722,-4321.6469
1,4,0.26285774,2,4,0.15913819,3,4,0.14502115,-4334.4236,11.340342,-1.1141546,-4321.9691
1,4,0.32188556,2,4,0.13379326,3,4,0.13227635,-4336.0159,11.759103,-2.8237532,-4321.4331
1,4,0.27362368,2,4,0.13520297,3,4,0.12371262,-4335.2293,10.650786,-1.7803477,-4322.7982
1,4,0.25887131,2,4,0.13431728,3,4,0.14379417,-4334.8252,10.739655,-1.4090617,-4322.6765
1,4,0.29013034,2,4,0.15690548,3,4,0.12376216,-4334.3143,11.41596,-0.97464854,-4321.9236
1,4,0.29273945,2,4,0.13387074,3,4,0.14175837,-4333.9024,11.367371,-0.57566113,-4321.9594
1,4,0.29711127,2,4,0.13228297,3,4,0.15428187,-4334.4394,11.673522,-1.1634125,-4321.6025
1,4,0.26027161,2,4,0.1530364,3,4,0.11973204,-4335.7385,10.660801,-2.1954468,-4322.8823
1,4,0.29426603,2,4,0.12982202,3,4,0.1448003,-4334.2857,11.377767,-0.93707887,-4321.9708
1,4,0.30151381,2,4,0.14142918,3,4,0.16217241,-4334.9851,12.102308,-1.8397812,-4321.043
1,4,0.33742889,2,4,0.11790408,3,4,0.14139488,-4339.3991,11.934557,-6.3481338,-4321.1164
1,4,0.30325622,2,4,0.14682565,3,4,0.16132907,-4335.0768,12.228219,-1.9291901,-4320.9194
1,4,0.30532917,2,4,0.12045025,3,4,0.12387332,-4337.7298,10.993055,-3.9540337,-4322.7827
1,4,0.28744984,2,4,0.15612831,3,4,0.14230676,-4333.5944,11.717698,-0.30028711,-4321.5764
1,4,0.26102186,2,4,0.14060718,3,4,0.1435597,-4334.261,10.903775,-0.89746594,-4322.4598
1,4,0.25772813,2,4,0.13085523,3,4,0.14085849,-4335.3194,10.588837,-1.8547465,-4322.8758
1,4,0.27172342,2,4,0.16941469,3,4,0.13235563,-4334.8377,11.469875,-1.6033377,-4321.7645
1,4,0.27379168,2,4,0.1369345,3,4,0.14873642,-4333.838,11.189252,-0.51463228,-4322.1341
1,4,0.28624245,2,4,0.13195718,3,4,0.13056838,-4334.562,10.97536,-1.1681229,-4322.4185
1,4,0.31541603,2,4,0.14767066,3,4,0.11761116,-4336.2134,11.613957,-2.8752247,-4321.7242
1,4,0.2604244,2,4,0.17727314,3,4,0.14377299,-4336.4838,11.629411,-3.4344252,-4321.42
1,4,0.2615298,2,4,0.15047925,3,4,0.13953058,-4334.1091,11.030792,-0.75838765,-4322.3199
1,4,0.29471763,2,4,0.16237788,3,4,0.14822997,-4334.4854,12.10651,-1.2526854,-4321.1263
1,4,0.29336538,2,4,0.1430523,3,4,0.14121334,-4333.4745,11.55262,-0.17228957,-4321.7496
1,4,0.28544124,2,4,0.13337428,3,4,0.15545788,-4334.2003,11.485468,-0.90438667,-4321.8104
1,4,0.25723656,2,4,0.15708526,3,4,0.11815358,-4336.3008,10.649508,-2.6816055,-4322.9697
1,4,0.27804092,2,4,0.15176562,3,4,0.10714793,-4337.2228,10.73909,-3.3356106,-4323.1481
1,4,0.27987504,2,4,0.15817307,3,4,0.1304043,-4333.8667,11.369048,-0.55771284,-4321.94
1,4,0.27546383,2,4,0.1589599,3,4,0.14210372,-4333.8063,11.530549,-0.51958654,-4321.7562
1,4,0.26290306,2,4,0.12174021,3,4,0.15774913,-4336.3626,10.847848,-2.7789805,-4322.7358
1,4,0.27991057,2,4,0.14515857,3,4,0.15790527,-4334.0886,11.659488,-0.83716084,-4321.592
1,4,0.29396291,2,4,0.1417549,3,4,0.13717395,-4333.582,11.457835,-0.27635333,-4321.8478
1,4,0.23543048,2,4,0.14694521,3,4,0.12444852,-4338.4744,10.136484,-4.506895,-4323.8311
1,4,0.27978283,2,4,0.13829358,3,4,0.11310595,-4336.6131,10.623647,-2.9033823,-4323.0861
1,4,0.2722796,2,4,0.13064251,3,4,0.17417918,-4336.5326,11.542026,-3.4675459,-4321.5231
1,4,0.28886577,2,4,0.16669755,3,4,0.13628311,-4334.3494,11.836929,-1.1307074,-4321.3818
1,4,0.25692248,2,4,0.12915409,3,4,0.13688494,-4335.7775,10.45923,-2.27355,-4323.0447
1,4,0.30203265,2,4,0.13330204,3,4,0.14373547,-4334.2656,11.581403,-0.96377697,-4321.7204
1,4,0.30542984,2,4,0.14532608,3,4,0.14020405,-4333.9665,11.819199,-0.69860292,-4321.4487
1,4,0.28368838,2,4,0.14005222,3,4,0.12038101,-4335.0434,10.882432,-1.5803274,-4322.5807
1,4,0.28413054,2,4,0.140636,3,4,0.13976253,-4333.4359,11.290581,-0.12723972,-4322.018
1,4,0.25552635,2,4,0.14037456,3,4,0.14222605,-4334.7467,10.762539,-1.3339067,-4322.6502
1,4,0.27448813,2,4,0.15815484,3,4,0.12614715,-4334.2791,11.175802,-0.93023284,-4322.173
1,4,0.30448776,2,4,0.10307864,3,4,0.15359047,-4339.9854,11.223137,-5.8008892,-4322.9614
1,4,0.33516496,2,4,0.12600007,3,4,0.16265955,-4338.6521,12.476492,-6.0741193,-4320.1015
1,4,0.30489842,2,4,0.13163923,3,4,0.14037666,-4334.5873,11.538286,-1.2747572,-4321.7743
1,4,0.28073829,2,4,0.15930899,3,4,0.12528911,-4334.2616,11.306728,-0.92543907,-4322.0294
1,4,0.27387325,2,4,0.16543682,3,4,0.12844886,-4334.573,11.355178,-1.2790749,-4321.9387
1,4,0.30454415,2,4,0.13276241,3,4,0.15846571,-4335.0368,11.915445,-1.8478309,-4321.2735
1,4,0.27272302,2,4,0.13724688,3,4,0.13387525,-4334.0743,10.876903,-0.73759664,-4322.4598
1,4,0.28063569,2,4,0.17000654,3,4,0.12900536,-4334.8173,11.592952,-1.6017487,-4321.6226
1,4,0.30333355,2,4,0.14469909,3,4,0.17289157,-4336.5713,12.418484,-3.7199592,-4320.4329
1,4,0.26599947,2,4,0.15394039,3,4,0.13331329,-4334.0589,11.065063,-0.71834391,-4322.2755
1,4,0.27576744,2,4,0.12208697,3,4,0.17149619,-4336.8823,11.387012,-3.6225177,-4321.8728
1,4,0.27546353,2,4,0.12893949,3,4,0.15384965,-4334.5992,11.165054,-1.228779,-4322.2054
1,4,0.29204694,2,4,0.15618333,3,4,0.14679397,-4333.8481,11.900485,-0.56363071,-4321.384
1,4,0.29597722,2,4,0.11563906,3,4,0.1447345,-4336.5327,11.127016,-2.8639135,-4322.5418
1,4,0.28729028,2,4,0.1495115,3,4,0.16300136,-4334.765,11.996063,-1.601139,-4321.1678
1,4,0.27299668,2,4,0.12414438,3,4,0.13577975,-4335.496,10.658416,-1.9852496,-4322.8524
1,4,0.25745958,2,4,0.13727365,3,4,0.17298831,-4336.9146,11.354431,-3.7637855,-4321.7964
1,4,0.25698576,2,4,0.13995436,3,4,0.15276865,-4334.8586,10.994175,-1.4651793,-4322.3993
1,4,0.28392583,2,4,0.15650187,3,4,0.11888186,-4334.8481,11.186191,-1.4217049,-4322.2402
1,4,0.28177629,2,4,0.13592522,3,4,0.13891367,-4333.7282,11.132304,-0.40328628,-4322.1926
1,4,0.27515587,2,4,0.16623372,3,4,0.15372734,-4335.0946,11.902339,-1.9481012,-4321.2442
1,4,0.2898093,2,4,0.11204404,3,4,0.13188572,-4338.2207,10.674781,-4.1821283,-4323.3638
1,4,0.28467742,2,4,0.1483765,3,4,0.14433379,-4333.3556,11.547754,-0.0512881,-4321.7566
1,4,0.2383707,2,4,0.15833324,3,4,0.13667397,-4337.0785,10.667558,-3.3576938,-4323.0533
1,4,0.28725005,2,4,0.13584552,3,4,0.15329726,-4333.9453,11.527857,-0.65115,-4321.7663
1,4,0.27663496,2,4,0.140697,3,4,0.13345823,-4333.76,11.015804,-0.43979083,-4322.3044
1,4,0.2597768,2,4,0.15999568,3,4,0.14895667,-4334.8561,11.374583,-1.5552149,-4321.9263
1,4,0.29829471,2,4,0.13492617,3,4,0.14330315,-4333.9872,11.530481,-0.67968282,-4321.777
1,4,0.28175683,2,4,0.15387575,3,4,0.14831764,-4333.6647,11.679004,-0.37381211,-4321.6119
1,4,0.29024239,2,4,0.14286827,3,4,0.15568981,-4333.9684,11.776009,-0.70575872,-4321.4867
1,4,0.25123112,2,4,0.13978244,3,4,0.11148752,-4338.9189,10.050022,-4.914244,-4323.9547
1,4,0.29132986,2,4,0.14446978,3,4,0.11754209,-4335.2402,11.066835,-1.7477141,-4322.4256
1,4,0.3186142,2,4,0.16413847,3,4,0.14052388,-4335.856,12.465531,-2.8035937,-4320.5869
1,4,0.24997536,2,4,0.15738745,3,4,0.12781135,-4335.9261,10.703483,-2.3804968,-4322.8421
1,4,0.26935063,2,4,0.16775271,3,4,0.12050987,-4335.6378,11.152264,-2.241059,-4322.2444
1,4,0.25688815,2,4,0.15467251,3,4,0.12892286,-4335.0274,10.809671,-1.5903498,-4322.6274
1,4,0.2658347,2,4,0.14638256,3,4,0.13475451,-4333.9638,10.939435,-0.62765887,-4322.3967
1,4,0.29455753,2,4,0.14893093,3,4,0.14382886,-4333.534,11.746346,-0.23501771,-4321.5527
1,4,0.26912423,2,4,0.14268648,3,4,0.14701942,-4333.7549,11.176602,-0.43491811,-4322.1433
1,4,0.28478171,2,4,0.14428542,3,4,0.13730668,-4333.3771,11.327476,-0.070760035,-4321.9789
1,4,0.29006571,2,4,0.15977145,3,4,0.13887802,-4333.8091,11.774304,-0.53163394,-4321.5032
1,4,0.30036569,2,4,0.15091639,3,4,0.12569837,-4334.3212,11.539609,-1.0046154,-4321.7769
1,4,0.28528619,2,4,0.12992049,3,4,0.13366704,-4334.5511,10.977474,-1.1533017,-4322.4203
1,4,0.2838859,2,4,0.16107283,3,4,0.12739238,-4334.1684,11.447022,-0.86388549,-4321.8575
1,4,0.29886912,2,4,0.13107053,3,4,0.16680565,-4335.6655,11.934906,-2.5747237,-4321.1559
1,4,0.25504736,2,4,0.15722023,3,4,0.13275593,-4335.0388,10.90047,-1.6118758,-4322.5265
1,4,0.25104862,2,4,0.12710042,3,4,0.14007506,-4336.5353,10.364482,-2.9144122,-4323.2564
1,4,0.27851677,2,4,0.15525167,3,4,0.13152331,-4333.7141,11.305835,-0.4005664,-4322.0077
1,4,0.28681886,2,4,0.12587759,3,4,0.13292947,-4335.1657,10.912519,-1.6907347,-4322.5625
1,4,0.26966225,2,4,0.1411572,3,4,0.14818122,-4333.8024,11.180013,-0.48185899,-4322.1405
1,4,0.26942897,2,4,0.13351572,3,4,0.14790322,-4334.2189,11.016958,-0.86113364,-4322.3408
1,4,0.29940096,2,4,0.14599739,3,4,0.14419503,-4333.6973,11.791868,-0.40865242,-4321.4968
1,4,0.28400322,2,4,0.165788,3,4,0.11359263,-4336.0345,11.267677,-2.5523459,-4322.2145
1,4,0.2752476,2,4,0.17019365,3,4,0.14592992,-4335.0004,11.827424,-1.8535266,-4321.3194
1,4,0.26378075,2,4,0.13224529,3,4,0.14904182,-4334.674,10.901357,-1.2750544,-4322.4976
1,4,0.27421753,2,4,0.14106567,3,4,0.15808322,-4334.2138,11.467328,-0.94538296,-4321.8011
1,4,0.27400754,2,4,0.1313863,3,4,0.14933005,-4334.2474,11.094478,-0.88738077,-4322.2655
1,4,0.29947673,2,4,0.12840172,3,4,0.12215557,-4336.3063,11.00068,-2.7224035,-4322.5832
1,4,0.26367265,2,4,0.13568614,3,4,0.14819881,-4334.394,10.951152,-1.0235057,-4322.4193
1,4,0.25467289,2,4,0.14477818,3,4,0.14030498,-4334.7039,10.795121,-1.2915264,-4322.6173
1,4,0.27240681,2,4,0.14652437,3,4,0.12153874,-4334.8129,10.809398,-1.3815334,-4322.622
1,4,0.30638067,2,4,0.14608774,3,4,0.16147883,-4335.265,12.278945,-2.1406763,-4320.8454
1,4,0.27774321,2,4,0.15540848,3,4,0.15070931,-4333.9101,11.67722,-0.63426595,-4321.5986
1,4,0.27827924,2,4,0.14462753,3,4,0.17294057,-4335.933,11.916947,-2.9768143,-4321.0393
1,4,0.33117341,2,4,0.16805172,3,4,0.15578798,-4338.829,13.100262,-6.183625,-4319.5451
1,4,0.28431927,2,4,0.15476583,3,4,0.13661195,-4333.489,11.513941,-0.18819053,-4321.7869
1,4,0.30235026,2,4,0.15964131,3,4,0.13800091,-4334.2471,11.99985,-1.001583,-4321.2457
1,4,0.24737092,2,4,0.12475853,3,4,0.17694246,-4339.4826,10.981438,-5.9930836,-4322.5081
1,4,0.28967716,2,4,0.14887221,3,4,0.11370618,-4335.7256,11.045111,-2.1479181,-4322.5326
1,4,0.30168275,2,4,0.13364077,3,4,0.12597931,-4335.1995,11.226057,-1.785532,-4322.1879
1,4,0.2968952,2,4,0.13245028,3,4,0.13675959,-4334.2807,11.322101,-0.93508285,-4322.0235
1,4,0.30213763,2,4,0.13356227,3,4,0.12605771,-4335.2188,11.235152,-1.8060738,-4322.1776
1,4,0.25291914,2,4,0.12529484,3,4,0.16921554,-4337.7552,10.94859,-4.234912,-4322.5717
1,4,0.29433111,2,4,0.14127625,3,4,0.14190975,-4333.5458,11.550342,-0.24393946,-4321.7515
1,4,0.2648674,2,4,0.13935284,3,4,0.14529109,-4334.0629,10.990226,-0.71776908,-4322.3549
1,4,0.28451298,2,4,0.15969043,3,4,0.14892511,-4334.0713,11.86257,-0.81073984,-4321.398
1,4,0.29350362,2,4,0.13940103,3,4,0.14554952,-4333.6207,11.569083,-0.31954223,-4321.7321
1,4,0.27718642,2,4,0.12745414,3,4,0.16326956,-4335.3581,11.358203,-2.0539438,-4321.946
1,4,0.27612618,2,4,0.16719118,3,4,0.11857774,-4335.554,11.237902,-2.1594267,-4322.1566
1,4,0.29029812,2,4,0.16456513,3,4,0.11466883,-4335.7946,11.390642,-2.3646501,-4322.0393
1,4,0.29261812,2,4,0.10257043,3,4,0.12411549,-4342.6308,10.386081,-7.5296438,-4324.7151
1,4,0.29757895,2,4,0.14696099,3,4,0.13504752,-4333.6605,11.591749,-0.3629812,-4321.7058
1,4,0.28791166,2,4,0.1451812,3,4,0.14698919,-4333.4392,11.601641,-0.13765608,-4321.6999
1,4,0.32164062,2,4,0.12950543,3,4,0.15081572,-4336.1199,12.039235,-3.0307811,-4321.0499
1,4,0.27427646,2,4,0.14762003,3,4,0.13987998,-4333.4461,11.235529,-0.13741803,-4322.0731
1,4,0.2651051,2,4,0.14598204,3,4,0.15880861,-4334.634,11.397915,-1.3605463,-4321.8756
1,4,0.2873181,2,4,0.16041713,3,4,0.12636366,-4334.2134,11.481978,-0.90591855,-4321.8255
1,4,0.27584854,2,4,0.16525017,3,4,0.15320283,-4334.9307,11.886031,-1.7631088,-4321.2816
1,4,0.2915364,2,4,0.14708926,3,4,0.13078777,-4333.6847,11.388269,-0.369145,-4321.9273
1,4,0.31368117,2,4,0.15488871,3,4,0.13285455,-4334.7992,12.028488,-1.6111924,-4321.1595
1,4,0.27840067,2,4,0.13875375,3,4,0.14143502,-4333.5536,11.171789,-0.23990495,-4322.1419
1,4,0.29277657,2,4,0.14562221,3,4,0.15342104,-4333.8782,11.836397,-0.60451169,-4321.4373
1,4,0.30237905,2,4,0.14741679,3,4,0.13059294,-4334.0654,11.607775,-0.77270928,-4321.685
1,4,0.26445679,2,4,0.13176072,3,4,0.13939338,-4334.734,10.712218,-1.3343826,-4322.6874
1,4,0.29318123,2,4,0.13087108,3,4,0.15037733,-4334.2539,11.488593,-0.93242268,-4321.8329
1,4,0.2835044,2,4,0.15489395,3,4,0.14315533,-4333.5217,11.631074,-0.22401783,-4321.6666
1,4,0.27245221,2,4,0.15159472,3,4,0.141823,-4333.5544,11.317399,-0.24531963,-4321.9917
1,4,0.28895458,2,4,0.14864598,3,4,0.14431433,-4333.4037,11.638298,-0.10008867,-4321.6653
1,4,0.29447351,2,4,0.14277805,3,4,0.16877214,-4335.4993,12.120474,-2.4625471,-4320.9163
1,4,0.28570905,2,4,0.13928049,3,4,0.12517208,-4334.4465,11.003232,-1.0603387,-4322.3829
1,4,0.23035838,2,4,0.15322268,3,4,0.13649816,-4338.371,10.401584,-4.3603042,-4323.6091
1,4,0.26985518,2,4,0.15462047,3,4,0.13357547,-4333.8694,11.161023,-0.54486324,-4322.1635
1,4,0.29694076,2,4,0.1454283,3,4,0.12261474,-4334.6019,11.299676,-1.2219021,-4322.0803
1,4,0.29640753,2,4,0.13175169,3,4,0.14521509,-4334.1692,11.467486,-0.84356162,-4321.8581
1,4,0.25679432,2,4,0.14955389,3,4,0.13856555,-4334.4977,10.898275,-1.1080972,-4322.4913
1,4,0.28524266,2,4,0.14413169,3,4,0.14038755,-4333.3327,11.395238,-0.027316412,-4321.9101
1,4,0.31038668,2,4,0.13801126,3,4,0.12106501,-4335.8933,11.389259,-2.485422,-4322.0186
1,4,0.25247164,2,4,0.17009397,3,4,0.12603816,-4336.6335,10.972075,-3.1629624,-4322.4985
1,4,0.25529581,2,4,0.16002785,3,4,0.14400075,-4335.0322,11.186488,-1.6699706,-4322.1757
1,4,0.28724543,2,4,0.1615916,3,4,0.15217296,-4334.4955,12.0202,-1.2720974,-4321.2032
1,4,0.27398659,2,4,0.13698132,3,4,0.14997551,-4333.87,11.218868,-0.54900386,-4322.1021
1,4,0.25415003,2,4,0.15080964,3,4,0.14869297,-4334.8679,11.073053,-1.4732474,-4322.3216
1,4,0.29959826,2,4,0.14770128,3,4,0.14260814,-4333.6877,11.798154,-0.39853318,-4321.491
1,4,0.33607716,2,4,0.13709187,3,4,0.13442888,-4337.2143,12.151958,-4.3456999,-4320.7166
1,4,0.31274303,2,4,0.17530756,3,4,0.11511037,-4337.533,12.063219,-4.5548129,-4320.9149
1,4,0.28395933,2,4,0.15065749,3,4,0.15280754,-4333.8054,11.748487,-0.52659008,-4321.5304
1,4,0.28968181,2,4,0.16077028,3,4,0.11952852,-4334.9208,11.399612,-1.5490089,-4321.9722
1,4,0.29370576,2,4,0.1539015,3,4,0.13366574,-4333.6685,11.62546,-0.37182446,-4321.6712
1,4,0.28884106,2,4,0.14170133,3,4,0.14737215,-4333.5024,11.558291,-0.20116747,-4321.7429
1,4,0.27093316,2,4,0.15986908,3,4,0.13396701,-4334.045,11.295385,-0.73680965,-4322.0128
1,4,0.26495088,2,4,0.14639021,3,4,0.11602553,-4336.1321,10.547332,-2.5235443,-4323.0613
1,4,0.27854871,2,4,0.13812708,3,4,0.13601751,-4333.7312,11.053866,-0.41073903,-4322.2666
1,4,0.26915112,2,4,0.15562808,3,4,0.14097119,-4333.8166,11.315008,-0.50618511,-4321.9954
1,4,0.28454185,2,4,0.14509166,3,4,0.11320069,-4335.9888,10.856684,-2.3558063,-4322.7763
1,4,0.25187995,2,4,0.17718372,3,4,0.12284995,-4337.7706,11.038272,-4.3309234,-4322.4014
1,4,0.26888221,2,4,0.14272116,3,4,0.13324572,-4333.9755,10.896982,-0.64414333,-4322.4343
1,4,0.28316516,2,4,0.15343864,3,4,0.12311881,-4334.2806,11.194452,-0.908712,-4322.1775
1,4,0.2583978,2,4,0.16577715,3,4,0.12050615,-4336.2608,10.893622,-2.73841,-4322.6288
1,4,0.29660018,2,4,0.14944165,3,4,0.1518838,-4333.9867,11.958513,-0.71347271,-4321.3147
1,4,0.29795302,2,4,0.13466567,3,4,0.16832211,-4335.6461,12.018816,-2.5993469,-4321.028
1,4,0.29806694,2,4,0.16020292,3,4,0.11187464,-4336.2313,11.40289,-2.7261744,-4322.1022
