1,4,0.32224546,2,4,0.13659335,3,4,0.15669564,-3868.1272,12.310689,-4.2722447,-3851.5443
1,4,0.26601392,2,4,0.14351124,3,4,0.15220332,-3864.4688,11.23457,-0.06115563,-3853.1731
1,4,0.27396753,2,4,0.15806461,3,4,0.14636159,-3864.8075,11.567875,-0.41463546,-3852.825
1,4,0.28156534,2,4,0.15581097,3,4,0.1502023,-3864.8663,11.751572,-0.48260238,-3852.6321
1,4,0.27664753,2,4,0.13016815,3,4,0.17117606,-3865.5231,11.559835,-1.1380324,-3852.8252
1,4,0.24541681,2,4,0.154371,3,4,0.1378608,-3865.9203,10.752972,-1.388159,-3853.7792
1,4,0.27981482,2,4,0.13550348,3,4,0.16294885,-3864.9738,11.565343,-0.57743752,-3852.831
1,4,0.26081442,2,4,0.12817646,3,4,0.18962717,-3867.246,11.572361,-3.0386934,-3852.6349
1,4,0.28204718,2,4,0.12878237,3,4,0.18756274,-3867.1338,11.967846,-3.0381027,-3852.1279
1,4,0.25023572,2,4,0.16085119,3,4,0.15368764,-3865.2043,11.295491,-0.79700726,-3853.1118
1,4,0.27016697,2,4,0.13614251,3,4,0.1632089,-3864.7782,11.390368,-0.36770236,-3853.0201
1,4,0.24142937,2,4,0.16088901,3,4,0.14971052,-3865.792,11.040578,-1.3156846,-3853.4357
1,4,0.2903096,2,4,0.1505609,3,4,0.15811026,-3865.2014,11.979615,-0.84480901,-3852.377
1,4,0.26385717,2,4,0.13753794,3,4,0.14932682,-3864.8081,11.014439,-0.38508088,-3853.4086
1,4,0.27596161,2,4,0.13429674,3,4,0.16530467,-3865.0063,11.51126,-0.60532285,-3852.8898
1,4,0.26844788,2,4,0.16177819,3,4,0.14036487,-3865.1677,11.411819,-0.76514302,-3852.9907
1,4,0.26665432,2,4,0.14946559,3,4,0.1650897,-3864.6951,11.624192,-0.3010276,-3852.7699
1,4,0.26927236,2,4,0.16714605,3,4,0.16814646,-3866.02,12.091298,-1.7635511,-3852.1651
1,4,0.26871701,2,4,0.12724597,3,4,0.15059768,-3865.6021,10.931213,-1.0930984,-3853.5778
1,4,0.27112979,2,4,0.16931813,3,4,0.13952292,-3865.721,11.599417,-1.3866072,-3852.735
1,4,0.23689553,2,4,0.12417707,3,4,0.16656136,-3867.5006,10.552679,-2.7342652,-3854.2136
1,4,0.28023451,2,4,0.13028975,3,4,0.16546391,-3865.3644,11.519763,-0.95797239,-3852.8867
1,4,0.23882704,2,4,0.1397315,3,4,0.1526964,-3865.918,10.625099,-1.3900132,-3853.9029
1,4,0.29382026,2,4,0.14974808,3,4,0.13396692,-3866.1816,11.550705,-1.7793284,-3852.8515
1,4,0.28607533,2,4,0.15092292,3,4,0.15918862,-3865.0104,11.923737,-0.63370649,-3852.4529
1,4,0.27687587,2,4,0.15378985,3,4,0.16632791,-3865.0776,11.939873,-0.70221005,-3852.4355
1,4,0.2250526,2,4,0.16546948,3,4,0.14065053,-3868.2608,10.623452,-3.4267699,-3854.2105
1,4,0.27734812,2,4,0.16250255,3,4,0.15893589,-3865.2563,11.975731,-0.90257604,-3852.378
1,4,0.27801617,2,4,0.13258512,3,4,0.16076644,-3865.0447,11.427355,-0.62698457,-3852.9903
1,4,0.23575453,2,4,0.18442842,3,4,0.15442479,-3868.5663,11.492155,-4.4456672,-3852.6284
1,4,0.26807818,2,4,0.1356812,3,4,0.15756668,-3864.7216,11.226521,-0.30093295,-3853.1941
1,4,0.24712681,2,4,0.13799345,3,4,0.1656672,-3865.4092,11.015749,-0.94797441,-3853.4455
1,4,0.23854947,2,4,0.13376948,3,4,0.1750768,-3866.7779,10.947915,-2.2255918,-3853.6044
1,4,0.27406493,2,4,0.13892526,3,4,0.15851965,-3864.6209,11.430197,-0.21323989,-3852.9775
1,4,0.26181358,2,4,0.14823111,3,4,0.13751057,-3865.2051,10.951105,-0.74176372,-3853.5122
1,4,0.21597806,2,4,0.14896089,3,4,0.16369249,-3868.7438,10.572629,-3.7524032,-3854.4187
1,4,0.2309751,2,4,0.13544976,3,4,0.16547007,-3867.0291,10.637899,-2.3442679,-3854.0469
1,4,0.27690472,2,4,0.11481619,3,4,0.15993687,-3867.2086,11.033156,-2.4697985,-3853.7056
1,4,0.29314362,2,4,0.14935223,3,4,0.14644813,-3865.3626,11.77888,-1.0166794,-3852.567
1,4,0.30577108,2,4,0.12267963,3,4,0.15385493,-3867.5762,11.646113,-3.2149436,-3852.7152
1,4,0.26501705,2,4,0.14091969,3,4,0.17269278,-3865.1035,11.57259,-0.73756206,-3852.7933
1,4,0.27461044,2,4,0.14000944,3,4,0.16132264,-3864.6453,11.51885,-0.24285525,-3852.8836
1,4,0.26112789,2,4,0.13623026,3,4,0.16297564,-3864.8351,11.206676,-0.41381961,-3853.2146
1,4,0.30087044,2,4,0.12177679,3,4,0.181552,-3868.0834,12.083985,-4.0403733,-3851.959
1,4,0.29552747,2,4,0.13071681,3,4,0.14494146,-3866.3619,11.423715,-1.9267845,-3853.0114
1,4,0.27572206,2,4,0.1302421,3,4,0.15200586,-3865.2698,11.1594,-0.80833073,-3853.3021
1,4,0.28194349,2,4,0.14284466,3,4,0.17657575,-3865.7246,12.027278,-1.4413341,-3852.256
1,4,0.29146245,2,4,0.15952204,3,4,0.15935089,-3865.7442,12.206708,-1.4299345,-3852.1075
1,4,0.26085338,2,4,0.14631009,3,4,0.17002707,-3864.9616,11.543811,-0.58324177,-3852.8345
1,4,0.27330939,2,4,0.15956386,3,4,0.14408175,-3864.9326,11.5391,-0.5411874,-3852.8523
1,4,0.21523182,2,4,0.1252866,3,4,0.16508496,-3870.57,10.112067,-5.1752713,-3855.2827
1,4,0.2958758,2,4,0.16630669,3,4,0.1704948,-3867.4206,12.653546,-3.2921807,-3851.4749
1,4,0.25068515,2,4,0.13906065,3,4,0.19429688,-3867.7776,11.680854,-3.7480527,-3852.3487
1,4,0.27121328,2,4,0.16854274,3,4,0.14941257,-3865.4196,11.783372,-1.1034658,-3852.5328
1,4,0.27459507,2,4,0.13549047,3,4,0.15112724,-3864.8692,11.224256,-0.44249802,-3853.2025
1,4,0.23002539,2,4,0.17137882,3,4,0.15547798,-3867.6264,11.137644,-3.1316831,-3853.3571
1,4,0.26351142,2,4,0.15075668,3,4,0.14870396,-3864.5235,11.259441,-0.11427557,-3853.1498
1,4,0.2477549,2,4,0.15117332,3,4,0.13751177,-3865.784,10.7288,-1.2675757,-3853.7877
1,4,0.29621259,2,4,0.14916054,3,4,0.14855418,-3865.5139,11.878546,-1.1940987,-3852.4413
1,4,0.28779508,2,4,0.15080993,3,4,0.14989138,-3865.005,11.769928,-0.63285059,-3852.6022
1,4,0.27561583,2,4,0.13500987,3,4,0.15728668,-3864.8225,11.358248,-0.40466156,-3853.0596
1,4,0.25808002,2,4,0.15848408,3,4,0.15143315,-3864.8005,11.359945,-0.39890507,-3853.0416
1,4,0.26325045,2,4,0.15343928,3,4,0.12891349,-3866.0947,10.912065,-1.5145703,-3853.6681
1,4,0.26195064,2,4,0.12135068,3,4,0.15689259,-3866.2745,10.803878,-1.6606096,-3853.81
1,4,0.27843318,2,4,0.13085263,3,4,0.15642439,-3865.176,11.314204,-0.73682594,-3853.125
1,4,0.29130706,2,4,0.15570649,3,4,0.13516118,-3865.9641,11.643495,-1.5922534,-3852.7283
1,4,0.29379261,2,4,0.12841016,3,4,0.15509914,-3866.0555,11.546038,-1.6543732,-3852.8551
1,4,0.25267935,2,4,0.16242522,3,4,0.15630567,-3865.225,11.428205,-0.84160551,-3852.9552
1,4,0.25392042,2,4,0.16831529,3,4,0.13036381,-3866.6955,11.05199,-2.155349,-3853.4882
1,4,0.2848008,2,4,0.14415665,3,4,0.17846349,-3866.0482,12.148419,-1.8078145,-3852.092
1,4,0.27623936,2,4,0.14938915,3,4,0.18264849,-3866.3201,12.16554,-2.1329785,-3852.0216
1,4,0.25184565,2,4,0.16475899,3,4,0.15727758,-3865.4447,11.477644,-1.0803983,-3852.8866
1,4,0.24703036,2,4,0.13964109,3,4,0.1367047,-3866.3405,10.467523,-1.7923766,-3854.0806
1,4,0.27088581,2,4,0.16363497,3,4,0.14997069,-3865.027,11.689829,-0.66270266,-3852.6745
1,4,0.28157446,2,4,0.14677234,3,4,0.15290861,-3864.67,11.625108,-0.27348437,-3852.7714
1,4,0.25398475,2,4,0.1374132,3,4,0.16271331,-3864.9933,11.082225,-0.55974473,-3853.3513
1,4,0.29004966,2,4,0.13120509,3,4,0.16518175,-3865.7038,11.72873,-1.3515408,-3852.6235
1,4,0.2726903,2,4,0.14992156,3,4,0.14512295,-3864.6385,11.354696,-0.22690882,-3853.0569
1,4,0.25901393,2,4,0.14690344,3,4,0.14277014,-3864.8946,10.97375,-0.46420956,-3853.4566
1,4,0.23481212,2,4,0.15644723,3,4,0.15269457,-3866.1635,10.879078,-1.6128402,-3853.6715
1,4,0.27664489,2,4,0.1251499,3,4,0.1749268,-3866.1392,11.534432,-1.7470196,-3852.8577
1,4,0.2500623,2,4,0.12196666,3,4,0.15853452,-3866.6788,10.61127,-2.0212665,-3854.0462
1,4,0.26645954,2,4,0.12346288,3,4,0.16611449,-3865.9012,11.120738,-1.3761128,-3853.4043
1,4,0.28563858,2,4,0.1405814,3,4,0.14893396,-3865.0078,11.503079,-0.61063446,-3852.8941
1,4,0.27459414,2,4,0.13797646,3,4,0.15005237,-3864.7595,11.252459,-0.34074658,-3853.1663
1,4,0.28964926,2,4,0.12473236,3,4,0.17240227,-3866.4863,11.735678,-2.1538434,-3852.5968
1,4,0.27286474,2,4,0.14065667,3,4,0.1636225,-3864.6692,11.542878,-0.2698458,-3852.8565
1,4,0.23880095,2,4,0.1549839,3,4,0.15640585,-3865.7313,11.003814,-1.2378239,-3853.4897
1,4,0.27128354,2,4,0.17403387,3,4,0.15410701,-3866.0395,11.988488,-1.8221659,-3852.2288
1,4,0.23781356,2,4,0.14267134,3,4,0.15610689,-3865.8328,10.731836,-1.3043422,-3853.7966
1,4,0.29273548,2,4,0.13250144,3,4,0.18595326,-3867.3292,12.223804,-3.314694,-3851.7907
1,4,0.25300476,2,4,0.16166341,3,4,0.15065646,-3865.1365,11.306492,-0.73393348,-3853.0961
1,4,0.27274847,2,4,0.14099997,3,4,0.13733321,-3865.3961,11.021633,-0.91815818,-3853.4563
1,4,0.25315401,2,4,0.14107342,3,4,0.16180348,-3864.871,11.120618,-0.44623509,-3853.3042
1,4,0.26653878,2,4,0.15395559,3,4,0.16906983,-3865.0858,11.791284,-0.72206423,-3852.5725
1,4,0.28066187,2,4,0.17004346,3,4,0.13185104,-3866.4811,11.651128,-2.1535682,-3852.6764
1,4,0.24470745,2,4,0.1370785,3,4,0.15963323,-3865.4977,10.828383,-1.012791,-3853.6565
1,4,0.26711218,2,4,0.15387293,3,4,0.13024281,-3865.8628,11.024558,-1.3217562,-3853.5165
1,4,0.29701046,2,4,0.1687648,3,4,0.13687066,-3866.8617,12.052918,-2.7065882,-3852.1022
1,4,0.30631235,2,4,0.13551233,3,4,0.1489017,-3866.6168,11.814527,-2.3659637,-3852.4363
1,4,0.27734113,2,4,0.17518065,3,4,0.13304369,-3866.7384,11.711309,-2.4881842,-3852.5389
1,4,0.24788446,2,4,0.14206869,3,4,0.1581335,-3865.0642,10.961733,-0.61960804,-3853.4828
1,4,0.24877451,2,4,0.15678127,3,4,0.13197027,-3866.333,10.750521,-1.7405969,-3853.8419
1,4,0.27284558,2,4,0.15385132,3,4,0.17777392,-3865.9167,12.089416,-1.6528416,-3852.1745
1,4,0.29453105,2,4,0.15094907,3,4,0.14189327,-3865.6445,11.747468,-1.3053018,-3852.5917
1,4,0.22605341,2,4,0.12185805,3,4,0.17343921,-3869.4473,10.427014,-4.3497308,-3854.6706
1,4,0.30615647,2,4,0.16332015,3,4,0.15478337,-3867.0351,12.4852,-2.9326469,-3851.6172
1,4,0.30058589,2,4,0.11112694,3,4,0.13599925,-3870.9743,10.954242,-5.7346118,-3854.2855
1,4,0.26294071,2,4,0.16687233,3,4,0.1552077,-3865.3107,11.700415,-0.97640611,-3852.6339
1,4,0.28153535,2,4,0.1690865,3,4,0.13204815,-3866.4207,11.6534,-2.0872241,-3852.6801
1,4,0.25379497,2,4,0.15238206,3,4,0.15043733,-3864.7597,11.132287,-0.33999423,-3853.2874
1,4,0.27162609,2,4,0.13950813,3,4,0.14476884,-3864.8874,11.118061,-0.45781648,-3853.3115
1,4,0.28959422,2,4,0.12154495,3,4,0.19795327,-3869.2243,12.181849,-5.5343192,-3851.5081
1,4,0.25541316,2,4,0.12525176,3,4,0.1560799,-3865.9817,10.734896,-1.4263404,-3853.8204
1,4,0.22921626,2,4,0.15958778,3,4,0.1652453,-3867.1267,11.080987,-2.5744366,-3853.4713
1,4,0.26978721,2,4,0.14429201,3,4,0.17822852,-3865.5761,11.846155,-1.2828195,-3852.4471
1,4,0.30929194,2,4,0.14384021,3,4,0.14459582,-3866.7395,11.954559,-2.5584294,-3852.2265
1,4,0.26028375,2,4,0.1622439,3,4,0.14072874,-3865.2584,11.265128,-0.84006233,-3853.1532
1,4,0.26294604,2,4,0.18108716,3,4,0.13831915,-3866.988,11.647047,-2.8218169,-3852.5191
1,4,0.20518545,2,4,0.15875743,3,4,0.16197455,-3871.0099,10.518348,-5.6022974,-3854.8893
1,4,0.27383237,2,4,0.090386469,3,4,0.16278181,-3874.1329,10.540013,-7.4849586,-3856.1079
1,4,0.20877,2,4,0.1435835,3,4,0.15169443,-3870.3897,10.080959,-4.986643,-3855.3221
1,4,0.29607685,2,4,0.11844885,3,4,0.14583364,-3867.9693,11.207187,-3.2892261,-3853.4729
1,4,0.29238282,2,4,0.14434981,3,4,0.1498354,-3865.2462,11.731361,-0.88936557,-3852.6255
1,4,0.30212394,2,4,0.16007134,3,4,0.14978997,-3866.3541,12.239705,-2.1565281,-3851.9578
1,4,0.2801916,2,4,0.12860586,3,4,0.16145218,-3865.4147,11.404993,-0.97796984,-3853.0318
1,4,0.2771623,2,4,0.14394659,3,4,0.15017804,-3864.5992,11.425738,-0.19315929,-3852.9803
1,4,0.28726584,2,4,0.15916848,3,4,0.16019302,-3865.5055,12.132547,-1.1639798,-3852.2089
1,4,0.27720166,2,4,0.17044422,3,4,0.13639552,-3866.0842,11.680828,-1.7759792,-3852.6274
1,4,0.2878511,2,4,0.16593138,3,4,0.16820808,-3866.6185,12.439811,-2.3921639,-3851.7866
1,4,0.26163651,2,4,0.138713,3,4,0.16161858,-3864.6868,11.239362,-0.27287038,-3853.1746
1,4,0.26813401,2,4,0.15490554,3,4,0.15902717,-3864.6384,11.641334,-0.23986321,-3852.7572
1,4,0.27752473,2,4,0.13356399,3,4,0.18404354,-3866.4081,11.902645,-2.2172593,-3852.2882
1,4,0.24573204,2,4,0.16945722,3,4,0.14533985,-3866.1679,11.210582,-1.7545156,-3853.2028
1,4,0.27664017,2,4,0.15727836,3,4,0.13713383,-3865.2859,11.421047,-0.86414465,-3853.0007
1,4,0.27112479,2,4,0.14141344,3,4,0.16331426,-3864.6232,11.51705,-0.22221368,-3852.884
1,4,0.26429823,2,4,0.13691335,3,4,0.17314643,-3865.2296,11.48716,-0.85498716,-3852.8874
1,4,0.29662624,2,4,0.14601397,3,4,0.14935917,-3865.5189,11.839988,-1.1965662,-3852.4824
1,4,0.27317745,2,4,0.14854874,3,4,0.18578814,-3866.5823,12.150287,-2.4569811,-3851.975
1,4,0.23289363,2,4,0.13162007,3,4,0.16629336,-3867.1194,10.616141,-2.4234162,-3854.0798
1,4,0.29250437,2,4,0.15000939,3,4,0.12645596,-3867.0059,11.379394,-2.4746848,-3853.1518
1,4,0.24366632,2,4,0.12926695,3,4,0.14515076,-3866.7815,10.361681,-2.1875288,-3854.2323
1,4,0.30468187,2,4,0.11962104,3,4,0.1488416,-3868.1587,11.46289,-3.6479303,-3853.0479
1,4,0.27684757,2,4,0.136074,3,4,0.15414092,-3864.8089,11.34125,-0.3917332,-3853.0759
1,4,0.28651232,2,4,0.15606909,3,4,0.15006736,-3865.0937,11.852976,-0.72951397,-3852.5112
1,4,0.25824909,2,4,0.1538453,3,4,0.15847687,-3864.6707,11.411425,-0.26731204,-3852.992
1,4,0.26347211,2,4,0.14997593,3,4,0.15152383,-3864.4625,11.299437,-0.055087294,-3853.108
1,4,0.27163999,2,4,0.11994196,3,4,0.15364,-3866.4748,10.904439,-1.8333789,-3853.7369
1,4,0.26692914,2,4,0.17065299,3,4,0.15135377,-3865.589,11.778718,-1.2971307,-3852.5131
1,4,0.24195893,2,4,0.15170728,3,4,0.14259695,-3865.8097,10.725263,-1.2912747,-3853.7932
1,4,0.26149235,2,4,0.14863065,3,4,0.16338914,-3864.6369,11.470243,-0.23640951,-3852.9303
1,4,0.26743794,2,4,0.14012188,3,4,0.16487239,-3864.6871,11.448644,-0.28570542,-3852.9527
1,4,0.27440462,2,4,0.15340625,3,4,0.16076674,-3864.7234,11.771552,-0.32614136,-3852.6257
1,4,0.27105521,2,4,0.12940254,3,4,0.17396029,-3865.6621,11.488361,-1.2737312,-3852.9
1,4,0.2803464,2,4,0.15798576,3,4,0.15662164,-3864.9875,11.899076,-0.60874918,-3852.4797
1,4,0.27084836,2,4,0.16304388,3,4,0.17060822,-3865.8638,12.090009,-1.5788546,-3852.195
1,4,0.27318989,2,4,0.14298796,3,4,0.13683155,-3865.3526,11.060188,-0.87827913,-3853.4141
1,4,0.27629686,2,4,0.16046914,3,4,0.1472359,-3864.955,11.680038,-0.57789999,-3852.6971
1,4,0.2931141,2,4,0.14483413,3,4,0.16250509,-3865.4225,12.009066,-1.0927485,-3852.3207
1,4,0.2949864,2,4,0.14321148,3,4,0.16748579,-3865.7799,12.113673,-1.4924167,-3852.1738
1,4,0.2803063,2,4,0.1880717,3,4,0.14277747,-3868.0254,12.22311,-4.2450812,-3851.5572
1,4,0.24155422,2,4,0.14472433,3,4,0.20054507,-3869.2673,11.736472,-5.4758538,-3852.0549
1,4,0.29235808,2,4,0.15245541,3,4,0.15361109,-3865.3022,11.968492,-0.96035618,-3852.3733
1,4,0.2635671,2,4,0.15717314,3,4,0.16131919,-3864.8239,11.641189,-0.43704626,-3852.7457
1,4,0.25747079,2,4,0.16731522,3,4,0.15734903,-3865.4832,11.642701,-1.1557679,-3852.6848
1,4,0.26395863,2,4,0.14164809,3,4,0.16063998,-3864.5466,11.324934,-0.13870144,-3853.0829
1,4,0.27904794,2,4,0.12543186,3,4,0.14482206,-3866.2729,10.986037,-1.6981651,-3853.5887
1,4,0.27550125,2,4,0.15692432,3,4,0.15701809,-3864.7902,11.788873,-0.39890847,-3852.6025
1,4,0.26609573,2,4,0.16364959,3,4,0.14940829,-3865.0052,11.583072,-0.63441896,-3852.7877
1,4,0.29298447,2,4,0.13789357,3,4,0.16378629,-3865.5301,11.893287,-1.205673,-3852.4311
1,4,0.24134575,2,4,0.14544718,3,4,0.17222311,-3865.9817,11.180321,-1.5374117,-3853.264
1,4,0.2668629,2,4,0.14034014,3,4,0.12854462,-3866.5694,10.714953,-1.9270468,-3853.9274
1,4,0.23513918,2,4,0.16326372,3,4,0.13887621,-3867.0164,10.745582,-2.372707,-3853.8981
1,4,0.26850883,2,4,0.12130306,3,4,0.15686957,-3866.1719,10.933629,-1.5748607,-3853.6635
1,4,0.28394207,2,4,0.14636569,3,4,0.15014887,-3864.7928,11.609133,-0.40075069,-3852.7829
1,4,0.28672507,2,4,0.14261206,3,4,0.1561682,-3864.9215,11.710106,-0.54122144,-3852.6702
1,4,0.23780884,2,4,0.13413359,3,4,0.17488582,-3866.8121,10.936565,-2.2526287,-3853.6229
1,4,0.27254806,2,4,0.14224432,3,4,0.15825614,-3864.5075,11.46097,-0.10166526,-3852.9449
1,4,0.25812001,2,4,0.14596339,3,4,0.16253449,-3864.6531,11.332358,-0.24619132,-3853.0745
1,4,0.27737576,2,4,0.14709864,3,4,0.15557562,-3864.543,11.601,-0.14010601,-3852.8019
1,4,0.26987412,2,4,0.13850109,3,4,0.15942452,-3864.6034,11.355995,-0.19311668,-3853.0543
1,4,0.29337411,2,4,0.13646871,3,4,0.16945696,-3865.8551,11.985996,-1.5715026,-3852.2976
1,4,0.23990864,2,4,0.17552952,3,4,0.15048066,-3867.0764,11.318377,-2.7345133,-3853.0235
1,4,0.25370011,2,4,0.15553587,3,4,0.13232473,-3865.9995,10.831214,-1.4466071,-3853.7217
1,4,0.29263268,2,4,0.14863843,3,4,0.15819476,-3865.3026,11.989317,-0.95973716,-3852.3535
1,4,0.29974814,2,4,0.16367774,3,4,0.17201646,-3867.6184,12.708847,-3.5173577,-3851.3922
1,4,0.26287531,2,4,0.13392394,3,4,0.15565778,-3864.8965,11.049141,-0.46194365,-3853.3854
1,4,0.28273744,2,4,0.14667276,3,4,0.16532133,-3865.0109,11.894631,-0.63592561,-3852.4803
1,4,0.28058989,2,4,0.15688702,3,4,0.14805083,-3864.8974,11.710555,-0.51477558,-3852.6721
1,4,0.26459093,2,4,0.11418111,3,4,0.17031909,-3867.4293,10.981822,-2.6748674,-3853.7726
1,4,0.28494215,2,4,0.14455967,3,4,0.14877239,-3864.8826,11.565484,-0.49025726,-3852.8269
1,4,0.26051948,2,4,0.15569705,3,4,0.14401315,-3864.8303,11.204594,-0.41070099,-3853.215
1,4,0.27041189,2,4,0.14490938,3,4,0.14464847,-3864.6895,11.199395,-0.27138309,-3853.2187
1,4,0.27276521,2,4,0.14835952,3,4,0.13999609,-3864.9362,11.222416,-0.50241481,-3853.2113
1,4,0.24412251,2,4,0.16810589,3,4,0.16709347,-3866.5578,11.586437,-2.2786978,-3852.6927
1,4,0.2868328,2,4,0.14639813,3,4,0.19049185,-3867.6641,12.474456,-3.7382068,-3851.4514
1,4,0.25313468,2,4,0.15015866,3,4,0.12950379,-3866.419,10.655943,-1.8014618,-3853.9616
1,4,0.25412438,2,4,0.15020617,3,4,0.15667132,-3864.6847,11.220038,-0.27001034,-3853.1947
1,4,0.28889792,2,4,0.14405452,3,4,0.13447002,-3865.999,11.348449,-1.5356166,-3853.115
1,4,0.26157404,2,4,0.127681,3,4,0.15512194,-3865.5006,10.88754,-1.002316,-3853.6107
1,4,0.28486571,2,4,0.15202455,3,4,0.15994609,-3865.011,11.936727,-0.632065,-3852.4423
1,4,0.26755622,2,4,0.13959485,3,4,0.14810119,-3864.713,11.105045,-0.29472905,-3853.3133
1,4,0.24372867,2,4,0.14378433,3,4,0.12635604,-3867.833,10.277381,-3.0341113,-3854.5215
1,4,0.26410232,2,4,0.15711893,3,4,0.17028409,-3865.3406,11.830107,-1.0020494,-3852.5084
1,4,0.27784604,2,4,0.11654369,3,4,0.14861517,-3867.4054,10.860098,-2.622902,-3853.9224
1,4,0.28469906,2,4,0.14733853,3,4,0.1425601,-3865.0907,11.491954,-0.68795252,-3852.9108
1,4,0.27707721,2,4,0.13269308,3,4,0.1511791,-3865.1101,11.218988,-0.66820578,-3853.2229
1,4,0.2507519,2,4,0.16845967,3,4,0.14437652,-3865.8366,11.271762,-1.4411923,-3853.1237
1,4,0.27456606,2,4,0.13120006,3,4,0.1673827,-3865.24,11.462977,-0.83057266,-3852.9465
1,4,0.29430717,2,4,0.14278696,3,4,0.13606877,-3866.183,11.463258,-1.7608967,-3852.9589
1,4,0.24755104,2,4,0.15556111,3,4,0.15692168,-3865.1275,11.200676,-0.6993232,-3853.2275
1,4,0.2602097,2,4,0.13366332,3,4,0.16186175,-3864.9823,11.114695,-0.54544392,-3853.3222
1,4,0.27579325,2,4,0.14850223,3,4,0.15593481,-3864.5176,11.604606,-0.11342534,-3852.7996
1,4,0.26339637,2,4,0.14563095,3,4,0.16633834,-3864.7169,11.507313,-0.32251886,-3852.8871
1,4,0.22355805,2,4,0.11713869,3,4,0.1623438,-3870.4539,10.060811,-5.094689,-3855.2984
1,4,0.29078588,2,4,0.15351046,3,4,0.15855575,-3865.3442,12.057042,-0.99665745,-3852.2905
1,4,0.30192848,2,4,0.14922138,3,4,0.17882892,-3867.4373,12.599576,-3.3796246,-3851.4581
1,4,0.26629445,2,4,0.13369355,3,4,0.15998319,-3864.8613,11.199424,-0.43195611,-3853.2299
1,4,0.23494962,2,4,0.16636011,3,4,0.17171902,-3867.4118,11.460575,-3.0997047,-3852.8515
1,4,0.2830089,2,4,0.14374448,3,4,0.14921228,-3864.8068,11.519313,-0.4086976,-3852.8788
1,4,0.27381535,2,4,0.13309735,3,4,0.14785259,-3865.1663,11.095306,-0.71366812,-3853.3573
1,4,0.26155624,2,4,0.15154053,3,4,0.14344998,-3864.7675,11.130935,-0.34459029,-3853.292
1,4,0.28892221,2,4,0.15025388,3,4,0.16171531,-3865.2338,12.017828,-0.87522253,-3852.3408
1,4,0.26372141,2,4,0.12656393,3,4,0.1515514,-3865.7022,10.836735,-1.1813859,-3853.6841
1,4,0.27073823,2,4,0.14001605,3,4,0.18628436,-3866.4234,11.940773,-2.271146,-3852.2115
1,4,0.26164606,2,4,0.1545501,3,4,0.1456088,-3864.7129,11.236099,-0.29853429,-3853.1782
1,4,0.27183827,2,4,0.15472507,3,4,0.14864228,-3864.6045,11.504112,-0.20220628,-3852.8981
1,4,0.28934532,2,4,0.15758748,3,4,0.16706744,-3865.9189,12.280005,-1.6095221,-3852.0294
1,4,0.27038721,2,4,0.13790463,3,4,0.15476349,-3864.6237,11.261107,-0.20925721,-3853.1533
1,4,0.27779642,2,4,0.13711774,3,4,0.13314402,-3866.1948,10.961164,-1.628792,-3853.6048
1,4,0.27804894,2,4,0.11391807,3,4,0.16212745,-3867.3618,11.081889,-2.6159693,-3853.6639
1,4,0.24870363,2,4,0.14931235,3,4,0.15705202,-3864.9308,11.10136,-0.49893558,-3853.3305
1,4,0.29183949,2,4,0.13070626,3,4,0.14080251,-3866.4677,11.266965,-1.9675268,-3853.2333
1,4,0.2417718,2,4,0.14346746,3,4,0.17324211,-3866.03,11.169627,-1.5851588,-3853.2752
1,4,0.23987638,2,4,0.16788716,3,4,0.15938562,-3866.4553,11.342983,-2.0735174,-3853.0388
1,4,0.31125105,2,4,0.14865137,3,4,0.13308497,-3867.651,11.859748,-3.4593997,-3852.3319
1,4,0.27609716,2,4,0.13949385,3,4,0.1515874,-3864.6751,11.343568,-0.26363745,-3853.0679
1,4,0.26573471,2,4,0.15540637,3,4,0.14005894,-3864.9647,11.224,-0.5344529,-3853.2063
1,4,0.24615396,2,4,0.13213039,3,4,0.15140763,-3865.9037,10.59384,-1.3909599,-3853.9189
1,4,0.24041086,2,4,0.14320381,3,4,0.14248114,-3866.1314,10.521916,-1.5950567,-3854.0145
1,4,0.2954703,2,4,0.13994838,3,4,0.1247327,-3867.9306,11.203028,-3.2520837,-3853.4755
1,4,0.27267823,2,4,0.1254493,3,4,0.13686593,-3867.0057,10.699869,-2.3172048,-3853.9886
1,4,0.27197242,2,4,0.14182427,3,4,0.15397488,-3864.5002,11.355431,-0.092208024,-3853.0525
1,4,0.24884987,2,4,0.14462946,3,4,0.18011647,-3866.1557,11.471916,-1.8383768,-3852.8454
1,4,0.26734532,2,4,0.1472176,3,4,0.14724067,-3864.5375,11.236072,-0.12687093,-3853.1746
1,4,0.26530134,2,4,0.12086979,3,4,0.15469755,-3866.3403,10.817374,-1.7154294,-3853.8075
1,4,0.27468597,2,4,0.13702425,3,4,0.1582453,-3864.7053,11.399111,-0.29412276,-3853.012
1,4,0.28456671,2,4,0.14740922,3,4,0.1383136,-3865.368,11.405791,-0.94215731,-3853.0201
1,4,0.25535777,2,4,0.15497495,3,4,0.15131272,-3864.7483,11.232909,-0.33503141,-3853.1804
1,4,0.25559045,2,4,0.13099744,3,4,0.17266243,-3865.7098,11.185006,-1.2652598,-3853.2595
1,4,0.27960169,2,4,0.13122865,3,4,0.16771884,-3865.3632,11.570984,-0.97178643,-3852.8204
1,4,0.23057826,2,4,0.1392111,3,4,0.17136086,-3867.1151,10.823004,-2.4723633,-3853.8197
1,4,0.25444688,2,4,0.15455489,3,4,0.14443097,-3864.9711,11.068655,-0.53837439,-3853.3641
1,4,0.31679124,2,4,0.15452808,3,4,0.19165241,-3871.0494,13.259435,-7.7456411,-3850.0443
1,4,0.25522554,2,4,0.13756574,3,4,0.16920594,-3865.1768,11.239944,-0.76028358,-3853.1766
1,4,0.2842017,2,4,0.11993902,3,4,0.17077156,-3866.7033,11.498246,-2.241203,-3852.9639
1,4,0.26617704,2,4,0.15407332,3,4,0.18044674,-3866.1193,12.013942,-1.8989319,-3852.2065
1,4,0.28198027,2,4,0.12944382,3,4,0.14646777,-3865.755,11.157837,-1.2633743,-3853.3338
1,4,0.25974419,2,4,0.12601389,3,4,0.15975106,-3865.6763,10.910183,-1.1551971,-3853.611
1,4,0.26280326,2,4,0.1396798,3,4,0.13022341,-3866.4361,10.654129,-1.8255104,-3853.9565
1,4,0.23002069,2,4,0.13096955,3,4,0.13582731,-3869.0838,9.9363511,-4.1904114,-3854.957
1,4,0.24800842,2,4,0.15342637,3,4,0.14033026,-3865.5349,10.835301,-1.0470252,-3853.6526
1,4,0.27212917,2,4,0.16872304,3,4,0.14651113,-3865.4671,11.747267,-1.1506198,-3852.5692
1,4,0.3003258,2,4,0.13977187,3,4,0.15072174,-3865.8802,11.816388,-1.5819184,-3852.4819
1,4,0.26027115,2,4,0.13953372,3,4,0.14799492,-3864.8283,10.955996,-0.40728539,-3853.4651
1,4,0.28392862,2,4,0.15865134,3,4,0.13819105,-3865.4773,11.61542,-1.0963934,-3852.7654
1,4,0.26875199,2,4,0.1532991,3,4,0.17714589,-3865.7527,11.98394,-1.4728093,-3852.2959
1,4,0.27768328,2,4,0.1233834,3,4,0.16378083,-3865.9199,11.29695,-1.4223486,-3853.2006
1,4,0.27813591,2,4,0.13559813,3,4,0.13641196,-3865.9372,11.00292,-1.4093241,-3853.525
1,4,0.26531081,2,4,0.16551048,3,4,0.17397247,-3866.3274,12.095875,-2.1197765,-3852.1117
1,4,0.26782247,2,4,0.14113517,3,4,0.17546393,-3865.3091,11.688431,-0.97266864,-3852.648
1,4,0.23240796,2,4,0.15427829,3,4,0.13800467,-3867.1544,10.493818,-2.447334,-3854.2133
1,4,0.26943179,2,4,0.14592639,3,4,0.16713243,-3864.7579,11.649812,-0.36937096,-3852.7387
1,4,0.24857925,2,4,0.15173584,3,4,0.16744202,-3865.3133,11.355142,-0.91155078,-3853.0466
1,4,0.28171359,2,4,0.14914399,3,4,0.13481773,-3865.5502,11.313506,-1.0910905,-3853.1456
1,4,0.26419476,2,4,0.1387179,3,4,0.14926854,-3864.7405,11.043624,-0.32166071,-3853.3752
1,4,0.23841119,2,4,0.13806138,3,4,0.15792227,-3865.9699,10.687897,-1.4285562,-3853.8535
1,4,0.27020205,2,4,0.16272051,3,4,0.1565894,-3865.0361,11.790239,-0.67146533,-3852.5744
1,4,0.28166408,2,4,0.15014381,3,4,0.15649068,-3864.7322,11.765972,-0.33811162,-3852.6281
1,4,0.265124,2,4,0.16535326,3,4,0.15048491,-3865.1259,11.619243,-0.76880541,-3852.7378
1,4,0.27370144,2,4,0.1583032,3,4,0.15139105,-3864.7504,11.667914,-0.36046179,-3852.722
1,4,0.26833994,2,4,0.1484771,3,4,0.14853225,-3864.4898,11.306986,-0.081244049,-3853.1016
1,4,0.24499014,2,4,0.14233644,3,4,0.13416149,-3866.6291,10.429761,-2.0348093,-3854.1645
1,4,0.30410145,2,4,0.14991809,3,4,0.16026578,-3866.2841,12.285706,-2.0716126,-3851.9267
1,4,0.27336879,2,4,0.16884899,3,4,0.16986733,-3866.4268,12.241702,-2.2192953,-3851.9658
1,4,0.27988643,2,4,0.13647343,3,4,0.17905388,-3865.9096,11.908275,-1.6482388,-3852.3531
1,4,0.27233618,2,4,0.13605502,3,4,0.16509723,-3864.8586,11.469769,-0.45546103,-3852.9334
1,4,0.26990204,2,4,0.13487072,3,4,0.15135586,-3864.8658,11.122572,-0.43501988,-3853.3082
1,4,0.28526062,2,4,0.12417592,3,4,0.1461494,-3866.5247,11.111719,-1.9487703,-3853.4643
1,4,0.2707609,2,4,0.15966945,3,4,0.1813663,-3866.6776,12.235933,-2.5296729,-3851.912
1,4,0.29304201,2,4,0.17128755,3,4,0.11725917,-3868.9351,11.631775,-4.4935785,-3852.8097
1,4,0.23682072,2,4,0.11321837,3,4,0.18451794,-3870.2171,10.691141,-5.1282139,-3854.3977
1,4,0.26289972,2,4,0.16851206,3,4,0.13921606,-3865.6956,11.412557,-1.3202008,-3852.9629
1,4,0.26282479,2,4,0.14447044,3,4,0.13228424,-3865.8677,10.79159,-1.3264058,-3853.7497
1,4,0.24127453,2,4,0.1420519,3,4,0.16730801,-3865.7566,11.012689,-1.2723509,-3853.4715
1,4,0.28022281,2,4,0.12949649,3,4,0.14954069,-3865.5341,11.1852,-1.0593347,-3853.2895
1,4,0.27880314,2,4,0.1421202,3,4,0.17314895,-3865.3227,11.881446,-0.98808601,-3852.4532
1,4,0.30231642,2,4,0.13759536,3,4,0.16950975,-3866.4943,12.188431,-2.3154395,-3851.9905
1,4,0.25127546,2,4,0.13360103,3,4,0.13845871,-3866.3813,10.466704,-1.834618,-3854.08
1,4,0.27435839,2,4,0.13231647,3,4,0.14370582,-3865.4993,11.007613,-1.0154551,-3853.4762
1,4,0.27928026,2,4,0.1586939,3,4,0.13226318,-3865.8112,11.404747,-1.3622608,-3853.0442
1,4,0.27908032,2,4,0.1237625,3,4,0.16823765,-3866.0107,11.421609,-1.5535247,-3853.0356
1,4,0.28799236,2,4,0.12969723,3,4,0.16716662,-3865.7678,11.697124,-1.4077946,-3852.6629
1,4,0.2706112,2,4,0.14564596,3,4,0.16842768,-3864.8405,11.693697,-0.45866086,-3852.6881
1,4,0.26165504,2,4,0.15521676,3,4,0.14248363,-3864.8715,11.187109,-0.44705164,-3853.2373
1,4,0.28592566,2,4,0.13989977,3,4,0.1703179,-3865.4243,11.922866,-1.0944669,-3852.4069
1,4,0.23306209,2,4,0.15962378,3,4,0.1349893,-3867.4713,10.553503,-2.7227494,-3854.1951
1,4,0.24040087,2,4,0.14913405,3,4,0.16371744,-3865.6365,11.065047,-1.161477,-3853.41
1,4,0.2691836,2,4,0.16132624,3,4,0.14000588,-3865.1665,11.410314,-0.76152194,-3852.9947
1,4,0.26841821,2,4,0.16465568,3,4,0.13482677,-3865.6994,11.358013,-1.2754473,-3853.066
1,4,0.28796834,2,4,0.16198737,3,4,0.13093532,-3866.372,11.617821,-1.9891892,-3852.765
1,4,0.27328786,2,4,0.14740344,3,4,0.15860099,-3864.4983,11.585846,-0.093329767,-3852.8191
1,4,0.30655613,2,4,0.14543071,3,4,0.14978645,-3866.3172,12.035466,-2.1133309,-3852.1684
1,4,0.2746941,2,4,0.14387598,3,4,0.13322383,-3865.7183,11.035878,-1.2018084,-3853.4806
1,4,0.24259714,2,4,0.15640341,3,4,0.1321637,-3866.7654,10.623285,-2.1143547,-3854.0277
1,4,0.26320748,2,4,0.15042838,3,4,0.17219691,-3865.1783,11.716655,-0.82681189,-3852.6348
1,4,0.27881682,2,4,0.14323531,3,4,0.17460108,-3865.4425,11.933064,-1.123218,-3852.3862
1,4,0.26583358,2,4,0.16233627,3,4,0.15618916,-3864.9709,11.68718,-0.6006865,-3852.683
1,4,0.28231995,2,4,0.1479801,3,4,0.16129961,-3864.8418,11.831993,-0.45363444,-3852.5561
1,4,0.29871939,2,4,0.1738922,3,4,0.14951329,-3867.2749,12.442498,-3.2446446,-3851.5878
1,4,0.28805288,2,4,0.13209111,3,4,0.13146978,-3867.2235,11.032275,-2.5664244,-3853.6248
1,4,0.28845313,2,4,0.13520377,3,4,0.19543971,-3868.2536,12.381932,-4.5063206,-3851.3654
1,4,0.2702097,2,4,0.1441746,3,4,0.14691178,-3864.6006,11.225922,-0.18766774,-3853.187
1,4,0.27553741,2,4,0.16150928,3,4,0.1784222,-3866.6211,12.309378,-2.4380348,-3851.8737
1,4,0.261018,2,4,0.16049907,3,4,0.16726401,-3865.3645,11.775622,-1.0261525,-3852.5627
1,4,0.22520961,2,4,0.15572639,3,4,0.14542766,-3867.5664,10.527273,-2.7804558,-3854.2587
1,4,0.25663694,2,4,0.15669259,3,4,0.14048213,-3865.1609,11.076233,-0.71542467,-3853.3693
1,4,0.26539633,2,4,0.13806682,3,4,0.15622841,-3864.6162,11.193831,-0.20136133,-3853.221
1,4,0.25164728,2,4,0.15350644,3,4,0.15618785,-3864.8479,11.226831,-0.4298094,-3853.1913
1,4,0.29976351,2,4,0.15970671,3,4,0.14580143,-3866.1655,12.105433,-1.9363149,-3852.1238
1,4,0.26899214,2,4,0.16202251,3,4,0.15871619,-3865.0383,11.794617,-0.6721141,-3852.5716
1,4,0.2598222,2,4,0.16248426,3,4,0.15046411,-3864.9863,11.455411,-0.60225284,-3852.9286
1,4,0.28971028,2,4,0.14403884,3,4,0.14056813,-3865.5101,11.486345,-1.1068229,-3852.9169
1,4,0.26451588,2,4,0.12020018,3,4,0.14782032,-3866.8346,10.650728,-2.1465497,-3854.0373
1,4,0.26201536,2,4,0.13179942,3,4,0.13390791,-3866.6788,10.554454,-2.0596715,-3854.0647
1,4,0.27160224,2,4,0.16204536,3,4,0.13842501,-3865.3103,11.441452,-0.90683119,-3852.9621
1,4,0.29284272,2,4,0.15969144,3,4,0.15161495,-3865.6444,12.082982,-1.3394088,-3852.222
1,4,0.26376791,2,4,0.14015348,3,4,0.14786279,-3864.7336,11.035684,-0.31586723,-3853.3821
1,4,0.23503675,2,4,0.15837844,3,4,0.13789677,-3866.9284,10.626239,-2.2646497,-3854.0375
1,4,0.29202122,2,4,0.15977918,3,4,0.14119008,-3865.7684,11.85981,-1.4574748,-3852.4512
1,4,0.29856607,2,4,0.11718507,3,4,0.16680525,-3867.6963,11.651128,-3.281539,-3852.7637
1,4,0.26239737,2,4,0.16738332,3,4,0.14196707,-3865.4827,11.434955,-1.1114352,-3852.9363
1,4,0.25466927,2,4,0.1258762,3,4,0.14199648,-3866.7791,10.450839,-2.162325,-3854.1659
1,4,0.2771576,2,4,0.15818092,3,4,0.14025944,-3865.123,11.511959,-0.72320337,-3852.8879
1,4,0.28570451,2,4,0.12350029,3,4,0.14579814,-3866.662,11.100059,-2.0686585,-3853.4933
1,4,0.25274586,2,4,0.19180125,3,4,0.16333466,-3869.1478,12.157635,-5.6070327,-3851.3831
1,4,0.25758631,2,4,0.15622168,3,4,0.17622437,-3865.8624,11.800647,-1.5852094,-3852.4765
1,4,0.27953009,2,4,0.15661125,3,4,0.13565633,-3865.4539,11.435953,-1.0273354,-3852.9906
1,4,0.26497115,2,4,0.12278238,3,4,0.17451807,-3866.3332,11.245432,-1.8404423,-3853.2473
1,4,0.27295274,2,4,0.14270189,3,4,0.14129802,-3864.9821,11.139053,-0.54450139,-3853.2985
1,4,0.27559238,2,4,0.15391548,3,4,0.15319376,-3864.6124,11.654032,-0.21258439,-3852.7458
1,4,0.22198896,2,4,0.15345409,3,4,0.15524148,-3867.7024,10.613691,-2.8902151,-3854.1985
1,4,0.26244047,2,4,0.14525046,3,4,0.18487191,-3866.287,11.851257,-2.1019302,-3852.3338
1,4,0.26989663,2,4,0.13918036,3,4,0.15038992,-3864.6489,11.189338,-0.23354208,-3853.226
1,4,0.23951459,2,4,0.16818802,3,4,0.16946802,-3867.0357,11.543413,-2.7612113,-3852.7311
1,4,0.26821352,2,4,0.13652213,3,4,0.16897447,-3864.9809,11.474202,-0.58751577,-3852.9192
1,4,0.27709194,2,4,0.13488987,3,4,0.13667834,-3865.9499,10.973203,-1.4180463,-3853.5587
1,4,0.28054173,2,4,0.12184032,3,4,0.1801502,-3866.9192,11.650645,-2.5872588,-3852.6813
1,4,0.23547381,2,4,0.16720677,3,4,0.17032721,-3867.3347,11.460156,-3.0212894,-3852.8533
1,4,0.24329571,2,4,0.13501131,3,4,0.15378677,-3865.7992,10.641876,-1.2906478,-3853.8667
1,4,0.2269228,2,4,0.14228091,3,4,0.16479366,-3867.1926,10.679948,-2.4804271,-3854.0322
1,4,0.24101009,2,4,0.13998319,3,4,0.17248137,-3866.1088,11.069493,-1.6299497,-3853.4093
1,4,0.27217204,2,4,0.15632458,3,4,0.16220475,-3864.8702,11.814027,-0.48305289,-3852.5732
1,4,0.27264931,2,4,0.1574747,3,4,0.14960957,-3864.7033,11.594672,-0.30889058,-3852.7997
1,4,0.25476073,2,4,0.16083252,3,4,0.16382302,-3865.3092,11.588325,-0.94892266,-3852.7719
1,4,0.26614014,2,4,0.15755015,3,4,0.15038514,-3864.6571,11.481508,-0.25877111,-3852.9168
1,4,0.25820263,2,4,0.16106244,3,4,0.13891023,-3865.3691,11.163506,-0.92685648,-3853.2787
1,4,0.25560873,2,4,0.15401224,3,4,0.15028415,-3864.7282,11.198102,-0.31312955,-3853.2169
1,4,0.24585246,2,4,0.17724677,3,4,0.14882254,-3866.8627,11.438435,-2.5920443,-3852.8322
1,4,0.23555072,2,4,0.15349105,3,4,0.14355252,-3866.3608,10.651886,-1.7690522,-3853.9398
1,4,0.25689897,2,4,0.16836771,3,4,0.16164285,-3865.76,11.73819,-1.4679539,-3852.5539
1,4,0.28560155,2,4,0.16578885,3,4,0.14186351,-3865.7583,11.865078,-1.4582467,-3852.435
1,4,0.23098339,2,4,0.15854792,3,4,0.15867365,-3866.6702,10.964099,-2.0962519,-3853.6098
1,4,0.25209048,2,4,0.18054513,3,4,0.15251552,-3866.9801,11.703023,-2.8561659,-3852.4209
1,4,0.28916216,2,4,0.14312469,3,4,0.1677149,-3865.4247,12.000035,-1.0935247,-3852.3312
1,4,0.27582999,2,4,0.14143967,3,4,0.13005541,-3866.2718,10.946501,-1.681868,-3853.6434
1,4,0.25404766,2,4,0.17269251,3,4,0.14395655,-3866.0777,11.413934,-1.7448334,-3852.9189
1,4,0.25879099,2,4,0.15813625,3,4,0.1558242,-3864.7869,11.455029,-0.3912495,-3852.9407
1,4,0.27621072,2,4,0.14667307,3,4,0.16191684,-3864.6452,11.696012,-0.24642521,-3852.7027
1,4,0.2522485,2,4,0.13772543,3,4,0.17710108,-3865.8125,11.3415,-1.4349021,-3853.0361
1,4,0.27014358,2,4,0.1823943,3,4,0.18528516,-3870.025,12.756461,-6.6213889,-3850.6471
1,4,0.26039224,2,4,0.17278456,3,4,0.1615725,-3866.1609,11.894986,-1.9451806,-3852.3208
1,4,0.27541763,2,4,0.12434797,3,4,0.16460529,-3865.7835,11.287418,-1.296541,-3853.1995
1,4,0.2837715,2,4,0.15532311,3,4,0.15821579,-3865.0379,11.946208,-0.6603262,-3852.4313
1,4,0.28093598,2,4,0.13033569,3,4,0.14437488,-3865.7724,11.112931,-1.2744524,-3853.385
1,4,0.30338305,2,4,0.12162642,3,4,0.14898349,-3867.7461,11.479859,-3.2716657,-3852.9946
1,4,0.25719684,2,4,0.13274849,3,4,0.13722672,-3866.3147,10.543441,-1.7602308,-3854.0111
1,4,0.28567412,2,4,0.16423254,3,4,0.16622138,-3866.1744,12.322561,-1.8969938,-3851.9549
1,4,0.26551896,2,4,0.15751063,3,4,0.15704707,-3864.7019,11.601533,-0.30833482,-3852.7921
1,4,0.2602902,2,4,0.14589829,3,4,0.15769408,-3864.4993,11.277651,-0.091088102,-3853.1306
1,4,0.29332386,2,4,0.15040377,3,4,0.15892571,-3865.41,12.053067,-1.0751883,-3852.2817
1,4,0.27684943,2,4,0.14937136,3,4,0.16667723,-3864.9331,11.85796,-0.55152918,-3852.5236
1,4,0.27712476,2,4,0.15649467,3,4,0.16068889,-3864.9328,11.886167,-0.54694689,-3852.4997
1,4,0.28904397,2,4,0.12926666,3,4,0.13269564,-3867.4303,11.020125,-2.7497824,-3853.6604
1,4,0.26073388,2,4,0.12837473,3,4,0.14455553,-3865.978,10.673283,-1.4460051,-3853.8587
1,4,0.30233682,2,4,0.15686371,3,4,0.16195667,-3866.5282,12.423144,-2.3200216,-3851.7851
1,4,0.27267289,2,4,0.15375418,3,4,0.14003808,-3864.945,11.329303,-0.52089603,-3853.0948
1,4,0.25814016,2,4,0.14967469,3,4,0.12011706,-3867.8275,10.558638,-2.9301509,-3854.3387
1,4,0.2740395,2,4,0.1518131,3,4,0.13627615,-3865.2313,11.242575,-0.77850493,-3853.2102
1,4,0.28174651,2,4,0.16658187,3,4,0.13675263,-3865.9039,11.70162,-1.5732869,-3852.629
1,4,0.28204519,2,4,0.12522399,3,4,0.1770372,-3866.4116,11.686128,-2.0818115,-3852.6437
1,4,0.27559145,2,4,0.14118015,3,4,0.15982767,-3864.6053,11.531985,-0.20249993,-3852.8708
1,4,0.25362971,2,4,0.18001064,3,4,0.13728126,-3867.1696,11.418432,-2.8994668,-3852.8517
1,4,0.27871398,2,4,0.13491536,3,4,0.16825609,-3865.1658,11.637709,-0.78768826,-3852.7404
1,4,0.27358427,2,4,0.15071081,3,4,0.15800657,-3864.5426,11.646033,-0.13840978,-3852.7581
1,4,0.27426244,2,4,0.14817152,3,4,0.15360403,-3864.4727,11.52076,-0.067266518,-3852.8847
1,4,0.26851643,2,4,0.15483295,3,4,0.13215819,-3865.6325,11.110151,-1.1292637,-3853.3931
1,4,0.27197875,2,4,0.16352347,3,4,0.18100741,-3867.0094,12.330192,-2.9061472,-3851.7731
1,4,0.2723023,2,4,0.15684725,3,4,0.14976996,-3864.67,11.57839,-0.27343656,-3852.8182
1,4,0.29544897,2,4,0.15178471,3,4,0.17063522,-3866.2654,12.357378,-2.0116751,-3851.8964
1,4,0.26473552,2,4,0.13537664,3,4,0.16240068,-3864.8106,11.250257,-0.39022408,-3853.1702
1,4,0.26047535,2,4,0.17425203,3,4,0.16713466,-3866.6944,12.037241,-2.5653155,-3852.0918
1,4,0.28013387,2,4,0.13249695,3,4,0.16966957,-3865.3943,11.646008,-1.0230016,-3852.7253
1,4,0.30505879,2,4,0.14537679,3,4,0.12842783,-3867.7264,11.577268,-3.3210297,-3852.8281
1,4,0.27087679,2,4,0.13742039,3,4,0.14392468,-3865.0569,11.044437,-0.61408089,-3853.3984
1,4,0.26116022,2,4,0.16983794,3,4,0.11313804,-3869.3752,10.882724,-4.3155226,-3854.177
1,4,0.27297836,2,4,0.11004204,3,4,0.13213824,-3871.0183,10.303173,-5.4815903,-3855.2336
1,4,0.26528629,2,4,0.16039951,3,4,0.14282769,-3864.9887,11.37027,-0.58406491,-3853.0344
1,4,0.2725362,2,4,0.12666433,3,4,0.1685484,-3865.6239,11.354979,-1.1770823,-3853.0918
1,4,0.27798829,2,4,0.15073904,3,4,0.10996709,-3869.9115,10.773888,-4.5685616,-3854.5691
1,4,0.25358276,2,4,0.1379282,3,4,0.17884827,-3865.8989,11.407185,-1.5476953,-3852.944
1,4,0.23300117,2,4,0.15088558,3,4,0.14015877,-3866.8944,10.48091,-2.2298838,-3854.1837
1,4,0.24958038,2,4,0.16328259,3,4,0.1558216,-3865.4083,11.373691,-1.0194667,-3853.0151
1,4,0.26362618,2,4,0.14598077,3,4,0.17911048,-3865.6702,11.774348,-1.385293,-3852.5106
1,4,0.25575294,2,4,0.13419329,3,4,0.17691627,-3865.7998,11.33725,-1.4138726,-3853.0487
1,4,0.28812834,2,4,0.13407504,3,4,0.16157014,-3865.3456,11.67547,-0.97320858,-3852.6969
1,4,0.22957381,2,4,0.15422911,3,4,0.15720389,-3866.6753,10.820136,-2.0516168,-3853.8035
1,4,0.30915852,2,4,0.13619441,3,4,0.1444256,-3867.0377,11.79557,-2.8046348,-3852.4375
1,4,0.26862938,2,4,0.16589543,3,4,0.15506279,-3865.2291,11.791752,-0.88876307,-3852.5486
1,4,0.29033221,2,4,0.14858768,3,4,0.15366145,-3865.0954,11.851627,-0.73412913,-3852.5097
1,4,0.26069995,2,4,0.16101261,3,4,0.1336138,-3865.7387,11.106527,-1.2508289,-3853.3814
1,4,0.27289573,2,4,0.1449118,3,4,0.15444827,-3864.4545,11.445116,-0.048210629,-3852.9611
1,4,0.28730343,2,4,0.15454523,3,4,0.12741036,-3866.5829,11.38518,-2.0743359,-3853.1234
1,4,0.27736689,2,4,0.13130288,3,4,0.15321694,-3865.1704,11.237734,-0.72419989,-3853.2085
1,4,0.29193399,2,4,0.12140973,3,4,0.1395627,-3867.8486,11.058128,-3.1248513,-3853.6656
1,4,0.26528516,2,4,0.14982475,3,4,0.13393849,-3865.4752,10.980968,-0.97812081,-3853.5161
1,4,0.29022507,2,4,0.14262062,3,4,0.14766002,-3865.2125,11.610114,-0.83582001,-3852.7666
1,4,0.25761852,2,4,0.12469955,3,4,0.19400951,-3868.1348,11.526552,-3.9636544,-3852.6446
1,4,0.28710779,2,4,0.14850381,3,4,0.15152069,-3864.9245,11.742646,-0.54632017,-3852.6355
1,4,0.26429746,2,4,0.12816289,3,4,0.13906915,-3866.4358,10.63059,-1.8441082,-3853.9611
1,4,0.24350006,2,4,0.16090917,3,4,0.14595849,-3865.7421,11.007355,-1.2645245,-3853.4703
1,4,0.25574861,2,4,0.14298696,3,4,0.15614231,-3864.659,11.097558,-0.24334096,-3853.3181
1,4,0.27383673,2,4,0.14370205,3,4,0.1745867,-3865.3114,11.84251,-0.97983246,-3852.489
1,4,0.30570469,2,4,0.13302703,3,4,0.15383694,-3866.5931,11.851373,-2.3472468,-3852.3944
1,4,0.26099409,2,4,0.14078559,3,4,0.13811572,-3865.4404,10.797908,-0.96545586,-3853.6771
1,4,0.24464812,2,4,0.12016887,3,4,0.14950122,-3867.7514,10.286364,-2.9690197,-3854.496
1,4,0.28286875,2,4,0.15048232,3,4,0.15797629,-3864.8182,11.826547,-0.42847112,-3852.5632
1,4,0.25928545,2,4,0.14739243,3,4,0.1844985,-3866.331,11.823528,-2.1434264,-3852.364
1,4,0.27232615,2,4,0.14169892,3,4,0.14952423,-3864.5921,11.270986,-0.18060857,-3853.1405
1,4,0.26296607,2,4,0.14696902,3,4,0.14642667,-3864.6125,11.127235,-0.19887731,-3853.2863
1,4,0.26574641,2,4,0.13750211,3,4,0.13502261,-3865.9027,10.765423,-1.3705169,-3853.7667
1,4,0.26371685,2,4,0.13760231,3,4,0.15901026,-3864.6622,11.206588,-0.24599112,-3853.2097
1,4,0.2554268,2,4,0.13525146,3,4,0.15052058,-3865.1492,10.823977,-0.70594033,-3853.6193
1,4,0.28627759,2,4,0.15499292,3,4,0.15448931,-3865.0589,11.915197,-0.68882515,-3852.4549
1,4,0.28536512,2,4,0.1537462,3,4,0.16919246,-3865.6179,12.166075,-1.2851346,-3852.1667
1,4,0.27599402,2,4,0.15872859,3,4,0.181953,-3866.8133,12.333512,-2.6745208,-3851.8053
1,4,0.25917022,2,4,0.14681747,3,4,0.15116099,-3864.5458,11.142974,-0.13571548,-3853.2671
1,4,0.2330153,2,4,0.12916534,3,4,0.16198998,-3867.2773,10.483412,-2.5476967,-3854.2462
1,4,0.28106421,2,4,0.13984826,3,4,0.13679104,-3865.6639,11.15407,-1.1791016,-3853.3308
1,4,0.2573522,2,4,0.14995912,3,4,0.13138546,-3865.9777,10.773936,-1.419236,-3853.7846
1,4,0.29710395,2,4,0.12506154,3,4,0.15153746,-3866.7193,11.474059,-2.2753911,-3852.9698
1,4,0.22226558,2,4,0.17023138,3,4,0.16452948,-3868.7594,11.140529,-4.1982977,-3853.4206
1,4,0.25974578,2,4,0.16238444,3,4,0.13604343,-3865.602,11.163473,-1.1444619,-3853.294
1,4,0.2611458,2,4,0.13869386,3,4,0.14226318,-3865.1993,10.842057,-0.75133988,-3853.6059
1,4,0.26353088,2,4,0.15320382,3,4,0.14838645,-3864.5686,11.302423,-0.15998894,-3853.1062
1,4,0.25213829,2,4,0.1647662,3,4,0.1730907,-3866.3472,11.799904,-2.115589,-3852.4317
1,4,0.27553135,2,4,0.16011808,3,4,0.16267844,-3865.2005,11.966558,-0.83699463,-3852.397
1,4,0.25323844,2,4,0.12986223,3,4,0.17871905,-3866.3053,11.236394,-1.880694,-3853.1883
1,4,0.29645464,2,4,0.13668484,3,4,0.16783344,-3865.969,12.019458,-1.7019758,-3852.2476
1,4,0.26825416,2,4,0.15217371,3,4,0.16949694,-3865.0485,11.798496,-0.68203305,-3852.568
1,4,0.28153666,2,4,0.15195194,3,4,0.14330617,-3864.9411,11.535895,-0.54196048,-3852.8633
1,4,0.25599975,2,4,0.13782657,3,4,0.1585677,-3864.8386,11.04788,-0.41183725,-3853.3789
1,4,0.2521443,2,4,0.13085917,3,4,0.14616412,-3865.9343,10.583352,-1.4257696,-3853.9252
1,4,0.26873956,2,4,0.17971629,3,4,0.14916987,-3866.6023,11.952514,-2.4931114,-3852.1567
1,4,0.2403006,2,4,0.14536374,3,4,0.15145715,-3865.6092,10.74243,-1.1100329,-3853.7568
1,4,0.28306454,2,4,0.12612656,3,4,0.16622123,-3865.8246,11.508247,-1.4014783,-3852.9149
1,4,0.23692624,2,4,0.13939732,3,4,0.15045133,-3866.1982,10.535498,-1.6417507,-3854.021
1,4,0.25572521,2,4,0.14216424,3,4,0.18069935,-3865.9346,11.571776,-1.6400665,-3852.7228
1,4,0.29748705,2,4,0.16422726,3,4,0.13830177,-3866.5044,12.000321,-2.2904125,-3852.2136
1,4,0.25570149,2,4,0.14243019,3,4,0.14051492,-3865.3175,10.772932,-0.86065808,-3853.6839
1,4,0.28911995,2,4,0.15982343,3,4,0.13277493,-3866.1695,11.634366,-1.7934671,-3852.7417
1,4,0.27298585,2,4,0.17598494,3,4,0.14196144,-3866.2814,11.818645,-2.0744983,-3852.3882
1,4,0.24431845,2,4,0.14525612,3,4,0.18314154,-3866.7295,11.454322,-2.437768,-3852.8374
1,4,0.27133892,2,4,0.13917311,3,4,0.15298757,-3864.5966,11.269992,-0.18407634,-3853.1425
1,4,0.28325884,2,4,0.1384669,3,4,0.16884455,-3865.2406,11.811406,-0.88719571,-3852.5419
1,4,0.24370016,2,4,0.16055341,3,4,0.14185717,-3865.9112,10.922215,-1.4056247,-3853.5833
1,4,0.25608138,2,4,0.13051389,3,4,0.15962942,-3865.3407,10.924494,-0.8658081,-3853.5504
1,4,0.26009369,2,4,0.13116451,3,4,0.16007621,-3865.1539,11.026688,-0.69685704,-3853.4303
1,4,0.29515368,2,4,0.15846234,3,4,0.14471467,-3865.7881,11.966614,-1.4983107,-3852.3231
1,4,0.26158757,2,4,0.15414799,3,4,0.12996198,-3865.9934,10.913951,-1.4305809,-3853.6489
1,4,0.26046272,2,4,0.15467919,3,4,0.1855237,-3866.7672,12.013312,-2.6626428,-3852.0913
1,4,0.28758405,2,4,0.16377262,3,4,0.14679364,-3865.6028,11.963006,-1.2963066,-3852.3435
1,4,0.29727974,2,4,0.13748392,3,4,0.13550207,-3866.7265,11.405315,-2.2714286,-3853.0497
1,4,0.25740146,2,4,0.1663294,3,4,0.17981094,-3867.0617,12.070836,-2.9831772,-3852.0077
1,4,0.26712646,2,4,0.14234032,3,4,0.1735081,-3865.1484,11.659498,-0.79453092,-3852.6944
1,4,0.2523389,2,4,0.15623957,3,4,0.16095212,-3865.0174,11.390612,-0.61678875,-3853.01
1,4,0.27995628,2,4,0.19007702,3,4,0.13614259,-3868.4708,12.123518,-4.7397588,-3851.6076
1,4,0.28814688,2,4,0.15284771,3,4,0.12944192,-3866.3604,11.40873,-1.8796674,-3853.072
1,4,0.27754314,2,4,0.1419444,3,4,0.15478127,-3864.5919,11.485376,-0.18773747,-3852.9188
1,4,0.25370012,2,4,0.14811391,3,4,0.19941975,-3868.5828,12.024675,-4.8784717,-3851.6796
1,4,0.29449795,2,4,0.13207223,3,4,0.17488121,-3866.4317,12.029028,-2.217049,-3852.1856
1,4,0.24517181,2,4,0.17320428,3,4,0.13933811,-3866.8063,11.154284,-2.3698078,-3853.2822
1,4,0.21288941,2,4,0.16157093,3,4,0.17681084,-3870.384,11.025424,-5.5949123,-3853.7637
1,4,0.28293217,2,4,0.15246073,3,4,0.16363456,-3865.0954,11.980549,-0.71938427,-3852.3955
1,4,0.30473369,2,4,0.14453611,3,4,0.17412602,-3867.0655,12.467916,-2.9728613,-3851.6248
1,4,0.29842214,2,4,0.14804635,3,4,0.13984745,-3866.0259,11.726319,-1.7000824,-3852.5995
1,4,0.29296483,2,4,0.13954413,3,4,0.15736747,-3865.3397,11.797528,-0.99369037,-3852.5485
1,4,0.25687165,2,4,0.14739098,3,4,0.1717447,-3865.173,11.520147,-0.80374073,-3852.8491
1,4,0.27018173,2,4,0.14139244,3,4,0.2032549,-3868.9047,12.296581,-5.3924771,-3851.2156
1,4,0.28993128,2,4,0.14763356,3,4,0.16485305,-3865.3704,12.048358,-1.0272622,-3852.2948
1,4,0.28120553,2,4,0.13814467,3,4,0.16420756,-3864.9593,11.671155,-0.57532623,-3852.7128
1,4,0.26235734,2,4,0.14916213,3,4,0.14681338,-3864.5931,11.166657,-0.18025199,-3853.2462
1,4,0.2677434,2,4,0.15069275,3,4,0.12757648,-3866.2456,10.920253,-1.639529,-3853.6858
1,4,0.25405078,2,4,0.1401013,3,4,0.17315687,-3865.3812,11.346179,-0.99145618,-3853.0436
1,4,0.24700166,2,4,0.11431921,3,4,0.14650852,-3868.9874,10.156588,-3.9619945,-3854.8688
1,4,0.27981675,2,4,0.15095536,3,4,0.15174284,-3864.6553,11.650299,-0.25773374,-3852.7472
1,4,0.22202001,2,4,0.13450308,3,4,0.1510097,-3868.5176,10.150656,-3.5909572,-3854.776
1,4,0.24165349,2,4,0.13920924,3,4,0.1750692,-3866.2561,11.118639,-1.794428,-3853.3431
1,4,0.25633863,2,4,0.12912886,3,4,0.15078557,-3865.6604,10.725061,-1.1609099,-3853.7744
1,4,0.23755319,2,4,0.14922031,3,4,0.12866655,-3867.8005,10.308801,-2.9967124,-3854.495
1,4,0.27298627,2,4,0.12796085,3,4,0.1870522,-3866.9099,11.759986,-2.7245861,-3852.4253
1,4,0.26254612,2,4,0.17801493,3,4,0.15132185,-3866.4093,11.837658,-2.248506,-3852.3232
1,4,0.26524239,2,4,0.1791746,3,4,0.135366,-3866.9054,11.59566,-2.6794774,-3852.6303
1,4,0.23404733,2,4,0.13906253,3,4,0.1617782,-3866.3872,10.697761,-1.7891946,-3853.9003
1,4,0.26139097,2,4,0.13053997,3,4,0.15789036,-3865.1776,10.996426,-0.71591491,-3853.4652
1,4,0.24763963,2,4,0.18303066,3,4,0.14452803,-3867.5354,11.503966,-3.3727671,-3852.6586
1,4,0.30090639,2,4,0.1518813,3,4,0.15674758,-3865.9619,12.190705,-1.7030731,-3852.0681
1,4,0.29286591,2,4,0.15405774,3,4,0.1515632,-3865.3767,11.969737,-1.0434951,-3852.3635
1,4,0.25548608,2,4,0.13287449,3,4,0.16548044,-3865.2671,11.07682,-0.81507812,-3853.3752
1,4,0.30107905,2,4,0.1622496,3,4,0.14098374,-3866.5409,12.086248,-2.3546572,-3852.1
1,4,0.30359164,2,4,0.14674072,3,4,0.14094093,-3866.3719,11.825466,-2.1040873,-3852.4423
1,4,0.27607618,2,4,0.15058946,3,4,0.13242856,-3865.6504,11.181884,-1.1533519,-3853.3151
1,4,0.24962009,2,4,0.14885878,3,4,0.1355279,-3865.8939,10.680135,-1.3648721,-3853.8489
1,4,0.24109272,2,4,0.15382093,3,4,0.15418532,-3865.5069,10.981979,-1.0272636,-3853.4977
1,4,0.27233286,2,4,0.14827252,3,4,0.17165506,-3865.1294,11.845209,-0.77331205,-3852.5108
1,4,0.23640268,2,4,0.14994744,3,4,0.16226907,-3865.9517,10.972384,-1.4336253,-3853.5457
1,4,0.26663889,2,4,0.13762583,3,4,0.1789337,-3865.6557,11.663969,-1.3483847,-3852.6434
1,4,0.31333364,2,4,0.13987997,3,4,0.13149063,-3868.3616,11.694085,-4.0791472,-3852.5884
1,4,0.26305214,2,4,0.1522492,3,4,0.17730504,-3865.6964,11.852128,-1.4109851,-3852.4333
1,4,0.29326764,2,4,0.13216204,3,4,0.16521645,-3865.8333,11.812923,-1.5099987,-3852.5104
1,4,0.30786774,2,4,0.12614085,3,4,0.16266977,-3867.316,11.933567,-3.1264873,-3852.256
1,4,0.28354984,2,4,0.14568296,3,4,0.172888,-3865.5226,12.042416,-1.2033398,-3852.2769
1,4,0.2674187,2,4,0.15652431,3,4,0.1591784,-3864.7124,11.662428,-0.31848703,-3852.7314
1,4,0.26773707,2,4,0.16154269,3,4,0.11331529,-3868.9127,10.851901,-3.8367265,-3854.224
1,4,0.28783192,2,4,0.16074621,3,4,0.11004251,-3869.8891,11.172413,-4.8247393,-3853.892
1,4,0.26545754,2,4,0.12278481,3,4,0.15425863,-3866.0674,10.85002,-1.4869315,-3853.7305
1,4,0.24382854,2,4,0.12493508,3,4,0.16602497,-3866.739,10.695772,-2.0921018,-3853.9511
1,4,0.26409488,2,4,0.14774625,3,4,0.13710018,-3865.2085,10.978826,-0.7435507,-3853.4861
1,4,0.27782662,2,4,0.14125474,3,4,0.17547998,-3865.4781,11.891227,-1.1647544,-3852.4222
1,4,0.26167846,2,4,0.15417981,3,4,0.13769266,-3865.1777,11.071019,-0.72128568,-3853.3854
1,4,0.24758309,2,4,0.15085743,3,4,0.18595349,-3866.9997,11.68788,-2.8383967,-3852.4734
1,4,0.26677578,2,4,0.14814633,3,4,0.16074508,-3864.5032,11.513344,-0.098969853,-3852.8909
1,4,0.28640821,2,4,0.13108757,3,4,0.13522092,-3866.7659,11.054334,-2.1678868,-3853.5437
1,4,0.26150699,2,4,0.15546668,3,4,0.15480017,-3864.6105,11.435477,-0.20830514,-3852.9667
1,4,0.27831012,2,4,0.16162037,3,4,0.17193256,-3866.07,12.237261,-1.7923174,-3852.0404
1,4,0.22638947,2,4,0.14903334,3,4,0.15733136,-3867.0356,10.655083,-2.3300754,-3854.0505
1,4,0.26479874,2,4,0.16321811,3,4,0.14165337,-3865.194,11.393405,-0.79713336,-3853.0034
1,4,0.2551069,2,4,0.1588851,3,4,0.16201399,-3865.095,11.52012,-0.71438306,-3852.8605
1,4,0.26259077,2,4,0.1326511,3,4,0.16023198,-3864.9827,11.109477,-0.54232696,-3853.3309
1,4,0.28382786,2,4,0.15001256,3,4,0.1554499,-3864.8032,11.785806,-0.414782,-3852.6026
1,4,0.26750289,2,4,0.13619888,3,4,0.15596773,-3864.6995,11.19339,-0.27942063,-3853.2266
1,4,0.25292408,2,4,0.15063346,3,4,0.14711235,-3864.8734,11.013398,-0.44483459,-3853.4152
1,4,0.2746862,2,4,0.1443117,3,4,0.13174054,-3865.8806,11.014769,-1.3418857,-3853.5239
1,4,0.26809761,2,4,0.13637647,3,4,0.18227795,-3866.0062,11.73504,-1.7497925,-3852.5214
1,4,0.27657718,2,4,0.12949869,3,4,0.15000707,-3865.4329,11.121659,-0.95615069,-3853.355
1,4,0.28951032,2,4,0.16216511,3,4,0.15033521,-3865.5878,12.040213,-1.2776052,-3852.2699
1,4,0.27591105,2,4,0.1550589,3,4,0.13909176,-3865.0788,11.401234,-0.65887243,-3853.0187
1,4,0.25133762,2,4,0.14956162,3,4,0.14102009,-3865.2913,10.838386,-0.8284839,-3853.6245
1,4,0.25195631,2,4,0.16262241,3,4,0.15663356,-3865.2729,11.424246,-0.88999108,-3852.9586
1,4,0.2555132,2,4,0.1487802,3,4,0.15786689,-3864.6339,11.243206,-0.22157683,-3853.1691
1,4,0.2627292,2,4,0.12497783,3,4,0.14985141,-3866.0112,10.751169,-1.4529753,-3853.807
1,4,0.2710121,2,4,0.14779265,3,4,0.13447838,-3865.4236,11.065662,-0.93628997,-3853.4216
1,4,0.30082872,2,4,0.13685326,3,4,0.14651942,-3866.1852,11.684028,-1.8612363,-3852.6399
1,4,0.28399424,2,4,0.1531096,3,4,0.16587402,-3865.2956,12.059557,-0.93402927,-3852.302
1,4,0.24291296,2,4,0.13817729,3,4,0.19316226,-3868.0849,11.48505,-3.9377029,-3852.6622
1,4,0.26245866,2,4,0.15264405,3,4,0.16591076,-3864.847,11.62027,-0.46146975,-3852.7653
1,4,0.24834696,2,4,0.14119197,3,4,0.15526762,-3865.0712,10.896131,-0.62740008,-3853.5477
1,4,0.27775743,2,4,0.14084234,3,4,0.1289516,-3866.5001,10.951027,-1.8820058,-3853.667
1,4,0.25614291,2,4,0.15693425,3,4,0.15630022,-3864.8048,11.387548,-0.40315801,-3853.0141
1,4,0.25043128,2,4,0.10653528,3,4,0.1331871,-3872.7241,9.8030732,-6.886672,-3856.0343
1,4,0.24709578,2,4,0.15510303,3,4,0.18452073,-3867.0497,11.734391,-2.8991476,-3852.4162
1,4,0.25458231,2,4,0.15369208,3,4,0.16253871,-3864.8924,11.416262,-0.49261152,-3852.9835
1,4,0.26768024,2,4,0.16809045,3,4,0.14872089,-3865.3516,11.689832,-1.0221403,-3852.6397
1,4,0.26231716,2,4,0.13627106,3,4,0.15430648,-3864.7724,11.057894,-0.34884949,-3853.3657
1,4,0.24110965,2,4,0.14530891,3,4,0.14105648,-3866.1007,10.549501,-1.5628189,-3853.9884
1,4,0.27693291,2,4,0.13735953,3,4,0.16557921,-3864.9087,11.597433,-0.51804941,-3852.7933
1,4,0.28875062,2,4,0.13262817,3,4,0.14972277,-3865.5709,11.422031,-1.1500915,-3852.9988
1,4,0.25642176,2,4,0.13478875,3,4,0.16535155,-3865.1081,11.131241,-0.67187816,-3853.3049
1,4,0.28837264,2,4,0.14127076,3,4,0.17076514,-3865.5702,12.008171,-1.2579049,-3852.3041
1,4,0.26713541,2,4,0.18615064,3,4,0.16070127,-3867.9285,12.279746,-4.1144759,-3851.5342
1,4,0.26261621,2,4,0.13535481,3,4,0.15124366,-3864.8997,10.984294,-0.46898958,-3853.4464
1,4,0.27774988,2,4,0.15767832,3,4,0.15274111,-3864.8216,11.763386,-0.43514521,-3852.6231
1,4,0.27521806,2,4,0.14622882,3,4,0.12835168,-3866.2682,10.995971,-1.6734314,-3853.5988
1,4,0.25586709,2,4,0.14818215,3,4,0.13256969,-3865.9272,10.732379,-1.3819535,-3853.8128
1,4,0.27722257,2,4,0.13905251,3,4,0.16564936,-3864.8699,11.638489,-0.48195145,-3852.7495
1,4,0.27146008,2,4,0.14467493,3,4,0.14371801,-3864.7513,11.19706,-0.32979907,-3853.2245
1,4,0.24556476,2,4,0.12614438,3,4,0.15406445,-3866.5222,10.515472,-1.9180299,-3854.0887
1,4,0.27639165,2,4,0.16391194,3,4,0.15758068,-3865.2866,11.957685,-0.94087271,-3852.3881
1,4,0.25212445,2,4,0.15783061,3,4,0.14684128,-3865.0692,11.135927,-0.64057036,-3853.2927
1,4,0.26592204,2,4,0.13315504,3,4,0.14367826,-3865.4284,10.855107,-0.95351377,-3853.6198
1,4,0.24199589,2,4,0.15492757,3,4,0.14983751,-3865.5226,10.935219,-1.0400637,-3853.5473
1,4,0.24506773,2,4,0.15084178,3,4,0.15097257,-3865.2069,10.937642,-0.74915555,-3853.5201
1,4,0.27540342,2,4,0.1553454,3,4,0.17909551,-3866.2157,12.196887,-1.9873234,-3852.0315
1,4,0.29398152,2,4,0.15766421,3,4,0.13989777,-3865.8627,11.83087,-1.5502277,-3852.4816
1,4,0.26365407,2,4,0.1446751,3,4,0.17122546,-3864.997,11.591093,-0.6257839,-3852.7801
1,4,0.25926564,2,4,0.13757547,3,4,0.16126987,-3864.779,11.16222,-0.35831524,-3853.2585
1,4,0.30517867,2,4,0.1529451,3,4,0.13642892,-3866.8051,11.891054,-2.5775341,-3852.3366
1,4,0.24863027,2,4,0.15169118,3,4,0.14397259,-3865.2495,10.885881,-0.79031872,-3853.5733
1,4,0.25729853,2,4,0.13867723,3,4,0.1515418,-3864.8316,10.950351,-0.40944135,-3853.4718
1,4,0.27054273,2,4,0.14830777,3,4,0.14864771,-3864.495,11.349964,-0.086889185,-3853.0582
1,4,0.2510108,2,4,0.13905845,3,4,0.15850517,-3865.0005,10.971488,-0.56207379,-3853.4669
1,4,0.27196233,2,4,0.14897932,3,4,0.15018036,-3864.4756,11.42244,-0.068986292,-3852.9842
1,4,0.26344488,2,4,0.14061497,3,4,0.14448543,-3864.8927,10.970906,-0.46520851,-3853.4566
1,4,0.28237833,2,4,0.16559515,3,4,0.16178068,-3865.8466,12.195083,-1.5471464,-3852.1044
1,4,0.23096044,2,4,0.18041166,3,4,0.13525185,-3869.1805,10.932479,-4.5400507,-3853.708
1,4,0.2704945,2,4,0.13650865,3,4,0.14859626,-3864.8604,11.111988,-0.43171449,-3853.3167
1,4,0.27758857,2,4,0.1597497,3,4,0.15702467,-3865.0085,11.887259,-0.6330863,-3852.4881
1,4,0.28344651,2,4,0.1483944,3,4,0.18226198,-3866.5165,12.282058,-2.3461101,-3851.8884
1,4,0.2937627,2,4,0.15170783,3,4,0.15386321,-3865.3737,11.986675,-1.0407268,-3852.3463
1,4,0.24800672,2,4,0.15618761,3,4,0.118837,-3868.5477,10.460627,-3.5237137,-3854.5634
1,4,0.26717367,2,4,0.12696079,3,4,0.17646549,-3866.0168,11.411999,-1.6133701,-3852.9915
1,4,0.26042207,2,4,0.1193026,3,4,0.15127349,-3866.8772,10.619963,-2.1763226,-3854.0809
1,4,0.26184476,2,4,0.13769179,3,4,0.1524603,-3864.7373,11.039937,-0.31782979,-3853.3795
1,4,0.25750871,2,4,0.13831376,3,4,0.156915,-3864.762,11.054749,-0.34019032,-3853.3671
1,4,0.28413245,2,4,0.11897419,3,4,0.17773837,-3867.1839,11.6169,-2.7987749,-3852.7682
1,4,0.2630707,2,4,0.15210417,3,4,0.1433651,-3864.7501,11.170799,-0.32874485,-3853.2505
1,4,0.24610072,2,4,0.14994045,3,4,0.16368709,-3865.2399,11.194565,-0.80697872,-3853.2384
1,4,0.25929471,2,4,0.15173057,3,4,0.14965358,-3864.589,11.213577,-0.17780086,-3853.1976
1,4,0.26905626,2,4,0.15122108,3,4,0.13695825,-3865.1429,11.144712,-0.68778667,-3853.3105
1,4,0.24924542,2,4,0.15303892,3,4,0.14724788,-3865.0767,10.990644,-0.63361119,-3853.4524
1,4,0.27057507,2,4,0.13651916,3,4,0.15975856,-3864.6961,11.337056,-0.28188414,-3853.0772
1,4,0.28237052,2,4,0.15842072,3,4,0.16052902,-3865.2303,12.026405,-0.86465333,-3852.3392
1,4,0.28955292,2,4,0.13536175,3,4,0.15457638,-3865.3141,11.589821,-0.93061911,-3852.7937
1,4,0.26751892,2,4,0.13958942,3,4,0.18941744,-3866.7839,11.930516,-2.6978384,-3852.1555
1,4,0.25151494,2,4,0.16292386,3,4,0.13674717,-3865.888,11.02372,-1.398287,-3853.466
1,4,0.28205026,2,4,0.12612273,3,4,0.1430513,-3866.402,11.024486,-1.8248112,-3853.5527
1,4,0.25324053,2,4,0.15278214,3,4,0.15894004,-3864.8042,11.299254,-0.39260279,-3853.1124
1,4,0.29426708,2,4,0.15695896,3,4,0.12029168,-3868.0208,11.430354,-3.4262951,-3853.1642
1,4,0.2620334,2,4,0.14859929,3,4,0.15395008,-3864.4532,11.291655,-0.045847596,-3853.1157
1,4,0.26619121,2,4,0.14360997,3,4,0.14231819,-3864.875,11.042388,-0.4443758,-3853.3882
1,4,0.23843477,2,4,0.1623348,3,4,0.13596223,-3866.8926,10.734636,-2.2560793,-3853.9019
1,4,0.26836322,2,4,0.16079499,3,4,0.16153695,-3865.0603,11.813903,-0.69330527,-3852.553
1,4,0.2481958,2,4,0.14538195,3,4,0.16262135,-3865.0626,11.123982,-0.62828314,-3853.3103
1,4,0.26206808,2,4,0.14375417,3,4,0.15288645,-3864.4995,11.174174,-0.091279168,-3853.2341
1,4,0.26527931,2,4,0.14148709,3,4,0.15960514,-3864.5198,11.327431,-0.11184918,-3853.0806
1,4,0.26715222,2,4,0.14673511,3,4,0.16004078,-3864.4732,11.478562,-0.067902719,-3852.9267
1,4,0.2397192,2,4,0.14903911,3,4,0.1596723,-3865.589,10.968612,-1.0989373,-3853.5215
1,4,0.26242552,2,4,0.14971297,3,4,0.15550031,-3864.4591,11.352776,-0.052161953,-3853.0541
1,4,0.29198223,2,4,0.14406319,3,4,0.16463029,-3865.4365,12.013514,-1.1070703,-3852.3159
1,4,0.28333834,2,4,0.16927034,3,4,0.15739154,-3866.0322,12.200004,-1.7750987,-3852.057
1,4,0.28807673,2,4,0.14181019,3,4,0.1466146,-3865.1629,11.53003,-0.77155809,-3852.8613
1,4,0.27171711,2,4,0.12226915,3,4,0.1912885,-3867.8217,11.705495,-3.6693125,-3852.4469
1,4,0.2834045,2,4,0.16962183,3,4,0.15964341,-3866.1764,12.253395,-1.932006,-3851.991
1,4,0.26464952,2,4,0.11600207,3,4,0.16589642,-3867.0211,10.93096,-2.3012383,-3853.7889
1,4,0.26241837,2,4,0.16227954,3,4,0.13966711,-3865.2806,11.2873,-0.86184779,-3853.1314
1,4,0.25827527,2,4,0.14518493,3,4,0.16553579,-3864.7639,11.37992,-0.36230673,-3853.0217
1,4,0.27748237,2,4,0.13227218,3,4,0.13525264,-3866.3792,10.900144,-1.7914396,-3853.6876
1,4,0.26941455,2,4,0.1387524,3,4,0.154572,-3864.5842,11.254779,-0.17146358,-3853.1579
1,4,0.26308914,2,4,0.14562592,3,4,0.14722448,-3864.5977,11.118791,-0.18540281,-3853.2935
1,4,0.23061662,2,4,0.17158945,3,4,0.14943851,-3867.5983,11.032892,-3.0527271,-3853.5126
1,4,0.25754256,2,4,0.17897959,3,4,0.12733261,-3867.782,11.277095,-3.356108,-3853.1488
1,4,0.25628726,2,4,0.15265276,3,4,0.13185381,-3865.9319,10.815877,-1.3809523,-3853.735
1,4,0.28051766,2,4,0.14328162,3,4,0.15990228,-3864.7129,11.674031,-0.31828698,-3852.7205
1,4,0.24700365,2,4,0.171226,3,4,0.13438731,-3866.8855,11.052339,-2.3765741,-3853.4566
1,4,0.2550211,2,4,0.15987582,3,4,0.1421626,-3865.2282,11.14119,-0.79326231,-3853.2938
1,4,0.24372663,2,4,0.12855833,3,4,0.13226199,-3868.3959,10.090939,-3.5978018,-3854.7072
1,4,0.27319989,2,4,0.14105887,3,4,0.13451856,-3865.6957,10.975546,-1.1820901,-3853.538
1,4,0.28065018,2,4,0.15733742,3,4,0.17316864,-3865.9451,12.223125,-1.6518789,-3852.0701
1,4,0.28556956,2,4,0.16676758,3,4,0.14471773,-3865.7552,11.941097,-1.4689121,-3852.3452
1,4,0.25833501,2,4,0.13666803,3,4,0.13864407,-3865.7508,10.672942,-1.255156,-3853.8227
1,4,0.25504093,2,4,0.16290045,3,4,0.1502474,-3865.14,11.363776,-0.74823529,-3853.0279
1,4,0.26039297,2,4,0.1389872,3,4,0.15504399,-3864.6627,11.088483,-0.24681692,-3853.3274
1,4,0.27991895,2,4,0.14187898,3,4,0.1512344,-3864.6982,11.460647,-0.2943049,-3852.9433
1,4,0.25310379,2,4,0.13527271,3,4,0.13940127,-3866.021,10.555556,-1.5093852,-3853.9561
1,4,0.27526273,2,4,0.16673074,3,4,0.13936793,-3865.591,11.627228,-1.2426419,-3852.7212
1,4,0.24087081,2,4,0.15265488,3,4,0.15988815,-3865.5471,11.068277,-1.0760838,-3853.4027
1,4,0.2564806,2,4,0.13776859,3,4,0.13810912,-3865.7911,10.647166,-1.2931304,-3853.8508
1,4,0.26682981,2,4,0.13340141,3,4,0.1553164,-3864.8899,11.110952,-0.45497715,-3853.324
1,4,0.26669184,2,4,0.13630641,3,4,0.1742274,-3865.3115,11.544513,-0.94877111,-3852.8182
1,4,0.26977609,2,4,0.14374419,3,4,0.15966905,-3864.4823,11.463786,-0.07678468,-3852.9418
1,4,0.29957817,2,4,0.1676593,3,4,0.15637208,-3866.8934,12.472191,-2.7501648,-3851.671
1,4,0.24069362,2,4,0.16622025,3,4,0.16648393,-3866.5748,11.467956,-2.241148,-3852.8657
1,4,0.2604353,2,4,0.13335616,3,4,0.16582304,-3865.093,11.19229,-0.66014567,-3853.2405
1,4,0.26253397,2,4,0.16615314,3,4,0.16592372,-3865.7262,11.892216,-1.4365075,-3852.3975
1,4,0.26694407,2,4,0.15682368,3,4,0.15183333,-3864.6173,11.512022,-0.21834059,-3852.887
1,4,0.25200716,2,4,0.13106726,3,4,0.14237473,-3866.2187,10.508983,-1.6864383,-3854.0233
1,4,0.26173567,2,4,0.14654752,3,4,0.14731146,-3864.6034,11.111893,-0.19085585,-3853.3006
1,4,0.2770247,2,4,0.12723399,3,4,0.17579815,-3866.0255,11.601137,-1.6657422,-3852.7587
1,4,0.28874076,2,4,0.1562348,3,4,0.16033413,-3865.4183,12.106194,-1.0700562,-3852.242
1,4,0.25126842,2,4,0.14747477,3,4,0.16177661,-3864.8768,11.210396,-0.45682229,-3853.2096
1,4,0.2788611,2,4,0.13099328,3,4,0.16453162,-3865.2493,11.48772,-0.83810236,-3852.9235
1,4,0.30197042,2,4,0.15264885,3,4,0.18540277,-3868.4342,12.800441,-4.5492767,-3851.0845
1,4,0.26375258,2,4,0.1493581,3,4,0.13432664,-3865.4636,10.948746,-0.96832443,-3853.5466
1,4,0.28882057,2,4,0.13242911,3,4,0.12865205,-3867.6514,10.998035,-2.927308,-3853.726
1,4,0.26659375,2,4,0.13827011,3,4,0.14869803,-3864.7612,11.071238,-0.34009175,-3853.3499
1,4,0.27294266,2,4,0.14388566,3,4,0.16287223,-3864.6049,11.594011,-0.2050029,-3852.8059
1,4,0.27923164,2,4,0.15551361,3,4,0.16754982,-3865.3246,12.045901,-0.96645253,-3852.3122
1,4,0.24982894,2,4,0.13728705,3,4,0.16728521,-3865.3435,11.088024,-0.89713113,-3853.3584
1,4,0.2688054,2,4,0.15549695,3,4,0.17654744,-3865.818,12.016996,-1.542269,-3852.2587
1,4,0.27039308,2,4,0.14755141,3,4,0.16420666,-3864.6416,11.643023,-0.24423251,-3852.7544
1,4,0.26257537,2,4,0.15483782,3,4,0.18071175,-3866.1895,11.962499,-1.9786603,-3852.2484
1,4,0.27979811,2,4,0.148699,3,4,0.18680173,-3866.9269,12.305977,-2.8516977,-3851.7693
1,4,0.24729834,2,4,0.13949759,3,4,0.16558917,-3865.3362,11.047702,-0.88324638,-3853.4052
1,4,0.27801163,2,4,0.13372653,3,4,0.13824706,-3865.9054,10.999704,-1.3823268,-3853.5234
1,4,0.2318265,2,4,0.15873453,3,4,0.16848503,-3866.9602,11.180921,-2.4702083,-3853.309
1,4,0.26588694,2,4,0.10585444,3,4,0.20231414,-3871.6162,11.48111,-7.2653907,-3852.8697
1,4,0.28520729,2,4,0.1713123,3,4,0.15903491,-3866.4188,12.31109,-2.2119847,-3851.8957
1,4,0.24683875,2,4,0.13840703,3,4,0.14380253,-3865.7775,10.580966,-1.2913287,-3853.9052
1,4,0.25604548,2,4,0.14785505,3,4,0.16822353,-3864.977,11.442481,-0.58660006,-3852.9479
1,4,0.27719814,2,4,0.15062052,3,4,0.13832131,-3865.1164,11.322799,-0.68211671,-3853.1114
1,4,0.26418246,2,4,0.1591051,3,4,0.12765795,-3866.3021,11.01891,-1.7184751,-3853.5647
1,4,0.26018899,2,4,0.17148177,3,4,0.16345104,-3866.1247,11.902436,-1.898873,-3852.3234
1,4,0.22604143,2,4,0.14003133,3,4,0.18403451,-3868.6655,11.002145,-4.0524871,-3853.6108
1,4,0.2855966,2,4,0.14602124,3,4,0.14163976,-3865.2,11.465152,-0.79281904,-3852.9421
1,4,0.25780432,2,4,0.15470652,3,4,0.16129484,-3864.7934,11.476114,-0.39661626,-3852.9206
1,4,0.24389589,2,4,0.12370578,3,4,0.14915038,-3867.2473,10.335041,-2.5601794,-3854.3521
1,4,0.25074178,2,4,0.16201497,3,4,0.13875395,-3865.7305,11.030214,-1.2542764,-3853.4461
1,4,0.27571795,2,4,0.15129085,3,4,0.16016989,-3864.6624,11.743574,-0.26228143,-3852.6565
1,4,0.27459755,2,4,0.12846603,3,4,0.15673139,-3865.3167,11.195899,-0.8500431,-3853.2708
1,4,0.23997941,2,4,0.15056713,3,4,0.14361404,-3865.9175,10.683212,-1.3859057,-3853.8484
1,4,0.26635123,2,4,0.15457813,3,4,0.144824,-3864.6915,11.315067,-0.27977417,-3853.0967
1,4,0.23675859,2,4,0.14271213,3,4,0.14298156,-3866.4739,10.449046,-1.8939338,-3854.1309
1,4,0.2469921,2,4,0.14969596,3,4,0.1572617,-3865.0346,11.078995,-0.59523726,-3853.3604
1,4,0.28232208,2,4,0.15348024,3,4,0.17544261,-3865.9894,12.224899,-1.71053,-3852.0539
1,4,0.28901939,2,4,0.17091116,3,4,0.16096383,-3866.7004,12.417888,-2.5179057,-3851.7646
1,4,0.22700451,2,4,0.13401989,3,4,0.14917413,-3867.8895,10.203971,-3.0965224,-3854.589
1,4,0.26376741,2,4,0.16774208,3,4,0.13083337,-3866.2988,11.246857,-1.8286742,-3853.2232
1,4,0.2672531,2,4,0.17675306,3,4,0.16949254,-3867.2321,12.269974,-3.2015876,-3851.7606
1,4,0.26870548,2,4,0.15804438,3,4,0.17425213,-3865.7622,12.02004,-1.4728047,-3852.2694
1,4,0.30078691,2,4,0.15099845,3,4,0.15419088,-3865.878,12.119525,-1.6133421,-3852.1451
1,4,0.28793624,2,4,0.12169115,3,4,0.146859,-3866.941,11.129728,-2.324037,-3853.4872
1,4,0.2308179,2,4,0.16462797,3,4,0.14095539,-3867.4268,10.728025,-2.7337395,-3853.965
1,4,0.27007043,2,4,0.16555638,3,4,0.13965333,-3865.4312,11.505603,-1.0551068,-3852.8705
1,4,0.24407791,2,4,0.13502631,3,4,0.15746635,-3865.6772,10.731411,-1.1747175,-3853.7711
1,4,0.27116629,2,4,0.14561438,3,4,0.15045179,-3864.4726,11.344649,-0.065102813,-3853.0629
1,4,0.2649718,2,4,0.15357209,3,4,0.15974808,-3864.6052,11.565839,-0.20488715,-3852.8345
1,4,0.31779232,2,4,0.17956743,3,4,0.15298618,-3869.9933,13.006919,-6.558803,-3850.4275
1,4,0.24450631,2,4,0.13291797,3,4,0.13277213,-3867.6759,10.203928,-2.9745975,-3854.4973
1,4,0.290344,2,4,0.14619115,3,4,0.1601248,-3865.1798,11.933199,-0.82416101,-3852.4224
1,4,0.27943661,2,4,0.16565564,3,4,0.16788953,-3866.1387,12.259636,-1.8700313,-3852.0091
1,4,0.26284985,2,4,0.12926279,3,4,0.16796828,-3865.4183,11.201618,-0.96542054,-3853.2512
1,4,0.26305866,2,4,0.12168369,3,4,0.16473799,-3866.1608,10.989607,-1.5822286,-3853.5889
1,4,0.28066499,2,4,0.15026152,3,4,0.15459518,-3864.6747,11.710434,-0.27815653,-3852.6861
1,4,0.29272849,2,4,0.13552916,3,4,0.16038322,-3865.5079,11.772817,-1.1636948,-3852.5714
1,4,0.26701528,2,4,0.13766577,3,4,0.13908307,-3865.4403,10.875283,-0.96196984,-3853.6031
1,4,0.24533206,2,4,0.13520413,3,4,0.17812526,-3866.3801,11.173229,-1.9440716,-3853.2628
1,4,0.3124351,2,4,0.15354431,3,4,0.16811907,-3867.7198,12.681969,-3.7191136,-3851.3187
1,4,0.29996351,2,4,0.13353687,3,4,0.15483461,-3866.0831,11.7667,-1.773296,-3852.5431
1,4,0.26726928,2,4,0.16089618,3,4,0.14329291,-3864.9846,11.429167,-0.58705935,-3852.9684
1,4,0.23846813,2,4,0.14849243,3,4,0.14040816,-3866.3177,10.547374,-1.7427011,-3854.0277
1,4,0.30562537,2,4,0.13496666,3,4,0.17010679,-3866.8775,12.213976,-2.7587625,-3851.9048
1,4,0.28541255,2,4,0.16404882,3,4,0.16173604,-3865.8554,12.223948,-1.550608,-3852.0809
1,4,0.24980305,2,4,0.15296126,3,4,0.17341599,-3865.7014,11.523606,-1.3548922,-3852.8229
1,4,0.26810633,2,4,0.16780273,3,4,0.16305192,-3865.722,11.97922,-1.4346427,-3852.3081
1,4,0.23449928,2,4,0.15565575,3,4,0.15991654,-3866.2049,11.001431,-1.6754739,-3853.528
1,4,0.26047437,2,4,0.14811127,3,4,0.18294757,-3866.1562,11.830664,-1.9426962,-3852.3828
1,4,0.25466146,2,4,0.14764756,3,4,0.1578719,-3864.6585,11.203618,-0.24400811,-3853.2109
1,4,0.26936575,2,4,0.14447944,3,4,0.16291412,-3864.5644,11.535186,-0.16288565,-3852.8664
1,4,0.24972495,2,4,0.14658697,3,4,0.14233575,-3865.3336,10.772954,-0.87213281,-3853.6885
1,4,0.28149282,2,4,0.18017518,3,4,0.1354578,-3867.2328,11.942516,-3.1563476,-3852.1339
1,4,0.25640433,2,4,0.14409317,3,4,0.15231658,-3864.647,11.056282,-0.23316255,-3853.3576
1,4,0.27185251,2,4,0.15386021,3,4,0.17316214,-3865.4603,11.977497,-1.133721,-3852.3491
1,4,0.24972848,2,4,0.14151818,3,4,0.13550221,-3866.1772,10.534977,-1.6364729,-3854.0057
1,4,0.26522963,2,4,0.14408705,3,4,0.14853512,-3864.5543,11.157036,-0.14391432,-3853.2533
1,4,0.22905822,2,4,0.1579679,3,4,0.1510473,-3866.8942,10.761468,-2.2415259,-3853.8912
1,4,0.27185416,2,4,0.13122721,3,4,0.14794294,-3865.3124,11.020486,-0.84273687,-3853.4492
1,4,0.24850372,2,4,0.13951701,3,4,0.16782919,-3865.3547,11.116998,-0.91340271,-3853.3243
1,4,0.25763411,2,4,0.1760273,3,4,0.12653417,-3867.593,11.203911,-3.0952133,-3853.2938
1,4,0.270951,2,4,0.1311248,3,4,0.14758342,-3865.3386,10.993184,-0.86607797,-3853.4794
1,4,0.29617169,2,4,0.1482117,3,4,0.14513436,-3865.6001,11.790355,-1.27262,-3852.5371
1,4,0.28008136,2,4,0.17808281,3,4,0.13311116,-3867.0983,11.825506,-2.9369183,-3852.3359
1,4,0.28176888,2,4,0.116971,3,4,0.16098198,-3866.9129,11.194437,-2.2758014,-3853.4427
1,4,0.28181078,2,4,0.12846319,3,4,0.1792296,-3866.3288,11.790071,-2.0550059,-3852.4837
1,4,0.29172231,2,4,0.14070834,3,4,0.14910316,-3865.3072,11.630676,-0.93734913,-3852.7392
1,4,0.24204577,2,4,0.14802619,3,4,0.16984308,-3865.7889,11.198301,-1.3484473,-3853.2422
1,4,0.23182254,2,4,0.15024399,3,4,0.15491523,-3866.3617,10.739635,-1.7611522,-3853.8609
1,4,0.28522195,2,4,0.15890935,3,4,0.13733793,-3865.5957,11.629384,-1.2190608,-3852.7473
1,4,0.27840281,2,4,0.1546227,3,4,0.13404765,-3865.533,11.341463,-1.0786104,-3853.1129
1,4,0.26683243,2,4,0.15429666,3,4,0.15247212,-3864.5233,11.472024,-0.11968337,-3852.9316
1,4,0.27635539,2,4,0.11828788,3,4,0.17192319,-3866.7797,11.331329,-2.2404258,-3853.208
1,4,0.29439156,2,4,0.14399285,3,4,0.14981835,-3865.3773,11.764055,-1.0336538,-3852.5796
1,4,0.28829133,2,4,0.13452995,3,4,0.14908688,-3865.4348,11.438163,-1.022412,-3852.9742
1,4,0.27707562,2,4,0.14695818,3,4,0.15024738,-3864.5634,11.485624,-0.15913996,-3852.9186
1,4,0.2483358,2,4,0.16989772,3,4,0.12502772,-3867.8155,10.865225,-3.095498,-3853.8547
1,4,0.23451188,2,4,0.13270537,3,4,0.13558519,-3868.3206,10.056049,-3.5418447,-3854.7227
1,4,0.29799856,2,4,0.12308255,3,4,0.17340185,-3867.1922,11.889659,-2.954448,-3852.3481
1,4,0.27849916,2,4,0.13316799,3,4,0.17253626,-3865.476,11.684068,-1.1231364,-3852.6688
1,4,0.2803235,2,4,0.15763567,3,4,0.16324506,-3865.2289,12.024085,-0.86140868,-3852.3434
1,4,0.2930016,2,4,0.13674335,3,4,0.12161182,-3868.6658,11.027135,-3.7969598,-3853.8417
1,4,0.26781854,2,4,0.17388009,3,4,0.14045947,-3866.0716,11.643162,-1.7948167,-3852.6337
1,4,0.24428877,2,4,0.15519767,3,4,0.15276858,-3865.312,11.0451,-0.85585503,-3853.4111
1,4,0.27338586,2,4,0.16237317,3,4,0.12474544,-3866.7502,11.210089,-2.1678794,-3853.3722
1,4,0.24740263,2,4,0.13705502,3,4,0.1689151,-3865.5663,11.067455,-1.107829,-3853.391
1,4,0.25928132,2,4,0.15711335,3,4,0.15045717,-3864.7217,11.337037,-0.31688655,-3853.0678
1,4,0.26569536,2,4,0.15025111,3,4,0.14727884,-3864.5407,11.264506,-0.13042133,-3853.1458
1,4,0.25532443,2,4,0.15620612,3,4,0.15530217,-3864.788,11.336654,-0.38179339,-3853.0696
1,4,0.27606827,2,4,0.13292177,3,4,0.14299554,-3865.5198,11.039712,-1.0367533,-3853.4433
1,4,0.2734562,2,4,0.14283837,3,4,0.16359454,-3864.6461,11.597782,-0.2481441,-3852.8002
1,4,0.25647331,2,4,0.14530192,3,4,0.16279191,-3864.7086,11.291343,-0.29921921,-3853.1181
1,4,0.24722669,2,4,0.16480589,3,4,0.15390443,-3865.616,11.31874,-1.2203213,-3853.0769
1,4,0.30549552,2,4,0.14180532,3,4,0.15734549,-3866.2508,12.092927,-2.0425742,-3852.1152
1,4,0.25100839,2,4,0.14792599,3,4,0.15000954,-3864.874,10.978878,-0.44506086,-3853.4501
1,4,0.23247127,2,4,0.15671869,3,4,0.15660576,-3866.4093,10.915914,-1.8410561,-3853.6523
1,4,0.26768234,2,4,0.14850855,3,4,0.14955118,-3864.4641,11.314841,-0.05630844,-3853.0929
1,4,0.27100073,2,4,0.14809046,3,4,0.14635002,-3864.5735,11.308824,-0.16232721,-3853.1023
1,4,0.27702956,2,4,0.1788637,3,4,0.1425485,-3866.682,11.968835,-2.5663338,-3852.1468
1,4,0.24344303,2,4,0.160714,3,4,0.20532325,-3870.8441,12.189606,-7.678639,-3850.9759
1,4,0.29992207,2,4,0.13161142,3,4,0.16825441,-3866.4431,11.995758,-2.2149187,-3852.2324
1,4,0.26793659,2,4,0.14213322,3,4,0.16329181,-3864.5922,11.467232,-0.18977057,-3852.9352
1,4,0.28286114,2,4,0.15747659,3,4,0.15791965,-3865.0982,11.965148,-0.72545289,-3852.4076
1,4,0.27712055,2,4,0.14413586,3,4,0.1496357,-3864.6076,11.417842,-0.20120679,-3852.9886
1,4,0.33129509,2,4,0.11149208,3,4,0.15912105,-3871.8778,12.038164,-7.9923739,-3851.8473
1,4,0.26274462,2,4,0.14756593,3,4,0.15683395,-3864.4486,11.34289,-0.041661771,-3853.0641
1,4,0.28674381,2,4,0.15934751,3,4,0.15929894,-3865.4508,12.107805,-1.1060148,-3852.237
1,4,0.24694097,2,4,0.17143972,3,4,0.14149496,-3866.4151,11.197513,-1.9988029,-3853.2187
1,4,0.24814881,2,4,0.14758123,3,4,0.14967557,-3865.0454,10.908112,-0.60329021,-3853.534
1,4,0.2760219,2,4,0.134838,3,4,0.14469454,-3865.239,11.111089,-0.78440381,-3853.3435
1,4,0.30591885,2,4,0.15079602,3,4,0.13644007,-3866.8548,11.863099,-2.620995,-3852.3707
1,4,0.26394179,2,4,0.14737811,3,4,0.14456486,-3864.6805,11.117695,-0.26246539,-3853.3004
1,4,0.27538447,2,4,0.13748542,3,4,0.16082621,-3864.7311,11.473922,-0.32539647,-3852.9318
1,4,0.25374406,2,4,0.14037344,3,4,0.14536335,-3865.1562,10.789617,-0.7174999,-3853.6491
1,4,0.26603362,2,4,0.13377554,3,4,0.1851006,-3866.3815,11.698195,-2.1561622,-3852.5272
1,4,0.29880092,2,4,0.1416112,3,4,0.1361414,-3866.523,11.53107,-2.1286062,-3852.8633
1,4,0.25939513,2,4,0.15354458,3,4,0.15453971,-3864.5837,11.349588,-0.17718823,-3853.0569
1,4,0.27761541,2,4,0.15619528,3,4,0.15656298,-3864.8022,11.807473,-0.41094379,-3852.5837
1,4,0.27050233,2,4,0.16046449,3,4,0.15588623,-3864.8703,11.737061,-0.49006088,-3852.6432
1,4,0.24411212,2,4,0.15905398,3,4,0.13442247,-3866.4368,10.751771,-1.8443905,-3853.8406
1,4,0.26555894,2,4,0.13473506,3,4,0.15027228,-3864.9331,11.011326,-0.49841766,-3853.4233
1,4,0.24402406,2,4,0.14998094,3,4,0.17791247,-3866.3058,11.438349,-1.9670845,-3852.9004
1,4,0.29195662,2,4,0.14300055,3,4,0.14485832,-3865.4128,11.59631,-1.0382907,-3852.7782
1,4,0.22921201,2,4,0.14827065,3,4,0.12408404,-3869.6842,10.031334,-4.5386428,-3855.1142
1,4,0.27551052,2,4,0.1637858,3,4,0.14117393,-3865.3153,11.609405,-0.94762736,-3852.7583
1,4,0.29635328,2,4,0.14207727,3,4,0.13640408,-3866.3105,11.496693,-1.9019752,-3852.9118
1,4,0.25411293,2,4,0.1744138,3,4,0.15137919,-3866.1633,11.598118,-1.9027014,-3852.6625
1,4,0.27237577,2,4,0.15586882,3,4,0.17610583,-3865.859,12.087008,-1.5811832,-3852.1908
1,4,0.27943534,2,4,0.14474344,3,4,0.14717389,-3864.7322,11.427053,-0.32553517,-3852.9796
1,4,0.25161336,2,4,0.1329944,3,4,0.16080808,-3865.3445,10.908317,-0.87406167,-3853.5621
1,4,0.2628061,2,4,0.15246867,3,4,0.15746074,-3864.5317,11.45471,-0.12731291,-3852.9496
1,4,0.23889864,2,4,0.15197141,3,4,0.15482538,-3865.656,10.913909,-1.1541117,-3853.588
1,4,0.27977695,2,4,0.15049412,3,4,0.11636389,-3868.3638,10.932699,-3.4083352,-3854.0228
1,4,0.27726735,2,4,0.12993627,3,4,0.1629443,-3865.2534,11.402958,-0.82445024,-3853.026
1,4,0.28788141,2,4,0.1612203,3,4,0.15497753,-3865.4985,12.081585,-1.1690922,-3852.2479
1,4,0.27260481,2,4,0.14366425,3,4,0.14103367,-3864.9635,11.146055,-0.52678223,-3853.2907
1,4,0.26861643,2,4,0.14291139,3,4,0.14557901,-3864.6941,11.142137,-0.27610183,-3853.2758
1,4,0.2673121,2,4,0.14464179,3,4,0.18191588,-3865.9359,11.877395,-1.6986434,-3852.3599
1,4,0.27011877,2,4,0.13363556,3,4,0.16839441,-3865.0906,11.442975,-0.68773054,-3852.9599
1,4,0.29547193,2,4,0.13456799,3,4,0.13549318,-3866.8441,11.310662,-2.3407491,-3853.1927
1,4,0.25045518,2,4,0.15782009,3,4,0.15123015,-3865.0541,11.190108,-0.63126795,-3853.2327
1,4,0.25080958,2,4,0.13587545,3,4,0.14267553,-3865.7975,10.587211,-1.3110396,-3853.8993
1,4,0.2839593,2,4,0.12932891,3,4,0.1447926,-3865.9432,11.161616,-1.4402459,-3853.3413
1,4,0.27097595,2,4,0.13671908,3,4,0.17567758,-3865.4235,11.667452,-1.0863943,-3852.6697
1,4,0.25440028,2,4,0.15349342,3,4,0.15821239,-3864.7666,11.322122,-0.35741662,-3853.0871
1,4,0.30735067,2,4,0.13538734,3,4,0.16232269,-3866.6815,12.101214,-2.5217053,-3852.0586
1,4,0.30991465,2,4,0.14004908,3,4,0.15055515,-3866.7098,12.010378,-2.5466709,-3852.1528
1,4,0.25723617,2,4,0.13639248,3,4,0.15894198,-3864.8719,11.051413,-0.44216858,-3853.3783
1,4,0.25144706,2,4,0.13440593,3,4,0.19197776,-3867.5349,11.556615,-3.3890489,-3852.5893
1,4,0.26953759,2,4,0.13516349,3,4,0.16219543,-3864.7998,11.33793,-0.38357515,-3853.0783
1,4,0.25340206,2,4,0.1550171,3,4,0.14504092,-3864.9967,11.069202,-0.56319465,-3853.3643
1,4,0.23833527,2,4,0.15241466,3,4,0.15609315,-3865.712,10.936862,-1.207607,-3853.5676
1,4,0.25294366,2,4,0.13697911,3,4,0.16525599,-3865.1289,11.103575,-0.69198095,-3853.3334
1,4,0.24130134,2,4,0.1442894,3,4,0.15339144,-3865.5065,10.779644,-1.017803,-3853.709
1,4,0.29787107,2,4,0.12899546,3,4,0.14760352,-3866.525,11.489401,-2.109856,-3852.9257
1,4,0.2595626,2,4,0.16739473,3,4,0.1393175,-3865.6721,11.325497,-1.274153,-3853.0724
1,4,0.25167616,2,4,0.16739191,3,4,0.13387194,-3866.3837,11.0588,-1.8792289,-3853.4457
1,4,0.26006432,2,4,0.17103358,3,4,0.13641894,-3866.1256,11.350337,-1.740822,-3853.0344
1,4,0.26444316,2,4,0.11721229,3,4,0.19281434,-3868.6128,11.489396,-4.3206753,-3852.8027
1,4,0.26744821,2,4,0.13792112,3,4,0.17179981,-3865.0971,11.543383,-0.72214015,-3852.8315
1,4,0.26151798,2,4,0.13851649,3,4,0.14523319,-3864.9981,10.905353,-0.56565653,-3853.5271
1,4,0.28458721,2,4,0.14025101,3,4,0.16067364,-3864.9343,11.710237,-0.55247626,-3852.6716
1,4,0.26265729,2,4,0.1655647,3,4,0.13622928,-3865.6948,11.289025,-1.2690095,-3853.1368
1,4,0.24601058,2,4,0.13976278,3,4,0.15126143,-3865.3675,10.740696,-0.90438321,-3853.7224
1,4,0.25353068,2,4,0.13972035,3,4,0.16098134,-3864.8823,11.084647,-0.45488922,-3853.3428
1,4,0.28713894,2,4,0.14877736,3,4,0.17703836,-3866.1641,12.259093,-1.9191715,-3851.9859
1,4,0.29997853,2,4,0.12262399,3,4,0.16404142,-3867.0504,11.732879,-2.7154562,-3852.602
1,4,0.29646309,2,4,0.13282473,3,4,0.16459504,-3865.985,11.877657,-1.6894187,-3852.418
1,4,0.28798911,2,4,0.15494626,3,4,0.18069308,-3866.9445,12.472569,-2.795157,-3851.6768
1,4,0.25795182,2,4,0.12826156,3,4,0.14944207,-3865.7618,10.713109,-1.2499841,-3853.7987
1,4,0.25660108,2,4,0.13960874,3,4,0.14979274,-3864.8654,10.920051,-0.44286245,-3853.5025
1,4,0.27533291,2,4,0.14117309,3,4,0.16383671,-3864.7116,11.606854,-0.31582032,-3852.7889
1,4,0.29479961,2,4,0.12427598,3,4,0.14862527,-3866.8137,11.354017,-2.3100714,-3853.1496
1,4,0.28793772,2,4,0.13225802,3,4,0.15722892,-3865.4077,11.548493,-1.0106109,-3852.8486
1,4,0.25019499,2,4,0.13051469,3,4,0.15171377,-3865.7831,10.648469,-1.2783798,-3853.8563
1,4,0.23997,2,4,0.16340511,3,4,0.12607752,-3868.0205,10.589053,-3.177515,-3854.254
1,4,0.28607446,2,4,0.13661205,3,4,0.16029674,-3865.1058,11.659665,-0.72515442,-3852.721
1,4,0.23787589,2,4,0.1446841,3,4,0.16058405,-3865.7961,10.862881,-1.2765744,-3853.6567
1,4,0.29612811,2,4,0.15037551,3,4,0.13139595,-3866.586,11.557991,-2.1772618,-3852.8508
1,4,0.28172898,2,4,0.15085312,3,4,0.15943116,-3864.8209,11.840265,-0.42976545,-3852.5509
1,4,0.26585427,2,4,0.15780068,3,4,0.13369293,-3865.5401,11.146958,-1.0596649,-3853.3335
1,4,0.27187191,2,4,0.11641843,3,4,0.16624849,-3866.8817,11.090777,-2.2175035,-3853.5734
1,4,0.27922971,2,4,0.14730062,3,4,0.17209754,-3865.3222,11.972557,-0.98103309,-3852.3686
1,4,0.2729715,2,4,0.14774344,3,4,0.12974599,-3866.0021,11.009219,-1.4411769,-3853.5517
1,4,0.27876777,2,4,0.14377378,3,4,0.15822105,-3864.6199,11.615252,-0.22018775,-3852.7845
1,4,0.27001583,2,4,0.15604087,3,4,0.1782055,-3866.0395,12.085244,-1.7945105,-3852.1597
1,4,0.27175807,2,4,0.16517104,3,4,0.15106463,-3865.1527,11.759875,-0.80345592,-3852.5893
1,4,0.27248886,2,4,0.17084553,3,4,0.13704706,-3865.9957,11.607629,-1.6728664,-3852.7152
1,4,0.29185521,2,4,0.13861367,3,4,0.13021757,-3866.9733,11.213729,-2.4005184,-3853.359
1,4,0.26613009,2,4,0.14015222,3,4,0.154697,-3864.5343,11.219586,-0.12376025,-3853.1909
1,4,0.24510993,2,4,0.13783047,3,4,0.14526551,-3865.8409,10.564118,-1.3473277,-3853.9295
1,4,0.26874967,2,4,0.14711229,3,4,0.1729583,-3865.1558,11.776405,-0.8061768,-3852.5733
1,4,0.23443234,2,4,0.16466158,3,4,0.1597782,-3866.6865,11.177442,-2.2150109,-3853.2941
1,4,0.28291554,2,4,0.15133577,3,4,0.16324355,-3865.0336,11.949897,-0.65444679,-3852.4293
1,4,0.27026292,2,4,0.15875931,3,4,0.13998084,-3865.0619,11.380061,-0.64772392,-3853.0341
1,4,0.33818911,2,4,0.16566756,3,4,0.16277609,-3871.7007,13.332655,-8.7317164,-3849.6363
1,4,0.25368689,2,4,0.16408389,3,4,0.13996034,-3865.6168,11.154622,-1.1759069,-3853.2862
1,4,0.26871575,2,4,0.15410377,3,4,0.15985952,-3864.6353,11.653581,-0.23607339,-3852.7456
1,4,0.25688093,2,4,0.14242462,3,4,0.14560267,-3864.9221,10.898164,-0.49618527,-3853.5277
1,4,0.24915685,2,4,0.11395462,3,4,0.17208253,-3868.2268,10.70388,-3.3185858,-3854.2043
1,4,0.28319677,2,4,0.14553887,3,4,0.14967606,-3864.7777,11.568234,-0.38249752,-3852.8269
1,4,0.28083945,2,4,0.15080911,3,4,0.16839558,-3865.2234,12.000883,-0.86166578,-3852.3609
1,4,0.31542218,2,4,0.14645987,3,4,0.15522291,-3867.2107,12.342099,-3.193332,-3851.6753
1,4,0.25579289,2,4,0.1653944,3,4,0.16511131,-3865.7029,11.725972,-1.3957846,-3852.5811
1,4,0.28286284,2,4,0.15588169,3,4,0.16884433,-3865.5896,12.151777,-1.2525092,-3852.1853
1,4,0.25070665,2,4,0.13981819,3,4,0.16001621,-3864.9977,11.010821,-0.56020503,-3853.4266
1,4,0.24476149,2,4,0.14444667,3,4,0.12759319,-3867.4931,10.336027,-2.7472152,-3854.4099
1,4,0.24896037,2,4,0.14409112,3,4,0.15752814,-3864.9499,11.011593,-0.51421731,-3853.4241
1,4,0.28551259,2,4,0.1466941,3,4,0.15745901,-3864.8647,11.793314,-0.48169917,-3852.5897
1,4,0.25630132,2,4,0.13363418,3,4,0.14948253,-3865.2844,10.788361,-0.82973672,-3853.6663
1,4,0.24619515,2,4,0.13982366,3,4,0.15241333,-3865.3186,10.768643,-0.85778258,-3853.6922
1,4,0.27657371,2,4,0.14784356,3,4,0.17152296,-3865.2071,11.918804,-0.85540975,-3852.4329
1,4,0.28667891,2,4,0.16799864,3,4,0.13638272,-3866.2267,11.821205,-1.9473377,-3852.4582
1,4,0.27363147,2,4,0.13625003,3,4,0.17765718,-3865.6338,11.750774,-1.3265128,-3852.5565
1,4,0.29758391,2,4,0.16339986,3,4,0.16488445,-3866.8084,12.517364,-2.6087748,-3851.6823
1,4,0.26631169,2,4,0.15582067,3,4,0.14955436,-3864.5989,11.433734,-0.19604891,-3852.9691
1,4,0.26382235,2,4,0.15171378,3,4,0.14881729,-3864.5286,11.287068,-0.11986046,-3853.1217
1,4,0.26413339,2,4,0.12485863,3,4,0.16769604,-3865.8139,11.133761,-1.3093102,-3853.3708
1,4,0.27894859,2,4,0.16029005,3,4,0.12373313,-3866.9168,11.259435,-2.3244411,-3853.333
1,4,0.28704562,2,4,0.12910151,3,4,0.15456342,-3865.6499,11.414211,-1.2140527,-3853.0216
1,4,0.26463777,2,4,0.13958529,3,4,0.1411146,-3865.1667,10.906753,-0.71628368,-3853.5437
1,4,0.24560258,2,4,0.14525822,3,4,0.18666074,-3867.0515,11.550431,-2.8404958,-3852.6606
1,4,0.2548346,2,4,0.12206205,3,4,0.17952144,-3867.0458,11.128362,-2.5130825,-3853.4044
1,4,0.26734195,2,4,0.14590601,3,4,0.14768832,-3864.5364,11.218726,-0.1259988,-3853.1917
1,4,0.26937764,2,4,0.12405111,3,4,0.1479786,-3866.1576,10.828147,-1.5758276,-3853.7536
1,4,0.30654077,2,4,0.14397379,3,4,0.14571273,-3866.4377,11.924546,-2.2174878,-3852.2957
1,4,0.25685232,2,4,0.1413885,3,4,0.14380499,-3865.0753,10.840916,-0.6397646,-3853.5946
1,4,0.26043395,2,4,0.16102849,3,4,0.1653358,-3865.2878,11.735965,-0.94071687,-3852.6111
1,4,0.25548806,2,4,0.16834739,3,4,0.15153147,-3865.5295,11.507338,-1.1872341,-3852.8349
1,4,0.25212849,2,4,0.14271065,3,4,0.15312104,-3864.8443,10.959204,-0.41893182,-3853.4662
1,4,0.295183,2,4,0.12068835,3,4,0.16380498,-3866.961,11.593527,-2.5372034,-3852.8302
1,4,0.25041532,2,4,0.13902116,3,4,0.17265074,-3865.5342,11.241744,-1.1204781,-3853.1719
1,4,0.2923221,2,4,0.13046884,3,4,0.17276304,-3866.233,11.91108,-1.9646419,-3852.3573
1,4,0.28043545,2,4,0.16170358,3,4,0.16090028,-3865.3923,12.060786,-1.0438448,-3852.2876
1,4,0.2713603,2,4,0.15967275,3,4,0.1681265,-3865.4118,11.983191,-1.0725489,-3852.356
1,4,0.27106155,2,4,0.15359663,3,4,0.13632582,-3865.2107,11.21968,-0.75788095,-3853.2332
1,4,0.24317966,2,4,0.17088786,3,4,0.15267083,-3866.3657,11.334767,-2.0000961,-3853.0308
1,4,0.26915813,2,4,0.14599763,3,4,0.17581812,-3865.3754,11.819478,-1.0536762,-3852.5022
1,4,0.26029811,2,4,0.15314847,3,4,0.16995578,-3865.143,11.668047,-0.78201985,-3852.6929
1,4,0.24057962,2,4,0.1566556,3,4,0.15645369,-3865.6387,11.073778,-1.1667466,-3853.3982
1,4,0.29346947,2,4,0.14130555,3,4,0.16511655,-3865.557,11.997831,-1.2429384,-3852.3163
1,4,0.27354761,2,4,0.14508984,3,4,0.15802621,-3864.4876,11.533273,-0.082476784,-3852.8718
1,4,0.25210784,2,4,0.13586892,3,4,0.17742752,-3865.9118,11.308086,-1.5240607,-3853.0797
1,4,0.30044048,2,4,0.15206692,3,4,0.16589419,-3866.3342,12.368032,-2.1002771,-3851.8659
1,4,0.27425382,2,4,0.14354395,3,4,0.13098188,-3866.0102,10.975593,-1.4525619,-3853.5821
1,4,0.27822939,2,4,0.13049526,3,4,0.15822759,-3865.19,11.339045,-0.75264375,-3853.0983
1,4,0.28849833,2,4,0.13974627,3,4,0.16881937,-3865.4668,11.941279,-1.1406318,-3852.3849
1,4,0.24578372,2,4,0.13605379,3,4,0.13568791,-3866.8444,10.350508,-2.2470543,-3854.2468
1,4,0.27891313,2,4,0.1355236,3,4,0.14658396,-3865.1382,11.220414,-0.69974916,-3853.2181
1,4,0.24507095,2,4,0.16873342,3,4,0.12597843,-3867.8426,10.795656,-3.0981847,-3853.9487
1,4,0.2553692,2,4,0.18180343,3,4,0.15540415,-3867.1149,11.851536,-3.064764,-3852.1986
1,4,0.264709,2,4,0.10268626,3,4,0.14674394,-3871.1721,10.282784,-5.4648097,-3855.4245
1,4,0.29472583,2,4,0.16074383,3,4,0.1617345,-3866.1717,12.344083,-1.9003811,-3851.9272
1,4,0.25905216,2,4,0.15484383,3,4,0.15361435,-3864.6281,11.350207,-0.22233366,-3853.0556
1,4,0.28015894,2,4,0.14207491,3,4,0.14716367,-3864.8192,11.387951,-0.40918512,-3853.0221
1,4,0.25743583,2,4,0.18153786,3,4,0.15453941,-3867.0052,11.870262,-2.9460462,-3852.1889
1,4,0.25680398,2,4,0.13386784,3,4,0.15338422,-3865.1089,10.881121,-0.662842,-3853.5649
1,4,0.26962207,2,4,0.1287895,3,4,0.14530856,-3865.7306,10.874403,-1.2148579,-3853.6413
1,4,0.27895661,2,4,0.15000597,3,4,0.16374696,-3864.8629,11.854191,-0.4738938,-3852.5348
1,4,0.2718307,2,4,0.16197524,3,4,0.15816943,-3865.0544,11.839507,-0.68813148,-3852.5268
1,4,0.24637947,2,4,0.11454765,3,4,0.19405299,-3870.0098,11.099602,-5.3784988,-3853.5317
1,4,0.26288955,2,4,0.15447387,3,4,0.16399752,-3864.8179,11.627219,-0.429997,-3852.7607
1,4,0.28913876,2,4,0.15187764,3,4,0.16219341,-3865.3217,12.064196,-0.96783964,-3852.2897
1,4,0.24800116,2,4,0.14787169,3,4,0.1394722,-3865.6354,10.706901,-1.1418623,-3853.7866
1,4,0.26073423,2,4,0.15803055,3,4,0.14387793,-3864.9058,11.252854,-0.48997108,-3853.163
1,4,0.25291931,2,4,0.15370841,3,4,0.14834653,-3864.8701,11.099485,-0.44453626,-3853.3261
1,4,0.23997403,2,4,0.14180023,3,4,0.17651944,-3866.4398,11.165874,-1.9925282,-3853.2814
1,4,0.24458319,2,4,0.15647967,3,4,0.13766592,-3866.0294,10.774576,-1.4868667,-3853.768
1,4,0.27447339,2,4,0.14686202,3,4,0.14881905,-3864.542,11.403089,-0.13480121,-3853.0041
1,4,0.270707,2,4,0.18302209,3,4,0.14463349,-3867.057,11.967252,-3.0323424,-3852.0574
1,4,0.29021847,2,4,0.15107791,3,4,0.1341153,-3865.9576,11.508233,-1.539616,-3852.9098
1,4,0.27390932,2,4,0.13888948,3,4,0.16093303,-3864.6569,11.474637,-0.25190948,-3852.9303
1,4,0.26099258,2,4,0.14404774,3,4,0.16251647,-3864.5995,11.351136,-0.19360152,-3853.0547
1,4,0.29500144,2,4,0.14518859,3,4,0.12587659,-3867.3935,11.321332,-2.8165424,-3853.2556
1,4,0.30411166,2,4,0.15194903,3,4,0.12615634,-3867.7966,11.644341,-3.4134523,-3852.7388
1,4,0.26534567,2,4,0.13081492,3,4,0.16063083,-3865.0876,11.135828,-0.63798021,-3853.3138
1,4,0.28595069,2,4,0.12056137,3,4,0.18460619,-3867.6123,11.822365,-3.4095509,-3852.3804
1,4,0.25855244,2,4,0.14672341,3,4,0.1525736,-3864.5396,11.156989,-0.12956343,-3853.2531
1,4,0.24502552,2,4,0.12659838,3,4,0.17608516,-3866.8911,10.954181,-2.3195894,-3853.6174
1,4,0.24892802,2,4,0.13991481,3,4,0.15896097,-3865.0813,10.956076,-0.63612942,-3853.4891
1,4,0.23449144,2,4,0.16892076,3,4,0.18039295,-3868.5164,11.676103,-4.4342177,-3852.4061
1,4,0.26706025,2,4,0.14892866,3,4,0.15220336,-3864.4237,11.363845,-0.016898463,-3853.0429
1,4,0.21687081,2,4,0.14579284,3,4,0.16200244,-3868.5935,10.493322,-3.6044584,-3854.4957
1,4,0.27922189,2,4,0.16542087,3,4,0.16595125,-3865.9618,12.21188,-1.6737478,-3852.0761
1,4,0.26577077,2,4,0.15904502,3,4,0.14559711,-3864.8193,11.408258,-0.41854879,-3852.9925
1,4,0.32977342,2,4,0.141586,3,4,0.1462022,-3869.0712,12.351232,-5.4203281,-3851.2997
1,4,0.29441065,2,4,0.15414266,3,4,0.12617408,-3867.1101,11.494548,-2.6321643,-3852.9834
1,4,0.27827606,2,4,0.13907933,3,4,0.14781337,-3864.8594,11.303375,-0.44116945,-3853.1149
1,4,0.24998589,2,4,0.14528903,3,4,0.14392915,-3865.2454,10.784081,-0.79372481,-3853.6676
1,4,0.27308896,2,4,0.14556593,3,4,0.17425199,-3865.2912,11.858138,-0.95683858,-3852.4762
1,4,0.25834534,2,4,0.14115277,3,4,0.14809536,-3864.8037,10.951869,-0.38468925,-3853.4672
1,4,0.27410339,2,4,0.12566348,3,4,0.15136566,-3865.7705,11.022651,-1.2442467,-3853.5036
1,4,0.27498587,2,4,0.14796736,3,4,0.14572496,-3864.6484,11.373564,-0.23788445,-3853.0369
