1,4,0.32175149,2,4,0.17210734,3,4,0.14427019,-3920.8219,12.76258,-1.053357,-3907.0059
1,4,0.30581499,2,4,0.15586523,3,4,0.15341235,-3920.1077,12.301852,-0.27185622,-3907.534
1,4,0.33551796,2,4,0.14168677,3,4,0.15678449,-3921.0282,12.679784,-1.2662673,-3907.0822
1,4,0.29689486,2,4,0.12786739,3,4,0.14710529,-3921.6664,11.437351,-1.6289331,-3908.6001
1,4,0.31506991,2,4,0.14399497,3,4,0.16565616,-3920.8638,12.494421,-1.0994607,-3907.2699
1,4,0.29455146,2,4,0.14009714,3,4,0.14612884,-3920.545,11.615549,-0.65842703,-3908.271
1,4,0.30109045,2,4,0.14346215,3,4,0.1623536,-3920.658,12.138124,-0.83311261,-3907.6867
1,4,0.33244098,2,4,0.14187333,3,4,0.13829904,-3920.792,12.252267,-0.94556263,-3907.5941
1,4,0.29569436,2,4,0.12684616,3,4,0.170195,-3922.4571,11.85471,-2.488572,-3908.1139
1,4,0.29130672,2,4,0.1427079,3,4,0.14571452,-3920.5381,11.594583,-0.6536984,-3908.2898
1,4,0.29789561,2,4,0.17811644,3,4,0.14756276,-3921.4461,12.471496,-1.746907,-3907.2277
1,4,0.29467166,2,4,0.16220595,3,4,0.14674364,-3920.3363,12.072425,-0.49044436,-3907.7735
1,4,0.32475601,2,4,0.14965258,3,4,0.14202938,-3920.1088,12.328759,-0.2700483,-3907.51
1,4,0.30708595,2,4,0.15505436,3,4,0.14472568,-3919.8682,12.13732,-0.022506813,-3907.7084
1,4,0.33664289,2,4,0.13306065,3,4,0.13206477,-3922.2151,12.035366,-2.2360472,-3907.9437
1,4,0.33922569,2,4,0.12802284,3,4,0.13745986,-3922.5774,12.094168,-2.581,-3907.9022
1,4,0.34676298,2,4,0.14482512,3,4,0.15184741,-3921.4578,12.86871,-1.7661712,-3906.8229
1,4,0.3193041,2,4,0.14386103,3,4,0.15618002,-3920.3323,12.386903,-0.50551052,-3907.4399
1,4,0.31765628,2,4,0.13613697,3,4,0.13448748,-3921.0799,11.765615,-1.1411226,-3908.1732
1,4,0.27436291,2,4,0.14364239,3,4,0.16726011,-3922.4352,11.705308,-2.4613133,-3908.2686
1,4,0.32778952,2,4,0.1590867,3,4,0.14980864,-3920.4327,12.733697,-0.61192949,-3907.0871
1,4,0.28722834,2,4,0.14891205,3,4,0.14765238,-3920.522,11.675856,-0.63543492,-3908.2107
1,4,0.32935112,2,4,0.12741583,3,4,0.12927437,-3923.0383,11.720826,-2.8554491,-3908.462
1,4,0.28601555,2,4,0.12262899,3,4,0.1798572,-3924.3326,11.770035,-4.2817189,-3908.2808
1,4,0.28018943,2,4,0.14765624,3,4,0.14730244,-3921.0215,11.502962,-1.0829992,-3908.4355
1,4,0.31254157,2,4,0.16809637,3,4,0.15381815,-3920.7693,12.689122,-0.98770743,-3907.0924
1,4,0.32052129,2,4,0.13165546,3,4,0.13979551,-3921.271,11.839445,-1.3097166,-3908.1218
1,4,0.32276249,2,4,0.18026168,3,4,0.11466292,-3922.7262,12.353742,-2.9106664,-3907.4618
1,4,0.33228527,2,4,0.12935569,3,4,0.12613311,-3923.2405,11.755481,-3.0484741,-3908.4366
1,4,0.30732332,2,4,0.14280124,3,4,0.1281277,-3921.0706,11.565045,-1.1334255,-3908.3721
1,4,0.31494254,2,4,0.17537836,3,4,0.14293709,-3920.9336,12.66516,-1.1904083,-3907.078
1,4,0.34342866,2,4,0.16602872,3,4,0.17395901,-3924.0633,13.668328,-4.7422189,-3905.6528
1,4,0.33014981,2,4,0.13852055,3,4,0.16613945,-3921.4729,12.696196,-1.766881,-3907.0098
1,4,0.29972954,2,4,0.16852115,3,4,0.13855345,-3920.4786,12.136083,-0.64791662,-3907.6946
1,4,0.34039623,2,4,0.12458361,3,4,0.14728539,-3922.665,12.245305,-2.7117545,-3907.7079
1,4,0.2956849,2,4,0.13160903,3,4,0.14702018,-3921.2444,11.486282,-1.2727561,-3908.4854
1,4,0.34264021,2,4,0.11922908,3,4,0.16908014,-3923.9961,12.618989,-4.2855643,-3907.0916
1,4,0.33666989,2,4,0.1232731,3,4,0.14774769,-3922.6524,12.153814,-2.6441585,-3907.8544
1,4,0.30749456,2,4,0.14034432,3,4,0.15203597,-3920.2494,11.997497,-0.38871202,-3907.8632
1,4,0.30264364,2,4,0.13953431,3,4,0.1646835,-3920.9206,12.137229,-1.0980585,-3907.6853
1,4,0.29539949,2,4,0.15304629,3,4,0.16353153,-3920.872,12.239546,-1.0778672,-3907.5546
1,4,0.3146144,2,4,0.11696635,3,4,0.15304053,-3923.0626,11.692426,-2.7857741,-3908.5844
1,4,0.29576769,2,4,0.14106899,3,4,0.1191781,-3922.8243,11.120296,-2.6624819,-3909.0416
1,4,0.30107933,2,4,0.12590948,3,4,0.16125326,-3921.8864,11.764841,-1.8647034,-3908.2568
1,4,0.31794931,2,4,0.14275551,3,4,0.15403323,-3920.2553,12.294761,-0.41701733,-3907.5435
1,4,0.31667088,2,4,0.14404062,3,4,0.16074311,-3920.5266,12.429092,-0.72052664,-3907.3769
1,4,0.29038162,2,4,0.15777488,3,4,0.13333928,-3920.6705,11.629916,-0.77379439,-3908.2668
1,4,0.34275206,2,4,0.15547789,3,4,0.13875843,-3920.9826,12.739768,-1.2318106,-3907.011
1,4,0.27032275,2,4,0.14730916,3,4,0.14416779,-3921.979,11.235994,-1.9141545,-3908.8289
1,4,0.31746889,2,4,0.14273384,3,4,0.1379112,-3920.3315,11.962279,-0.4645968,-3907.9046
1,4,0.32183106,2,4,0.1468463,3,4,0.14148751,-3920.1061,12.203297,-0.26039767,-3907.6424
1,4,0.27436207,2,4,0.14654449,3,4,0.13829408,-3921.8112,11.184013,-1.7935334,-3908.8337
1,4,0.31258371,2,4,0.1406616,3,4,0.15126939,-3920.2147,12.090294,-0.35886224,-3907.7655
1,4,0.28745946,2,4,0.14692872,3,4,0.15309498,-3920.6364,11.749663,-0.74774986,-3908.139
1,4,0.36304592,2,4,0.13450021,3,4,0.14189929,-3923.395,12.788908,-3.8472736,-3906.7588
1,4,0.32077074,2,4,0.14963475,3,4,0.12812009,-3920.7037,11.970511,-0.80848504,-3907.9247
1,4,0.29232327,2,4,0.13851381,3,4,0.15979795,-3920.9813,11.812701,-1.0846788,-3908.0839
1,4,0.30052048,2,4,0.14987357,3,4,0.15646806,-3920.2484,12.137242,-0.41082956,-3907.7003
1,4,0.32047756,2,4,0.12729053,3,4,0.14082367,-3921.7924,11.771835,-1.7548158,-3908.2658
1,4,0.30201392,2,4,0.18464034,3,4,0.1193996,-3922.7022,12.121077,-2.8920368,-3907.6891
1,4,0.28050879,2,4,0.14808984,3,4,0.14747254,-3920.9855,11.521424,-1.0509687,-3908.4131
1,4,0.32155566,2,4,0.14791403,3,4,0.1520471,-3920.1519,12.430336,-0.317925,-3907.4036
1,4,0.27467213,2,4,0.15865466,3,4,0.11970205,-3923.3052,11.060577,-3.0375992,-3909.207
1,4,0.28720736,2,4,0.14678986,3,4,0.14605791,-3920.5792,11.601103,-0.68865158,-3908.2894
1,4,0.30607365,2,4,0.12725586,3,4,0.17289125,-3922.3817,12.124415,-2.5377406,-3907.7196
1,4,0.35127909,2,4,0.13788775,3,4,0.16158274,-3922.4872,13.014991,-2.9441156,-3906.5281
1,4,0.2867864,2,4,0.15702785,3,4,0.13903184,-3920.6157,11.656922,-0.72278486,-3908.236
1,4,0.32307813,2,4,0.12633596,3,4,0.14366789,-3921.8399,11.86164,-1.8076572,-3908.1706
1,4,0.27411979,2,4,0.16180898,3,4,0.14369933,-3921.602,11.592562,-1.6147253,-3908.3947
1,4,0.30729806,2,4,0.16517595,3,4,0.12875516,-3920.5691,12.024583,-0.70083989,-3907.8436
1,4,0.29898429,2,4,0.15550445,3,4,0.16560596,-3921.0321,12.401894,-1.2785798,-3907.3516
1,4,0.27126686,2,4,0.16191803,3,4,0.13428591,-3922.1797,11.349416,-2.0977672,-3908.7325
1,4,0.29107967,2,4,0.18089135,3,4,0.15672371,-3922.52,12.573895,-2.9641685,-3906.9819
1,4,0.33819676,2,4,0.13239235,3,4,0.15035441,-3921.5797,12.41887,-1.7555388,-3907.4053
1,4,0.31260553,2,4,0.15631603,3,4,0.12554206,-3920.7045,11.889272,-0.79609283,-3908.0192
1,4,0.29378973,2,4,0.16817057,3,4,0.13058907,-3920.9428,11.850987,-1.0552259,-3908.0366
1,4,0.32183579,2,4,0.15523735,3,4,0.13621522,-3920.1192,12.265767,-0.27568519,-3907.5777
1,4,0.30070678,2,4,0.13427574,3,4,0.13492504,-3921.3888,11.398151,-1.4244517,-3908.5662
1,4,0.30011395,2,4,0.17713153,3,4,0.11949604,-3922.1452,11.93483,-2.2121046,-3907.9983
1,4,0.27370955,2,4,0.1523725,3,4,0.16542136,-3922.2848,11.830068,-2.3629732,-3908.0918
1,4,0.29808266,2,4,0.15859272,3,4,0.15825785,-3920.5829,12.298665,-0.77252343,-3907.5117
1,4,0.30572195,2,4,0.15944342,3,4,0.12020858,-3921.3524,11.707479,-1.3589923,-3908.286
1,4,0.2988003,2,4,0.15592683,3,4,0.15030741,-3920.1033,12.100691,-0.25782434,-3907.7448
1,4,0.30030197,2,4,0.14859216,3,4,0.13914726,-3920.1247,11.760828,-0.27151713,-3908.0923
1,4,0.31124667,2,4,0.15158996,3,4,0.14254133,-3919.8607,12.107559,-0.01482783,-3907.7383
1,4,0.29691388,2,4,0.14487684,3,4,0.17540729,-3921.938,12.34396,-2.2800367,-3907.314
1,4,0.33035382,2,4,0.15922547,3,4,0.13881231,-3920.383,12.567832,-0.56708794,-3907.2481
1,4,0.29789829,2,4,0.14540904,3,4,0.15360021,-3920.2552,11.938151,-0.39885707,-3907.9182
1,4,0.32297735,2,4,0.16613038,3,4,0.1301801,-3920.6213,12.385756,-0.79814553,-3907.4374
1,4,0.32267393,2,4,0.13073461,3,4,0.12703125,-3922.6225,11.608796,-2.4782013,-3908.5355
1,4,0.2937691,2,4,0.18255908,3,4,0.1471604,-3922.0462,12.469772,-2.4216217,-3907.1548
1,4,0.32746832,2,4,0.14805999,3,4,0.15358325,-3920.3967,12.582231,-0.58085598,-3907.2336
1,4,0.28729241,2,4,0.15982232,3,4,0.14800711,-3920.5999,11.902437,-0.72791739,-3907.9695
1,4,0.31488284,2,4,0.15947644,3,4,0.13757708,-3920.0151,12.238727,-0.17134908,-3907.605
1,4,0.30817273,2,4,0.15355274,3,4,0.16117606,-3920.5126,12.45803,-0.71411207,-3907.3405
1,4,0.30945595,2,4,0.15253416,3,4,0.13387618,-3920.1329,11.917326,-0.27435507,-3907.9412
1,4,0.33024558,2,4,0.16925134,3,4,0.12992856,-3921.0009,12.588509,-1.2283262,-3907.1841
1,4,0.29117122,2,4,0.15494909,3,4,0.14124437,-3920.3155,11.747293,-0.44652239,-3908.1217
1,4,0.32933077,2,4,0.15057736,3,4,0.12120009,-3921.6338,12.022164,-1.669114,-3907.9425
1,4,0.31168728,2,4,0.15842115,3,4,0.15119183,-3920.0876,12.426005,-0.25014001,-3907.4115
1,4,0.26838234,2,4,0.1686307,3,4,0.16359384,-3923.3935,12.012137,-3.5564949,-3907.8248
1,4,0.31585105,2,4,0.16301358,3,4,0.15061715,-3920.3112,12.589636,-0.48554425,-3907.236
1,4,0.3017262,2,4,0.16044432,3,4,0.14967954,-3920.1576,12.237001,-0.3204089,-3907.6002
1,4,0.32434753,2,4,0.15086626,3,4,0.13840053,-3920.1496,12.272286,-0.30801369,-3907.5693
1,4,0.30792475,2,4,0.135614,3,4,0.15879035,-3920.7416,12.046582,-0.87171458,-3907.8233
1,4,0.3215979,2,4,0.14753154,3,4,0.14018865,-3920.1085,12.186362,-0.26203982,-3907.6601
1,4,0.31171938,2,4,0.13748064,3,4,0.15239109,-3920.4173,12.031822,-0.54743395,-3907.838
1,4,0.29521029,2,4,0.13539032,3,4,0.13261567,-3921.6631,11.264326,-1.6836308,-3908.7151
1,4,0.28751525,2,4,0.15709327,3,4,0.12387896,-3921.675,11.36975,-1.6581514,-3908.6471
1,4,0.30429425,2,4,0.15314363,3,4,0.12844112,-3920.5747,11.71758,-0.6794661,-3908.1776
1,4,0.31156103,2,4,0.16554137,3,4,0.14161834,-3920.1793,12.374415,-0.35063154,-3907.4542
1,4,0.30094904,2,4,0.13492307,3,4,0.15663951,-3920.8137,11.850232,-0.91188927,-3908.0515
1,4,0.32988666,2,4,0.14657185,3,4,0.1346625,-3920.6162,12.22242,-0.76704897,-3907.6268
1,4,0.29939225,2,4,0.14959574,3,4,0.12648049,-3921.0155,11.50937,-1.0827953,-3908.4233
1,4,0.33555702,2,4,0.16610247,3,4,0.13323192,-3920.9651,12.697828,-1.2037589,-3907.0635
1,4,0.31444443,2,4,0.13948694,3,4,0.13712893,-3920.5701,11.821206,-0.68090137,-3908.068
1,4,0.30206283,2,4,0.14243252,3,4,0.13293305,-3920.7486,11.548568,-0.85325762,-3908.3467
1,4,0.34310637,2,4,0.18226705,3,4,0.13150461,-3922.6174,13.137561,-3.156905,-3906.323
1,4,0.33791227,2,4,0.15545126,3,4,0.13787823,-3920.7086,12.624835,-0.92185274,-3907.1619
1,4,0.30791315,2,4,0.13255389,3,4,0.1512423,-3920.8212,11.834187,-0.899724,-3908.0873
1,4,0.30704643,2,4,0.1710443,3,4,0.14975994,-3920.7587,12.557013,-0.98351027,-3907.2182
1,4,0.33122093,2,4,0.16452717,3,4,0.13498956,-3920.6541,12.614753,-0.86021134,-3907.1791
1,4,0.36440247,2,4,0.15407584,3,4,0.15148595,-3923.0067,13.399285,-3.6096447,-3905.9978
1,4,0.3083246,2,4,0.1600506,3,4,0.14866394,-3920.0501,12.340783,-0.21123341,-3907.4981
1,4,0.290713,2,4,0.1545332,3,4,0.16404992,-3921.1169,12.185922,-1.3217666,-3907.6092
1,4,0.31520543,2,4,0.15386495,3,4,0.15213045,-3920.0456,12.424017,-0.20641934,-3907.4152
1,4,0.32711044,2,4,0.15280259,3,4,0.14776405,-3920.2025,12.553541,-0.37241825,-3907.2765
1,4,0.31750712,2,4,0.17336866,3,4,0.15162035,-3921.1621,12.849923,-1.4270212,-3906.8852
1,4,0.30215863,2,4,0.1548487,3,4,0.14697079,-3919.9452,12.079562,-0.098620474,-3907.767
1,4,0.32776383,2,4,0.15584933,3,4,0.14590607,-3920.23,12.590385,-0.40132743,-3907.2383
1,4,0.32422537,2,4,0.1650454,3,4,0.14606391,-3920.458,12.706694,-0.64312075,-3907.1082
1,4,0.27118507,2,4,0.16375273,3,4,0.10796796,-3925.9244,10.858115,-5.073127,-3909.9932
1,4,0.30875211,2,4,0.13441421,3,4,0.16458108,-3921.1319,12.154948,-1.2919176,-3907.685
1,4,0.29161914,2,4,0.15667572,3,4,0.17185908,-3921.9336,12.403079,-2.2752476,-3907.2552
1,4,0.33992564,2,4,0.15192022,3,4,0.1728389,-3922.7166,13.293695,-3.2337159,-3906.1892
1,4,0.32959206,2,4,0.15742334,3,4,0.1543125,-3920.6641,12.826558,-0.86069114,-3906.9768
1,4,0.28950922,2,4,0.14461615,3,4,0.1354634,-3920.9223,11.391775,-1.0204961,-3908.51
1,4,0.32346392,2,4,0.14533816,3,4,0.13162745,-3920.6749,12.008591,-0.79160958,-3907.8747
1,4,0.33965324,2,4,0.14609775,3,4,0.14233292,-3920.8559,12.561678,-1.0715873,-3907.2226
1,4,0.30586296,2,4,0.13821771,3,4,0.1376784,-3920.6823,11.635181,-0.78490154,-3908.2623
1,4,0.32309763,2,4,0.15586808,3,4,0.13811179,-3920.0987,12.34155,-0.25932689,-3907.4978
1,4,0.32328434,2,4,0.13050954,3,4,0.15628387,-3921.2387,12.201555,-1.3530214,-3907.6841
1,4,0.27753833,2,4,0.14993558,3,4,0.14418333,-3921.2081,11.433145,-1.2472419,-3908.5277
1,4,0.29268138,2,4,0.13301098,3,4,0.16605242,-3921.6997,11.834896,-1.777621,-3908.0872
1,4,0.30321572,2,4,0.16244962,3,4,0.1553274,-3920.4928,12.419855,-0.6836561,-3907.3893
1,4,0.2909792,2,4,0.14592708,3,4,0.17194905,-3921.7513,12.177107,-2.0079611,-3907.5663
1,4,0.29434105,2,4,0.15485324,3,4,0.14579299,-3920.149,11.899745,-0.29212034,-3907.9571
1,4,0.29755632,2,4,0.16484927,3,4,0.12469737,-3921.1271,11.742059,-1.1887675,-3908.1963
1,4,0.28182335,2,4,0.15405711,3,4,0.12885409,-3921.6002,11.294691,-1.6069036,-3908.6986
1,4,0.34631841,2,4,0.15078786,3,4,0.12819478,-3921.7555,12.506021,-1.9835603,-3907.2659
1,4,0.32719071,2,4,0.1548416,3,4,0.14270834,-3920.167,12.494813,-0.33566693,-3907.3365
1,4,0.29886321,2,4,0.17304007,3,4,0.14313527,-3920.8255,12.300771,-1.0392139,-3907.4855
1,4,0.35675654,2,4,0.16659796,3,4,0.1488499,-3922.7174,13.444088,-3.2061108,-3906.0672
1,4,0.33159519,2,4,0.18297548,3,4,0.090594331,-3927.9994,12.1033,-7.242975,-3908.6532
1,4,0.32502349,2,4,0.12521882,3,4,0.13050328,-3923.144,11.614912,-2.911372,-3908.6177
1,4,0.32759934,2,4,0.13115863,3,4,0.1321703,-3922.0907,11.818565,-2.0511246,-3908.221
1,4,0.32918271,2,4,0.15165352,3,4,0.13795817,-3920.3119,12.375888,-0.48101375,-3907.455
1,4,0.30158935,2,4,0.15660293,3,4,0.14484837,-3919.9609,12.060813,-0.11397034,-3907.7861
1,4,0.3027378,2,4,0.17321487,3,4,0.15577576,-3921.3402,12.634568,-1.6333765,-3907.0723
1,4,0.32878171,2,4,0.16070583,3,4,0.13864591,-3920.3609,12.562669,-0.54311726,-3907.2551
1,4,0.29432441,2,4,0.17995974,3,4,0.14685363,-3921.7187,12.422756,-2.0401384,-3907.2558
1,4,0.32786764,2,4,0.14334188,3,4,0.13993928,-3920.4688,12.222976,-0.62135314,-3907.6245
1,4,0.36042336,2,4,0.14762301,3,4,0.15104643,-3922.5426,13.181856,-3.0560065,-3906.3047
1,4,0.31805042,2,4,0.155782,3,4,0.16076824,-3920.6592,12.692013,-0.86955796,-3907.0976
1,4,0.30756083,2,4,0.13289836,3,4,0.14885484,-3920.7955,11.78628,-0.87288127,-3908.1363
1,4,0.30914595,2,4,0.17192023,3,4,0.13395443,-3920.6475,12.300412,-0.84169161,-3907.5054
1,4,0.33107957,2,4,0.18094054,3,4,0.11627539,-3922.789,12.56591,-3.0929752,-3907.1302
1,4,0.31105906,2,4,0.16165297,3,4,0.13193574,-3920.2591,12.092955,-0.40398661,-3907.7621
1,4,0.34982167,2,4,0.15007493,3,4,0.14330752,-3921.46,12.864082,-1.7778306,-3906.8181
1,4,0.28736297,2,4,0.15872682,3,4,0.14615254,-3920.539,11.844847,-0.66213247,-3908.032
1,4,0.28925123,2,4,0.15952772,3,4,0.12542888,-3921.3815,11.484157,-1.4022629,-3908.4951
1,4,0.30791648,2,4,0.14839015,3,4,0.12989647,-3920.5529,11.724062,-0.66301871,-3908.1659
1,4,0.30757895,2,4,0.18387557,3,4,0.12960443,-3921.8303,12.421179,-2.1597779,-3907.2494
1,4,0.3050636,2,4,0.15872705,3,4,0.15937402,-3920.5638,12.463293,-0.76549231,-3907.335
1,4,0.32138605,2,4,0.16917071,3,4,0.12829695,-3920.8215,12.377074,-1.0053835,-3907.439
1,4,0.33677415,2,4,0.16019127,3,4,0.16273598,-3921.8185,13.194028,-2.1352721,-3906.4892
1,4,0.32318114,2,4,0.15622797,3,4,0.14608413,-3920.0864,12.509865,-0.24825357,-3907.3282
1,4,0.30949164,2,4,0.14099762,3,4,0.14343882,-3920.2122,11.878562,-0.34831346,-3907.9854
1,4,0.31230324,2,4,0.13025075,3,4,0.16330891,-3921.3859,12.117258,-1.5050354,-3907.7636
1,4,0.29079491,2,4,0.14739454,3,4,0.15663863,-3920.5891,11.896562,-0.72267833,-3907.9699
1,4,0.29663786,2,4,0.14192059,3,4,0.13245882,-3920.9959,11.420345,-1.0856539,-3908.4899
1,4,0.32704108,2,4,0.12025416,3,4,0.1558583,-3922.6665,12.063071,-2.5985705,-3908.0049
1,4,0.28115442,2,4,0.1198099,3,4,0.16772546,-3924.1212,11.373796,-3.738925,-3909.0085
1,4,0.34686541,2,4,0.14978322,3,4,0.17108694,-3922.9328,13.354712,-3.4892314,-3906.0889
1,4,0.30594847,2,4,0.12589202,3,4,0.15765442,-3921.6841,11.789898,-1.6681448,-3908.226
1,4,0.33231022,2,4,0.11630255,3,4,0.13666435,-3924.5061,11.705542,-4.0425503,-3908.758
1,4,0.28005164,2,4,0.13738094,3,4,0.16358668,-3921.9836,11.620385,-1.9907558,-3908.3725
1,4,0.32777843,2,4,0.17185073,3,4,0.15264655,-3921.4135,13.045514,-1.6854005,-3906.6825
1,4,0.33694229,2,4,0.17798463,3,4,0.12887962,-3921.9303,12.876131,-2.3152581,-3906.7389
1,4,0.31646995,2,4,0.14704852,3,4,0.1658594,-3920.8857,12.587558,-1.1329368,-3907.1652
1,4,0.31973364,2,4,0.15940422,3,4,0.13991649,-3920.0466,12.381087,-0.20736959,-3907.4581
1,4,0.31696552,2,4,0.15685349,3,4,0.12792806,-3920.5063,12.034942,-0.62673414,-3907.8447
1,4,0.28659954,2,4,0.17649043,3,4,0.13661203,-3921.6348,11.99404,-1.8027156,-3907.838
1,4,0.34425308,2,4,0.1371498,3,4,0.14875646,-3921.5621,12.603187,-1.8121326,-3907.1468
1,4,0.30708362,2,4,0.15605459,3,4,0.13033609,-3920.3376,11.869486,-0.46330397,-3908.0048
1,4,0.28176901,2,4,0.13639901,3,4,0.15771647,-3921.646,11.51769,-1.6465538,-3908.4818
1,4,0.30900215,2,4,0.13192594,3,4,0.16580899,-3921.395,12.134742,-1.5427163,-3907.7175
1,4,0.30580305,2,4,0.13361422,3,4,0.13991386,-3921.0133,11.586623,-1.0741188,-3908.3526
1,4,0.29439983,2,4,0.12414823,3,4,0.15252655,-3922.221,11.421492,-2.0875754,-3908.712
1,4,0.29326092,2,4,0.15040621,3,4,0.13558827,-3920.4821,11.585108,-0.60718152,-3908.2898
1,4,0.34188131,2,4,0.1388689,3,4,0.13649484,-3921.5833,12.344901,-1.7547711,-3907.4836
1,4,0.31700148,2,4,0.15584891,3,4,0.13929111,-3919.9513,12.24283,-0.10656462,-3907.6019
1,4,0.34288979,2,4,0.1610351,3,4,0.11127426,-3923.3767,12.303983,-3.3855236,-3907.6872
1,4,0.31742625,2,4,0.16585437,3,4,0.14939949,-3920.4516,12.653602,-0.63731908,-3907.1607
1,4,0.29228363,2,4,0.16081691,3,4,0.16599516,-3921.4946,12.381914,-1.7707633,-3907.3419
1,4,0.27273565,2,4,0.14547966,3,4,0.15660813,-3921.9009,11.496469,-1.8698685,-3908.5346
1,4,0.30757401,2,4,0.17706074,3,4,0.16009303,-3922.0899,12.894556,-2.5034483,-3906.6918
1,4,0.29988396,2,4,0.13409678,3,4,0.14405951,-3920.9125,11.560805,-0.98405121,-3908.3677
1,4,0.29869915,2,4,0.13574118,3,4,0.16236229,-3921.0614,11.936052,-1.1805925,-3907.9448
1,4,0.28114325,2,4,0.18248174,3,4,0.11078457,-3924.9462,11.488191,-4.5661397,-3908.8919
1,4,0.30749357,2,4,0.16437194,3,4,0.14448638,-3920.1488,12.327038,-0.31676146,-3907.505
1,4,0.29515132,2,4,0.13858151,3,4,0.15869096,-3920.8149,11.848476,-0.92846251,-3908.038
1,4,0.30718199,2,4,0.14752828,3,4,0.13491235,-3920.2357,11.792452,-0.37369396,-3908.0696
1,4,0.32207304,2,4,0.18086876,3,4,0.13374881,-3921.5291,12.733812,-1.8750083,-3906.9203
1,4,0.28633189,2,4,0.16100841,3,4,0.15094469,-3920.7724,11.9657,-0.90721133,-3907.8995
1,4,0.33191333,2,4,0.16023903,3,4,0.13478421,-3920.5567,12.538731,-0.74861519,-3907.2693
1,4,0.3183489,2,4,0.14523946,3,4,0.14653202,-3920.0432,12.202408,-0.19680509,-3907.644
1,4,0.31813845,2,4,0.15334343,3,4,0.15134369,-3920.0568,12.456511,-0.21764063,-3907.3827
1,4,0.30689271,2,4,0.16839566,3,4,0.13405604,-3920.4486,12.186888,-0.61683448,-3907.6449
1,4,0.2766041,2,4,0.14156262,3,4,0.13646042,-3922.0133,11.092543,-1.9939159,-3908.9268
1,4,0.32101751,2,4,0.13662131,3,4,0.16233915,-3920.9841,12.399559,-1.1815829,-3907.403
1,4,0.31795768,2,4,0.13880439,3,4,0.14358191,-3920.4009,12.00688,-0.52868811,-3907.8653
1,4,0.29111119,2,4,0.15061636,3,4,0.15196763,-3920.3743,11.873903,-0.50849983,-3907.9919
1,4,0.27081422,2,4,0.13997924,3,4,0.15168258,-3922.2468,11.249521,-2.1421736,-3908.8551
1,4,0.31410525,2,4,0.13930635,3,4,0.13989685,-3920.4449,11.866169,-0.56505933,-3908.0137
1,4,0.30240286,2,4,0.15304445,3,4,0.13086037,-3920.4194,11.726153,-0.54080722,-3908.1524
1,4,0.32293296,2,4,0.13802067,3,4,0.15726299,-3920.6974,12.364332,-0.87095948,-3907.4621
1,4,0.33697047,2,4,0.17425967,3,4,0.14901465,-3921.8749,13.204896,-2.2101209,-3906.4598
1,4,0.28886883,2,4,0.15441232,3,4,0.14157012,-3920.4246,11.697025,-0.54684357,-3908.1808
1,4,0.27653101,2,4,0.14728176,3,4,0.15119608,-3921.3585,11.500177,-1.3816214,-3908.4767
1,4,0.302047,2,4,0.13961269,3,4,0.13493281,-3920.8167,11.53185,-0.91467591,-3908.3702
1,4,0.33521524,2,4,0.1789383,3,4,0.14224582,-3921.9378,13.127987,-2.3259736,-3906.4838
1,4,0.33316405,2,4,0.12780695,3,4,0.13991411,-3922.1532,12.017702,-2.1504391,-3907.9851
1,4,0.36169961,2,4,0.14895746,3,4,0.13972381,-3922.526,13.007618,-3.0192648,-3906.4991
1,4,0.2743452,2,4,0.1809369,3,4,0.1401913,-3922.9378,11.909468,-3.0767961,-3907.9516
1,4,0.31917832,2,4,0.15620912,3,4,0.12596925,-3920.7067,12.027134,-0.8117687,-3907.8678
1,4,0.33073034,2,4,0.18297553,3,4,0.12398407,-3922.3227,12.753799,-2.737348,-3906.8315
1,4,0.30317475,2,4,0.15205529,3,4,0.16089279,-3920.4911,12.322457,-0.68345268,-3907.4852
1,4,0.31890867,2,4,0.14287355,3,4,0.14442553,-3920.1582,12.124155,-0.30554409,-3907.7285
1,4,0.34349184,2,4,0.14479024,3,4,0.14669977,-3921.1274,12.699637,-1.3821151,-3907.0456
1,4,0.38478782,2,4,0.17085082,3,4,0.1087684,-3927.4428,13.288141,-8.6836437,-3905.471
1,4,0.26795315,2,4,0.14973881,3,4,0.17542341,-3923.8032,11.862308,-3.916732,-3908.0242
1,4,0.3309169,2,4,0.15293604,3,4,0.13480912,-3920.4758,12.373241,-0.64682245,-3907.4558
1,4,0.31247411,2,4,0.14481571,3,4,0.15733418,-3920.2688,12.29248,-0.43844764,-3907.5379
1,4,0.28647518,2,4,0.16175939,3,4,0.1410015,-3920.6888,11.784721,-0.80114672,-3908.1029
1,4,0.30379401,2,4,0.15036624,3,4,0.14376229,-3919.9141,11.958451,-0.067221222,-3907.8884
1,4,0.29823054,2,4,0.16435212,3,4,0.1489915,-3920.3907,12.231483,-0.56258356,-3907.5966
1,4,0.30304011,2,4,0.15074315,3,4,0.1640034,-3920.7124,12.355733,-0.92751736,-3907.4292
1,4,0.32595712,2,4,0.14768835,3,4,0.13974211,-3920.2345,12.267752,-0.39348065,-3907.5733
1,4,0.2659324,2,4,0.15798419,3,4,0.12708849,-3923.3649,11.020102,-3.0901718,-3909.2546
1,4,0.28213248,2,4,0.15688901,3,4,0.14258993,-3920.8425,11.632228,-0.92655942,-3908.2837
1,4,0.33022487,2,4,0.15183358,3,4,0.14739157,-3920.3144,12.589001,-0.49334943,-3907.232
1,4,0.31522429,2,4,0.16256614,3,4,0.14675715,-3920.1431,12.490951,-0.308911,-3907.3433
1,4,0.27839061,2,4,0.14468379,3,4,0.16632443,-3921.9977,11.787977,-2.0763915,-3908.1333
1,4,0.36371484,2,4,0.1700586,3,4,0.12025646,-3923.8791,13.080598,-4.538026,-3906.2605
1,4,0.31595379,2,4,0.15597333,3,4,0.13306075,-3920.1596,12.099757,-0.30433921,-3907.7555
1,4,0.34200048,2,4,0.13825362,3,4,0.13189634,-3921.9596,12.243009,-2.0840225,-3907.6325
1,4,0.27319922,2,4,0.165154,3,4,0.1834414,-3925.1056,12.435892,-5.8333802,-3906.8363
1,4,0.29279247,2,4,0.15169563,3,4,0.16254352,-3920.8592,12.140632,-1.0440362,-3907.6745
1,4,0.28157632,2,4,0.1699244,3,4,0.13660779,-3921.487,11.76217,-1.566838,-3908.158
1,4,0.28706614,2,4,0.16634867,3,4,0.17163777,-3922.7019,12.501052,-3.1440115,-3907.0569
1,4,0.31131761,2,4,0.17038014,3,4,0.14223146,-3920.4829,12.478584,-0.68304944,-3907.3213
1,4,0.30117069,2,4,0.14632223,3,4,0.13592612,-3920.3371,11.668381,-0.47297714,-3908.1957
1,4,0.30114137,2,4,0.13480062,3,4,0.16500197,-3921.227,12.018879,-1.3648199,-3907.8433
1,4,0.32368172,2,4,0.14869046,3,4,0.13930292,-3920.1515,12.233502,-0.30772718,-3907.6103
1,4,0.2752597,2,4,0.15513841,3,4,0.15862513,-3921.7218,11.780465,-1.7827925,-3908.1586
1,4,0.30595944,2,4,0.17424267,3,4,0.11932008,-3921.8315,11.990444,-1.9030781,-3907.9379
1,4,0.28819978,2,4,0.15366339,3,4,0.16685166,-3921.4522,12.174297,-1.6744369,-3907.6035
1,4,0.29518032,2,4,0.15098336,3,4,0.16330014,-3920.8269,12.189276,-1.0218911,-3907.6157
1,4,0.30950893,2,4,0.1678421,3,4,0.15024082,-3920.5353,12.551837,-0.73448697,-3907.249
1,4,0.28436066,2,4,0.14589829,3,4,0.1433995,-3920.8274,11.473169,-0.91718347,-3908.437
1,4,0.32482718,2,4,0.14971687,3,4,0.1394524,-3920.1566,12.279929,-0.31578829,-3907.5608
1,4,0.34582469,2,4,0.15901018,3,4,0.13760263,-3921.255,12.84875,-1.5427095,-3906.8635
1,4,0.30250039,2,4,0.11970889,3,4,0.14996788,-3922.7357,11.443543,-2.4907274,-3908.8015
1,4,0.32685312,2,4,0.1607498,3,4,0.16046647,-3921.1444,12.961388,-1.3861901,-3906.7968
1,4,0.31965374,2,4,0.1632445,3,4,0.12993355,-3920.4727,12.256636,-0.62711957,-3907.589
1,4,0.30454777,2,4,0.18331808,3,4,0.1488796,-3921.9974,12.734909,-2.4214573,-3906.841
1,4,0.32608334,2,4,0.1611508,3,4,0.15709766,-3920.8707,12.886636,-1.0823545,-3906.9017
1,4,0.28422015,2,4,0.18024806,3,4,0.12497311,-3922.6971,11.788826,-2.7516752,-3908.1566
1,4,0.25221587,2,4,0.173555,3,4,0.14864774,-3925.0757,11.488372,-4.727291,-3908.86
1,4,0.34060073,2,4,0.14524864,3,4,0.15416367,-3921.1182,12.800261,-1.3786717,-3906.9392
1,4,0.29028012,2,4,0.17717183,3,4,0.14288705,-3921.4892,12.20678,-1.7260256,-3907.5564
1,4,0.34755844,2,4,0.16344942,3,4,0.1219978,-3922.2586,12.660113,-2.5464586,-3907.0521
1,4,0.3087293,2,4,0.16040765,3,4,0.14958378,-3920.0929,12.374415,-0.25626162,-3907.4623
1,4,0.27755112,2,4,0.15913098,3,4,0.14887362,-3921.2545,11.711114,-1.3155733,-3908.2278
1,4,0.30472951,2,4,0.14424592,3,4,0.16092339,-3920.4948,12.197976,-0.67095669,-3907.6258
1,4,0.31807052,2,4,0.12727275,3,4,0.16477148,-3921.8127,12.202295,-1.9324566,-3907.6779
1,4,0.29537175,2,4,0.13249824,3,4,0.15791642,-3921.2294,11.715728,-1.2803639,-3908.2333
1,4,0.30678976,2,4,0.15871454,3,4,0.14747851,-3919.9803,12.259656,-0.13792199,-3907.5827
1,4,0.29003087,2,4,0.13700459,3,4,0.14442715,-3921.0266,11.429252,-1.0976893,-3908.4997
1,4,0.32415391,2,4,0.127157,3,4,0.15540363,-3921.6066,12.134291,-1.672291,-3907.8
1,4,0.28013322,2,4,0.16501969,3,4,0.16031045,-3921.8795,12.109267,-2.0696635,-3907.7006
1,4,0.31493205,2,4,0.15797608,3,4,0.14587622,-3919.9538,12.375687,-0.11022675,-3907.4679
1,4,0.31809935,2,4,0.15898163,3,4,0.13512483,-3920.1167,12.244116,-0.2721261,-3907.6005
1,4,0.31371336,2,4,0.17782841,3,4,0.16587714,-3922.8673,13.148378,-3.4076644,-3906.3112
1,4,0.3487694,2,4,0.14688934,3,4,0.14680938,-3921.4508,12.849363,-1.7621186,-3906.8393
1,4,0.2784228,2,4,0.17578999,3,4,0.13797732,-3922.1233,11.843802,-2.2235806,-3908.0559
1,4,0.30324603,2,4,0.15738376,3,4,0.12101871,-3921.3247,11.63297,-1.3333652,-3908.3583
1,4,0.2894567,2,4,0.15929167,3,4,0.14360161,-3920.4347,11.847,-0.56362518,-3908.0241
1,4,0.33821949,2,4,0.15401771,3,4,0.15740976,-3921.1995,12.992939,-1.4585858,-3906.748
1,4,0.2807739,2,4,0.13935071,3,4,0.13173173,-3922.2361,11.037127,-2.2096802,-3908.9893
1,4,0.31565745,2,4,0.11607137,3,4,0.17506152,-3923.9961,12.135807,-3.9928544,-3907.8674
1,4,0.30857219,2,4,0.16567584,3,4,0.12830153,-3920.6034,12.050991,-0.73651712,-3907.8159
1,4,0.29186628,2,4,0.13849114,3,4,0.15869514,-3920.9525,11.781051,-1.0503327,-3908.1211
1,4,0.3126325,2,4,0.14630967,3,4,0.13415707,-3920.3101,11.861985,-0.441772,-3908.0063
1,4,0.30821132,2,4,0.14817659,3,4,0.1372611,-3920.0821,11.87298,-0.22872586,-3907.9804
1,4,0.3022247,2,4,0.1718991,3,4,0.1376213,-3920.6547,12.234902,-0.84709915,-3907.5727
1,4,0.3109377,2,4,0.15372996,3,4,0.12923875,-3920.4193,11.878128,-0.5376418,-3908.0035
1,4,0.28885311,2,4,0.15660512,3,4,0.1477654,-3920.4334,11.864473,-0.56249792,-3908.0064
1,4,0.30202519,2,4,0.18378937,3,4,0.14998974,-3922.1445,12.716086,-2.5887459,-3906.8397
1,4,0.28028866,2,4,0.14190416,3,4,0.15477776,-3921.3285,11.539412,-1.3635473,-3908.4255
1,4,0.32310986,2,4,0.12758457,3,4,0.13616407,-3922.1265,11.73717,-2.0524205,-3908.3369
1,4,0.33539909,2,4,0.14684072,3,4,0.13112945,-3921.0643,12.267385,-1.2159459,-3907.581
1,4,0.3226506,2,4,0.12669603,3,4,0.15653041,-3921.6451,12.117541,-1.7044472,-3907.8231
1,4,0.31890436,2,4,0.1243739,3,4,0.12855127,-3923.4483,11.436591,-3.1400382,-3908.8717
1,4,0.30419326,2,4,0.17320266,3,4,0.13561348,-3920.747,12.260188,-0.94750277,-3907.5393
1,4,0.2671876,2,4,0.13730167,3,4,0.1369614,-3923.373,10.829013,-3.1591387,-3909.3848
1,4,0.29881974,2,4,0.19176762,3,4,0.13660014,-3922.8373,12.54375,-3.3833768,-3906.9102
1,4,0.3283029,2,4,0.15871353,3,4,0.14294575,-3920.2791,12.599244,-0.45469701,-3907.2252
1,4,0.29757916,2,4,0.15951119,3,4,0.14573695,-3920.1319,12.056546,-0.2840411,-3907.7913
1,4,0.28938456,2,4,0.14867398,3,4,0.13897359,-3920.5623,11.540643,-0.68071385,-3908.3409
1,4,0.31574767,2,4,0.13887483,3,4,0.14618388,-3920.3261,12.016128,-0.45769088,-3907.8523
1,4,0.27775977,2,4,0.15455743,3,4,0.14588043,-3921.1376,11.563953,-1.1866068,-3908.387
1,4,0.27336936,2,4,0.16803355,3,4,0.13165888,-3922.3314,11.461236,-2.2616101,-3908.6086
1,4,0.31664443,2,4,0.16904842,3,4,0.14348174,-3920.463,12.583492,-0.6590109,-3907.2205
1,4,0.29735691,2,4,0.16709471,3,4,0.16045725,-3921.2651,12.498177,-1.5327111,-3907.2342
1,4,0.31432945,2,4,0.15138044,3,4,0.11869297,-3921.6988,11.688057,-1.6549394,-3908.3558
1,4,0.34691628,2,4,0.15670848,3,4,0.15060338,-3921.4849,13.084563,-1.7909018,-3906.6094
1,4,0.3487626,2,4,0.14635949,3,4,0.1520413,-3921.5868,12.943268,-1.9196657,-3906.7239
1,4,0.31465701,2,4,0.15476278,3,4,0.1280869,-3920.4983,11.950134,-0.61260807,-3907.9356
1,4,0.31330288,2,4,0.16667014,3,4,0.12659352,-3920.7425,12.131331,-0.87823355,-3907.7329
1,4,0.31341662,2,4,0.16088856,3,4,0.17226032,-3922.015,12.93131,-2.4332352,-3906.6504
1,4,0.30624461,2,4,0.14547967,3,4,0.14066091,-3920.0768,11.847704,-0.22409572,-3908.005
1,4,0.31312461,2,4,0.13964956,3,4,0.14518711,-3920.2672,11.959225,-0.39999767,-3907.908
1,4,0.29897226,2,4,0.16593885,3,4,0.099957788,-3925.5958,11.297378,-4.7055309,-3909.5929
1,4,0.29014426,2,4,0.17198098,3,4,0.13989738,-3921.0447,12.040452,-1.2112535,-3907.793
1,4,0.33980991,2,4,0.16595252,3,4,0.14721822,-3921.293,13.059613,-1.5583386,-3906.675
1,4,0.35207471,2,4,0.17624028,3,4,0.14963019,-3923.1957,13.558904,-3.7364397,-3905.9004
1,4,0.33689365,2,4,0.15923797,3,4,0.14907585,-3920.8498,12.904149,-1.0690946,-3906.8766
1,4,0.35913495,2,4,0.17485718,3,4,0.11547724,-3924.1414,12.989387,-4.7479586,-3906.4041
1,4,0.30895091,2,4,0.17404382,3,4,0.12185636,-3921.5119,12.097022,-1.6361671,-3907.7787
1,4,0.27993214,2,4,0.12686665,3,4,0.16171871,-3922.8971,11.37035,-2.705408,-3908.8214
1,4,0.28163335,2,4,0.16526348,3,4,0.13795058,-3921.2037,11.696948,-1.2766201,-3908.2301
1,4,0.31616261,2,4,0.16967352,3,4,0.11694067,-3921.8298,12.055536,-1.8698369,-3907.9045
1,4,0.27465977,2,4,0.13115656,3,4,0.16045043,-3922.8143,11.325335,-2.6392889,-3908.8497
1,4,0.32266567,2,4,0.14270117,3,4,0.14596871,-3920.2363,12.226711,-0.38918343,-3907.6204
1,4,0.34598498,2,4,0.15289176,3,4,0.14207115,-3921.1647,12.818958,-1.441655,-3906.9041
1,4,0.29544352,2,4,0.13856897,3,4,0.15334651,-3920.6347,11.74718,-0.74114704,-3908.1464
1,4,0.29026866,2,4,0.18981654,3,4,0.13670292,-3922.8942,12.335763,-3.3364611,-3907.2219
1,4,0.32164019,2,4,0.15853136,3,4,0.14136618,-3920.0597,12.430755,-0.22149018,-3907.4075
1,4,0.29654391,2,4,0.16794705,3,4,0.11553139,-3922.3866,11.600447,-2.266291,-3908.5198
1,4,0.32341887,2,4,0.1445164,3,4,0.16839477,-3921.295,12.726601,-1.5961407,-3906.9722
1,4,0.31762017,2,4,0.15480586,3,4,0.14244085,-3919.917,12.297338,-0.072697109,-3907.547
1,4,0.33180403,2,4,0.15441289,3,4,0.12312178,-3921.355,12.186774,-1.4560337,-3907.7122
1,4,0.29746209,2,4,0.17113448,3,4,0.13842969,-3920.7094,12.140525,-0.8888894,-3907.68
1,4,0.31377844,2,4,0.17756037,3,4,0.14081504,-3921.0835,12.643077,-1.3645069,-3907.0759
1,4,0.34225813,2,4,0.15088894,3,4,0.11420123,-3923.2317,12.146966,-3.1780055,-3907.9067
1,4,0.32806763,2,4,0.16911222,3,4,0.12370624,-3921.3052,12.417722,-1.4907858,-3907.3967
1,4,0.26731478,2,4,0.16226601,3,4,0.12572332,-3923.3574,11.106082,-3.0825973,-3909.1687
1,4,0.32026982,2,4,0.15252807,3,4,0.15320804,-3920.1677,12.520119,-0.33487174,-3907.3127
1,4,0.28077417,2,4,0.15381171,3,4,0.16698911,-3921.8946,12.0315,-2.0740947,-3907.789
1,4,0.27907697,2,4,0.17901213,3,4,0.11091147,-3924.8797,11.380011,-4.4259707,-3909.0737
1,4,0.32393177,2,4,0.1407889,3,4,0.13101465,-3921.049,11.914706,-1.1297363,-3908.0046
1,4,0.30437379,2,4,0.14456022,3,4,0.13335009,-3920.5275,11.645682,-0.64742969,-3908.2344
1,4,0.29685242,2,4,0.17190128,3,4,0.13810807,-3920.7857,12.137235,-0.96789702,-3907.6806
1,4,0.30792755,2,4,0.1694029,3,4,0.13665777,-3920.4325,12.279764,-0.61418363,-3907.5386
1,4,0.32119822,2,4,0.13689826,3,4,0.12742422,-3921.7375,11.710414,-1.7236718,-3908.3034
1,4,0.30490209,2,4,0.15917739,3,4,0.1664288,-3921.2014,12.610166,-1.4855281,-3907.1057
1,4,0.28781922,2,4,0.13534483,3,4,0.13431469,-3921.9012,11.149575,-1.9049612,-3908.8467
1,4,0.28456502,2,4,0.16666802,3,4,0.1401573,-3921.0236,11.827807,-1.1325607,-3908.0632
1,4,0.29103913,2,4,0.13932114,3,4,0.17073757,-3921.7736,12.021957,-1.9579906,-3907.7937
1,4,0.29059348,2,4,0.16351188,3,4,0.13479575,-3920.6946,11.778022,-0.80782282,-3908.1087
1,4,0.32896261,2,4,0.13754417,3,4,0.11594498,-3923.6213,11.649035,-3.3200689,-3908.6522
1,4,0.30898134,2,4,0.1184865,3,4,0.15937278,-3922.8148,11.736812,-2.6167707,-3908.4612
1,4,0.32391609,2,4,0.14290622,3,4,0.14648931,-3920.2601,12.266232,-0.41628639,-3907.5776
1,4,0.30964082,2,4,0.15818286,3,4,0.1565927,-3920.3461,12.488328,-0.52809222,-3907.3297
1,4,0.33236078,2,4,0.15025169,3,4,0.13392391,-3920.6281,12.330727,-0.79537808,-3907.502
1,4,0.28875643,2,4,0.14437654,3,4,0.14174348,-3920.6719,11.497529,-0.78179816,-3908.3926
1,4,0.3299403,2,4,0.13423669,3,4,0.16483113,-3921.5746,12.580163,-1.8341149,-3907.1603
1,4,0.34775848,2,4,0.16265988,3,4,0.15186553,-3921.8777,13.245678,-2.2160795,-3906.4159
1,4,0.31641056,2,4,0.15996284,3,4,0.13361464,-3920.1706,12.199761,-0.32298623,-3907.6479
1,4,0.30298501,2,4,0.16681294,3,4,0.1254138,-3920.955,11.904235,-1.0520323,-3907.9987
1,4,0.27958951,2,4,0.17103736,3,4,0.12891215,-3922.0985,11.590781,-2.0896896,-3908.4181
1,4,0.30739053,2,4,0.1581524,3,4,0.14469894,-3919.9195,12.204837,-0.075142823,-3907.6396
1,4,0.31161846,2,4,0.17176939,3,4,0.14177639,-3920.5811,12.503285,-0.79246457,-3907.2854
1,4,0.30315547,2,4,0.14315634,3,4,0.17681424,-3921.9985,12.462521,-2.3857969,-3907.1502
1,4,0.26566735,2,4,0.14041045,3,4,0.15165708,-3922.8065,11.154698,-2.6066664,-3909.0452
1,4,0.33376836,2,4,0.15820156,3,4,0.13273306,-3920.6842,12.49406,-0.87552309,-3907.3147
1,4,0.30089773,2,4,0.14223827,3,4,0.14915583,-3920.2142,11.845837,-0.35148621,-3908.0169
1,4,0.31256761,2,4,0.16595227,3,4,0.15157985,-3920.4899,12.601995,-0.68146445,-3907.2064
1,4,0.27671123,2,4,0.14684379,3,4,0.15158009,-3921.3609,11.502702,-1.3843967,-3908.4738
1,4,0.33084099,2,4,0.12913309,3,4,0.17604516,-3922.9227,12.720385,-3.3705944,-3906.8317
1,4,0.29008427,2,4,0.14853666,3,4,0.14731963,-3920.3767,11.718811,-0.50250594,-3908.1553
1,4,0.32905353,2,4,0.1399372,3,4,0.12986378,-3921.3769,11.97709,-1.4441647,-3907.9557
1,4,0.28557564,2,4,0.12018073,3,4,0.15718673,-3923.3849,11.258862,-3.0467213,-3909.0793
1,4,0.31419129,2,4,0.15262478,3,4,0.13561093,-3920.0473,12.04854,-0.19517669,-3907.8036
1,4,0.28764974,2,4,0.14374438,3,4,0.14038741,-3920.8177,11.435631,-0.91796681,-3908.4641
1,4,0.30477922,2,4,0.130334,3,4,0.1582884,-3921.2046,11.868032,-1.2657566,-3908.0708
1,4,0.33895126,2,4,0.16379823,3,4,0.12386865,-3921.5859,12.532363,-1.80216,-3907.2513
1,4,0.33596119,2,4,0.15430662,3,4,0.12581885,-3921.2685,12.321733,-1.4192425,-3907.5276
1,4,0.32032061,2,4,0.16393938,3,4,0.1450458,-3920.2634,12.586116,-0.43655543,-3907.2408
1,4,0.34734461,2,4,0.14545809,3,4,0.15174047,-3921.4843,12.890863,-1.7987322,-3906.7947
1,4,0.30259825,2,4,0.1636396,3,4,0.10782414,-3923.527,11.48124,-3.1364059,-3908.9093
1,4,0.28427581,2,4,0.16512637,3,4,0.13427831,-3921.1479,11.67361,-1.2214305,-3908.2529
1,4,0.29536411,2,4,0.15039235,3,4,0.13302855,-3920.5522,11.5757,-0.67135969,-3908.3051
1,4,0.32890221,2,4,0.14463141,3,4,0.16599352,-3921.279,12.790543,-1.5708856,-3906.9176
1,4,0.33737807,2,4,0.16396568,3,4,0.12937347,-3921.1345,12.614344,-1.3664834,-3907.1537
1,4,0.2919127,2,4,0.17616723,3,4,0.15288616,-3921.6959,12.419322,-1.9978,-3907.2788
1,4,0.33989597,2,4,0.1401001,3,4,0.14902694,-3921.1148,12.58046,-1.3400124,-3907.1943
1,4,0.28350368,2,4,0.16065058,3,4,0.16773124,-3922.0632,12.23771,-2.3327699,-3907.4927
1,4,0.30319603,2,4,0.15264324,3,4,0.13274493,-3920.2787,11.771684,-0.41179779,-3908.0953
1,4,0.3075823,2,4,0.18282275,3,4,0.15454334,-3922.3046,12.898968,-2.7765713,-3906.6291
1,4,0.3223297,2,4,0.1636267,3,4,0.093720377,-3926.9937,11.593535,-5.8067469,-3909.5934
1,4,0.30935703,2,4,0.13627138,3,4,0.15239313,-3920.5038,11.960431,-0.62265208,-3907.9207
1,4,0.32107077,2,4,0.15146115,3,4,0.14176871,-3919.9912,12.286013,-0.14849174,-3907.5567
1,4,0.32618704,2,4,0.14343537,3,4,0.1422016,-3920.3487,12.23648,-0.5032413,-3907.609
1,4,0.34121113,2,4,0.16658979,3,4,0.14723571,-3921.4239,13.100733,-1.7053601,-3906.6178
1,4,0.27221602,2,4,0.15357111,3,4,0.15479632,-3921.7954,11.611669,-1.7940804,-3908.3897
1,4,0.29297499,2,4,0.14711289,3,4,0.13120339,-3920.9314,11.425826,-1.0243362,-3908.4812
1,4,0.29352049,2,4,0.16043829,3,4,0.15607328,-3920.6585,12.200641,-0.83605889,-3907.6218
1,4,0.32182369,2,4,0.15901998,3,4,0.14954451,-3920.2192,12.607764,-0.3853127,-3907.2262
1,4,0.32033869,2,4,0.16274473,3,4,0.14101722,-3920.1635,12.482013,-0.33210425,-3907.3494
1,4,0.3267592,2,4,0.16630321,3,4,0.11714116,-3921.8665,12.204071,-1.9372242,-3907.7252
1,4,0.34974329,2,4,0.13954163,3,4,0.14007042,-3921.9086,12.587107,-2.1803231,-3907.1412
1,4,0.32638611,2,4,0.17339081,3,4,0.15987878,-3922.0993,13.193114,-2.4574371,-3906.4487
1,4,0.32509026,2,4,0.15039684,3,4,0.14020189,-3920.1356,12.31378,-0.29658417,-3907.5252
1,4,0.29129064,2,4,0.15586934,3,4,0.14341614,-3920.2877,11.811523,-0.42125212,-3908.0549
1,4,0.29443982,2,4,0.15483331,3,4,0.13982575,-3920.2052,11.781978,-0.34428831,-3908.0789
1,4,0.30919299,2,4,0.17826621,3,4,0.13264579,-3921.1785,12.4021,-1.4360776,-3907.3403
1,4,0.33681091,2,4,0.13785468,3,4,0.17168389,-3922.3264,12.92699,-2.7745618,-3906.6249
1,4,0.29130744,2,4,0.16595451,3,4,0.15101495,-3920.7868,12.165538,-0.9627161,-3907.6585
1,4,0.30155703,2,4,0.17273051,3,4,0.14669698,-3920.8301,12.41969,-1.0573176,-3907.3531
1,4,0.3025476,2,4,0.16385048,3,4,0.15056978,-3920.3376,12.339357,-0.51441926,-3907.4838
1,4,0.32688164,2,4,0.14478657,3,4,0.15128648,-3920.3521,12.459094,-0.52696068,-3907.366
1,4,0.3027749,2,4,0.15369911,3,4,0.15648305,-3920.2456,12.259141,-0.41613196,-3907.5704
1,4,0.29661888,2,4,0.15860318,3,4,0.15433184,-3920.3935,12.191078,-0.56096341,-3907.6414
1,4,0.31136396,2,4,0.15245507,3,4,0.15503956,-3920.118,12.377172,-0.28479933,-3907.4561
1,4,0.30469734,2,4,0.17661686,3,4,0.12768947,-3921.3024,12.180073,-1.4950714,-3907.6272
1,4,0.34310872,2,4,0.16046223,3,4,0.15209157,-3921.4353,13.11325,-1.7154854,-3906.6065
1,4,0.33593601,2,4,0.19691431,3,4,0.1454383,-3924.5581,13.565772,-5.5598692,-3905.4324
1,4,0.32760337,2,4,0.15631842,3,4,0.15496025,-3920.5792,12.777641,-0.77058734,-3907.031
1,4,0.32012637,2,4,0.12934867,3,4,0.15545464,-3921.2679,12.098594,-1.3507546,-3907.8185
1,4,0.2906781,2,4,0.14576707,3,4,0.12288519,-3922.0814,11.186607,-2.0381929,-3908.8566
1,4,0.3320062,2,4,0.14946767,3,4,0.14522527,-3920.3766,12.533983,-0.55978035,-3907.2828
1,4,0.26672755,2,4,0.14922147,3,4,0.13936737,-3922.487,11.106328,-2.3508964,-3909.0298
1,4,0.29522973,2,4,0.15520599,3,4,0.14266513,-3920.1267,11.862017,-0.2702178,-3907.9944
1,4,0.2968154,2,4,0.13506823,3,4,0.12420084,-3922.6717,11.121689,-2.5541394,-3908.9959
1,4,0.291147,2,4,0.161564,3,4,0.13041812,-3920.8631,11.662582,-0.95033851,-3908.2502
1,4,0.32932924,2,4,0.14795254,3,4,0.15126298,-3920.3882,12.570895,-0.57151392,-3907.2458
1,4,0.3253082,2,4,0.1577573,3,4,0.13385376,-3920.3122,12.338385,-0.47477294,-3907.499
1,4,0.30397454,2,4,0.15193036,3,4,0.15666623,-3920.2157,12.251423,-0.38498503,-3907.5793
1,4,0.2658443,2,4,0.16696073,3,4,0.16408084,-3923.5765,11.937718,-3.6830874,-3907.9557
1,4,0.36011543,2,4,0.12940733,3,4,0.17264797,-3924.5772,13.243415,-5.4335819,-3905.9002
1,4,0.27210377,2,4,0.13629784,3,4,0.14097382,-3922.6519,10.987509,-2.5311518,-3909.1332
1,4,0.30246548,2,4,0.14842287,3,4,0.14845884,-3919.9756,11.986944,-0.12697479,-3907.8616
1,4,0.31439641,2,4,0.15970069,3,4,0.15584567,-3920.4048,12.598855,-0.58788422,-3907.2181
1,4,0.29100347,2,4,0.14350453,3,4,0.14756452,-3920.4995,11.64145,-0.61643206,-3908.2416
1,4,0.30906206,2,4,0.14494934,3,4,0.16532135,-3920.7804,12.386655,-1.00198,-3907.3918
1,4,0.31857527,2,4,0.17557659,3,4,0.15797773,-3921.8901,13.042592,-2.2468657,-3906.6007
1,4,0.27407753,2,4,0.13912782,3,4,0.16667258,-3922.5947,11.597559,-2.5598109,-3908.4373
1,4,0.30526977,2,4,0.13762695,3,4,0.18259827,-3922.8211,12.5099,-3.3314537,-3906.9798
1,4,0.33262411,2,4,0.12707036,3,4,0.18781432,-3924.5849,12.950176,-5.4524426,-3906.1823
1,4,0.31069438,2,4,0.19106857,3,4,0.13661341,-3922.5916,12.767527,-3.1615746,-3906.6625
1,4,0.3276778,2,4,0.1432997,3,4,0.13914838,-3920.4912,12.202518,-0.64099724,-3907.6477
1,4,0.3258447,2,4,0.14646038,3,4,0.12278097,-3921.5627,11.901721,-1.5834726,-3908.0775
1,4,0.2946576,2,4,0.17274549,3,4,0.1429574,-3920.9248,12.20721,-1.1263609,-3907.5912
1,4,0.33911353,2,4,0.16517372,3,4,0.13160421,-3921.1683,12.717829,-1.4252822,-3907.0252
1,4,0.28400571,2,4,0.15337134,3,4,0.1489577,-3920.695,11.726695,-0.79667314,-3908.1716
1,4,0.32238175,2,4,0.16306916,3,4,0.16040057,-3921.118,12.91703,-1.3603192,-3906.8406
1,4,0.31120007,2,4,0.15578848,3,4,0.1503271,-3919.9801,12.346313,-0.13803451,-3907.4958
1,4,0.28908321,2,4,0.16752907,3,4,0.14639131,-3920.8426,12.060072,-1.0018587,-3907.7806
1,4,0.34149284,2,4,0.15643583,3,4,0.15514835,-3921.3365,13.06154,-1.6086728,-3906.6662
1,4,0.26326921,2,4,0.15830351,3,4,0.1379528,-3922.8839,11.19051,-2.6717299,-3909.0217
1,4,0.27980218,2,4,0.14819353,3,4,0.14308592,-3921.0865,11.421633,-1.1445383,-3908.5203
1,4,0.31426872,2,4,0.127487,3,4,0.15607708,-3921.4187,11.956656,-1.4564362,-3908.0056
1,4,0.32286977,2,4,0.13927178,3,4,0.17077616,-3921.5948,12.658354,-1.9221237,-3907.0143
1,4,0.30110181,2,4,0.17310586,3,4,0.13587259,-3920.7929,12.201605,-0.98673839,-3907.6045
1,4,0.28375297,2,4,0.14213729,3,4,0.14665551,-3920.9974,11.450915,-1.0673545,-3908.4792
1,4,0.32977342,2,4,0.16299345,3,4,0.14735182,-3920.5979,12.802374,-0.79101909,-3907.0045
1,4,0.31278392,2,4,0.15568334,3,4,0.17298978,-3921.7965,12.829141,-2.1918631,-3906.7755
1,4,0.28172483,2,4,0.13422062,3,4,0.1345644,-3922.4452,11.010197,-2.3872097,-3909.0478
1,4,0.30413871,2,4,0.15774187,3,4,0.14808163,-3919.9902,12.199244,-0.14690874,-3907.644
1,4,0.31529148,2,4,0.14036342,3,4,0.12986401,-3921.0628,11.710378,-1.125144,-3908.2273
1,4,0.36863351,2,4,0.15661966,3,4,0.15615028,-3923.8174,13.628069,-4.5663576,-3905.623
1,4,0.2771797,2,4,0.14469465,3,4,0.14069427,-3921.5273,11.251372,-1.544963,-3908.731
1,4,0.33027095,2,4,0.15247998,3,4,0.11765233,-3922.0689,12.008065,-2.0509689,-3908.0099
1,4,0.25554671,2,4,0.15231949,3,4,0.12545939,-3925.2048,10.666512,-4.5988142,-3909.9395
1,4,0.29938327,2,4,0.17069479,3,4,0.13768681,-3920.6349,12.155297,-0.81347325,-3907.6662
1,4,0.29163035,2,4,0.12185792,3,4,0.15563664,-3922.7191,11.382498,-2.5007823,-3908.8358
1,4,0.30131123,2,4,0.14262095,3,4,0.14624052,-3920.1875,11.803454,-0.32649669,-3908.0575
1,4,0.32854483,2,4,0.14134766,3,4,0.14429196,-3920.5029,12.283689,-0.66072604,-3907.5584
1,4,0.36255634,2,4,0.16160837,3,4,0.1383359,-3922.7205,13.250012,-3.2811063,-3906.1894
1,4,0.31465276,2,4,0.16348269,3,4,0.15174527,-3920.3719,12.597614,-0.55134236,-3907.223
1,4,0.31594635,2,4,0.16756384,3,4,0.14915355,-3920.5282,12.653275,-0.72327964,-3907.1517
1,4,0.31815466,2,4,0.15744109,3,4,0.1501723,-3920.1027,12.515361,-0.26390032,-3907.3235
1,4,0.31179831,2,4,0.16120498,3,4,0.15301282,-3920.2863,12.520322,-0.46096562,-3907.305
1,4,0.33236395,2,4,0.16161291,3,4,0.13498154,-3920.6046,12.579168,-0.80340535,-3907.222
1,4,0.29249635,2,4,0.1449375,3,4,0.15022156,-3920.3879,11.753108,-0.51436938,-3908.1204
1,4,0.32316314,2,4,0.15380578,3,4,0.1326243,-3920.3196,12.191864,-0.4672271,-3907.6605
1,4,0.31094041,2,4,0.14720305,3,4,0.16727067,-3920.9473,12.508282,-1.2016687,-3907.2373
1,4,0.27780555,2,4,0.13817768,3,4,0.13107469,-3922.6801,10.941158,-2.6012079,-3909.1378
1,4,0.3056602,2,4,0.16624192,3,4,0.15648843,-3920.7872,12.567811,-1.0095357,-3907.2098
1,4,0.29386363,2,4,0.14243681,3,4,0.15064249,-3920.4382,11.738859,-0.56038848,-3908.139
1,4,0.29564887,2,4,0.16926019,3,4,0.15949684,-3921.4015,12.488118,-1.6808725,-3907.2325
1,4,0.31886347,2,4,0.14336372,3,4,0.17482823,-3921.8571,12.741109,-2.2614059,-3906.8546
1,4,0.29250647,2,4,0.13471824,3,4,0.13657149,-3921.527,11.275924,-1.5601658,-3908.6909
1,4,0.30885101,2,4,0.15614906,3,4,0.13803439,-3919.9444,12.060689,-0.096606761,-3907.7871
1,4,0.29678304,2,4,0.17074389,3,4,0.17291856,-3922.9536,12.80891,-3.5269195,-3906.6178
1,4,0.28974074,2,4,0.12293717,3,4,0.16717684,-3923.0231,11.597095,-2.8678309,-3908.5581
1,4,0.3436218,2,4,0.1476318,3,4,0.16244727,-3921.813,13.074017,-2.1737517,-3906.5652
1,4,0.32466408,2,4,0.15982644,3,4,0.13322246,-3920.3468,12.35426,-0.51136388,-3907.4812
1,4,0.30480872,2,4,0.17519109,3,4,0.11687542,-3922.2023,11.937505,-2.2276924,-3908.0371
1,4,0.30281679,2,4,0.14922295,3,4,0.14515096,-3919.9405,11.943814,-0.092740042,-3907.904
1,4,0.30929838,2,4,0.12583129,3,4,0.16968208,-3922.2452,12.096235,-2.3490156,-3907.7999
1,4,0.28712147,2,4,0.14824575,3,4,0.13508038,-3920.9104,11.408952,-1.0037858,-3908.4977
1,4,0.30142102,2,4,0.13351048,3,4,0.17104652,-3921.7765,12.11956,-1.9662287,-3907.6907
1,4,0.28645307,2,4,0.15172033,3,4,0.13421519,-3920.8983,11.447772,-0.98617933,-3908.4643
1,4,0.30404433,2,4,0.1201675,3,4,0.15640665,-3922.5599,11.612369,-2.3718676,-3908.5756
1,4,0.34371859,2,4,0.11658348,3,4,0.17305128,-3924.7145,12.667067,-5.0630536,-3906.9844
1,4,0.3007035,2,4,0.14495258,3,4,0.15158869,-3920.1455,11.944895,-0.29110255,-3907.9095
1,4,0.33247487,2,4,0.15689717,3,4,0.13184453,-3920.6619,12.424331,-0.84086442,-3907.3967
1,4,0.3161825,2,4,0.15920514,3,4,0.13657799,-3920.0487,12.239313,-0.20456631,-3907.6048
1,4,0.31409516,2,4,0.14823377,3,4,0.15540076,-3920.1443,12.354594,-0.31149196,-3907.4782
1,4,0.32634207,2,4,0.1552872,3,4,0.12511779,-3920.9505,12.134941,-1.059479,-3907.7561
1,4,0.28666192,2,4,0.15316289,3,4,0.16911188,-3921.7335,12.178734,-1.976242,-3907.5785
1,4,0.32663979,2,4,0.14361453,3,4,0.14235957,-3920.352,12.252278,-0.50826666,-3907.5915
1,4,0.34367729,2,4,0.14246369,3,4,0.13475312,-3921.5348,12.417882,-1.7348398,-3907.382
1,4,0.30670153,2,4,0.13677703,3,4,0.1505382,-3920.4641,11.880335,-0.58028901,-3908.0035
1,4,0.28055633,2,4,0.1573997,3,4,0.1421716,-3920.9707,11.602553,-1.0414241,-3908.3268
1,4,0.33758355,2,4,0.14411231,3,4,0.14094827,-3920.8389,12.452883,-1.0337786,-3907.3523
1,4,0.30570183,2,4,0.1925957,3,4,0.14206802,-3922.9417,12.807311,-3.5885394,-3906.5459
1,4,0.2900513,2,4,0.140313,3,4,0.15083214,-3920.7253,11.623929,-0.82093975,-3908.2804
1,4,0.33337446,2,4,0.12989122,3,4,0.13518672,-3922.2055,11.969048,-2.1937684,-3908.0427
1,4,0.33474429,2,4,0.13029183,3,4,0.12391292,-3923.515,11.778981,-3.2978806,-3908.4382
1,4,0.31921843,2,4,0.17263688,3,4,0.11770072,-3921.8718,12.19112,-1.9720253,-3907.7087
1,4,0.32203424,2,4,0.17295434,3,4,0.13955722,-3920.8106,12.690916,-1.0476774,-3907.0721
1,4,0.2824268,2,4,0.1470462,3,4,0.15457188,-3920.9894,11.680898,-1.069873,-3908.2386
1,4,0.32452137,2,4,0.15711329,3,4,0.13061972,-3920.4534,12.245088,-0.60287365,-3907.6054
1,4,0.32564599,2,4,0.1504283,3,4,0.14994519,-3920.1966,12.52039,-0.36607355,-3907.3101
1,4,0.30898035,2,4,0.15093753,3,4,0.16760403,-3921.0126,12.550438,-1.279294,-3907.1828
1,4,0.3146611,2,4,0.12148458,3,4,0.16922162,-3922.7517,12.107346,-2.7919992,-3907.8523
1,4,0.33901978,2,4,0.13208788,3,4,0.14708521,-3921.67,12.363857,-1.8267056,-3907.4794
1,4,0.30937734,2,4,0.16063443,3,4,0.13251347,-3920.2143,12.050505,-0.35786432,-3907.8059
1,4,0.33645753,2,4,0.12552499,3,4,0.12812472,-3923.802,11.802145,-3.5490681,-3908.4508
1,4,0.25510508,2,4,0.17109801,3,4,0.15031225,-3924.4748,11.530307,-4.2080291,-3908.7364
1,4,0.30949202,2,4,0.14954048,3,4,0.14218878,-3919.8943,12.024426,-0.047794603,-3907.822
1,4,0.30512784,2,4,0.17042759,3,4,0.15312015,-3920.8951,12.573512,-1.1319737,-3907.1896
1,4,0.35442153,2,4,0.13780419,3,4,0.13637593,-3922.5719,12.572033,-2.8602622,-3907.1396
1,4,0.29383834,2,4,0.13492214,3,4,0.13361345,-3921.6851,11.247479,-1.7040784,-3908.7335
1,4,0.32429929,2,4,0.14800045,3,4,0.14299902,-3920.1178,12.305975,-0.27788607,-3907.534
1,4,0.30434126,2,4,0.16396632,3,4,0.14952097,-3920.2817,12.356571,-0.4563232,-3907.4688
1,4,0.31541452,2,4,0.14991414,3,4,0.17077221,-3921.3837,12.722017,-1.711394,-3906.9503
1,4,0.29814145,2,4,0.15943971,3,4,0.14570848,-3920.1138,12.065793,-0.26654494,-3907.7814
1,4,0.33033523,2,4,0.18965841,3,4,0.12593824,-3922.9282,12.918637,-3.5267698,-3906.4828
1,4,0.31318969,2,4,0.1329823,3,4,0.15542211,-3920.8317,12.031882,-0.93756759,-3907.8622
1,4,0.29100139,2,4,0.15011109,3,4,0.15626735,-3920.5407,11.947597,-0.68156473,-3907.9115
1,4,0.27461228,2,4,0.15672482,3,4,0.16690379,-3922.4388,11.964818,-2.5840797,-3907.8899
1,4,0.28021584,2,4,0.13452164,3,4,0.16370146,-3922.1799,11.568779,-2.1507774,-3908.4604
1,4,0.31448217,2,4,0.15823972,3,4,0.14174439,-3919.9293,12.289326,-0.085504197,-3907.5545
1,4,0.34015677,2,4,0.15815434,3,4,0.11526236,-3922.6519,12.271469,-2.7003738,-3907.6801
1,4,0.33434989,2,4,0.1413661,3,4,0.13259662,-3921.242,12.166252,-1.3647229,-3907.711
1,4,0.30064929,2,4,0.16472114,3,4,0.13107885,-3920.5354,11.928986,-0.66568622,-3907.9408
1,4,0.27429233,2,4,0.15414761,3,4,0.15271567,-3921.5354,11.623112,-1.556984,-3908.3553
1,4,0.27510499,2,4,0.15812586,3,4,0.11818613,-3923.5072,11.02834,-3.2016412,-3909.2772
1,4,0.31994994,2,4,0.1479851,3,4,0.142773,-3920.0128,12.214161,-0.16785459,-3907.6308
1,4,0.30946293,2,4,0.14561526,3,4,0.15611875,-3920.1851,12.223939,-0.34847502,-3907.6127
1,4,0.33348832,2,4,0.14284096,3,4,0.16283883,-3921.2599,12.783362,-1.5391057,-3906.9374
1,4,0.30733293,2,4,0.14235921,3,4,0.14706072,-3920.1063,11.935057,-0.24930687,-3907.9219
1,4,0.29961328,2,4,0.13325632,3,4,0.1625219,-3921.2277,11.90783,-1.3256672,-3907.9942
1,4,0.31012828,2,4,0.17740722,3,4,0.1155191,-3922.4106,12.061092,-2.4688503,-3907.8806
1,4,0.28277002,2,4,0.13359515,3,4,0.14360801,-3921.8544,11.199464,-1.8322092,-3908.8227
1,4,0.27901024,2,4,0.14458075,3,4,0.16132017,-3921.6074,11.698223,-1.660894,-3908.2483
1,4,0.29352095,2,4,0.15041483,3,4,0.16196684,-3920.7777,12.118053,-0.95550367,-3907.7042
1,4,0.32317359,2,4,0.18119097,3,4,0.14145992,-3921.6565,12.91649,-2.0261997,-3906.7138
1,4,0.32890594,2,4,0.1458891,3,4,0.14414143,-3920.323,12.378729,-0.4920619,-3907.4522
1,4,0.29601961,2,4,0.13042006,3,4,0.13570709,-3921.9821,11.242935,-1.944834,-3908.7943
1,4,0.30338418,2,4,0.15219786,3,4,0.13232343,-3920.3117,11.758109,-0.44235518,-3908.1112
1,4,0.34692152,2,4,0.13266802,3,4,0.14517178,-3922.1416,12.495226,-2.360297,-3907.2861
1,4,0.30462863,2,4,0.13589428,3,4,0.13342279,-3921.241,11.478914,-1.2900072,-3908.4721
1,4,0.30682862,2,4,0.15997998,3,4,0.15113906,-3920.1384,12.358953,-0.30407464,-3907.4754
1,4,0.30351651,2,4,0.1650735,3,4,0.12409148,-3921.0124,11.85363,-1.0898376,-3908.069
1,4,0.29609439,2,4,0.15701395,3,4,0.15530369,-3920.4054,12.168241,-0.5716938,-3907.6655
1,4,0.3217965,2,4,0.13932549,3,4,0.14427089,-3920.423,12.107858,-0.55888192,-3907.7562
1,4,0.33014912,2,4,0.16896663,3,4,0.12611268,-3921.1927,12.504569,-1.4039516,-3907.2842
1,4,0.34491595,2,4,0.14287267,3,4,0.17183551,-3922.7812,13.192483,-3.3318732,-3906.2569
1,4,0.29415317,2,4,0.16494369,3,4,0.14002389,-3920.4511,11.982415,-0.59805419,-3907.8706
1,4,0.2915123,2,4,0.14830733,3,4,0.14992115,-3920.3379,11.794816,-0.46868182,-3908.0744
1,4,0.33645972,2,4,0.17268742,3,4,0.14365582,-3921.463,13.056059,-1.7632751,-3906.6437
1,4,0.29905743,2,4,0.11990544,3,4,0.13841327,-3923.4566,11.147523,-3.119444,-3909.1896
1,4,0.30166622,2,4,0.13815795,3,4,0.14339851,-3920.5182,11.664453,-0.63204331,-3908.2217
1,4,0.29198496,2,4,0.13059977,3,4,0.14566599,-3921.5637,11.365014,-1.5569841,-3908.6417
1,4,0.31379126,2,4,0.1683734,3,4,0.13579259,-3920.3904,12.359145,-0.57199734,-3907.4592
1,4,0.28834151,2,4,0.15522586,3,4,0.14542491,-3920.4229,11.779846,-0.54646859,-3908.0966
1,4,0.31624012,2,4,0.13986407,3,4,0.15018916,-3920.2737,12.125867,-0.41663987,-3907.7312
1,4,0.29767528,2,4,0.14236113,3,4,0.16598645,-3921.0293,12.120457,-1.2177637,-3907.691
1,4,0.32931434,2,4,0.15399715,3,4,0.14950903,-3920.3489,12.65641,-0.52766506,-3907.1648
1,4,0.31148984,2,4,0.14539154,3,4,0.16860559,-3921.0773,12.509739,-1.3463089,-3907.2213
1,4,0.26669586,2,4,0.16784271,3,4,0.13580668,-3922.8327,11.406905,-2.6867466,-3908.7391
1,4,0.36355374,2,4,0.17719345,3,4,0.13612024,-3923.7907,13.537349,-4.5747884,-3905.6786
1,4,0.30792273,2,4,0.14265679,3,4,0.15031322,-3920.1084,12.017855,-0.25428932,-3907.8362
1,4,0.34857376,2,4,0.1616745,3,4,0.12131918,-3922.3749,12.631349,-2.6513045,-3907.0923
1,4,0.30861136,2,4,0.13904865,3,4,0.1549937,-3920.3865,12.053074,-0.52664136,-3907.8068
1,4,0.29071367,2,4,0.1489443,3,4,0.15298865,-3920.4353,11.852933,-0.56612992,-3908.0162
1,4,0.32653417,2,4,0.14548095,3,4,0.14385048,-3920.2529,12.317312,-0.41508738,-3907.5205
1,4,0.34049541,2,4,0.14749538,3,4,0.15579434,-3921.1648,12.875703,-1.4330973,-3906.856
1,4,0.2853524,2,4,0.14807346,3,4,0.15559277,-3920.8205,11.780373,-0.9265812,-3908.1135
1,4,0.30024679,2,4,0.12612803,3,4,0.16768205,-3922.2147,11.881137,-2.2401215,-3908.0935
1,4,0.31934481,2,4,0.1375998,3,4,0.16803193,-3921.3138,12.499531,-1.5737045,-3907.2406
1,4,0.3075106,2,4,0.15120194,3,4,0.13329401,-3920.2097,11.840131,-0.34678581,-3908.0227
1,4,0.3045958,2,4,0.13421704,3,4,0.15484371,-3920.7543,11.873131,-0.85145059,-3908.0297
1,4,0.30590981,2,4,0.14904851,3,4,0.17105611,-3921.3363,12.520289,-1.6459536,-3907.1701
1,4,0.28426435,2,4,0.14861665,3,4,0.14132912,-3920.7922,11.484202,-0.8853604,-3908.4226
1,4,0.28927029,2,4,0.14335301,3,4,0.16558607,-3921.2875,11.964187,-1.4398553,-3907.8834
1,4,0.30849231,2,4,0.15466146,3,4,0.15530052,-3920.162,12.369086,-0.33114,-3907.4618
1,4,0.32506397,2,4,0.14069102,3,4,0.1466044,-3920.4033,12.247188,-0.55556707,-3907.6005
1,4,0.3008281,2,4,0.1431866,3,4,0.1629253,-3920.7085,12.1388,-0.88573095,-3907.6839
1,4,0.32497628,2,4,0.14754714,3,4,0.13693749,-3920.3042,12.189218,-0.4555561,-3907.6594
1,4,0.31885454,2,4,0.15457362,3,4,0.12738326,-3920.599,12.016228,-0.71155398,-3907.8712
1,4,0.30812044,2,4,0.16945422,3,4,0.14962316,-3920.6246,12.543956,-0.83412806,-3907.2465
1,4,0.27846614,2,4,0.17240949,3,4,0.13960585,-3921.8297,11.80963,-1.9144148,-3908.1057
1,4,0.30403093,2,4,0.15691941,3,4,0.17151586,-3921.6455,12.649324,-2.0054987,-3906.9906
1,4,0.32311088,2,4,0.14605224,3,4,0.15373253,-3920.2801,12.457913,-0.45321146,-3907.369
1,4,0.31450287,2,4,0.16424752,3,4,0.13868869,-3920.1463,12.348781,-0.31324805,-3907.4843
1,4,0.28772223,2,4,0.14235066,3,4,0.1373122,-3921.0526,11.347702,-1.1389959,-3908.5659
1,4,0.30791722,2,4,0.14645933,3,4,0.13676445,-3920.1736,11.82282,-0.31558319,-3908.0352
1,4,0.28069638,2,4,0.1531085,3,4,0.14591797,-3920.9047,11.594457,-0.97922155,-3908.331
1,4,0.32376377,2,4,0.14521775,3,4,0.1463046,-3920.1678,12.305722,-0.32739052,-3907.5347
1,4,0.29398379,2,4,0.15373103,3,4,0.15589099,-3920.4292,12.072116,-0.58589342,-3907.7712
1,4,0.3505115,2,4,0.1595503,3,4,0.12725295,-3922.0087,12.746295,-2.3353426,-3906.927
1,4,0.33222093,2,4,0.15498916,3,4,0.1436605,-3920.3782,12.617412,-0.56333105,-3907.1974
1,4,0.30037603,2,4,0.14994887,3,4,0.15802019,-3920.3335,12.166902,-0.50177854,-3907.6648
1,4,0.29003314,2,4,0.15033258,3,4,0.16434631,-3921.0967,12.09424,-1.280897,-3907.7216
1,4,0.3477737,2,4,0.16548336,3,4,0.16016409,-3922.7081,13.468423,-3.132852,-3906.1068
1,4,0.28720912,2,4,0.18312004,3,4,0.1234025,-3922.8829,11.874633,-2.9819574,-3908.0264
1,4,0.28207341,2,4,0.15440657,3,4,0.13037329,-3921.438,11.337065,-1.46335,-3908.6376
1,4,0.29442242,2,4,0.12011803,3,4,0.14872452,-3922.9831,11.265299,-2.7038366,-3909.0139
1,4,0.31789691,2,4,0.13290303,3,4,0.13734799,-3921.2328,11.762959,-1.2722093,-3908.1977
1,4,0.30068729,2,4,0.1410584,3,4,0.16125695,-3920.6724,12.060053,-0.82945272,-3907.7829
1,4,0.29570174,2,4,0.14939391,3,4,0.15937373,-3920.5308,12.089387,-0.695653,-3907.7458
1,4,0.32595571,2,4,0.13668017,3,4,0.13936644,-3920.8973,12.040046,-1.0029343,-3907.8543
1,4,0.32592577,2,4,0.1520606,3,4,0.14106854,-3920.1296,12.381098,-0.29378415,-3907.4547
1,4,0.33340653,2,4,0.14976363,3,4,0.17034088,-3921.9713,13.070221,-2.3697955,-3906.5313
1,4,0.27930341,2,4,0.13064579,3,4,0.14473946,-3922.4408,11.093773,-2.3305514,-3909.0164
1,4,0.28782753,2,4,0.16253976,3,4,0.13591643,-3920.7678,11.725674,-0.87108673,-3908.1711
1,4,0.31186826,2,4,0.1515703,3,4,0.14712672,-3919.8686,12.211306,-0.023168464,-3907.6342
1,4,0.32553383,2,4,0.1761532,3,4,0.15732947,-3922.1236,13.18033,-2.4959534,-3906.4473
1,4,0.30286752,2,4,0.15778875,3,4,0.10711852,-3923.8133,11.355496,-3.3411735,-3909.1167
1,4,0.29931032,2,4,0.15562204,3,4,0.15291482,-3920.1758,12.156943,-0.33530287,-3907.6836
1,4,0.28159699,2,4,0.15011994,3,4,0.15354786,-3920.9701,11.705296,-1.0530682,-3908.2117
1,4,0.33505559,2,4,0.14185168,3,4,0.16403147,-3921.4497,12.818775,-1.7542887,-3906.8766
1,4,0.33871818,2,4,0.18704187,3,4,0.12226618,-3923.1702,12.960525,-3.7683354,-3906.4413
1,4,0.33311518,2,4,0.14979002,3,4,0.12998401,-3920.9221,12.257784,-1.070416,-3907.5939
1,4,0.30315207,2,4,0.14905305,3,4,0.15109577,-3920.0048,12.066018,-0.15835607,-3907.7805
1,4,0.32243593,2,4,0.12360819,3,4,0.16962998,-3922.617,12.313482,-2.7723149,-3907.5312
1,4,0.30358432,2,4,0.15187845,3,4,0.14818063,-3919.9235,12.072868,-0.077193772,-3907.7735
1,4,0.29582382,2,4,0.12970344,3,4,0.14630099,-3921.4867,11.436565,-1.4812715,-3908.5689
1,4,0.30458212,2,4,0.13503125,3,4,0.14538081,-3920.6798,11.699884,-0.77167356,-3908.2083
1,4,0.34534069,2,4,0.14924004,3,4,0.1379871,-3921.2165,12.651357,-1.4740867,-3907.0911
1,4,0.30244269,2,4,0.18314567,3,4,0.11769629,-3922.7343,12.065693,-2.867336,-3907.8013
1,4,0.32302753,2,4,0.18554744,3,4,0.11841537,-3922.7675,12.539807,-3.1274197,-3907.1002
1,4,0.32774518,2,4,0.14260818,3,4,0.12776242,-3921.3201,11.962316,-1.3856043,-3907.9721
1,4,0.27499779,2,4,0.13977233,3,4,0.172777,-3923.0054,11.750942,-3.0533459,-3908.2011
1,4,0.29237581,2,4,0.1403568,3,4,0.14275121,-3920.6963,11.509677,-0.80313031,-3908.3835
1,4,0.29482734,2,4,0.13967935,3,4,0.12208223,-3922.5328,11.131778,-2.4314799,-3908.9695
1,4,0.31340043,2,4,0.15768188,3,4,0.15779561,-3920.4332,12.577558,-0.62180884,-3907.2339
1,4,0.34893684,2,4,0.18172182,3,4,0.16560894,-3925.2114,13.925352,-6.0574805,-3905.2285
1,4,0.33230681,2,4,0.14610517,3,4,0.15373296,-3920.631,12.642899,-0.83512705,-3907.1529
1,4,0.29046434,2,4,0.14977246,3,4,0.15930141,-3920.7246,11.990764,-0.87390678,-3907.86
1,4,0.32732618,2,4,0.13702544,3,4,0.17117194,-3921.8576,12.710471,-2.2119321,-3906.9352
1,4,0.3289606,2,4,0.1383552,3,4,0.13030875,-3921.4778,11.952491,-1.5321911,-3907.9931
1,4,0.28132331,2,4,0.18250744,3,4,0.13884896,-3922.5411,12.053594,-2.7704578,-3907.7171
1,4,0.29265939,2,4,0.16067909,3,4,0.12959909,-3920.8338,11.658751,-0.92137678,-3908.2537
1,4,0.34145575,2,4,0.1346778,3,4,0.11966044,-3923.8697,11.91588,-3.6725395,-3908.2812
1,4,0.31717347,2,4,0.15820696,3,4,0.15386159,-3920.2739,12.58484,-0.44551329,-3907.2436
1,4,0.32917412,2,4,0.16519104,3,4,0.15466169,-3921.0782,12.980537,-1.3046787,-3906.793
1,4,0.31009194,2,4,0.17144798,3,4,0.1336893,-3920.6207,12.304584,-0.81216801,-3907.5039
1,4,0.28440234,2,4,0.14158248,3,4,0.17775911,-3922.7946,12.074879,-3.0690413,-3907.6506
1,4,0.28938128,2,4,0.15468752,3,4,0.15470993,-3920.5797,11.975575,-0.72105709,-3907.883
1,4,0.31840591,2,4,0.14620321,3,4,0.13025797,-3920.6431,11.897342,-0.75013726,-3907.9957
1,4,0.32279754,2,4,0.16891811,3,4,0.15178653,-3920.9272,12.870044,-1.1504808,-3906.9067
1,4,0.31024606,2,4,0.16659827,3,4,0.1313652,-3920.4499,12.164191,-0.6060951,-3907.6796
1,4,0.37090949,2,4,0.13944127,3,4,0.14572798,-3923.7784,13.121575,-4.4862753,-3906.1706
1,4,0.3214171,2,4,0.15396263,3,4,0.13350822,-3920.2309,12.177759,-0.37940608,-3907.6738
1,4,0.27415332,2,4,0.14767141,3,4,0.13262801,-3922.1658,11.089055,-2.1147256,-3908.962
1,4,0.29808706,2,4,0.13424995,3,4,0.16091444,-3921.1101,11.865029,-1.2046756,-3908.0404
1,4,0.295657,2,4,0.16141404,3,4,0.14227367,-3920.2392,11.986894,-0.38682911,-3907.8654
1,4,0.29625497,2,4,0.16456201,3,4,0.14830426,-3920.4351,12.182425,-0.60362831,-3907.649
1,4,0.32346711,2,4,0.16963423,3,4,0.16847288,-3922.5485,13.231484,-2.9960507,-3906.3209
1,4,0.29142182,2,4,0.16166422,3,4,0.12156739,-3921.7085,11.493069,-1.6795917,-3908.5359
1,4,0.29767034,2,4,0.15317281,3,4,0.16756273,-3921.1741,12.368118,-1.43255,-3907.3734
1,4,0.32956682,2,4,0.16575608,3,4,0.15817362,-3921.4017,13.06993,-1.6606878,-3906.671
1,4,0.28698623,2,4,0.17321873,3,4,0.11416441,-3923.3407,11.487387,-3.1065559,-3908.7467
1,4,0.29883999,2,4,0.13458778,3,4,0.15900133,-3920.9776,11.848582,-1.0717499,-3908.0573
1,4,0.28502526,2,4,0.14527571,3,4,0.13318261,-3921.3293,11.269671,-1.3901755,-3908.6694
1,4,0.27547134,2,4,0.15171654,3,4,0.14377744,-3921.3674,11.419307,-1.3850006,-3908.5631
1,4,0.31804938,2,4,0.12598813,3,4,0.13630208,-3922.2856,11.606792,-2.1667196,-3908.5121
1,4,0.33390551,2,4,0.17019458,3,4,0.1537504,-3921.6368,13.15701,-1.9232702,-3906.5565
1,4,0.29261055,2,4,0.16760042,3,4,0.12778599,-3921.1617,11.759939,-1.2413042,-3908.1605
1,4,0.33393124,2,4,0.16927521,3,4,0.14863532,-3921.2537,13.036835,-1.5086265,-3906.7082
1,4,0.33188926,2,4,0.1625056,3,4,0.1266481,-3921.0177,12.420859,-1.1956069,-3907.4012
1,4,0.30413585,2,4,0.17110805,3,4,0.14894118,-3920.7457,12.483702,-0.96704008,-3907.295
1,4,0.29816789,2,4,0.14787444,3,4,0.15939733,-3920.468,12.108793,-0.63429458,-3907.7249
1,4,0.29866979,2,4,0.15321731,3,4,0.14234958,-3920.0164,11.884734,-0.16553721,-3907.9661
1,4,0.30567687,2,4,0.17820625,3,4,0.13291991,-3921.1965,12.33606,-1.444482,-3907.416
1,4,0.28770723,2,4,0.14618727,3,4,0.15247194,-3920.625,11.727329,-0.73495657,-3908.1627
1,4,0.28815883,2,4,0.1589446,3,4,0.13661066,-3920.6423,11.674282,-0.74909159,-3908.2189
1,4,0.29808551,2,4,0.17364866,3,4,0.13287239,-3920.9982,12.092131,-1.1735684,-3907.7325
1,4,0.23749644,2,4,0.13815213,3,4,0.14081375,-3928.2297,10.329246,-6.8521426,-3911.0483
1,4,0.35215033,2,4,0.14657935,3,4,0.16319723,-3922.5238,13.238538,-3.0111319,-3906.2741
1,4,0.29235403,2,4,0.15954182,3,4,0.16245189,-3921.1072,12.286955,-1.3286325,-3907.4916
1,4,0.3006563,2,4,0.1396225,3,4,0.16461968,-3920.9489,12.09797,-1.1200549,-3907.7309
1,4,0.30064347,2,4,0.1517434,3,4,0.13702539,-3920.1251,11.788245,-0.27034533,-3908.0665
1,4,0.31999238,2,4,0.1536623,3,4,0.13796292,-3920.0285,12.232352,-0.18367026,-3907.6124
1,4,0.31277609,2,4,0.13858442,3,4,0.17518818,-3921.8826,12.530974,-2.2452863,-3907.1063
1,4,0.34152383,2,4,0.14344008,3,4,0.16351091,-3921.7665,12.969496,-2.1220445,-3906.6749
1,4,0.32272271,2,4,0.18426727,3,4,0.13887644,-3921.9349,12.917328,-2.366045,-3906.6515
1,4,0.31296177,2,4,0.15760415,3,4,0.13304139,-3920.146,12.072146,-0.29050357,-3907.7834
1,4,0.29839284,2,4,0.14783344,3,4,0.12897467,-3920.8765,11.504019,-0.96583762,-3908.4067
1,4,0.30933623,2,4,0.15895107,3,4,0.13318315,-3920.1551,12.029409,-0.29889667,-3907.8268
1,4,0.29664818,2,4,0.13450292,3,4,0.17356806,-3922.0726,12.094383,-2.2823125,-3907.6959
1,4,0.31189847,2,4,0.16632276,3,4,0.14738553,-3920.3327,12.512135,-0.51442214,-3907.3062
1,4,0.31964818,2,4,0.14272841,3,4,0.13772868,-3920.3732,12.002105,-0.50639594,-3907.8647
1,4,0.29319156,2,4,0.14364438,3,4,0.13884561,-3920.6024,11.513631,-0.72292132,-3908.3659
1,4,0.30388569,2,4,0.13465791,3,4,0.16223509,-3921.0187,12.015574,-1.14673,-3907.8564
1,4,0.31072428,2,4,0.13438742,3,4,0.12177903,-3922.8026,11.337815,-2.6189305,-3908.8458
1,4,0.3082857,2,4,0.16190516,3,4,0.13639502,-3920.0969,12.131718,-0.25148707,-3907.7137
1,4,0.31931686,2,4,0.15540975,3,4,0.14529121,-3919.9651,12.400356,-0.12206902,-3907.4427
1,4,0.33412564,2,4,0.15150605,3,4,0.14925534,-3920.5395,12.69774,-0.73771054,-3907.1041
1,4,0.29722798,2,4,0.14960937,3,4,0.13724296,-3920.2646,11.681606,-0.40415101,-3908.1788
1,4,0.29859316,2,4,0.14521828,3,4,0.16831933,-3921.154,12.242615,-1.3860699,-3907.5254
1,4,0.30238281,2,4,0.13542385,3,4,0.12807809,-3921.9071,11.317695,-1.8812582,-3908.7082
1,4,0.2956705,2,4,0.14607858,3,4,0.16325417,-3920.809,12.100065,-0.98610455,-3907.7229
1,4,0.29250253,2,4,0.14514548,3,4,0.15965931,-3920.7086,11.946146,-0.85060034,-3907.9119
1,4,0.29839072,2,4,0.15535791,3,4,0.14740484,-3920.0408,12.023069,-0.19164599,-3907.8261
1,4,0.35430229,2,4,0.15533601,3,4,0.11434178,-3923.7749,12.479602,-3.9356054,-3907.3597
1,4,0.31221357,2,4,0.13469045,3,4,0.14285076,-3920.7259,11.795096,-0.81431829,-3908.1165
1,4,0.29712946,2,4,0.15054029,3,4,0.1430363,-3920.0774,11.814121,-0.22411957,-3908.0392
1,4,0.31036318,2,4,0.16397672,3,4,0.1363593,-3920.1607,12.213984,-0.32129497,-3907.6254
1,4,0.28599987,2,4,0.13238514,3,4,0.15393037,-3921.6246,11.446308,-1.6092506,-3908.569
1,4,0.29176546,2,4,0.15646638,3,4,0.1744948,-3922.2335,12.454533,-2.6326007,-3907.1464
1,4,0.30932722,2,4,0.17104806,3,4,0.1385076,-3920.5131,12.377657,-0.71096052,-3907.4244
1,4,0.3015589,2,4,0.13333879,3,4,0.13020751,-3921.9421,11.302104,-1.9114732,-3908.7285
1,4,0.28580692,2,4,0.131822,3,4,0.17770643,-3923.179,11.906707,-3.3183986,-3907.9539
1,4,0.27743023,2,4,0.13971353,3,4,0.14836649,-3921.6258,11.310205,-1.6171586,-3908.6985
1,4,0.33790252,2,4,0.14474177,3,4,0.16568228,-3921.7102,12.966531,-2.0612074,-3906.6824
1,4,0.3428651,2,4,0.18099358,3,4,0.15494392,-3923.4486,13.576052,-4.0120779,-3905.8604
1,4,0.28976894,2,4,0.16800824,3,4,0.17427302,-3923.0672,12.641004,-3.6186846,-3906.8075
1,4,0.29235979,2,4,0.1502114,3,4,0.12533061,-3921.4138,11.358036,-1.4426988,-3908.613
1,4,0.33631832,2,4,0.15004878,3,4,0.12191661,-3921.8462,12.165674,-1.9198351,-3907.7607
1,4,0.3300194,2,4,0.15539783,3,4,0.13347808,-3920.4819,12.377906,-0.65190604,-3907.4521
1,4,0.30788676,2,4,0.17888365,3,4,0.13409026,-3921.2095,12.417213,-1.4782775,-3907.314
1,4,0.30225012,2,4,0.15836004,3,4,0.15099529,-3920.12,12.232109,-0.28133831,-3907.6065
1,4,0.30098807,2,4,0.14735511,3,4,0.12991806,-3920.7321,11.565225,-0.83356697,-3908.3333
1,4,0.31617578,2,4,0.15435991,3,4,0.13755964,-3919.979,12.161907,-0.13190178,-3907.6852
1,4,0.31475733,2,4,0.15542208,3,4,0.1466678,-3919.9114,12.336944,-0.066562795,-3907.5079
1,4,0.32176787,2,4,0.16111672,3,4,0.12868916,-3920.5445,12.231475,-0.69027176,-3907.6227
1,4,0.32088897,2,4,0.13883372,3,4,0.15856629,-3920.6625,12.36578,-0.84047706,-3907.4563
1,4,0.2658963,2,4,0.15301069,3,4,0.14127586,-3922.4301,11.203657,-2.289496,-3908.937
1,4,0.28719615,2,4,0.1416262,3,4,0.16677967,-3921.5375,11.91204,-1.6736251,-3907.9518
1,4,0.2943964,2,4,0.13283037,3,4,0.14489506,-3921.2156,11.442437,-1.2554054,-3908.5178
1,4,0.31914449,2,4,0.1717552,3,4,0.13446701,-3920.6918,12.507334,-0.90597867,-3907.2785
1,4,0.29374733,2,4,0.16054874,3,4,0.16246307,-3921.1103,12.335183,-1.3413808,-3907.4338
1,4,0.32165876,2,4,0.16250895,3,4,0.12894449,-3920.5516,12.262244,-0.70343839,-3907.5859
1,4,0.31421263,2,4,0.15387534,3,4,0.12522462,-3920.7815,11.866252,-0.86453118,-3908.0508
1,4,0.29218733,2,4,0.14433182,3,4,0.14067413,-3920.5349,11.543866,-0.65775727,-3908.3333
1,4,0.29371033,2,4,0.15702421,3,4,0.15206907,-3920.3414,12.056072,-0.49310629,-3907.7923
1,4,0.32766485,2,4,0.16791629,3,4,0.1338727,-3920.7006,12.589077,-0.91108754,-3907.2005
1,4,0.31430747,2,4,0.15552786,3,4,0.14006364,-3919.9058,12.197979,-0.060192678,-3907.6476
1,4,0.28741102,2,4,0.16674946,3,4,0.12306053,-3921.8663,11.54442,-1.8403866,-3908.4815
1,4,0.30087635,2,4,0.17027216,3,4,0.12715392,-3921.0186,11.966049,-1.140872,-3907.9117
1,4,0.34054927,2,4,0.14987368,3,4,0.13544092,-3920.9851,12.517277,-1.1989626,-3907.2689
1,4,0.3117531,2,4,0.15978968,3,4,0.1480762,-3920.0306,12.39238,-0.19042367,-3907.4478
1,4,0.30051365,2,4,0.16405868,3,4,0.16243549,-3921.1583,12.540156,-1.4223221,-3907.1958
1,4,0.29207095,2,4,0.14943811,3,4,0.14910146,-3920.2835,11.81221,-0.41771367,-3908.0536
1,4,0.32089753,2,4,0.13380879,3,4,0.13165742,-3921.6363,11.727275,-1.6344895,-3908.2745
1,4,0.31952997,2,4,0.14481887,3,4,0.16209195,-3920.6612,12.528816,-0.87316831,-3907.2592
1,4,0.27439355,2,4,0.16324695,3,4,0.15373606,-3921.8339,11.827531,-1.9018102,-3908.1046
1,4,0.34476848,2,4,0.17167574,3,4,0.1364055,-3921.7819,13.056994,-2.1500395,-3906.5748
1,4,0.31540779,2,4,0.12949256,3,4,0.14668217,-3921.2005,11.831651,-1.2340277,-3908.1349
1,4,0.31216181,2,4,0.14118187,3,4,0.11379997,-3923.4115,11.342873,-3.0831133,-3908.9855
1,4,0.29855038,2,4,0.14850661,3,4,0.14253485,-3920.0834,11.791837,-0.23084348,-3908.0607
1,4,0.29876266,2,4,0.14954824,3,4,0.15384453,-3920.1748,12.043109,-0.32785773,-3907.8039
1,4,0.26546761,2,4,0.14679065,3,4,0.17248333,-3923.7613,11.694832,-3.7320961,-3908.3344
1,4,0.30636981,2,4,0.1808539,3,4,0.14419752,-3921.4928,12.628425,-1.8328628,-3907.0315
1,4,0.31610497,2,4,0.15753361,3,4,0.15943056,-3920.5844,12.661383,-0.78583602,-3907.1372
1,4,0.31385762,2,4,0.14420024,3,4,0.16645435,-3920.9134,12.490244,-1.1560424,-3907.2671
1,4,0.31433664,2,4,0.1346264,3,4,0.15181976,-3920.6356,12.015656,-0.74746272,-3907.8724
1,4,0.28626609,2,4,0.18935907,3,4,0.15780894,-3923.9567,12.668682,-4.6717705,-3906.6162
1,4,0.2916869,2,4,0.1451292,3,4,0.17378904,-3921.9248,12.212103,-2.2108671,-3907.5018
1,4,0.30810973,2,4,0.16303875,3,4,0.14648759,-3920.1199,12.352721,-0.28574091,-3907.4814
1,4,0.3095343,2,4,0.13653049,3,4,0.16176901,-3920.8248,12.156676,-0.98198107,-3907.6862
1,4,0.2998242,2,4,0.13931435,3,4,0.14185689,-3920.5252,11.619909,-0.64274498,-3908.2625
1,4,0.32790485,2,4,0.13027125,3,4,0.13899786,-3921.6763,11.943479,-1.6969892,-3908.0359
1,4,0.29929053,2,4,0.12199215,3,4,0.1410138,-3922.8276,11.24593,-2.6005586,-3908.9811
1,4,0.29979708,2,4,0.17308465,3,4,0.15132528,-3921.0908,12.48414,-1.3453129,-3907.2613
1,4,0.3142757,2,4,0.14971858,3,4,0.1360186,-3920.0879,12.000258,-0.23375515,-3907.8539
1,4,0.2675807,2,4,0.13568659,3,4,0.11656261,-3926.4645,10.396598,-5.7832112,-3910.2847
1,4,0.33119103,2,4,0.12770616,3,4,0.13365632,-3922.5742,11.85107,-2.4830688,-3908.24
1,4,0.29673798,2,4,0.17011815,3,4,0.15519566,-3921.1294,12.441036,-1.3762898,-3907.3121
1,4,0.31174167,2,4,0.13816434,3,4,0.16392564,-3920.8764,12.276633,-1.065791,-3907.534
1,4,0.26834178,2,4,0.16924165,3,4,0.11913955,-3924.2403,11.13446,-3.8195442,-3909.2863
1,4,0.30168576,2,4,0.14817122,3,4,0.16037833,-3920.4531,12.204706,-0.63146022,-3907.617
1,4,0.29817466,2,4,0.16577461,3,4,0.15308025,-3920.6502,12.34059,-0.84599124,-3907.4636
1,4,0.34272694,2,4,0.14120586,3,4,0.14599491,-3921.2198,12.598554,-1.4583519,-3907.1629
1,4,0.33243209,2,4,0.15834169,3,4,0.11960461,-3921.7125,12.207568,-1.7921593,-3907.7127
1,4,0.3116947,2,4,0.18516538,3,4,0.11368082,-3923.2105,12.210818,-3.3750976,-3907.6246
1,4,0.28320265,2,4,0.15770753,3,4,0.10623699,-3925.2162,10.942943,-4.4849686,-3909.7883
1,4,0.30040212,2,4,0.15705245,3,4,0.16423373,-3920.9404,12.433766,-1.1795339,-3907.3271
1,4,0.34620283,2,4,0.15040772,3,4,0.12793836,-3921.7812,12.490978,-2.0036077,-3907.2866
1,4,0.2954404,2,4,0.13954736,3,4,0.16205216,-3920.9283,11.940799,-1.0628403,-3907.9246
1,4,0.30302012,2,4,0.1464857,3,4,0.16751307,-3920.9939,12.340378,-1.2334346,-3907.4201
1,4,0.31035335,2,4,0.15584276,3,4,0.13283093,-3920.1549,11.980541,-0.29544102,-3907.879
1,4,0.25974364,2,4,0.1364212,3,4,0.15231074,-3923.9068,10.969511,-3.504032,-3909.4332
1,4,0.32198265,2,4,0.15547968,3,4,0.12354614,-3921.0052,12.020169,-1.0857897,-3907.8992
1,4,0.33931373,2,4,0.14549477,3,4,0.14626489,-3920.8426,12.621468,-1.0640369,-3907.1571
1,4,0.29315606,2,4,0.15797648,3,4,0.163358,-3921.085,12.289811,-1.3084473,-3907.4867
1,4,0.31662778,2,4,0.16533692,3,4,0.15052725,-3920.4548,12.649839,-0.64031436,-3907.1647
1,4,0.28356598,2,4,0.15171194,3,4,0.15216569,-3920.7894,11.748872,-0.88884263,-3908.1517
1,4,0.31704672,2,4,0.11683851,3,4,0.14959733,-3923.1783,11.669651,-2.8751323,-3908.6335
1,4,0.31631398,2,4,0.14949044,3,4,0.13700081,-3920.0685,12.056105,-0.21675224,-3907.7956
1,4,0.32569483,2,4,0.13407785,3,4,0.1287098,-3922.0213,11.76965,-1.9835719,-3908.2681
1,4,0.30333918,2,4,0.14060684,3,4,0.12444576,-3921.7855,11.367836,-1.7664204,-3908.6513
1,4,0.29197641,2,4,0.17430813,3,4,0.1411093,-3921.1418,12.147877,-1.3418499,-3907.6521
1,4,0.2893512,2,4,0.13763019,3,4,0.13743959,-3921.3319,11.288419,-1.390986,-3908.6525
1,4,0.31383746,2,4,0.16735822,3,4,0.15835061,-3921.0543,12.790926,-1.3014521,-3906.9619
1,4,0.29320326,2,4,0.13160163,3,4,0.13480182,-3922.0251,11.192134,-1.9950857,-3908.8379
1,4,0.29520276,2,4,0.13347372,3,4,0.15282907,-3921.0372,11.630111,-1.0934974,-3908.3136
1,4,0.34528987,2,4,0.14741227,3,4,0.15157915,-3921.3026,12.885626,-1.5933358,-3906.8237
1,4,0.31192201,2,4,0.16267704,3,4,0.13514483,-3920.1508,12.194877,-0.30753158,-3907.6484
1,4,0.27476043,2,4,0.1390515,3,4,0.16337028,-3922.3154,11.543644,-2.2726473,-3908.4992
1,4,0.28804264,2,4,0.14468647,3,4,0.10540506,-3926.0256,10.762683,-5.1684701,-3910.0945
1,4,0.32321158,2,4,0.16780588,3,4,0.1203807,-3921.445,12.227963,-1.5599846,-3907.6571
1,4,0.27108822,2,4,0.15056494,3,4,0.14939838,-3921.788,11.421031,-1.7492375,-3908.6178
1,4,0.32808495,2,4,0.13030041,3,4,0.12357609,-3923.3228,11.639229,-3.0838485,-3908.5997
1,4,0.34035609,2,4,0.15613271,3,4,0.1376112,-3920.8588,12.682,-1.0899361,-3907.0868
1,4,0.295553,2,4,0.1365751,3,4,0.16659481,-3921.3833,11.974458,-1.5246682,-3907.8841
1,4,0.3156485,2,4,0.13589688,3,4,0.13330437,-3921.1836,11.696995,-1.2313246,-3908.2553
1,4,0.28202094,2,4,0.17525401,3,4,0.13233688,-3921.9804,11.792237,-2.0617617,-3908.1264
1,4,0.29703309,2,4,0.12615628,3,4,0.14392617,-3922.0274,11.342311,-1.9399478,-3908.7451
1,4,0.2856352,2,4,0.1580344,3,4,0.15482144,-3920.8614,11.969821,-0.99701823,-3907.8946
1,4,0.29980002,2,4,0.16780618,3,4,0.1473402,-3920.5114,12.298928,-0.69820556,-3907.5143
1,4,0.33620946,2,4,0.14566727,3,4,0.15506105,-3920.8933,12.738756,-1.1260181,-3907.0285
1,4,0.31681434,2,4,0.14386107,3,4,0.15899724,-3920.4279,12.393453,-0.61062151,-3907.4238
1,4,0.31895359,2,4,0.15171959,3,4,0.12989217,-3920.4579,12.011307,-0.58196448,-3907.8646
1,4,0.32280025,2,4,0.13475459,3,4,0.13247468,-3921.4841,11.80059,-1.5081421,-3908.1754
1,4,0.28795313,2,4,0.14193004,3,4,0.15616632,-3920.871,11.72099,-0.96646976,-3908.1836
1,4,0.29677561,2,4,0.17361497,3,4,0.16206316,-3922.0058,12.649075,-2.386963,-3906.9698
1,4,0.29990862,2,4,0.15785848,3,4,0.11884332,-3921.7158,11.532208,-1.6673553,-3908.5162
1,4,0.288189,2,4,0.15001511,3,4,0.14352739,-3920.4691,11.63463,-0.58817184,-3908.2463
1,4,0.2966686,2,4,0.16732234,3,4,0.14260196,-3920.4795,12.131858,-0.6472325,-3907.7005
1,4,0.30944888,2,4,0.14944562,3,4,0.11974701,-3921.6707,11.57283,-1.6317446,-3908.4661
1,4,0.32638815,2,4,0.13726913,3,4,0.13202986,-3921.3456,11.913743,-1.4023211,-3908.0295
1,4,0.28492535,2,4,0.14610581,3,4,0.14006223,-3920.884,11.421868,-0.97501667,-3908.4871
1,4,0.35414201,2,4,0.15159579,3,4,0.14546446,-3921.8221,13.024045,-2.2049237,-3906.5931
1,4,0.31130735,2,4,0.17711891,3,4,0.1520347,-3921.4734,12.809219,-1.7957444,-3906.8684
1,4,0.29040925,2,4,0.14078244,3,4,0.16862191,-3921.5584,11.996272,-1.7270325,-3907.8351
1,4,0.29682544,2,4,0.13883623,3,4,0.17343872,-3921.8453,12.182008,-2.1001179,-3907.5631
1,4,0.3180078,2,4,0.19195986,3,4,0.099761354,-3926.1362,12.19458,-6.0566892,-3907.8849
1,4,0.2783029,2,4,0.14379632,3,4,0.13478983,-3921.8226,11.137781,-1.8270734,-3908.8578
1,4,0.30951957,2,4,0.16866948,3,4,0.16229429,-3921.4656,12.809667,-1.7741798,-3906.8818
1,4,0.29434587,2,4,0.14240183,3,4,0.14232521,-3920.4916,11.581458,-0.61537397,-3908.2947
1,4,0.31825114,2,4,0.15261955,3,4,0.12274185,-3921.1199,11.872251,-1.1689129,-3908.0787
1,4,0.27620302,2,4,0.14540682,3,4,0.16312958,-3921.9275,11.694788,-1.9643087,-3908.2684
1,4,0.27534781,2,4,0.16488873,3,4,0.1395199,-3921.6644,11.595129,-1.6796093,-3908.3896
1,4,0.28338624,2,4,0.13839364,3,4,0.16173249,-3921.5775,11.670247,-1.6234329,-3908.2839
1,4,0.279668,2,4,0.14947313,3,4,0.14594628,-3921.024,11.501748,-1.0845277,-3908.4377
1,4,0.29775127,2,4,0.15769695,3,4,0.1637957,-3920.9802,12.384879,-1.2147988,-3907.3805
1,4,0.26919434,2,4,0.17332953,3,4,0.1496686,-3922.8568,11.843849,-2.9158285,-3908.0971
1,4,0.30611949,2,4,0.13755488,3,4,0.15040361,-3920.4127,11.881559,-0.53350272,-3907.9977
1,4,0.27631708,2,4,0.14951393,3,4,0.15182965,-3921.3446,11.553213,-1.3735765,-3908.4178
1,4,0.290366,2,4,0.16949599,3,4,0.13551225,-3920.9518,11.907485,-1.0836833,-3907.9606
1,4,0.32119205,2,4,0.15015579,3,4,0.12511346,-3920.9864,11.929226,-1.0609404,-3907.9962
1,4,0.33220059,2,4,0.16991851,3,4,0.12228838,-3921.6018,12.48815,-1.8101566,-3907.3035
1,4,0.32072988,2,4,0.15959517,3,4,0.13902624,-3920.0825,12.387026,-0.24469235,-3907.4508
1,4,0.33114603,2,4,0.16597832,3,4,0.14965472,-3920.9292,12.935581,-1.1472952,-3906.8463
1,4,0.31931412,2,4,0.15215509,3,4,0.14694317,-3919.9599,12.368248,-0.11694362,-3907.4747
1,4,0.34147202,2,4,0.15616548,3,4,0.14774261,-3920.9854,12.907602,-1.2306792,-3906.8471
1,4,0.35368758,2,4,0.16050785,3,4,0.14321843,-3921.9197,13.148277,-2.3128001,-3906.4587
1,4,0.30016414,2,4,0.15465998,3,4,0.16418704,-3920.8554,12.380223,-1.0827729,-3907.3924
1,4,0.30180559,2,4,0.14515692,3,4,0.13569354,-3920.3927,11.653121,-0.52492933,-3908.2147
1,4,0.33072625,2,4,0.14498242,3,4,0.14218433,-3920.4498,12.35786,-0.61973909,-3907.4722
1,4,0.30578191,2,4,0.15897134,3,4,0.14022048,-3919.9626,12.099475,-0.11680039,-3907.7464
1,4,0.28305378,2,4,0.14365625,3,4,0.12755659,-3922.1398,11.085332,-2.1160646,-3908.9384
1,4,0.32888889,2,4,0.16728687,3,4,0.14384728,-3920.7048,12.800461,-0.91501586,-3906.9894
1,4,0.32152525,2,4,0.12331309,3,4,0.1666942,-3922.4433,12.230651,-2.5395974,-3907.6731
1,4,0.28776771,2,4,0.15580941,3,4,0.12973193,-3921.0803,11.466181,-1.1430122,-3908.4711
1,4,0.29603544,2,4,0.1370434,3,4,0.14163994,-3920.8458,11.494375,-0.93660236,-3908.4148
1,4,0.30326577,2,4,0.15395873,3,4,0.16166348,-3920.586,12.37776,-0.78949409,-3907.4188
1,4,0.28538988,2,4,0.16986836,3,4,0.1334752,-3921.3362,11.774669,-1.4254957,-3908.136
1,4,0.33370763,2,4,0.14667761,3,4,0.15324864,-3920.672,12.672678,-0.88115426,-3907.1182
1,4,0.32119168,2,4,0.13839629,3,4,0.16438557,-3921.0386,12.479471,-1.2641802,-3907.2949
1,4,0.28303322,2,4,0.16946886,3,4,0.13739428,-3921.3341,11.797927,-1.4291645,-3908.107
1,4,0.31326057,2,4,0.16196736,3,4,0.14396325,-3920.0431,12.383824,-0.20488309,-3907.4544
1,4,0.32566986,2,4,0.14707248,3,4,0.13289045,-3920.5579,12.112656,-0.69305623,-3907.7522
1,4,0.31947029,2,4,0.16018715,3,4,0.12362712,-3920.919,12.065691,-1.0145249,-3907.8388
1,4,0.32178862,2,4,0.14380192,3,4,0.14117153,-3920.2334,12.135241,-0.38087133,-3907.7173
1,4,0.32593208,2,4,0.16973458,3,4,0.15012577,-3921.0072,12.915849,-1.2383577,-3906.853
1,4,0.28754949,2,4,0.16636413,3,4,0.14646944,-3920.8521,12.007661,-0.99909858,-3907.8453
1,4,0.32130094,2,4,0.13529851,3,4,0.13107182,-3921.5249,11.753425,-1.5397,-3908.2318
1,4,0.26222957,2,4,0.14744291,3,4,0.12834069,-3924.049,10.760263,-3.702211,-3909.5866
1,4,0.32291617,2,4,0.15733115,3,4,0.13459612,-3920.2134,12.296869,-0.37182624,-3907.5447
1,4,0.28202218,2,4,0.15032599,3,4,0.14692901,-3920.8302,11.585543,-0.91241807,-3908.3322
1,4,0.3434456,2,4,0.15278292,3,4,0.1206228,-3922.2645,12.337026,-2.3920121,-3907.5355
1,4,0.29855487,2,4,0.16784212,3,4,0.14435528,-3920.4759,12.215046,-0.65353498,-3907.6073
1,4,0.35337476,2,4,0.12605374,3,4,0.14442719,-3923.4303,12.477114,-3.6198607,-3907.3333
1,4,0.31867997,2,4,0.16197961,3,4,0.12763509,-3920.5802,12.165893,-0.71599618,-3907.6983
1,4,0.28908233,2,4,0.1645815,3,4,0.16264608,-3921.5424,12.326198,-1.7986035,-3907.4176
1,4,0.31801854,2,4,0.16156473,3,4,0.14070362,-3920.0738,12.405738,-0.23683711,-3907.4312
1,4,0.31089068,2,4,0.14980504,3,4,0.15419498,-3920.062,12.297814,-0.22450161,-3907.5397
1,4,0.33144016,2,4,0.14019838,3,4,0.15716715,-3920.9,12.576114,-1.1143368,-3907.2095
1,4,0.32059987,2,4,0.16462716,3,4,0.13490054,-3920.3257,12.402551,-0.49918829,-3907.424
1,4,0.32318632,2,4,0.15878438,3,4,0.15055031,-3920.2893,12.65042,-0.45891001,-3907.1799
1,4,0.31437383,2,4,0.16379998,3,4,0.13574468,-3920.1828,12.27837,-0.34567026,-3907.5588
1,4,0.32872936,2,4,0.14367491,3,4,0.13370535,-3920.7814,12.122192,-0.91127028,-3907.748
1,4,0.32519811,2,4,0.16284175,3,4,0.13419968,-3920.3991,12.444791,-0.57563827,-3907.3786
1,4,0.31083671,2,4,0.12915499,3,4,0.14095296,-3921.4589,11.618893,-1.4531784,-3908.3868
1,4,0.28387141,2,4,0.18490028,3,4,0.1538585,-3923.1529,12.452604,-3.6348511,-3907.0655
1,4,0.29929097,2,4,0.14890094,3,4,0.15045625,-3920.0687,11.972963,-0.21800601,-3907.8777
1,4,0.33025414,2,4,0.15997874,3,4,0.16443494,-3921.6194,13.093356,-1.921059,-3906.605
1,4,0.32882413,2,4,0.14640958,3,4,0.14943696,-3920.3449,12.493413,-0.52220141,-3907.3293
1,4,0.30161561,2,4,0.13190708,3,4,0.14989601,-3920.9876,11.668374,-1.0419542,-3908.2773
1,4,0.3176961,2,4,0.14719795,3,4,0.15482806,-3920.1801,12.394442,-0.34833548,-3907.4373
1,4,0.33496036,2,4,0.16253412,3,4,0.13465429,-3920.7617,12.642975,-0.97758463,-3907.1411
1,4,0.31023123,2,4,0.14765051,3,4,0.16207194,-3920.5155,12.399074,-0.71501019,-3907.4014
1,4,0.32556619,2,4,0.16846341,3,4,0.13141963,-3920.74,12.508984,-0.94317341,-3907.2878
1,4,0.31611283,2,4,0.1519732,3,4,0.1285111,-3920.5312,11.931943,-0.6433963,-3907.9559
1,4,0.31748596,2,4,0.13820376,3,4,0.13414251,-3920.9031,11.796645,-0.98445173,-3908.122
1,4,0.30950539,2,4,0.17890218,3,4,0.15227279,-3921.6733,12.813607,-2.0307901,-3906.8289
1,4,0.30077523,2,4,0.18408687,3,4,0.14970934,-3922.1838,12.691429,-2.6317519,-3906.8607
1,4,0.3183129,2,4,0.15425199,3,4,0.138374,-3919.9859,12.218778,-0.1406167,-3907.6265
1,4,0.3175026,2,4,0.1331164,3,4,0.17472012,-3922.13,12.506782,-2.4699414,-3907.1533
1,4,0.2985684,2,4,0.16049493,3,4,0.13813202,-3920.1802,11.943907,-0.32588718,-3907.9104
1,4,0.30330227,2,4,0.12345411,3,4,0.12808446,-3923.811,11.096817,-3.4553032,-3909.2589
1,4,0.28291601,2,4,0.15489358,3,4,0.12589094,-3921.8041,11.274011,-1.7809235,-3908.7491
1,4,0.32930241,2,4,0.13531868,3,4,0.17639633,-3922.5498,12.820348,-3.0323618,-3906.697
1,4,0.33543201,2,4,0.16565091,3,4,0.14513358,-3920.9482,12.92433,-1.1795092,-3906.8443
1,4,0.28209791,2,4,0.14857172,3,4,0.14211389,-3920.9237,11.45567,-1.0015799,-3908.4665
1,4,0.3278033,2,4,0.14743603,3,4,0.1636148,-3921.0293,12.777083,-1.2863792,-3906.9658
1,4,0.31185223,2,4,0.16033132,3,4,0.14157289,-3919.9663,12.275129,-0.12406224,-3907.5671
1,4,0.30633959,2,4,0.15697943,3,4,0.12845196,-3920.4866,11.83542,-0.59893603,-3908.0522
1,4,0.31441658,2,4,0.17858506,3,4,0.10947116,-3923.3377,12.049456,-3.2827029,-3908.0055
1,4,0.29701212,2,4,0.14427077,3,4,0.14521473,-3920.238,11.729952,-0.37567757,-3908.1324
1,4,0.31069463,2,4,0.16508429,3,4,0.1448094,-3920.1889,12.411766,-0.36065264,-3907.4165
1,4,0.30612005,2,4,0.15605767,3,4,0.14855186,-3919.9431,12.214592,-0.099162479,-3907.6294
1,4,0.34027373,2,4,0.1461417,3,4,0.14291084,-3920.8851,12.586525,-1.1064562,-3907.1922
1,4,0.28609341,2,4,0.17072487,3,4,0.13916728,-3921.1825,11.919711,-1.3156202,-3907.9471
1,4,0.30954923,2,4,0.16344865,3,4,0.16418249,-3921.2424,12.743608,-1.5252204,-3906.9736
1,4,0.31580181,2,4,0.16315969,3,4,0.14261485,-3920.1073,12.431527,-0.27291726,-3907.4028
1,4,0.30806751,2,4,0.1494536,3,4,0.15107467,-3919.9549,12.171916,-0.11084894,-3907.6722
1,4,0.29602693,2,4,0.16503438,3,4,0.16461597,-3921.5194,12.513546,-1.8206378,-3907.1852
1,4,0.29943109,2,4,0.14635898,3,4,0.14909427,-3920.0938,11.897687,-0.23966214,-3907.9565
1,4,0.28575037,2,4,0.17747994,3,4,0.14440424,-3921.7788,12.152691,-2.0081989,-3907.6179
1,4,0.29278325,2,4,0.12176158,3,4,0.16670558,-3923.0109,11.625008,-2.848792,-3908.5371
1,4,0.33989073,2,4,0.14041747,3,4,0.12924065,-3921.8807,12.190977,-1.9857698,-3907.7039
1,4,0.32858946,2,4,0.14365993,3,4,0.15613726,-3920.6202,12.567733,-0.81898138,-3907.2335
1,4,0.31102716,2,4,0.11729996,3,4,0.16918114,-3923.3846,11.950165,-3.268746,-3908.1657
1,4,0.28599453,2,4,0.15987885,3,4,0.15262801,-3920.8091,11.970028,-0.94424541,-3907.8948
1,4,0.29726531,2,4,0.14059903,3,4,0.15487092,-3920.4959,11.854705,-0.62164814,-3908.0195
1,4,0.29927333,2,4,0.12663607,3,4,0.14973629,-3921.7012,11.512914,-1.6507117,-3908.5375
1,4,0.34821555,2,4,0.16719383,3,4,0.14935592,-3922.0654,13.295306,-2.430289,-3906.3398
1,4,0.31456499,2,4,0.11342256,3,4,0.1493802,-3923.9166,11.547355,-3.4365075,-3908.9328
1,4,0.27766733,2,4,0.16693687,3,4,0.15233434,-3921.713,11.938771,-1.8301471,-3907.9441
1,4,0.34912847,2,4,0.14181087,3,4,0.12842376,-3922.4288,12.387262,-2.6120873,-3907.4295
1,4,0.28061734,2,4,0.14405979,3,4,0.14028395,-3921.2901,11.299222,-1.3402955,-3908.6506
1,4,0.29850877,2,4,0.15009265,3,4,0.15735199,-3920.3386,12.119068,-0.50172231,-3907.7178
1,4,0.29433027,2,4,0.15102499,3,4,0.14300203,-3920.1707,11.767146,-0.31182908,-3908.0917
1,4,0.32763771,2,4,0.11623498,3,4,0.15859184,-3923.4103,12.049291,-3.2483362,-3908.1127
1,4,0.27765178,2,4,0.15705509,3,4,0.12804799,-3921.9907,11.255097,-1.9391151,-3908.7965
1,4,0.29012515,2,4,0.14419304,3,4,0.15154388,-3920.544,11.717241,-0.65873229,-3908.168
1,4,0.30849951,2,4,0.14946584,3,4,0.14818526,-3919.8944,12.123012,-0.0485429,-3907.7228
1,4,0.30631239,2,4,0.17178598,3,4,0.13962157,-3920.5787,12.354399,-0.78121524,-3907.4431
1,4,0.29062908,2,4,0.14386615,3,4,0.14811217,-3920.501,11.652148,-0.61750169,-3908.2313
1,4,0.27117453,2,4,0.15439219,3,4,0.15432536,-3921.8878,11.597842,-1.8737202,-3908.4162
1,4,0.3135315,2,4,0.16815292,3,4,0.14538812,-3920.4058,12.541451,-0.59571584,-3907.2687
1,4,0.30101308,2,4,0.13539583,3,4,0.15360207,-3920.7013,11.80022,-0.79878317,-3908.1023
1,4,0.34829518,2,4,0.17018507,3,4,0.14336838,-3922.0355,13.236973,-2.422484,-3906.3761
1,4,0.32005571,2,4,0.13762878,3,4,0.14019065,-3920.6362,11.957503,-0.74701755,-3907.9317
1,4,0.30068384,2,4,0.17738704,3,4,0.15068504,-3921.4619,12.575118,-1.7757937,-3907.111
1,4,0.30330609,2,4,0.1647698,3,4,0.15674038,-3920.7211,12.496325,-0.93468164,-3907.2901
1,4,0.29538147,2,4,0.17233265,3,4,0.15865808,-3921.6138,12.527444,-1.9239537,-3907.1624
1,4,0.34272155,2,4,0.17483229,3,4,0.13974882,-3921.9253,13.146053,-2.3096471,-3906.4696
1,4,0.29665419,2,4,0.13691881,3,4,0.14982329,-3920.672,11.667926,-0.76861731,-3908.2354
1,4,0.30002955,2,4,0.16650763,3,4,0.16142315,-3921.2518,12.559207,-1.526043,-3907.1665
1,4,0.30145702,2,4,0.12319461,3,4,0.13162154,-3923.4354,11.125463,-3.1416037,-3909.1683
1,4,0.33767926,2,4,0.15186284,3,4,0.12636268,-3921.3667,12.318096,-1.5185627,-3907.5301
1,4,0.33874325,2,4,0.1491853,3,4,0.13432815,-3920.9513,12.445134,-1.1474846,-3907.3587
1,4,0.33952038,2,4,0.12802774,3,4,0.15984042,-3922.2815,12.547771,-2.5116345,-3907.2221
1,4,0.29113302,2,4,0.16456801,3,4,0.1606543,-3921.2912,12.327106,-1.5283913,-3907.4357
1,4,0.34279684,2,4,0.18213136,3,4,0.14332008,-3922.7877,13.364966,-3.3157289,-3906.107
1,4,0.33365861,2,4,0.16656799,3,4,0.13020861,-3921.006,12.608704,-1.2326391,-3907.1647
1,4,0.3145347,2,4,0.16026544,3,4,0.12547359,-3920.702,12.005475,-0.80668131,-3907.8899
1,4,0.29338717,2,4,0.16026346,3,4,0.12958029,-3920.7961,11.664618,-0.88658781,-3908.2449
1,4,0.27978233,2,4,0.1204067,3,4,0.15081395,-3923.8372,11.02006,-3.4249838,-3909.3922
1,4,0.31119322,2,4,0.16128374,3,4,0.13756411,-3920.0419,12.200821,-0.19876939,-3907.6423
1,4,0.31341543,2,4,0.12047856,3,4,0.15605362,-3922.4136,11.798952,-2.2807465,-3908.3339
1,4,0.27570848,2,4,0.15778493,3,4,0.13331985,-3921.7397,11.336265,-1.7177826,-3908.6857
1,4,0.30877214,2,4,0.13195445,3,4,0.14573682,-3920.9357,11.729268,-0.99541883,-3908.211
1,4,0.29403646,2,4,0.17515015,3,4,0.11614975,-3922.702,11.706727,-2.6226393,-3908.3726
1,4,0.27796256,2,4,0.16176722,3,4,0.16017674,-3921.8382,11.99813,-1.9810168,-3907.859
1,4,0.31089275,2,4,0.14153142,3,4,0.1377186,-3920.3821,11.802855,-0.5085407,-3908.0707
