3 0.00369618   0.183964 0.00072687   0.0037345     0.18254 0.000747265
3  0.182981 0.0585652 0.0621049  0.181586 0.0588217 0.0623548
3    0.183076 0.000692883  0.00387021    0.181686 0.000713781  0.00390818
3 0.000517997  0.00400315    0.182292 0.000536027  0.00404155    0.180926
3  0.00368531    0.182677 0.000725563  0.00372145    0.181296 0.000744267
3 0.000776092    0.183885  0.00380298 0.000797271    0.182461  0.00384064
3 0.00026506 0.00427344    0.18453 0.000279094  0.00431471    0.183078
3  0.182991 0.0601519 0.0615923    0.1816 0.0604062 0.0618435
3    0.183614 0.000509319  0.00397832    0.182199 0.000526689  0.00402027
3    0.184469 0.000763571  0.00381041    0.183018 0.000785233    0.003848
3 0.0613686 0.0591245  0.181081 0.0616164 0.0593801  0.179747
3  0.00370534 0.000734768    0.185886  0.00374168 0.000755473    0.184389
3 0.0615554 0.0599366   0.18272 0.0618072 0.0601954  0.181332
3    0.184791 0.000727583  0.00384061    0.183308 0.000749374  0.00387858
3   0.0038347 0.000532846    0.182562  0.00387133 0.000550242    0.181181
3 0.0653026 0.0587626  0.182927 0.0655519 0.0590202  0.181539
3    0.182424  0.00405753 0.000489209    0.181052  0.00409768 0.000506998
3   0.183704 0.00374572 0.00069484     0.18229  0.00378288 0.000714591
3    0.183253 0.000708173  0.00385242    0.181843 0.000729859  0.00389044
3  0.00372026    0.181765 0.000704075  0.00375377     0.18042 0.000725204
3  0.00375952 0.000666627    0.181819  0.00379618 0.000684489    0.180466
3 0.0591475 0.0615533   0.18296 0.0594039 0.0618049  0.181564
3 0.000654871   0.0038969    0.183307 0.000674701  0.00393513    0.181902
3   0.0038352 0.000527128    0.184698   0.0038703 0.000545962    0.183233
3  0.063544 0.0590576  0.187089 0.0637973 0.0593255  0.185549
3  0.00417052    0.185042 0.000448665  0.00421476     0.18358 0.000465808
3 0.00399486  0.0006022   0.186042  0.00403696 0.000621908     0.18453
3  0.184642 0.0621225  0.059492  0.183189 0.0623708 0.0597561
3 0.0621414  0.183661 0.0597744 0.0623936  0.182245 0.0600335
3  0.00372094    0.182994 0.000685194  0.00375681    0.181594 0.000704629
3 0.0596839  0.182954 0.0615014 0.0599377  0.181561 0.0617514
3 0.000505371  0.00403719    0.184033 0.00052211 0.00407875   0.182606
3 0.000632316  0.00388871    0.182498 0.000649687  0.00392916    0.181124
3 0.000427408  0.00405629    0.184794 0.000443151   0.0040998    0.183333
3 0.0581084  0.183005 0.0620835 0.0583666  0.181604  0.062333
3 0.0616385 0.0595934  0.183081 0.0618895 0.0598513  0.181678
3    0.186125 0.000700061  0.00386607    0.184613 0.000721682  0.00390484
3 0.000743834  0.00384258    0.183935 0.000764565  0.00388089    0.182518
3    0.185081 0.000946093  0.00363081    0.183631 0.000968571  0.00367119
3  0.182728 0.0626727 0.0584287   0.18134 0.0629239 0.0586925
3   0.187047 0.00131758 0.00345674   0.185488 0.00135003 0.00349421
3 0.000540039    0.184986  0.00400175 0.000557092    0.183526  0.00404111
3 0.00067792 0.00388067   0.182646 0.000698149  0.00391978    0.181263
3  0.00369305     0.18094 0.000716467  0.00372949     0.17961 0.000736356
3  0.00350164      0.1855 0.000803833  0.00353609     0.18401 0.000825873
3   0.05946 0.0617199  0.182419 0.0597164 0.0619698  0.181043
3  0.183708 0.0590377 0.0618869  0.182282 0.0593035 0.0621388
3 0.000701314     0.18312  0.00386555 0.000719105    0.181726  0.00390577
3 0.000765368  0.00379758    0.183101 0.000789396  0.00383592    0.181695
3    0.185528 0.000643243  0.00391788    0.184024 0.000662663   0.0039578
3   0.0037989    0.182985 0.000626762    0.003836    0.181588 0.000646538
3 0.0615975   0.05994  0.183989 0.0618514 0.0602008  0.182565
3 0.000741111    0.184073  0.00383573 0.000764107    0.182641  0.00387272
3 0.0593657  0.184761 0.0622708 0.0596269  0.183303 0.0625223
3  0.182691 0.0624137 0.0587852    0.1813 0.0626611 0.0590482
3  0.00406104 0.000471867    0.182793  0.00410097 0.000489931    0.181402
3  0.185517  0.059749 0.0617096  0.184027 0.0600096 0.0619652
3  0.00371042 0.000699024    0.183197  0.00374597 0.000720973    0.181803
3  0.184158 0.0613601 0.0608693  0.182722 0.0616119 0.0611227
3    0.185288  0.00415234 0.000422469    0.183807  0.00419463 0.000439957
3 0.0604705   0.18335 0.0599952 0.0607229   0.18194 0.0602543
3 0.000586819  0.00396298    0.183202 0.000607122  0.00399937    0.181801
3 0.00336411 0.00102912   0.184108 0.00339786   0.001054   0.182671
3  0.184148 0.0599039 0.0616028  0.182715  0.060162 0.0618565
3 0.00130327   0.185048 0.00351031 0.00133722   0.183583 0.00354692
3 0.00134274   0.182936 0.00343811 0.00137528   0.181526 0.00347551
3 0.000706642  0.00384727    0.182903 0.000729017  0.00388507    0.181509
3 0.000565729  0.00396135    0.184967 0.000583644  0.00400147    0.183502
3    0.183239  0.00368935 0.000719049    0.181838  0.00372625 0.000739588
3 0.00297586 0.00131125   0.184525 0.00300366   0.001345   0.183076
3  0.0033672 0.00103164   0.183951 0.00339988  0.0010576   0.182539
3   0.183693 0.00082759  0.0037101    0.182273 0.000850123  0.00375003
3 0.000771671  0.00380631    0.184601 0.000794817  0.00384307    0.183163
3  0.0004121 0.00411565   0.183623 0.000428958   0.0041541    0.182198
3 0.0600932  0.185294 0.0617605 0.0603566  0.183814 0.0620128
3 0.0597109  0.061477  0.183331 0.0599696 0.0617309  0.181928
3 0.0597189 0.0624313  0.184736 0.0599789 0.0626835  0.183286
3  0.184768 0.0582916 0.0621829  0.183313 0.0585488 0.0624347
3  0.182993 0.0579004 0.0614842  0.181596 0.0581541 0.0617339
3    0.184298 0.000749293  0.00382891    0.182863 0.000769287  0.00386933
3  0.00388726    0.181677 0.000499724  0.00392387    0.180328 0.000515598
3 0.00126245 0.00350038    0.18288 0.00129647 0.00353617   0.181487
3 0.000703846  0.00385747    0.184593 0.000726848   0.0038964    0.183123
3    0.181928  0.00367679 0.000779203    0.180579  0.00371379 0.000798237
3  0.186874 0.0668615 0.0575555  0.185334 0.0671095 0.0578267
3  0.186439 0.0595736 0.0619864  0.184914 0.0598402 0.0622455
3 0.000701955    0.183622  0.00387138 0.000722046     0.18221  0.00390957
3  0.185086 0.0590651 0.0624422  0.183619 0.0593248 0.0626956
3  0.183075 0.0618494 0.0587689  0.181672 0.0621035 0.0590337
3 0.000422956  0.00407142    0.183205 0.00043891 0.00411298   0.181802
3 0.0595878 0.0621292  0.183988 0.0598443   0.06238   0.18256
3  0.00341043 0.000998387    0.183377 0.00344396 0.00102184   0.181989
3  0.00381709 0.000592372     0.18439  0.00385225 0.000610733    0.182941
3 0.00080874    0.18393 0.00376947 0.000829342    0.182512  0.00381036
3 0.00076257   0.183543 0.00378334 0.000784214    0.182129  0.00382306
3 0.0595272  0.181796 0.0605686 0.0597825  0.180432 0.0608211
3 0.0660024 0.0583275   0.18517 0.0662536 0.0585975  0.183694
3 0.000799775    0.184527  0.00379135 0.000824712    0.183081  0.00382911
3 0.0646481 0.0583145  0.183879 0.0649009 0.0585769  0.182437
3 0.0595692  0.182113 0.0608619 0.0598282  0.180738 0.0611142
3  0.0022444 0.00150936   0.183653 0.00226338 0.00153465   0.182261
3 0.0604094 0.0592832  0.183651 0.0606617 0.0595432  0.182223
3  0.183697 0.0599134 0.0614847  0.182273 0.0601714 0.0617352
3   0.180475 0.00378705 0.00061915    0.179161  0.00382114 0.000637444
3  0.00383681 0.000547271    0.183595  0.00387069 0.000566642    0.182181
3    0.182325  0.00370795 0.000652668   0.180952 0.00374201 0.00067148
3 0.0600873   0.18434 0.0614577 0.0603447  0.182895 0.0617123
3 0.0596568 0.0620763  0.184415 0.0599151 0.0623271  0.182977
3    0.184116 0.000823754  0.00370117    0.182684 0.000843579  0.00374213
3  0.00377894    0.182615 0.000618488  0.00381506    0.181236 0.000636864
3  0.183223 0.0593558  0.062038   0.18182 0.0596177 0.0622902
3 0.0620699  0.184011 0.0599144 0.0623203  0.182589 0.0601697
3 0.0677927  0.184814  0.056389 0.0680425   0.18334 0.0566602
3    0.185547 0.000705151  0.00385082    0.184069 0.000727181  0.00388948
3 0.0593439 0.0622567  0.185164 0.0596051  0.062511  0.183689
3 0.00022248   0.184142 0.00428291 0.000234968    0.182696  0.00432566
3   0.18439 0.0597969 0.0616765  0.182942 0.0600571 0.0619304
3      0.1853 0.000733843  0.00382977    0.183816 0.000757751  0.00386707
3 0.0595737  0.184447 0.0620189 0.0598385  0.182998 0.0622744
3  0.00383397 0.000575657    0.182765  0.00386835 0.000593172    0.181383
3 0.0597068  0.185383 0.0618724 0.0599662  0.183904 0.0621266
3 0.0620403 0.0599073  0.183327 0.0622911 0.0601672  0.181923
3  0.00373583 0.000681042    0.183546  0.00376965 0.000703036    0.182132
3 0.0591173 0.0626837  0.184993   0.05938 0.0629361  0.183532
3 0.0616171 0.0602345  0.183324 0.0618689 0.0604886  0.181921
3 0.0620969 0.0599289  0.185723 0.0623518 0.0601914  0.184228
3  0.183288 0.0592939 0.0614858  0.181876 0.0595546 0.0617382
3 0.0606588  0.184324 0.0615235 0.0609161  0.182884 0.0617758
3    0.183625 0.000827755  0.00374917    0.182203 0.000850981  0.00378791
3 0.0618618  0.183845 0.0598684 0.0621137  0.182422 0.0601248
3  0.184312  0.061507 0.0598373   0.18287 0.0617609 0.0600948
3  0.057648  0.180874 0.0616786 0.0579031  0.179548  0.061924
3 0.000291465  0.00422384     0.18507 0.000306461    0.004264    0.183591
3  0.184154 0.0616827 0.0598347  0.182717 0.0619341 0.0600922
3  0.185598 0.0603388 0.0608913  0.184111 0.0605919 0.0611516
3 0.0620886  0.183851 0.0602972  0.062341  0.182428 0.0605559
3  0.181546 0.0591068 0.0613925  0.180204 0.0593618 0.0616423
3  0.182795 0.0612804  0.059485    0.1814 0.0615319 0.0597419
3 0.0678308  0.184335 0.0580013 0.0680742  0.182896 0.0582684
3    0.184048 0.000533406  0.00399241    0.182602 0.000553636  0.00403139
3 0.00046889 0.00409535   0.184782 0.000486441  0.00413478    0.183319
3 0.000783136  0.00375939    0.183834 0.000804101  0.00379843      0.1824
3 0.0602014   0.18562 0.0622683 0.0604637  0.184133 0.0625213
3 0.000762234    0.183524  0.00382032 0.000784013    0.182103  0.00385866
3 0.0621619   0.18423 0.0598652 0.0624135  0.182796 0.0601228
3   0.185604 0.00239676 0.00128891   0.184119 0.00241508 0.00131348
3   0.0037631    0.183504 0.000642957  0.00380009    0.182095 0.000662171
3 0.0620785 0.0591105  0.183073 0.0623305 0.0593707  0.181672
3  0.059041  0.184232 0.0624234 0.0593014  0.182799 0.0626735
3 0.0605494   0.18305 0.0614854 0.0608055  0.181655 0.0617348
3 0.00079956    0.18238 0.00374275 0.00082302   0.181004 0.00378046
3  0.00372505 0.000687953    0.185725   0.0037635 0.000707277    0.184231
3  0.00383338 0.000559057     0.18419  0.00387049 0.000576853    0.182742
3    0.180264 0.000735054  0.00379373     0.17896 0.000756401  0.00383091
3    0.180628 0.000679313  0.00384081    0.179296 0.000699629  0.00387881
3     0.18311 0.000655133  0.00388493    0.181706 0.000675162  0.00392404
3    0.183162  0.00405232 0.000611453    0.181778  0.00409351 0.000632127
3 0.0595318 0.0611884  0.182213 0.0597834 0.0614384  0.180842
3 0.0604417 0.0610797  0.181918 0.0606933 0.0613283   0.18056
3 0.00234636 0.00130809   0.184472  0.0023651 0.00132749   0.183037
3    0.1873 0.0587354 0.0624414  0.185748 0.0589986 0.0626973
3  0.183774 0.0624116 0.0593521  0.182355 0.0626625 0.0596118
3 0.0612548 0.0600046  0.184086 0.0615096  0.060266  0.182648
3 0.0599986 0.0617773  0.185221 0.0602603 0.0620321  0.183743
3 0.0617584  0.059316  0.181655 0.0620052 0.0595679  0.180312
3    0.183246  0.00381902 0.000555914    0.181834  0.00385555 0.000574545
3 0.00231609 0.00142622   0.184891 0.00233491 0.00144992   0.183432
3 0.0609334 0.0603225  0.183196 0.0611859 0.0605775  0.181796
3 0.0655418 0.0586218  0.183313 0.0657903 0.0588822  0.181907
3 0.00162905   0.185427 0.00322656 0.00167168   0.183953 0.00326296
3 0.0628587 0.0587747  0.183352 0.0631076  0.059037  0.181942
3 0.000512401    0.182922  0.00402114 0.000527472    0.181521  0.00406045
3 0.0589305  0.183395 0.0619938 0.0591931  0.181982  0.062246
3  0.184264 0.0620431 0.0598835  0.182821  0.062294 0.0601478
3    0.184598   0.0037303 0.000735983    0.183148  0.00376504 0.000757165
3  0.00411346    0.184642 0.000560745  0.00415543    0.183196 0.000579201
3 0.0613869 0.0593166  0.182568 0.0616371 0.0595729  0.181188
3  0.062473 0.0596195  0.184583 0.0627233 0.0598833  0.183134
3 0.0622825  0.184059 0.0589321 0.0625357  0.182627 0.0591939
3  0.00384431    0.183301 0.000619844  0.00388212    0.181888 0.000640391
3 0.000586524    0.184174  0.00396932 0.000605191    0.182743  0.00400601
3 0.000385306    0.183262  0.00411442 0.00040167   0.181844 0.00415536
3 0.000640389    0.181997  0.00387134 0.000659707    0.180625  0.00391126
3 0.0591772  0.184311 0.0622346 0.0594374  0.182869 0.0624881
3  0.183421 0.0595981 0.0621759  0.182014 0.0598596 0.0624265
3 0.0627151 0.0610235  0.184227 0.0629752 0.0612772  0.182788
3  0.00411236 0.000512782    0.184675  0.00415223 0.000530582    0.183229
3  0.00383884    0.183141 0.000575065  0.00387524    0.181732 0.000592019
3  0.187929 0.0674632 0.0580618  0.186361 0.0677147 0.0583293
3 0.000639038    0.185241  0.00393961 0.000659193    0.183766  0.00397727
3    0.184115   0.0038125 0.000624907    0.182676   0.0038484 0.000642184
3  0.00382779 0.000567243    0.183164  0.00386354 0.000584847    0.181758
3    0.184263 0.000621122  0.00394297    0.182814 0.000641486  0.00398125
3 0.0621601  0.183909 0.0601354 0.0624074  0.182485 0.0603951
3  0.00406544 0.000422017    0.185215  0.00410526 0.000438666    0.183737
3  0.060235  0.183359 0.0614352 0.0604912   0.18195 0.0616857
3 0.0587675 0.0619945  0.182224 0.0590245  0.062244  0.180858
3    0.183409   0.0040896 0.000530393    0.181995  0.00413008 0.000551006
3    0.185233 0.000577017  0.00397833    0.183755 0.000597192  0.00401609
3 0.0615185 0.0595195  0.184033 0.0617739 0.0597807  0.182591
3    0.181993  0.00374865 0.000684681    0.180618   0.0037855 0.000703297
3 0.000726708   0.0038505    0.183509 0.00074729 0.00388941   0.182091
3    0.186177 0.000690545  0.00390165    0.184667 0.000710936  0.00394141
3 0.0636492  0.184822 0.0584174 0.0638999   0.18336 0.0586844
3 0.00238237   0.183806 0.00128414 0.00240023   0.182375 0.00131128
3  0.182368 0.0616963 0.0590927  0.180995 0.0619451 0.0593505
3  0.00383602    0.183442 0.000587488 0.00387122   0.182025 0.00060614
3 0.0623073    0.1842 0.0595732 0.0625577  0.182768 0.0598308
3 0.0582705  0.184241 0.0621231 0.0585294  0.182794 0.0623739
3  0.00356366 0.000771507    0.185298  0.00359747 0.000791983    0.183815
3 0.000677823     0.18395  0.00388702 0.00069747   0.182519 0.00392609
3 0.0625143  0.184086 0.0595695 0.0627638  0.182653 0.0598321
3 0.0601701  0.186224 0.0624923 0.0604346  0.184716 0.0627458
3  0.183294 0.0619057 0.0595688  0.181886 0.0621555 0.0598308
3 0.0579008  0.184543 0.0622581 0.0581624  0.183088 0.0625114
3 0.0605115   0.18182 0.0599117  0.060762  0.180456 0.0601625
3  0.183598 0.0596832 0.0620648  0.182189 0.0599411 0.0623169
3  0.062541   0.18528 0.0598882 0.0627944  0.183802 0.0601532
3 0.0632427 0.0604359  0.183482  0.063498 0.0606925   0.18207
3    0.182993 0.000638185  0.00387932    0.181583 0.000658886  0.00391663
3 0.000734794    0.181537  0.00382733 0.000756055    0.180202  0.00386382
3    0.184093  0.00375448 0.000642529    0.182655  0.00379104 0.000662036
3 0.000760698    0.183444  0.00383276 0.000782897    0.182029  0.00387049
3  0.00382754 0.000556075    0.183575  0.00386255 0.000574328    0.182144
3  0.00376219 0.000649454    0.185488    0.003799 0.000670176    0.183993
3  0.184134 0.0622274 0.0599857  0.182708 0.0624789 0.0602426
3    0.181625    0.003716 0.000677544     0.18028  0.00375195 0.000697102
3 0.000798655    0.183524  0.00379367 0.000819708    0.182117  0.00383239
3 0.0601079  0.184096 0.0614981 0.0603665  0.182662 0.0617517
3 0.0619314  0.184342 0.0590796 0.0621851  0.182898 0.0593427
3 0.00221437   0.184425 0.00153157 0.00223322   0.182989 0.00155804
3 0.000757513  0.00383462    0.184641 0.000778842  0.00387396    0.183195
3    0.182614  0.00372741 0.000682212    0.181242  0.00376416 0.000701516
3  0.182632 0.0596688  0.061665  0.181254 0.0599234 0.0619151
3  0.0038524 0.00053593   0.181856 0.00388831 0.00055213     0.1805
3    0.181988 0.000702233  0.00381789    0.180622 0.000722343   0.0038577
3  0.184366 0.0616447 0.0598252   0.18292  0.061897 0.0600849
3  0.184803 0.0597592 0.0618031  0.183344 0.0600182 0.0620571
3 0.00107526   0.183399  0.0036367 0.00110516   0.181983 0.00367161
3 0.0611979 0.0593411  0.182416  0.06145 0.059598 0.181034
3    0.183397 0.000887617  0.00369604    0.182008 0.000912052  0.00373277
3 0.0616858  0.182901 0.0598662 0.0619365   0.18151 0.0601255
3 0.000529571    0.184258  0.00400606 0.000547786    0.182816  0.00404548
3    0.184651  0.00376189 0.000692543    0.183213  0.00379607 0.000712999
3 0.0585635 0.0622914  0.183171  0.058826 0.0625422  0.181768
3 0.0600474 0.0619561  0.185138 0.0603063 0.0622094  0.183666
3   0.06013 0.0613119   0.18374 0.0603894 0.0615615  0.182314
3  0.057824 0.0628077  0.183826 0.0580856 0.0630612  0.182392
3    0.185282  0.00381974 0.000622402    0.183794  0.00385746 0.000640433
3 0.000418366  0.00401384    0.179215 0.000434996  0.00405379    0.177943
3   0.0037676    0.183888 0.000592116   0.003801   0.182456 0.00061116
3 0.0611513 0.0609384  0.182534 0.0614006 0.0611883  0.181165
3 0.0624213   0.18326   0.05907   0.06267   0.18185 0.0593313
3  0.183196 0.0611699 0.0605886  0.181794 0.0614201 0.0608457
3  0.00378319    0.185505 0.000702946 0.00382119   0.184018 0.00072267
3  0.182591   0.06196 0.0590221  0.181216 0.0622078 0.0592776
3 0.0625556 0.0593486  0.184504 0.0628078 0.0596144  0.183055
3 0.00143367 0.00338354   0.184337 0.00146453 0.00342096   0.182906
3 0.00072675   0.184017 0.00385371 0.000749081    0.182576  0.00389171
3  0.00372649    0.184252 0.000700229   0.0037629    0.182813 0.000721234
3 0.0632121  0.185137 0.0592234  0.063465  0.183661 0.0594891
3  0.00386774    0.184067 0.000484323  0.00390454    0.182629 0.000500598
3 0.0581218  0.182715 0.0621994 0.0583764  0.181334  0.062448
3    0.182793  0.00377302 0.000637622    0.181397   0.0038096 0.000655865
3 0.0597412  0.185918 0.0623783 0.0600073  0.184416  0.062633
3  0.00368065    0.183294 0.000731226  0.00371708     0.18188 0.000752029
3     0.18441 0.000568081  0.00394658    0.182947 0.000589223   0.0039851
3  0.182831 0.0614567 0.0594877  0.181446 0.0617059 0.0597421
3  0.186664 0.0609162 0.0605704  0.185139 0.0611704 0.0608326
3 0.0600298 0.0624492  0.185149 0.0602906 0.0627028  0.183682
3   0.184558 0.00378179 0.00066841    0.183107  0.00381865 0.000687648
3 0.0594778  0.062013  0.183746 0.0597354 0.0622645  0.182327
3  0.00377566    0.185232 0.000670805   0.0038131    0.183762 0.000689346
3   0.18308 0.0600988 0.0611622  0.181674 0.0603578  0.061414
3  0.00367351 0.000743283    0.183152  0.00371064 0.000764741    0.181755
3   0.184333 0.00377946 0.00066653    0.182883  0.00381755 0.000684183
3 0.0594192 0.0616002   0.18413 0.0596848 0.0618545   0.18269
3 0.000930587    0.183826  0.00370126 0.000952181    0.182417  0.00374139
3 0.000653208    0.185802  0.00392285 0.000673501    0.184307  0.00396154
3  0.00358657    0.182306 0.000850815  0.00362301     0.18095 0.000873545
3  0.183544 0.0615086 0.0594059  0.182126 0.0617633 0.0596658
3 0.00418339   0.186412 0.00049246  0.00422589    0.184889 0.000512905
3 0.0605117 0.0593156  0.183326 0.0607635 0.0595736  0.181915
3  0.184041 0.0619966 0.0601922  0.182612  0.062248 0.0604492
3 0.000363622  0.00413844     0.18349 0.000378588  0.00418014    0.182081
3 0.00228109   0.182566 0.00141986 0.00229974    0.18119 0.00144276
3 0.0598698  0.185464 0.0620774 0.0601307  0.183983 0.0623331
3 0.000552641     0.18441  0.00396506 0.00057252   0.182963 0.00400512
3  0.184637 0.0598068 0.0615653  0.183176 0.0600692 0.0618202
3 0.0612086   0.18124 0.0598644 0.0614576  0.179904  0.060117
3    0.182542  0.00370033 0.000711912    0.181145  0.00373725 0.000733205
3 0.0622515  0.185035 0.0597005 0.0625058  0.183567 0.0599626
3    0.184132 0.000773737  0.00381642   0.182703 0.00079338 0.00385536
3 0.000586251    0.184917  0.00397387 0.000605628    0.183455  0.00401223
3   0.0037013    0.185405 0.000750597  0.00373931    0.183931 0.000771583
3  0.00369893    0.184279 0.000769913  0.00373545    0.182848 0.000789837
3   0.06195 0.0597755  0.185318 0.0622042 0.0600338  0.183839
3   0.183933 0.00155668 0.00327671   0.182528 0.00158741 0.00331318
3   0.182625 0.00071764 0.00381102    0.181249 0.000739684  0.00384927
3  0.184174 0.0600197 0.0612539  0.182734 0.0602752 0.0615062
3 0.0627751  0.182251 0.0593576 0.0630235   0.18088 0.0596133
3 0.000647851  0.00391197    0.183869 0.000667657   0.0039515    0.182453
3    0.18274 0.00405321 0.00054189    0.181354  0.00409333 0.000559939
3 0.0588993 0.0624598  0.183192 0.0591572 0.0627116  0.181785
3  0.00377914 0.000644438    0.182986  0.00381493 0.000663777     0.18158
3  0.184212 0.0614831 0.0595923  0.182765 0.0617367 0.0598548
3    0.183049  0.00387271 0.000488516    0.181635  0.00390816 0.000506253
3 0.000970528    0.185983   0.0036915 0.000995113    0.184485  0.00373018
3  0.00382463 0.000563883    0.185488  0.00386103 0.000583001    0.183985
3 0.00236281   0.184351 0.00131811 0.00238137   0.182909 0.00134252
3  0.184638 0.0597631  0.061882  0.183188 0.0600228 0.0621367
3   0.184519 0.00061154 0.00393946    0.183054 0.000631406  0.00397794
3    0.183009  0.00384133 0.000519818    0.181602  0.00387719 0.000538459
3 0.0620449  0.183965 0.0601214 0.0622975  0.182538 0.0603819
3    0.185002  0.00369141 0.000755829   0.183553 0.00373126 0.00077368
3    0.185315  0.00371663 0.000710463    0.183836  0.00375304 0.000732141
3  0.182932 0.0619744 0.0596766   0.18154 0.0622232 0.0599381
3  0.00411836    0.183001 0.000516118  0.00415985      0.1816 0.000535229
3  0.187441 0.0645755 0.0602634  0.185887 0.0648363 0.0605256
3  0.185112 0.0643121 0.0596692   0.18364 0.0645688 0.0599286
3  0.00365322 0.000792134    0.184377 0.00369054 0.00081366   0.182949
3 0.0619906  0.185018 0.0601161 0.0622414  0.183562 0.0603731
3  0.183082 0.0598977  0.061422  0.181682 0.0601567 0.0616744
3 0.0625734  0.185106 0.0597641  0.062827  0.183639 0.0600276
3 0.0686532   0.18704 0.0577664 0.0688998  0.185496 0.0580419
3    0.185411 0.000780669  0.00377365    0.183918 0.000802361  0.00381271
3 0.0594081   0.18182 0.0615264 0.0596659  0.180465 0.0617749
3 0.000684078  0.00388497    0.184382 0.00070501 0.00392357   0.182938
3 0.0623925 0.0590149  0.183705  0.062644 0.0592761  0.182286
3 0.000702454  0.00382167    0.182559 0.000724414  0.00386037    0.181172
3 0.0581156  0.183322 0.0627343 0.0583774  0.181914 0.0629815
3    0.184009 0.000594054  0.00392625    0.182561 0.000615384  0.00396514
3  0.180028 0.0592244 0.0611752  0.178735 0.0594768 0.0614214
3   0.0037593 0.000690537    0.185027  0.00379504 0.000710238    0.183557
3 0.0581343 0.0620492  0.182732 0.0583901 0.0622978  0.181344
3  0.059279 0.0622494  0.183022 0.0595408 0.0624972  0.181628
3 0.0619116 0.0590094  0.184197 0.0621664 0.0592743  0.182748
3 0.000369805   0.0041506    0.183521 0.000383444   0.0041899    0.182112
3 0.0610854  0.182158 0.0598425 0.0613379  0.180787 0.0600973
3   0.18389 0.0593074 0.0619615  0.182463 0.0595677 0.0622139
3  0.183813 0.0601002 0.0618419  0.182391 0.0603591 0.0620933
3  0.00378265    0.183202 0.000743052  0.00382072    0.181784 0.000763651
3  0.00376905 0.000631907    0.183356   0.0038069 0.000649854    0.181947
3 0.000778871    0.183325  0.00378959 0.000800728    0.181923  0.00382785
3  0.00375111     0.18244 0.000709593  0.00378434    0.181071 0.000728283
3    0.183951   0.0036884 0.000739915    0.182509  0.00372525 0.000762323
3 0.00106713 0.00353363   0.183822 0.00109624 0.00356939   0.182394
3  0.184902 0.0617808 0.0603989  0.183442 0.0620345  0.060657
3 0.0610353 0.0596669  0.182018 0.0612829  0.059923  0.180662
3  0.00376844    0.182649 0.000637847  0.00380632    0.181269 0.000656362
3  0.184831 0.0597041 0.0616259  0.183367 0.0599648 0.0618821
3 0.000582714  0.00396666    0.184059 0.000599232  0.00400686    0.182644
3 0.0591578 0.0616772  0.182753 0.0594157 0.0619286  0.181363
3 0.0580126  0.184202 0.0625948  0.058278  0.182761 0.0628455
3  0.184516 0.0597781 0.0621598   0.18307  0.060038 0.0624128
3 0.0596101   0.18458 0.0617662 0.0598746  0.183122 0.0620201
3 0.183985 0.059768 0.062244  0.182559 0.0600309 0.0624946
3  0.181444 0.0610537 0.0592091  0.180098 0.0613043 0.0594637
3 0.00332698 0.00105106   0.183131 0.00335984 0.00107832   0.181729
3  0.062049  0.184714 0.0595742 0.0623008  0.183251 0.0598384
3    0.185081 0.000559086  0.00402387    0.183611 0.000577334  0.00406222
3 0.0600848 0.0604818  0.181664 0.0603319  0.060735  0.180313
3  0.184231 0.0664467 0.0582982  0.182801 0.0666881 0.0585584
3 0.0594079 0.0626098  0.184971 0.0596695 0.0628634  0.183513
3  0.184602 0.0602015 0.0618794  0.183149 0.0604627 0.0621332
3    0.18646 0.00229074 0.00139132   0.184936 0.00230954 0.00141326
3  0.183996 0.0620416 0.0597634  0.182564 0.0622945 0.0600261
3 0.0604107   0.18285 0.0611907 0.0606605  0.181467 0.0614404
3 0.0617374  0.182653 0.0594489 0.0619877  0.181272 0.0597048
3  0.00413349    0.185399 0.000492725  0.00417703    0.183916 0.000510929
3 0.0621552  0.058788   0.18248 0.0624017 0.0590513  0.181105
3  0.184664   0.05967 0.0619923  0.183205 0.0599343 0.0622472
3 0.0621244 0.0588878  0.182688 0.0623736   0.05915  0.181306
3   0.0037331 0.000693555    0.184853     0.00377 0.000714694      0.1834
3 0.0621658 0.0591897  0.182543  0.062416 0.0594495  0.181168
3 0.0628668 0.0607884  0.183649 0.0631275 0.0610447  0.182229
3  0.00366018    0.182246 0.000714474  0.00369521    0.180874 0.000734633
3    0.00126   0.183155 0.00349906 0.00129134   0.181752 0.00353488
3 0.000644228    0.183049  0.00390978 0.000664723    0.181652   0.0039462
3  0.184371 0.0586044 0.0623091   0.18294 0.0588578 0.0625576
3 0.0610929 0.0605196  0.183984 0.0613469 0.0607746  0.182558
3 0.0603555  0.184618 0.0615532 0.0606135  0.183165 0.0618079
3 0.0630904 0.0579324  0.184883 0.0633384 0.0581982  0.183415
3 0.0624936 0.0597037   0.18546 0.0627465 0.0599641  0.183983
3   0.0043665 0.000113182    0.188051 0.00440849 0.00012596   0.186457
3  0.183193 0.0614011 0.0602051   0.18179 0.0616546 0.0604604
3  0.00374516    0.183531 0.000677693  0.00378186    0.182126 0.000697826
3  0.00367641 0.000794315    0.184681  0.00371328 0.000814582    0.183234
3 0.00385159  0.0005498   0.183312  0.00388661 0.000567368    0.181901
3 0.0585679 0.0625679  0.186912 0.0588335 0.0628255  0.185369
3  0.00398039 0.000535988    0.182872  0.00401754 0.000553765    0.181494
3 0.0602099  0.183824 0.0617518 0.0604687  0.182402 0.0620035
3 0.061664  0.18412 0.059875 0.0619183  0.182682 0.0601338
3  0.184237 0.0622748 0.0597397  0.182802 0.0625261 0.0600004
3   0.183053 0.00370762 0.00075069     0.18164  0.00374399 0.000772108
3 0.0619016  0.183714 0.0593955 0.0621551   0.18229 0.0596562
3 0.0626538 0.0612263  0.183677  0.062915 0.0614826  0.182261
3  0.00382727    0.182726 0.000590466  0.00386332    0.181332 0.000608163
3    0.182744 0.000715496  0.00384493    0.181353 0.000736433  0.00388335
3  0.182949 0.0594393 0.0609606  0.181552 0.0596961  0.061214
3 0.000582085    0.182415  0.00394647 0.000598671    0.181045  0.00398629
3 0.0597619  0.185132 0.0618729 0.0600262  0.183656 0.0621234
3 0.0593732 0.0618169  0.183301 0.0596338 0.0620663  0.181892
3    0.184164 0.000859114  0.00373005    0.182733 0.000878553  0.00377036
3   0.184471 0.00361013 0.00077848    0.183015  0.00364611 0.000798541
3 0.00238916 0.00126328   0.184795 0.00240807 0.00128375   0.183331
3 0.000805244  0.00379183    0.185824 0.000828152  0.00382926    0.184331
3 0.000701629  0.00384763    0.183562 0.000722548  0.00388815    0.182145
3    0.184085 0.000789207  0.00378771    0.182645 0.000810695  0.00382692
3 0.0618302  0.184135 0.0597459 0.0620847  0.182699  0.060005
3  0.186568 0.0600976 0.0621458  0.185046 0.0603592 0.0624019
3  0.182664 0.0621098 0.0594533  0.181283 0.0623597 0.0597125
3  0.00374709 0.000644297    0.182933  0.00378491 0.000662447    0.181546
3 0.000615398  0.00392109    0.183749 0.000636715  0.00395728    0.182328
3 0.0638631  0.185186 0.0594087  0.064115  0.183723 0.0596686
3   0.06165  0.182273 0.0603271 0.0618974  0.180906 0.0605838
3 0.0599896  0.183535 0.0620643 0.0602466  0.182127 0.0623147
3   0.0031578    0.184565 0.000995576 0.00318754   0.183122 0.00101734
3 0.0618214  0.183183 0.0595015 0.0620735  0.181779 0.0597593
3 0.0592765  0.183216 0.0615772 0.0595336  0.181814 0.0618291
3  0.183981 0.0601611 0.0621058  0.182556 0.0604198 0.0623568
3 0.000673655    0.184012  0.00390728 0.000692226    0.182591  0.00394577
3  0.184426 0.0642601 0.0601823  0.182995 0.0645086 0.0604334
3    0.184776  0.00391499 0.000453182    0.183315  0.00395112 0.000469811
3  0.00375512 0.000657423    0.184051  0.00379196 0.000675715    0.182633
3 0.0649208 0.0582582  0.181371 0.0651683 0.0585173  0.180027
3  0.185602 0.0597536 0.0622779  0.184114 0.0600202  0.062534
3 0.0598162  0.184565  0.061908  0.060079  0.183111 0.0621615
3 0.000618098    0.183216  0.00393124 0.000637123    0.181807  0.00396944
3 0.0601702 0.0611155   0.18245 0.0604242 0.0613656  0.181074
3 0.000819169     0.18538  0.00377256 0.000841023    0.183902   0.0038124
3 0.0596107  0.184518 0.0621705 0.0598728  0.183071 0.0624239
3 0.0595951  0.185119 0.0620697 0.0598569  0.183648 0.0623249
3    0.184598 0.000677413  0.00390368    0.183143 0.000697281  0.00394267
3 0.0677066  0.186105 0.0583599 0.0679533  0.184599 0.0586294
3    0.183612  0.00377807 0.000678907    0.182193  0.00381077 0.000699509
3 0.0620718 0.0593762  0.183223 0.0623217 0.0596336  0.181821
3 0.0596594  0.062069  0.184585 0.0599242 0.0623235  0.183129
3 0.000644145  0.00394568    0.185178 0.000663134  0.00398398    0.183707
3   0.18671 0.0673707 0.0571989  0.185189 0.0676179 0.0574649
3  0.182304 0.0614759 0.0602234  0.180941 0.0617243 0.0604737
3 0.0584865 0.0627436  0.183586 0.0587447 0.0629927  0.182177
3  0.061159 0.0599385  0.184048 0.0614061 0.0602009  0.182621
3   0.0037854 0.000652724    0.183724  0.00382022 0.000672082    0.182314
3     0.18366  0.00384304 0.000601338     0.18224  0.00387896 0.000618527
3  0.185061 0.0603076 0.0618835  0.183594  0.060568 0.0621367
3   0.06012 0.0618461  0.186105  0.060383 0.0621033  0.184592
3 0.000611008    0.183931  0.00393818 0.000626587    0.182513  0.00397778
3 0.000779928  0.00372653    0.181012 0.000802948  0.00376451    0.179678
3 0.000748474    0.184196  0.00381811 0.000771675    0.182765  0.00385668
3  0.182512 0.0607748 0.0596618  0.181124 0.0610276 0.0599193
3    0.184161 0.000599363  0.00394899    0.182709 0.000620067  0.00398728
3    0.183983 0.000778879  0.00379261    0.182577 0.000797651  0.00383269
3    0.185109 0.000754383   0.0038326    0.183641 0.000777155  0.00387175
3  0.00369824    0.185975 0.000713181  0.00373599    0.184468 0.000734556
3  0.060193 0.0620578  0.183407 0.0604473 0.0623081  0.182005
3    0.18188 0.00095225 0.00364306    0.180507 0.000978309  0.00367996
3 0.0596544  0.185303 0.0621587 0.0599157   0.18383 0.0624136
3 0.0626214  0.059987  0.185926 0.0628753 0.0602479   0.18443
3 0.0668313   0.18391 0.0581071 0.0670792  0.182478  0.058368
3  0.184563 0.0614374 0.0603421  0.183114 0.0616908 0.0605975
3 0.000411408  0.00410486    0.183466 0.000426377  0.00414425    0.182059
3  0.00319266 0.000893208    0.184373  0.00322166 0.000915738    0.182931
3 0.000688483  0.00386906    0.183836 0.00070999 0.00390762   0.182409
3  0.00356491 0.000795763    0.184177  0.00359798 0.000814772     0.18274
3  0.186616 0.0603324 0.0618355  0.185083 0.0605965 0.0620923
3 0.0617022 0.0601876  0.183454 0.0619545  0.060443  0.182046
3    0.184067   0.0037449 0.000704542    0.182637  0.00378257 0.000724526
3    0.184394 0.000422156  0.00410474    0.182954 0.000436365  0.00414494
3    0.185198   0.0037195 0.000691689    0.183721   0.0037583 0.000712428
3 0.0617733  0.184601 0.0600798 0.0620272  0.183149 0.0603383
3 0.0670089  0.183439 0.0580494 0.0672547  0.182025 0.0583138
3   0.18428 0.0599653 0.0617631   0.18284 0.0602236  0.062017
3  0.184039 0.0600537 0.0617089  0.182603 0.0603159 0.0619605
3 0.000668354  0.00388658    0.183722 0.000687371  0.00392582    0.182284
3   0.0037579    0.184267 0.000729403  0.00379806    0.182835 0.000749572
3 0.000253248    0.183313  0.00422353 0.000267506    0.181908  0.00426351
3    0.182941 0.000650866  0.00390461    0.181547 0.000667991  0.00394502
3  0.188332 0.0674154 0.0574312  0.186733 0.0676668 0.0577061
3 0.0597329  0.181966 0.0609793 0.059987 0.180599 0.061229
3    0.184145 0.000671438  0.00389947    0.182705 0.000690762  0.00393889
3 0.00067597   0.184716 0.00388918 0.000696478    0.183255  0.00393012
3 0.000882151  0.00373246    0.185095 0.000905817  0.00377199    0.183628
3  0.185405 0.0664271 0.0578744  0.183925 0.0666766 0.0581358
3  0.181502 0.0612698 0.0594673  0.180158 0.0615173 0.0597191
3 0.0620619 0.0596984  0.184116 0.0623155 0.0599584   0.18268
3 0.000653415  0.00392028    0.185732 0.000675477  0.00395883    0.184229
3 0.00029616   0.183975 0.00422599 0.00030984   0.182538 0.00426722
3  0.182776 0.0595967 0.0606946  0.181374 0.0598537 0.0609479
3 0.0591518 0.0614333   0.18437 0.0594112 0.0616877  0.182919
3    0.185107  0.00372216 0.000710017   0.183635 0.00375996 0.00072997
3 0.0620396 0.0592826  0.183003 0.0622907 0.0595439  0.181607
3  0.183896 0.0614784 0.0596993  0.182463 0.0617317 0.0599589
3  0.00371816     0.18469 0.000713627 0.00375442   0.183242 0.00073596
3   0.182168 0.00081311 0.00374857    0.180797 0.000835372  0.00378718
3    0.183573  0.00374088 0.000684629    0.182143  0.00377849 0.000704784
3  0.059171 0.0625222  0.185833 0.0594387  0.062779  0.184332
3 0.0599307  0.185569 0.0621763 0.0601914  0.184085 0.0624314
3 0.000739647    0.182112  0.00383827 0.000759757    0.180749  0.00387578
3  0.183826 0.0617402 0.0597648  0.182401  0.061992 0.0600223
3  0.187068 0.0641791 0.0601678   0.18553 0.0644411 0.0604295
3  0.00377825 0.000649495    0.184046  0.00381457 0.000667847    0.182609
3 0.000629606    0.185726  0.00394018 0.000650901    0.184227  0.00398008
3 0.0621338 0.0595608  0.185068 0.0623874 0.0598227  0.183597
3 0.00105217 0.00355741   0.183893  0.0010814 0.00359077   0.182472
3    0.182255 0.000722398  0.00384156    0.180884 0.000742732   0.0038804
3  0.184458  0.061856 0.0597119  0.183013 0.0621084 0.0599697
3    0.184501  0.00346373 0.000825801    0.183031  0.00349746 0.000845309
3  0.183584 0.0584395 0.0625609  0.182166 0.0586997  0.062812
3    0.184633  0.00386863 0.000558515    0.183176  0.00390515 0.000576194
3  0.057584 0.0620237  0.182323 0.0578421 0.0622698  0.180946
3  0.00369447 0.000739999     0.18301  0.00373194 0.000757868    0.181619
3 0.0595033 0.0622811  0.183273 0.0597585 0.0625301  0.181877
3  0.00346631    0.184703 0.000895347  0.00350191    0.183264 0.000916676
3 0.00102677 0.00356673   0.182975 0.00105134 0.00360322    0.18158
3 0.0593261 0.0617989  0.183087 0.0595882 0.0620466  0.181684
3 0.0590894  0.182561 0.0620937 0.0593517  0.181181 0.0623408
3    0.183027  0.00375501 0.000689183    0.181641  0.00379113 0.000707753
3 0.0006421  0.184335 0.0039328 0.000662973    0.182883  0.00396989
3 0.00416081   0.184443 0.00051597  0.00419925    0.183016 0.000533303
3 0.000621013  0.00390376    0.182609 0.000639764  0.00394196    0.181213
3  0.00383107 0.000572354    0.184309  0.00386736 0.000589587    0.182862
3  0.181788 0.0619612 0.0587206  0.180434 0.0622099 0.0589799
3  0.00376343    0.182837 0.000628364  0.00380006    0.181444 0.000647658
3  0.00376464 0.000613262    0.182081  0.00380235 0.000630537    0.180707
3 0.0588345  0.184023 0.0620083 0.0590989  0.182588  0.062263
3   0.182123 0.00106208 0.00364347    0.18075 0.00109118 0.00367812
3  0.182463 0.0614768 0.0594916  0.181085 0.0617271 0.0597485
3 0.0598303  0.061554  0.182529 0.0600855 0.0618037   0.18115
3 0.0656737 0.0590659   0.18433 0.0659236 0.0593312  0.182888
3  0.188499 0.0670568 0.0577069  0.186894 0.0673092 0.0579798
3  0.00375537    0.183293 0.000646888  0.00379031    0.181885 0.000667226
3  0.184998  0.059655 0.0623668  0.183534 0.0599162 0.0626217
3 0.000610989  0.00393732    0.183613 0.000631095  0.00397493     0.18219
3    0.184503 0.000741389  0.00384495    0.183055 0.000762715  0.00388412
3 0.0601175  0.183459 0.0618173 0.0603779  0.182048 0.0620684
3 0.000582046    0.183864  0.00395793 0.00059943    0.18244   0.003999
3 0.0615233 0.0599437  0.183861 0.0617751 0.0602012  0.182431
3 0.000751177    0.184493  0.00382992 0.000771686     0.18305  0.00386932
3  0.0022741 0.00138644     0.1851 0.00229287 0.00140969   0.183633
3 0.0606659 0.0597316  0.180834  0.060913 0.0599873  0.179507
3    0.184292  0.00352794 0.000781009    0.182853  0.00356078 0.000799545
3 0.0621374 0.0597247  0.183478  0.062389 0.0599822  0.182071
3 0.0601592  0.185768 0.0618524 0.0604181  0.184275 0.0621079
3  0.183301 0.0615162  0.059719  0.181891 0.0617676 0.0599809
3  0.00375671 0.000666924      0.1844  0.00379397 0.000685591    0.182956
3    0.185725  0.00386856 0.000547213    0.184219  0.00390456 0.000565914
3 0.00322878   0.184662  0.0009145  0.00325932    0.183213 0.000933916
3 0.0614182 0.0596208  0.185428 0.0616735 0.0598852  0.183949
3    0.182758  0.00375778 0.000684607    0.181372  0.00379359 0.000703597
3    0.184919  0.00384296 0.000512207    0.183439  0.00387769 0.000532078
3 0.000649172  0.00389543    0.184111 0.000671081  0.00393292    0.182671
3  0.181477  0.058768 0.0619714  0.180128 0.0590267 0.0622182
3     0.18441 0.000784766  0.00379194    0.182961 0.000806339  0.00383051
3     0.18369  0.00363574 0.000817907    0.182274  0.00367076 0.000839728
3    0.185478  0.00385511 0.000535784    0.183987  0.00389147 0.000555315
3  0.00412603     0.18341 0.000507227  0.00416761    0.181994 0.000526376
3    0.184191  0.00366765 0.000718114    0.182747  0.00370481 0.000740331
3  0.183827 0.0598434 0.0619397  0.182406 0.0600993  0.062192
3  0.062465 0.0604573  0.182016 0.0627232 0.0607087  0.180649
3 0.058625 0.063232 0.183437 0.0588846 0.0634789  0.182029
3 0.0616537 0.0604485  0.184515 0.0619068  0.060703   0.18307
3 0.000642359     0.18384  0.00391349 0.000662711    0.182405  0.00395181
3 0.000728158   0.0038308    0.183076 0.000749401  0.00386922    0.181666
3 0.0036926  0.184076 0.0007643 0.00372981   0.182656 0.00078217
3 0.0013764 0.0032062  0.180306 0.00140742 0.00323796   0.179005
3   0.186675 0.00233844 0.00133959   0.185149 0.00235728 0.00136071
3  0.182247 0.0606183 0.0610067  0.180877 0.0608715  0.061257
3  0.059829  0.184925 0.0616845  0.060085  0.183463 0.0619358
3 0.0630313 0.0601034  0.184318  0.063288 0.0603609  0.182869
3 0.0583505  0.185094 0.0626636 0.0586152  0.183619 0.0629178
3  0.182115 0.0614237 0.0597431  0.180749 0.0616734 0.0600004
3    0.183955 0.000661868  0.00391015    0.182528 0.000682305   0.0039482
3  0.186387 0.0642256 0.0606884  0.184881 0.0644836 0.0609456
3    0.183164 0.000608069   0.0039425    0.181769 0.000627093  0.00398061
3 0.0619243 0.0600837  0.184151 0.0621765 0.0603392  0.182723
3  0.00361034      0.1839 0.000841948  0.00364812    0.182481 0.000862638
3  0.060233  0.184903 0.0615303 0.0604936  0.183437 0.0617861
3 0.000546842  0.00402218    0.185437 0.000566177  0.00406198    0.183959
3 0.0597288  0.183931 0.0617904 0.0599843  0.182507 0.0620404
3    0.183245 0.000748558  0.00380277    0.181844 0.000769161  0.00384269
3    0.184782 0.000791541  0.00378882    0.183326 0.000813805   0.0038298
3  0.181415 0.0621944 0.0591794  0.180073 0.0624409 0.0594353
3  0.183888 0.0602194 0.0611218  0.182457 0.0604779 0.0613746
3  0.183571 0.0603989 0.0600937  0.182161 0.0606495 0.0603479
3 0.0612224  0.059922  0.182792  0.061472 0.0601762  0.181405
3  0.00431589 0.000158609    0.182274  0.00435585 0.000169703    0.180893
3  0.00374625 0.000678798    0.185987  0.00378508 0.000695894    0.184479
3  0.00379459    0.183564 0.000642269  0.00383145    0.182144 0.000660828
3  0.184954 0.0616566 0.0598476  0.183477 0.0619135 0.0601125
3 0.0640154  0.185244  0.060355 0.0642765  0.183767 0.0606141
3    0.182679 0.000576923  0.00394859    0.181278 0.000596845  0.00398607
3 0.0599208 0.0617704  0.184291 0.0601799 0.0620242  0.182852
3 0.0589063  0.183902 0.0626837 0.0591656  0.182478 0.0629329
3 0.0616695   0.18303 0.0595809 0.0619205  0.181631 0.0598379
3  0.00377378    0.184348 0.000667448  0.00381146    0.182913 0.000685129
3    0.184143 0.000667195  0.00386905    0.182709 0.000687392  0.00390953
3  0.183644  0.061415 0.0597652  0.182226 0.0616684  0.060022
3    0.181895 0.000865542   0.0037062    0.180548 0.000887454  0.00374421
3 0.0620165 0.0591347  0.182876 0.0622676 0.0593927  0.181482
3 0.0597557   0.18392 0.0620542 0.0600189  0.182493 0.0623046
3  0.00346886 0.000927387    0.183443  0.00350141 0.000949027     0.18203
3    0.182099  0.00377672 0.000624071    0.180733  0.00381424 0.000641449
3 0.0643823  0.183941 0.0598484 0.0646344  0.182512 0.0601037
3  0.00399757 0.000595208    0.183598  0.00403726 0.000612832    0.182183
3 0.000844047    0.185087  0.00376444 0.000866805    0.183626  0.00380369
3  0.00412424 0.000505537    0.183221 0.00416387 0.00052275   0.181817
3 0.00130551 0.00345741   0.183096 0.00133661 0.00349354   0.181697
3  0.00375536    0.182778 0.000666249  0.00379012    0.181377 0.000685899
3    0.184108  0.00380604 0.000584055    0.182669  0.00384318 0.000602124
3 0.0616294   0.05931  0.183802 0.0618831 0.0595726  0.182372
3  0.182258 0.0601854  0.061156  0.180889 0.0604382 0.0614064
3 0.0615504  0.183898 0.0597605 0.0618048  0.182472 0.0600198
3 0.00371697 0.00071583   0.184673  0.00375481 0.000735149    0.183238
3 0.0599187  0.062131  0.185412 0.0601759 0.0623835  0.183939
3 0.000710809    0.184957  0.00388402 0.000730686    0.183492  0.00392264
3 0.0615328 0.0595387  0.183246 0.0617843 0.0597943  0.181841
3 0.0585316 0.0631109  0.183853 0.058794 0.063359 0.182427
3    0.182918 0.000607522  0.00394617    0.181522 0.000626048  0.00398647
3  0.184342 0.0595966 0.0617271  0.182891 0.0598607 0.0619814
3   0.0038475    0.181511 0.000597607  0.00388323     0.18017 0.000613229
3 0.000505339  0.00402334    0.184723 0.000524518  0.00406292    0.183254
3 0.0599389  0.183516 0.0617133 0.0601952  0.182103 0.0619629
3 0.00149856 0.00317321   0.182513 0.00152946 0.00320492   0.181144
3 0.0619318 0.0599413  0.183274 0.0621827 0.0601982   0.18187
3    0.182024 0.000704436  0.00385546    0.180666 0.000725567  0.00389386
3 0.00313688   0.185371 0.00101039 0.00316727   0.183884 0.00103382
3  0.059419  0.184116 0.0622153  0.059683  0.182684 0.0624627
3    0.185798  0.00381667 0.000691395   0.184309 0.00385655 0.00071132
3    0.183916 0.000627064  0.00393001    0.182473 0.000646644  0.00396922
3 0.0596282  0.184409 0.0622848 0.0598899  0.182968 0.0625377
3   0.18342 0.0597149 0.0617764  0.182013 0.0599707 0.0620264
3 0.0615747  0.183436 0.0597367 0.0618258  0.182019 0.0599973
3    0.183634  0.00376563 0.000648271     0.18223  0.00380375 0.000665827
3     0.00386    0.185382 0.000541558  0.00389656    0.183896 0.000560258
3 0.0595828 0.0616217  0.183484 0.0598384 0.0618714  0.182067
3 0.000744617    0.184012  0.00384094 0.000765738    0.182593  0.00387914
3  0.183679 0.0620218 0.0590598  0.182258 0.0622738 0.0593232
3  0.00375258 0.000637924     0.18343  0.00379059 0.000656446    0.182015
3  0.00377489 0.000628238    0.183226  0.00381152 0.000646456     0.18181
3  0.00416356    0.184971 0.000501749  0.00420507    0.183509 0.000520065
3 0.00370799   0.185613 0.00068832  0.00374433     0.18412 0.000710839
3  0.185451 0.0581906 0.0625427  0.183969 0.0584519 0.0627925
3 0.00364636 0.00079688    0.18369  0.00368441 0.000817087    0.182278
3  0.185174 0.0597786 0.0623029  0.183705 0.0600403 0.0625544
3 0.00094548   0.183746 0.00369389 0.000970351    0.182329  0.00373269
3     0.18554 0.000643921  0.00394834    0.18405 0.00066259 0.00398725
3  0.00326207    0.182258 0.000834707  0.00329076     0.18088 0.000854831
3 0.0578548 0.0630135  0.184011 0.0581166 0.0632662  0.182573
3 0.00302433 0.00130446   0.183867 0.00305211 0.00133176   0.182442
3  0.186661 0.0645697 0.0599603  0.185139 0.0648251 0.0602188
3    0.184144 0.000700368  0.00384953    0.182701 0.000722434   0.0038893
3 0.00290317 0.00145923   0.183051 0.00293159 0.00149034   0.181662
3  0.184103 0.0592013 0.0615479   0.18266 0.0594653 0.0618023
3    0.182812 0.000701572  0.00384524    0.181452 0.000716693  0.00388631
3     0.18405  0.00383222 0.000618377    0.182612  0.00386947 0.000636469
3 0.0601861 0.0617393  0.184638 0.0604421 0.0619913  0.183184
3    0.003752 0.000602758    0.182811  0.00378755 0.000623166    0.181402
3   0.182319 0.00106478 0.00352609   0.180958 0.00109274 0.00356401
3    0.185709  0.00363259 0.000780476   0.184218 0.00367087 0.00080299
3    0.183615  0.00365533 0.000786046    0.182207   0.0036934 0.000806715
3 0.0621915 0.0595905   0.18474 0.0624463 0.0598532  0.183282
3    0.186753  0.00375303 0.000680808    0.185232  0.00379092 0.000701148
3   0.0038632    0.180322 0.000551791  0.00389574     0.17902 0.000567694
3 0.0591497  0.062302  0.183571 0.0594107 0.0625522  0.182158
3 0.00224374 0.00148519   0.184834 0.00226268 0.00150853   0.183369
3 0.0613769  0.181385 0.0591216 0.0616238  0.180046 0.0593736
3 0.0620987 0.0596987  0.183322   0.06235 0.0599549  0.181916
3 0.0598425  0.181693 0.0612201 0.0600946  0.180344 0.0614691
3 0.00233026   0.186076 0.00133777 0.00234912   0.184559 0.00136265
3   0.184676 0.00231162  0.0013877   0.183229 0.00233012 0.00141139
3 0.000172611  0.00433847    0.183509 0.000186341  0.00437875    0.182094
3 0.0628951  0.060954  0.184253 0.0631549 0.0612105  0.182815
3 0.0603773  0.184482 0.0619391 0.0606377   0.18304 0.0621886
3  0.181344 0.0603068  0.061096  0.180008 0.0605551 0.0613433
3 0.000878707    0.185095  0.00375331 0.000903846    0.183626  0.00378978
3  0.00344886 0.000838335     0.18469  0.00348261 0.000860074    0.183232
3 0.0599392   0.18426 0.0619608 0.0601986  0.182821 0.0622144
3 0.0622402  0.184014 0.0596793 0.0624913  0.182583 0.0599447
3 0.00432873 0.00019258    0.18233  0.00437062 0.000204998    0.180951
3  0.183216 0.0587361 0.0619898  0.181807 0.0590017 0.0622431
3  0.183014 0.0601302 0.0612438  0.181614 0.0603876 0.0614962
3    0.184783  0.00380961 0.000634727    0.183327  0.00384786 0.000651492
3 0.00227186   0.184016 0.00142922 0.00229065   0.182574 0.00145434
3 0.000854468  0.00375899    0.184423 0.000879931  0.00379548    0.182976
3  0.183781 0.0596022 0.0613598   0.18235 0.0598624 0.0616116
3    0.183523  0.00375005 0.000677222    0.182107  0.00378646 0.000696572
3  0.184868 0.0623293 0.0596504  0.183411 0.0625823 0.0599114
3 0.000631586    0.185099  0.00394649 0.000652148    0.183618  0.00398494
3  0.00380496    0.183547 0.000634444  0.00384006    0.182133 0.000653701
3  0.00372929    0.183933 0.000762442 0.00376866   0.182503 0.00078514
3   0.180704 0.00101833 0.00354824   0.179379 0.00104585 0.00358592
3 0.000720786    0.184925  0.00384701 0.000741431    0.183456  0.00388603
3 0.0661693 0.0581733  0.184838 0.0664205 0.0584421  0.183373
3 0.0615616 0.0595529  0.182012 0.0618112 0.0598092  0.180648
3  0.00372646 0.000711484    0.185022  0.00376424 0.000730518    0.183554
3 0.0619791 0.0597252  0.184356 0.0622318 0.0599853   0.18291
3    0.185148  0.00379062 0.000644942    0.183677  0.00382675 0.000665143
3 0.0604712  0.187136 0.0622199 0.060733 0.185597 0.062475
3 0.000635697  0.00392856    0.183824 0.000655961  0.00396595    0.182402
3    0.183755 0.000737412  0.00380469    0.182328 0.000756874  0.00384439
3  0.059313  0.182883 0.0616176 0.0595728  0.181488 0.0618696
3 0.000699629    0.184727  0.00388489 0.000721168    0.183269   0.0039235
3 0.0620977  0.183281 0.0595719  0.062347  0.181885 0.0598269
3    0.184346  0.00411561 0.000550177    0.182914  0.00415426 0.000569761
3  0.00375257    0.181684 0.000690652  0.00378685     0.18034 0.000710453
3 0.0645479  0.185911 0.0600977 0.0648047  0.184411 0.0603565
3      0.1815  0.00373083 0.000690398    0.180165  0.00376783 0.000709028
3    0.183722 0.000759773  0.00382375    0.182306 0.000781343  0.00386242
3 0.0628807 0.0604452   0.18385 0.0631414 0.0607031  0.182418
3 0.000658565  0.00387517    0.182012 0.000678904  0.00391367    0.180644
3  0.184836 0.0625865 0.0594317  0.183384 0.0628378 0.0596928
3    0.185238 0.000658505   0.0039235   0.183762 0.00067909 0.00396142
3 0.00117147 0.00358126   0.183965 0.00119936 0.00361828   0.182541
3  0.00388204 0.000532858    0.183572 0.00391672 0.00054942   0.182159
3     0.18358 0.000789055  0.00375987    0.182165 0.000812852  0.00379553
3 0.0619607  0.184442 0.0597021 0.0622141  0.182998  0.059961
3 0.0593655 0.0624266  0.185646 0.0596282 0.0626817  0.184161
3 0.0642168  0.184242 0.0607753 0.0644745  0.182811 0.0610318
3  0.00386618    0.183773 0.000618404  0.00390421    0.182344 0.000637154
3  0.182708 0.0599923 0.0611173   0.18132 0.0602457 0.0613678
3 0.000595936  0.00391866    0.180414 0.000613763  0.00395476    0.179098
3 0.00229184 0.00142625   0.183395 0.00231053 0.00144785   0.181996
3 0.0584255   0.18521 0.0626143 0.0586865  0.183736 0.0628669
3    0.183885 0.000564447  0.00398848     0.18247 0.000582348  0.00402429
3 0.0606576 0.0602125  0.183401 0.0609077  0.060467  0.181992
3 0.0579586 0.0632166  0.184222 0.0582248  0.063469  0.182777
3 0.0594712  0.183793 0.0616861 0.0597317  0.182366 0.0619397
3    0.183263  0.00387735 0.000639528    0.181852  0.00391379 0.000657582
3    0.183856  0.00379374 0.000663769    0.182435  0.00382901 0.000683111
3 0.000722771  0.00384601    0.185508 0.000744514  0.00388611    0.184021
3  0.185528  0.062882 0.0593359  0.184046 0.0631353 0.0595962
3    0.181341 0.000734056  0.00380732    0.179998 0.000755986  0.00384368
3 0.0600125  0.182196 0.0616107  0.060266  0.180832 0.0618597
3    0.184937  0.00369054 0.000779839    0.183475  0.00372695 0.000800533
3  0.00373273    0.185042 0.000737675  0.00376817    0.183578 0.000758267
3    0.184472 0.000722353  0.00386585    0.183043 0.000742019  0.00390372
3 0.00127379 0.00348867   0.184784 0.00130632 0.00352587   0.183311
3  0.00412712    0.183589 0.000515056  0.00416974    0.182161 0.000534498
3  0.182125 0.0595228 0.0611425  0.180752  0.059783 0.0613916
3 0.000426954    0.184728  0.00409032 0.000443727    0.183284  0.00412916
3 0.000802499     0.18374  0.00377229 0.000824497    0.182329  0.00381119
3 0.000427764   0.0040416    0.183109 0.000445614  0.00408242     0.18169
3 0.000394328    0.185342  0.00412606 0.000411028    0.183875  0.00416349
3    0.184652 0.000642863  0.00392492    0.183194 0.000663764  0.00396372
3 0.0624616 0.0599622  0.182106 0.0627163 0.0602166  0.180733
3   0.18353  0.061621 0.0595865  0.182115 0.0618741 0.0598449
3    0.184388 0.000435732  0.00407391    0.182944 0.000451109  0.00411423
3  0.061758 0.0596464  0.183587 0.0620094 0.0599107  0.182166
3 0.0596873 0.0620104  0.183702 0.0599511 0.0622581  0.182285
3      0.1829 0.000781193  0.00376734    0.181507 0.000801546  0.00380749
3  0.00378362    0.184316 0.000572884  0.00382063    0.182872 0.000590003
3  0.181778 0.0590804 0.0618117  0.180429 0.0593362 0.0620603
3    0.183106 0.000720624    0.003855    0.181695 0.000741986  0.00389279
3 0.000657941    0.182483  0.00390833 0.000675138    0.181109  0.00394856
3  0.187947 0.0671121 0.0580483   0.18638 0.0673591 0.0583134
3  0.00362314    0.185135 0.000806062  0.00366008    0.183667 0.000829355
3 0.0601473 0.0623094   0.18527 0.0604129 0.0625593  0.183797
3    0.184001  0.00378123 0.000670371    0.182558  0.00381768 0.000688797
3 0.0599491  0.184936 0.0620888  0.060207  0.183475 0.0623414
3 0.000699929  0.00380788    0.180999 0.000721554  0.00384735    0.179665
3 0.0599243  0.183588 0.0616818 0.0601811  0.182174 0.0619337
3  0.00405959 0.000565349    0.182635  0.00409995 0.000586189    0.181252
3 0.0602604  0.183471 0.0602947 0.0605138  0.182057 0.0605517
3    0.182594  0.00412696 0.000479149    0.181213  0.00416879 0.000497747
3 0.00373472   0.183993 0.00068827   0.0037731    0.182559 0.000707833
3 0.000540758     0.18582  0.00399711 0.000557769    0.184328  0.00403738
3 0.000947309    0.185064   0.0037025 0.000971684    0.183596   0.0037404
3 0.0614332 0.0599008  0.182326 0.0616833 0.0601556  0.180951
3    0.182444 0.000697636  0.00387239    0.181069 0.000716675  0.00391171
3 0.00126906   0.185552 0.00351539 0.00130356   0.184062 0.00355113
3 0.00093275 0.00363645   0.181651 0.000956778  0.00367205    0.180308
3 0.000699519    0.184547  0.00386442 0.000719662    0.183094  0.00390379
3  0.187583 0.0647221 0.0605163  0.186029 0.0649817 0.0607753
3     0.18569 0.000711231  0.00386759    0.184195 0.000731726  0.00390738
3  0.184264 0.0580515 0.0624035  0.182827 0.0583116 0.0626483
3  0.184308  0.062296 0.0599787  0.182872 0.0625473 0.0602403
3 0.0600669  0.186526 0.0621166 0.0603277  0.185007 0.0623724
3 0.0591408 0.0621431  0.182822 0.0594003 0.0623934  0.181433
3 0.0630552 0.0578006  0.183292 0.0633009 0.0580644  0.181881
3 0.0647438  0.184621 0.0596799 0.0649998  0.183163 0.0599396
3 0.0595107  0.183387 0.0617124 0.0597675  0.181981  0.061964
3 0.00236194   0.184231 0.00133021 0.00238093    0.18279 0.00135267
3 0.0588883 0.0616732  0.183288 0.0591473 0.0619233  0.181877
3 0.000694814    0.181949  0.00384721 0.000716661    0.180585   0.0038842
3 0.0600047   0.18378 0.0617314 0.0602643  0.182357 0.0619848
3 0.00220781   0.184583 0.00152897 0.00222665   0.183136  0.0015511
3    0.182951  0.00392454 0.000550207    0.181558  0.00396016 0.000568914
3 0.0620129  0.183969 0.0595008 0.0622644  0.182537 0.0597638
3  0.00376375     0.18382 0.000621999  0.00380155    0.182375 0.000640966
3 0.000304461    0.184405  0.00420031 0.000318902    0.182954  0.00424297
3 0.000625202    0.182125  0.00391574 0.00064456   0.180758 0.00395302
3 0.00102698 0.00355418   0.184217 0.00105373   0.003591   0.182773
3 0.0619677  0.184036  0.060263 0.0622188  0.182605 0.0605189
3  0.00374187 0.000603113    0.181992  0.00377836 0.000622346     0.18062
3  0.184472 0.0621313 0.0598091  0.183031 0.0623844 0.0600678
3  0.00343871 0.000929953    0.183807  0.00347283 0.000951577    0.182393
3 0.0578854 0.0629353  0.184954 0.0581475 0.0631849  0.183491
3 0.00136167   0.182164 0.00342518 0.00139009   0.180812 0.00346181
3 0.000552642    0.185237  0.00399863 0.00057125   0.183758 0.00403761
3  0.00372642 0.000713428    0.182831  0.00376324 0.000732083    0.181448
3    0.183978  0.00380569 0.000630705    0.182547  0.00384186 0.000649804
3 0.00227153 0.00143154   0.183873  0.0022903 0.00145282   0.182455
3 0.0596819  0.183751  0.061647  0.059942  0.182326 0.0619005
3   0.184155  0.0013466 0.00340585   0.182707 0.00138369 0.00344187
3  0.184118 0.0597225 0.0617008  0.182685  0.059979 0.0619517
3 0.00414571   0.183536 0.00049919  0.00418945    0.182123 0.000516609
3   0.0036266    0.182475 0.000798876  0.00366446    0.181087 0.000819535
3 0.0621134  0.059528  0.184295 0.0623656  0.059787  0.182861
3 0.000708659  0.00383863    0.182103 0.000729928  0.00387749    0.180737
3 0.0620283    0.1847 0.0591042 0.0622849  0.183239 0.0593679
3 0.000693331    0.186066  0.00389591 0.000713637    0.184566  0.00393463
3 0.000737236    0.184436   0.0038506 0.00075921   0.182997 0.00388859
3  0.183869 0.0621019 0.0596503  0.182451 0.0623514 0.0599068
3  0.185612 0.0597847  0.061823  0.184119 0.0600475 0.0620805
3 0.000489249  0.00404528    0.183667 0.000505158  0.00408341    0.182255
3 0.0595458  0.183687 0.0615984 0.0598039  0.182263  0.061851
3  0.00379871 0.000625442    0.183242  0.00383341 0.000644271    0.181847
3 0.000349362  0.00417142       0.184 0.000364206   0.0042129    0.182577
3 0.0600041 0.0619735  0.183338 0.0602608 0.0622236  0.181934
3 0.0607424 0.0617013  0.184089 0.0609994 0.0619542  0.182658
3 0.000410762  0.00411515    0.184137 0.000424897  0.00415472    0.182705
3 0.0615443  0.059628  0.182599 0.0617945 0.0598826  0.181218
3  0.183359 0.0605509  0.059964   0.18196 0.0608003 0.0602178
3  0.00375671 0.000674861    0.184728  0.00379529 0.000692099    0.183274
3 0.0631079 0.0600049  0.183008  0.063364 0.0602604  0.181606
3  0.185379 0.0616884 0.0600547  0.183892 0.0619441 0.0603171
3  0.00321726    0.183746 0.000926276  0.00324647     0.18232 0.000947139
3 0.00099293 0.00359575   0.183663 0.00101954 0.00363102   0.182253
3 0.0619532   0.18322 0.0599311 0.0622058  0.181823 0.0601876
3  0.181072 0.0609725 0.0599009  0.179742 0.0612206 0.0601507
3    0.182316 0.000656927   0.0038712    0.180931 0.000678704  0.00390973
3    0.183176  0.00383834 0.000548866   0.181769 0.00387452  0.0005673
3 0.0623089  0.184303 0.0599709 0.0625586  0.182865 0.0602344
3  0.186596 0.0600713 0.0625737  0.185071 0.0603405 0.0628282
3  0.00380243    0.184033 0.000643277  0.00384048    0.182614 0.000662537
3   0.0038482    0.182974 0.000560206   0.0038828    0.181576 0.000577731
3  0.0010444 0.00367645   0.186051 0.00107093 0.00371417   0.184534
3  0.00368905    0.182877 0.000748646  0.00372615    0.181491 0.000768155
3 0.0616588  0.183194   0.05988 0.0619118  0.181788 0.0601384
3 0.0631054 0.0579257  0.183775 0.0633576 0.0581892  0.182347
3  0.00380644 0.000555612     0.18444  0.00384292 0.000575346    0.182979
3     0.18485 0.000589109  0.00397429   0.183395  0.0006084 0.00401128
3  0.181023 0.0593368 0.0586119  0.179684 0.0595851 0.0588657
3 0.00302051   0.182945 0.00115073 0.00304985   0.181554 0.00117676
3 0.0583579 0.0631728  0.183865   0.05862 0.0634218  0.182437
3 0.00056694 0.00395554   0.183774 0.00058619 0.00399548   0.182358
3 0.000493614    0.183361  0.00403904 0.000510199    0.181939  0.00407715
3 0.0610881   0.18164 0.0590229 0.0613405  0.180282 0.0592829
3 0.0596549 0.0621843   0.18537  0.059912 0.0624362  0.183892
3 0.0621211 0.0609703  0.182515 0.0623783 0.0612229  0.181141
3 0.000646379     0.18312  0.00385127 0.000669427    0.181697  0.00388891
3 0.000986732      0.1848  0.00364863 0.00101385   0.183332 0.00368521
3 0.0595844  0.182614 0.0616768 0.0598393  0.181233 0.0619263
3  0.182505 0.0619229 0.0591396  0.181121 0.0621731 0.0593991
3 0.0617689  0.184048 0.0596141 0.0620225  0.182611 0.0598743
3  0.00370742 0.000680345    0.184908  0.00374509 0.000699484     0.18344
3 0.0622333  0.183522 0.0590715 0.0624804  0.182114 0.0593317
3 0.0641667  0.183087 0.0600826 0.0644177  0.181694 0.0603354
3 0.0591174 0.0624963  0.184502 0.0593795 0.0627497  0.183059
3  0.058839 0.0619414  0.182266 0.0590944 0.0621896  0.180899
3  0.00376761 0.000646735    0.184217  0.00380332 0.000666485    0.182781
3 0.000313903    0.183306  0.00419593 0.000328012    0.181895  0.00423463
3   0.183872 0.00334631 0.00098157    0.18244 0.00337984 0.00100279
3 0.0596316 0.0623143   0.18319 0.0598897 0.0625643  0.181791
3 0.000582848  0.00392716     0.18299 0.000601031  0.00396707    0.181601
3    0.184446 0.000707818  0.00386353    0.182993 0.000728099  0.00390221
3 0.0596406  0.182953 0.0617258 0.0598975   0.18156 0.0619762
3  0.184913 0.0604874 0.0615031  0.183451 0.0607449 0.0617565
3 0.000612999    0.184724  0.00395908 0.000633362    0.183259  0.00399858
3  0.00405462 0.000583187    0.183688  0.00409514 0.000601652    0.182276
3  0.0022898 0.00141738   0.185106 0.00230874 0.00143961    0.18364
3  0.181928 0.0593631 0.0615614  0.180573 0.0596175 0.0618108
3  0.00382346    0.183012 0.000671749  0.00386351    0.181627 0.000690221
3  0.184443 0.0611434 0.0601781 0.182995 0.061396 0.060433
3  0.183224 0.0594831 0.0617285  0.181821 0.0597419   0.06198
3 0.0590758  0.062391  0.185358 0.0593383  0.062645   0.18388
3   0.18482 0.0606028 0.0617861  0.183363 0.0608608 0.0620397
3  0.183091 0.0617177 0.0601057  0.181693 0.0619681 0.0603625
3    0.184022 0.000743659  0.00381601    0.182605 0.000763492  0.00385546
3   0.06161   0.18362 0.0600731  0.06186 0.182199 0.060332
3    0.185308 0.000674011   0.0038781    0.183828 0.000696761  0.00391698
3    0.183154  0.00408437 0.000479607    0.181748  0.00412703 0.000496852
3 0.0603011 0.0618349  0.184845 0.0605629 0.0620848  0.183382
3 0.0591629 0.0618732  0.183888   0.05943 0.0621244  0.182453
3  0.183068 0.0615595 0.0601705  0.181674 0.0618094 0.0604239
3 0.00299396 0.00134691   0.183382 0.00302203 0.00137348   0.181983
3    0.183928  0.00374441 0.000706392    0.182497   0.0037804 0.000725787
3  0.184392 0.0615405 0.0597994  0.182942 0.0617932 0.0600578
3 0.00077843   0.183308 0.00379703 0.00080072   0.181911 0.00383466
3    0.185291    0.003814 0.000572314    0.183799  0.00385028 0.000592235
3  0.00374257    0.185547 0.000670175  0.00378062    0.184071 0.000686457
3  0.183034 0.0589422 0.0614681  0.181629  0.059204 0.0617221
3 0.00135635   0.184804 0.00342887 0.00139237   0.183334 0.00346484
3    0.183987  0.00380947 0.000617646    0.182543  0.00384653 0.000636507
3  0.00411144 0.000523026    0.184705 0.00415007 0.00053975   0.183253
3  0.00368416 0.000667295    0.183236  0.00372093 0.000688135    0.181823
3    0.182126  0.00411658 0.000498216    0.180763   0.0041566 0.000515828
3  0.183403 0.0598945 0.0614589  0.181993 0.0601515 0.0617113
3    0.184168  0.00338515 0.000886753    0.182729  0.00341979 0.000908115
3 0.000826054  0.00372749    0.184625 0.000850874    0.003766    0.183169
3 0.000686308   0.0038773    0.185196 0.000707679   0.0039163    0.183719
3  0.00382908    0.185183 0.000631697  0.00386657    0.183711 0.000647166
3 0.0627784 0.0581457  0.183166 0.0630278 0.0584077  0.181762
3   0.185537 0.00063942 0.00393519    0.184054 0.000660742  0.00397165
3 0.0603013  0.181724 0.0588488 0.0605497  0.180373 0.0591045
3  0.00373216 0.000710166    0.183897  0.00376997 0.000728928    0.182474
3 0.000293028    0.183788  0.00421986 0.000306568    0.182364  0.00425682
3  0.183263   0.06197 0.0599836  0.181857 0.0622206 0.0602384
3 0.0584517 0.0623065  0.185153 0.0587109 0.0625605  0.183679
3     0.18564  0.00383276 0.000602273    0.184159  0.00386837 0.000621822
3  0.059721   0.18305 0.0614576 0.0599793   0.18165 0.0617109
3 0.000818941    0.183893  0.00380564 0.00084323   0.182483  0.0038423
3 0.0621804 0.0599102  0.185922 0.0624357 0.0601778  0.184414
3    0.183283 0.000724436  0.00383962    0.181894 0.000743878  0.00387801
3 0.0593565 0.0626153  0.185926 0.0596274 0.0628706  0.184422
3 0.0601591  0.182768 0.0615174 0.0604131  0.181381 0.0617654
3 0.00115447   0.183648 0.00354921 0.00118165   0.182229 0.00358617
3 0.0620054 0.0590505   0.18323 0.0622561 0.0593089  0.181832
3 0.0599222  0.183106 0.0602882 0.0601733  0.181702 0.0605419
3 0.0629243  0.183126 0.0588758 0.0631758  0.181719 0.0591367
3 0.0623131   0.18402 0.0597233 0.0625645  0.182593 0.0599826
3 0.00070695   0.182798 0.00385878 0.000726754    0.181416  0.00389543
3    0.183956  0.00371023 0.000719285    0.182517  0.00374663 0.000739818
3  0.00390136    0.181285 0.000576385  0.00393721    0.179954 0.000594281
3   0.0037093    0.184028 0.000734488  0.00374563    0.182598 0.000755865
3  0.00426955 0.000489044    0.182816  0.00431455 0.000507753     0.18144
3 0.000689792    0.182935  0.00385941 0.000710691    0.181526  0.00389838
3   0.183848 0.00033852 0.00415933   0.182416 0.00035434  0.0042008
3  0.183678  0.060203 0.0603648  0.182263 0.0604507 0.0606153
3 0.0619495 0.0595715  0.183577 0.0622021 0.0598295  0.182164
3  0.00378532 0.000633756    0.182795  0.00382071 0.000652339    0.181412
3   0.0037634 0.000680477    0.184678  0.00380008 0.000699522    0.183224
3 0.0598926  0.184748  0.062119 0.0601508  0.183295 0.0623707
3  0.059849  0.184662 0.0619496 0.0601071   0.18321 0.0622006
3 0.000899637  0.00370835     0.18528 0.000927478  0.00374626    0.183788
3 0.000986293   0.0035905    0.182909 0.00101387 0.00362551   0.181513
3 0.0584833 0.0614196  0.182361 0.0587362 0.0616699  0.180983
3    0.184187  0.00370528 0.000753631    0.182752  0.00374272 0.000772091
3 0.0600682 0.0612216  0.183765 0.0603256 0.0614733  0.182339
3  0.061852 0.0599288  0.184874 0.0621055 0.0601909  0.183409
3  0.184247 0.0597848 0.0619029  0.182812 0.0600451 0.0621568
3    0.182835  0.00344422 0.000874409    0.181463   0.0034779 0.000891163
3 0.0600675  0.184878 0.0621437 0.0603301  0.183414 0.0623963
3  0.00351299    0.183721 0.000756273  0.00354802    0.182294 0.000774865
3 0.00382957 0.00062037   0.184138 0.00386259  0.0006384   0.182716
3  0.181839 0.0615512 0.0593196  0.180483 0.0617981 0.0595739
3 0.0621875 0.0596155  0.182888 0.0624381 0.0598739  0.181501
3   0.0037984     0.18244 0.000579998  0.00383365    0.181065 0.000599269
3 0.0587486  0.185185 0.0624002 0.0590115  0.183708 0.0626546
3 0.0613375 0.0596225  0.183557 0.0615903 0.0598785  0.182138
3 0.0619412 0.0596153  0.183296 0.0621919 0.0598743  0.181891
3 0.0655454 0.0590799  0.183853 0.0657975 0.0593398  0.182434
3  0.186753 0.0635486 0.0596191  0.185211 0.0638121 0.0598796
3  0.0032478   0.185451 0.00088482  0.00327825    0.183971 0.000903416
3    0.182729  0.00371047 0.000726618    0.181348  0.00374556 0.000747543
3  0.059803  0.184928 0.0622096 0.0600665  0.183464 0.0624629
3 0.000739786    0.182781  0.00382348 0.000760698     0.18139   0.0038622
3     0.18156 0.000639295  0.00389243    0.180206 0.000659472   0.0039292
3    0.183225 0.000753451  0.00380361    0.181822 0.000775495  0.00384199
3 0.0598369  0.183348 0.0614998 0.0600931  0.181944 0.0617515
3 0.000762551    0.183178  0.00381259 0.000782607    0.181777  0.00385288
3 0.0609269 0.0598617  0.182296 0.0611781 0.0601164  0.180924
3  0.183034 0.0594629 0.0613688  0.181634 0.0597199 0.0616198
3 0.000193932  0.00435617    0.185693 0.000208251  0.00439732    0.184177
3 0.00365055 0.00081267   0.184633  0.00368613 0.000835437     0.18318
3 0.000497166  0.00403601    0.183925 0.00051402 0.00407457   0.182499
3 0.0023253  0.182899 0.0013429 0.00234406   0.181504 0.00136477
3    0.183266 0.000735329  0.00384022    0.181875 0.000756195  0.00387672
3    0.183462  0.00378192 0.000624436   0.182051 0.00381679 0.00064447
3  0.00356267    0.184461 0.000768712  0.00359487    0.183017 0.000789152
3  0.183293 0.0592621 0.0623032  0.181892 0.0595252 0.0625501
3    0.184184 0.000722998  0.00383859    0.182742 0.000744631  0.00387666
3 0.0613997     0.182 0.0591238 0.0616516  0.180632 0.0593822
3    0.181552 0.000535581  0.00395908    0.180187 0.000555067  0.00399734
3  0.00371329    0.183707 0.000733237  0.00375064    0.182302 0.000753671
3    0.183851   0.0036885 0.000775887    0.182428  0.00372689 0.000794534
3 0.0595365  0.182534 0.0613421  0.059792   0.18115 0.0615926
3  0.00392911     0.18504 0.000530264  0.00396828    0.183561 0.000549119
3  0.00378107     0.18388 0.000759228  0.00382097    0.182453 0.000781144
3    0.182645  0.00418571 0.000370603    0.181256   0.0042232 0.000385539
3 0.0620916  0.183485 0.0593335 0.0623445  0.182074 0.0595938
3 0.0617378 0.0592891  0.183262 0.0619909 0.0595518  0.181851
3    0.183639 0.000587522  0.00396352    0.182224 0.000607738   0.0040006
3 0.0619373  0.184608 0.0597452 0.0621905  0.183163 0.0600057
3  0.00370205    0.184112 0.000706686  0.00373897    0.182673 0.000728469
3 0.00146146 0.00320565   0.183843 0.00149594 0.00323771   0.182411
3   0.184771 0.00369809 0.00073581    0.183319  0.00373595 0.000755304
3  0.183813 0.0624378 0.0596439  0.182389 0.0626884 0.0599063
3 0.0599244  0.183908  0.061608  0.060184  0.182479 0.0618604
3  0.183443 0.0618137 0.0596722  0.182029  0.062068 0.0599303
3   0.182546 0.00117448 0.00358798   0.181171 0.00120405 0.00362252
3 0.000621154  0.00393235    0.184285 0.00064209 0.00397108   0.182839
3  0.058497 0.0621907  0.184611 0.0587604 0.0624437  0.183157
3 0.0600882  0.184194 0.0616541 0.0603453  0.182756 0.0619069
3 0.0596688  0.184707 0.0622399 0.0599274  0.183257 0.0624919
3 0.0618822  0.183694 0.0599022 0.0621329  0.182276 0.0601595
3  0.00368568    0.183198 0.000758372  0.00372185    0.181802 0.000776336
3  0.186278 0.0676017  0.056994  0.184773 0.0678492 0.0572637
3 0.0617149 0.0590305   0.18299 0.0619677 0.0592891  0.181594
