tree logl logTop logProp logPrior logWt
(1,((((((((2,((4,(28,29)),27)),26),5),8),(((6,23),9),(21,22))),(3,((7,13),((((10,25),(30,31)),(20,(33,34))),((11,(15,32)),(12,((16,37),18))))))),((14,17),(19,24))),35),36); -56566.6 -15.4484 339.965 141.333 -56780.7
(1,((((((((((2,(((4,28),29),27)),26),8),((6,23),9)),((14,17),(19,24))),(((3,12),(((10,25),(30,31)),((15,32),((20,33),34)))),(5,11))),((7,13),(21,22))),18),(16,37)),35),36); -56570.5 -12.6933 339.613 141.323 -56781.5
(1,(((((((((((2,((4,(28,29)),27)),26),8),(5,11)),((6,23),(9,(21,22)))),((14,17),(19,24))),(((((10,25),(30,31)),34),(20,33)),((15,32),18))),(3,12)),(7,13)),(16,37)),35),36); -56541.9 -16.7978 333.113 141.026 -56750.8
(1,((((((((((((2,(((4,28),29),27)),26),8),((6,23),9)),((14,17),(19,24))),3),((((10,25),(30,31)),((20,33),34)),((12,18),(15,32)))),(5,11)),(21,22)),(7,13)),(16,37)),35),36); -56609.1 -13.6924 334.944 141.169 -56816.6
(1,(((((((((2,((4,(28,29)),27)),26),(5,11)),8),((6,23),(9,(21,22)))),(((3,12),(((((10,25),30),31),((15,32),(18,20))),(33,34))),((14,17),(19,24)))),(7,13)),(16,37)),35),36); -56423.6 -15.9846 334.463 141.8 -56632.2
(1,((((((((2,(((4,28),29),27)),26),((14,17),(19,24))),8),(3,(((5,11),((7,13),(12,((16,37),18)))),((((10,25),(30,31)),(20,(33,34))),(15,32))))),(21,22)),((6,23),9)),35),36); -56493.5 -13.7646 339.298 141.623 -56704.9
(1,((((((((((((2,(((4,28),29),27)),26),(((6,23),9),8)),((14,17),(19,24))),3),((((10,25),(30,31)),(15,32)),(20,(33,34)))),(5,11)),(21,22)),12),(7,13)),((16,37),18)),35),36); -56626.3 -13.9045 337.149 141.416 -56836
(1,((((((((2,(((4,28),29),27)),26),(5,11)),((3,12),((((7,13),(((16,37),18),20)),((10,25),(30,31))),((15,32),(33,34))))),8),(((6,9),23),(21,22))),((14,17),(19,24))),35),36); -56439.4 -16.1435 339.573 141.341 -56653.8
(1,((((((2,((4,(28,29)),27)),26),8),(((3,((7,13),((((10,25),(30,31)),(20,(33,34))),((12,((16,37),18)),(15,32))))),(5,11)),((14,17),(19,24)))),(((6,23),9),(21,22))),35),36); -56497.5 -14.7956 334.997 141.576 -56705.7
(1,(((((((((((2,((4,(28,29)),27)),26),(((6,23),9),8)),(21,22)),(5,11)),(7,13)),((14,17),(19,24))),((3,(15,32)),((((10,25),(30,31)),20),(33,34)))),(12,18)),(16,37)),35),36); -56616.2 -19.6007 328.319 140.888 -56823.2
(1,((((((((((((2,((4,(28,29)),27)),26),(((6,23),9),8)),((14,17),(19,24))),(3,(21,22))),(5,11)),(((((10,25),30),31),((20,34),33)),(15,32))),(7,13)),18),(12,16)),37),35),36); -56652.5 -21.7306 327.193 141.15 -56860.2
(1,(((((((((2,((4,(28,29)),27)),26),(((6,23),9),8)),((7,13),(21,22))),(5,11)),(((3,12),(15,32)),((((10,25),30),31),((20,33),34)))),((14,17),(19,24))),((16,37),18)),35),36); -56438.9 -16.2575 331.438 141.425 -56645.2
(1,((((((((((((2,(((4,28),29),27)),26),8),(5,11)),((6,23),9)),((14,17),(19,24))),(3,((((((10,25),31),30),(33,34)),(15,32)),12))),((7,13),(21,22))),20),18),(16,37)),35),36); -56718.5 -20.9773 333.181 141.183 -56931.4
(1,((((((((((2,((4,(28,29)),27)),26),(19,24)),(((6,9),23),8)),(5,11)),(((3,12),(((((10,25),(30,31)),20),(33,34)),(15,32))),((14,17),18))),(21,22)),(7,13)),(16,37)),35),36); -56558.7 -16.8244 332.16 141.747 -56765.9
(1,(((((((((((2,((4,(28,29)),27)),26),(5,11)),(((6,23),9),8)),((14,17),(19,24))),(3,(((((10,25),(30,31)),(33,34)),20),(15,32)))),((7,13),(21,22))),12),(16,18)),37),35),36); -56510.6 -15.2652 323.742 141.283 -56708.4
(1,((((((((2,((4,(28,29)),27)),26),(5,11)),8),((((6,23),9),(21,22)),(7,13))),((((3,12),(15,32)),((((10,25),31),30),(33,34))),(((16,37),18),20))),((14,17),(19,24))),35),36); -56413.7 -14.5967 339.374 141.495 -56626.1
(1,(((((((((((2,(((4,29),28),27)),26),(((6,23),9),8)),(5,11)),((14,17),(19,24))),(((3,(15,32)),20),((((10,25),31),30),(33,34)))),(12,18)),((7,13),(21,22))),16),37),35),36); -56604.6 -22.8866 339.91 141.673 -56825.7
(1,((((((((2,(((4,28),29),27)),26),(5,11)),((((6,23),9),(21,22)),8)),(7,13)),(3,(((((10,25),30),31),(12,((15,32),(((16,37),18),20)))),(33,34)))),((14,17),(19,24))),35),36); -56397.3 -14.9015 333.17 141.853 -56603.5
(1,((((((((2,(((4,28),29),27)),26),(5,11)),((3,12),((((7,13),(((16,37),18),20)),((10,25),(30,31))),((15,32),(33,34))))),8),((6,23),(9,(21,22)))),((14,17),(19,24))),35),36); -56389.3 -14.717 341.772 141.496 -56604.3
(1,((((((((((2,((4,(28,29)),27)),26),(5,11)),((3,((6,(9,23)),(21,22))),8)),((14,17),(19,24))),(((((10,25),30),31),(20,(33,34))),(15,32))),12),(7,13)),((16,37),18)),35),36); -56582.5 -21.8107 331.425 141.709 -56794
(1,((((((((((((2,(((4,28),29),27)),26),(5,11)),8),(((3,((6,23),9)),(21,22)),((14,17),(19,24)))),((((10,25),(30,31)),(15,32)),((20,33),34))),(7,13)),12),18),16),37),35),36); -56636.9 -19.489 340.314 141.236 -56855.5
(1,(((((((((2,((4,(28,29)),27)),26),(((6,23),9),8)),(5,11)),((3,(((((10,25),31),30),((12,18),(15,32))),(20,(33,34)))),((14,17),(19,24)))),(21,22)),(7,13)),(16,37)),35),36); -56564 -15.8916 331.992 141.015 -56770.9
(1,((((((((((((2,(((4,28),29),27)),26),(((6,23),9),8)),(5,11)),((14,17),(19,24))),3),((7,13),(21,22))),(((10,25),(30,31)),((20,33),34))),(15,32)),(12,18)),(16,37)),35),36); -56636.9 -15.2957 343.682 141.368 -56854.5
(1,(((((((((2,(((4,28),29),27)),26),8),(5,11)),((6,23),9)),((3,12),((((10,25),(30,31)),(20,(33,34))),((15,32),((16,37),18))))),((7,13),(21,22))),((14,17),(19,24))),35),36); -56478.4 -14.0804 335.154 141.392 -56686.2
(1,(((((((((((2,((4,(28,29)),27)),26),(((6,23),9),8)),((14,17),(19,24))),3),(((((10,25),31),30),(15,32)),((20,33),34))),((5,11),((7,13),(21,22)))),12),18),(16,37)),35),36); -56615.2 -14.5008 337.749 141.445 -56826
(1,(((((((((((((2,(((4,28),29),27)),26),(5,11)),(((6,23),9),8)),((7,13),(21,22))),((14,17),(19,24))),3),((20,34),33)),((10,25),(30,31))),(15,32)),12),((16,37),18)),35),36); -56559.2 -16.7541 339.262 141.236 -56773.9
(1,((((((((((((2,(((4,28),29),27)),26),8),(((6,23),9),(21,22))),(19,24)),(5,11)),((3,20),((((10,25),(30,31)),(33,34)),(15,32)))),(12,((14,17),18))),(7,13)),16),37),35),36); -56675.4 -17.66 319.834 141.101 -56871.8
(1,(((((((2,(((4,28),29),27)),26),(((6,23),9),8)),((3,((5,11),((((7,13),(12,((16,37),18))),20),(((((10,25),31),30),(33,34)),(15,32))))),(21,22))),(19,24)),(14,17)),35),36); -56519.2 -16.4336 335.727 141.722 -56729.6
(1,((((((((((2,((4,(28,29)),27)),26),3),((6,23),(9,(21,22)))),((5,11),8)),((((10,25),(30,31)),(15,32)),(20,(33,34)))),(7,13)),(12,((16,37),18))),((14,17),(19,24))),35),36); -56505 -23.2405 338.225 141.34 -56725.2
(1,(((((((((((2,(((4,28),29),27)),26),8),(5,11)),(((6,23),9),(21,22))),(3,((14,17),(19,24)))),(((((10,25),30),31),(33,34)),(15,32))),((7,13),(12,16))),(18,20)),37),35),36); -56589.3 -18.8892 331.586 141.084 -56798.7
(1,((((((2,(((4,28),29),27)),26),((6,23),(8,9))),(3,((((5,11),((7,13),(21,22))),(12,((16,37),18))),(((((10,25),30),31),(20,(33,34))),(15,32))))),((14,17),(19,24))),35),36); -56487.7 -15.3356 336.981 141.803 -56698.2
(1,((((((((((2,(((4,28),29),27)),26),(((6,23),9),8)),(5,11)),(((3,12),(((((((10,25),30),31),34),33),20),(15,32))),((14,17),(19,24)))),(21,22)),(7,13)),18),(16,37)),35),36); -56592.4 -17.6821 334.96 141.218 -56803.8
(1,(((((((((((2,((4,(28,29)),27)),26),8),((6,23),9)),((14,17),(19,24))),(5,11)),((7,13),(21,22))),(3,((((((10,25),31),30),(33,34)),(15,32)),20))),12),((16,37),18)),35),36); -56637.9 -16.9964 331.774 141.527 -56845.2
(1,((((((((2,((4,(28,29)),27)),26),(5,11)),(((3,12),((((10,25),(30,31)),(33,34)),(15,32))),(((7,13),(((16,37),18),20)),(21,22)))),((14,17),(19,24))),8),((6,23),9)),35),36); -56470.8 -15.0237 349.782 141.715 -56693.9
(1,((((((((((2,(((4,28),29),27)),26),(5,11)),(((6,23),9),8)),((7,13),(21,22))),(19,24)),((3,12),(((((10,25),31),30),(20,(33,34))),(15,32)))),((14,17),18)),(16,37)),35),36); -56458.9 -15.1189 330.803 141.408 -56663.4
(1,(((((((((((((2,((4,(28,29)),27)),26),(((6,23),9),8)),(19,24)),(14,17)),(21,22)),3),(5,11)),((((10,25),(30,31)),(15,32)),(20,(33,34)))),((7,13),(12,16))),18),37),35),36); -56696.1 -25.1319 347.965 141.37 -56927.9
(1,((((((((((((((2,(((4,28),29),27)),26),(5,11)),8),((6,23),(9,(21,22)))),(7,13)),((14,17),(19,24))),3),((15,32),((20,33),34))),((10,25),(30,31))),(12,16)),18),37),35),36); -56533.5 -19.7107 336.944 141.127 -56749.1
(1,((((((((((2,(((4,28),29),27)),26),(((6,23),9),8)),((14,17),(19,24))),((3,((((((10,25),30),31),(20,(33,34))),(15,32)),12)),(5,11))),(21,22)),(7,13)),18),(16,37)),35),36); -56641.3 -15.3466 321.632 140.952 -56837.3
(1,((((((((2,(((4,28),29),27)),26),(5,11)),(((6,23),(9,(21,22))),8)),(3,(((7,13),12),(((((10,30),25),31),(20,(33,34))),(15,32))))),((14,17),(19,24))),((16,37),18)),35),36); -56448.2 -20.2736 335.843 141.584 -56662.7
(1,((((((((((2,((4,(28,29)),27)),26),(5,11)),(((6,23),9),8)),((14,17),(19,24))),(3,12)),((((((10,25),31),30),(33,34)),20),((15,32),18))),((7,13),(21,22))),(16,37)),35),36); -56551.1 -17.1875 343.77 141.382 -56770.7
(1,(((((((2,(((4,28),29),27)),26),(5,11)),(((3,12),((((((10,25),30),31),(20,(33,34))),(15,32)),((16,37),18))),((7,13),(21,22)))),(((6,23),9),8)),((14,17),(19,24))),35),36); -56442.8 -14.3672 339.724 141.422 -56655.4
(1,((((((((((((2,(((4,28),29),27)),26),(5,11)),(((6,9),23),8)),((7,13),(21,22))),((14,17),(19,24))),(3,20)),((((10,25),31),30),((15,32),(33,34)))),12),18),(16,37)),35),36); -56632.1 -18.9454 343.353 141.157 -56853.3
(1,((((((2,(((4,28),29),27)),26),(((6,23),9),8)),(((3,(((((((10,25),30),31),34),(20,33)),(15,32)),(12,((16,37),18)))),((7,13),(21,22))),(5,11))),((14,17),(19,24))),35),36); -56424.3 -13.6043 327.479 141.586 -56623.8
(1,((((((((2,((4,(28,29)),27)),26),(5,11)),((((6,23),(9,(21,22))),8),(7,13))),((3,12),(((((10,25),30),31),((15,32),(33,34))),20))),((14,17),(19,24))),((16,37),18)),35),36); -56408.1 -16.4599 319.214 140.824 -56602.9
(1,(((((((((((2,((4,(28,29)),27)),26),8),((6,9),23)),(5,11)),((14,17),(19,24))),((3,(15,32)),(((((10,25),31),30),20),(33,34)))),((7,13),(21,22))),((12,16),18)),37),35),36); -56572.3 -18.9045 326.3 141.302 -56776.2
(1,(((((((((2,(((4,28),29),27)),26),8),(5,11)),(((6,23),9),(21,22))),(3,12)),((((7,13),20),(((((10,25),31),30),34),33)),((15,32),((16,37),18)))),((14,17),(19,24))),35),36); -56535.1 -22.0221 327.395 141.38 -56743.1
(1,((((((2,((4,(28,29)),27)),26),(((6,23),9),8)),((3,((((10,25),(30,31)),(33,34)),((15,32),20))),((5,11),(((7,13),(21,22)),(12,((16,37),18)))))),((14,17),(19,24))),35),36); -56392.2 -14.7396 326.359 141.655 -56591.6
(1,(((((((((((2,(((4,28),29),27)),26),8),((6,9),23)),((14,17),(19,24))),(5,11)),((((3,33),34),(((10,25),(30,31)),20)),((12,18),(15,32)))),(21,22)),(7,13)),(16,37)),35),36); -56618.2 -21.1287 342.371 141.434 -56840.2
(1,(((((((((((((2,((4,(28,29)),27)),26),((14,17),(19,24))),8),(((6,23),9),(21,22))),3),((((((10,25),31),30),34),(20,33)),(15,32))),(5,11)),(7,13)),(12,16)),18),37),35),36); -56570.3 -17.3407 339.025 141.721 -56784.9
(1,((((((((((((2,(((4,28),29),27)),26),(5,11)),(((6,23),9),8)),((14,17),(19,24))),(3,((((10,25),31),30),((20,34),33)))),((12,18),(15,32))),(7,13)),(21,22)),16),37),35),36); -56601 -20.1899 340.042 141.474 -56819.8
(1,((((((((2,(((4,28),29),27)),26),(5,11)),(((6,23),(9,(21,22))),8)),(((3,(12,(15,32))),(((10,25),(30,31)),(20,(33,34)))),(7,13))),((14,17),(19,24))),((16,37),18)),35),36); -56412.9 -15.5814 338.77 141.056 -56626.2
(1,(((((((2,((4,(28,29)),27)),26),(((5,11),(7,13)),((((6,23),9),(21,22)),8))),((3,12),((((10,25),31),30),((15,32),(20,(33,34)))))),((14,17),(19,24))),((16,37),18)),35),36); -56460.5 -17.7961 340.072 141.199 -56677.2
(1,(((((((2,((4,(28,29)),27)),26),8),((6,23),9)),(((3,(((((10,25),(30,31)),(20,(33,34))),(15,32)),(12,((16,37),18)))),((7,13),(21,22))),(5,11))),((14,17),(19,24))),35),36); -56452.3 -12.6226 326.195 141.325 -56649.8
(1,((((((((((2,(((4,28),29),27)),26),8),((14,17),(19,24))),3),((6,23),(9,(21,22)))),((5,11),(((7,13),20),((((10,25),31),30),((15,32),(33,34)))))),(12,18)),(16,37)),35),36); -56701.7 -21.0016 336.991 141.153 -56918.5
(1,(((((((((2,(((4,28),29),27)),26),(5,11)),((3,12),((((((10,31),30),25),(33,34)),20),(15,32)))),(((6,23),9),(8,((14,17),(19,24))))),(21,22)),(7,13)),((16,37),18)),35),36); -56636.6 -22.0304 338.372 141.958 -56855
(1,(((((((((((2,(((4,28),29),27)),26),(5,11)),((6,23),8)),(9,(21,22))),((14,17),(19,24))),((3,((((10,25),31),30),(20,(33,34)))),(12,(15,32)))),(7,13)),18),(16,37)),35),36); -56648.4 -17.8194 327.944 140.874 -56853.3
(1,((((((((((((2,(((4,28),29),27)),26),(6,23)),(9,(21,22))),8),(5,11)),((14,17),(19,24))),((3,12),((((((10,31),30),25),(33,34)),(15,32)),20))),(7,13)),18),(16,37)),35),36); -56714.6 -21.4219 335.917 141.34 -56930.6
(1,((((((((2,(((4,28),29),27)),26),(5,11)),((((3,20),(((10,25),(30,31)),(33,34))),(15,32)),(12,((16,37),18)))),((7,13),(21,22))),((6,23),(8,9))),((14,17),(19,24))),35),36); -56518.5 -19.0177 332.788 141.4 -56728.9
(1,((((((((2,(((4,28),29),27)),26),((((6,23),9),8),(21,22))),(5,11)),(7,13)),(3,((((((10,25),31),30),20),(33,34)),((12,((16,37),18)),(15,32))))),((14,17),(19,24))),35),36); -56470 -17.3238 332.444 141.681 -56678.1
(1,((((((2,((4,(28,29)),27)),26),8),(((((3,12),((((10,25),(30,31)),((15,32),(((16,37),18),20))),(33,34))),(5,11)),(7,13)),((6,23),(9,(21,22))))),((14,17),(19,24))),35),36); -56375.2 -14.23 337.177 141.54 -56585.1
(1,((((((((2,(((4,28),29),27)),26),((3,((5,11),((((((10,25),(30,31)),(33,34)),(15,32)),(((16,37),18),20)),12))),((7,13),(21,22)))),8),((14,17),(19,24))),(6,23)),9),35),36); -56548.7 -18.5677 331.936 141.797 -56757.4
(1,((((((2,(((4,28),29),27)),26),(((6,23),(9,(21,22))),8)),((3,(((((((10,25),(30,31)),(15,32)),34),20),33),(12,((16,37),18)))),((5,11),(7,13)))),((14,17),(19,24))),35),36); -56366 -22.5416 337.73 141.682 -56584.6
(1,((((((((2,((4,(28,29)),27)),26),(5,11)),8),((3,12),((((((10,25),(30,31)),(15,32)),34),(20,33)),((16,37),18)))),((((6,23),9),(21,22)),(7,13))),((14,17),(19,24))),35),36); -56450 -19.0787 339.069 141.058 -56667.1
(1,(((((((((((((2,(((4,28),29),27)),26),8),(((6,23),9),(21,22))),((14,17),(19,24))),(5,11)),(((10,25),(30,31)),(33,34))),((3,12),(15,32))),20),(7,13)),18),(16,37)),35),36); -56673.8 -15.3609 338.64 141.252 -56886.6
(1,(((((((((((2,((4,(28,29)),27)),26),(((6,23),9),8)),((14,17),(19,24))),(5,11)),(((3,12),(15,32)),(((((10,30),25),31),34),(20,33)))),((7,13),(21,22))),18),16),37),35),36); -56570.3 -18.9431 333.905 141.603 -56781.5
(1,((((((((((((2,(((4,28),29),27)),26),8),(5,11)),(((6,23),9),(21,22))),((14,17),(19,24))),(7,13)),3),(((((10,25),(30,31)),34),(20,33)),(15,32))),((12,16),18)),37),35),36); -56555 -16.9013 332.403 141.268 -56763.1
(1,(((((((2,(((4,28),29),27)),26),8),((((3,(((((10,25),(30,31)),(33,34)),(15,32)),20)),(12,((16,37),18))),((5,11),(7,13))),((14,17),(19,24)))),(21,22)),((6,9),23)),35),36); -56533.6 -19.4302 329.408 141.315 -56741.1
(1,((((((2,((4,(28,29)),27)),26),(((3,((5,11),(((7,13),(21,22)),(((((((10,25),30),31),(33,34)),(15,32)),(((16,37),18),20)),12)))),8),((6,23),9))),(19,24)),(14,17)),35),36); -56518.8 -22.3662 328.098 141.142 -56728.1
(1,((((((((((2,(((4,29),28),27)),26),8),((6,23),9)),(5,11)),((7,13),(21,22))),((3,12),(((((10,25),31),30),((20,33),34)),(15,32)))),((14,17),(19,24))),((16,37),18)),35),36); -56481.5 -15.8956 325.187 141.627 -56680.9
(1,((((((((2,(((4,28),29),27)),26),8),((6,23),9)),(5,11)),(((3,12),(((((10,25),31),30),(15,32)),(33,34))),(((7,13),(((16,37),18),20)),(21,22)))),((14,17),(19,24))),35),36); -56517.4 -14.5859 336.531 141.275 -56727.2
(1,((((((((((2,(((4,28),29),27)),26),(5,11)),((((6,23),9),(21,22)),8)),(3,((((10,25),(30,31)),(15,32)),((20,33),34)))),((14,17),(19,24))),(7,13)),12),((16,37),18)),35),36); -56485.7 -15.7683 338.851 141.448 -56698.8
(1,((((((((2,((4,(28,29)),27)),26),(5,11)),8),(((3,12),(((7,13),((16,37),18)),20)),(((((10,25),31),30),(33,34)),(15,32)))),((6,23),(9,(21,22)))),((14,17),(19,24))),35),36); -56396.1 -15.6746 333.818 141.541 -56604
(1,((((((((2,((4,(28,29)),27)),26),8),(((6,23),9),(21,22))),((3,((5,11),((((10,25),(30,31)),(20,(33,34))),((12,((16,37),18)),(15,32))))),(7,13))),(19,24)),(14,17)),35),36); -56436.5 -15.2097 336.187 141.644 -56646.3
(1,((((((((((2,(((4,28),29),27)),26),(5,11)),(8,((14,17),(19,24)))),(3,((((6,23),9),(21,22)),(7,13)))),((((10,25),30),31),((15,32),(20,(33,34))))),12),18),(16,37)),35),36); -56674.1 -18.0384 338.399 141.226 -56889.3
(1,(((((((((((((2,((4,(28,29)),27)),26),5),11),8),((6,23),(9,(21,22)))),((14,17),(19,24))),3),((((10,25),(30,31)),20),((15,32),(33,34)))),(12,18)),(7,13)),(16,37)),35),36); -56593.4 -20.2366 331.781 141.362 -56804
(1,(((((((((((2,((4,(28,29)),27)),26),8),((6,23),9)),((14,17),(19,24))),(((3,12),((((10,25),(30,31)),(20,(33,34))),(15,32))),(5,11))),((7,13),(21,22))),18),16),37),35),36); -56558.9 -11.7816 341.383 141.609 -56770.4
(1,((((((((2,(((4,28),29),27)),26),8),(((6,23),9),(21,22))),((((5,11),(7,13)),((((((10,25),31),30),34),33),((15,32),(((16,37),18),20)))),12)),3),((14,17),(19,24))),35),36); -56520.8 -20.8067 339.423 141.454 -56739.5
(1,((((((((((2,((4,(28,29)),27)),26),((6,23),9)),8),((14,17),(19,24))),(((3,20),(33,34)),(((10,25),30),31))),((5,11),((12,18),(15,32)))),((7,13),(21,22))),(16,37)),35),36); -56719.8 -18.1531 338.295 141.079 -56935.2
(1,(((((((2,(((4,28),29),27)),26),(((6,9),23),8)),(5,11)),((3,((((10,25),(30,31)),(33,34)),((12,(15,32)),(((16,37),18),20)))),((7,13),(21,22)))),((14,17),(19,24))),35),36); -56463.2 -14.2328 336.744 141.467 -56672.8
(1,(((((((((2,(((4,28),29),27)),26),(5,11)),8),(((6,9),23),(21,22))),((((7,13),(16,37)),18),12)),(3,((((10,25),(30,31)),(20,(33,34))),(15,32)))),((14,17),(19,24))),35),36); -56445.5 -24.1714 338.957 140.986 -56667.7
(1,((((((((((2,(((4,28),29),27)),26),(5,11)),(((6,9),23),8)),((14,17),(19,24))),(3,((((((10,25),(30,31)),33),34),((15,32),(18,20))),12))),((7,13),(21,22))),16),37),35),36); -56525.4 -24.215 337.075 141.734 -56745
(1,((((((((((((2,((4,(28,29)),27)),26),(5,11)),8),(3,((6,23),9))),((14,17),(19,24))),((((10,25),(30,31)),(33,34)),(15,32))),((7,13),(21,22))),20),12),((16,37),18)),35),36); -56648.4 -18.4161 339.39 141.042 -56865.2
(1,((((((((2,((4,(28,29)),27)),26),(5,11)),(3,(((7,13),(((16,37),18),20)),(((((10,25),31),30),(33,34)),(12,(15,32)))))),(8,((14,17),(19,24)))),(6,23)),(9,(21,22))),35),36); -56520 -17.3247 325.016 141.115 -56721.2
(1,(((((((((2,(((4,28),29),27)),26),8),(19,24)),(5,11)),(((3,((((((10,25),31),30),20),34),((15,32),33))),12),((14,17),18))),((((6,23),9),(21,22)),(7,13))),(16,37)),35),36); -56646.8 -23.6206 337.002 141.003 -56866.4
(1,((((((((2,(((4,28),29),27)),26),8),(3,(((5,11),(((7,13),(21,22)),(12,((16,37),18)))),(((10,25),(30,31)),((15,32),((20,33),34)))))),((14,17),(19,24))),23),(6,9)),35),36); -56525.8 -20.2611 333.959 141.691 -56738.3
(1,((((((((2,((4,(28,29)),27)),26),5),11),(((6,23),9),8)),((((3,12),(15,32)),((((10,25),31),30),(33,34))),(((7,13),(21,22)),(((16,37),18),20)))),((14,17),(19,24))),35),36); -56515.2 -16.7368 328.176 141.506 -56718.6
(1,(((((((((2,((4,(28,29)),27)),26),8),((6,23),(9,(21,22)))),3),(5,11)),(((7,13),(12,((16,37),18))),((((10,25),(30,31)),(20,(33,34))),(15,32)))),((14,17),(19,24))),35),36); -56437.4 -15.7219 319.99 141.775 -56631.4
(1,((((((((((((2,(((4,28),29),27)),26),(5,11)),(8,((14,17),(19,24)))),(3,(((6,9),23),(21,22)))),((((10,25),30),31),(33,34))),(12,(15,32))),((7,13),20)),18),16),37),35),36); -56721.7 -20.3853 336.653 141.326 -56937.4
(1,(((((((((2,(((4,28),29),27)),26),(5,11)),((((6,23),9),8),(21,22))),((3,12),((((10,25),(30,31)),((20,33),34)),(15,32)))),(((14,17),18),(19,24))),(7,13)),(16,37)),35),36); -56424.2 -14.2004 344.426 141.36 -56641.4
(1,((((((((2,((4,(28,29)),27)),26),((6,23),9)),8),3),(((5,11),((((10,25),(30,31)),(33,34)),((15,32),(((16,37),18),20)))),(((7,13),(21,22)),12))),((14,17),(19,24))),35),36); -56536.3 -18.2019 332.612 140.976 -56746.1
(1,((((((2,((4,(28,29)),27)),26),(((3,((5,11),(((((10,25),30),31),(12,((15,32),((16,37),18)))),(20,(33,34))))),((7,13),(21,22))),8)),((6,23),9)),((14,17),(19,24))),35),36); -56474.4 -18.6804 339.268 141.507 -56690.8
(1,((((((((2,(((4,28),29),27)),26),(5,11)),(6,8)),((9,(21,22)),23)),(((((3,33),((15,32),34)),12),((10,25),(30,31))),((7,13),(((16,37),18),20)))),((14,17),(19,24))),35),36); -56514.9 -23.1952 338.327 141.377 -56735
(1,((((((((2,(((4,28),29),27)),26),(5,11)),8),(3,(((6,23),9),(21,22)))),((((7,13),(((16,37),18),20)),((((10,25),31),30),(33,34))),(12,(15,32)))),((14,17),(19,24))),35),36); -56512.9 -16.1269 334.059 141.952 -56721.1
(1,((((((((((((2,(((4,28),29),27)),26),(5,11)),((6,23),9)),(8,((14,17),(19,24)))),((3,(15,32)),(((10,25),(30,31)),((20,33),34)))),12),((7,13),(21,22))),18),16),37),35),36); -56593 -18.4511 345.294 140.992 -56815.7
(1,(((((((((((2,(((4,28),29),27)),26),8),((6,23),9)),((14,17),(19,24))),(((3,12),((((10,25),(30,31)),((20,33),34)),(15,32))),(5,11))),((7,13),(21,22))),18),16),37),35),36); -56545 -11.9687 335.382 141.211 -56751.2
(1,((((((((2,(((4,28),29),27)),26),((6,23),8)),(((5,11),(12,((16,37),18))),(((7,13),20),(((((10,25),30),31),(15,32)),(33,34))))),((14,17),(19,24))),(9,(21,22))),3),35),36); -56625.5 -20.5833 330.895 141.344 -56835.7
(1,(((((((2,(((4,28),29),27)),26),((14,17),(19,24))),8),((((3,12),(((((10,25),(30,31)),20),(33,34)),((15,32),((16,37),18)))),((7,13),(21,22))),(5,11))),((6,23),9)),35),36); -56475.3 -16.8588 326.741 141.541 -56677.4
(1,((((((((((((2,(((4,28),29),27)),26),8),((14,17),(19,24))),((6,23),(9,(21,22)))),((3,12),((((10,25),(30,31)),((20,33),34)),(15,32)))),(5,11)),(7,13)),18),16),37),35),36); -56513.2 -13.4281 341.872 141.605 -56726.8
(1,(((((((((2,((4,(28,29)),27)),26),8),((6,23),(9,(21,22)))),(5,11)),(7,13)),((3,12),((((((10,25),31),30),34),(20,33)),((15,32),((16,37),18))))),((14,17),(19,24))),35),36); -56376.7 -14.8252 340.577 141.455 -56590.7
(1,(((((((2,((4,(28,29)),27)),26),8),((6,23),9)),((((3,(((((10,25),31),30),((20,33),34)),(15,32))),(12,((16,37),18))),((7,13),(21,22))),(5,11))),((14,17),(19,24))),35),36); -56449.3 -14.1775 335.114 141.627 -56657
