translate
       1 Ambrosiozyma_platypodis,
       2 Ascobolus_denudatus,
       3 Balansia_sclerotica,
       4 Candida_albicans,
       5 Capniomyces_stellatus,
       6 Capnodium_dermatum,
       7 Ceramothyrium_linnaeae,
       8 Chytridium_confervae,
       9 Cladonia_subcervicornis,
       10 Elaphomyces_maculatus,
       11 Endomyces_scopularum,
       12 Entomophthora_muscae,
       13 Graphium_calicioides,
       14 Hesperomyces_coccinelloides,
       15 Kathistes_analemmoides,
       16 Kathistes_calyculata,
       17 Laboulbeniopsis_termitarius,
       18 Leucostoma_persoonii,
       19 Melanospora_fallax,
       20 Melanospora_zamiae,
       21 Microascus_trigonosporus,
       22 Monascus_purpureus,
       23 Morchella_esculenta,
       24 Mucor_mucedo,
       25 Neocallimastix_frontalis,
       26 Neurospora_crassa,
       27 Ophiostoma_piliferum,
       28 Ophiostoma_ulmi,
       29 Petriella_setifera,
       30 Protomyces_inouyei,
       31 Pyxidiophora_SPO3,
       32 Pyxidiophora_sp1,
       33 Scorias_spongiosa,
       34 Smittium_culisetae,
       35 Sphaerostilbella_aureonitens,
       36 Stigmatomyces_limnophorae,
       37 Talaromyces_flavus,
       38 Taphrina_deformans,
       39 Termitaria_snyderi,
       40 Xylaria_hypoxylon,
       41 Zodiomyces_vorticellarius;
(((((((((((((1,4),((((((3,35),(19,20)),(21,29)),(18,26)),40),(27,28))),(((15,16),39),37)),(10,22)),(((6,33),23),(7,13))),9),(30,38)),(((5,34),24),(8,25))),11),2),12),(14,36)),(17,(31,32)),41); 1
((((((((((((1,4),(((((3,(19,20)),35),(21,29)),(((18,26),(27,28)),40)),((15,16),39))),(10,(22,37))),(30,38)),((((6,33),(7,13)),23),9)),((8,25),11)),2),24),(5,34)),12),(14,36)),(17,(31,32)),41); 1
((((((((((((1,4),11),(30,38)),((((((((3,19),20),35),(21,29)),((18,26),(27,28))),40),((15,16),39)),((10,22),37))),((((6,33),(7,13)),23),9)),2),(8,25)),((5,34),24)),12),17),(14,36)),(31,32),41); 1
((((((((((((1,4),11),12),24),((5,34),(8,25))),(30,38)),((((2,23),9),(6,33)),((7,13),((10,37),22)))),(((((3,19),35),20),(21,29)),((18,(27,28)),(26,40)))),((15,16),39)),(14,36)),17),(31,32),41); 1
(((((((((((1,11),4),((((5,34),12),(8,25)),24)),(30,38)),((10,22),37)),(((((3,19),35),20),(21,29)),(((18,(27,28)),26),40))),((6,33),(7,13))),(9,((15,16),39))),(2,23)),((14,36),17)),(31,32),41); 1
(((((((((((1,4),11),(((5,34),(12,24)),(8,25))),(30,38)),((7,13),((10,37),22))),(6,33)),((2,9),23)),(((((3,(19,20)),35),(21,29)),(((18,(27,28)),26),40)),((15,16),39))),(17,(31,32))),36),14,41); 1
(((((((((((1,4),11),(((5,34),24),((8,25),12))),(30,38)),(2,9)),(10,(22,37))),(((6,33),7),23)),(13,((15,16),39))),((((((3,35),(19,20)),(27,28)),(21,29)),(18,26)),40)),(14,36)),(17,(31,32)),41); 1
(((((((((((1,4),11),(12,24)),((5,34),(8,25))),(30,38)),((((2,23),9),((6,33),(7,13))),((10,37),22))),((((3,35),(19,20)),(21,29)),((18,(26,(27,28))),40))),((15,16),39)),(31,32)),17),(14,36),41); 1
(((((((((((1,4),11),24),((5,34),12)),(8,25)),(((10,22),37),(30,38))),((((2,23),9),(6,33)),(7,13))),(((((((3,19),35),20),(21,29)),((18,26),(27,28))),40),((15,16),39))),(31,32)),(14,36)),17,41); 1
((((((((((1,11),4),((((3,19),(20,(21,29))),35),(((18,(27,28)),26),40))),10),(((6,33),7),(22,37))),(((2,23),9),((((5,34),((8,25),(12,24))),(30,38)),13))),((15,16),39)),(17,(31,32))),36),14,41); 1
((((((((((1,4),11),(((5,34),(8,24)),(12,25))),(30,38)),9),(((((((((3,19),20),35),(21,29)),((18,(27,28)),26)),40),((15,16),39)),((10,22),37)),((6,33),(7,13)))),(2,23)),(31,32)),17),(14,36),41); 1
((((((((((1,4),11),(((5,34),12),24)),((8,25),(30,38))),(((2,9),23),(((6,33),(7,13)),((10,37),22)))),(((((3,19),35),20),(21,29)),(((18,26),(27,28)),40))),((15,16),39)),(14,36)),17),(31,32),41); 1
((((((((((1,4),11),((5,34),24)),((8,25),12)),(30,38)),((((2,9),((10,37),22)),(7,13)),((6,33),23))),(((((((3,35),(19,20)),(21,29)),26),40),(18,(27,28))),((15,16),39))),(14,36)),17),(31,32),41); 1
((((((((((1,4),11),(30,38)),(((5,34),(12,24)),(8,25))),(((2,9),((6,33),23)),((7,13),((10,37),22)))),((((((3,(19,20)),35),(21,29)),((18,26),(27,28))),40),((15,16),39))),36),17),(31,32)),14,41); 1
((((((((((1,4),11),(8,25)),(30,38)),(((2,23),9),(((((((((3,(19,20)),35),(21,29)),((18,(27,28)),26)),40),((15,16),39)),(10,(22,37))),(7,13)),(6,33)))),(5,34)),(12,24)),(17,(31,32))),14),36,41); 1
(((((((((1,4),11),(((((5,34),12),24),(8,25)),(30,38))),9),((((((3,20),((((18,(27,28)),26),40),((19,35),(21,29)))),((15,16),39)),((10,22),37)),((6,33),(7,13))),23)),2),(14,36)),17),(31,32),41); 1
(((((((((1,4),11),((((5,34),(12,24)),(8,25)),(30,38))),((((3,35),(((19,20),(27,28)),(21,29))),(18,(26,40))),(10,(22,37)))),((2,9),(((6,33),(7,13)),23))),((15,16),39)),(17,(31,32))),14),36,41); 1
(((((((((1,4),11),((((5,34),(8,25)),12),24)),(30,38)),((10,37),22)),(((2,9),23),((6,33),(7,13)))),(((((3,(19,20)),35),(21,29)),(((18,26),(27,28)),40)),((15,16),39))),(17,(31,32))),(14,36),41); 1
(((((((((1,4),11),((((5,34),12),24),(8,25))),((((2,23),9),((6,33),(7,13))),((((3,((19,35),(21,29))),20),((18,(26,(27,28))),40)),((10,22),37)))),(30,38)),((15,16),39)),(14,36)),(31,32)),17,41); 1
(((((((((1,4),11),((((5,34),12),24),(8,25))),(30,38)),(((2,23),9),((6,33),((7,13),((10,22),37))))),(((((((3,35),(19,20)),(21,29)),26),(18,(27,28))),40),((15,16),39))),(14,36)),17),(31,32),41); 1
(((((((((1,4),11),((((5,34),12),24),(8,25))),(30,38)),(2,9)),(((6,33),23),((7,13),((10,37),22)))),(((((3,35),(19,20)),(21,29)),(((18,(27,28)),26),40)),((15,16),39))),(14,36)),(17,(31,32)),41); 1
(((((((((1,4),11),((((5,34),12),8),24)),(25,(30,38))),(((2,9),23),((6,33),((7,13),(10,(22,37)))))),(((((3,35),(19,20)),((18,(27,28)),26)),(21,29)),40)),((15,16),39)),(17,(31,32))),(14,36),41); 1
(((((((((1,4),11),((((5,34),24),((8,25),12)),(30,38))),(((((2,23),(6,33)),9),(7,13)),((10,37),22))),((((3,35),(19,20)),(21,29)),(((18,26),(27,28)),40))),((15,16),39)),(17,(31,32))),36),14,41); 1
(((((((((1,4),11),((((5,34),24),12),(8,25))),(30,38)),((((2,9),23),((6,33),(7,13))),((10,22),37))),(((((3,35),(19,20)),(21,29)),(((18,(27,28)),26),40)),((15,16),39))),17),(14,36)),(31,32),41); 1
(((((((((1,4),11),(((5,34),24),((8,25),(12,(30,38))))),(((2,9),23),((6,33),((7,13),(10,22))))),((((((3,19),35),(21,29)),20),(((18,(27,28)),26),40)),37)),((15,16),39)),(14,36)),17),(31,32),41); 1
(((((((((1,4),11),((5,34),(12,24))),(8,25)),(30,38)),(((2,9),23),((6,33),((7,13),(10,(22,37)))))),(((((3,(19,20)),35),(21,29)),(((18,(27,28)),26),40)),((15,16),39))),(14,36)),(17,(31,32)),41); 1
(((((((((1,4),11),((5,34),24)),(((8,25),12),(30,38))),((((2,23),9),((6,33),(7,13))),((10,22),37))),((((((3,19),35),(21,29)),20),((18,(27,28)),26)),40)),((15,16),39)),(14,36)),(17,(31,32)),41); 1
(((((((((1,4),11),(30,38)),((2,9),(((((((3,(19,20)),(21,29)),35),((18,(26,(27,28))),40)),(((15,16),39),37)),(10,22)),(((6,33),(7,13)),23)))),(8,25)),((5,34),12)),24),(14,36)),(17,(31,32)),41); 1
((((((((1,11),4),((((((((3,19),35),((21,29),40)),((18,20),(27,28))),26),((15,16),39)),((7,13),((10,22),37))),((6,33),23))),(2,9)),((((5,34),(12,24)),(8,25)),(30,38))),17),(14,36)),(31,32),41); 1
((((((((1,11),4),(((((3,19),35),(21,29)),20),(((18,(27,28)),26),40))),(30,38)),((((2,9),((10,37),22)),(((6,33),23),(7,13))),((15,16),39))),((((5,34),12),24),(8,25))),((14,36),17)),(31,32),41); 1
((((((((1,11),4),(((5,34),(12,(24,36))),(8,25))),(30,38)),(((((((3,((21,29),35)),(19,20)),(((18,(27,28)),26),40)),((15,16),39)),((7,13),((10,37),22))),(6,33)),9)),(2,23)),(31,32)),(14,17),41); 1
((((((((1,11),4),(((5,34),24),((8,25),12))),(((((2,9),((15,16),39)),(((6,33),(7,13)),23)),((((((3,(19,20)),(21,29)),35),((18,26),(27,28))),40),((10,37),22))),(30,38))),36),17),(31,32)),14,41); 1
((((((((1,11),4),(30,38)),(((5,34),(12,24)),(8,25))),(((2,23),9),((6,33),((7,13),((10,37),22))))),(((((((3,19),20),35),(21,29)),((18,26),(27,28))),40),((15,16),39))),((14,36),17)),(31,32),41); 1
((((((((1,11),4),24),((((2,23),9),(6,33)),((((((((3,19),35),20),(21,29)),((18,(27,28)),26)),40),((15,16),39)),((7,13),((10,22),37))))),(30,38)),(((5,34),12),(8,25))),((14,36),17)),(31,32),41); 1
((((((((1,4),11),((((((2,23),9),(6,33)),((7,13),((10,37),22))),((((((3,19),20),35),(21,29)),(((18,(27,28)),26),40)),((15,16),39))),(30,38))),((5,34),((8,25),12))),24),36),14),(17,(31,32)),41); 1
((((((((1,4),11),((((((5,34),24),12),8),25),(30,38))),((((2,9),23),(6,33)),((7,13),((10,37),22)))),(((((3,(19,20)),35),(21,29)),(((18,26),(27,28)),40)),((15,16),39))),(31,32)),17),(14,36),41); 1
((((((((1,4),11),((((((5,34),24),8),12),25),(30,38))),((((2,23),9),((6,33),(7,13))),((10,37),22))),(((((3,(19,20)),35),(21,29)),(((18,(27,28)),26),40)),((15,16),39))),(14,36)),17),(31,32),41); 1
((((((((1,4),11),(((((5,34),12),24),(8,25)),(30,38))),((((2,9),23),(((6,33),7),13)),((10,37),22))),(((((3,(19,20)),35),(21,29)),(((18,(27,28)),26),40)),((15,16),39))),(14,36)),17),(31,32),41); 1
((((((((1,4),11),(((((5,34),24),12),(8,25)),(30,38))),(((2,9),((6,33),23)),((7,13),((10,37),22)))),(((((3,(19,20)),35),((18,(27,28)),26)),(21,29)),40)),((15,16),39)),(14,36)),(17,(31,32)),41); 1
((((((((1,4),11),((((5,34),(12,24)),(8,25)),(30,38))),(((2,9),23),(((6,33),(7,13)),(10,(22,37))))),((((((3,19),35),20),(21,29)),((18,(26,(27,28))),40)),((15,16),39))),(14,36)),17),(31,32),41); 1
((((((((1,4),11),((((5,34),(12,24)),(8,25)),(30,38))),(((2,9),23),((6,33),((7,13),((10,22),37))))),((((3,(19,20)),35),(21,29)),(((18,(27,28)),26),40))),((15,16),39)),(14,36)),(17,(31,32)),41); 1
((((((((1,4),11),((((5,34),12),(8,25)),24)),(30,38)),(((2,9),23),(((6,33),(7,13)),((10,22),37)))),((((((3,19),35),20),(21,29)),(((18,26),(27,28)),40)),((15,16),39))),(14,36)),(17,(31,32)),41); 1
((((((((1,4),11),((((5,34),12),24),(8,25))),(30,38)),((2,23),(((6,33),((7,13),((10,37),22))),9))),(((((3,35),(19,20)),(21,29)),(((18,(27,28)),26),40)),((15,16),39))),(31,32)),(14,(17,36)),41); 1
((((((((1,4),11),(((2,23),((6,33),((7,13),(10,(22,37))))),(((((5,34),12),(8,25)),(30,38)),9))),(((((3,35),(19,20)),(21,29)),(((18,(27,28)),26),40)),((15,16),39))),24),36),14),(17,(31,32)),41); 1
((((((((1,4),11),(((5,34),(12,24)),(8,25))),(((((2,9),((6,33),23)),(7,13)),((10,37),22)),(((((((3,19),20),35),(21,29)),((18,(27,28)),26)),40),((15,16),39)))),(30,38)),(31,32)),17),(14,36),41); 1
((((((((1,4),11),(((5,34),24),(((8,25),12),(30,38)))),(((2,9),23),((6,33),((7,13),((10,37),22))))),((((3,(19,20)),35),(21,29)),(((18,26),(27,28)),40))),((15,16),39)),(14,36)),(17,(31,32)),41); 1
((((((((1,4),11),(((5,34),24),((8,25),12))),(30,38)),((((2,23),9),((6,33),(7,13))),((10,37),22))),(((((3,(19,20)),35),(21,29)),(((18,(27,28)),26),40)),((15,16),39))),(14,36)),(17,(31,32)),41); 1
((((((((1,4),11),(30,38)),((((5,34),12),(8,25)),24)),(((((2,23),(6,33)),9),((7,13),((10,37),22))),(((((3,(19,20)),35),(21,29)),(((18,(27,28)),26),40)),((15,16),39)))),(17,(31,32))),36),14,41); 1
((((((((1,4),11),(30,38)),((((5,34),12),24),(8,25))),(((2,((6,33),(9,23))),((7,13),(10,22))),(((((((3,35),(19,20)),(21,29)),26),40),(18,(27,28))),(((15,16),39),37)))),(14,36)),(31,32)),17,41); 1
((((((((1,4),11),(30,38)),(((5,34),24),(8,25))),(2,((((((((3,(19,20)),35),(21,29)),(((18,26),(27,28)),40)),((15,16),39)),(7,13)),((10,37),22)),(((6,33),23),9)))),12),(14,(17,36))),(31,32),41); 1
((((((((1,4),11),2),(((((5,34),24),((8,25),12)),(30,38)),9)),(((6,33),((7,13),((10,37),22))),23)),((((((3,19),20),35),(21,29)),(((18,26),(27,28)),40)),((15,16),39))),(17,(31,32))),(14,36),41); 1
((((((((1,4),11),24),(((((2,9),23),(6,33)),((7,13),(10,(22,37)))),((((((3,(19,20)),35),(21,29)),((18,(27,28)),26)),40),((15,16),39)))),((((5,34),12),(8,25)),(30,38))),(31,32)),17),(14,36),41); 1
((((((((1,4),11),24),(((5,34),((8,25),12)),(30,38))),((((((2,9),23),(6,33)),(7,13)),((10,22),37)),(((((3,35),(19,20)),(21,29)),(((18,(27,28)),26),40)),((15,16),39)))),(14,36)),17),(31,32),41); 1
((((((((1,4),11),24),((5,34),12)),((((2,9),(((6,33),(7,13)),23)),((((((((3,(21,29)),19),35),20),(26,(27,28))),(18,40)),((15,16),39)),(10,(22,37)))),((8,25),(30,38)))),(14,36)),17),(31,32),41); 1
(((((((1,11),4),((((((((((((3,19),20),35),(21,29)),26),(27,28)),18),40),((15,16),39)),((7,13),((10,22),37))),(((6,33),(30,38)),(9,23))),(8,25))),2),(((5,34),12),24)),(14,36)),(17,(31,32)),41); 1
(((((((1,4),((((((3,19),35),20),(21,29)),(18,(26,(27,28)))),40)),(((10,22),37),((15,16),39))),(((2,23),((((((5,34),24),((8,25),12)),(30,38)),11),9)),((6,33),(7,13)))),17),(31,32)),(14,36),41); 1
(((((((1,4),11),((((((2,23),(6,33)),9),(7,13)),((((((((3,35),(19,20)),(21,29)),(18,(26,40))),(27,28)),37),((15,16),39)),(10,22))),(30,38))),((((5,34),12),(8,25)),24)),36),14),(17,(31,32)),41); 1
(((((((1,4),11),((((((3,(19,20)),35),(21,29)),(27,28)),(18,26)),40)),((((2,((((6,33),(7,13)),23),9)),(((((5,34),24),(8,25)),12),(30,38))),(10,22)),(((15,16),39),37))),(14,36)),17),(31,32),41); 1
(((((((1,4),11),(((((2,23),(6,33)),9),((((((((3,19),35),(21,29)),((26,40),(27,28))),(18,20)),((15,16),39)),((10,22),37)),(7,13))),((8,25),(30,38)))),(((5,34),12),24)),(14,36)),17),(31,32),41); 1
(((((((1,4),11),(((((2,23),9),((6,33),(7,13))),(((10,37),22),((15,16),39))),((((3,(19,20)),35),(21,29)),(((18,(27,28)),26),40)))),((((5,34),(12,24)),(8,25)),(30,38))),(17,(31,32))),36),14,41); 1
(((((((1,4),11),(((((2,9),(((6,33),(7,13)),23)),((10,37),22)),(((((((3,35),(19,20)),(21,29)),(27,28)),(18,26)),40),((15,16),39))),((8,25),(30,38)))),(((5,34),12),24)),(14,36)),17),(31,32),41); 1
(((((((1,4),11),(((((5,34),12),24),(8,25)),(30,38))),((((2,(6,33)),23),9),((7,13),((10,22),37)))),(((((((3,35),(19,20)),(27,28)),(21,29)),(18,26)),40),((15,16),39))),(14,36)),(17,(31,32)),41); 1
(((((((1,4),11),(((((5,34),12),24),(8,25)),(30,38))),((((2,23),9),((6,33),(7,13))),(((((((3,(19,20)),35),(21,29)),((18,26),(27,28))),40),((15,16),39)),((10,22),37)))),(14,36)),17),(31,32),41); 1
(((((((1,4),11),(((((5,34),12),24),(8,25)),(30,38))),(((2,9),23),((((6,33),7),13),((10,37),22)))),(((((3,(19,20)),35),(21,29)),(((18,(27,28)),26),40)),((15,16),39))),(17,(31,32))),(14,36),41); 1
(((((((1,4),11),(((((5,34),12),24),(8,25)),(30,38))),((2,9),(((6,33),((7,13),((10,22),37))),23))),((((((3,(19,20)),35),(21,29)),((18,(27,28)),26)),40),((15,16),39))),(17,(31,32))),(14,36),41); 1
(((((((1,4),11),(((((5,34),12),24),(8,25)),(30,38))),((2,9),((6,33),(((7,13),(10,22)),23)))),((((((3,(19,20)),35),(21,29)),(((18,(27,28)),26),40)),((15,16),39)),37)),(14,36)),(17,(31,32)),41); 1
(((((((1,4),11),(((((5,34),24),12),(8,25)),(30,38))),((((2,9),23),((6,33),(7,13))),((10,22),37))),((((((3,(21,29)),(19,20)),35),((18,26),(27,28))),40),((15,16),39))),(31,32)),((14,36),17),41); 1
(((((((1,4),11),((((2,23),((((6,33),7),13),9)),((((((((3,20),19),35),(21,29)),(((18,26),(27,28)),40)),((15,16),39)),37),(10,22))),((((5,34),12),(8,25)),(30,38)))),24),36),(17,(31,32))),14,41); 1
(((((((1,4),11),((((2,23),9),((((((3,(19,20)),35),(21,29)),(((18,(27,28)),26),40)),((15,16),39)),(((6,33),(7,13)),(10,(22,37))))),(30,38))),((((5,34),12),(8,25)),24)),(14,36)),17),(31,32),41); 1
(((((((1,4),11),((((2,23),9),(((6,33),(7,13)),(((10,37),22),(30,38)))),(((((((3,19),20),(21,29)),35),((18,26),(27,28))),40),((15,16),39)))),((((5,34),12),(8,25)),24)),(17,(31,32))),36),14,41); 1
(((((((1,4),11),((((2,9),23),(((6,33),(7,13)),(10,(22,37)))),(((((5,34),12),24),(8,25)),(30,38)))),(((((3,35),(19,20)),(21,29)),(((18,(27,28)),26),40)),((15,16),39))),(14,36)),(31,32)),17,41); 1
(((((((1,4),11),(((2,9),(((6,33),(7,13)),23)),(((((((((3,20),19),35),(21,29)),((18,(27,28)),26)),40),((15,16),39)),37),(10,22)))),((((5,34),(12,24)),(8,25)),(30,38))),(14,36)),17),(31,32),41); 1
(((((((1,4),11),(((5,34),((8,25),12)),24)),(30,38)),(((((2,9),23),((6,33),(7,13))),(10,(22,37))),(((((3,35),((19,20),(21,29))),((18,(27,28)),26)),40),((15,16),39)))),(14,36)),(17,(31,32)),41); 1
(((((((1,4),11),(((5,34),12),(24,36))),(((((3,35),(19,20)),((((18,(27,28)),26),40),(21,29))),((15,16),39)),37)),((((2,23),(((6,33),(7,13)),9)),(10,22)),((8,25),(30,38)))),(14,17)),(31,32),41); 1
(((((((1,4),11),(((5,34),12),24)),((8,25),(30,38))),(((2,23),9),((((((((((3,19),20),35),(21,29)),((18,26),(27,28))),40),((15,16),39)),((10,22),37)),(7,13)),(6,33)))),(14,36)),(17,(31,32)),41); 1
(((((((1,4),11),((8,25),(30,38))),((((((2,9),23),(6,33)),(7,13)),((10,37),22)),((((((3,19),20),35),(21,29)),(((18,26),(27,28)),40)),((15,16),39)))),(((5,34),12),24)),(14,36)),(17,(31,32)),41); 1
(((((((1,4),11),(2,(((((((((((3,19),35),20),(21,29)),(((18,26),(27,28)),40)),((15,16),39)),((6,33),(7,13))),9),23),((10,37),22)),((((5,34),(12,24)),(8,25)),(30,38))))),36),17),14),(31,32),41); 1
(((((((1,4),11),2),(((((((5,34),12),24),(8,25)),(30,38)),9),((((6,33),23),(7,13)),((10,37),22)))),((((((3,19),20),35),(21,29)),(((18,(27,28)),26),40)),((15,16),39))),(14,36)),(17,(31,32)),41); 1
(((((((1,4),11),24),((((5,34),12),(8,25)),(30,38))),(((2,9),23),((6,33),((7,13),((10,37),22))))),(((((3,(19,20)),35),(21,29)),((18,(26,(27,28))),40)),((15,16),39))),((14,(17,36)),(31,32)),41); 1
((((((1,11),4),(((((5,34),12),(8,25)),24),(30,38))),(((((2,9),23),((6,33),(7,13))),((10,37),22)),(((((3,(19,20)),35),(21,29)),((18,(26,(27,28))),40)),((15,16),39)))),(14,36)),(17,(31,32)),41); 1
((((((1,4),11),(((((((2,9),23),(6,33)),(7,13)),((10,37),22)),(((((((3,(21,29)),35),(19,20)),(27,28)),(18,26)),40),((15,16),39))),(30,38))),((((5,34),12),(8,25)),24)),(17,(31,32))),(14,36),41); 1
((((((1,4),11),((((((2,9),23),(6,33)),((7,13),((10,37),22))),((((((3,19),20),35),(21,29)),(((18,26),(27,28)),40)),((15,16),39))),((((5,34),(12,24)),(8,25)),(30,38)))),36),(17,(31,32))),14,41); 1
((((((1,4),11),((((((2,9),23),(6,33)),(7,(10,(22,37)))),(13,(((15,16),39),24))),((((3,(19,20)),35),(21,29)),(((18,26),(27,28)),40)))),(((((5,34),12),8),25),(30,38))),(14,36)),(17,(31,32)),41); 1
((((((1,4),11),(((((3,(19,20)),35),(21,29)),(18,(26,(27,28)))),40)),(((((2,9),23),(((6,33),(7,13)),((10,37),22))),((15,16),39)),(((5,34),(((8,25),12),24)),(30,38)))),(14,36)),(17,(31,32)),41); 1
((((((1,4),11),(((((5,34),(8,25)),12),24),(30,38))),(((((2,9),((6,33),23)),(7,13)),((10,37),22)),(((((((3,35),(19,20)),(27,28)),(21,29)),(18,26)),40),((15,16),39)))),(17,(31,32))),(14,36),41); 1
((((((1,4),11),(((((5,34),12),(8,24)),25),(30,38))),(((2,9),23),(((((((3,(19,20)),35),(21,29)),((18,(26,(27,28))),40)),((15,16),39)),((10,22),37)),((6,33),(7,13))))),(31,32)),((14,36),17),41); 1
((((((1,4),11),(((((5,34),12),24),(8,25)),(30,38))),(((2,9),23),(((((((3,35),(19,20)),(21,29)),((18,(27,28)),26)),40),((15,16),39)),((6,33),((7,13),((10,37),22)))))),(17,(31,32))),(14,36),41); 1
((((((1,4),11),(((((5,34),12),24),(8,25)),(30,38))),(2,((((((((((((3,(19,20)),35),(27,28)),(21,29)),26),40),18),((15,16),39)),((7,13),(10,(22,37)))),(6,33)),23),9))),(14,36)),(17,(31,32)),41); 1
((((((1,4),11),((((2,23),(6,33)),((7,13),9)),((((((5,34),12),(8,25)),24),(30,38)),((10,22),37)))),(((((3,(19,20)),((21,29),35)),(26,40)),(18,(27,28))),((15,16),39))),(14,36)),(17,(31,32)),41); 1
((((((1,4),11),((((5,34),(8,25)),(12,24)),(30,38))),(((((2,9),23),((6,33),(7,13))),(10,22)),(((((((3,35),(19,20)),(21,29)),((18,26),(27,28))),40),37),((15,16),39)))),(17,(31,32))),(14,36),41); 1
((((((1,4),11),(((2,9),(((((((3,(19,35)),(21,29)),20),((18,(26,40)),(27,28))),(15,(16,39))),((7,13),(10,(22,37)))),((6,33),23))),(25,(30,38)))),(((5,34),8),(12,24))),(14,36)),(17,(31,32)),41); 1
((((((1,4),11),(((5,34),((8,25),12)),24)),((((2,9),(((6,33),((7,13),((10,37),22))),23)),((((((3,19),35),20),(21,29)),(((18,(27,28)),26),40)),((15,16),39))),(30,38))),(17,(31,32))),(14,36),41); 1
((((((1,4),11),((2,(((((((((3,19),35),(21,29)),20),(((18,26),(27,28)),40)),37),((15,16),39)),10),((((6,33),22),(9,23)),(7,13)))),((((5,34),(12,24)),(8,25)),(30,38)))),(14,36)),17),(31,32),41); 1
((((((1,4),11),(12,24)),((((2,23),9),(((((((3,(19,20)),35),(21,29)),(((18,(27,28)),26),40)),(((15,16),39),37)),(10,22)),((6,33),(7,13)))),(((5,34),(8,25)),(30,38)))),(14,36)),(17,(31,32)),41); 1
((((((1,4),11),(2,(((((((((((3,19),35),(21,29)),((18,(27,28)),20)),(26,40)),((15,16),39)),((10,22),37)),(7,13)),((6,33),(30,38))),9),23))),((((5,34),12),24),(8,25))),(14,36)),(17,(31,32)),41); 1
((((((1,4),11),2),((((((((3,35),(19,20)),(21,29)),40),((18,26),(27,28))),((15,16),39)),(((6,33),((7,13),((10,37),22))),(9,23))),((((5,34),24),((8,12),25)),(30,38)))),(17,(31,32))),(14,36),41); 1
((((((1,4),37),((((((3,19),20),35),(21,29)),(((18,(27,28)),26),40)),((15,16),39))),(((2,11),(((((5,34),12),24),(8,25)),(30,38))),((((6,33),23),(9,(10,22))),(7,13)))),(14,36)),(17,(31,32)),41); 1
(((((1,11),4),(((2,9),23),((((3,20),(((((18,(26,(27,28))),40),19),(21,29)),35)),((15,16),39)),(((6,33),(7,13)),(10,(22,37)))))),(((((5,34),12),24),(8,25)),(30,38))),((14,36),(17,(31,32))),41); 1
(((((1,4),(((((3,19),20),35),(21,29)),(((18,26),(27,28)),40))),((((2,23),9),((6,33),((7,13),((10,(((15,16),39),37)),22)))),(((((5,34),24),((8,12),25)),(30,38)),11))),(14,36)),(17,(31,32)),41); 1
(((((1,4),11),(((((2,9),23),(7,13)),(((((((((3,19),20),35),(21,29)),(27,28)),(18,26)),40),((15,16),39)),((10,22),37))),(((((5,34),12),(8,25)),(30,38)),((6,33),24)))),(14,36)),(17,(31,32)),41); 1
