39.402546 1377.204638 0.028611 0.004558
25.316346 1364.009547 0.018560 0.003689
26.524157 1277.121027 0.020769 0.004033
45.357785 2906.656452 0.015605 0.002317
9.586492 513.327484 0.018675 0.006032
352.416588 19246.581825 0.018311 -0.000975
48.593829 1373.109975 0.035390 0.005077
1.002344 251.563291 0.000193 -0.003980
49.884158 1403.622883 0.035540 0.005032
1.000001 73.697129 0.000010 -0.013569
48.999082 1307.118352 0.037486 0.005355
1.180784 43.942512 0.010514 0.024729
51.186232 1339.063068 0.038225 0.005343
55.707552 3920.132836 0.014211 -0.001904
9.849267 1254.779865 0.007849 0.002501
67.147889 2552.052267 0.026311 0.003211
1.032294 84.697961 0.012188 0.011996
2301.080779 63966.244152 0.035973 -0.000750
65.453540 1133.846646 0.057727 0.007135
1.000000 61.300800 0.000010 0.016313
16.069104 1137.330745 0.014129 0.003525
120.568413 1261.988878 0.095538 0.008701
4.795350 992.803548 0.004830 0.002206
129.689881 3284.522383 0.039485 0.003467
2.017587 81.659164 0.024707 0.017394
7685.289266 156985.733511 0.048955 -0.000558
35.185263 1189.792864 0.029573 0.004986
118.850162 1235.808362 0.096172 0.008822
10.043756 987.849400 0.010167 0.003208
136.511153 1232.056577 0.110799 0.009483
1.000037 609.630528 0.000010 0.001640
118.748959 1272.284633 0.093335 0.008565
3.538943 640.188194 0.005528 0.002939
134.239164 1763.702756 0.076112 0.006569
408670.413788 6011273.870254 0.067984 -0.000106
1.138775 77.472282 0.005131 -0.013774
31.554729 1260.464375 0.025034 0.004457
60.441975 1310.096318 0.046136 0.005934
34.993355 1072.862551 0.032617 0.005514
1.142404 91.997035 0.004384 0.011618
69.468948 1282.845828 0.054152 0.006497
52.127573 1258.066155 0.041435 0.005739
40.149355 1168.983935 0.034346 0.005420
92.874989 1302.424794 0.071309 0.007399
1.001412 52.803962 0.000712 0.018951
20972.920641 470510.369761 0.044575 -0.000308
113.758122 932.740068 0.121961 0.011435
1.000000 23.490842 0.000010 0.042570
76.329949 1282.444472 0.059519 0.006813
60.187246 8031.979099 0.007493 0.000966
3.922507 294.795406 0.013306 0.006718
639.352747 26155.765029 0.024444 -0.000967
12.986308 1342.398946 0.009674 0.002684
10.691253 1347.123390 0.007936 0.002427
3.211416 137.216219 0.023404 0.013060
4515.636976 73427.093136 0.061498 -0.000915
62.611034 1239.725717 0.050504 0.006383
28.601195 986.864974 0.028982 0.005419
57.458442 1239.787346 0.046345 0.006114
10.617337 1340.700819 0.007919 0.002430
13.158192 1368.457501 0.009615 0.002651
32.157383 1381.300217 0.023281 0.004105
32.844839 2579.479362 0.012733 0.002222
1.306101 82.622243 0.007653 0.013832
1874.438266 59547.092787 0.031478 -0.000727
50.681259 1171.841202 0.043249 0.006075
92.381153 1829.933855 0.050483 0.005252
21.014891 453.804826 0.046308 0.010102
2269.944091 52312.553380 0.043392 -0.000911
62.699309 1006.965294 0.062266 0.007864
127.450497 2362.485208 0.053948 0.004779
14.031380 338.745006 0.041422 0.011058
1038.896565 36886.295432 0.028165 -0.000874
80.930786 1145.584617 0.070646 0.007853
1.004464 99.127521 0.000675 0.010111
96.119151 1274.130543 0.075439 0.007695
87.129760 1287.927284 0.067651 0.007248
4.465965 794.132084 0.005624 0.002661
102.810155 2237.057993 0.045958 0.004533
3.248685 130.093981 0.024972 0.013855
3072.600478 75315.277371 0.040797 -0.000736
1.712611 198.295472 0.005571 0.006600
56.865225 2298.107474 0.024744 -0.003281
120.606068 994.044982 0.121329 0.011048
1.012464 25.809148 0.004353 0.038987
112.368841 1198.539052 0.093755 0.008844
1.000001 106.102019 0.000010 0.009425
127.364239 1156.819735 0.110099 0.009756
1.018200 46.319934 0.002939 0.021785
10.129114 929.420980 0.010898 0.003424
120.545092 1247.910645 0.096598 0.008798
37.339746 1202.798177 0.031044 0.005080
118.409468 1247.296276 0.094933 0.008724
1.693161 682.632020 0.001587 0.001906
115.244546 4707.084081 0.024483 0.002281
11.742393 298.905202 0.039285 0.011464
4718.752964 74534.410761 0.063310 -0.000922
18.179584 1188.279408 0.015299 0.003588
48.322108 3888.450105 0.012427 0.001788
17.360955 668.302022 0.025978 0.006235
635.656921 24836.803249 0.025593 -0.001015
1.104999 1336.926089 0.000255 0.000786
80.028148 1363.860875 0.058678 0.006559
25.245288 1366.392845 0.018476 0.003677
39.213307 1377.846292 0.028460 0.004545
26.620966 1160.900516 0.022931 0.004444
54.412470 1668.287223 0.032616 0.004422
39.597398 1206.569526 0.032818 0.005215
80.042141 7471.542177 0.010713 -0.001197
47.813368 1282.688770 0.037276 0.005391
1.019178 49.313555 0.002835 0.020472
21.181620 1379.089479 0.015359 0.003337
27.138864 1439.921680 0.018847 0.003618
16.849286 1174.737730 0.014343 0.003494
1.000000 49.433495 0.000010 0.020229
11.811962 1175.632292 0.010047 0.002923
1.000023 480.920358 0.000010 -0.002079
2156787.047590 55834056.265554 0.038629 0.000026
36.353000 1373.315036 0.026471 0.004390
16.780092 1360.677129 0.012332 0.003011
28.519494 1347.295066 0.021168 0.003964
77.921228 1345.092771 0.057930 0.006563
1.207374 750.350232 0.001609 0.001464
61.132566 3153.375779 0.019386 0.002479
4.098371 271.513028 0.015095 0.007456
285.436236 18587.757147 0.015356 -0.000909
52.507565 1372.691964 0.038252 0.005279
1.005053 657.400782 0.000108 0.001525
45.619233 1387.443700 0.032880 0.004868
45.893083 1387.194174 0.033083 0.004884
2.992051 1213.282091 0.002466 0.001426
52.424447 1397.598069 0.037510 0.005181
1.008126 74.000211 0.001223 0.013568
1.000293 1711.741987 0.000010 -0.000584
39.403175 1372.722635 0.028704 0.004573
25.482940 1365.731533 0.018659 0.003696
26.533216 1271.109117 0.020874 0.004052
1.013416 128.013713 0.007916 0.007864
20.115139 1314.799013 0.015299 0.003411
134.156660 3373.497039 0.039768 0.003433
1.785229 72.470014 0.024634 0.018437
18835.093789 270464.512404 0.069640 -0.000507
1.473628 561.958469 0.001487 0.002160
121.924165 1262.022989 0.096610 0.008749
37.501315 1191.367981 0.031478 0.005140
118.773778 1232.191928 0.096392 0.008845
130.168671 1206.961879 0.107848 0.009453
112.568989 1240.583697 0.090739 0.008552
10.407865 1349.433457 0.007713 0.002391
18.758996 1400.925957 0.013390 0.003092
27.887400 1467.331485 0.019006 0.003599
36.671733 3709.193407 0.009887 0.001633
1.603804 123.330804 0.007979 0.010268
1.000139 1178.400116 0.000010 -0.000849
55.607174 1272.225928 0.043709 0.005861
90.696871 1817.839218 0.049893 0.005239
20.833948 444.747808 0.046844 0.010263
166.310667 13986.144181 0.011891 -0.000922
68.726175 1154.103080 0.059549 0.007183
131.454161 2416.984545 0.054388 0.004744
14.225835 340.022530 0.041838 0.011093
1084.442867 37179.011105 0.029168 -0.000886
80.947115 1136.806003 0.071206 0.007914
1.003108 88.232511 0.000633 0.011351
60.007975 1298.441565 0.046215 0.005966
31.602985 1258.013514 0.025121 0.004469
39.268877 1200.034572 0.032723 0.005222
96.116117 1411.130742 0.068113 0.006948
43.632555 574.040990 0.076009 0.011507
1.709355 26.148917 0.042111 0.049999
1.181098 82.850328 0.005582 0.013117
1.000000 19.956971 0.000010 0.050108
143.410033 1172.999572 0.122259 0.010209
1.634474 151.760480 0.006710 0.008424
10.656876 1030.324205 0.010343 0.003168
1.295218 405.966082 0.003190 0.002803
5.180459 1077.772836 0.004807 0.002112
68.805350 1270.197160 0.054169 0.006530
51.865163 1243.885493 0.041696 0.005790
41.239957 1179.500160 0.034964 0.005445
93.528948 1301.871536 0.071842 0.007429
1.263704 576.315865 0.001002 0.001951
104.311740 1521.659571 0.068551 0.006712
95.257551 1257.119502 0.075774 0.007764
1.000022 471.398690 0.000010 -0.002121
1.742278 612.676401 0.002844 0.002154
104.703391 2273.100892 0.046062 0.004502
3.079037 119.981917 0.025663 0.014625
4807.682021 96337.392969 0.049905 -0.000720
150.701392 1146.271925 0.131471 0.010710
1.000007 256.364119 0.000010 0.003901
26.157355 1242.615064 0.021050 0.004116
117.738568 1258.281577 0.093571 0.008623
29.846183 1204.487801 0.024779 0.004536
49.889759 1267.117628 0.039373 0.005574
72.609900 1148.749951 0.063208 0.007418
80.480667 2447.448559 0.032883 0.003665
38.876681 1174.236055 0.033108 0.005310
62.889098 6805.379539 0.009241 -0.001165
46.616408 1237.039566 0.037684 0.005519
1.000000 42.336072 0.000010 0.023621
21.147989 1400.450444 0.015101 0.003284
26.996952 1400.567480 0.019276 0.003710
17.931776 1241.138519 0.014448 0.003412
1.000017 416.334565 0.000010 -0.002402
50.277230 1313.468598 0.038278 0.005398
1.028886 46.436944 0.003712 0.021843
25.357417 1359.374683 0.018654 0.003704
39.554638 1373.633128 0.028796 0.004579
7.420805 355.696583 0.020863 0.007659
269.082318 18163.408234 0.014815 -0.000903
36.317178 1373.689774 0.026438 0.004387
16.385224 1342.053643 0.012209 0.003016
28.303233 1336.670784 0.021174 0.003980
77.712892 1341.635693 0.057924 0.006571
1.007432 54.077326 0.001600 0.018561
1.000332 1821.410287 0.000010 -0.000549
118.146391 1232.661992 0.095847 0.008818
1.344759 299.052639 0.004497 0.003878
36.371304 1207.718374 0.030116 0.004994
118.951009 1228.698994 0.096811 0.008876
9.761128 914.845836 0.010670 0.003415
178.105943 3512.502081 0.050706 0.003799
20.995358 450.021556 0.046654 0.010182
1017.053300 34633.376390 0.029366 -0.000921
10.615611 1327.593637 0.007996 0.002454
12.647847 1331.156007 0.009501 0.002672
32.677017 1392.134757 0.023473 0.004106
26.013871 3507.908116 0.007416 0.001454
3.765840 282.113689 0.013349 0.006879
528.200754 23830.854589 0.022165 -0.000964
12.769038 291.830839 0.043755 0.012245
4159.033395 53760.955620 0.077362 -0.001200
136.790282 1226.169708 0.111559 0.009538
1.198164 778.811895 0.000626 0.001405
1.484718 959.101941 0.000885 0.001270
63.065942 1245.896048 0.050619 0.006374
58.119205 1244.109768 0.046715 0.006128
112.530951 1237.988434 0.090898 0.008569
129.842958 1206.328001 0.107635 0.009446
1.306387 332.912732 0.003924 0.003433
140.417306 2583.526873 0.054351 0.004587
13.952242 334.975732 0.041651 0.011151
1.000135 1161.766989 0.000010 -0.000861
84.423156 1183.134569 0.071355 0.007766
1.018559 208.929154 0.000658 0.004831
86.559469 1269.547974 0.068181 0.007328
96.371159 1264.943350 0.076186 0.007761
3.471463 622.215316 0.005579 0.002994
102.905184 2218.194265 0.046391 0.004573
3.315618 132.052633 0.025108 0.013789
15.278584 5365.023564 0.002848 -0.000729
1.699992 302.596286 0.005618 0.004309
1.340077 53.303788 0.012665 0.021717
138.904767 1135.873185 0.122289 0.010376
1.430056 87.079469 0.009006 0.013733
1.521421 1045.100586 0.000852 0.001180
174.959026 4400.620639 0.039758 0.003006
1.768455 71.767019 0.024642 0.018530
5575.332696 153880.214428 0.036232 -0.000485
25.368404 1364.119333 0.018597 0.003692
39.621779 1378.882514 0.028735 0.004565
24.649684 1183.910675 0.020821 0.004194
53.908399 1528.682119 0.035265 0.004803
49.850997 1330.466273 0.037469 0.005307
1.000005 224.368252 0.000010 0.004457
41.110777 1160.716935 0.035418 0.005524
1.000000 37.099479 0.000010 0.026955
27.178007 1409.126308 0.019287 0.003700
21.314092 1409.917665 0.015117 0.003274
18.715794 1299.545309 0.014402 0.003329
1.000000 32.635635 0.000010 0.030641
53.183648 1392.827369 0.038184 0.005236
43.946964 2817.894319 0.015596 -0.002353
9.713689 1246.344941 0.007794 0.002501
79.845873 1352.097462 0.059053 0.006609
1.329655 1771.873356 0.000374 0.000651
48.815304 3906.722852 0.012495 0.001788
17.327066 663.482333 0.026115 0.006274
355.431124 18898.037201 0.018808 -0.000998
7.073083 465.260069 0.015202 0.005716
415.995549 23123.592238 0.017990 -0.000882
94.579481 989.133615 0.095619 0.009832
457.228743 13651.176480 0.033494 -0.001566
429.802631 4439.309657 0.096817 0.004670
1.000001 116.590291 0.000010 -0.008577
18.488821 1389.755593 0.013304 0.003094
10.629998 1368.485532 0.007768 0.002382
27.960812 1466.703736 0.019064 0.003605
36.755804 3714.435776 0.009895 0.001632
1.612961 124.870529 0.007963 0.010171
663.431384 31107.502279 0.021327 -0.000828
29.346677 1013.966930 0.028942 0.005343
74.096640 1171.835923 0.063231 0.007346
51.998989 1177.672898 0.044154 0.006123
49.902193 1254.497378 0.039779 0.005631
31.095015 1221.474526 0.025457 0.004565
36.340259 1359.361303 0.026733 0.004435
16.611282 1338.246750 0.012413 0.003046
28.067347 1312.065194 0.021392 0.004038
78.058706 1332.395112 0.058585 0.006631
1.561891 977.427097 0.001598 0.001279
61.692146 3282.939505 0.018792 0.002393
18.864068 650.493976 0.029000 0.006677
662.085131 24862.197969 0.026630 -0.001035
52.552006 1366.258575 0.038464 0.005306
52.826384 1370.642529 0.038541 0.005303
1.195671 1091.775323 0.000443 0.001002
42.014634 2730.985558 0.015384 0.002373
10.199249 525.494397 0.019409 0.006077
281.166051 16547.798540 0.016991 -0.001013
45.779775 1370.027757 0.033415 0.004939
46.015403 1368.637961 0.033621 0.004956
3.049264 896.563158 0.003401 0.001948
6.270987 2480.290945 0.002528 -0.001010
1.067802 73.040455 0.003684 0.014148
350.739144 29443.511802 0.011912 -0.000636
16.613788 1148.026457 0.014472 0.003550
120.156018 1242.070676 0.096738 0.008825
129.550764 1195.521279 0.108363 0.009521
112.277071 1229.055232 0.091352 0.008621
1.316178 389.438636 0.003380 0.002946
97.433255 3704.372451 0.026302 0.002665
27.691737 604.829858 0.045784 0.008700
1298.100675 32979.372883 0.039361 -0.001092
68.524691 1260.046430 0.054383 0.006570
52.262118 1233.939160 0.042354 0.005859
42.344400 1214.871877 0.034855 0.005356
93.393308 1282.647178 0.072813 0.007534
1.490062 528.863918 0.001616 0.002308
100.949712 1481.885095 0.068122 0.006780
94.540513 1231.829410 0.076748 0.007893
249.436817 7195.461168 0.034666 -0.002195
1.012272 71.706408 0.001554 0.014031
21049.450915 305495.193381 0.068903 0.000475
97.194961 787.786612 0.123377 0.012514
1.003468 17.408566 0.003389 0.057543
63.066797 1232.991907 0.051149 0.006441
58.083778 1228.870722 0.047266 0.006202
37.271750 1275.610064 0.029219 0.004786
63.507075 8084.747803 0.007855 0.000986
3.825606 284.162054 0.013463 0.006883
411.907083 20298.672331 0.020292 -0.001000
13.092930 1333.185724 0.009821 0.002714
10.380984 1306.286283 0.007947 0.002466
3.591136 151.278808 0.023739 0.012527
2935.896416 54629.541278 0.053742 -0.000992
66.702742 1109.330820 0.060129 0.007362
475.786825 9570.576402 0.049713 -0.002279
7.511370 728.381893 0.010312 0.003763
117.965204 1204.684642 0.097922 0.009016
75.318349 1182.823043 0.063677 0.007337
3.840835 782.958626 0.004906 0.002503
33.842665 1157.025342 0.029250 0.005028
52.245515 1267.361472 0.041224 0.005703
69.745135 1291.647336 0.053997 0.006466
46.631893 1341.472368 0.034762 0.005090
80.215604 3211.390693 0.024978 0.002789
30.099868 655.110023 0.045946 0.008375
1408.718338 35340.589229 0.039861 -0.001062
87.155503 1290.363816 0.067543 0.007235
96.064223 1274.919022 0.075349 0.007688
12.337154 2217.604626 0.005563 0.001584
1.000010 320.850803 0.000010 -0.003117
1.000110 1049.445406 0.000010 0.000953
95.349944 1337.990355 0.071264 0.007298
14.035352 1097.747407 0.012786 0.003413
146.826240 1210.382272 0.121306 0.010011
12.227930 1168.362569 0.010466 0.002993
120.284721 1282.360230 0.093799 0.008553
1.000027 522.108961 0.000010 0.001915
137.072287 1246.756789 0.109943 0.009391
1.977248 1599.917817 0.000869 0.000879
135.982757 4196.613238 0.032403 0.002779
39.078212 1193.265798 0.032749 0.005239
35.377195 5160.315993 0.006856 -0.001153
46.747963 1256.995149 0.037190 0.005439
1.007502 42.224231 0.002059 0.023772
27.188772 1418.646570 0.019165 0.003676
21.040501 1411.201982 0.014910 0.003250
20.184503 1412.092001 0.014294 0.003182
53.480960 1410.523217 0.037916 0.005185
1.000001 92.636994 0.000010 0.010795
1.000170 1305.391109 0.000010 -0.000766
25.398473 1374.514506 0.018478 0.003667
39.416853 1385.927537 0.028441 0.004530
25.505460 1233.820359 0.020672 0.004093
1.125855 49.255117 0.007642 0.021542
36.315498 1386.681542 0.026189 0.004346
16.434830 1357.578320 0.012106 0.002986
28.480395 1358.105999 0.020971 0.003930
77.891212 1356.328979 0.057428 0.006507
1.018293 88.053800 0.001550 0.011460
628.656556 16556.576151 0.037970 -0.001514
50.379887 531.826419 0.094730 0.013346
1.000000 12.729534 0.000010 0.078557
49.444542 1264.025813 0.039117 0.005563
30.838671 1245.249226 0.024765 0.004460
26.075176 415.905676 0.062695 0.012278
2273.833489 55378.909925 0.041060 -0.000861
222.885351 2322.678560 0.095960 0.006428
12.103314 731.285916 0.016551 -0.004757
73.330836 1176.935127 0.062307 0.007276
90.632049 1954.480215 0.046371 0.004871
25.738909 512.823484 0.050191 0.009893
1262.424143 36728.765820 0.034372 -0.000967
52.220572 1208.638280 0.043206 0.005979
33.893245 4280.892669 0.007917 0.001360
1.149010 119.253401 0.009635 0.008989
79.535300 10062.957331 0.007904 -0.000886
18.480807 1399.019018 0.013210 0.003073
10.965612 1417.344090 0.007737 0.002336
25.239992 1342.706378 0.018798 0.003742
32.025993 1271.474045 0.025188 0.004451
60.370497 1308.360791 0.046142 0.005939
40.160248 1232.667117 0.032580 0.005141
96.298610 1417.616315 0.067930 0.006922
43.715226 577.014031 0.075761 0.011459
1.000000 19.492972 0.000010 0.051301
6.652885 1195.532488 0.005565 0.002157
191.234981 14354.028074 0.013323 0.000963
1.317180 84.094485 0.007686 0.013648
1705.442341 55016.541214 0.030999 -0.000751
10.764086 1350.505314 0.007970 0.002429
13.685590 1366.845872 0.010013 0.002707
2.409737 102.784401 0.023445 0.015103
6103.896388 101725.420108 0.060004 -0.000768
62.620038 1241.195001 0.050451 0.006376
57.473461 1238.772529 0.046395 0.006120
2.163578 75.224837 0.028761 0.019554
24176.591223 320008.650364 0.075550 -0.000486
50.108946 1272.970281 0.039364 0.005561
31.856642 1253.128346 0.025422 0.004504
69.555978 1109.953108 0.062666 0.007514
75.211568 2829.150210 0.026585 0.003065
1.001388 82.094835 0.012198 0.012189
1.000169 1298.398350 0.000010 -0.000770
74.605256 1292.002980 0.057744 0.006685
1.000522 106.218594 0.000215 0.009417
45.873539 1383.148651 0.033166 0.004897
45.624643 1383.915731 0.032968 0.004881
3.937693 1186.701919 0.003318 0.001672
42.733290 2818.713622 0.015161 0.002319
10.374184 541.024488 0.019175 0.005953
286.310593 16791.015121 0.017051 -0.001008
1.000002 128.307214 0.000010 0.007794
53.506839 1407.747257 0.038009 0.005196
47.801919 1253.536570 0.038134 0.005516
1.002750 105.800760 0.000496 0.009465
4.372172 1205.172839 0.003628 0.001735
69.789144 2436.584261 0.028642 0.003429
4.275518 230.090110 0.018582 0.008987
1.000130 1138.227767 0.000010 -0.000879
1.790041 227.964108 0.007852 0.005869
11.291908 1187.878651 0.009506 -0.002829
103.800194 1090.087025 0.095222 0.009346
1.002834 30.982439 0.001721 0.032322
34.919531 1182.346394 0.029534 0.004998
119.164846 1242.294763 0.095923 0.008787
9.400548 932.443684 0.010082 0.003288
136.202049 1268.060206 0.107410 0.009203
80.307469 890.022395 0.090231 0.010069
1.000000 52.489497 0.000010 0.019051
1.311623 118.202445 0.005409 0.009689
11515.003384 329264.142983 0.034972 -0.000326
61.617362 507.099536 0.121509 0.015480
1.001940 12.051475 0.003658 0.083058
1.197361 490.468572 0.000991 0.002231
81.991449 1225.258081 0.066918 0.007390
66.620487 1230.638662 0.054135 0.006632
53.313019 1270.396527 0.041966 0.005747
38.397280 1132.957426 0.033891 0.005469
45.806423 1394.025300 0.032859 0.004855
45.657791 1397.021047 0.032682 0.004837
3.009795 1175.081789 0.002561 0.001476
52.393364 1402.140829 0.037367 0.005162
1.839332 1025.242305 0.001212 0.001323
47.981791 2490.909217 0.019263 0.002781
4.137346 275.908954 0.014995 0.007372
235.471358 16744.938550 0.014062 -0.000916
1.000004 201.174616 0.000010 0.004971
53.543180 1408.332590 0.038019 0.005196
3.846842 1130.174899 0.003404 0.001735
69.597139 2445.812701 0.028456 0.003411
4.220668 227.914936 0.018519 0.009014
865.579571 34221.476085 0.025293 -0.000860
35.959352 1385.029333 0.025963 0.004330
17.376357 1377.973290 0.012610 0.003025
29.967826 1350.464329 0.022191 0.004054
155.409481 3967.137552 0.039174 0.003142
1.771837 72.073195 0.024584 0.018469
28629.112804 332179.313145 0.086186 -0.000509
69.508442 1288.267249 0.053955 0.006472
52.662015 1270.818103 0.041439 0.005710
42.162094 1257.655538 0.033524 0.005163
93.995517 1320.852041 0.071163 0.007340
1.211839 623.548022 0.000813 0.001765
110.020500 1459.405896 0.075387 0.007187
1632245.039152 24203106.838715 0.067439 -0.000053
1.302616 120.817419 0.005197 -0.009447
60.275789 1310.294048 0.046002 0.005925
31.775572 1270.967280 0.025001 0.004435
34.174161 1043.139826 0.032761 0.005604
1.154324 78.679481 0.005364 0.013655
22.694369 1335.528394 0.016993 0.003567
176.773274 3799.908047 0.046520 0.003499
25.861904 514.708804 0.050246 0.009880
1049.689616 32789.055489 0.032013 -0.000988
13.186730 1365.472814 0.009657 0.002659
10.915946 1358.535222 0.008035 0.002432
32.808111 1401.973269 0.023401 0.004086
24.929063 3441.533955 0.007244 0.001451
3.655505 276.350057 0.013228 0.006919
185.321565 14005.348273 0.013232 -0.000972
12.849511 294.822016 0.043584 0.012159
6205.485708 71966.966168 0.086227 -0.001095
142.786094 1140.427260 0.125204 0.010478
1.000005 223.020038 0.000010 0.004484
6.763172 1060.089900 0.006380 0.002453
120.013054 1281.131121 0.093677 0.008551
1.000029 536.281311 0.000010 0.001865
132.073531 1222.374603 0.108047 0.009402
9.101405 878.533622 0.010360 0.003434
119.930609 1248.017386 0.096097 0.008775
36.539582 1185.499537 0.030822 0.005099
119.201792 1253.878668 0.095066 0.008707
1.072740 173.620131 0.001609 0.005966
91273.922764 708267.765372 0.128869 -0.000427
78.944132 1343.082474 0.058778 0.006615
10.408614 1346.350484 0.007731 0.002396
1.002479 438.729798 0.000114 0.002282
45.814085 1376.239105 0.033289 0.004918
45.772949 1379.535164 0.033180 0.004904
2.735148 1098.541934 0.002490 0.001505
52.633041 1390.181692 0.037861 0.005219
1.000073 854.246785 0.000010 0.001171
47.606940 2525.017496 0.018854 0.002733
4.577441 288.695242 0.015856 0.007411
197.040818 15267.280442 0.012906 -0.000919
4.738998 1782.726604 0.002658 0.001221
146.287732 5790.515052 0.025263 0.002089
12.255223 307.782400 0.039818 0.011374
6561.314945 86106.498942 0.076200 -0.000941
112.940233 1225.596879 0.092151 0.008671
129.189611 1188.786092 0.108674 0.009561
1.510210 492.862138 0.003064 0.002493
129.739584 1887.640562 0.068731 0.006034
43.937556 573.796890 0.076573 0.011552
1.927738 28.092838 0.047604 0.049423
58.888502 1256.686652 0.046860 0.006106
33.893157 1320.523648 0.025666 0.004409
85.929523 2600.833317 0.033039 0.003564
135.674433 2759.526244 0.049166 -0.004221
69.468089 1271.242895 0.054646 0.006556
51.960643 1228.981983 0.042279 0.005865
30.907698 881.161202 0.035076 0.006309
1.000000 28.311899 0.000010 0.035321
73.868143 1019.098984 0.072484 0.008434
149.219788 9675.054101 0.015423 -0.001263
131.098468 1061.480901 0.123505 0.010787
1.234746 52.477335 0.010259 0.021175
57.986618 1224.398525 0.047359 0.006219
63.350978 1236.359121 0.051240 0.006438
36.285794 1252.707018 0.028966 0.004809
67.560161 8367.123605 0.008074 0.000982
4.028368 300.205172 0.013419 0.006686
430.059232 21479.196403 0.020022 -0.000965
13.073526 1335.272355 0.009791 0.002708
10.401999 1307.448546 0.007956 0.002467
3.678457 156.075172 0.023568 0.012289
487.147577 21883.573591 0.022261 -0.001009
65.992070 1099.900586 0.059998 0.007386
13.169462 1902.788834 0.006921 -0.001907
9.911751 965.705723 0.010264 0.003260
116.217074 1204.944596 0.096450 0.008947
6.787627 226.193104 0.030008 0.011518
1.861937 29.448110 0.043019 0.046337
127.547231 1319.885439 0.096635 0.008557
35.565682 2145.732013 0.016575 -0.002779
35.999018 1360.534558 0.026459 0.004410
16.854274 1336.644827 0.012609 0.003071
17.739507 788.525475 0.022497 0.005341
1.123894 16.905641 0.022073 0.062709
71.217811 1192.509469 0.059721 0.007077
150.439900 10762.732105 0.013978 -0.001140
52.401678 1326.010315 0.039518 0.005459
1.000013 366.626783 0.000010 -0.002728
39.334816 1358.152829 0.028962 0.004618
25.020645 1341.191634 0.018656 0.003730
31.706616 1367.514417 0.023186 0.004118
