translate
       1 Ambrosiozyma_platypodis_L36984,
       2 Amphiporthe_castanea,
       3 Apiognomonia_supraseptata,
       4 Apioplagiostoma_aceriferum,
       5 Apiosporopsis_carpinea,
       6 Candida_albicans_E15168,
       7 Ceratocystis_fimbriata_U32418,
       8 Ceratocystis_virescens_U32419,
       9 Cercophora_septentrionalis_U32400,
       10 Chaetomium_globosum_U20379,
       11 Claviceps_purpurea_U44040,
       12 Colletotrichum_gloeosporioides_U76339,
       13 Cryphonectria_parasitica_713,
       14 Cryptodiaporthe_corni,
       15 Daldinia_concentrica_U32402,
       16 Diaporthe_phaseolorum_L36985,
       17 Discula_campestris,
       18 Discula_destructiva_MD254,
       19 Discula_fraxinae,
       20 Discula_quercina,
       21 Discula_sp._326,
       22 Endothia_eugeniae,
       23 Endothia_gyrosa_L42443,
       24 Gaeumannomyces_graminis_var_graminis,
       25 Glomerella_cingulata_U48427,
       26 Gnomonia_padicola,
       27 Gnomonia_setacea,
       28 Hypocrea_pallida_U32408,
       29 Hypomyces_polyporinus_U32410,
       30 Hypoxylon_atroroseum_U32411,
       31 Leucostoma_persoonii_M83259,
       32 Linospora_capreae,
       33 Magnaporthe_grisea_Guy_11,
       34 Magnaporthe_salvinii_U78546,
       35 Melanconis_marginalis_ATCC56907,
       36 Microascus_trigonosporus_L36987,
       37 Nectria_cinnabarina_U32412,
       38 Neurospora_crassa_X04971,
       39 Ophiostoma_piliferum_U20377,
       40 Ophiostoma_ulmi_M83261,
       41 Petriella_setifera_U32421,
       42 Phomopsis_longicolla_U78778,
       43 Plagiostoma_euphorbiae,
       44 Pleuroceras_pleurostylum,
       45 Pyricularia_grisea_793,
       46 Saccharomyces_cerevisiae,
       47 Sordaria_fimicola_X69851,
       48 Valsa_ambiens_subsp._leucostomoides,
       49 Xylaria_curta_U32417,
       50 Xylaria_hypoxylon_U20378;
((((((((((1,46),6),((((2,20),(((17,43),19),26)),3),((((4,32),44),35),(((((((5,14),13),18),22),23),27),(((16,21),42),(31,48)))))),(39,40)),((24,34),(33,45))),((9,10),(38,47))),(((7,8),(36,41)),((11,(12,25)),((28,29),37)))),30),15),49,50); 1
(((((((((1,(6,46)),(((((2,20),((((17,43),19),26),27)),((5,((13,((14,22),23)),(((16,42),(31,48)),21))),18)),(((4,32),44),35)),3)),(39,40)),((24,34),(33,45))),(((9,47),10),38)),(((7,8),(36,41)),((11,(12,25)),((28,29),37)))),30),15),49,50); 1
(((((((((1,46),6),((((((((((2,20),((((17,19),43),26),27)),18),(((4,32),44),35)),(5,23)),(13,(14,22))),21),(31,48)),(16,42)),3)),(39,40)),((24,34),(33,45))),((9,(38,47)),10)),(((((7,8),41),36),((28,29),37)),(11,(12,25)))),(15,30)),49,50); 1
(((((((((1,46),6),(((((((((2,18),20),(((17,19),43),(26,27))),(((4,32),44),35)),5),21),((((13,14),22),(16,42)),23)),(31,48)),3)),(39,40)),((24,34),(33,45))),(((9,10),47),38)),((((7,8),(36,41)),(12,25)),((11,(28,29)),37))),(15,30)),49,50); 1
(((((((((1,46),6),(((((((2,(18,20)),(((17,43),19),(26,27))),(((4,32),44),35)),5),23),(((13,14),22),(((16,42),21),(31,48)))),3)),(((24,34),(33,45)),(39,40))),((9,10),(38,47))),(((((7,8),41),36),(11,(12,25))),((28,29),37))),30),15),49,50); 1
(((((((((1,46),6),((((((2,(5,(18,(20,21)))),(((4,32),35),44)),(((17,43),19),(26,27))),(((13,14),22),23)),(31,48)),(3,(16,42)))),((9,(10,47)),38)),((((((7,8),41),36),(12,25)),((11,(28,29)),37)),(39,40))),((24,34),(33,45))),30),15),49,50); 1
((((((((1,(6,46)),((((((((2,20),(((17,43),19),(26,27))),((((4,32),44),35),(5,18))),23),((13,14),22)),((16,42),21)),(31,48)),3)),((24,34),(33,45))),(39,40)),(((((7,8),(36,41)),(12,25)),((11,(28,29)),37)),((9,10),(38,47)))),30),15),49,50); 1
((((((((1,(6,46)),(((((2,(18,20)),(((17,43),19),(26,27))),(5,21)),((4,(32,44)),35)),((3,(31,48)),((((13,14),22),23),(16,42))))),(((24,34),(33,45)),(39,40))),(((9,10),47),38)),((((7,8),(36,41)),(12,25)),((11,(28,29)),37))),30),15),49,50); 1
((((((((1,(6,46)),(((((2,20),((17,43),19)),((((((4,32),44),35),(5,(18,23))),27),(((13,14),22),21))),26),(3,((16,42),(31,48))))),(39,40)),((24,34),(33,45))),(((9,47),10),38)),((((7,8),(36,41)),(12,25)),((11,37),(28,29)))),(15,30)),49,50); 1
((((((((1,46),6),((((((2,20),(((17,43),19),(26,27))),18),((4,(32,44)),35)),5),((((3,((16,42),(31,48))),((13,14),22)),21),23))),((((9,47),10),38),((24,34),(33,45)))),(39,40)),((((7,8),41),36),((11,(12,25)),((28,29),37)))),(15,30)),49,50); 1
((((((((1,46),6),(((((7,8),36),41),(12,25)),((11,(28,29)),37))),(((((2,(5,(18,20))),(((17,(19,43)),21),(26,27))),(3,(((4,32),44),35))),(((13,14),22),23)),(((16,42),31),48))),(((24,34),(33,45)),(39,40))),(((9,10),47),38)),(15,30)),49,50); 1
((((((((1,46),6),((((7,8),(36,41)),(12,25)),((11,(28,29)),37))),((((((((2,20),(((17,43),19),(26,27))),(5,(18,21))),(((13,14),22),23)),(((4,32),44),35)),(3,(31,48))),(16,42)),(39,40))),((24,34),(33,45))),(((9,10),47),38)),(15,30)),49,50); 1
((((((((1,6),46),(((((2,(5,(18,20))),(26,27)),23),(((((3,(31,48)),(16,42)),((13,14),22)),21),((17,43),19))),(((4,32),44),35))),(((24,34),(33,45)),(39,40))),(((9,10),47),38)),(((7,8),(36,41)),((11,(12,25)),((28,29),37)))),(15,30)),49,50); 1
((((((((1,6),46),((((2,20),(((((3,(31,48)),(16,42)),21),((13,14),22)),((((4,32),44),35),(5,(18,23))))),27),(((17,43),19),26))),((((9,47),10),38),((24,34),(33,45)))),(39,40)),((((7,8),41),36),((11,(12,25)),((28,29),37)))),(15,30)),49,50); 1
(((((((1,(6,46)),(((((((2,20),((((17,19),43),26),27)),18),5),((((13,22),14),23),21)),(3,(((4,32),44),35))),((16,42),(31,48)))),(((9,10),47),38)),(((24,34),(33,45)),(39,40))),((((((7,8),36),41),(12,25)),(11,37)),(28,29))),(15,30)),49,50); 1
(((((((1,(6,46)),((((((2,18),20),5),((((13,14),22),((((16,42),31),21),48)),23)),(3,(((4,32),44),35))),(((17,43),19),(26,27)))),(((24,34),(33,45)),(39,40))),(((9,10),47),38)),((((7,8),41),36),(((11,(28,29)),37),(12,25)))),(15,30)),49,50); 1
(((((((1,(6,46)),((((((2,20),((((17,43),19),26),27)),18),((5,23),(((13,14),22),((((16,42),21),31),48)))),(((4,44),32),35)),3)),(39,40)),(((9,10),(38,47)),((24,34),(33,45)))),(((((7,8),41),36),(12,25)),((11,(28,29)),37))),(15,30)),49,50); 1
(((((((1,(6,46)),((((((2,20),(26,27)),(5,18)),23),(((3,48),((13,14),22)),((((16,42),31),21),((17,43),19)))),(((4,32),44),35))),(((24,34),(33,45)),(39,40))),(((((7,8),41),36),(12,25)),((11,(28,29)),37))),((9,10),(38,47))),(15,30)),49,50); 1
(((((((1,(6,46)),(((((2,20),(((17,43),19),(26,27))),(5,18)),(((4,32),44),35)),(((((3,(31,48)),(16,42)),((13,14),22)),23),21))),(((24,34),(33,45)),(39,40))),(((9,47),10),38)),((((7,8),41),36),((11,(12,25)),((28,29),37)))),(15,30)),49,50); 1
(((((((1,(6,46)),((((2,(5,(18,20))),(((((3,(31,48)),(16,42)),((13,14),22)),21),23)),(((17,43),19),(26,27))),(((4,32),44),35))),(((24,34),(33,45)),(39,40))),(((((7,8),41),36),(12,25)),(11,((28,29),37)))),(((9,10),47),38)),(15,30)),49,50); 1
(((((((1,(6,46)),((((7,8),41),36),((11,(12,25)),((28,29),37)))),((((((((((2,20),((((17,43),19),26),27)),18),(((4,32),44),35)),(5,21)),(((13,14),23),22)),3),(31,48)),(16,42)),(39,40))),((24,34),(33,45))),(((9,10),47),38)),(15,30)),49,50); 1
(((((((1,(6,46)),(((7,8),(36,41)),((11,(12,25)),((28,29),37)))),(((((((2,(5,(18,(20,23)))),(((17,19),43),(26,27))),((13,14),22)),21),((3,(((4,32),44),35)),(31,48))),(16,42)),(39,40))),((((9,10),47),38),((24,34),(33,45)))),30),15),49,50); 1
(((((((1,46),6),(((((((((((2,20),(((17,43),19),(26,27))),18),(((4,32),44),35)),5),21),23),((13,14),22)),((16,42),(31,48))),3),(((24,34),(33,45)),(39,40)))),((((7,8),(36,41)),((11,(12,25)),((28,29),37))),(((9,47),10),38))),30),15),49,50); 1
(((((((1,46),6),((((((((((2,20),(((17,43),19),(26,27))),18),((4,32),44)),(31,48)),((5,23),((((13,14),16),21),(22,42)))),35),3),(39,40)),((((9,10),47),38),((24,34),(33,45))))),(((((7,8),41),36),(12,25)),((11,(28,29)),37))),30),49),15,50); 1
(((((((1,46),6),(((((((((2,(18,(20,27))),26),((17,43),19)),(((4,32),44),35)),5),21),23),(((13,22),14),((16,42),(31,48)))),3)),(((9,10),(38,47)),(((24,34),(33,45)),(39,40)))),(((((7,8),41),36),(12,25)),(11,((28,29),37)))),(15,30)),49,50); 1
(((((((1,46),6),(((((((((2,20),((((17,43),19),26),27)),18),(((4,32),44),35)),(5,21)),(((13,23),22),14)),(16,42)),(3,(31,48))),(((9,10),(38,47)),(((24,34),(33,45)),(39,40))))),(((((7,8),41),36),(12,25)),((11,(28,29)),37))),30),15),49,50); 1
(((((((1,46),6),(((((((2,5),18),20),(((4,32),44),35)),((((3,(31,48)),((((13,14),42),22),16)),23),21)),(((17,43),19),(26,27))),(((((9,10),47),38),((24,34),(33,45))),(39,40)))),(((((7,8),41),36),(12,25)),((11,(28,29)),37))),30),15),49,50); 1
(((((((1,46),6),((((((2,(18,20)),(((17,43),19),(26,27))),(5,23)),((((3,(31,48)),(16,42)),21),((13,14),22))),(((4,32),44),35)),(((24,34),(33,45)),(39,40)))),((9,10),(38,47))),((((7,8),41),36),((11,((28,29),37)),(12,25)))),(15,30)),49,50); 1
(((((((1,46),6),((((((2,20),((((17,43),19),26),27)),18),(((4,32),44),35)),(5,21)),((3,(((13,14),23),22)),((16,42),(31,48))))),(((((((7,8),41),36),(((11,(12,25)),37),(28,29))),(39,40)),((24,34),(33,45))),((9,10),(38,47)))),30),15),49,50); 1
(((((((1,46),6),(((((2,20),((((17,43),19),26),27)),((((4,32),35),44),((5,18),(((13,(14,22)),(((16,42),21),(31,48))),23)))),3),(((((9,47),10),38),((24,34),(33,45))),(39,40)))),((((7,8),(36,41)),(12,25)),((11,(28,29)),37))),30),15),49,50); 1
(((((((1,46),6),(((((7,8),41),36),(12,25)),((11,(28,29)),37))),(((((2,(5,(18,20))),((((17,43),19),(26,27)),21)),(((3,(31,48)),(16,42)),(((13,14),22),23))),(((4,32),44),35)),(((9,10),(38,47)),(((24,34),(33,45)),(39,40))))),30),15),49,50); 1
(((((((1,46),6),((((7,8),(36,41)),(12,25)),((11,(28,29)),37))),(((((((((2,18),20),(((17,19),43),(26,27))),5),(13,((14,23),22))),((3,(((4,32),44),35)),(31,48))),((16,42),21)),(39,40)),((24,34),(33,45)))),(((9,10),47),38)),(15,30)),49,50); 1
(((((((1,46),6),((((7,8),41),36),(((11,(28,29)),37),(12,25)))),((((((((2,(18,20)),27),5),(((17,43),19),21)),((3,(((4,32),44),35)),(((13,14),22),23))),((16,42),(31,48))),26),((((9,10),47),38),(((24,34),(33,45)),(39,40))))),30),15),49,50); 1
(((((((1,46),6),((((7,8),41),36),((11,(12,25)),((28,29),37)))),(39,40)),(((((((((2,20),(((17,43),19),26)),27),18),((4,(32,44)),35)),5),23),((3,(31,48)),((((13,14),22),21),(16,42)))),((((9,47),10),38),((24,34),(33,45))))),(15,30)),49,50); 1
(((((((1,46),6),(((7,8),(36,41)),(((11,(12,25)),(28,29)),37))),((((((((((((2,20),((17,43),19)),(26,27)),18),(((4,32),44),35)),5),21),23),(13,(14,22))),(16,42)),(3,(31,48))),((((9,10),(38,47)),((24,34),(33,45))),(39,40)))),30),15),49,50); 1
(((((((1,46),6),(((7,8),(36,41)),(((11,(12,25)),37),(28,29)))),(((((((((2,20),(((17,(19,43)),26),27)),(5,(18,21))),(((4,32),44),35)),(((13,14),22),23)),(16,42)),(31,48)),3),(((((9,10),47),38),(39,40)),((24,34),(33,45))))),30),15),49,50); 1
(((((((1,6),46),((((((2,(5,(18,(20,21)))),(((17,43),19),(26,27))),(((13,14),22),23)),(((4,32),35),44)),((3,(31,48)),(16,42))),(((9,10),(38,47)),(((24,34),(33,45)),(39,40))))),(((((7,8),41),36),(11,(12,25))),((28,29),37))),30),15),49,50); 1
(((((((1,6),46),((((((2,20),(((17,19),43),(26,27))),((5,(((((13,14),18),21),22),23)),(16,42))),(31,48)),(3,(((4,32),44),35))),(((9,10),(38,47)),(((24,34),(33,45)),(39,40))))),(((((7,8),41),36),(12,25)),((11,(28,29)),37))),30),15),49,50); 1
(((((((1,6),46),(((((7,8),41),36),(12,25)),((11,(28,29)),37))),30),((((((((2,(5,(18,(20,21)))),(((17,43),19),(26,27))),(((4,32),44),35)),(((13,14),22),23)),(16,42)),(3,(31,48))),(((24,34),(33,45)),(39,40))),(((9,10),47),38))),15),49,50); 1
(((((((1,6),46),((((7,8),(36,41)),(12,25)),(11,((28,29),37)))),(((((((2,(5,(18,(20,23)))),27),(((13,14),21),22)),(3,(((4,32),44),35))),(((16,42),(31,48)),26)),((17,43),19)),(((9,10),(38,47)),(((24,34),(33,45)),(39,40))))),30),15),49,50); 1
(((((((1,6),46),((((7,8),36),41),((11,((28,29),37)),(12,25)))),(((((((((2,20),((((17,43),19),26),27)),(5,18)),21),(((((13,14),22),(16,42)),(31,48)),23)),(3,(((4,44),32),35))),((24,34),(33,45))),(((9,10),47),38)),(39,40))),30),49),15,50); 1
(((((((1,6),46),(((7,8),(36,41)),(((11,(28,29)),37),(12,25)))),(((((((2,20),((((17,43),19),26),27)),18),(31,48)),((5,(((13,14),23),22)),((16,42),21))),(3,((4,(32,44)),35))),(((((9,10),47),38),((24,34),(33,45))),(39,40)))),30),49),15,50); 1
((((((1,(6,46)),(((((((2,20),((((17,19),43),26),27)),(5,18)),23),((((3,(16,42)),(31,48)),((13,14),22)),21)),((4,(32,44)),35)),(((((9,10),47),38),((24,34),(33,45))),(39,40)))),(((7,8),(36,41)),(((11,(28,29)),37),(12,25)))),30),15),49,50); 1
((((((1,(6,46)),((((((2,18),20),((5,23),((13,14),22))),(((4,32),44),35)),((3,(31,48)),((16,42),21))),(((17,43),19),(26,27)))),(((24,34),(33,45)),(39,40))),((((((7,8),41),36),(12,25)),((11,(28,29)),37)),(((9,10),47),38))),(15,30)),49,50); 1
((((((1,(6,46)),(((((7,8),37),(36,41)),(11,(12,25))),(28,29))),((((((2,20),(((17,43),19),(26,27))),(5,(18,23))),(((3,(31,48)),((16,42),21)),((13,14),22))),(((4,32),44),35)),((((9,10),47),38),(((24,34),(33,45)),(39,40))))),30),15),49,50); 1
((((((1,(6,46)),((((2,(5,(18,20))),(((((3,(31,48)),(16,42)),((13,14),22)),23),21)),(((4,32),44),35)),(((17,19),43),(26,27)))),(((9,10),(38,47)),(((24,34),(33,45)),(39,40)))),((((7,8),36),41),(((11,(12,25)),37),(28,29)))),(15,30)),49,50); 1
((((((1,46),6),((((((((((((2,20),((((17,43),19),26),27)),18),(((4,32),44),35)),5),21),23),((13,22),14)),(16,42)),(3,(31,48))),((((9,47),10),38),((24,34),(33,45)))),(39,40))),(((7,8),(36,41)),((11,((28,29),37)),(12,25)))),(15,30)),49,50); 1
((((((1,46),6),((((((((((2,18),20),(((17,43),19),(26,27))),(31,48)),(((4,32),44),35)),(5,21)),(13,((14,23),22))),(16,42)),3),((((((9,10),47),38),(33,45)),(24,34)),(39,40)))),((((7,8),(36,41)),(12,25)),(11,((28,29),37)))),(15,30)),49,50); 1
((((((1,46),6),(((((((((2,20),(((17,19),43),(26,27))),(((4,(32,44)),35),(5,(18,23)))),((13,14),22)),21),(3,(31,48))),(16,42)),(39,40)),((((9,10),47),38),((24,34),(33,45))))),((((7,8),(36,41)),((11,37),(28,29))),(12,25))),(15,30)),49,50); 1
((((((1,46),6),(((((((((2,20),((17,(19,43)),26)),27),18),(((4,32),44),35)),5),23),((3,(31,48)),((13,(14,22)),((16,42),21)))),(((((9,47),10),38),((24,34),(33,45))),(39,40)))),((((7,8),41),36),((11,(12,25)),((28,29),37)))),(15,30)),49,50); 1
((((((1,46),6),((((((((2,(18,20)),((((17,43),19),27),26)),(((4,32),44),35)),(5,21)),(((13,14),22),23)),(((16,42),31),48)),3),((((9,10),(38,47)),(39,40)),((24,34),(33,45))))),(((((7,8),41),36),(11,(12,25))),((28,29),37))),(15,30)),49,50); 1
((((((1,46),6),((((((((2,20),(((17,(19,43)),26),27)),18),((5,23),((13,(14,22)),((((16,42),21),31),48)))),(((4,32),44),35)),3),((((9,10),(38,47)),((24,34),(33,45))),(39,40))),((((7,8),(36,41)),(12,25)),((11,(28,29)),37)))),30),15),49,50); 1
((((((1,46),6),(((((2,(5,(18,(20,(23,27))))),(((13,14),22),((17,(19,43)),21))),((((16,31),42),48),26)),(3,((4,(32,44)),35))),(((9,10),(38,47)),(((24,34),(33,45)),(39,40))))),((((7,8),41),36),((11,(12,25)),((28,29),37)))),(15,30)),49,50); 1
((((((1,46),6),(((((7,8),41),36),(12,25)),((11,(28,29)),37))),(((((((((2,20),((((17,19),43),(26,27)),21)),(5,18)),(((4,32),44),35)),(13,(14,(22,23)))),((3,(16,42)),(31,48))),((24,34),(33,45))),(((9,10),47),38)),(39,40))),(15,30)),49,50); 1
((((((1,46),6),(((((7,8),41),36),(12,25)),((11,(28,29)),37))),((((((((2,(18,20)),(((17,43),19),(26,27))),(((4,32),44),35)),5),21),23),(((3,(31,48)),(16,42)),((13,14),22))),(((((9,10),47),38),((24,34),(33,45))),(39,40)))),(15,30)),49,50); 1
((((((1,46),6),(((((7,8),41),36),(12,25)),((11,(28,29)),37))),(((((((2,(5,(18,20))),(((4,32),44),35)),(((17,43),19),(26,27))),21),23),(((3,(31,48)),(16,42)),(13,(14,22)))),(((((9,10),47),38),((24,34),(33,45))),(39,40)))),(15,30)),49,50); 1
((((((1,46),6),(((((7,8),41),36),(12,25)),(11,((28,29),37)))),((((((2,20),((((17,43),19),26),27)),((5,18),23)),(((3,(31,48)),(16,42)),(13,((14,22),21)))),(((4,32),44),35)),(((9,10),(38,47)),(((24,34),(33,45)),(39,40))))),(15,30)),49,50); 1
((((((1,46),6),((((7,8),(36,41)),((28,29),37)),(11,(12,25)))),(((((((2,20),((((17,43),19),26),27)),(((4,44),32),18)),((5,23),35)),((3,(((13,14),22),21)),((16,42),(31,48)))),(((24,34),(33,45)),(39,40))),(((9,10),47),38))),(15,30)),49,50); 1
((((((1,46),6),((((7,8),(36,41)),(12,25)),((11,(28,29)),37))),((((((2,20),(((17,43),19),26)),(((((4,32),44),35),(5,(18,23))),27)),((3,(31,48)),(((13,14),22),((16,42),21)))),(39,40)),((((9,10),47),38),((24,34),(33,45))))),(15,30)),49,50); 1
((((((1,46),6),((((7,8),(36,41)),(12,25)),(11,((28,29),37)))),(((((2,(5,(18,(20,23)))),(((3,((16,42),(31,48))),(((13,14),21),22)),(((4,32),44),35))),(26,27)),((17,43),19)),(((((9,10),47),38),((24,34),(33,45))),(39,40)))),(15,30)),49,50); 1
((((((1,46),6),((((7,8),41),36),(((11,(12,25)),37),(28,29)))),(((((((((2,(18,20)),(((4,32),44),35)),5),((((17,19),43),(26,27)),21)),23),(3,((13,14),22))),((16,42),(31,48))),(39,40)),((((9,10),47),38),((24,34),(33,45))))),(15,30)),49,50); 1
((((((1,46),6),((((7,8),41),36),(((11,(28,29)),(12,25)),37))),(((((((((2,18),20),(((17,19),43),(26,27))),((4,(32,44)),35)),5),23),((3,(16,42)),(((13,14),22),(21,(31,48))))),(((9,(10,47)),38),((24,34),(33,45)))),(39,40))),(15,30)),49,50); 1
((((((1,46),6),((((7,8),41),36),(((11,(28,29)),37),(12,25)))),((((((2,(18,20)),(((17,43),19),(26,27))),((4,32),44)),((5,23),35)),((((3,(16,42)),((13,14),22)),21),(31,48))),(((((9,10),47),38),((24,34),(33,45))),(39,40)))),(15,30)),49,50); 1
((((((1,46),6),((((7,8),41),36),(((11,(28,29)),37),(12,25)))),((((((2,(5,((((13,22),(14,23)),20),18))),((3,(31,48)),(((4,32),44),35))),((16,42),21)),(((17,43),19),(26,27))),(39,40)),((((9,10),47),38),((24,34),(33,45))))),(15,30)),49,50); 1
((((((1,46),6),((((7,8),41),36),((11,(12,25)),((28,29),37)))),(((((((((2,(18,20)),(((17,43),19),(26,27))),((4,32),44)),35),5),23),((3,(31,48)),(((13,14),22),((16,42),21)))),(39,40)),((((9,10),47),38),((24,34),(33,45))))),(15,30)),49,50); 1
((((((1,46),6),((((7,8),41),36),((11,(12,25)),((28,29),37)))),((((((((2,(5,(18,20))),((17,(19,43)),(26,27))),21),23),(3,(((4,44),32),35))),(((13,14),22),(((16,31),42),48))),(39,40)),((((9,10),47),38),((24,34),(33,45))))),(15,30)),49,50); 1
((((((1,46),6),((((7,8),41),36),((11,(12,25)),((28,29),37)))),((((((((2,20),((17,(19,43)),(26,27))),18),(((4,32),44),35)),5),23),((3,(31,48)),((((13,14),22),21),(16,42)))),(((((9,10),47),38),((24,34),(33,45))),(39,40)))),(15,30)),49,50); 1
((((((1,46),6),(((7,8),(36,41)),(((11,(12,25)),37),(28,29)))),(((((2,20),26),((17,43),19)),((((3,(31,48)),(16,42)),(((13,14),22),23)),((((4,32),44),35),(5,(18,(21,27)))))),((((9,47),10),38),(((24,34),(33,45)),(39,40))))),(15,30)),49,50); 1
((((((1,46),6),(((7,8),(36,41)),(((11,(28,29)),(12,25)),37))),(((((2,20),((((17,19),43),26),27)),(((4,32),(35,44)),((5,18),23))),(((3,((16,42),(31,48))),21),((13,14),22))),((((9,10),(38,47)),((24,34),(33,45))),(39,40)))),(15,30)),49,50); 1
((((((1,46),6),(((7,8),(36,41)),(((11,(28,29)),37),(12,25)))),(((((((2,20),(((17,43),19),(26,27))),18),5),((((3,(31,48)),(16,42)),((13,(14,22)),23)),21)),(((4,32),44),35)),((((9,10),47),38),(((24,34),(33,45)),(39,40))))),(15,30)),49,50); 1
((((((1,46),6),(((7,8),(36,41)),((11,(12,25)),((28,29),37)))),((((((((((2,18),20),(((17,43),19),(26,27))),(31,48)),((5,23),((13,(14,22)),((16,42),21)))),(((4,32),44),35)),3),(39,40)),((24,34),(33,45))),(((9,10),47),38))),(15,30)),49,50); 1
((((((1,46),6),(((7,8),(36,41)),((11,(12,25)),((28,29),37)))),((((((((2,20),((((17,43),19),26),27)),((((4,32),44),35),(5,18))),23),((((3,48),31),((16,42),21)),((13,14),22))),(39,40)),((24,34),(33,45))),(((9,10),47),38))),(15,30)),49,50); 1
((((((1,46),6),(((7,8),(36,41)),((11,(12,25)),((28,29),37)))),(((((((2,(5,(18,20))),(((4,32),44),35)),(((13,14),22),23)),21),((((17,43),19),27),26)),((3,(31,48)),(16,42))),((((9,10),47),38),(((24,34),(33,45)),(39,40))))),(15,30)),49,50); 1
((((((1,46),6),(((7,8),(36,41)),((11,(12,25)),((28,29),37)))),((((((2,20),((((17,43),19),26),27)),(4,(18,(32,44)))),((5,23),35)),((3,(31,48)),(((13,14),22),((16,42),21)))),(((((9,10),47),38),((24,34),(33,45))),(39,40)))),(15,30)),49,50); 1
((((((1,6),46),((((((((((2,(18,20)),(26,27)),(((4,32),44),35)),(5,23)),((13,14),22)),((((16,42),31),21),((17,43),19))),48),3),(39,40)),(((9,10),(38,47)),((24,34),(33,45))))),(((((7,8),41),36),(12,25)),((11,(28,29)),37))),(15,30)),49,50); 1
((((((1,6),46),((((((((((2,(20,26)),((17,43),19)),(((5,18),21),27)),((4,(32,44)),35)),(((((13,42),14),23),22),16)),(3,(31,48))),(39,40)),((24,34),(33,45))),((9,10),(38,47))),((((7,8),36),41),((11,(12,25)),((28,29),37))))),30),15),49,50); 1
((((((1,6),46),((((((((2,20),(((17,43),19),(26,27))),18),(31,48)),((5,23),((13,(14,22)),((16,42),21)))),(3,(((4,32),44),35))),(39,40)),(((9,10),(38,47)),((24,34),(33,45))))),((((7,8),(36,41)),(12,25)),((11,(28,29)),37))),(15,30)),49,50); 1
((((((1,6),46),(((((((2,(18,20)),((17,19),43)),(26,27)),(((4,32),44),35)),(5,21)),(((3,(31,48)),(16,42)),(((13,14),22),23))),((((9,10),47),38),(((24,34),(33,45)),(39,40))))),((((7,8),41),36),((11,(12,25)),((28,29),37)))),(15,30)),49,50); 1
((((((1,6),46),(((((((2,20),((((17,43),19),26),27)),(((((4,32),44),35),(5,((((13,22),(14,23)),21),18))),(16,42))),(3,(31,48))),(((24,34),(33,45)),(39,40))),(((9,10),47),38)),((((7,8),36),41),((11,((28,29),37)),(12,25))))),30),15),49,50); 1
((((((1,6),46),((((7,8),41),36),((11,(12,25)),((28,29),37)))),((((((2,(18,20)),((17,(19,43)),(26,27))),(4,(32,44))),(31,48)),((((3,35),(5,21)),(13,(14,(22,23)))),(16,42))),((((((9,10),47),38),(33,45)),(24,34)),(39,40)))),(15,30)),49,50); 1
((((((1,6),46),(((7,8),(36,41)),((11,(12,25)),((28,29),37)))),((((((((((((2,20),(((17,43),19),26)),27),(5,18)),21),23),((13,14),22)),(16,42)),(3,(31,48))),((4,(32,44)),35)),(39,40)),(((9,10),(38,47)),((24,34),(33,45))))),(15,30)),49,50); 1
(((((1,(6,46)),(((((((((2,20),((17,43),19)),(26,27)),18),((4,(32,44)),35)),5),21),((3,(((13,22),14),23)),((16,42),(31,48)))),(((((9,10),47),38),((24,34),(33,45))),(39,40)))),((((7,8),41),36),((11,(12,25)),((28,29),37)))),(15,30)),49,50); 1
(((((1,(6,46)),((((((2,20),(26,27)),(5,18)),(((3,48),(((13,14),23),22)),(((16,42),31),((17,(19,43)),21)))),(((4,32),44),35)),(((((9,10),47),38),((24,34),(33,45))),(39,40)))),(((7,8),(36,41)),(((11,(12,25)),37),(28,29)))),(15,30)),49,50); 1
(((((1,(6,46)),(((((2,20),(((17,43),19),(26,27))),(((((4,32),44),35),(5,18)),(((((13,48),22),14),(((16,42),31),21)),23))),3),((((9,10),(38,47)),((24,34),(33,45))),(39,40)))),(((7,8),(36,41)),(((11,(12,25)),(28,29)),37))),(15,30)),49,50); 1
(((((1,(6,46)),((((7,8),(36,41)),((11,(12,25)),(28,29))),37)),(((((((2,(5,(18,20))),(((4,32),44),35)),((((17,43),19),(26,27)),21)),23),((13,14),22)),((3,(31,48)),(16,42))),(((((9,10),47),38),(39,40)),((24,34),(33,45))))),(15,30)),49,50); 1
(((((1,46),6),(((((((((((((2,20),((((17,43),19),26),27)),18),5),(((4,32),44),35)),21),23),((13,22),14)),(16,42)),(31,48)),3),(((((9,10),47),38),((24,34),(33,45))),(39,40))),((((7,8),(36,41)),(12,25)),((11,37),(28,29))))),(15,30)),49,50); 1
(((((1,46),6),(((((((((((((2,20),(((17,43),19),26)),27),18),(4,(32,44))),(31,48)),((5,23),(((13,14),22),((16,42),21)))),35),3),(39,40)),((24,34),(33,45))),(((9,10),47),38)),((((7,8),(36,41)),(12,25)),((11,(28,29)),37)))),(15,30)),49,50); 1
(((((1,46),6),((((((((((2,20),((((17,43),19),26),27)),(5,18)),23),(13,(14,22))),21),((16,42),(31,48))),(3,(((4,32),44),35))),(((24,34),(33,45)),(39,40))),(((((7,8),(36,41)),(12,25)),((11,(28,29)),37)),(((9,10),47),38)))),(15,30)),49,50); 1
(((((1,46),6),((((((((2,(18,20)),((((17,43),19),(26,27)),21)),(((4,32),44),35)),5),(((13,14),22),23)),(((16,42),31),48)),3),(((((((7,8),41),36),(((11,(28,29)),37),(12,25))),(((9,10),47),38)),(39,40)),((24,34),(33,45))))),(15,30)),49,50); 1
(((((1,46),6),((((((2,5),(18,20)),23),(((3,(((4,32),44),35)),(((13,14),22),((16,42),(31,48)))),21)),(((17,43),19),(26,27))),(((((((7,8),(36,41)),(12,25)),(11,((28,29),37))),(((9,(10,47)),38),(39,40))),((24,34),(33,45))),30))),15),49,50); 1
(((((1,46),6),(15,30)),(((((((((((2,20),(((17,43),19),26)),27),18),(5,((((13,14),22),23),21))),(3,((4,(32,44)),35))),(31,48)),(16,42)),(39,40)),(((9,10),(38,47)),((24,34),(33,45)))),(((((7,8),41),36),(12,25)),((11,(28,29)),37)))),49,50); 1
(((((1,6),46),((((((((((2,26),20),((17,43),19)),(18,27)),(((4,44),32),35)),5),23),((3,(31,48)),(((13,14),22),((16,42),21)))),(((((9,10),47),38),((24,34),(33,45))),(39,40))),(((((7,8),41),36),(12,25)),((11,(28,29)),37)))),(15,30)),49,50); 1
(((((1,6),46),(((((((((2,(5,(18,(20,21)))),((4,(32,44)),35)),((((17,43),19),27),26)),(((13,14),22),23)),(31,48)),(3,(16,42))),(((24,34),(33,45)),(39,40))),(((9,10),47),38)),((((7,8),(36,41)),(11,(12,25))),((28,29),37)))),(15,30)),49,50); 1
(((((1,6),46),((((((((2,(18,20)),(26,27)),(((4,32),44),35)),5),(((13,14),22),23)),(((16,42),21),((17,43),19))),(3,(31,48))),(((((((((7,8),41),36),(12,25)),(11,37)),(28,29)),(39,40)),(((9,10),47),38)),((24,34),(33,45))))),(15,30)),49,50); 1
(((((1,6),46),((((((((2,20),(((17,19),43),(26,27))),18),(5,23)),((13,(14,22)),((((16,42),31),21),48))),(3,(((4,32),44),35))),(((24,34),(33,45)),(39,40))),(((((7,8),41),36),((11,(12,25)),((28,29),37))),((9,10),(38,47))))),(15,30)),49,50); 1
(((((1,6),46),((((((((2,20),((17,43),19)),((((3,(((4,32),44),35)),(((13,14),22),23)),21),((5,18),27))),26),(((16,42),31),48)),((((9,10),47),38),((24,34),(33,45)))),(39,40)),((((7,8),(36,41)),(12,25)),(11,((28,29),37))))),(15,30)),49,50); 1
((((1,(6,46)),(((((((((((((2,20),(((17,43),19),26)),27),18),5),(3,(((4,32),44),35))),((13,(14,22)),23)),21),((16,42),(31,48))),(39,40)),((24,34),(33,45))),(((9,10),47),38)),((((7,8),41),36),(((11,(28,29)),(12,25)),37)))),(15,30)),49,50); 1
((((1,(6,46)),((((((((((2,20),(((17,43),19),(26,27))),(((((4,32),44),18),5),35)),21),23),(13,(14,22))),3),((16,42),(31,48))),(((((9,47),10),38),((24,34),(33,45))),(39,40))),(15,30))),(((((7,8),41),36),(12,25)),(11,((28,29),37)))),49,50); 1
((((1,(6,46)),(((((((2,20),(((17,43),19),(26,27))),(((((4,32),44),35),(5,18)),((((13,14),22),(((16,42),(31,48)),21)),23))),3),(39,40)),((((9,10),47),38),((24,34),(33,45)))),((((7,8),(36,41)),(12,25)),((11,(28,29)),37)))),(15,30)),49,50); 1
((((1,6),46),((((((((((2,((((4,32),44),20),18)),(26,27)),(((17,(19,43)),31),48)),((5,23),35)),((13,14),22)),21),(3,(16,42))),(39,40)),((((9,10),47),38),((24,34),(33,45)))),((((((7,8),36),41),(12,25)),((11,(28,29)),37)),(15,30)))),49,50); 1
