translate
       1 Scer,
       2 Spar,
       3 Smik,
       4 Skud,
       5 Sbay,
       6 Scas,
       7 Sklu,
       8 Calb;
((((((1,2),3),4),5),6),7,8); 3400
(((((1,2),3),4),5),(6,7),8); 1206
((((((1,2),3),4),5),7),6,8); 793
(((((1,2),3),(4,5)),6),7,8); 41
((((1,2),3),(4,5)),(6,7),8); 28
(((((1,2),3),(4,5)),7),6,8); 16
((((((1,2),3),5),4),6),7,8); 3
((((1,2),(4,5)),3),(6,7),8); 3
((((((1,2),3),5),4),7),6,8); 2
(((((1,2),(4,5)),3),6),7,8); 2
(((((1,(2,3)),4),5),6),7,8); 1
(((((1,2),(4,5)),3),7),6,8); 1
(((((1,2),3),5),4),(6,7),8); 1
((((1,2),3),4),(5,(6,7)),8); 1
((((1,5),(4,6)),(2,3)),7,8); 1
(((1,2),(4,(5,(6,7)))),3,8); 1
((1,2),(3,(4,(5,(6,7)))),8); 1
