-20374.6 0.297208 0.280792 0.165832 0.256168  0.147903   0.22348  0.143173 0.0501216  0.377241 0.0580813
-20372.7 0.297208 0.280792 0.165832 0.256168  0.154876  0.229915  0.150101 0.0421014  0.369287   0.05372
-20373.2 0.297208 0.280792 0.165832 0.256168  0.154876  0.229915  0.150101 0.0421014  0.369287   0.05372
-20373.1 0.305436 0.277999 0.165928 0.250637  0.143616  0.230682  0.140233 0.0457141  0.375674 0.0640801
-20370.4 0.305436 0.277999 0.165928 0.250637   0.14065  0.238763  0.151787 0.0385416   0.36907 0.0611877
-20372.5 0.305436 0.277999 0.165928 0.250637   0.14065  0.238763  0.151787 0.0385416   0.36907 0.0611877
-20364.7 0.291616  0.29202 0.158208 0.258157  0.152607  0.228462  0.150549 0.0284283  0.388836 0.0511176
-20374.1  0.29534 0.293345 0.151593 0.259722  0.142838   0.23308  0.157347 0.0235131   0.39676  0.046462
-20353.1 0.307929 0.282691 0.157882 0.251499  0.140965  0.227497  0.154061   0.02202  0.411371 0.0440848
-20340.3 0.306404 0.288696 0.161553 0.243348  0.130075  0.240049  0.135986 0.0221231  0.434384 0.0373819
-20334.4  0.30717 0.285428 0.154645 0.252756  0.122907  0.241336  0.129457 0.0335015  0.435949 0.0368491
-20332.4  0.30717 0.285428 0.154645 0.252756  0.122907  0.241336  0.129457 0.0335015  0.435949 0.0368491
-20332.6 0.286641 0.304161 0.158518  0.25068  0.125243   0.24389  0.128406 0.0341792  0.432258 0.0360238
-20330.5 0.280598 0.302526 0.161313 0.255563  0.125243   0.24389  0.128406 0.0341792  0.432258 0.0360238
-20329 0.280598 0.302526 0.161313 0.255563  0.125243   0.24389  0.128406 0.0341792  0.432258 0.0360238
-20330.5 0.280598 0.302526 0.161313 0.255563 0.119897 0.239149 0.134913 0.032888 0.439328 0.033825
-20330.9 0.280598 0.302526 0.161313 0.255563  0.123601  0.243491  0.139143 0.0317782   0.42445 0.0375354
-20332.7 0.288346 0.301544 0.154533 0.255577   0.12065  0.241844  0.143557 0.0311125  0.419702 0.0431354
-20331.8 0.277385 0.285195 0.167733 0.269686  0.130574  0.223412  0.132768 0.0228931  0.443782 0.0465712
-20332.3 0.277385 0.285195 0.167733 0.269686   0.12898  0.240005  0.122142 0.0327952  0.430195 0.0458829
-20324.4 0.292771 0.288693 0.154633 0.263903   0.11604  0.234263  0.126644 0.0301197  0.447723 0.0452097
-20326.5 0.283644 0.293439 0.157171 0.265745   0.11604  0.234263  0.126644 0.0301197  0.447723 0.0452097
-20325.2 0.289481  0.29166 0.156246 0.262612   0.11604  0.234263  0.126644 0.0301197  0.447723 0.0452097
-20323.2 0.289481  0.29166 0.156246 0.262612  0.123483  0.239703  0.125366 0.0262074  0.440869 0.0443712
-20326.5 0.287155 0.287654  0.16472 0.260471  0.123483  0.239703  0.125366 0.0262074  0.440869 0.0443712
-20325.2 0.287155 0.287654  0.16472 0.260471  0.123483  0.239703  0.125366 0.0262074  0.440869 0.0443712
-20322.6 0.287155 0.287654  0.16472 0.260471  0.123483  0.239703  0.125366 0.0262074  0.440869 0.0443712
-20322.4 0.287155 0.287654  0.16472 0.260471  0.116087   0.23396  0.121077 0.0296973  0.455779 0.0434004
-20321.9 0.287155 0.287654  0.16472 0.260471  0.121263  0.241214  0.117832 0.0316203  0.444357 0.0437136
-20321.9 0.287155 0.287654  0.16472 0.260471  0.123875  0.264544  0.120579 0.0276465  0.422203 0.0411523
-20321.9 0.294747 0.281382 0.161114 0.262757  0.123198  0.253066  0.123226  0.024346  0.441074 0.0350899
-20328 0.294747 0.281382 0.161114 0.262757  0.123198  0.253066  0.123226  0.024346  0.441074 0.0350899
-20327.3 0.294747 0.281382 0.161114 0.262757  0.131148  0.234218  0.121387 0.0312921  0.438732  0.043223
-20324.9 0.294747 0.281382 0.161114 0.262757  0.128393  0.230829   0.13103 0.0321647  0.433814 0.0437704
-20326.3 0.292118 0.299211 0.153372 0.255299  0.128393  0.230829   0.13103 0.0321647  0.433814 0.0437704
-20326.9 0.291561 0.294943 0.152772 0.260724  0.128393  0.230829   0.13103 0.0321647  0.433814 0.0437704
