-20353.6 0.290465 0.277276 0.163931 0.268329  0.140625  0.218469  0.144842 0.0445255  0.394928 0.0566109
-20346.5  0.29496 0.286858 0.165096 0.253087  0.135676  0.225691  0.145923 0.0449981  0.393943 0.0537679
-20341.3 0.294661  0.29036 0.157235 0.257745  0.124833  0.224278  0.153519 0.0358348   0.40382 0.0577147
-20342 0.294661  0.29036 0.157235 0.257745  0.124833  0.224278  0.153519 0.0358348   0.40382 0.0577147
-20342.9  0.29503 0.305549 0.148066 0.251355  0.119151  0.229732  0.159618 0.0326444  0.410338 0.0485176
-20336.2 0.290151 0.285343 0.151221 0.273286  0.122025  0.228257  0.161345 0.0304022  0.407638 0.0503329
-20331.9 0.300029 0.275754  0.15885 0.265367  0.126455  0.222383  0.141223 0.0291548  0.432367 0.0484169
-20326.5 0.300615 0.287418 0.144996 0.266972    0.1237  0.223122  0.123412 0.0332792  0.449754 0.0467329
-20327.5 0.273173  0.30929 0.155375 0.262162  0.116929  0.227048  0.123399 0.0343773  0.454373 0.0438737
-20322.2 0.273173  0.30929 0.155375 0.262162  0.112201  0.231283  0.117833  0.033726  0.469244 0.0357137
