-20354.2 0.290386 0.277975 0.163765 0.267874  0.140625  0.218469  0.144842 0.0445255  0.394928 0.0566109
-20345.2  0.29496 0.286858 0.165096 0.253087  0.135676  0.225691  0.145923 0.0449981  0.393943 0.0537679
-20340.3  0.29496 0.286858 0.165096 0.253087  0.124833  0.224278  0.153519 0.0358348   0.40382 0.0577147
-20339.6 0.294661  0.29036 0.157235 0.257745  0.124833  0.224278  0.153519 0.0358348   0.40382 0.0577147
-20340.3 0.294661  0.29036 0.157235 0.257745  0.119151  0.229732  0.159618 0.0326444  0.410338 0.0485176
-20334.4 0.302304 0.280966  0.14841  0.26832  0.119151  0.229732  0.159618 0.0326444  0.410338 0.0485176
-20337.4 0.300029 0.275754  0.15885 0.265367  0.130175     0.224  0.154344 0.0309862  0.413874 0.0466205
-20324.9 0.300615 0.287418 0.144996 0.266972    0.1237  0.223122  0.123412 0.0332792  0.449754 0.0467329
-20325.3 0.273173  0.30929 0.155375 0.262162    0.1237  0.223122  0.123412 0.0332792  0.449754 0.0467329
-20326.3 0.273173  0.30929 0.155375 0.262162  0.115146  0.233792  0.117327 0.0298567  0.466469 0.0374086
