-20375.1 0.297208 0.280792 0.165832 0.256168  0.147903   0.22348  0.143173 0.0501216  0.377241 0.0580813
-20359.4 0.297208 0.280792 0.165832 0.256168  0.154876  0.229915  0.150101 0.0421014  0.369287   0.05372
-20359.4 0.297208 0.280792 0.165832 0.256168  0.154876  0.229915  0.150101 0.0421014  0.369287   0.05372
-20359.4 0.305436 0.277999 0.165928 0.250637  0.143616  0.230682  0.140233 0.0457141  0.375674 0.0640801
-20359.4 0.305436 0.277999 0.165928 0.250637   0.14065  0.238763  0.151787 0.0385416   0.36907 0.0611877
-20359.4 0.305436 0.277999 0.165928 0.250637   0.14065  0.238763  0.151787 0.0385416   0.36907 0.0611877
-20361.3 0.305436 0.277999 0.165928 0.250637  0.145302  0.230221  0.153671 0.0351101  0.381969 0.0537261
-20362.2  0.28678 0.288668 0.165581 0.258971  0.154372  0.226772  0.158309 0.0217051  0.395298  0.043544
-20350 0.306036  0.28788 0.150134 0.255951  0.142838   0.23308  0.157347 0.0235131   0.39676  0.046462
-20338 0.306404 0.288696 0.161553 0.243348  0.131112  0.241189  0.141225 0.0205138  0.419318 0.0466425
-20334.3 0.305167 0.292995 0.142493 0.259345  0.122907  0.241336  0.129457 0.0335015  0.435949 0.0368491
-20330  0.30717 0.285428 0.154645 0.252756  0.122907  0.241336  0.129457 0.0335015  0.435949 0.0368491
-20332.9  0.30717 0.285428 0.154645 0.252756  0.125243   0.24389  0.128406 0.0341792  0.432258 0.0360238
-20332.2 0.280598 0.302526 0.161313 0.255563  0.125243   0.24389  0.128406 0.0341792  0.432258 0.0360238
-20331.1 0.280598 0.302526 0.161313 0.255563  0.125243   0.24389  0.128406 0.0341792  0.432258 0.0360238
-20333 0.280598 0.302526 0.161313 0.255563 0.119897 0.239149 0.134913 0.032888 0.439328 0.033825
-20339.7 0.280598 0.302526 0.161313 0.255563 0.119897 0.239149 0.134913 0.032888 0.439328 0.033825
-20340.5 0.288346 0.301544 0.154533 0.255577   0.12065  0.241844  0.143557 0.0311125  0.419702 0.0431354
-20340.6 0.288346 0.301544 0.154533 0.255577  0.123119  0.239358  0.135127 0.0269821  0.433655 0.0417587
-20341.3 0.277385 0.285195 0.167733 0.269686  0.130004  0.228186  0.125432 0.0248569  0.444698 0.0468236
-20335.9 0.293571 0.286756 0.154915 0.264758   0.12898  0.240005  0.122142 0.0327952  0.430195 0.0458829
-20333.5 0.292771 0.288693 0.154633 0.263903   0.11604  0.234263  0.126644 0.0301197  0.447723 0.0452097
-20333.4 0.276676 0.289226 0.160025 0.274073   0.11604  0.234263  0.126644 0.0301197  0.447723 0.0452097
-20335.9 0.289481  0.29166 0.156246 0.262612  0.123483  0.239703  0.125366 0.0262074  0.440869 0.0443712
-20336.3 0.289481  0.29166 0.156246 0.262612  0.123483  0.239703  0.125366 0.0262074  0.440869 0.0443712
-20337 0.287155 0.287654  0.16472 0.260471  0.123483  0.239703  0.125366 0.0262074  0.440869 0.0443712
-20338.1 0.287155 0.287654  0.16472 0.260471  0.123483  0.239703  0.125366 0.0262074  0.440869 0.0443712
-20335.2 0.287155 0.287654  0.16472 0.260471  0.116087   0.23396  0.121077 0.0296973  0.455779 0.0434004
-20334.9 0.287155 0.287654  0.16472 0.260471  0.121263  0.241214  0.117832 0.0316203  0.444357 0.0437136
-20332 0.287155 0.287654  0.16472 0.260471  0.121263  0.241214  0.117832 0.0316203  0.444357 0.0437136
-20332.3 0.294747 0.281382 0.161114 0.262757  0.123875  0.264544  0.120579 0.0276465  0.422203 0.0411523
-20333.2 0.294747 0.281382 0.161114 0.262757  0.123198  0.253066  0.123226  0.024346  0.441074 0.0350899
-20338.8 0.294747 0.281382 0.161114 0.262757  0.124622  0.255524  0.120021 0.0260041  0.430326 0.0435039
-20334.2 0.294747 0.281382 0.161114 0.262757  0.128393  0.230829   0.13103 0.0321647  0.433814 0.0437704
-20337.8 0.292118 0.299211 0.153372 0.255299  0.128393  0.230829   0.13103 0.0321647  0.433814 0.0437704
-20338.3 0.292118 0.299211 0.153372 0.255299  0.128393  0.230829   0.13103 0.0321647  0.433814 0.0437704
-20336.6 0.280661 0.302801 0.159466 0.257071   0.12461  0.237741  0.124085 0.0294581  0.438908 0.0451966
