1,4,0.054359072,2,4,0.0068725767,3,4,0.0052047301,-2189.6291,1.3287276,-1.0792768,-2187.2211
1,4,0.042046418,2,4,0.01048262,3,4,0.0025121685,-2192.8884,1.1008241,-4.0988005,-2187.6888
1,4,0.05383467,2,4,0.0014989559,3,4,0.0046378296,-2190.2073,1.1994291,-0.7170007,-2188.2909
1,4,0.038440906,2,4,0.0079559191,3,4,0.0065350789,-2192.5668,1.0586381,-2.8626987,-2188.6455
1,4,0.046755243,2,4,0.0037176505,3,4,0.0050160334,-2188.2591,1.1097785,-0.13565505,-2187.0137
1,4,0.049185714,2,4,0.001822863,3,4,0.0029838966,-2189.6399,1.0798495,-0.5307454,-2188.0293
1,4,0.059896454,2,4,0.0047989928,3,4,0.0021456193,-2190.3181,1.3368213,-1.1492405,-2187.832
1,4,0.044879131,2,4,0.0069658481,3,4,0.0026544578,-2189.6606,1.0899887,-1.005752,-2187.5648
1,4,0.038869607,2,4,0.0055516391,3,4,0.0030190769,-2190.2829,0.94880647,-1.0267782,-2188.3073
1,4,0.045883204,2,4,0.0062796029,3,4,0.0027877744,-2189.0965,1.0990116,-0.62322312,-2187.3742
1,4,0.047479219,2,4,0.00028348828,3,4,0.0042018535,-2196.3158,1.0392912,-1.2213602,-2194.0551
1,4,0.065211762,2,4,0.00071822711,3,4,0.0088688319,-2196.7247,1.4959764,-4.6437137,-2190.585
1,4,0.046886486,2,4,0.0025035778,3,4,0.0063909273,-2189.2511,1.1156198,-0.68962337,-2187.4458
1,4,0.053726744,2,4,0.0045740829,3,4,0.0027653204,-2188.6438,1.221323,-0.29857805,-2187.1239
1,4,0.047055309,2,4,0.0036185037,3,4,0.0059031039,-2188.5761,1.1315383,-0.35294178,-2187.0916
1,4,0.047121899,2,4,0.0040165221,3,4,0.0051638598,-2188.2711,1.1260456,-0.14895224,-2186.9961
1,4,0.040511623,2,4,0.0024831137,3,4,0.0028361181,-2190.1172,0.9166171,-0.87243996,-2188.3282
1,4,0.053513535,2,4,0.0049125217,3,4,0.0066805886,-2189.3155,1.3021329,-0.86503921,-2187.1484
1,4,0.049972688,2,4,0.0069098483,3,4,8.745534e-05,-2198.4792,1.1393998,-1.9367909,-2195.403
1,4,0.054104944,2,4,0.0040307472,3,4,0.0046117554,-2188.3911,1.2549489,-0.20566516,-2186.9305
1,4,0.042880271,2,4,0.0034871306,3,4,0.004375621,-2188.6942,1.0148605,-0.31382091,-2187.3656
1,4,0.03744462,2,4,0.0022613132,3,4,0.0031949086,-2191.2818,0.85801684,-1.31258,-2189.1112
1,4,0.058078257,2,4,0.0061547912,3,4,0.0033811279,-2189.6451,1.3522835,-0.98224393,-2187.3106
1,4,0.034068771,2,4,0.0021351535,3,4,0.0053385556,-2193.2497,0.83084959,-2.0459372,-2190.3729
1,4,0.043080624,2,4,0.0035839072,3,4,0.004028086,-2188.6165,1.0138523,-0.27821719,-2187.3244
1,4,0.043450455,2,4,0.0055820643,3,4,0.00014597242,-2198.5626,0.98356984,-1.6706455,-2195.9084
1,4,0.050979587,2,4,0.0080332662,3,4,0.0049344599,-2190.0005,1.2789463,-1.5636962,-2187.1579
1,4,0.039253518,2,4,0.0042827358,3,4,0.0038379534,-2189.6468,0.94748414,-0.7056253,-2187.9937
1,4,0.061109509,2,4,0.0060427223,3,4,0.0051569981,-2190.5325,1.4461846,-1.5193209,-2187.567
1,4,0.053999635,2,4,0.0070584275,3,4,0.0021352407,-2190.1153,1.2638661,-1.2121721,-2187.6393
1,4,0.056322701,2,4,0.0054860642,3,4,0.0048274481,-2189.1082,1.3327243,-0.62962978,-2187.1459
1,4,0.044218864,2,4,0.0044856328,3,4,0.0047874825,-2188.5244,1.0698396,-0.25339267,-2187.2012
1,4,0.056230726,2,4,0.0047639618,3,4,0.0027079591,-2189.0722,1.2740529,-0.53554539,-2187.2626
1,4,0.057289226,2,4,0.0051497874,3,4,0.0099591782,-2192.4036,1.4479638,-3.7709392,-2187.1847
1,4,0.039121665,2,4,0.0050737151,3,4,0.0049839433,-2190.0137,0.98358647,-0.91326685,-2188.1168
1,4,0.044230775,2,4,0.0021022226,3,4,0.0071355191,-2190.3285,1.0693703,-1.2748382,-2187.9843
1,4,0.039049813,2,4,0.00040356457,3,4,0.0043130803,-2196.8343,0.87532915,-1.8508593,-2194.1081
1,4,0.043610429,2,4,0.0026396104,3,4,0.0020914703,-2189.95,0.9668302,-0.73019985,-2188.253
1,4,0.064015645,2,4,0.0034944696,3,4,0.0030910766,-2190.829,1.4120238,-1.6584831,-2187.7585
1,4,0.044787809,2,4,0.0015139928,3,4,0.0048168919,-2190.2445,1.0223739,-0.71030179,-2188.5118
1,4,0.042658392,2,4,0.0045222537,3,4,0.0052343175,-2188.9498,1.0482993,-0.46547029,-2187.436
1,4,0.038542951,2,4,0.0072710612,3,4,0.0035384987,-2191.1643,0.98705022,-1.7326919,-2188.4445
1,4,0.054538158,2,4,0.002939176,3,4,0.0071881961,-2189.7281,1.2933106,-1.1512669,-2187.2835
1,4,0.056388157,2,4,0.0064104011,3,4,0.0051876606,-2189.6714,1.3597244,-1.0338574,-2187.2778
1,4,0.033554126,2,4,0.0019731916,3,4,0.0043482532,-2193.5892,0.79751142,-2.0892108,-2190.7025
1,4,0.040154127,2,4,0.0039743565,3,4,0.0030833598,-2189.5042,0.94423686,-0.64981397,-2187.9102
1,4,0.034180214,2,4,0.0023819933,3,4,0.0045371615,-2192.7334,0.82198738,-1.8358584,-2190.0755
1,4,0.04380514,2,4,0.0040942904,3,4,0.0047446696,-2188.5401,1.052882,-0.2544395,-2187.2328
1,4,0.051517564,2,4,0.0057537529,3,4,0.0054296512,-2188.8396,1.2540194,-0.51665574,-2187.0689
1,4,0.036716138,2,4,0.0054286099,3,4,0.0062099007,-2191.653,0.96709297,-1.7411939,-2188.9447
1,4,0.050883521,2,4,0.0041872959,3,4,0.0053168392,-2188.3112,1.2077531,-0.17901835,-2186.9244
1,4,0.04968483,2,4,4.0880156e-05,3,4,0.0031499897,-2202.369,1.057514,-1.4743016,-2199.8372
1,4,0.057475204,2,4,0.0050502484,3,4,0.0043602259,-2189.0774,1.3377136,-0.60014186,-2187.1396
1,4,0.053659583,2,4,0.0038983692,3,4,0.0065946504,-2189.1099,1.283052,-0.7301159,-2187.0967
1,4,0.057150626,2,4,0.0041631106,3,4,0.0071032224,-2189.9669,1.3683392,-1.3028876,-2187.2956
1,4,0.055151576,2,4,0.0058825022,3,4,0.0037293192,-2188.9497,1.2952679,-0.56144017,-2187.093
1,4,0.059390378,2,4,0.0016259771,3,4,0.0017517562,-2192.713,1.2553622,-1.7348585,-2189.7228
1,4,0.05044043,2,4,0.0048141981,3,4,0.0043737205,-2188.1622,1.192567,-0.085056236,-2186.8846
1,4,0.03600808,2,4,0.002736206,3,4,0.0023701485,-2192.1022,0.82228869,-1.6247293,-2189.6551
1,4,0.052257003,2,4,0.0081854326,3,4,0.0056354926,-2190.4724,1.3215586,-1.9123825,-2187.2384
1,4,0.055713926,2,4,0.0037382162,3,4,0.0033189818,-2188.6705,1.2554225,-0.35082347,-2187.0643
1,4,0.047323874,2,4,0.0064867404,3,4,0.010223948,-2192.5196,1.2806913,-4.1359085,-2187.103
1,4,0.058059792,2,4,0.0050301261,3,4,0.0058396263,-2189.6578,1.3785909,-0.97191332,-2187.3073
1,4,0.053071387,2,4,0.0050773298,3,4,0.002689367,-2188.7199,1.2167617,-0.33998408,-2187.1631
1,4,0.063578249,2,4,0.00097893444,3,4,0.0020806467,-2195.2617,1.3327566,-2.6555655,-2191.2734
1,4,0.032417759,2,4,0.0047725942,3,4,0.0069553707,-2194.422,0.88291447,-2.8294556,-2190.7097
1,4,0.056742343,2,4,0.009453924,3,4,0.0030237704,-2191.6406,1.3844008,-3.0161474,-2187.24
1,4,0.059978605,2,4,0.0032047385,3,4,0.00075563018,-2194.1231,1.2787795,-1.8280154,-2191.0163
1,4,0.045008422,2,4,0.0038563301,3,4,0.0018062556,-2189.636,1.0134202,-0.54776016,-2188.0748
1,4,0.054752818,2,4,0.007494808,3,4,0.00030357925,-2196.1438,1.2510241,-2.3163001,-2192.5765
1,4,0.048652123,2,4,0.0086365268,3,4,0.0047391575,-2190.3531,1.2405561,-1.9656317,-2187.1469
1,4,0.051605263,2,4,0.0062394109,3,4,0.0041606378,-2188.7471,1.2401062,-0.48533075,-2187.0217
1,4,0.045881867,2,4,0.0014104142,3,4,0.0017234191,-2192.1594,0.980314,-1.186009,-2189.993
1,4,0.048245564,2,4,0.0049784412,3,4,0.0019318304,-2189.2461,1.1031167,-0.43669981,-2187.7063
1,4,0.051311516,2,4,0.0067629444,3,4,0.0048835417,-2189.1643,1.25916,-0.79593019,-2187.1092
1,4,0.052160192,2,4,0.0039159635,3,4,0.0040836047,-2188.1318,1.2031952,-0.064354295,-2186.8643
1,4,0.047016565,2,4,0.0017256631,3,4,0.0069868271,-2190.4236,1.1145811,-1.1825957,-2188.1264
1,4,0.046441942,2,4,0.0048223115,3,4,0.0024081959,-2188.7881,1.073449,-0.31597922,-2187.3987
1,4,0.062641758,2,4,0.0018287628,3,4,0.0046140043,-2191.4582,1.3816905,-1.7137232,-2188.3628
1,4,0.033475556,2,4,0.0035462287,3,4,0.0049537001,-2192.6818,0.8395097,-1.837433,-2190.0049
1,4,0.041415465,2,4,3.7051992e-05,3,4,0.0012678357,-2210.0832,0.85440705,-2.5811121,-2206.6477
1,4,0.065922681,2,4,0.0052400778,3,4,0.00029923269,-2198.3406,1.4292398,-3.2536465,-2193.6578
1,4,0.049064874,2,4,0.0027591462,3,4,0.0049855027,-2188.4627,1.1361905,-0.20538379,-2187.1211
1,4,0.048342069,2,4,0.0066671249,3,4,0.0046822726,-2189.0015,1.1938293,-0.68774323,-2187.1199
1,4,0.041930426,2,4,0.009546497,3,4,0.0041091122,-2191.7916,1.1117207,-3.0616972,-2187.6181
1,4,0.044601286,2,4,0.0017959728,3,4,0.0063707582,-2190.2663,1.0553603,-1.000642,-2188.2103
1,4,0.049682529,2,4,0.0035961261,3,4,0.0021873089,-2188.8909,1.1093193,-0.31068253,-2187.4709
1,4,0.042380278,2,4,0.0040818587,3,4,0.0031939615,-2188.8621,0.99312197,-0.38316697,-2187.4858
1,4,0.044592608,2,4,0.0051202832,3,4,0.0029931642,-2188.6984,1.0541211,-0.33207378,-2187.3122
1,4,0.043019062,2,4,0.00079845816,3,4,0.0029757767,-2193.3566,0.93586594,-1.2951189,-2191.1256
1,4,0.037606724,2,4,0.0037298721,3,4,0.0059694098,-2190.8047,0.94612012,-1.2861793,-2188.5724
1,4,0.045007202,2,4,0.002299571,3,4,0.0018448466,-2190.4345,0.98303239,-0.82510061,-2188.6263
1,4,0.048262439,2,4,0.0016655854,3,4,0.0043523372,-2189.6068,1.0856072,-0.48323422,-2188.0379
1,4,0.049283771,2,4,0.0085058425,3,4,0.0057446613,-2190.6376,1.2706855,-2.1323234,-2187.2346
1,4,0.043977593,2,4,0.001583066,3,4,0.004602894,-2190.2003,1.0032711,-0.71608965,-2188.481
1,4,0.045100058,2,4,0.0052680079,3,4,0.0054477111,-2188.8219,1.1163155,-0.46326152,-2187.2423
1,4,0.044246387,2,4,0.0032798856,3,4,9.6082671e-05,-2200.9007,0.9524471,-1.5805676,-2198.3677
1,4,0.040102627,2,4,0.0014286669,3,4,0.0062881059,-2191.9695,0.95638799,-1.5463647,-2189.4668
1,4,0.0582863,2,4,0.0023049247,3,4,0.0032692809,-2189.9012,1.2772101,-0.89993868,-2187.7241
1,4,0.046661154,2,4,0.0050066096,3,4,0.0034109871,-2188.3062,1.101575,-0.15551306,-2187.0491
1,4,0.050588027,2,4,0.0021294341,3,4,0.0061642265,-2189.4193,1.1776337,-0.68115839,-2187.5605
1,4,0.031870856,2,4,7.1659109e-05,3,4,0.0087368977,-2206.7304,0.81358825,-5.198762,-2200.718
1,4,0.056988294,2,4,0.0097352585,3,4,0.0048065418,-2192.0271,1.4306019,-3.4142914,-2187.1822
1,4,0.030512399,2,4,0.0096350228,3,4,0.004582585,-2197.8837,0.89460014,-5.3032734,-2191.6859
1,4,0.041125265,2,4,0.00059832963,3,4,0.0036145053,-2194.7023,0.90676199,-1.4987111,-2192.2968
1,4,0.056464782,2,4,0.003833751,3,4,0.0078480669,-2190.3042,1.362932,-1.6675618,-2187.2737
1,4,0.049983726,2,4,0.0070758291,3,4,0.0052879242,-2189.4405,1.2469496,-1.0228608,-2187.1706
1,4,0.039795231,2,4,0.0029142483,3,4,0.0062188359,-2190.2987,0.9785663,-1.1269448,-2188.1932
1,4,0.057147571,2,4,0.0016573731,3,4,0.0060294547,-2190.7576,1.296688,-1.2334619,-2188.2275
1,4,0.054399596,2,4,0.0011609102,3,4,0.0023240745,-2192.1611,1.1576916,-1.1990207,-2189.8044
1,4,0.039670558,2,4,0.0033308875,3,4,0.0019912502,-2190.7045,0.89985391,-1.0473837,-2188.7572
1,4,0.048072275,2,4,0.00019668776,3,4,0.0044736554,-2197.3958,1.0548524,-1.269954,-2195.071
1,4,0.052712766,2,4,0.0056501965,3,4,0.0051793986,-2188.7946,1.2708472,-0.47178484,-2187.052
1,4,0.052598326,2,4,0.0019577702,3,4,0.0058596734,-2189.6181,1.2083154,-0.70472678,-2187.705
1,4,0.038473988,2,4,0.0007593917,3,4,0.0023245014,-2195.5502,0.83115762,-2.0396547,-2192.6794
1,4,0.052972379,2,4,0.0030639875,3,4,0.0020389841,-2189.4558,1.161507,-0.53519248,-2187.7591
1,4,0.067560003,2,4,0.0017523047,3,4,0.0019128719,-2194.6973,1.4245036,-3.2687943,-2190.004
1,4,0.059932621,2,4,0.0065917786,3,4,0.0059424718,-2190.8573,1.4493374,-1.7979804,-2187.61
1,4,0.031052801,2,4,0.0010429807,3,4,0.0037824812,-2197.696,0.71756526,-3.1020169,-2193.8764
1,4,0.048174351,2,4,0.0024425372,3,4,0.007455243,-2189.8306,1.1614426,-1.1978148,-2187.4714
1,4,0.039009085,2,4,0.0018304953,3,4,0.001979762,-2192.3367,0.85638685,-1.5529102,-2189.9274
1,4,0.05571318,2,4,0.0054161697,3,4,0.0046262168,-2188.9288,1.3151113,-0.52292885,-2187.0908
1,4,0.053650371,2,4,0.0014368645,3,4,0.0086536696,-2192.0912,1.2748181,-2.4649822,-2188.3514
1,4,0.057061181,2,4,0.0033536981,3,4,0.0058226386,-2189.3032,1.3247504,-0.75469154,-2187.2237
1,4,0.054182742,2,4,0.0054597692,3,4,0.0019263552,-2189.6733,1.2313773,-0.69949473,-2187.7425
1,4,0.03857432,2,4,0.0045019529,3,4,0.0023260764,-2190.5921,0.90804699,-1.0517654,-2188.6323
1,4,0.052623354,2,4,0.0085997413,3,4,0.0014803079,-2191.8491,1.2540681,-2.339255,-2188.2558
1,4,0.051062326,2,4,0.0039365649,3,4,0.0056285655,-2188.4255,1.2125491,-0.25707707,-2186.9559
1,4,0.057877537,2,4,0.004307618,3,4,0.0090347565,-2191.5084,1.4243982,-2.7816525,-2187.3024
1,4,0.055467478,2,4,0.0027883446,3,4,0.004866985,-2188.9268,1.2624562,-0.46257567,-2187.2017
1,4,0.053308239,2,4,0.0034933343,3,4,0.00070940719,-2193.0678,1.1502196,-1.10603,-2190.8115
1,4,0.054708609,2,4,0.0049899438,3,4,0.0084529421,-2190.6887,1.3630299,-2.0907483,-2187.2349
1,4,0.04683764,2,4,0.005715753,3,4,0.0035989882,-2188.5084,1.1230476,-0.30029338,-2187.085
1,4,0.041474336,2,4,0.0038051644,3,4,0.0057640934,-2189.3808,1.0208719,-0.6911251,-2187.6688
1,4,0.04634098,2,4,0.0024812493,3,4,0.0087047215,-2190.7747,1.150539,-2.1058644,-2187.5183
1,4,0.041552531,2,4,0.0019372728,3,4,0.0007257586,-2195.3216,0.88431126,-1.8008231,-2192.6365
1,4,0.049199058,2,4,0.0084931156,3,4,0.00083262162,-2193.406,1.1704959,-2.4597617,-2189.7758
1,4,0.055907118,2,4,0.0032664543,3,4,0.0013222073,-2191.1271,1.2099156,-1.0151579,-2188.902
1,4,0.059224958,2,4,0.0054058305,3,4,0.0024002571,-2190.0609,1.3406209,-1.0812751,-2187.639
1,4,0.05324656,2,4,0.0070224324,3,4,0.00062777837,-2193.6893,1.2179354,-1.7787136,-2190.6926
1,4,0.053444438,2,4,0.0051131004,3,4,0.0010859465,-2191.2824,1.1928697,-0.93583444,-2189.1537
1,4,0.053156036,2,4,0.0040626977,3,4,0.0015332595,-2190.0464,1.1750399,-0.63959676,-2188.2318
1,4,0.042609649,2,4,0.0042037651,3,4,0.0019559932,-2189.803,0.97538814,-0.66777944,-2188.1598
1,4,0.040873581,2,4,0.0017489939,3,4,0.0039047609,-2190.5898,0.93054672,-0.93441433,-2188.7248
1,4,0.061025889,2,4,0.0041221458,3,4,0.00784522,-2191.3435,1.4598651,-2.2972222,-2187.5864
1,4,0.051827468,2,4,0.0030515014,3,4,0.0031392338,-2188.4662,1.1603641,-0.20257722,-2187.1033
1,4,0.046442368,2,4,0.0042152489,3,4,0.0025695784,-2188.5857,1.0645439,-0.23095635,-2187.2902
1,4,0.055865242,2,4,0.0019245055,3,4,0.0056393074,-2189.9892,1.2685811,-0.8882647,-2187.8324
1,4,0.063327041,2,4,0.00087593675,3,4,0.0015685637,-2196.6803,1.3154308,-2.8756619,-2192.4892
1,4,0.037460959,2,4,0.0033578512,3,4,0.0013643518,-2192.7854,0.84366324,-1.6349412,-2190.3068
1,4,0.054437063,2,4,0.0013212854,3,4,0.0043675896,-2190.6865,1.2025188,-0.82315502,-2188.6608
1,4,0.051095798,2,4,0.0036669148,3,4,0.00097438637,-2191.5913,1.114742,-0.84490499,-2189.6317
1,4,0.040412395,2,4,0.0054506966,3,4,0.008329732,-2191.6131,1.0838565,-2.440139,-2188.0891
1,4,0.040778173,2,4,0.0010341348,3,4,0.0033150609,-2192.6581,0.90254737,-1.3335621,-2190.422
1,4,0.065028304,2,4,0.0017077676,3,4,0.0058055346,-2192.6613,1.4508321,-2.4757468,-2188.7347
1,4,0.051031332,2,4,0.0017915863,3,4,0.007560483,-2190.602,1.207668,-1.4640513,-2187.9303
1,4,0.033658917,2,4,0.0055210058,3,4,0.0035627409,-2192.7457,0.85485327,-1.9146316,-2189.9762
1,4,0.036343873,2,4,0.0029740034,3,4,0.0034379088,-2191.162,0.8551157,-1.2928214,-2189.0141
1,4,0.058105815,2,4,0.0080163598,3,4,0.0021106028,-2191.3929,1.3646555,-2.187857,-2187.8404
1,4,0.050638709,2,4,0.00068467919,3,4,0.004298318,-2192.8335,1.1124341,-0.97123308,-2190.7498
1,4,0.048202271,2,4,0.0019630421,3,4,0.0043713018,-2189.132,1.0907323,-0.37249795,-2187.6688
1,4,0.057399247,2,4,0.0018154276,3,4,0.0070416919,-2191.0359,1.3251273,-1.6260118,-2188.0848
1,4,0.048979667,2,4,0.00097861171,3,4,0.0082952001,-2192.8222,1.1650696,-2.2526732,-2189.4045
1,4,0.044428908,2,4,0.0045457099,3,4,0.0046029412,-2188.4624,1.0715512,-0.22123636,-2187.1696
1,4,0.036602288,2,4,0.0069930404,3,4,0.0090961382,-2194.5359,1.0538293,-4.3518563,-2189.1302
1,4,0.046897651,2,4,0.0051978564,3,4,0.0043312341,-2188.3206,1.1285348,-0.17602876,-2187.0161
1,4,0.032447933,2,4,0.0081880975,3,4,0.0039605282,-2195.1148,0.89193116,-3.5077074,-2190.7151
1,4,0.074426517,2,4,0.00063509077,3,4,0.0059932939,-2199.4626,1.621098,-5.7732535,-2192.0683
1,4,0.040764268,2,4,0.0064910862,3,4,0.0036703501,-2189.9378,1.0185141,-1.0406783,-2187.8786
1,4,0.067804578,2,4,0.00096051738,3,4,0.0040885101,-2195.304,1.4570721,-3.2620633,-2190.5849
1,4,0.05182236,2,4,0.0022908391,3,4,0.008561123,-2190.7569,1.2534864,-2.0295644,-2187.4739
1,4,0.052707178,2,4,0.0028369835,3,4,0.0089806281,-2190.8033,1.2904958,-2.3056073,-2187.2072
1,4,0.052138292,2,4,0.0064550552,3,4,0.0039925106,-2188.8853,1.2517172,-0.5869553,-2187.0466
1,4,0.048647496,2,4,0.0071068929,3,4,0.0036808733,-2189.1498,1.1887052,-0.83956406,-2187.1216
1,4,0.046918462,2,4,0.003735986,3,4,0.0043360446,-2188.1126,1.0998099,-0.051189824,-2186.9616
1,4,0.050834182,2,4,0.0044597301,3,4,0.0043941099,-2188.1103,1.1937604,-0.053834952,-2186.8627
1,4,0.043748145,2,4,0.0029964645,3,4,0.0052300404,-2188.8684,1.039493,-0.41425359,-2187.4147
1,4,0.066497188,2,4,0.00076799877,3,4,0.0070035212,-2196.0256,1.4853742,-3.7110846,-2190.8291
1,4,0.053325781,2,4,0.00608517,3,4,0.0040889303,-2188.8133,1.2699976,-0.50366938,-2187.0396
1,4,0.050284347,2,4,0.0076341235,3,4,0.0032236202,-2189.5617,1.2228418,-1.1772911,-2187.1615
1,4,0.052608001,2,4,0.0020261636,3,4,0.009889032,-2192.0706,1.2904639,-3.3143968,-2187.4658
1,4,0.056732435,2,4,0.0016632369,3,4,0.0017535028,-2192.0675,1.2029835,-1.3836329,-2189.4808
1,4,0.054539991,2,4,0.0022359797,3,4,0.0048950151,-2189.2249,1.2334197,-0.52745038,-2187.464
1,4,0.040601268,2,4,0.004269959,3,4,0.0039038915,-2189.2056,0.97550236,-0.52725407,-2187.7029
1,4,0.044693599,2,4,0.0027023071,3,4,0.0011984306,-2191.6086,0.97188673,-1.0178931,-2189.6188
1,4,0.057904791,2,4,0.0023051669,3,4,0.0077325978,-2191.0138,1.3588511,-1.9340762,-2187.7209
1,4,0.043212814,2,4,0.0023324081,3,4,0.0046136783,-2189.2734,1.003178,-0.51561094,-2187.7546
1,4,0.036837854,2,4,0.0018284947,3,4,0.0040582407,-2191.9619,0.85449178,-1.4889562,-2189.6185
1,4,0.055568605,2,4,0.0018243607,3,4,0.0025722427,-2190.4627,1.1993042,-0.91748645,-2188.3459
1,4,0.048679599,2,4,0.0032787886,3,4,0.0048532582,-2188.2131,1.1362329,-0.10396737,-2186.9729
1,4,0.047842358,2,4,0.006034466,3,4,0.0035263162,-2188.6033,1.1480628,-0.38047673,-2187.0748
1,4,0.036069329,2,4,0.0033423251,3,4,0.0059835366,-2191.5949,0.90790382,-1.5816413,-2189.1053
1,4,0.046258881,2,4,0.0071567384,3,4,0.0082370597,-2191.3719,1.2330536,-2.6603623,-2187.4785
1,4,0.037296119,2,4,0.0030729951,3,4,0.0036162366,-2190.629,0.879707,-1.0918265,-2188.6575
1,4,0.050045946,2,4,0.0011184998,3,4,0.0043161675,-2190.9487,1.1096123,-0.72865899,-2189.1104
1,4,0.052639594,2,4,0.0013653465,3,4,0.0049688168,-2190.431,1.1794752,-0.74316177,-2188.5083
1,4,0.051662462,2,4,0.0043542871,3,4,0.0012338356,-2190.6401,1.1450117,-0.70835327,-2188.7868
1,4,0.057851448,2,4,0.0035234929,3,4,0.0052875469,-2189.2273,1.3332498,-0.6917827,-2187.2022
1,4,0.050415736,2,4,0.004249154,3,4,0.0024427146,-2188.5954,1.1421521,-0.22204422,-2187.2313
1,4,0.039681132,2,4,0.0010369603,3,4,0.0065563056,-2193.3253,0.94548795,-1.8838616,-2190.496
1,4,0.043678632,2,4,0.0059531323,3,4,0.0041387043,-2188.9919,1.0754094,-0.55096387,-2187.3655
1,4,0.033138976,2,4,0.0085644147,3,4,0.0023289697,-2195.4784,0.8806472,-3.7876526,-2190.8101
1,4,0.059455912,2,4,0.0085606381,3,4,0.0017299037,-2192.4939,1.3949291,-2.8825966,-2188.2164
1,4,0.056658164,2,4,0.0052406125,3,4,0.0053311657,-2189.2391,1.3445988,-0.70668501,-2187.1878
1,4,0.037994545,2,4,0.0047125111,3,4,0.0038467351,-2190.194,0.93107583,-0.92987566,-2188.3331
1,4,0.05930691,2,4,0.0018388402,3,4,0.0045460749,-2190.5553,1.3138365,-1.1474352,-2188.094
1,4,0.035361887,2,4,0.0055393662,3,4,0.0038035993,-2191.7112,0.89409704,-1.556871,-2189.2603
1,4,0.044901543,2,4,0.0023850716,3,4,0.0059601014,-2189.3503,1.0649343,-0.65505843,-2187.6303
1,4,0.04769816,2,4,0.0042111449,3,4,0.0055250644,-2188.3826,1.1486874,-0.22704656,-2187.0068
1,4,0.054378875,2,4,0.0064257529,3,4,0.00010087898,-2198.3028,1.2181101,-1.9123238,-2195.1724
1,4,0.055924258,2,4,0.0026726384,3,4,0.0041988714,-2188.9884,1.2559154,-0.47718489,-2187.2553
1,4,0.042318096,2,4,0.0049816082,3,4,0.002561611,-2189.335,0.9972263,-0.57959264,-2187.7582
1,4,0.058098228,2,4,0.0038200618,3,4,0.004298225,-2189.032,1.3243303,-0.5742214,-2187.1334
1,4,0.049907035,2,4,0.0041750673,3,4,0.0017074842,-2189.5103,1.1157917,-0.4586408,-2187.9359
1,4,0.052824483,2,4,0.0072202055,3,4,0.0005941348,-2193.9151,1.2127765,-1.8737796,-2190.8286
1,4,0.067720466,2,4,0.0028313856,3,4,0.0059911077,-2192.6276,1.5308592,-2.8761506,-2188.2206
1,4,0.051996726,2,4,0.0052336227,3,4,0.0056579984,-2188.7571,1.257767,-0.45494162,-2187.0444
1,4,0.057690809,2,4,0.0018420801,3,4,0.0051160044,-2190.2874,1.2929779,-1.0011333,-2187.9933
1,4,0.042491549,2,4,0.0060896623,3,4,0.0016335689,-2190.7957,1.0042956,-1.1242755,-2188.6671
1,4,0.049701128,2,4,0.0043361936,3,4,0.0042569507,-2188.0438,1.1658854,-0.018692178,-2186.8593
1,4,0.043892609,2,4,0.0024208248,3,4,0.0056201744,-2189.3378,1.0386722,-0.61430286,-2187.6848
1,4,0.04291138,2,4,0.0088789176,3,4,0.0039478331,-2191.017,1.1147626,-2.3496577,-2187.5525
1,4,0.043823178,2,4,0.0098964175,3,4,0.0094562565,-2194.8172,1.263517,-6.226081,-2187.3276
1,4,0.038593745,2,4,0.0028613964,3,4,0.0061711939,-2190.7326,0.9525267,-1.2878892,-2188.4922
1,4,0.048336599,2,4,0.0079624768,3,4,0.0028068506,-2189.9281,1.1821185,-1.4392412,-2187.3068
1,4,0.061937126,2,4,0.0065925162,3,4,0.0065050877,-2191.6958,1.5006946,-2.3694137,-2187.8257
1,4,0.048809399,2,4,0.0064691434,3,4,0.0035817997,-2188.7892,1.1772068,-0.53434152,-2187.0777
1,4,0.043344565,2,4,0.0038037933,3,4,0.0049679224,-2188.6791,1.0423256,-0.32392434,-2187.3129
1,4,0.04819921,2,4,0.0041819798,3,4,0.002377145,-2188.6476,1.0951667,-0.23486247,-2187.3176
1,4,0.05433962,2,4,0.0043064045,3,4,0.0084612972,-2190.4659,1.3421464,-1.9550648,-2187.1687
1,4,0.036124998,2,4,0.00043401579,3,4,0.00636072,-2198.0781,0.85839468,-2.7006497,-2194.5191
1,4,0.055637902,2,4,0.0054594207,3,4,0.0081555805,-2190.7878,1.3850581,-2.066568,-2187.3362
1,4,0.049078576,2,4,0.0057292868,3,4,0.0022224963,-2189.11,1.1406072,-0.49747994,-2187.4719
1,4,0.062040481,2,4,0.0029381805,3,4,0.0068432397,-2191.1217,1.436438,-1.9435848,-2187.7416
1,4,0.038352212,2,4,0.0051954922,3,4,0.0029744586,-2190.3785,0.93044326,-1.0304336,-2188.4177
1,4,0.043102441,2,4,0.0015451843,3,4,0.0032268102,-2190.6321,0.95748871,-0.86295233,-2188.8116
1,4,0.035459722,2,4,0.00077097898,3,4,0.0069989308,-2196.5349,0.86459263,-2.9098055,-2192.7605
1,4,0.040758933,2,4,0.0027903357,3,4,0.00044868839,-2196.5732,0.87995913,-1.7822662,-2193.911
1,4,0.05092206,2,4,0.0052753112,3,4,0.004511533,-2188.3416,1.2141781,-0.19423371,-2186.9332
1,4,0.053647916,2,4,0.0028343109,3,4,0.001426245,-2190.8019,1.1581694,-0.87302732,-2188.7707
1,4,0.040718946,2,4,0.0035015458,3,4,0.0028085059,-2189.5339,0.94057995,-0.65918101,-2187.9342
1,4,0.063136855,2,4,0.001750159,3,4,0.0031014,-2192.0023,1.3597683,-1.9164983,-2188.726
1,4,0.055337049,2,4,0.0050743197,3,4,0.0028607282,-2188.9114,1.2654419,-0.46647605,-2187.1795
1,4,0.047636315,2,4,0.0044002052,3,4,0.0019802733,-2189.1238,1.0803359,-0.37563825,-2187.6679
1,4,0.04451534,2,4,0.0018952391,3,4,0.0047367803,-2189.5932,1.0229472,-0.56985547,-2188.0004
1,4,0.042148003,2,4,0.0046214541,3,4,0.0037930525,-2188.8507,1.0112502,-0.3852144,-2187.4542
1,4,0.056903288,2,4,9.733097e-06,3,4,0.0043875718,-2201.9092,1.2260119,-1.8080433,-2198.8751
1,4,0.036951566,2,4,0.0018396183,3,4,0.0025764928,-2192.4725,0.82735354,-1.6806221,-2189.9645
1,4,0.046337237,2,4,0.0028445108,3,4,0.0042656674,-2188.4214,1.0689483,-0.17650634,-2187.176
1,4,0.044350517,2,4,0.00016954859,3,4,0.0067977639,-2198.1102,1.0263566,-2.0000936,-2195.0837
1,4,0.047686622,2,4,0.0040579318,3,4,0.0023857239,-2188.6601,1.0826056,-0.2413439,-2187.3361
1,4,0.042652092,2,4,0.0058065674,3,4,0.0058076705,-2189.6124,1.0853266,-0.91079107,-2187.6163
1,4,0.045367117,2,4,0.0012755598,3,4,0.0016370688,-2192.7902,0.96559491,-1.3160807,-2190.5086
1,4,0.062707741,2,4,0.0045827452,3,4,0.0045609394,-2190.3082,1.4370285,-1.3586309,-2187.5125
1,4,0.063969271,2,4,0.00081575467,3,4,0.0068412936,-2194.9604,1.4325264,-3.0340605,-2190.4938
1,4,0.062363304,2,4,0.0045948896,3,4,0.0065389618,-2190.9832,1.4699431,-1.8470766,-2187.6662
1,4,0.06222479,2,4,0.0029480239,3,4,0.0030621846,-2190.4995,1.3647,-1.3903151,-2187.7445
1,4,0.043382478,2,4,0.0057988454,3,4,0.0026419695,-2189.3286,1.0364659,-0.64992718,-2187.6422
1,4,0.048385323,2,4,0.0050322257,3,4,0.0043075813,-2188.199,1.1545026,-0.10929949,-2186.9351
1,4,0.059755174,2,4,0.0085986903,3,4,0.0042491308,-2191.5759,1.4520599,-2.6561,-2187.4677
1,4,0.03180782,2,4,0.0012367462,3,4,0.0042756332,-2196.3841,0.74640399,-2.8006609,-2192.837
1,4,0.046845715,2,4,0.0042946211,3,4,0.0001830255,-2197.7199,1.0264672,-1.3018138,-2195.3916
1,4,0.054331699,2,4,0.0034406601,3,4,0.0047254448,-2188.4919,1.2499561,-0.25748324,-2186.9845
1,4,0.062395684,2,4,0.0054501651,3,4,0.0041963384,-2190.411,1.4408437,-1.4279753,-2187.5422
1,4,0.051872379,2,4,0.0060957021,3,4,0.0018106966,-2189.8449,1.1955755,-0.79463187,-2187.8546
1,4,0.052734851,2,4,0.0023691721,3,4,0.0056379158,-2189.1085,1.2148388,-0.52535794,-2187.3683
1,4,0.055131903,2,4,0.00073356702,3,4,0.0049568968,-2192.9127,1.2164473,-1.2260129,-2190.4703
1,4,0.058772425,2,4,0.005892801,3,4,0.0053771084,-2189.9611,1.4008467,-1.1632515,-2187.397
1,4,0.052418739,2,4,0.0040837296,3,4,0.0052000446,-2188.3662,1.2340503,-0.20303021,-2186.9291
1,4,0.044306182,2,4,0.0054001645,3,4,0.0051749364,-2188.8813,1.0976257,-0.47931204,-2187.3044
1,4,0.044449616,2,4,0.0052573503,3,4,0.0042048315,-2188.5895,1.078236,-0.3024147,-2187.2088
1,4,0.06063818,2,4,0.0033658876,3,4,0.0031846633,-2189.8419,1.3437746,-1.0290966,-2187.469
1,4,0.048574797,2,4,0.0048822689,3,4,0.0043934117,-2188.165,1.1570095,-0.08811423,-2186.9198
1,4,0.040722123,2,4,0.0050494437,3,4,0.0006988729,-2193.9925,0.92940878,-1.5099648,-2191.5531
1,4,0.046645562,2,4,0.0062315904,3,4,0.0065450886,-2189.6422,1.1884448,-1.1147859,-2187.339
1,4,0.055139526,2,4,0.0066377548,3,4,0.0030693019,-2189.4413,1.2969317,-0.90286267,-2187.2415
1,4,0.05803133,2,4,0.0011314521,3,4,0.001643542,-2194.0295,1.2161265,-1.8385403,-2190.9749
1,4,0.04579434,2,4,0.0065649056,3,4,0.00635575,-2189.7968,1.1742999,-1.2129645,-2187.4095
1,4,0.052495398,2,4,0.0060748706,3,4,0.0075154695,-2190.2317,1.3217148,-1.6234841,-2187.2865
1,4,0.041850446,2,4,0.0052310441,3,4,0.0028016256,-2189.3596,0.99766232,-0.61868515,-2187.7433
1,4,0.057571034,2,4,0.004378216,3,4,0.0095312824,-2191.8618,1.4296107,-3.2137417,-2187.2185
1,4,0.047453989,2,4,0.0029871345,3,4,0.0025949179,-2188.7652,1.0607208,-0.29974035,-2187.4048
1,4,0.050608402,2,4,0.0052351902,3,4,0.0028100617,-2188.5232,1.1730731,-0.25201755,-2187.0981
1,4,0.043706815,2,4,0.0035188484,3,4,0.00090310164,-2192.408,0.96257529,-1.0863271,-2190.3591
1,4,0.050786967,2,4,0.0017757405,3,4,0.0063576679,-2189.9713,1.1784075,-0.87384575,-2187.919
1,4,0.050444999,2,4,0.0029087475,3,4,0.0081054578,-2189.996,1.2291841,-1.5352125,-2187.2316
1,4,0.045915094,2,4,0.0045271018,3,4,0.0071244999,-2189.3927,1.1513339,-0.97289805,-2187.2685
1,4,0.058227857,2,4,0.00080532797,3,4,0.0038355497,-2193.2203,1.2573747,-1.4803409,-2190.4826
1,4,0.044082676,2,4,0.0040498898,3,4,0.0053282729,-2188.662,1.0692168,-0.33910411,-2187.2537
1,4,0.035202442,2,4,0.0067892875,3,4,0.0042457904,-2192.4398,0.92475039,-2.0735711,-2189.4414
1,4,0.055390155,2,4,0.006824977,3,4,0.0027724695,-2189.7039,1.299752,-1.0569121,-2187.3473
1,4,0.055742092,2,4,0.0050449227,3,4,0.0057686757,-2189.194,1.3311138,-0.69772051,-2187.1652
1,4,0.055812302,2,4,0.0023619343,3,4,0.002813422,-2189.6043,1.2197532,-0.69196368,-2187.6926
1,4,0.046461338,2,4,0.0031020459,3,4,0.0082142324,-2190.105,1.1555523,-1.6289243,-2187.3205
1,4,0.039238705,2,4,0.0036332493,3,4,0.00082849922,-2193.9274,0.87400907,-1.6028513,-2191.4505
1,4,0.04328069,2,4,0.0049419696,3,4,0.00067986387,-2193.4304,0.97805046,-1.2460119,-2191.2063
1,4,0.057121096,2,4,0.0020544007,3,4,0.0022495502,-2190.7121,1.2285009,-1.0850123,-2188.3986
1,4,0.063548045,2,4,0.007898672,3,4,0.002958847,-2192.1962,1.4881113,-2.831613,-2187.8765
1,4,0.048991728,2,4,0.0017503434,3,4,0.005797513,-2189.7543,1.1307917,-0.67650121,-2187.947
1,4,0.032278659,2,4,0.0025424175,3,4,0.0061732451,-2194.4199,0.81988642,-2.5806603,-2191.0193
1,4,0.045938545,2,4,0.001559362,3,4,0.0025475018,-2190.6326,1.0009082,-0.82147702,-2188.8102
1,4,0.056474357,2,4,0.0046521426,3,4,0.0070315082,-2189.8873,1.3631602,-1.2436871,-2187.2804
1,4,0.037678436,2,4,0.00079234078,3,4,0.005670823,-2194.7966,0.882832,-2.0133952,-2191.9003
1,4,0.05952274,2,4,0.0014968212,3,4,0.0070923125,-2192.0286,1.3622375,-2.0498412,-2188.6165
1,4,0.045070774,2,4,0.0084993189,3,4,0.004058682,-2190.3721,1.1525755,-1.8871814,-2187.3324
1,4,0.051650193,2,4,0.0043388425,3,4,0.01036687,-2191.7669,1.3271181,-3.6227802,-2186.817
1,4,0.048445772,2,4,0.00063076037,3,4,0.0029100531,-2193.7855,1.0397317,-1.1431752,-2191.6026
1,4,0.052240986,2,4,0.0065113737,3,4,0.0033499796,-2188.9676,1.2420468,-0.63239611,-2187.0931
1,4,0.052508795,2,4,0.0037654091,3,4,0.0036749268,-2188.1897,1.1989826,-0.093476087,-2186.8973
1,4,0.043402101,2,4,0.0058104389,3,4,0.0021158103,-2189.7921,1.026567,-0.78888971,-2187.9766
1,4,0.048301748,2,4,0.001826586,3,4,0.0033629297,-2189.4711,1.0698253,-0.47024574,-2187.931
1,4,0.044799671,2,4,0.0056580112,3,4,0.0078530259,-2190.4015,1.1662142,-1.749896,-2187.4854
1,4,0.044675627,2,4,0.0066390965,3,4,0.0041831231,-2189.1939,1.1099569,-0.75882062,-2187.3251
1,4,0.039262643,2,4,0.0036335676,3,4,0.0033748371,-2189.7343,0.92542096,-0.74449885,-2188.0644
1,4,0.052718954,2,4,0.0024248908,3,4,0.0027897188,-2189.157,1.1586713,-0.45598675,-2187.5424
1,4,0.044551915,2,4,0.00089850563,3,4,0.0045692718,-2192.1307,1.0003938,-0.99880512,-2190.1315
1,4,0.05335707,2,4,0.006949413,3,4,0.0012770875,-2191.3658,1.2316714,-1.4286263,-2188.7055
1,4,0.07663814,2,4,0.004033807,3,4,0.00074513812,-2199.966,1.6283417,-6.2573255,-2192.0803
1,4,0.046503672,2,4,0.0029799966,3,4,0.0052541746,-2188.5336,1.0947569,-0.26402368,-2187.1748
1,4,0.048277157,2,4,0.0032367361,3,4,0.0066995228,-2188.993,1.1642683,-0.66939631,-2187.1593
1,4,0.05261186,2,4,0.0053419201,3,4,0.002160031,-2189.1909,1.2022762,-0.50413368,-2187.4845
1,4,0.062194897,2,4,0.0064163034,3,4,0.0063446247,-2191.5783,1.4991165,-2.2613138,-2187.8179
1,4,0.050876305,2,4,0.0080421753,3,4,0.0057243755,-2190.3195,1.2928571,-1.7903157,-2187.2363
1,4,0.046304185,2,4,0.0046289935,3,4,0.0046814827,-2188.2745,1.1122932,-0.13872167,-2187.0235
1,4,0.061245112,2,4,0.010671139,3,4,0.0053879971,-2194.0504,1.546085,-5.1953907,-2187.309
1,4,0.044097503,2,4,0.0042646825,3,4,0.0053044121,-2188.6675,1.073332,-0.34175352,-2187.2524
1,4,0.04229596,2,4,0.0038630435,3,4,0.0078003278,-2190.3521,1.0791866,-1.5919952,-2187.6809
1,4,0.056509234,2,4,0.0062271516,3,4,0.0068151041,-2190.4017,1.3910298,-1.5840978,-2187.4266
1,4,0.041545424,2,4,0.0038066025,3,4,0.0027471947,-2189.2942,0.96198443,-0.55521833,-2187.777
1,4,0.045515633,2,4,0.0025122952,3,4,0.0028981534,-2189.0416,1.0185216,-0.41395528,-2187.6091
1,4,0.056402881,2,4,0.0053084717,3,4,0.0048701575,-2189.0671,1.3316302,-0.59981973,-2187.1356
1,4,0.050993387,2,4,0.0040891642,3,4,0.0036192641,-2188.0805,1.1740363,-0.036033263,-2186.8705
1,4,0.034160099,2,4,0.0021396993,3,4,0.0024509871,-2193.6463,0.77501572,-2.1441524,-2190.7271
1,4,0.051223231,2,4,0.0089165164,3,4,0.005701315,-2190.9966,1.3168212,-2.4927174,-2187.1871
1,4,0.042581294,2,4,0.002920068,3,4,0.00094013607,-2192.7938,0.92882997,-1.2666855,-2190.5983
1,4,0.044255968,2,4,0.0040604069,3,4,0.0052735196,-2188.616,1.0717979,-0.31460469,-2187.2296
1,4,0.046630729,2,4,0.0039286477,3,4,0.0057219903,-2188.5117,1.1256273,-0.30449834,-2187.0816
1,4,0.061940374,2,4,0.0042643236,3,4,0.0030848694,-2190.1411,1.3857913,-1.2289074,-2187.5264
1,4,0.047676496,2,4,0.0043679397,3,4,0.0016963906,-2189.5631,1.0748165,-0.47910182,-2188.0092
1,4,0.05156096,2,4,0.0055847782,3,4,0.0026521898,-2188.7797,1.1959586,-0.39033637,-2187.1934
1,4,0.048843391,2,4,0.0044931611,3,4,0.0015831092,-2189.746,1.0983932,-0.51559694,-2188.132
1,4,0.05637839,2,4,0.0052596684,3,4,0.0032070273,-2189.0001,1.2969017,-0.54737097,-2187.1559
1,4,0.053861305,2,4,0.0058265315,3,4,0.0038514658,-2188.7472,1.270786,-0.44446597,-2187.0319
1,4,0.052128265,2,4,0.0035726708,3,4,0.0061861472,-2188.7632,1.2377417,-0.48540778,-2187.04
1,4,0.039481587,2,4,0.0076936927,3,4,0.0022103044,-2191.7512,0.98771168,-2.0528873,-2188.7106
1,4,0.049127918,2,4,0.0075321896,3,4,0.0040794635,-2189.4256,1.2147914,-1.0912197,-2187.1196
1,4,0.038099218,2,4,0.00043580988,3,4,0.0051077894,-2196.8654,0.87285634,-2.0376015,-2193.9549
1,4,0.060247262,2,4,0.0009676806,3,4,0.003343029,-2193.1681,1.2911594,-1.7323845,-2190.1446
1,4,0.043929951,2,4,0.0033235644,3,4,0.0057898199,-2188.9354,1.0608667,-0.50048307,-2187.3741
1,4,0.058465934,2,4,0.0040966879,3,4,0.0028427877,-2189.3715,1.3081082,-0.72624692,-2187.3372
1,4,0.063972941,2,4,0.003970511,3,4,0.0040614055,-2190.5875,1.4400972,-1.5512328,-2187.5961
1,4,0.052599213,2,4,0.0067750346,3,4,0.0022141375,-2189.7403,1.2317677,-0.9703887,-2187.5382
1,4,0.048193084,2,4,0.0065802844,3,4,0.00087843639,-2192.2852,1.1130361,-1.337177,-2189.8349
1,4,0.043381128,2,4,0.003150671,3,4,0.0069306184,-2189.6657,1.0692483,-1.0212229,-2187.5753
1,4,0.057690322,2,4,0.0013635447,3,4,0.0065050011,-2191.6282,1.3111774,-1.5908239,-2188.7262
1,4,0.043293728,2,4,0.0028522195,3,4,0.0025178051,-2189.398,0.97327504,-0.57235038,-2187.8524
1,4,0.032826357,2,4,0.0064173144,3,4,0.0024815898,-2194.1912,0.83450522,-2.558268,-2190.7984
1,4,0.063396611,2,4,0.0039953618,3,4,0.0087907614,-2192.7024,1.5236547,-3.4423077,-2187.7364
1,4,0.0418119,2,4,0.0034848465,3,4,0.0065282118,-2189.7016,1.0364992,-0.94988947,-2187.7152
1,4,0.04448511,2,4,0.0065021022,3,4,0.005517936,-2189.5133,1.130103,-0.94891058,-2187.4343
1,4,0.039677978,2,4,0.0053260233,3,4,0.0010071976,-2192.984,0.92022397,-1.5245893,-2190.5392
1,4,0.049930822,2,4,0.00096328253,3,4,0.0048306508,-2191.5065,1.1144951,-0.83975187,-2189.5523
1,4,0.036718992,2,4,0.0057277543,3,4,0.00058376706,-2196.4227,0.86061027,-2.3052376,-2193.2568
1,4,0.046265891,2,4,0.00059669977,3,4,0.0048240552,-2193.5002,1.0337329,-1.0972472,-2191.3692
1,4,0.057575628,2,4,0.0023463765,3,4,0.0027917234,-2189.9583,1.2542746,-0.88925379,-2187.8148
1,4,0.053318041,2,4,0.003334377,3,4,0.0059275634,-2188.7923,1.2515996,-0.47082297,-2187.0699
1,4,0.045446887,2,4,0.0053001383,3,4,0.001752955,-2189.8025,1.0499996,-0.64948693,-2188.103
1,4,0.044502649,2,4,0.0012306081,3,4,0.0041580498,-2190.9669,0.99782614,-0.82172903,-2189.1474
1,4,0.039806734,2,4,0.005588088,3,4,0.0057316572,-2190.2488,1.0225296,-1.1362687,-2188.09
1,4,0.048103363,2,4,0.0017770936,3,4,0.0065273436,-2190.0471,1.128156,-0.9306129,-2187.9883
1,4,0.047349447,2,4,0.0073701564,3,4,0.0033061753,-2189.4109,1.1605156,-1.0263604,-2187.2241
1,4,0.067510628,2,4,0.0056656831,3,4,0.0016439607,-2193.5633,1.4964054,-3.0551427,-2189.0117
1,4,0.036728378,2,4,0.0037446796,3,4,0.0053587706,-2190.9488,0.91663656,-1.2596753,-2188.7725
1,4,0.039378185,2,4,0.0045041882,3,4,0.0048633983,-2189.7499,0.97491542,-0.77205488,-2188.0029
1,4,0.043241289,2,4,0.010296196,3,4,0.0027902459,-2192.3132,1.1265546,-3.7397958,-2187.4469
1,4,0.041869061,2,4,0.0072530189,3,4,0.0025641322,-2190.467,1.0337242,-1.4225207,-2188.0108
1,4,0.056271794,2,4,0.0020855776,3,4,0.0024434077,-2190.3046,1.2160156,-0.92318623,-2188.1654
1,4,0.049890578,2,4,0.001161492,3,4,0.0040155534,-2190.8359,1.1013525,-0.70709446,-2189.0275
1,4,0.035610046,2,4,0.0031838496,3,4,0.0020428969,-2192.4465,0.81673585,-1.7155374,-2189.9142
1,4,0.040087785,2,4,0.0061903432,3,4,0.0043354919,-2190.009,1.0122724,-1.021192,-2187.9755
1,4,0.045932499,2,4,0.00031833087,3,4,0.004923139,-2195.8891,1.0234794,-1.2918526,-2193.5738
1,4,0.05306682,2,4,0.003322149,3,4,0.0029482634,-2188.5562,1.1867447,-0.25190154,-2187.1175
1,4,0.052165761,2,4,0.00487048,3,4,0.0046542016,-2188.3256,1.2338089,-0.17398951,-2186.9178
1,4,0.057660487,2,4,0.0048722936,3,4,9.5751294e-05,-2199.2051,1.2525706,-1.8605252,-2196.092
1,4,0.042765018,2,4,0.0061541383,3,4,0.00015756473,-2198.5079,0.98153443,-1.8815767,-2195.6448
1,4,0.042285203,2,4,0.0032034914,3,4,0.0017258447,-2190.4475,0.94429078,-0.86470774,-2188.6385
1,4,0.045366486,2,4,0.0015941687,3,4,0.0015947733,-2192.0356,0.97110856,-1.1830333,-2189.8815
1,4,0.056916629,2,4,0.0036353399,3,4,0.0040980714,-2188.8006,1.2930008,-0.43666591,-2187.0709
1,4,0.04530268,2,4,0.0077769831,3,4,0.003470412,-2189.8324,1.1310015,-1.3491411,-2187.3523
1,4,0.053675493,2,4,0.0054774813,3,4,0.005969772,-2189.1559,1.3024549,-0.70930875,-2187.1441
1,4,0.056212071,2,4,0.0025933256,3,4,0.0033414181,-2189.213,1.2429363,-0.57223341,-2187.3978
1,4,0.051990226,2,4,0.0051271791,3,4,0.0046598852,-2188.388,1.2355458,-0.21419384,-2186.9383
1,4,0.048050553,2,4,0.0048343599,3,4,0.0053021513,-2188.4004,1.1637413,-0.23137517,-2187.0052
1,4,0.059098781,2,4,0.0029534878,3,4,0.0032307888,-2189.609,1.3056612,-0.85380321,-2187.4495
1,4,0.045874037,2,4,0.0051859151,3,4,0.0081102344,-2190.2652,1.1834037,-1.7352383,-2187.3466
1,4,0.043654915,2,4,0.0043804883,3,4,0.0083245245,-2190.5048,1.1271985,-1.8820575,-2187.4956
1,4,0.056437912,2,4,0.0033534034,3,4,0.00296325,-2189.0137,1.2550913,-0.51112709,-2187.2475
1,4,0.044622222,2,4,0.0033880188,3,4,0.0046111185,-2188.4471,1.0524272,-0.20797566,-2187.1867
1,4,0.04834581,2,4,0.00085703286,3,4,0.0016313855,-2194.2809,1.0166846,-1.4468271,-2191.8174
1,4,0.051326459,2,4,0.00033488019,3,4,0.005627174,-2195.4091,1.1457703,-1.3657262,-2192.8976
1,4,0.052809985,2,4,0.0049498132,3,4,0.0051643496,-2188.5451,1.258483,-0.30476882,-2186.9819
1,4,0.042963894,2,4,0.0015990175,3,4,0.0043851332,-2190.3429,0.97896089,-0.77889918,-2188.5851
1,4,0.043612125,2,4,0.0065185972,3,4,0.0055583928,-2189.6815,1.1137823,-1.0318426,-2187.5359
1,4,0.05000662,2,4,0.0047507031,3,4,0.0065646641,-2188.962,1.2264397,-0.65315081,-2187.0825
1,4,0.048212849,2,4,0.0052229715,3,4,0.00095349109,-2191.5922,1.0877862,-0.89943128,-2189.605
1,4,0.055419606,2,4,0.0098247105,3,4,0.0057786705,-2192.2367,1.4204597,-3.6383906,-2187.1779
1,4,0.03098782,2,4,0.0057468177,3,4,0.0035920405,-2194.7969,0.80653355,-2.6136917,-2191.3767
1,4,0.045368936,2,4,0.0032920418,3,4,0.0011754436,-2191.2187,0.99672843,-0.86606224,-2189.3559
1,4,0.033459669,2,4,0.0084686259,3,4,0.006428149,-2195.4735,0.96712888,-4.1351352,-2190.3712
1,4,0.036787136,2,4,0.0067680779,3,4,0.0076288908,-2193.1834,1.0236821,-3.0255303,-2189.1342
1,4,0.030076304,2,4,0.0085642452,3,4,0.0066742839,-2198.3017,0.90629666,-5.1700097,-2192.2254
1,4,0.033168847,2,4,0.0021743457,3,4,0.0045573647,-2193.6094,0.79801116,-2.1204679,-2190.6909
1,4,0.048242657,2,4,0.0019700528,3,4,0.003660465,-2189.1705,1.0774635,-0.38468132,-2187.7084
1,4,0.04797226,2,4,0.0047767738,3,4,0.0048129409,-2188.2378,1.1512395,-0.12844303,-2186.9581
1,4,0.0391902,2,4,0.0040325322,3,4,0.0028655895,-2189.9319,0.92176644,-0.81783705,-2188.1923
1,4,0.066824363,2,4,0.0056121896,3,4,0.0054536109,-2192.2683,1.5578033,-2.6477145,-2188.0628
1,4,0.045304804,2,4,0.006376203,3,4,0.0011286032,-2191.5987,1.0561922,-1.2329676,-2189.3096
1,4,0.043959181,2,4,0.007806765,3,4,0.0051510081,-2190.2866,1.1383391,-1.6248221,-2187.5234
1,4,0.050469354,2,4,0.0046899303,3,4,0.0015469298,-2189.8486,1.1341243,-0.55595846,-2188.1585
1,4,0.046863612,2,4,0.0059623772,3,4,0.0039425871,-2188.5993,1.1353715,-0.37192614,-2187.092
1,4,0.043109439,2,4,0.0048456005,3,4,0.0060096173,-2189.2552,1.0792931,-0.69637574,-2187.4796
1,4,0.054806502,2,4,0.0044951252,3,4,0.00049547578,-2194.3015,1.1959421,-1.2932195,-2191.8123
1,4,0.051978537,2,4,0.005856996,3,4,0.0027688283,-2188.8458,1.2120872,-0.45930864,-2187.1744
1,4,0.045297836,2,4,0.0048333436,3,4,0.0054238059,-2188.6519,1.1110997,-0.35871527,-2187.1821
1,4,0.048823942,2,4,0.0035390808,3,4,0.0036073606,-2188.0836,1.1194077,-0.034992127,-2186.9292
1,4,0.052172385,2,4,0.0034827003,3,4,0.0073588778,-2189.4433,1.2602793,-1.0534731,-2187.1296
1,4,0.048388303,2,4,0.005504621,3,4,0.0089402642,-2190.8794,1.2566638,-2.4251301,-2187.1976
1,4,0.051291616,2,4,0.0052923726,3,4,0.0033712161,-2188.3662,1.1991041,-0.20110912,-2186.966
1,4,0.047774176,2,4,0.0048517557,3,4,0.0050851438,-2188.3417,1.1542215,-0.19152895,-2186.9959
1,4,0.043851844,2,4,0.0062830392,3,4,0.0026772683,-2189.44,1.056243,-0.76990687,-2187.6138
1,4,0.055699789,2,4,0.0097828963,3,4,0.0033624992,-2191.664,1.3769037,-3.2071175,-2187.08
1,4,0.028875704,2,4,0.0040169963,3,4,0.0036672104,-2196.2845,0.73119821,-2.9277692,-2192.6255
1,4,0.067415106,2,4,0.0042770267,3,4,0.0033252555,-2191.8705,1.5003478,-2.3990318,-2187.9711
1,4,0.034024173,2,4,0.0040540719,3,4,0.0038127926,-2192.1632,0.83782075,-1.6287223,-2189.6966
1,4,0.038571543,2,4,0.0036094166,3,4,0.0081975826,-2191.7828,1.0075708,-2.3277537,-2188.4475
1,4,0.055971929,2,4,0.0044057115,3,4,0.0038037338,-2188.6371,1.2836275,-0.34359055,-2187.0099
1,4,0.046048541,2,4,0.0010960876,3,4,0.005219442,-2191.2695,1.0472814,-0.89327168,-2189.329
1,4,0.062092916,2,4,0.0010488448,3,4,0.0025839661,-2193.9026,1.3145145,-2.1663743,-2190.4217
1,4,0.049679542,2,4,0.0041695337,3,4,0.0055848062,-2188.3743,1.1886776,-0.22782486,-2186.9578
1,4,0.049275075,2,4,0.0027934729,3,4,0.0043831418,-2188.3385,1.1290338,-0.13495214,-2187.0745
1,4,0.056193022,2,4,0.0067485228,3,4,0.0045262278,-2189.6354,1.3493555,-1.0493468,-2187.2367
1,4,0.059185658,2,4,0.0019498258,3,4,0.0023842306,-2191.1563,1.2703943,-1.3432633,-2188.5426
1,4,0.046661469,2,4,0.0035589284,3,4,0.0043195235,-2188.152,1.0907984,-0.069236006,-2186.9919
1,4,0.04725092,2,4,0.0016904473,3,4,0.010221314,-2192.711,1.1832536,-3.6989558,-2187.8288
1,4,0.049139405,2,4,0.0054380103,3,4,0.0014444109,-2190.1961,1.1204365,-0.70347566,-2188.3722
1,4,0.047304705,2,4,0.0030321921,3,4,0.0013100976,-2190.7772,1.0329399,-0.76864067,-2188.9756
1,4,0.046879917,2,4,0.0047745163,3,4,0.0055369898,-2188.5335,1.1438285,-0.31083269,-2187.0788
1,4,0.04951428,2,4,0.011683178,3,4,0.0029568056,-2192.8973,1.2830853,-5.1447167,-2186.4695
1,4,0.049293275,2,4,0.0072361918,3,4,0.0041948729,-2189.2453,1.2144868,-0.9237353,-2187.107
1,4,0.046695104,2,4,0.0072447466,3,4,0.0042082472,-2189.345,1.162962,-0.97295293,-2187.2091
1,4,0.059332849,2,4,0.0014073405,3,4,0.0078919063,-2192.6064,1.3726419,-2.5218239,-2188.7119
1,4,0.053325076,2,4,0.0042925283,3,4,0.0015592446,-2189.9981,1.183537,-0.63842803,-2188.1761
1,4,0.0438281,2,4,0.0025391481,3,4,0.0062769963,-2189.5399,1.0528849,-0.8020132,-2187.685
1,4,0.042543517,2,4,0.0032475476,3,4,0.0068630205,-2189.7694,1.0530817,-1.0510873,-2187.6652
1,4,0.039747198,2,4,0.0058110545,3,4,0.0074784168,-2191.3728,1.0607334,-2.0479938,-2188.2641
1,4,0.052323048,2,4,0.0011771445,3,4,0.0047669581,-2190.8841,1.165343,-0.79197284,-2188.9268
1,4,0.040890973,2,4,0.0059695033,3,4,0.0056977195,-2190.0762,1.0511639,-1.1161445,-2187.9089
1,4,0.056040811,2,4,0.0063329789,3,4,0.0025637561,-2189.6738,1.2987509,-0.94564553,-2187.4294
1,4,0.064207317,2,4,0.0021187496,3,4,0.0052164251,-2191.6721,1.4308498,-2.0126286,-2188.2286
1,4,0.049965811,2,4,0.0036869086,3,4,0.0064022338,-2188.7548,1.2010991,-0.5092909,-2187.0444
1,4,0.04319152,2,4,0.0040607969,3,4,0.0030685086,-2188.7406,1.0064165,-0.32856995,-2187.4056
1,4,0.053563259,2,4,0.0024319183,3,4,0.0055539038,-2189.1099,1.2309816,-0.5338993,-2187.345
1,4,0.058156032,2,4,0.00055339459,3,4,0.0019880945,-2196.4732,1.2139504,-2.044097,-2193.2151
1,4,0.042430637,2,4,0.0015762532,3,4,0.0069243363,-2191.3311,1.0186245,-1.4964483,-2188.8161
1,4,0.047017246,2,4,0.0080403252,3,4,0.0062936984,-2190.6393,1.2270254,-2.0289442,-2187.3833
1,4,0.046191621,2,4,0.0045885119,3,4,0.0050165103,-2188.3626,1.1159329,-0.19097961,-2187.0557
1,4,0.053151072,2,4,0.0027152222,3,4,0.0033007314,-2188.7121,1.1833405,-0.30942393,-2187.2193
1,4,0.06019896,2,4,0.0048540902,3,4,0.0030102053,-2189.7841,1.3612651,-0.99796072,-2187.4249
1,4,0.046407089,2,4,0.0028932128,3,4,0.0011325025,-2191.4837,1.0086561,-0.91648125,-2189.5586
1,4,0.048488413,2,4,0.0046486631,3,4,0.0039830533,-2188.0808,1.1424026,-0.03968501,-2186.8987
1,4,0.053575252,2,4,0.00015095697,3,4,0.004691958,-2198.0376,1.1683633,-1.4409233,-2195.4283
1,4,0.037564857,2,4,0.0032494293,3,4,0.0059449649,-2190.8956,0.93518502,-1.3163884,-2188.6441
1,4,0.044225672,2,4,0.0040191693,3,4,0.00457221,-2188.4342,1.056341,-0.20240645,-2187.1755
1,4,0.034092412,2,4,0.0027835279,3,4,0.0044051781,-2192.4645,0.82562236,-1.7488281,-2189.89
1,4,0.046545175,2,4,0.0077222605,3,4,0.0064182633,-2190.5133,1.213714,-1.8776425,-2187.4219
1,4,0.053292557,2,4,0.0024985061,3,4,0.0054688282,-2188.9992,1.2251978,-0.48001345,-2187.294
1,4,0.051936856,2,4,0.00080344213,3,4,0.0015083021,-2194.9651,1.084972,-1.5835324,-2192.2966
1,4,0.057446975,2,4,0.0043340907,3,4,0.0048072235,-2189.004,1.3317658,-0.55528519,-2187.1169
1,4,0.064768916,2,4,0.007022375,3,4,0.0054087382,-2192.2828,1.5440006,-2.7455049,-2187.9933
1,4,0.051826738,2,4,0.00075630489,3,4,0.0019037078,-2194.3456,1.089735,-1.4336118,-2191.8222
1,4,0.047030201,2,4,0.0013956886,3,4,0.0099838419,-2193.0447,1.1681946,-3.5638064,-2188.3127
1,4,0.066483318,2,4,0.00029035807,3,4,0.0014624556,-2203.0455,1.3647226,-3.9956015,-2197.6852
1,4,0.046497976,2,4,0.0011981281,3,4,0.0014849544,-2193.2967,0.98362117,-1.3734501,-2190.9396
1,4,0.04538285,2,4,0.0065001784,3,4,0.0026496798,-2189.3429,1.0906542,-0.76360345,-2187.4887
1,4,0.056384195,2,4,0.0045650995,3,4,0.0058809159,-2189.2267,1.3366042,-0.71949275,-2187.1706
1,4,0.043396432,2,4,0.005754886,3,4,0.0046208767,-2189.026,1.0754439,-0.55153641,-2187.399
1,4,0.050083149,2,4,0.004832786,3,4,0.0017097495,-2189.5537,1.1325137,-0.49900115,-2187.9221
1,4,0.041158283,2,4,0.0062174824,3,4,0.0037616077,-2189.6777,1.0227475,-0.88162254,-2187.7733
1,4,0.042100502,2,4,0.004768104,3,4,0.0075754171,-2190.3778,1.0888805,-1.5556863,-2187.7332
1,4,0.04172968,2,4,0.00031771431,3,4,0.0076326288,-2197.2614,0.99360047,-2.5666345,-2193.7011
1,4,0.036744452,2,4,0.0022363495,3,4,0.0049282551,-2191.552,0.87818113,-1.4215806,-2189.2522
1,4,0.048655586,2,4,0.0016050903,3,4,0.0035804687,-2189.8006,1.0768229,-0.53054509,-2188.1932
1,4,0.045180075,2,4,0.0059019368,3,4,0.0047331473,-2188.8435,1.1163032,-0.49206428,-2187.2352
1,4,0.048852436,2,4,0.0030275333,3,4,0.0047087609,-2188.2688,1.1317746,-0.11950188,-2187.0175
1,4,0.048209839,2,4,0.0040544577,3,4,0.0050759797,-2188.1971,1.1468055,-0.10924138,-2186.941
1,4,0.043956481,2,4,0.0077579441,3,4,0.0038578471,-2189.9909,1.1114454,-1.4185871,-2187.4609
1,4,0.056472773,2,4,0.0028472503,3,4,0.0055281961,-2189.2552,1.2969644,-0.67747133,-2187.2808
1,4,0.056805269,2,4,0.0024481042,3,4,0.001139863,-2192.4582,1.2078647,-1.3878893,-2189.8625
1,4,0.044894739,2,4,0.00082959856,3,4,0.0084214707,-2193.8032,1.0829162,-2.5452105,-2190.1751
1,4,0.0698327,2,4,0.0049482539,3,4,0.0058023388,-2193.3354,1.6116658,-3.4079375,-2188.3158
1,4,0.067456252,2,4,0.0097642289,3,4,0.0034278507,-2194.8264,1.6129666,-5.251542,-2187.9619
1,4,0.051780264,2,4,0.004251106,3,4,0.0023279138,-2188.7688,1.1671857,-0.29105437,-2187.3106
1,4,0.041866404,2,4,0.0079576515,3,4,0.001763753,-2191.7558,1.0317562,-2.0711822,-2188.6528
1,4,0.046800529,2,4,0.0063285929,3,4,0.0048518854,-2188.9316,1.1596201,-0.60004515,-2187.172
1,4,0.052336766,2,4,0.0029801937,3,4,0.0081401527,-2190.0994,1.2691422,-1.6099762,-2187.2203
1,4,0.059868507,2,4,0.0091759428,3,4,0.0035891488,-2191.9998,1.452672,-3.1338809,-2187.4132
1,4,0.057345103,2,4,0.0034440715,3,4,0.00600373,-2189.4208,1.3358581,-0.8389591,-2187.246
1,4,0.047397077,2,4,0.0044140956,3,4,0.0023598331,-2188.708,1.0834201,-0.2628013,-2187.3618
1,4,0.054692189,2,4,0.0020223016,3,4,0.00059421249,-2195.476,1.1461741,-1.6486548,-2192.6811
1,4,0.074689427,2,4,0.0012202942,3,4,0.0012876905,-2200.522,1.5439482,-6.0129389,-2192.9651
1,4,0.051172595,2,4,0.0019063391,3,4,0.0052685762,-2189.3944,1.1669502,-0.52050566,-2187.7069
1,4,0.04588544,2,4,0.0054971644,3,4,0.0042025354,-2188.4985,1.1117028,-0.27896348,-2187.1079
1,4,0.041882383,2,4,0.0058151365,3,4,0.0033498877,-2189.3579,1.0209481,-0.68563185,-2187.6513
1,4,0.048888837,2,4,0.0026489665,3,4,0.0058606425,-2188.8267,1.1479689,-0.43304965,-2187.2456
1,4,0.05483724,2,4,0.0021708125,3,4,0.0060786608,-2189.7142,1.2617343,-0.85239942,-2187.6001
1,4,0.056889695,2,4,0.0072639856,3,4,0.0039237148,-2189.9922,1.3615479,-1.3473113,-2187.2833
1,4,0.06139893,2,4,0.0041721464,3,4,0.0045405869,-2189.875,1.4022333,-1.088098,-2187.3846
1,4,0.056054004,2,4,0.0015742588,3,4,0.0067355845,-2191.0214,1.2872769,-1.4244304,-2188.3097
1,4,0.059912652,2,4,0.00093088469,3,4,0.0070112357,-2193.5246,1.3570954,-2.3218321,-2189.8457
1,4,0.04599133,2,4,0.0041927092,3,4,0.0070505153,-2189.2847,1.1446911,-0.89574907,-2187.2442
1,4,0.038302895,2,4,0.0030828578,3,4,0.0043714482,-2190.1797,0.91514402,-0.91873065,-2188.3458
1,4,0.048631518,2,4,0.0040741344,3,4,1.0556812e-05,-2202.0044,1.0543242,-1.385596,-2199.5645
1,4,0.058170095,2,4,0.0038700329,3,4,0.0015560986,-2190.8127,1.2719245,-1.096834,-2188.444
1,4,0.062478115,2,4,0.0058184232,3,4,0.00076774797,-2194.3568,1.3812857,-2.3769284,-2190.5985
1,4,0.038444982,2,4,0.00031045452,3,4,0.0062362165,-2198.1165,0.89983307,-2.3405801,-2194.8761
1,4,0.042800065,2,4,0.0013780266,3,4,0.00046483048,-2198.4639,0.89285844,-2.0913717,-2195.4797
1,4,0.056729728,2,4,0.0042199424,3,4,0.0013512697,-2190.9517,1.2460188,-1.0107126,-2188.6949
1,4,0.041943242,2,4,0.0051401794,3,4,0.0055048274,-2189.3747,1.051765,-0.70219542,-2187.6207
1,4,0.055501807,2,4,0.0035319892,3,4,0.0050673019,-2188.7284,1.282022,-0.39716565,-2187.0492
1,4,0.047034073,2,4,0.00092973871,3,4,0.0028577318,-2192.2637,1.0164309,-1.0120554,-2190.2353
1,4,0.05197171,2,4,0.0067584866,3,4,0.0072258008,-2190.3824,1.3191199,-1.7375883,-2187.3257
1,4,0.040160008,2,4,0.0071423839,3,4,0.0027848621,-2190.75,1.0017451,-1.5178098,-2188.2304
1,4,0.041882419,2,4,0.0015730583,3,4,0.0059243652,-2191.0014,0.98759684,-1.1582468,-2188.8556
1,4,0.039752549,2,4,0.0048013862,3,4,0.0055701206,-2189.9261,1.0024811,-0.9150647,-2188.0085
1,4,0.058146831,2,4,0.0050321328,3,4,0.0063237869,-2189.9177,1.390055,-1.1659286,-2187.3617
1,4,0.047926112,2,4,0.0040686457,3,4,0.0037201514,-2188.0449,1.1142982,-0.017867311,-2186.9128
1,4,0.061959869,2,4,0.0064137581,3,4,0.0056604263,-2191.1649,1.4806811,-1.956938,-2187.7273
1,4,0.050788546,2,4,0.0034578426,3,4,0.0018906793,-2189.3522,1.1227414,-0.44497815,-2187.7845
1,4,0.04607784,2,4,0.0090800945,3,4,0.0016785071,-2191.9223,1.1367288,-2.6430332,-2188.1426
1,4,0.052243998,2,4,0.0034214162,3,4,0.0019336108,-2189.3892,1.1519805,-0.48165955,-2187.7556
1,4,0.041524184,2,4,0.0028663035,3,4,0.0057850391,-2189.6141,1.0035105,-0.78094897,-2187.8296
1,4,0.044320343,2,4,0.0016374544,3,4,0.00050884309,-2197.0204,0.9293328,-1.8178027,-2194.2733
1,4,0.058074878,2,4,0.0074182817,3,4,0.0045992712,-2190.4295,1.4018486,-1.636307,-2187.3913
1,4,0.047162488,2,4,0.0045122704,3,4,0.0021346182,-2188.9652,1.0761875,-0.34243499,-2187.5466
1,4,0.041694956,2,4,0.0039004747,3,4,0.0056202891,-2189.2616,1.0243144,-0.62465437,-2187.6127
1,4,0.048592529,2,4,0.0010255762,3,4,0.0046342463,-2191.2733,1.085047,-0.787894,-2189.4003
1,4,0.042119444,2,4,0.001271024,3,4,0.0031611633,-2191.5768,0.93103263,-1.0924886,-2189.5533
1,4,0.044687331,2,4,0.0027330642,3,4,0.0063574811,-2189.3184,1.0755575,-0.73277823,-2187.5101
1,4,0.04523984,2,4,0.0061179836,3,4,0.0030719398,-2188.9649,1.0885953,-0.55099857,-2187.3253
1,4,0.04842768,2,4,0.003721541,3,4,0.0016970452,-2189.5861,1.0769253,-0.48013697,-2188.029
1,4,0.06232453,2,4,0.0025514395,3,4,0.0037960765,-2190.5762,1.3734409,-1.4149172,-2187.7878
1,4,0.037676806,2,4,0.0016028744,3,4,0.0029466183,-2192.3296,0.84452597,-1.5662404,-2189.9188
1,4,0.052677789,2,4,0.0052461802,3,4,0.0009792929,-2191.5971,1.1780652,-0.96991411,-2189.4491
1,4,0.042321995,2,4,0.0038838066,3,4,0.00066109417,-2193.854,0.93733791,-1.3106795,-2191.606
1,4,0.048019369,2,4,0.0068088648,3,4,0.0070416638,-2190.2039,1.2373979,-1.6101314,-2187.3564
1,4,0.046645419,2,4,0.0066939277,3,4,0.0083886272,-2191.1615,1.2345595,-2.5047695,-2187.4222
1,4,0.036296599,2,4,0.00098905695,3,4,0.0053552045,-2194.5212,0.85281722,-2.0772495,-2191.5911
1,4,0.043848166,2,4,0.0040357784,3,4,0.0026865828,-2188.8284,1.0114105,-0.35056065,-2187.4664
1,4,0.056077589,2,4,0.0081255445,3,4,0.0031532023,-2190.4935,1.3471267,-1.8401252,-2187.3063
1,4,0.049438205,2,4,0.0016235864,3,4,0.0061591702,-2190.1099,1.1444192,-0.83988785,-2188.1256
1,4,0.048890571,2,4,0.0022956537,3,4,0.0034508493,-2188.8125,1.0927415,-0.29200994,-2187.4278
1,4,0.056619087,2,4,0.0066920359,3,4,0.0049748467,-2189.799,1.3657194,-1.139826,-2187.2934
1,4,0.057385425,2,4,0.0054702982,3,4,0.00060356661,-2193.955,1.2691858,-1.6077248,-2191.0781
1,4,0.054259698,2,4,0.0034155893,3,4,0.0043069185,-2188.4272,1.2396441,-0.21942018,-2186.9682
1,4,0.061522827,2,4,0.0021869468,3,4,0.0040893448,-2190.6619,1.3559824,-1.365891,-2187.94
1,4,0.066287537,2,4,0.0051326777,3,4,0.0026162547,-2191.914,1.4807294,-2.3312073,-2188.1021
1,4,0.058187404,2,4,0.0053234567,3,4,0.0071531331,-2190.5194,1.4132799,-1.6499336,-2187.4562
1,4,0.043417687,2,4,0.0011045496,3,4,0.0038428046,-2191.5967,0.96730082,-0.97497831,-2189.6544
1,4,0.050771332,2,4,0.0030043994,3,4,0.0060505108,-2188.7581,1.1965248,-0.44852035,-2187.113
1,4,0.05407738,2,4,0.0072546068,3,4,0.0027325591,-2189.7928,1.2812909,-1.1819996,-2187.3295
1,4,0.050983215,2,4,0.0024095212,3,4,0.0031920875,-2188.8324,1.1316965,-0.31643997,-2187.3843
1,4,0.048589411,2,4,0.00027484706,3,4,0.0062956607,-2196.1381,1.1031984,-1.5716754,-2193.4633
1,4,0.039082942,2,4,0.005932888,3,4,0.0047784314,-2190.3124,0.99588522,-1.1176109,-2188.1989
1,4,0.058861482,2,4,0.0022412235,3,4,0.00037414236,-2197.8489,1.229537,-2.1556816,-2194.4637
1,4,0.050779499,2,4,0.0055966918,3,4,8.6048847e-05,-2198.6688,1.1292448,-1.4980757,-2196.0415
1,4,0.048527478,2,4,0.001673652,3,4,0.0074140563,-2190.675,1.1523037,-1.3986494,-2188.124
1,4,0.03573151,2,4,0.0011388437,3,4,0.0029983138,-2194.4967,0.79737334,-2.1179418,-2191.5814
1,4,0.044232237,2,4,0.0050120087,3,4,0.0079903172,-2190.327,1.1446913,-1.702384,-2187.48
1,4,0.050888712,2,4,0.0043012041,3,4,0.0055603244,-2188.4156,1.2150048,-0.24800798,-2186.9526
1,4,0.047432356,2,4,0.0082273594,3,4,0.0029521041,-2190.0897,1.1722364,-1.6202642,-2187.2972
1,4,0.045033864,2,4,0.0019525632,3,4,0.0049055911,-2189.4689,1.0378404,-0.53733806,-2187.8937
1,4,0.042103792,2,4,0.0064392971,3,4,0.00406422,-2189.5554,1.0521462,-0.87445386,-2187.6288
1,4,0.047603921,2,4,0.00093968558,3,4,0.0062813595,-2192.0011,1.0964993,-1.2062,-2189.6984
1,4,0.047640313,2,4,0.0027335222,3,4,0.0044082472,-2188.4123,1.0956417,-0.16557252,-2187.1511
1,4,0.036375939,2,4,0.0034909998,3,4,0.0024594436,-2191.4846,0.84652764,-1.3997016,-2189.2383
1,4,0.050003882,2,4,0.0049035603,3,4,0.0067140473,-2189.0907,1.2324298,-0.75047645,-2187.1077
1,4,0.056590152,2,4,0.0035441956,3,4,0.004705388,-2188.8235,1.2967947,-0.4479374,-2187.0788
1,4,0.051528737,2,4,0.0043765646,3,4,0.0038384013,-2188.11,1.1948741,-0.052888292,-2186.8623
1,4,0.049134873,2,4,0.0018679508,3,4,0.0010497965,-2192.8956,1.0410524,-1.2317808,-2190.6228
1,4,0.052687214,2,4,0.0038794488,3,4,0.00047692889,-2194.4171,1.1408718,-1.1741784,-2192.102
1,4,0.050523719,2,4,0.0056624188,3,4,0.00068284739,-2192.8589,1.1373797,-1.1441729,-2190.5774
1,4,0.04439229,2,4,0.0037565254,3,4,0.0040760343,-2188.3671,1.044497,-0.16755356,-2187.1551
1,4,0.03454184,2,4,0.0020636771,3,4,0.0055078813,-2193.1038,0.84226797,-2.006952,-2190.2546
1,4,0.044346984,2,4,0.0024370791,3,4,0.0029243963,-2189.2486,0.99416919,-0.49986012,-2187.7546
1,4,0.057453267,2,4,0.0031416708,3,4,0.0060882034,-2189.5523,1.3336628,-0.91097384,-2187.3077
1,4,0.039226506,2,4,0.0044294895,3,4,0.0054228912,-2189.9708,0.98157774,-0.90104035,-2188.0882
1,4,0.047306122,2,4,0.0035831556,3,4,0.0057655985,-2188.505,1.1330975,-0.30413321,-2187.0678
1,4,0.049638698,2,4,0.0032300065,3,4,0.0053831157,-2188.3801,1.1650364,-0.20846741,-2187.0066
1,4,0.042296429,2,4,0.0023782621,3,4,0.0013071943,-2192.0338,0.9196377,-1.2505908,-2189.8636
1,4,0.061956847,2,4,0.0045165309,3,4,0.0033287238,-2190.0923,1.396042,-1.2142929,-2187.482
1,4,0.043335111,2,4,0.005313098,3,4,0.0025962255,-2189.1908,1.0248887,-0.54047099,-2187.6254
1,4,0.045437753,2,4,0.0023640207,3,4,0.0040791418,-2188.8642,1.0376183,-0.33205443,-2187.4945
1,4,0.05283965,2,4,0.0070348065,3,4,0.004187312,-2189.2961,1.2812354,-0.90774133,-2187.1071
1,4,0.040432687,2,4,0.0052562271,3,4,0.0021595258,-2190.2832,0.95696881,-0.94554195,-2188.3807
1,4,0.045232228,2,4,0.0044244486,3,4,0.00049258756,-2194.3643,1.0029853,-1.1797136,-2192.1816
1,4,0.037223833,2,4,0.0025386898,3,4,0.0034938081,-2191.0172,0.86512662,-1.2297926,-2188.9223
1,4,0.044891746,2,4,0.0054235782,3,4,0.0032223785,-2188.6707,1.0707541,-0.34511861,-2187.2548
1,4,0.048094974,2,4,0.0062610156,3,4,0.0056504034,-2189.1227,1.2001279,-0.73760516,-2187.1849
1,4,0.058393358,2,4,0.001106955,3,4,0.0057509772,-2192.1607,1.3050258,-1.5408268,-2189.3148
1,4,0.054873178,2,4,0.0057279652,3,4,0.0077996114,-2190.5347,1.3680151,-1.8336979,-2187.3329
1,4,0.043040501,2,4,0.0023780228,3,4,0.0039482658,-2189.2336,0.9873358,-0.49791246,-2187.7484
1,4,0.055105857,2,4,0.0060506953,3,4,0.0077595077,-2190.701,1.3783212,-1.9466423,-2187.376
1,4,0.041378226,2,4,0.0049972912,3,4,0.0044348309,-2189.1645,1.016207,-0.53869445,-2187.6096
1,4,0.041188996,2,4,0.0045482932,3,4,0.00313638,-2189.2168,0.97747339,-0.53676856,-2187.7025
1,4,0.04868961,2,4,0.003834031,3,4,0.0043752368,-2188.0387,1.1379776,-0.015899701,-2186.8849
1,4,0.052626309,2,4,0.0042926681,3,4,0.0079916266,-2189.9306,1.2982121,-1.5000329,-2187.1324
1,4,0.042111061,2,4,0.0011428768,3,4,0.0059009404,-2191.9953,0.98309757,-1.3164191,-2189.6958
1,4,0.041777762,2,4,0.0024698172,3,4,0.0045020364,-2189.4526,0.97499232,-0.60515608,-2187.8724
1,4,0.044291449,2,4,0.0066389711,3,4,0.0028283565,-2189.4675,1.0751755,-0.85709048,-2187.5353
1,4,0.039025286,2,4,0.0053186409,3,4,0.0012916776,-2192.3222,0.91271209,-1.4771055,-2189.9323
1,4,0.053715009,2,4,0.0064750652,3,4,0.0026141765,-2189.3839,1.256085,-0.80414977,-2187.3237
1,4,0.042825077,2,4,0.0038890368,3,4,0.00031367875,-2196.7442,0.94055585,-1.476623,-2194.327
1,4,0.048556858,2,4,0.0054491005,3,4,0.0030011063,-2188.4827,1.1401413,-0.25419742,-2187.0884
1,4,0.039977512,2,4,0.0053400586,3,4,0.0094653418,-2192.611,1.0956582,-3.4521645,-2188.0631
1,4,0.054261447,2,4,0.0025244837,3,4,0.0058697864,-2189.243,1.2531143,-0.64695554,-2187.3429
1,4,0.06017537,2,4,0.0051961684,3,4,0.0050148375,-2189.8861,1.4077275,-1.0874209,-2187.391
1,4,0.050230958,2,4,0.0039474035,3,4,0.0042081962,-2188.0316,1.1677311,-0.011959606,-2186.8519
1,4,0.061338394,2,4,0.0019100326,3,4,0.0048866735,-2191.0088,1.362702,-1.4766418,-2188.1694
1,4,0.058186733,2,4,0.0053749405,3,4,0.0043009946,-2189.3242,1.3572534,-0.75293865,-2187.214
1,4,0.058386767,2,4,0.0036980062,3,4,0.002799518,-2189.4108,1.2976858,-0.73777619,-2187.3754
1,4,0.042843665,2,4,0.0060074943,3,4,0.0041226383,-2189.1762,1.0594759,-0.63896882,-2187.4777
1,4,0.042958985,2,4,0.0018181448,3,4,0.0066294732,-2190.6535,1.0281321,-1.2241817,-2188.4012
1,4,0.044598336,2,4,0.0061185663,3,4,0.0031281658,-2189.0317,1.0769014,-0.58253869,-2187.3723
1,4,0.060070085,2,4,0.0027950531,3,4,0.0011860729,-2192.6835,1.2810242,-1.6964866,-2189.706
1,4,0.062230341,2,4,0.0012823477,3,4,0.0010290506,-2196.4623,1.2908348,-2.7167571,-2192.4548
1,4,0.045730672,2,4,0.0033934066,3,4,0.0061953212,-2188.8604,1.106388,-0.52176821,-2187.2323
1,4,0.052936872,2,4,0.0044501332,3,4,0.0012298987,-2190.7471,1.1723381,-0.76989688,-2188.8049
1,4,0.046618577,2,4,0.0037650383,3,4,0.0049302333,-2188.2424,1.106277,-0.12451963,-2187.0116
1,4,0.039910587,2,4,0.0066852961,3,4,0.005098406,-2190.5234,1.0338858,-1.3771007,-2188.1125
1,4,0.055781155,2,4,0.0027032367,3,4,0.004561887,-2188.974,1.2609256,-0.47545148,-2187.2377
1,4,0.040286182,2,4,0.0042054243,3,4,0.0051649223,-2189.5009,0.99313057,-0.68462434,-2187.8232
1,4,0.058659883,2,4,0.008284208,3,4,0.0023644469,-2191.4742,1.3861708,-2.3832497,-2187.7047
1,4,0.044442485,2,4,0.0041666619,3,4,0.0043606782,-2188.3755,1.0593965,-0.17317473,-2187.143
1,4,0.052776334,2,4,0.0043587093,3,4,0.0037490882,-2188.2126,1.2176826,-0.10714006,-2186.8878
1,4,0.073309436,2,4,0.0013453975,3,4,0.0054908835,-2196.4901,1.6029143,-4.8890016,-2189.9982
1,4,0.049112126,2,4,0.0067693208,3,4,0.0036931051,-2188.944,1.191491,-0.66575349,-2187.0868
1,4,0.047554774,2,4,0.0054273571,3,4,0.004242254,-2188.3531,1.1444877,-0.20526191,-2187.0033
1,4,0.057179192,2,4,0.0021361958,3,4,0.0051150378,-2189.8107,1.2886085,-0.84179808,-2187.6803
1,4,0.058145263,2,4,0.0039234315,3,4,0.0066628736,-2189.8909,1.3746314,-1.1899085,-2187.3264
1,4,0.051868646,2,4,0.0027017627,3,4,0.0034097869,-2188.5743,1.1596039,-0.23815353,-2187.1766
1,4,0.038436041,2,4,0.0039753778,3,4,0.0034521864,-2189.9932,0.9172721,-0.84305674,-2188.2328
1,4,0.044866367,2,4,0.0035785705,3,4,6.7832112e-05,-2201.2425,0.9702554,-1.5152514,-2198.757
1,4,0.041341675,2,4,0.0034366012,3,4,0.001957473,-2190.215,0.93471499,-0.84017947,-2188.4401
1,4,0.060233609,2,4,0.0061648629,3,4,0.0023652959,-2190.621,1.3752753,-1.4623078,-2187.7834
1,4,0.042663304,2,4,0.0049898571,3,4,0.00025209955,-2197.2451,0.95810522,-1.5650879,-2194.7219
1,4,0.066792163,2,4,0.0017376966,3,4,0.005782801,-2193.2155,1.4862532,-2.8762076,-2188.853
1,4,0.050293807,2,4,0.0021207421,3,4,0.0010322364,-2192.5632,1.0689357,-1.1522361,-2190.342
1,4,0.050812166,2,4,0.0018661713,3,4,0.0064948186,-2189.905,1.1834631,-0.89723504,-2187.8243
1,4,0.057436959,2,4,0.00061449607,3,4,0.0091960995,-2195.4544,1.3449511,-3.6324577,-2190.477
1,4,0.044256965,2,4,0.0008018309,3,4,0.001481096,-2195.3234,0.93079784,-1.7159426,-2192.6767
1,4,0.04842536,2,4,0.0074816891,3,4,0.0061554852,-2190.1078,1.2412507,-1.5585496,-2187.308
1,4,0.045871361,2,4,0.0024099512,3,4,0.008378888,-2190.6355,1.133204,-1.8892627,-2187.6131
1,4,0.046434287,2,4,0.0020822204,3,4,0.0036991636,-2189.1131,1.0443134,-0.38958706,-2187.6792
1,4,0.047206784,2,4,0.0063061795,3,4,0.00076162686,-2192.7439,1.0854918,-1.3131111,-2190.3453
1,4,0.058255024,2,4,0.0076142183,3,4,0.007402496,-2192.0004,1.4654348,-2.8867071,-2187.6483
1,4,0.057638484,2,4,0.0016965641,3,4,0.0039740847,-2190.4338,1.2661827,-0.9716502,-2188.1959
1,4,0.061078345,2,4,0.0044962141,3,4,0.0044220597,-2189.8069,1.3999324,-1.043417,-2187.3635
1,4,0.048280385,2,4,0.0021755936,3,4,0.0055096796,-2189.104,1.1193132,-0.46301333,-2187.5217
1,4,0.057062998,2,4,0.0042892563,3,4,0.0077158785,-2190.3669,1.3813627,-1.6702152,-2187.3153
1,4,0.054784114,2,4,0.0083199759,3,4,0.0065822842,-2191.3634,1.3937275,-2.570021,-2187.3996
1,4,0.053510142,2,4,0.0050376634,3,4,0.0037042391,-2188.427,1.2450409,-0.23031455,-2186.9516
1,4,0.040529536,2,4,0.0030554117,3,4,0.0094057058,-2192.1528,1.0598131,-3.09668,-2187.9963
1,4,0.052829485,2,4,0.0098850032,3,4,0.0066099251,-2192.4258,1.3864883,-3.8980643,-2187.1412
1,4,0.032086954,2,4,0.0032096583,3,4,0.0089909582,-2196.0808,0.88575141,-4.2471325,-2190.9479
1,4,0.056200309,2,4,0.0052599171,3,4,0.003027233,-2189.0309,1.2897492,-0.55424438,-2187.1869
1,4,0.059390635,2,4,0.0065661985,3,4,0.0036580248,-2190.1149,1.3922972,-1.3119098,-2187.4107
1,4,0.06046942,2,4,0.0091739941,3,4,0.0030138895,-2192.2343,1.4531461,-3.2588297,-2187.5223
1,4,0.049874243,2,4,0.0011850411,3,4,0.0039949511,-2190.7654,1.1010847,-0.69598533,-2188.9683
1,4,0.035843257,2,4,0.0043228559,3,4,0.00094379322,-2194.8005,0.82219812,-2.0711077,-2191.9072
1,4,0.043886188,2,4,0.0011142163,3,4,0.0056723614,-2191.6328,1.0134553,-1.1116746,-2189.5077
1,4,0.056322856,2,4,0.0010642681,3,4,0.0043924677,-2191.7266,1.2355918,-1.1145018,-2189.3765
1,4,0.051927452,2,4,0.0057024027,3,4,0.006558857,-2189.3989,1.2837742,-0.93256948,-2187.1826
1,4,0.047545022,2,4,0.0029218973,3,4,0.0063040247,-2188.9231,1.1354189,-0.55498569,-2187.2327
1,4,0.05438917,2,4,0.0012884305,3,4,0.00048116287,-2198.2707,1.1231753,-2.0285806,-2195.119
1,4,0.056451771,2,4,0.004768561,3,4,0.002198035,-2189.5285,1.2683673,-0.69088995,-2187.5693
1,4,0.042073164,2,4,0.0047238387,3,4,0.006445416,-2189.6732,1.0648484,-0.94668186,-2187.6617
1,4,0.060871058,2,4,0.002570853,3,4,0.010070027,-2193.2472,1.4702388,-4.2655994,-2187.5113
1,4,0.045639019,2,4,0.0032770665,3,4,0.0047946871,-2188.3847,1.0742155,-0.18289531,-2187.1276
1,4,0.037239984,2,4,0.0056773015,3,4,0.0062586623,-2191.5413,0.98351897,-1.7447604,-2188.8131
1,4,0.042720754,2,4,0.0081823117,3,4,0.0010101823,-2193.3877,1.038265,-2.4462726,-2189.9032
1,4,0.047570326,2,4,0.0023815143,3,4,0.0019337731,-2189.9748,1.0377123,-0.65960548,-2188.2775
1,4,0.05644411,2,4,0.0026816995,3,4,0.0033208787,-2189.1956,1.2489338,-0.5766896,-2187.37
1,4,0.061444643,2,4,0.0064076584,3,4,0.0071880503,-2191.8719,1.500807,-2.5561339,-2187.815
1,4,0.044650761,2,4,0.0026386324,3,4,0.0036099235,-2188.7842,1.0179863,-0.32677665,-2187.4395
1,4,0.04690049,2,4,0.0047997444,3,4,0.0027114756,-2188.523,1.0882342,-0.2238037,-2187.211
1,4,0.048217168,2,4,0.0046836408,3,4,0.0013751449,-2190.2326,1.0855191,-0.62493017,-2188.5222
1,4,0.052347539,2,4,0.0018860016,3,4,0.0033747692,-2189.4921,1.1521662,-0.51161629,-2187.8283
1,4,0.054684863,2,4,0.0056957099,3,4,0.003928304,-2188.7987,1.2861775,-0.46420104,-2187.0483
1,4,0.046938393,2,4,0.0041265957,3,4,0.0014903707,-2190.0208,1.0511072,-0.58129792,-2188.3884
1,4,0.062484738,2,4,0.0025397948,3,4,0.0044351339,-2190.621,1.3891933,-1.4503496,-2187.7814
1,4,0.034639101,2,4,0.0052329472,3,4,0.0043104288,-2192.0289,0.88364954,-1.6413067,-2189.5039
1,4,0.042691669,2,4,0.002185751,3,4,0.00053303811,-2196.0391,0.90820916,-1.7103425,-2193.4205
1,4,0.064833148,2,4,0.0050124509,3,4,0.00094294037,-2194.2505,1.4157708,-2.5986866,-2190.2361
1,4,0.044233712,2,4,0.0052976562,3,4,0.00057595828,-2193.9123,1.0021465,-1.2871568,-2191.623
1,4,0.038031681,2,4,0.0068469343,3,4,0.0075634878,-2192.6385,1.0488421,-2.8171825,-2188.7725
1,4,0.049245425,2,4,0.0049658443,3,4,0.0032252868,-2188.2489,1.1487311,-0.12382254,-2186.9764
1,4,0.054276898,2,4,0.005140433,3,4,0.0055261684,-2188.9057,1.29887,-0.52337904,-2187.0834
1,4,0.055758701,2,4,0.0069902995,3,4,0.0024239757,-2190.0691,1.3034595,-1.2438646,-2187.5217
1,4,0.047298276,2,4,0.0020499887,3,4,0.0085428741,-2190.9624,1.1578228,-2.0532544,-2187.7513
1,4,0.054260764,2,4,0.0043945103,3,4,0.0017124788,-2189.8204,1.2073551,-0.6401879,-2187.9729
1,4,0.045391709,2,4,0.0071456257,3,4,0.0059302368,-2189.9735,1.1693514,-1.3634125,-2187.4407
1,4,0.056237325,2,4,0.0041421226,3,4,0.00018269342,-2197.9461,1.2112428,-1.6161378,-2195.1187
1,4,0.054575617,2,4,0.0033610534,3,4,0.0037208284,-2188.4911,1.23315,-0.25109724,-2187.0069
1,4,0.047886576,2,4,0.0092417523,3,4,0.0038020792,-2190.7011,1.2186081,-2.3975403,-2187.0849
1,4,0.048559139,2,4,0.0033114354,3,4,0.0032590767,-2188.2307,1.102593,-0.097981159,-2187.0301
1,4,0.059640265,2,4,0.0014233757,3,4,0.0056714702,-2191.6091,1.3347022,-1.5490468,-2188.7253
1,4,0.033918551,2,4,0.0028887129,3,4,0.0034009738,-2192.5807,0.80416476,-1.7960963,-2189.9804
1,4,0.048897055,2,4,0.0062061197,3,4,0.0052377537,-2188.9112,1.2068186,-0.5921251,-2187.1123
1,4,0.05464569,2,4,0.0054566232,3,4,0.0034805402,-2188.7316,1.2716571,-0.41041069,-2187.0496
1,4,0.039749709,2,4,0.0056370886,3,4,0.0016625078,-2191.3417,0.94098611,-1.2921747,-2189.1085
1,4,0.054245368,2,4,0.0044084456,3,4,0.00096406514,-2191.7588,1.1923576,-0.98297594,-2189.5835
1,4,0.04432144,2,4,0.0026652818,3,4,0.0015065771,-2190.8488,0.96986598,-0.90503208,-2188.9739
1,4,0.050425348,2,4,0.0044275544,3,4,0.0021450164,-2188.9009,1.1399584,-0.31619114,-2187.4448
1,4,0.059479844,2,4,0.0031877279,3,4,0.0051685003,-2189.6301,1.3567214,-0.91888047,-2187.3545
1,4,0.061171391,2,4,0.0026510955,3,4,0.0073833535,-2191.3321,1.4241168,-2.1263295,-2187.7817
1,4,0.04865429,2,4,0.0029768988,3,4,0.007900418,-2189.8157,1.1906321,-1.3752658,-2187.2498
1,4,0.043769255,2,4,0.0013745972,3,4,0.0083106329,-2192.3018,1.0690897,-2.2947449,-2188.9379
1,4,0.064008417,2,4,0.0069330776,3,4,0.0015609822,-2193.0235,1.4500495,-2.7363451,-2188.8371
1,4,0.059840168,2,4,0.0032718886,3,4,0.0041315083,-2189.5173,1.3448713,-0.85250065,-2187.3199
1,4,0.032610249,2,4,0.0030929706,3,4,0.0057623306,-2193.6831,0.82931101,-2.2663739,-2190.5874
1,4,0.032779113,2,4,0.0012446761,3,4,0.0045295345,-2195.6503,0.77106646,-2.5738793,-2192.3054
1,4,0.053318915,2,4,0.0050561413,3,4,0.0032315916,-2188.4975,1.232133,-0.25953235,-2187.0058
1,4,0.057566309,2,4,0.00092956605,3,4,0.0014670857,-2195.2093,1.1992592,-1.9739844,-2192.036
1,4,0.047677321,2,4,0.0026693008,3,4,0.0055041763,-2188.7094,1.117016,-0.34481792,-2187.2476
1,4,0.054474605,2,4,0.0056312675,3,4,0.0068222298,-2189.79,1.338562,-1.1845227,-2187.2669
1,4,0.064403171,2,4,0.0028966907,3,4,0.0053651421,-2191.1974,1.4533001,-1.8951099,-2187.8489
1,4,0.041273184,2,4,0.00029985399,3,4,0.0044104646,-2197.2063,0.91967006,-1.634462,-2194.6521
1,4,0.043632082,2,4,0.0054405691,3,4,0.0041337914,-2188.7828,1.0641289,-0.40198061,-2187.3167
1,4,0.049504226,2,4,0.0038416508,3,4,0.0035956107,-2188.046,1.1388297,-0.017797277,-2186.8894
1,4,0.06245871,2,4,0.0035383795,3,4,0.0027864555,-2190.4954,1.3756709,-1.4019913,-2187.7177
1,4,0.049828889,2,4,0.0079064215,3,4,0.0026862996,-2189.9401,1.2084322,-1.420142,-2187.3115
1,4,0.04237254,2,4,0.0040762851,3,4,0.0040043929,-2188.7338,1.0090644,-0.32815573,-2187.3966
1,4,0.050636644,2,4,0.0042426211,3,4,0.0019079403,-2189.2074,1.1357441,-0.39445973,-2187.6772
1,4,0.058071196,2,4,0.0053126744,3,4,0.0044769502,-2189.3045,1.3572164,-0.73844079,-2187.2088
1,4,0.053913857,2,4,0.0091054085,3,4,0.0048396918,-2191.0412,1.3571791,-2.5459125,-2187.1381
1,4,0.049220823,2,4,0.0037419628,3,4,0.0054453658,-2188.3109,1.168163,-0.18466359,-2186.958
1,4,0.052064742,2,4,0.0001133298,3,4,0.0083532059,-2198.4449,1.2106256,-2.8298295,-2194.4044
1,4,0.0682419,2,4,0.0080500235,3,4,0.0014344804,-2195.3093,1.5545281,-4.4479811,-2189.3068
1,4,0.049258856,2,4,0.0011933652,3,4,0.0029373357,-2191.1402,1.0677911,-0.82253412,-2189.2499
1,4,0.051964544,2,4,0.0060473593,3,4,0.0049639509,-2188.8441,1.2595171,-0.52603214,-2187.0585
1,4,0.042578211,2,4,0.0035214168,3,4,0.0029461786,-2188.9813,0.98091612,-0.43112352,-2187.5693
1,4,0.046116853,2,4,0.0083941013,3,4,0.0024511574,-2190.5795,1.1392422,-1.8747215,-2187.5655
1,4,0.049925463,2,4,0.0049916007,3,4,0.0039258805,-2188.1628,1.1768589,-0.088946983,-2186.897
1,4,0.045346027,2,4,0.0015452638,3,4,0.0022086789,-2191.0985,0.98199939,-0.96337498,-2189.1531
1,4,0.041902054,2,4,0.0076461952,3,4,0.0041850072,-2190.3571,1.0746651,-1.5441702,-2187.7383
1,4,0.045518641,2,4,0.0033223225,3,4,0.0063890044,-2188.9971,1.1045994,-0.61447926,-2187.278
1,4,0.071490241,2,4,0.0061130139,3,4,0.00027858888,-2200.4437,1.5576369,-5.0212757,-2193.8648
1,4,0.027100524,2,4,0.0042749205,3,4,0.0059671547,-2198.701,0.74685199,-3.8002587,-2194.1539
1,4,0.048849947,2,4,0.0018411739,3,4,0.0083433066,-2191.0128,1.1806886,-1.9431575,-2187.8889
1,4,0.060383782,2,4,0.0036664448,3,4,0.0014938251,-2191.5035,1.310881,-1.454684,-2188.7379
1,4,0.046955017,2,4,0.0069441088,3,4,0.0061361985,-2189.8093,1.2007065,-1.2660354,-2187.3425
1,4,0.041571652,2,4,0.0022401532,3,4,0.0031678858,-2189.8934,0.93959383,-0.75841637,-2188.1953
1,4,0.051187168,2,4,0.0020365694,3,4,0.0042525217,-2189.0655,1.1495252,-0.36542553,-2187.5505
1,4,0.043867757,2,4,0.0027101143,3,4,0.0026659829,-2189.2707,0.98487709,-0.52096339,-2187.7649
1,4,0.055720483,2,4,0.0026053658,3,4,0.0033443803,-2189.1202,1.2334046,-0.52154166,-2187.3652
1,4,0.053962567,2,4,0.0011894678,3,4,0.0010545533,-2194.934,1.1241318,-1.7077921,-2192.1021
1,4,0.047618431,2,4,0.0049615258,3,4,0.0013500979,-2190.3563,1.0786011,-0.67779099,-2188.5999
1,4,0.036441217,2,4,0.0030228904,3,4,0.0052455459,-2191.2224,0.89419306,-1.3524661,-2188.9757
1,4,0.026131538,2,4,0.0038292091,3,4,0.0031978262,-2199.4594,0.66317148,-3.8212598,-2194.9749
1,4,0.057241664,2,4,0.0015044336,3,4,0.010091147,-2193.5354,1.3767449,-4.0648293,-2188.0938
1,4,0.044480666,2,4,0.00044082137,3,4,0.00055016774,-2202.9352,0.9094331,-2.4497286,-2199.5761
1,4,0.049622231,2,4,0.00038158916,3,4,0.0013298575,-2198.9263,1.0266736,-1.8832332,-2196.0164
1,4,0.04270239,2,4,0.0034348487,3,4,0.0038756207,-2188.7278,1.0002572,-0.32693675,-2187.4006
1,4,0.054170525,2,4,0.0023569748,3,4,0.0062726364,-2189.5392,1.2560027,-0.82023505,-2187.463
1,4,0.04981645,2,4,0.0027436798,3,4,0.0017153009,-2189.99,1.0855086,-0.63007268,-2188.2744
1,4,0.043852328,2,4,0.0047110872,3,4,0.004234829,-2188.5337,1.0559649,-0.25136992,-2187.2263
1,4,0.052250541,2,4,8.9118998e-05,3,4,0.0069010644,-2198.6051,1.1848145,-2.0014734,-2195.4188
1,4,0.065337724,2,4,0.0038337966,3,4,0.001002446,-2194.3079,1.4034793,-2.6380244,-2190.2664
1,4,0.045077692,2,4,0.0066847051,3,4,0.0053238272,-2189.459,1.1417245,-0.94345784,-2187.3738
1,4,0.038543935,2,4,0.0046116378,3,4,0.0067166635,-2190.8914,0.99744473,-1.4972287,-2188.3967
1,4,0.03656972,2,4,0.010081971,3,4,0.0015320371,-2195.6873,0.96367456,-4.698445,-2190.0252
1,4,0.052097017,2,4,0.0037187838,3,4,0.0061767009,-2188.7437,1.23985,-0.47534069,-2187.0285
1,4,0.056119876,2,4,0.0050508862,3,4,0.0039859242,-2188.7943,1.3031337,-0.43740481,-2187.0538
1,4,0.049190103,2,4,0.002522611,3,4,0.0058476316,-2188.906,1.1512069,-0.45687744,-2187.2979
1,4,0.036234729,2,4,0.0035780757,3,4,0.0057723835,-2191.3716,0.91170377,-1.4664206,-2188.9935
1,4,0.053370744,2,4,0.0023133894,3,4,0.0066918972,-2189.6929,1.2475206,-0.95297904,-2187.4924
1,4,0.043446033,2,4,0.0041962766,3,4,0.004736863,-2188.6085,1.0475835,-0.28508613,-2187.2759
1,4,0.050950116,2,4,0.0048138695,3,4,0.0094004546,-2191.0265,1.3032888,-2.6830178,-2187.0402
1,4,0.053645024,2,4,0.0052261409,3,4,0.0057925908,-2188.9725,1.2932751,-0.58114422,-2187.098
1,4,0.040064545,2,4,0.004230857,3,4,0.0075143738,-2190.7916,1.0361955,-1.6806521,-2188.0748
1,4,0.043053435,2,4,0.0030444604,3,4,0.0038762553,-2188.7864,0.99948301,-0.34815052,-2187.4388
1,4,0.054669313,2,4,0.0068100508,3,4,0.0052484768,-2189.6499,1.3345568,-1.081777,-2187.2336
1,4,0.03339301,2,4,0.0069608793,3,4,0.0069918937,-2194.7912,0.94691566,-3.4157035,-2190.4285
1,4,0.051437915,2,4,0.008344949,3,4,0.0051574588,-2190.3332,1.2988064,-1.8608982,-2187.1735
1,4,0.058075963,2,4,0.0039023012,3,4,0.0051675422,-2189.2073,1.3429161,-0.68088419,-2187.1835
1,4,0.053364735,2,4,0.0023885159,3,4,0.0046437226,-2188.8941,1.2079395,-0.37553321,-2187.3106
1,4,0.042918864,2,4,0.00096625882,3,4,0.0040460112,-2192.1797,0.95862269,-1.0798622,-2190.1413
1,4,0.049872419,2,4,0.0053138219,3,4,0.00030187168,-2195.6602,1.1097622,-1.2854615,-2193.265
1,4,0.043046395,2,4,0.0020356325,3,4,0.0033174992,-2189.7517,0.96799053,-0.66021794,-2188.1235
1,4,0.063755629,2,4,0.0061661944,3,4,0.0023727019,-2191.6088,1.4458905,-2.1000925,-2188.0628
1,4,0.05694143,2,4,0.0028348521,3,4,0.0056581388,-2189.395,1.3086884,-0.76422111,-2187.3221
1,4,0.04731464,2,4,0.0028643296,3,4,0.0031679836,-2188.5065,1.0669391,-0.20894313,-2187.2307
1,4,0.039181118,2,4,0.005191338,3,4,0.0055974575,-2190.2521,0.99939828,-1.0766202,-2188.1761
1,4,0.042930151,2,4,0.0022576941,3,4,0.005144492,-2189.5161,1.0066467,-0.63208099,-2187.8773
1,4,0.048046682,2,4,0.0055143944,3,4,0.0013657491,-2190.424,1.0985365,-0.76402951,-2188.5615
1,4,0.042397983,2,4,0.0022081552,3,4,0.0033144887,-2189.6741,0.95841255,-0.66189078,-2188.0538
1,4,0.034302381,2,4,0.0013713756,3,4,0.0019297051,-2195.7111,0.75206924,-2.6112648,-2192.3477
1,4,0.040206629,2,4,0.0013494535,3,4,0.0078271389,-2192.9515,0.98766442,-2.3389642,-2189.6248
1,4,0.053371248,2,4,0.00745776,3,4,0.0013361415,-2191.4975,1.243303,-1.6713599,-2188.5828
1,4,0.04232738,2,4,0.0044016771,3,4,0.0010099437,-2192.0971,0.95478003,-1.1108607,-2190.0314
1,4,0.047765204,2,4,0.0070979417,3,4,0.0072932689,-2190.5614,1.2431283,-1.923036,-2187.3953
1,4,0.05705149,2,4,0.0086083079,3,4,0.0046427515,-2191.0834,1.406051,-2.3635238,-2187.3138
1,4,0.052497997,2,4,0.001990854,3,4,0.0030625539,-2189.484,1.1510281,-0.52994179,-2187.8031
1,4,0.068211467,2,4,0.003686919,3,4,0.0064020124,-2192.8024,1.566008,-3.0735459,-2188.1629
1,4,0.039146638,2,4,0.0016859008,3,4,0.0040437488,-2191.252,0.89752576,-1.1793063,-2189.1752
1,4,0.045658955,2,4,0.0017344288,3,4,0.0065013595,-2190.2858,1.0778949,-1.014416,-2188.1935
1,4,0.053531348,2,4,0.0018378691,3,4,0.0054748264,-2189.7409,1.2168809,-0.69530738,-2187.8287
1,4,0.039905837,2,4,0.003551467,3,4,0.00070545814,-2194.3911,0.88325523,-1.5911082,-2191.9167
1,4,0.044818404,2,4,0.0020073931,3,4,0.0031784699,-2189.5486,1.0000853,-0.56011996,-2187.9884
1,4,0.04119564,2,4,0.0064995814,3,4,0.0030400137,-2189.9613,1.0147047,-1.0458984,-2187.9007
1,4,0.051589118,2,4,0.0063083706,3,4,0.0027221042,-2189.0493,1.2123919,-0.61092171,-2187.226
1,4,0.057059184,2,4,0.0088632296,3,4,0.0069784064,-2192.4178,1.4580164,-3.4561602,-2187.5036
1,4,0.06500958,2,4,0.005955273,3,4,0.0021738399,-2192.1016,1.4627739,-2.353371,-2188.2854
1,4,0.045544719,2,4,0.0053637126,3,4,0.0047067624,-2188.5685,1.1123039,-0.31068869,-2187.1455
1,4,0.044113342,2,4,0.0013354049,3,4,0.0064079706,-2191.2558,1.0371344,-1.2307128,-2188.988
1,4,0.0441717,2,4,0.0025338438,3,4,0.0066209311,-2189.6616,1.0665295,-0.91909352,-2187.676
1,4,0.045043264,2,4,0.0047581076,3,4,0.00028549122,-2196.3575,1.0017373,-1.3391262,-2194.0166
1,4,0.054458453,2,4,0.0025313863,3,4,0.0091640635,-2191.2897,1.3230781,-2.6264566,-2187.3402
1,4,0.057468061,2,4,0.008111324,3,4,0.0018782587,-2191.5834,1.3491529,-2.2446809,-2187.9896
1,4,0.057771895,2,4,0.0034379031,3,4,0.0056497727,-2189.3566,1.3371914,-0.77928392,-2187.2401
1,4,0.057928654,2,4,0.007071772,3,4,0.0040324223,-2190.0851,1.380657,-1.3662673,-2187.3382
1,4,0.029495569,2,4,0.00096025301,3,4,0.0044667209,-2199.3656,0.69845085,-3.5516832,-2195.1154
1,4,0.049250484,2,4,0.0021976461,3,4,0.0069564714,-2189.7271,1.168092,-0.98403242,-2187.575
1,4,0.038022099,2,4,0.0061388583,3,4,0.0075882489,-2192.2519,1.0349841,-2.4963651,-2188.7206
1,4,0.038623448,2,4,0.0020463139,3,4,0.0045667944,-2190.9024,0.90473112,-1.1368437,-2188.8608
1,4,0.045712108,2,4,0.0025474738,3,4,0.0044812242,-2188.6958,1.0548161,-0.28146877,-2187.3595
1,4,0.03417214,2,4,0.0039322726,3,4,0.0099306281,-2195.3529,0.96070081,-4.6581415,-2189.734
1,4,0.039923432,2,4,0.0005342621,3,4,0.0033466424,-2195.69,0.87608673,-1.7202935,-2193.0936
1,4,0.054783725,2,4,0.0074918151,3,4,0.0062894535,-2190.5948,1.3712999,-1.8425243,-2187.381
1,4,0.051084173,2,4,0.0050267734,3,4,0.0070219565,-2189.356,1.2626581,-0.95462335,-2187.1387
1,4,0.04481261,2,4,0.00099066045,3,4,0.0038143107,-2191.7891,0.99235163,-0.93579694,-2189.8609
1,4,0.060440329,2,4,0.0014554154,3,4,0.0053234356,-2191.6425,1.3443836,-1.5779218,-2188.7202
1,4,0.043651135,2,4,0.0077239437,3,4,0.0032937367,-2190.0761,1.0933763,-1.4356709,-2187.5471
1,4,0.049052321,2,4,0.0043318315,3,4,0.003686413,-2188.0415,1.1414113,-0.01670356,-2186.8834
1,4,0.042908466,2,4,0.0070463275,3,4,0.0024130212,-2190.2173,1.0473563,-1.2468832,-2187.923
1,4,0.041423711,2,4,0.005953479,3,4,0.0047938541,-2189.599,1.0434209,-0.83163137,-2187.724
1,4,0.042434064,2,4,0.0010449696,3,4,0.0036586141,-2192.0611,0.94275296,-1.1072108,-2190.0111
1,4,0.044381535,2,4,0.0015587227,3,4,0.0073077982,-2191.1964,1.0649611,-1.5414916,-2188.5899
1,4,0.045447154,2,4,0.008419146,3,4,0.0038886109,-2190.2549,1.1550982,-1.7954622,-2187.3043
1,4,0.044424587,2,4,0.0013320188,3,4,0.0050650605,-2190.7676,1.0164333,-0.8466713,-2188.9045
1,4,0.042641999,2,4,0.003070996,3,4,0.0042185718,-2188.8578,0.99863134,-0.37966546,-2187.4795
1,4,0.048207027,2,4,0.005661187,3,4,0.0068314411,-2189.4503,1.2139931,-1.0055167,-2187.2308
1,4,0.049072643,2,4,0.001517963,3,4,0.0073999506,-2190.9309,1.1598111,-1.4467739,-2188.3243
1,4,0.052650957,2,4,0.0069338988,3,4,0.0047233511,-2189.3216,1.2861641,-0.9076807,-2187.1278
1,4,0.054793901,2,4,0.0029174596,3,4,0.0035384499,-2188.7271,1.2249962,-0.3504249,-2187.1517
1,4,0.056190299,2,4,0.0015268633,3,4,0.0051933884,-2190.5705,1.258211,-0.97254303,-2188.3398
1,4,0.05724403,2,4,0.0072393275,3,4,0.0063394694,-2190.8701,1.4164565,-1.9482161,-2187.5055
1,4,0.049179357,2,4,0.00051171886,3,4,0.006416244,-2194.1203,1.1221464,-1.471324,-2191.5269
1,4,0.050022696,2,4,0.005625968,3,4,0.0036153473,-2188.3975,1.1852802,-0.24017578,-2186.972
1,4,0.031359417,2,4,0.005523081,3,4,0.0052987171,-2194.6486,0.8436243,-2.6200851,-2191.1849
1,4,0.071866837,2,4,0.0046591969,3,4,0.0018811427,-2194.7436,1.5681435,-4.054955,-2189.1205
1,4,0.070198007,2,4,0.0013372215,3,4,0.0069019756,-2195.6895,1.5687441,-4.3953112,-2189.7255
1,4,0.052292428,2,4,0.003719676,3,4,0.0045184776,-2188.1949,1.2106116,-0.097907216,-2186.8863
1,4,0.04637791,2,4,0.0070520179,3,4,1.6704686e-05,-2200.3,1.0689327,-2.1016176,-2197.1294
1,4,0.054932323,2,4,0.0084708052,3,4,0.0056224583,-2190.9866,1.3805117,-2.2968614,-2187.3092
1,4,0.052629082,2,4,0.0063714953,3,4,0.0037563964,-2188.8805,1.2551395,-0.57226904,-2187.0531
1,4,0.045877387,2,4,0.0015223433,3,4,0.0013799723,-2192.691,0.97559406,-1.2905806,-2190.4248
1,4,0.067254024,2,4,0.0024843919,3,4,0.003208592,-2192.4201,1.4589402,-2.5833803,-2188.3778
1,4,0.03968696,2,4,0.0055391065,3,4,0.00420024,-2189.8276,0.98852613,-0.85075383,-2187.9883
1,4,0.045306356,2,4,0.0057269883,3,4,0.0036616622,-2188.6519,1.0939001,-0.36822039,-2187.1898
1,4,0.058695594,2,4,0.0031210475,3,4,0.0049235825,-2189.4052,1.3348045,-0.7752429,-2187.2951
1,4,0.06144288,2,4,0.003290548,3,4,0.00054702615,-2195.7166,1.3056091,-2.1757541,-2192.2352
1,4,0.037948715,2,4,0.0066673998,3,4,0.004590461,-2191.0957,0.98413152,-1.5616345,-2188.55
1,4,0.036551901,2,4,0.00034879897,3,4,0.0033287269,-2198.9649,0.80458854,-2.3623528,-2195.798
1,4,0.058949633,2,4,0.0052526541,3,4,0.00029733055,-2196.5599,1.2899924,-1.9487354,-2193.3212
1,4,0.050185262,2,4,0.0017189817,3,4,0.0036591788,-2189.5706,1.1112685,-0.48136297,-2187.9779
1,4,0.048651996,2,4,0.0029999863,3,4,0.003524711,-2188.2786,1.1035339,-0.11476954,-2187.0603
1,4,0.044797547,2,4,0.0013812191,3,4,0.0049366635,-2190.5653,1.0223086,-0.78211892,-2188.7608
1,4,0.041916314,2,4,0.0060186596,3,4,0.0040296899,-2189.3843,1.0392933,-0.72858317,-2187.6164
1,4,0.040307844,2,4,0.0023471846,3,4,0.0027936987,-2190.3375,0.90897454,-0.94695278,-2188.4815
1,4,0.052662456,2,4,0.003449918,3,4,0.0044062496,-2188.2522,1.2103725,-0.12475616,-2186.9171
1,4,0.032265267,2,4,0.0036690188,3,4,0.0040619775,-2193.3741,0.79992528,-2.0346375,-2190.5395
1,4,0.043896624,2,4,0.005942287,3,4,0.0049332862,-2189.1036,1.0954439,-0.62406807,-2187.3841
1,4,0.04554147,2,4,0.0072006546,3,4,0.0075226323,-2190.9522,1.2052951,-2.2080037,-2187.5389
1,4,0.064500855,2,4,0.0078839281,3,4,0.0058118516,-2192.9552,1.5639327,-3.353472,-2188.0378
1,4,0.037896721,2,4,0.0027263819,3,4,0.0023390005,-2191.2636,0.85924207,-1.3094026,-2189.0949
1,4,0.051540048,2,4,0.0024405881,3,4,0.0039962119,-2188.6592,1.159537,-0.25239576,-2187.2472
1,4,0.052597625,2,4,0.0076061242,3,4,0.0039818206,-2189.6208,1.2837114,-1.2154645,-2187.1216
1,4,0.046382731,2,4,0.0033448156,3,4,0.0044948046,-2188.2403,1.084447,-0.11057737,-2187.0453
1,4,0.056448688,2,4,0.003598537,3,4,0.0025188323,-2189.2405,1.2513211,-0.58601334,-2187.4032
1,4,0.064858706,2,4,0.0028119726,3,4,0.0058823076,-2191.5778,1.4710597,-2.1503117,-2187.9564
1,4,0.05740527,2,4,0.0073013231,3,4,0.0055807134,-2190.5596,1.4057461,-1.7129832,-2187.4409
1,4,0.053120042,2,4,0.0058980963,3,4,0.0040562623,-2188.7018,1.261488,-0.42552147,-2187.0148
1,4,0.047031899,2,4,0.0019885022,3,4,0.0035806469,-2189.2186,1.052021,-0.41170061,-2187.7549
1,4,0.045516722,2,4,0.0059745867,3,4,0.00076655501,-2192.7928,1.0451573,-1.2674459,-2190.4802
1,4,0.046004106,2,4,0.0047322471,3,4,0.0026596996,-2188.6181,1.067921,-0.26188712,-2187.2883
1,4,0.042244384,2,4,0.0033340292,3,4,0.0071235622,-2189.9722,1.0540395,-1.2061375,-2187.712
1,4,0.059401033,2,4,0.004334299,3,4,0.0019760615,-2190.3595,1.3142279,-1.0969874,-2187.9483
1,4,0.052277531,2,4,0.0038613587,3,4,0.004371295,-2188.1643,1.2102037,-0.081613596,-2186.8724
1,4,0.055885802,2,4,0.00097710231,3,4,0.0012246361,-2195.4262,1.1617508,-1.8887926,-2192.3757
1,4,0.052475782,2,4,0.003400735,3,4,0.0025685287,-2188.7202,1.1689009,-0.2967994,-2187.2545
1,4,0.031144719,2,4,0.0048985064,3,4,0.0045555827,-2194.4017,0.81197617,-2.4049086,-2191.1848
1,4,0.050393625,2,4,0.0047478865,3,4,0.0036015907,-2188.1372,1.1748621,-0.06898413,-2186.8933
1,4,0.051723488,2,4,0.0015356997,3,4,0.0055348641,-2190.1224,1.175881,-0.73743492,-2188.2091
1,4,0.053477201,2,4,0.0053097584,3,4,0.0020785461,-2189.3573,1.2173101,-0.57014691,-2187.5699
