1,4,0.89913827,2,4,0.13927553,3,4,0.25691205,-4960.2629,25.906517,-0.50097817,-4933.8554
1,4,0.85971229,2,4,0.1318398,3,4,0.23398472,-4960.7871,24.510736,-0.65014,-4935.6262
1,4,0.8956148,2,4,0.067488222,3,4,0.34850437,-4962.0295,26.232148,-1.4880261,-4934.3094
1,4,0.82431901,2,4,0.13330101,3,4,0.28008908,-4961.1797,24.754182,-0.92119417,-4935.5043
1,4,0.83831346,2,4,0.11782459,3,4,0.25703528,-4960.128,24.263467,-0.36378229,-4935.5007
1,4,0.96628209,2,4,0.13297028,3,4,0.25330277,-4961.1875,27.051103,-1.0536742,-4933.0827
1,4,0.81560382,2,4,0.074910407,3,4,0.29873178,-4962.0601,23.78492,-1.1660484,-4937.1091
1,4,0.90480152,2,4,0.089898419,3,4,0.28595644,-4959.5943,25.613128,-0.12444276,-4933.8568
1,4,0.6036208,2,4,0.10381327,3,4,0.30757709,-4985.0576,20.300223,-8.6871475,-4956.0702
1,4,0.83006783,2,4,0.14301461,3,4,0.22205158,-4962.055,23.90268,-1.1626522,-4936.9897
1,4,0.98384344,2,4,0.073665251,3,4,0.31145504,-4961.131,27.379275,-1.0266434,-4932.7251
1,4,0.88474358,2,4,0.091365056,3,4,0.24457343,-4962.452,24.413641,-1.391829,-4936.6465
1,4,0.86812992,2,4,0.13189393,3,4,0.26345917,-4959.9184,25.26966,-0.29443904,-4934.3543
1,4,0.82742323,2,4,0.17512991,3,4,0.23123651,-4963.3434,24.675793,-2.0073092,-4936.6603
1,4,0.7943952,2,4,0.14802018,3,4,0.20924808,-4964.3787,23.033269,-2.0388189,-4939.3066
1,4,0.79791467,2,4,0.0877613,3,4,0.29938312,-4962.0094,23.701182,-1.1574407,-4937.1508
1,4,0.81996251,2,4,0.094689827,3,4,0.3715802,-4967.8954,25.724651,-4.9172304,-4937.2535
1,4,0.9997582,2,4,0.1021569,3,4,0.30466491,-4961.8696,28.1316,-1.4280162,-4932.31
1,4,0.86511714,2,4,0.097629684,3,4,0.32615621,-4961.4045,25.778061,-1.118079,-4934.5084
1,4,0.88397966,2,4,0.098006134,3,4,0.31863258,-4960.6535,26.012368,-0.70970323,-4933.9315
1,4,0.87004796,2,4,0.13191195,3,4,0.26498579,-4959.9285,25.338914,-0.30263568,-4934.2869
1,4,0.77767196,2,4,0.12927403,3,4,0.23587655,-4963.114,22.856451,-1.5903569,-4938.6672
1,4,1.0410349,2,4,0.069390476,3,4,0.35003394,-4964.6306,29.209187,-3.2778044,-4932.1436
1,4,0.92248256,2,4,0.093379222,3,4,0.24893394,-4961.7893,25.295914,-1.1201632,-4935.3732
1,4,0.78569646,2,4,0.17224254,3,4,0.24398172,-4964.5543,24.038414,-2.4905057,-4938.0254
1,4,0.95849148,2,4,0.12860557,3,4,0.25660556,-4960.7862,26.874052,-0.81116646,-4933.101
1,4,0.95016502,2,4,0.059930748,3,4,0.29623332,-4961.8697,26.126582,-1.2094864,-4934.5337
1,4,0.91067541,2,4,0.14595941,3,4,0.28205413,-4962.0109,26.773779,-1.5171111,-4933.72
1,4,0.85382249,2,4,0.13821689,3,4,0.2703556,-4960.5772,25.2479,-0.64560567,-4934.6837
1,4,0.95175019,2,4,0.073233133,3,4,0.26638645,-4962.7346,25.827396,-1.5639005,-4935.3433
1,4,0.76319935,2,4,0.14020109,3,4,0.25035934,-4963.4097,23.075196,-1.6994098,-4938.6351
1,4,0.99636897,2,4,0.085173541,3,4,0.29611742,-4961.2173,27.553199,-1.0753719,-4932.5887
1,4,0.93139389,2,4,0.14882059,3,4,0.27391075,-4962.1004,27.082505,-1.5865441,-4933.4314
1,4,0.87510589,2,4,0.12705533,3,4,0.27336417,-4959.8363,25.510508,-0.25911847,-4934.0667
1,4,0.87307536,2,4,0.11075689,3,4,0.26743537,-4959.4809,25.025352,-0.068459358,-4934.3871
1,4,0.95045327,2,4,0.077310351,3,4,0.27382752,-4961.4862,26.031823,-1.028038,-4934.4263
1,4,0.85607413,2,4,0.12925986,3,4,0.28975277,-4960.8592,25.501735,-0.81107265,-4934.5464
1,4,0.97849282,2,4,0.10944653,3,4,0.30560522,-4961.7001,27.870891,-1.2949435,-4932.5343
1,4,0.88391233,2,4,0.10675217,3,4,0.25796812,-4959.8786,24.972652,-0.25646928,-4934.6495
1,4,0.80945054,2,4,0.094628329,3,4,0.24213241,-4963.8964,22.924226,-2.0408348,-4938.9313
1,4,0.84667626,2,4,0.11545099,3,4,0.29636001,-4960.4779,25.169745,-0.58358497,-4934.7246
1,4,0.83299665,2,4,0.10974287,3,4,0.28352229,-4960.098,24.525236,-0.35533867,-4935.2174
1,4,0.84113745,2,4,0.11763467,3,4,0.27415967,-4959.8975,24.658636,-0.26373122,-4934.9752
1,4,0.93368627,2,4,0.077333327,3,4,0.25375494,-4963.4811,25.295491,-1.8386061,-4936.347
1,4,0.8919756,2,4,0.12143261,3,4,0.25748513,-4959.6467,25.417867,-0.15125907,-4934.0776
1,4,0.90223829,2,4,0.15361463,3,4,0.23382061,-4961.251,25.793471,-1.0209131,-4934.4366
1,4,0.82244659,2,4,0.12650703,3,4,0.22912799,-4962.0151,23.561632,-1.1684238,-4937.2851
1,4,0.99193959,2,4,0.11067889,3,4,0.28307296,-4961.2619,27.713829,-1.0897525,-4932.4583
1,4,0.83855786,2,4,0.12355675,3,4,0.19791603,-4966.6803,23.200613,-3.0145933,-4940.4651
1,4,0.87010692,2,4,0.12346874,3,4,0.23956746,-4960.487,24.662863,-0.52390322,-4935.3003
1,4,0.82413387,2,4,0.13365479,3,4,0.27808629,-4961.1119,24.717499,-0.88155131,-4935.5128
1,4,0.77827433,2,4,0.13754853,3,4,0.27991691,-4963.1822,23.914796,-1.7920148,-4937.4754
1,4,0.75685733,2,4,0.1383362,3,4,0.29186635,-4965.262,23.741198,-2.7830833,-4938.7377
1,4,0.86422116,2,4,0.11500167,3,4,0.31546111,-4961.6383,25.893679,-1.2592927,-4934.4853
1,4,0.90068067,2,4,0.080074859,3,4,0.28555227,-4960.1572,25.326156,-0.38127691,-4934.4497
1,4,1.0029249,2,4,0.12906074,3,4,0.31755345,-4965.6468,28.990782,-3.6232564,-4933.0327
1,4,0.85669969,2,4,0.10147707,3,4,0.29544971,-4959.829,25.072529,-0.24044343,-4934.516
1,4,0.80107185,2,4,0.15533023,3,4,0.18173721,-4968.1258,22.762786,-3.3730012,-4941.99
1,4,0.86082809,2,4,0.027104493,3,4,0.30863549,-4968.6988,23.931361,-3.5061608,-4941.2613
1,4,0.96347213,2,4,0.060619875,3,4,0.30675355,-4961.4874,26.616911,-1.1102256,-4933.7603
1,4,0.85870676,2,4,0.097885354,3,4,0.30971286,-4960.3444,25.3261,-0.51455525,-4934.5038
1,4,0.834161,2,4,0.17964151,3,4,0.18587763,-4966.1013,23.993603,-2.8477618,-4939.2599
1,4,0.90936731,2,4,0.065586243,3,4,0.29976325,-4960.8842,25.494336,-0.71093901,-4934.6789
1,4,0.80418094,2,4,0.058152082,3,4,0.33038769,-4964.4803,23.854414,-2.1420441,-4938.4839
1,4,0.89149475,2,4,0.053025852,3,4,0.34343833,-4962.1736,25.759179,-1.421619,-4934.9928
1,4,0.79967596,2,4,0.043260188,3,4,0.35538243,-4967.3606,23.966371,-3.3470506,-4940.0472
1,4,0.92617673,2,4,0.10683673,3,4,0.30560494,-4960.4198,26.772368,-0.57297053,-4933.0745
1,4,0.7574325,2,4,0.15659339,3,4,0.21941674,-4965.3978,22.668853,-2.4004112,-4940.3285
1,4,0.64020919,2,4,0.16829427,3,4,0.24852353,-4977.6637,21.14054,-6.6725481,-4949.8506
1,4,0.96156315,2,4,0.12937659,3,4,0.26123753,-4960.8715,27.043545,-0.86573386,-4932.9622
1,4,0.94230455,2,4,0.10732707,3,4,0.30107914,-4960.4442,27.014215,-0.58573313,-4932.8442
1,4,0.95639816,2,4,0.099820394,3,4,0.23083572,-4964.0508,25.741086,-2.1489039,-4936.1608
1,4,0.91755034,2,4,0.048054314,3,4,0.31414631,-4962.3913,25.595019,-1.372552,-4935.4237
1,4,0.9706796,2,4,0.070372974,3,4,0.31928787,-4961.0242,27.206809,-0.96202319,-4932.8553
1,4,0.86694038,2,4,0.086487386,3,4,0.34414326,-4962.5039,25.951421,-1.7517585,-4934.8008
1,4,0.94156972,2,4,0.076365793,3,4,0.32363843,-4960.6394,26.831479,-0.72878354,-4933.0791
1,4,0.95422599,2,4,0.11232631,3,4,0.29806331,-4960.8189,27.292312,-0.7926877,-4932.7339
1,4,0.86946785,2,4,0.09856465,3,4,0.25986689,-4960.3094,24.557988,-0.45861008,-4935.2928
1,4,0.94895596,2,4,0.15365584,3,4,0.19997879,-4964.4394,26.051812,-2.536558,-4935.8511
1,4,0.92864843,2,4,0.089228336,3,4,0.24577703,-4962.7589,25.273076,-1.5384786,-4935.9473
1,4,0.96103149,2,4,0.13686113,3,4,0.28261357,-4962.0851,27.610124,-1.5479231,-4932.927
1,4,0.79341853,2,4,0.15965465,3,4,0.22366775,-4963.4386,23.534819,-1.7322448,-4938.1715
1,4,0.79906678,2,4,0.115009,3,4,0.24903685,-4961.7814,23.262253,-1.0861534,-4937.433
1,4,0.91080903,2,4,0.12512013,3,4,0.29642186,-4960.9582,26.64702,-0.87734247,-4933.4338
1,4,0.88292367,2,4,0.10801445,3,4,0.29464174,-4959.7065,25.711597,-0.19050598,-4933.8044
1,4,0.96781269,2,4,0.14730246,3,4,0.28304671,-4963.4619,27.963237,-2.3913169,-4933.1074
1,4,0.83714513,2,4,0.13500146,3,4,0.29446024,-4961.9972,25.332137,-1.4302638,-4935.2348
1,4,0.81617798,2,4,0.065108726,3,4,0.31793534,-4962.9299,23.984441,-1.5193904,-4937.4261
1,4,0.86947596,2,4,0.15508794,3,4,0.18229187,-4966.495,24.137115,-2.9221521,-4939.4358
1,4,0.96875834,2,4,0.13766058,3,4,0.23053584,-4962.2045,26.739095,-1.5659424,-4933.8995
1,4,0.78818456,2,4,0.065742013,3,4,0.3371641,-4965.1194,23.821813,-2.485351,-4938.8122
1,4,1.0149379,2,4,0.070440567,3,4,0.29377618,-4962.4787,27.583093,-1.7655227,-4933.1301
1,4,0.8783311,2,4,0.14936725,3,4,0.33981766,-4969.5682,27.35032,-6.337767,-4935.8801
1,4,0.98538203,2,4,0.084398867,3,4,0.27768343,-4961.4257,26.949287,-1.1129431,-4933.3635
1,4,0.85168043,2,4,0.092706768,3,4,0.33368715,-4962.0652,25.561487,-1.4631544,-4935.0405
1,4,0.86361719,2,4,0.10957136,3,4,0.24631663,-4960.6394,24.390103,-0.60298444,-4935.6463
1,4,0.93065534,2,4,0.051132236,3,4,0.27308405,-4965.8182,25.097433,-2.7200495,-4938.0007
1,4,0.77743635,2,4,0.10521104,3,4,0.24674634,-4963.6676,22.587875,-1.9000821,-4939.1797
1,4,0.89127937,2,4,0.03535596,3,4,0.28301967,-4968.9178,24.1931,-3.7139515,-4941.0108
1,4,0.93821216,2,4,0.083740961,3,4,0.30511403,-4960.0096,26.541343,-0.36394012,-4933.1043
1,4,0.88846423,2,4,0.10329224,3,4,0.28371198,-4959.3551,25.509369,-0.007777434,-4933.838
1,4,0.95034166,2,4,0.098715719,3,4,0.28890713,-4959.9675,26.75929,-0.3390368,-4932.8692
1,4,0.92749919,2,4,0.09493577,3,4,0.26291922,-4960.4464,25.707083,-0.53110763,-4934.2082
1,4,0.82455843,2,4,0.13633961,3,4,0.20157064,-4964.9778,23.249374,-2.3143427,-4939.4141
1,4,0.79347194,2,4,0.13431189,3,4,0.25359442,-4961.6931,23.627565,-1.0225221,-4937.043
1,4,0.82456285,2,4,0.060717446,3,4,0.32424197,-4963.0412,24.190445,-1.5781039,-4937.2727
1,4,0.80234634,2,4,0.12230008,3,4,0.25209984,-4961.2916,23.534925,-0.85903038,-4936.8977
1,4,0.87416158,2,4,0.077993403,3,4,0.26438323,-4962.0649,24.330764,-1.2168278,-4936.5173
1,4,1.0004559,2,4,0.091603493,3,4,0.32266905,-4962.3605,28.294569,-1.7253763,-4932.3405
1,4,1.0401273,2,4,0.068575463,3,4,0.31863556,-4963.0986,28.546766,-2.3084593,-4932.2434
1,4,0.78875031,2,4,0.090902895,3,4,0.28236417,-4962.3295,23.240348,-1.2919542,-4937.7972
1,4,0.97293251,2,4,0.063610225,3,4,0.32862178,-4961.4438,27.30329,-1.2170139,-4932.9235
1,4,0.92795888,2,4,0.10600305,3,4,0.3243302,-4961.8356,27.165843,-1.3764318,-4933.2933
1,4,0.9663945,2,4,0.12059003,3,4,0.24162161,-4961.5568,26.572123,-1.1646463,-4933.82
1,4,0.77286928,2,4,0.14183378,3,4,0.26468683,-4963.102,23.587798,-1.6688467,-4937.8454
1,4,0.85156677,2,4,0.092006985,3,4,0.23794207,-4963.6791,23.630317,-1.9251006,-4938.1237
1,4,0.9541148,2,4,0.075199103,3,4,0.33354197,-4961.3058,27.257117,-1.1284101,-4932.9202
1,4,0.97072293,2,4,0.18054453,3,4,0.21371041,-4964.9133,27.299557,-3.4512519,-4934.1625
1,4,0.86679504,2,4,0.11878475,3,4,0.25072477,-4959.9633,24.726091,-0.29085763,-4934.9463
1,4,0.99649114,2,4,0.10342205,3,4,0.32169954,-4962.9883,28.432255,-2.0495215,-4932.5065
1,4,0.85009185,2,4,0.16887197,3,4,0.261387,-4963.2832,25.607016,-2.2322291,-4935.4439
1,4,1.002294,2,4,0.12403664,3,4,0.31278251,-4964.4728,28.782264,-2.9156773,-4932.7749
1,4,0.86981572,2,4,0.092691868,3,4,0.24539899,-4962.2761,24.158132,-1.3238834,-4936.7941
1,4,0.97970632,2,4,0.18017929,3,4,0.20317782,-4965.5764,27.261269,-3.7842679,-4934.5308
1,4,0.78966839,2,4,0.058307278,3,4,0.35507121,-4966.6716,24.060938,-3.2536265,-4939.3571
1,4,0.77295007,2,4,0.11355815,3,4,0.25086942,-4963.021,22.747553,-1.5872538,-4938.6862
1,4,0.96671326,2,4,0.056961321,3,4,0.37097663,-4963.9961,27.893024,-2.858603,-4933.2444
1,4,0.91073856,2,4,0.085373852,3,4,0.308394,-4959.8503,26.090128,-0.27083212,-4933.4894
1,4,0.89438225,2,4,0.16519829,3,4,0.26142826,-4962.7626,26.420176,-2.00785,-4934.3346
1,4,0.92531244,2,4,0.09104103,3,4,0.33801293,-4961.9833,27.087328,-1.4938009,-4933.4022
1,4,0.82626404,2,4,0.06481439,3,4,0.30360273,-4962.5971,23.893623,-1.3688766,-4937.3346
1,4,0.87841874,2,4,0.019974835,3,4,0.42268774,-4970.7735,26.421626,-6.4996578,-4937.8522
1,4,0.8656889,2,4,0.14063451,3,4,0.28431932,-4961.4432,25.812855,-1.1593878,-4934.4709
1,4,0.87372043,2,4,0.095132249,3,4,0.30737467,-4959.9808,25.524547,-0.33038237,-4934.1259
1,4,0.88699839,2,4,0.05197982,3,4,0.30407838,-4962.6434,24.861132,-1.4029377,-4936.3793
1,4,0.88868689,2,4,0.074968751,3,4,0.32154279,-4960.4796,25.703969,-0.58272362,-4934.1929
1,4,0.76494146,2,4,0.17459309,3,4,0.2448875,-4965.8432,23.688441,-3.0176982,-4939.1371
1,4,0.87947697,2,4,0.077529224,3,4,0.25254166,-4963.5575,24.190957,-1.8437444,-4937.5228
1,4,1.0083357,2,4,0.071190189,3,4,0.27089436,-4963.8979,27.008406,-2.3137521,-4934.5758
1,4,0.96467453,2,4,0.021981081,3,4,0.35547544,-4964.9259,26.842621,-2.8903615,-4935.1929
1,4,0.88658746,2,4,0.093562476,3,4,0.27249108,-4959.8265,25.05282,-0.23198395,-4934.5417
1,4,0.84555848,2,4,0.10037627,3,4,0.29618367,-4960.0461,24.842368,-0.33959848,-4934.8641
1,4,0.85398191,2,4,0.068378819,3,4,0.28278556,-4962.2056,24.102926,-1.2438773,-4936.8588
1,4,0.94458997,2,4,0.11607206,3,4,0.25495689,-4960.366,26.312378,-0.53676255,-4933.5168
1,4,0.9521847,2,4,0.098643958,3,4,0.27442031,-4960.141,26.504979,-0.42363171,-4933.2123
1,4,0.82703052,2,4,0.089675036,3,4,0.27554857,-4960.998,23.845083,-0.75657501,-4936.3963
1,4,0.7787539,2,4,0.097500641,3,4,0.27731037,-4962.5631,23.071298,-1.3852656,-4938.1065
1,4,1.0117611,2,4,0.051800424,3,4,0.3271819,-4962.8294,27.814869,-2.0552324,-4932.9593
1,4,0.78508189,2,4,0.041266474,3,4,0.36131623,-4969.0253,23.753292,-3.9883915,-4941.2836
1,4,0.97434519,2,4,0.08850144,3,4,0.27188579,-4961.1958,26.694648,-0.96675864,-4933.5344
1,4,0.90300166,2,4,0.10297003,3,4,0.27244428,-4959.47,25.568319,-0.064257388,-4933.8374
1,4,0.92689004,2,4,0.11469636,3,4,0.26607618,-4959.7413,26.153251,-0.21098723,-4933.377
1,4,0.96016401,2,4,0.085371168,3,4,0.35112156,-4963.4082,27.933135,-2.3658294,-4933.1093
1,4,0.81987699,2,4,0.14474581,3,4,0.23143341,-4961.6998,23.921124,-1.0230503,-4936.7556
1,4,0.92252146,2,4,0.097410624,3,4,0.30877802,-4960.1214,26.574202,-0.41726907,-4933.1299
1,4,0.77345646,2,4,0.082179439,3,4,0.29771018,-4963.7522,23.066921,-1.8311356,-4938.8542
1,4,0.94796022,2,4,0.017212691,3,4,0.34421843,-4966.1408,26.187827,-3.092818,-4936.8602
1,4,0.92953261,2,4,0.16264218,3,4,0.23780043,-4962.189,26.599504,-1.6677721,-4933.9217
1,4,0.95189298,2,4,0.12465767,3,4,0.27711269,-4960.6372,27.073267,-0.71196211,-4932.852
1,4,0.74846773,2,4,0.13046245,3,4,0.28264289,-4964.6304,23.231461,-2.2966175,-4939.1024
1,4,0.85065342,2,4,0.12597042,3,4,0.24791864,-4960.1818,24.49085,-0.38503542,-4935.3059
1,4,0.98342063,2,4,0.053477482,3,4,0.35047404,-4962.6963,27.747443,-2.0269416,-4932.9219
1,4,0.83080951,2,4,0.14023152,3,4,0.21849142,-4962.3959,23.790649,-1.2992384,-4937.306
1,4,0.90326638,2,4,0.031586618,3,4,0.35422024,-4964.2341,25.781465,-2.3178464,-4936.1348
1,4,0.87705142,2,4,0.077849149,3,4,0.31024666,-4960.2083,25.302945,-0.41747677,-4934.4878
1,4,0.81910373,2,4,0.09631154,3,4,0.27301641,-4960.8972,23.768634,-0.71135111,-4936.4172
1,4,0.97563499,2,4,0.13306541,3,4,0.27114867,-4961.6523,27.596981,-1.3233767,-4932.7319
1,4,0.81279795,2,4,0.050137605,3,4,0.30544441,-4965.5216,23.367599,-2.4419321,-4939.712
1,4,0.92777538,2,4,0.16303539,3,4,0.22850008,-4962.2655,26.386217,-1.6690622,-4934.2103
1,4,0.85752274,2,4,0.14802455,3,4,0.28497208,-4962.3549,25.810387,-1.6893629,-4934.8552
1,4,0.77924393,2,4,0.06517645,3,4,0.32075082,-4965.147,23.303424,-2.3586103,-4939.485
1,4,0.87133456,2,4,0.11453284,3,4,0.28223126,-4959.5727,25.361973,-0.11817787,-4934.0925
1,4,0.92942023,2,4,0.054893268,3,4,0.3274009,-4961.4067,26.234288,-1.057121,-4934.1153
1,4,0.72150885,2,4,0.1459966,3,4,0.24887034,-4966.6388,22.327516,-2.8878355,-4941.4234
1,4,0.85267574,2,4,0.089538391,3,4,0.30601952,-4960.2293,24.964673,-0.42743961,-4934.8371
1,4,0.81502227,2,4,0.11815389,3,4,0.2267855,-4963.0174,23.199233,-1.6141787,-4938.204
1,4,0.88394884,2,4,0.090258899,3,4,0.30349444,-4959.7326,25.554044,-0.19914834,-4933.9794
1,4,0.74987318,2,4,0.081659185,3,4,0.31337848,-4965.8591,22.898217,-2.6498069,-4940.311
1,4,0.85113809,2,4,0.16031983,3,4,0.2395999,-4961.6711,25.021157,-1.1876097,-4935.4623
1,4,0.77695227,2,4,0.10989724,3,4,0.21673171,-4967.1263,22.071624,-3.3149627,-4941.7397
1,4,0.91616559,2,4,0.11644508,3,4,0.28936961,-4959.9974,26.439605,-0.34468186,-4933.2131
1,4,0.96501209,2,4,0.1454648,3,4,0.26462142,-4962.1091,27.501966,-1.6159844,-4932.9912
1,4,0.91995031,2,4,0.074752075,3,4,0.32883269,-4960.7185,26.470702,-0.76206972,-4933.4857
1,4,0.83637081,2,4,0.075084331,3,4,0.31377211,-4961.3223,24.504545,-0.88994052,-4935.9278
1,4,0.90094735,2,4,0.085363317,3,4,0.30112939,-4959.6953,25.748801,-0.17996852,-4933.7665
1,4,0.90017724,2,4,0.14098635,3,4,0.24626454,-4960.3906,25.748563,-0.55468349,-4934.0874
1,4,0.87576128,2,4,0.13454874,3,4,0.26069361,-4959.9867,25.420073,-0.33501249,-4934.2316
1,4,0.8715667,2,4,0.072230145,3,4,0.29844919,-4960.6516,24.844921,-0.58733876,-4935.2193
1,4,0.85290447,2,4,0.10650311,3,4,0.26830844,-4959.7588,24.554321,-0.20075151,-4935.0037
1,4,0.84842622,2,4,0.15048425,3,4,0.27824418,-4962.2123,25.543093,-1.5857339,-4935.0835
1,4,0.93288254,2,4,0.032936974,3,4,0.39953267,-4966.5121,27.307044,-4.3679157,-4934.8372
1,4,0.8551368,2,4,0.059187064,3,4,0.32928218,-4962.1282,24.872121,-1.2592551,-4935.9968
1,4,0.87790055,2,4,0.11436889,3,4,0.29271914,-4959.9034,25.699771,-0.29515425,-4933.9084
1,4,0.86797071,2,4,0.037646348,3,4,0.35672034,-4964.5413,25.246748,-2.4007597,-4936.8938
1,4,0.81952088,2,4,0.11976136,3,4,0.27242953,-4960.4503,24.234235,-0.50872,-4935.7073
1,4,0.94429255,2,4,0.13488176,3,4,0.27155228,-4960.9641,27.014532,-0.90841231,-4933.0412
1,4,0.86481117,2,4,0.13897657,3,4,0.19410123,-4965.413,23.957779,-2.4984476,-4938.9568
1,4,0.89593436,2,4,0.069175037,3,4,0.34194522,-4961.5554,26.141092,-1.2086768,-4934.2057
1,4,0.77749334,2,4,0.15536832,3,4,0.19836987,-4966.3928,22.624631,-2.7483818,-4941.0198
1,4,0.87005691,2,4,0.051621145,3,4,0.3219293,-4962.4323,24.872147,-1.3373988,-4936.2228
1,4,0.88410741,2,4,0.095652264,3,4,0.24468516,-4961.8969,24.488897,-1.1554122,-4936.2525
1,4,0.93451753,2,4,0.13462173,3,4,0.20113252,-4964.881,25.405436,-2.4865572,-4936.989
1,4,0.87779337,2,4,0.052426229,3,4,0.33933379,-4962.3318,25.391068,-1.4217997,-4935.5189
1,4,0.89585225,2,4,0.075942524,3,4,0.29913465,-4960.1084,25.418589,-0.36178826,-4934.328
1,4,0.89148927,2,4,0.12012607,3,4,0.22931377,-4961.5103,24.818582,-0.97724023,-4935.7145
1,4,0.89760864,2,4,0.12038922,3,4,0.24070793,-4960.4846,25.174116,-0.53472142,-4934.7757
1,4,0.8094755,2,4,0.1269385,3,4,0.23926003,-4961.5931,23.513481,-0.98532093,-4937.0943
1,4,0.8941438,2,4,0.14654544,3,4,0.20713157,-4962.9628,24.956416,-1.626394,-4936.38
1,4,0.88013049,2,4,0.13761528,3,4,0.25543052,-4960.1026,25.463526,-0.39597017,-4934.2431
1,4,0.88388353,2,4,0.035123544,3,4,0.31155235,-4965.4643,24.611189,-2.4435061,-4938.4096
1,4,0.99906979,2,4,0.13717881,3,4,0.2154844,-4964.5136,27.03466,-2.7866791,-4934.6923
1,4,0.85192901,2,4,0.10768353,3,4,0.24948636,-4960.6607,24.181978,-0.61692518,-4935.8618
1,4,0.94864056,2,4,0.14244501,3,4,0.26680384,-4961.4958,27.157788,-1.2339648,-4933.104
1,4,0.98092131,2,4,0.038321764,3,4,0.38374139,-4965.0798,28.059689,-3.6184337,-4933.4017
1,4,0.99607199,2,4,0.05750698,3,4,0.2956885,-4963.0436,26.985349,-1.9105969,-4934.1477
1,4,0.92427011,2,4,0.10206446,3,4,0.26284314,-4960.025,25.783554,-0.33600882,-4933.9055
1,4,0.90519169,2,4,0.069471911,3,4,0.3315594,-4960.9013,26.12446,-0.83658246,-4933.9402
1,4,0.88596848,2,4,0.093847459,3,4,0.31628824,-4960.3304,25.922084,-0.52956741,-4933.8788
1,4,0.92866255,2,4,0.13750192,3,4,0.291009,-4962.0175,27.143469,-1.4962857,-4933.3778
1,4,0.92241691,2,4,0.035461204,3,4,0.32271685,-4963.9538,25.611899,-2.0209981,-4936.3209
1,4,0.92157976,2,4,0.10291132,3,4,0.29530353,-4959.7273,26.395892,-0.20167874,-4933.1297
1,4,0.91247475,2,4,0.10034391,3,4,0.26836025,-4959.7287,25.623578,-0.18989191,-4933.9152
1,4,0.85657425,2,4,0.14280267,3,4,0.2656403,-4960.7234,25.300344,-0.72813685,-4934.6949
1,4,0.887666,2,4,0.0879076,3,4,0.30676387,-4959.816,25.646749,-0.2437007,-4933.9255
1,4,0.86610614,2,4,0.11842802,3,4,0.30559079,-4961.0476,25.802499,-0.9235935,-4934.3216
1,4,0.95310406,2,4,0.087297351,3,4,0.28212086,-4960.3198,26.450445,-0.51039373,-4933.359
1,4,0.8813461,2,4,0.16580537,3,4,0.26111739,-4962.7579,26.165377,-1.986005,-4934.6065
1,4,0.82359176,2,4,0.065812758,3,4,0.26928027,-4964.9718,23.173696,-2.3864102,-4939.4117
1,4,0.79443944,2,4,0.18540042,3,4,0.27504159,-4968.1977,25.097629,-5.0579104,-4938.0422
1,4,0.88950848,2,4,0.064919704,3,4,0.27704598,-4962.6386,24.629483,-1.4293171,-4936.5798
1,4,0.92863054,2,4,0.11049948,3,4,0.2790458,-4959.6671,26.363516,-0.17205638,-4933.1315
1,4,1.0187047,2,4,0.084573695,3,4,0.31327748,-4962.2355,28.331118,-1.7107895,-4932.1936
1,4,0.81570179,2,4,0.12257756,3,4,0.26105147,-4960.6103,23.986616,-0.57009009,-4936.0536
1,4,0.88326403,2,4,0.15916092,3,4,0.20363369,-4963.2224,24.921173,-1.7728126,-4936.5284
1,4,0.78631114,2,4,0.1137775,3,4,0.29726821,-4962.4345,23.947137,-1.4196406,-4937.0677
1,4,0.90881613,2,4,0.13214354,3,4,0.3002928,-4961.937,26.82505,-1.4438754,-4933.6681
1,4,0.91390214,2,4,0.1381496,3,4,0.24928084,-4960.3661,26.026652,-0.55388521,-4933.7855
1,4,0.94908215,2,4,0.061129187,3,4,0.30882071,-4961.1953,26.380641,-0.94167587,-4933.873
1,4,0.89269405,2,4,0.13923758,3,4,0.24543901,-4960.293,25.547413,-0.48921332,-4934.2564
1,4,0.85167602,2,4,0.11866996,3,4,0.26174795,-4959.7714,24.641878,-0.20217041,-4934.9274
1,4,0.87005927,2,4,0.11022485,3,4,0.31269749,-4960.9862,25.859632,-0.88996537,-4934.2366
1,4,0.71669268,2,4,0.10071667,3,4,0.2801609,-4967.1805,21.951405,-3.0798132,-4942.1493
1,4,1.0124484,2,4,0.078400061,3,4,0.28715349,-4962.1781,27.560039,-1.5991418,-4933.0189
1,4,0.82700557,2,4,0.11239808,3,4,0.30595084,-4961.3717,24.90709,-1.0298736,-4935.4348
1,4,0.82005101,2,4,0.08736671,3,4,0.30109009,-4961.0938,24.170156,-0.78379967,-4936.1399
1,4,0.77879617,2,4,0.095431266,3,4,0.30272909,-4962.9018,23.53913,-1.5414304,-4937.8212
1,4,0.9298117,2,4,0.064722313,3,4,0.28573125,-4961.8145,25.605305,-1.1283266,-4935.0809
1,4,0.65178927,2,4,0.1509733,3,4,0.24131209,-4974.8511,20.881493,-5.5054875,-4948.4641
1,4,0.91993022,2,4,0.051376641,3,4,0.28307171,-4964.3493,25.087571,-2.1245434,-4937.1372
1,4,0.93949946,2,4,0.087314711,3,4,0.33183477,-4961.3873,27.172979,-1.1491307,-4933.0652
1,4,0.9148538,2,4,0.10717961,3,4,0.25846174,-4959.951,25.609903,-0.29679666,-4934.0443
1,4,1.0210415,2,4,0.09953737,3,4,0.23147162,-4966.0379,27.041009,-3.3605918,-4935.6363
1,4,0.95111781,2,4,0.10399494,3,4,0.2852171,-4960.0067,26.806597,-0.35946044,-4932.8407
1,4,0.95245303,2,4,0.059061957,3,4,0.36437444,-4963.2712,27.517788,-2.3660396,-4933.3874
1,4,1.0224929,2,4,0.062248763,3,4,0.34546826,-4963.4323,28.604199,-2.5320127,-4932.296
1,4,0.91738889,2,4,0.10865481,3,4,0.19731254,-4968.9707,24.467125,-3.9483531,-4940.5552
1,4,0.90431629,2,4,0.10085253,3,4,0.29117685,-4959.4574,25.926913,-0.060607508,-4933.4698
1,4,0.93727412,2,4,0.11269895,3,4,0.29957166,-4960.5864,26.990895,-0.66143708,-4932.934
1,4,0.89815823,2,4,0.091918779,3,4,0.3220839,-4960.6044,26.243218,-0.68883706,-4933.6724
1,4,0.92339338,2,4,0.025663578,3,4,0.3327983,-4965.273,25.637105,-2.5605903,-4937.0753
1,4,0.8741475,2,4,0.035940705,3,4,0.33542448,-4964.3758,24.910254,-2.117266,-4937.3483
1,4,0.97747166,2,4,0.085171173,3,4,0.34006531,-4962.6756,28.054163,-1.9190199,-4932.7024
1,4,0.90174311,2,4,0.083995372,3,4,0.24269499,-4963.8387,24.568669,-1.9631197,-4937.3069
1,4,0.85657041,2,4,0.11101662,3,4,0.25876475,-4959.8991,24.527036,-0.26573117,-4935.1064
1,4,1.0231366,2,4,0.085440666,3,4,0.28091337,-4962.474,27.789814,-1.7979169,-4932.8862
1,4,0.89287009,2,4,0.082755346,3,4,0.30905052,-4959.9123,25.693519,-0.29122221,-4933.9275
1,4,0.78738548,2,4,0.10780409,3,4,0.28765747,-4961.8672,23.656941,-1.1108248,-4937.0994
1,4,0.91962515,2,4,0.15697018,3,4,0.19996612,-4963.876,25.531229,-2.1658836,-4936.1789
1,4,1.0389075,2,4,0.08890713,3,4,0.30146628,-4962.8051,28.585619,-2.0875906,-4932.1319
1,4,0.93038593,2,4,0.13949719,3,4,0.23996269,-4960.8756,26.196916,-0.82623288,-4933.8524
1,4,0.95671122,2,4,0.040005496,3,4,0.3532661,-4963.0247,26.999656,-2.0669482,-4933.9581
1,4,0.90870292,2,4,0.089976718,3,4,0.29097935,-4959.5552,25.79318,-0.10854248,-4933.6535
1,4,0.89011972,2,4,0.14107064,3,4,0.27063654,-4960.6924,26.036538,-0.74593343,-4933.9099
1,4,0.97325959,2,4,0.16707818,3,4,0.24039621,-4963.7052,27.61468,-2.7049561,-4933.3855
1,4,0.80262787,2,4,0.1333241,3,4,0.22479685,-4962.8028,23.214976,-1.4679714,-4938.1199
1,4,0.86770617,2,4,0.13679245,3,4,0.28140691,-4960.8829,25.718111,-0.83794145,-4934.3269
1,4,0.79869708,2,4,0.1107112,3,4,0.31296839,-4962.8209,24.447533,-1.7079225,-4936.6654
1,4,0.9886245,2,4,0.11953473,3,4,0.30558085,-4962.8621,28.274802,-1.9627785,-4932.6245
1,4,0.81790842,2,4,0.11466073,3,4,0.33052805,-4964.1676,25.261944,-2.6244267,-4936.2813
1,4,0.90597283,2,4,0.10076996,3,4,0.25713721,-4960.2764,25.2776,-0.4418067,-4934.557
1,4,0.86218486,2,4,0.074891039,3,4,0.2677285,-4962.3671,24.096088,-1.3404678,-4936.9306
1,4,0.91775091,2,4,0.072586198,3,4,0.31809554,-4960.3417,26.168653,-0.52944886,-4933.6436
1,4,1.0323303,2,4,0.13502432,3,4,0.22174681,-4965.2709,27.782029,-3.4225706,-4934.0663
1,4,0.84109519,2,4,0.072773056,3,4,0.3248774,-4961.6282,24.774913,-1.0663215,-4935.787
1,4,0.95839319,2,4,0.0078931801,3,4,0.38243091,-4967.0968,26.974346,-4.1175599,-4936.0049
1,4,0.82562058,2,4,0.10083803,3,4,0.27865599,-4960.3615,24.102292,-0.46820239,-4935.7911
1,4,0.85786849,2,4,0.078070997,3,4,0.27688845,-4961.2535,24.256559,-0.86128191,-4936.1357
1,4,0.79016447,2,4,0.08454746,3,4,0.35901663,-4966.8377,24.674571,-3.8300448,-4938.3331
1,4,0.84992805,2,4,0.051369496,3,4,0.2924893,-4964.5555,23.875737,-2.1215815,-4938.5582
1,4,0.90804714,2,4,0.14503065,3,4,0.2479308,-4960.6452,26.020172,-0.71549272,-4933.9096
1,4,0.94137329,2,4,0.13327154,3,4,0.25901878,-4960.5615,26.673272,-0.68267755,-4933.2055
1,4,0.77976415,2,4,0.09503101,3,4,0.34105678,-4965.7533,24.317039,-3.149824,-4938.2865
1,4,0.92764901,2,4,0.072303979,3,4,0.32239958,-4960.5084,26.447051,-0.63779731,-4933.4236
1,4,0.74057276,2,4,0.11583321,3,4,0.32541312,-4967.8661,23.636382,-4.0045534,-4940.2251
1,4,0.84820169,2,4,0.063838153,3,4,0.27968256,-4963.3679,23.834448,-1.7139628,-4937.8195
1,4,0.74837708,2,4,0.11277894,3,4,0.26403797,-4964.1216,22.50388,-1.9761792,-4939.6416
1,4,0.84086227,2,4,0.021337103,3,4,0.32991305,-4969.3929,23.842249,-3.6962727,-4941.8544
1,4,0.86235906,2,4,0.10070133,3,4,0.29966711,-4959.8819,25.25455,-0.27263729,-4934.3547
1,4,1.0281834,2,4,0.085199735,3,4,0.31876956,-4962.8295,28.643054,-2.0757996,-4932.1107
1,4,0.88107025,2,4,0.063120763,3,4,0.2735809,-4963.4414,24.355438,-1.7530307,-4937.3329
1,4,1.0275419,2,4,0.026276307,3,4,0.36343348,-4965.256,28.345033,-3.6784807,-4933.2324
1,4,0.77888859,2,4,0.100523,3,4,0.26876747,-4962.6031,22.963581,-1.4156715,-4938.2239
1,4,0.86225497,2,4,0.1398966,3,4,0.27923484,-4961.0657,25.627728,-0.93744958,-4934.5005
1,4,0.87589065,2,4,0.15849422,3,4,0.25381783,-4961.6069,25.764054,-1.263568,-4934.5793
1,4,0.84546208,2,4,0.15094118,3,4,0.24039637,-4961.1184,24.735993,-0.85455215,-4935.5279
1,4,0.92773678,2,4,0.059357624,3,4,0.3428342,-4961.6281,26.598572,-1.2745691,-4933.755
1,4,0.94552925,2,4,0.077056241,3,4,0.3019693,-4960.2615,26.491096,-0.49090704,-4933.2795
1,4,0.93243173,2,4,0.10559415,3,4,0.28557868,-4959.7034,26.472091,-0.19098293,-4933.0403
1,4,0.81696791,2,4,0.15711605,3,4,0.20994667,-4963.496,23.680613,-1.7314526,-4938.0839
1,4,0.84818688,2,4,0.060721607,3,4,0.27766975,-4964.1712,23.731565,-2.0299763,-4938.4097
1,4,0.97830959,2,4,0.10928626,3,4,0.26257149,-4960.9934,27.003347,-0.90938493,-4933.0807
1,4,0.85287224,2,4,0.14442941,3,4,0.21991345,-4961.836,24.344302,-1.0931663,-4936.3986
1,4,0.94614621,2,4,0.1194988,3,4,0.28534022,-4960.4885,27.019705,-0.61722374,-4932.8515
1,4,1.0190881,2,4,0.12015404,3,4,0.24901426,-4962.9382,27.765128,-2.0948686,-4933.0782
1,4,0.98321451,2,4,0.063391072,3,4,0.30975539,-4961.5747,27.127219,-1.2341993,-4933.2133
1,4,0.93945626,2,4,0.10471218,3,4,0.23130022,-4963.0562,25.509373,-1.6923061,-4935.8545
1,4,0.79665264,2,4,0.10087313,3,4,0.27059524,-4961.617,23.36242,-1.0111279,-4937.2434
1,4,0.79790689,2,4,0.11411075,3,4,0.23842017,-4962.7,23.008756,-1.4897283,-4938.2015
1,4,0.87378285,2,4,0.11567814,3,4,0.20784029,-4965.2419,23.946026,-2.4880423,-4938.8078
1,4,0.82371459,2,4,0.093720184,3,4,0.2656051,-4961.2756,23.660798,-0.89146172,-4936.7234
1,4,0.87583988,2,4,0.10781899,3,4,0.2811286,-4959.4001,25.295749,-0.02991912,-4934.0744
1,4,0.88859111,2,4,0.10324,3,4,0.31051112,-4960.3277,26.046845,-0.52874057,-4933.7521
1,4,0.87262897,2,4,0.075849036,3,4,0.29428178,-4960.4316,24.855196,-0.49342882,-4935.083
1,4,0.97017567,2,4,0.15135918,3,4,0.18926057,-4966.6185,26.215908,-3.5441107,-4936.8585
1,4,0.91873363,2,4,0.13434094,3,4,0.21909576,-4962.1701,25.443407,-1.3238395,-4935.4029
1,4,1.034513,2,4,0.12747145,3,4,0.21448442,-4966.5403,27.529377,-3.9124564,-4935.0985
1,4,0.97975332,2,4,0.11962039,3,4,0.26873194,-4961.0397,27.362113,-0.96375207,-4932.7138
1,4,0.85958477,2,4,0.086103666,3,4,0.33069147,-4961.4214,25.527598,-1.096428,-4934.7974
1,4,1.0607223,2,4,0.055476124,3,4,0.32042489,-4964.3415,28.732466,-3.112954,-4932.496
1,4,0.87640324,2,4,0.087291062,3,4,0.31266786,-4960.1188,25.527243,-0.39827676,-4934.1933
1,4,0.85645522,2,4,0.081317494,3,4,0.27412026,-4961.098,24.23786,-0.79962637,-4936.0605
1,4,0.84104976,2,4,0.094818638,3,4,0.25945592,-4961.1098,23.906486,-0.82500144,-4936.3783
1,4,0.90978026,2,4,0.1518831,3,4,0.29462702,-4963.8908,27.125807,-2.6540345,-4934.111
1,4,0.88685797,2,4,0.040345506,3,4,0.31643855,-4963.9559,24.87284,-1.9111932,-4937.1719
1,4,0.94157076,2,4,0.10076912,3,4,0.28403731,-4959.7904,26.527544,-0.24048931,-4933.0223
1,4,0.82202351,2,4,0.083223388,3,4,0.31145012,-4961.4254,24.33394,-0.94307199,-4936.1484
1,4,0.9321471,2,4,0.043965135,3,4,0.32995875,-4962.4198,26.12142,-1.4977707,-4934.8006
1,4,0.90965452,2,4,0.074947881,3,4,0.33126969,-4960.8358,26.317442,-0.821391,-4933.697
1,4,0.94924866,2,4,0.062158562,3,4,0.32088093,-4961.0208,26.645763,-0.90820347,-4933.4669
1,4,0.97026857,2,4,0.15665557,3,4,0.30067079,-4966.655,28.551898,-4.367307,-4933.7358
1,4,0.81331925,2,4,0.11370306,3,4,0.24825832,-4961.3579,23.505613,-0.91385947,-4936.9384
1,4,0.91145144,2,4,0.07244471,3,4,0.26892239,-4962.2057,25.056371,-1.2752159,-4935.8741
1,4,0.94523574,2,4,0.08370106,3,4,0.28598824,-4960.2369,26.298501,-0.46032875,-4933.4781
1,4,0.90643216,2,4,0.12977522,3,4,0.33214976,-4965.2706,27.367143,-3.468916,-4934.4345
1,4,0.77250023,2,4,0.16576634,3,4,0.25698221,-4964.9236,23.904976,-2.6589188,-4938.3597
1,4,0.81332198,2,4,0.061682295,3,4,0.30227356,-4963.6512,23.545557,-1.7725384,-4938.3331
1,4,0.92863191,2,4,0.082450106,3,4,0.29492101,-4959.9047,26.12006,-0.29013281,-4933.4945
1,4,0.94926041,2,4,0.078167234,3,4,0.34534775,-4962.2076,27.455508,-1.6610307,-4933.091
1,4,0.8799069,2,4,0.10187813,3,4,0.34065065,-4963.0375,26.448714,-2.1042875,-4934.4845
1,4,0.94520926,2,4,0.10154336,3,4,0.30496432,-4960.413,27.034339,-0.57333548,-4932.8054
1,4,0.85201151,2,4,0.091720705,3,4,0.28526758,-4959.9685,24.579996,-0.29270259,-4935.0958
1,4,0.96620825,2,4,0.082000526,3,4,0.27232932,-4961.4547,26.410762,-1.0562658,-4933.9877
1,4,0.87864688,2,4,0.11073467,3,4,0.29528815,-4959.8545,25.693394,-0.26882561,-4933.8923
1,4,0.8123323,2,4,0.12054735,3,4,0.25364814,-4960.903,23.730556,-0.69803736,-4936.4744
1,4,0.92673491,2,4,0.097201051,3,4,0.25327954,-4961.028,25.54431,-0.7926417,-4934.6911
1,4,0.92903605,2,4,0.021408213,3,4,0.36271763,-4965.2526,26.263238,-2.9016936,-4936.0877
1,4,0.82421609,2,4,0.10418942,3,4,0.29739244,-4960.6815,24.515959,-0.63411025,-4935.5314
1,4,0.96497377,2,4,0.12847482,3,4,0.28796419,-4961.7375,27.628255,-1.3288068,-4932.7804
1,4,0.93419303,2,4,0.086530486,3,4,0.30718524,-4959.9895,26.558175,-0.35317905,-4933.0782
1,4,0.91830478,2,4,0.081073702,3,4,0.2670536,-4961.2843,25.328642,-0.89204262,-4935.0636
1,4,0.89978812,2,4,0.09362743,3,4,0.3338762,-4961.6423,26.545835,-1.2871753,-4933.8092
1,4,0.90225147,2,4,0.12787232,3,4,0.27637532,-4960.0283,26.129982,-0.36946791,-4933.5289
1,4,1.0420085,2,4,0.062273165,3,4,0.30525758,-4963.556,28.190784,-2.4963122,-4932.8689
1,4,0.98722573,2,4,0.065826411,3,4,0.32250983,-4961.5548,27.511239,-1.2904328,-4932.7531
1,4,0.97484706,2,4,0.11461696,3,4,0.2758791,-4960.7662,27.306862,-0.79745812,-4932.6619
1,4,0.89747057,2,4,0.082539782,3,4,0.28953546,-4959.8751,25.390916,-0.25303571,-4934.2312
1,4,0.9146563,2,4,0.12049302,3,4,0.26683133,-4959.6702,26.039613,-0.17469366,-4933.4558
1,4,0.8067789,2,4,0.10843235,3,4,0.29074544,-4961.1039,24.119134,-0.80553274,-4936.1793
1,4,0.89795115,2,4,0.1844296,3,4,0.24812654,-4964.5826,26.610146,-3.2046456,-4934.7678
1,4,0.8051682,2,4,0.11021329,3,4,0.28187336,-4960.9606,23.945097,-0.72756888,-4936.2879
1,4,0.89300207,2,4,0.13324209,3,4,0.27251473,-4960.1864,25.975178,-0.4581808,-4933.753
1,4,1.0661531,2,4,0.11176322,3,4,0.26406997,-4964.5109,28.839725,-3.2108632,-4932.4603
1,4,0.78213754,2,4,0.022452364,3,4,0.33415275,-4973.2745,22.774853,-4.8721389,-4945.6275
1,4,0.72441257,2,4,0.093298123,3,4,0.28791175,-4966.8859,22.112449,-2.9776725,-4941.7958
1,4,0.78284627,2,4,0.093399071,3,4,0.28790658,-4962.4506,23.283039,-1.3312492,-4937.8363
1,4,0.86007459,2,4,0.13253793,3,4,0.27730254,-4960.3923,25.398301,-0.55373901,-4934.4402
1,4,0.84160594,2,4,0.092633274,3,4,0.31015814,-4960.6378,24.887947,-0.63079095,-4935.119
1,4,0.90011809,2,4,0.029459055,3,4,0.41417802,-4968.7468,26.875103,-5.6164662,-4936.2553
1,4,0.86092428,2,4,0.064186853,3,4,0.2933207,-4961.9574,24.368637,-1.1249488,-4936.4639
1,4,0.80454807,2,4,0.11021929,3,4,0.36509596,-4969.1223,25.597266,-5.6595212,-4937.8656
1,4,0.79140196,2,4,0.14035907,3,4,0.30364401,-4964.7919,24.708101,-2.8706983,-4937.2131
1,4,0.95261731,2,4,0.16720419,3,4,0.15942674,-4971.2826,25.584965,-5.2927346,-4940.4049
1,4,0.93270552,2,4,0.11673201,3,4,0.27594208,-4959.8624,26.507592,-0.27853377,-4933.0763
1,4,0.76790654,2,4,0.14681353,3,4,0.24175227,-4963.5076,23.129447,-1.7360825,-4938.6421
1,4,0.79236121,2,4,0.096725315,3,4,0.29689541,-4961.952,23.719639,-1.1450055,-4937.0873
1,4,0.95012949,2,4,0.095786185,3,4,0.29420828,-4960.005,26.802479,-0.36018546,-4932.8423
1,4,0.83200184,2,4,0.1550328,3,4,0.18655106,-4966.2671,23.471714,-2.7544477,-4940.0409
1,4,0.78544657,2,4,0.099365721,3,4,0.2861728,-4962.0617,23.419702,-1.1763817,-4937.4657
1,4,0.89985294,2,4,0.09811329,3,4,0.31484656,-4960.3706,26.256256,-0.55552404,-4933.5588
1,4,0.92578257,2,4,0.12242814,3,4,0.19282909,-4967.8145,24.820796,-3.5440781,-4939.4496
1,4,0.8951419,2,4,0.10544929,3,4,0.31176845,-4960.5267,26.247193,-0.63910039,-4933.6404
1,4,0.95187416,2,4,0.087418357,3,4,0.29291829,-4960.0894,26.644216,-0.40518712,-4933.04
1,4,0.88837737,2,4,0.1242941,3,4,0.29894705,-4960.9403,26.23237,-0.87097282,-4933.837
1,4,0.86526965,2,4,0.12774793,3,4,0.29439146,-4960.9657,25.748181,-0.87952282,-4934.338
1,4,0.9145773,2,4,0.065678662,3,4,0.33014407,-4960.9082,26.208001,-0.83632986,-4933.8639
1,4,0.89871168,2,4,0.096483999,3,4,0.26628273,-4959.9448,25.229568,-0.28784081,-4934.4274
1,4,0.97101766,2,4,0.10597844,3,4,0.25234541,-4961.4337,26.58683,-1.0832322,-4933.7637
1,4,0.87159716,2,4,0.054018739,3,4,0.37641871,-4964.9591,26.040692,-3.1119161,-4935.8065
1,4,0.88181661,2,4,0.13509532,3,4,0.25909094,-4959.9951,25.520057,-0.34225757,-4934.1328
1,4,0.9568827,2,4,0.1045655,3,4,0.26782078,-4960.318,26.58538,-0.52083504,-4933.2118
1,4,0.89283688,2,4,0.14951838,3,4,0.23677521,-4960.9117,25.582609,-0.81783229,-4934.5113
1,4,0.88335666,2,4,0.11838745,3,4,0.2605805,-4959.5552,25.246492,-0.10438049,-4934.2043
1,4,1.0165718,2,4,0.095560795,3,4,0.28173194,-4961.9327,27.877291,-1.5090308,-4932.5464
1,4,0.90568511,2,4,0.032996474,3,4,0.33372886,-4964.1415,25.448209,-2.093105,-4936.6002
1,4,0.83736833,2,4,0.079977746,3,4,0.26887255,-4962.1221,23.724373,-1.2480889,-4937.1496
1,4,0.8732569,2,4,0.076936692,3,4,0.29315351,-4960.3644,24.866942,-0.4646159,-4935.0329
1,4,1.0000611,2,4,0.068053191,3,4,0.30082119,-4961.9189,27.378709,-1.4418197,-4933.0983
1,4,0.89435374,2,4,0.11297778,3,4,0.25699312,-4959.7309,25.286493,-0.18767904,-4934.2567
1,4,0.84791295,2,4,0.083320496,3,4,0.27798663,-4960.855,24.184401,-0.69109421,-4935.9795
1,4,0.89477156,2,4,0.095897152,3,4,0.28372163,-4959.4313,25.487807,-0.044859592,-4933.8986
1,4,0.74104459,2,4,0.091391042,3,4,0.30581725,-4965.8423,22.765058,-2.6462737,-4940.431
1,4,0.94269285,2,4,0.14148949,3,4,0.23133265,-4961.5398,26.3103,-1.1765136,-4934.053
1,4,0.76810261,2,4,0.11145253,3,4,0.31631591,-4964.7452,23.917421,-2.5428441,-4938.2849
1,4,0.92313604,2,4,0.081439729,3,4,0.32618103,-4960.6484,26.615136,-0.7262526,-4933.307
1,4,0.78724285,2,4,0.18829094,3,4,0.20551169,-4966.457,23.62091,-3.0982248,-4939.7379
1,4,1.0570825,2,4,0.09786513,3,4,0.28704643,-4963.6202,28.839881,-2.6276657,-4932.1527
1,4,0.86689241,2,4,0.091476766,3,4,0.30252075,-4959.8674,25.217798,-0.25911266,-4934.3905
1,4,0.9259442,2,4,0.11599077,3,4,0.29624255,-4960.4321,26.763551,-0.57825654,-4933.0903
1,4,0.95444703,2,4,0.15694809,3,4,0.1904321,-4965.794,26.036544,-3.1529689,-4936.6045
1,4,0.837938,2,4,0.069921533,3,4,0.31126939,-4961.5736,24.382579,-0.97639108,-4936.2146
1,4,0.94303081,2,4,0.12494331,3,4,0.26192419,-4960.2652,26.597966,-0.5080091,-4933.1592
1,4,0.79155574,2,4,0.15016607,3,4,0.22154053,-4963.3588,23.265247,-1.6572104,-4938.4364
1,4,0.88697758,2,4,0.086460572,3,4,0.33139203,-4961.135,26.096604,-0.98304377,-4934.0553
1,4,0.79597904,2,4,0.13234345,3,4,0.26983722,-4961.6515,23.963194,-1.0504569,-4936.6378
1,4,0.76990677,2,4,0.069907482,3,4,0.27994252,-4966.1741,22.395135,-2.8015116,-4940.9775
1,4,0.80384279,2,4,0.16414332,3,4,0.22974773,-4963.1005,23.954677,-1.6852716,-4937.4606
1,4,0.83987605,2,4,0.050650265,3,4,0.28952263,-4965.3717,23.600979,-2.4314244,-4939.3393
1,4,0.85804872,2,4,0.10855071,3,4,0.28996923,-4959.7603,25.131373,-0.2092351,-4934.4197
1,4,0.78825818,2,4,0.09966856,3,4,0.29453318,-4962.0506,23.649198,-1.1851306,-4937.2163
1,4,0.9779983,2,4,0.041250289,3,4,0.31711995,-4963.4873,26.727371,-2.0730576,-4934.6869
1,4,0.85697968,2,4,0.14598684,3,4,0.23485846,-4960.9087,24.7565,-0.733838,-4935.4184
1,4,0.95560819,2,4,0.11093613,3,4,0.29208106,-4960.4976,27.172508,-0.62124101,-4932.7039
1,4,0.85154959,2,4,0.10825106,3,4,0.32511933,-4962.2022,25.6984,-1.5652003,-4934.9386
1,4,0.88876849,2,4,0.090436288,3,4,0.31890782,-4960.3812,25.962252,-0.55834064,-4933.8606
1,4,0.86806135,2,4,0.062043488,3,4,0.33544742,-4961.8056,25.311045,-1.1949707,-4935.2996
1,4,0.92969129,2,4,0.063714009,3,4,0.31299489,-4960.7787,26.128004,-0.72408768,-4933.9266
1,4,0.91510817,2,4,0.04070659,3,4,0.31806103,-4963.3576,25.477516,-1.7548284,-4936.1252
1,4,0.74501672,2,4,0.12536894,3,4,0.24369154,-4964.7558,22.281544,-2.2116578,-4940.2626
1,4,0.77409072,2,4,0.073333906,3,4,0.314704,-4964.6285,23.242572,-2.1728337,-4939.2131
1,4,1.058184,2,4,0.11899121,3,4,0.29078875,-4964.7494,29.359279,-3.2932841,-4932.0968
1,4,0.93662272,2,4,0.10205518,3,4,0.31624053,-4960.9882,27.098368,-0.89218862,-4932.9977
1,4,0.85087999,2,4,0.1629104,3,4,0.26506687,-4962.7578,25.577145,-1.9149628,-4935.2657
1,4,0.87040018,2,4,0.13365085,3,4,0.25540327,-4959.9586,25.189086,-0.30781278,-4934.4617
1,4,1.040464,2,4,0.11728518,3,4,0.28547925,-4963.5704,28.864569,-2.5373941,-4932.1684
1,4,0.90382257,2,4,0.13597043,3,4,0.23371342,-4960.7684,25.470128,-0.69608024,-4934.6021
1,4,0.80905923,2,4,0.11386487,3,4,0.31329021,-4962.6228,24.724286,-1.663978,-4936.2345
1,4,0.72965576,2,4,0.10390401,3,4,0.23103618,-4969.0429,21.291919,-4.0213831,-4943.7296
1,4,0.8592781,2,4,0.11479923,3,4,0.27570853,-4959.58,24.995717,-0.11646953,-4934.4678
1,4,0.74046199,2,4,0.13541848,3,4,0.25369657,-4964.751,22.591541,-2.1921142,-4939.9673
1,4,0.84067163,2,4,0.10247371,3,4,0.27931557,-4959.9185,24.449218,-0.27060036,-4935.1987
1,4,0.84285634,2,4,0.043145569,3,4,0.33133454,-4964.4438,24.346729,-2.0941121,-4938.0029
1,4,0.91870713,2,4,0.12278184,3,4,0.23393325,-4961.1311,25.508445,-0.84814483,-4934.7745
1,4,0.82616303,2,4,0.070351692,3,4,0.3362554,-4962.8402,24.655402,-1.6421776,-4936.5426
1,4,0.94205895,2,4,0.099003339,3,4,0.27186112,-4960.0173,26.258468,-0.34966279,-4933.4092
1,4,0.79126524,2,4,0.14841531,3,4,0.21963123,-4963.4988,23.186236,-1.7075049,-4938.6051
1,4,0.86682611,2,4,0.091377334,3,4,0.30131449,-4959.8375,25.190359,-0.24301025,-4934.4041
1,4,0.90513344,2,4,0.044964448,3,4,0.37269077,-4964.0911,26.455773,-2.6575191,-4934.9778
1,4,1.0098817,2,4,0.089986202,3,4,0.29566499,-4961.6316,27.910658,-1.3340842,-4932.3869
1,4,0.86540905,2,4,0.083538952,3,4,0.30826759,-4960.1613,25.144312,-0.39526927,-4934.6217
1,4,1.0304834,2,4,0.065590146,3,4,0.2544741,-4967.9375,27.010953,-4.1258131,-4936.8007
1,4,0.71596812,2,4,0.17096405,3,4,0.19995417,-4970.6298,21.737727,-4.1305638,-4944.7615
1,4,0.88336723,2,4,0.12265543,3,4,0.23271589,-4961.0285,24.774771,-0.7650992,-4935.4886
1,4,0.97564749,2,4,0.13096094,3,4,0.2641764,-4961.3721,27.415697,-1.1673045,-4932.7891
1,4,0.84983845,2,4,0.15129912,3,4,0.24134923,-4961.0692,24.849736,-0.84448685,-4935.3749
1,4,1.1446597,2,4,0.076276986,3,4,0.30207268,-4968.2206,30.460187,-6.035002,-4931.7254
1,4,0.82683489,2,4,0.13006768,3,4,0.25753418,-4960.4553,24.288735,-0.5083088,-4935.6583
1,4,0.84264235,2,4,0.040861978,3,4,0.31730871,-4965.2676,24.016261,-2.3375054,-4938.9138
1,4,0.74849423,2,4,0.18436146,3,4,0.17453076,-4971.7923,22.147729,-4.5139627,-4945.1306
1,4,0.80224619,2,4,0.080808499,3,4,0.29300849,-4962.2365,23.521264,-1.2434244,-4937.4718
1,4,0.96147217,2,4,0.094334118,3,4,0.27938819,-4960.3197,26.703889,-0.52621829,-4933.0896
1,4,0.86163739,2,4,0.10702321,3,4,0.27913144,-4959.5115,24.955841,-0.082756605,-4934.4729
1,4,0.82431694,2,4,0.19009712,3,4,0.1860423,-4966.7516,24.009127,-3.2078878,-4939.5346
1,4,0.83753283,2,4,0.098910039,3,4,0.24677961,-4961.9298,23.664449,-1.1895604,-4937.0758
1,4,0.77730166,2,4,0.15189495,3,4,0.2213715,-4964.0523,23.011362,-1.9133975,-4939.1276
1,4,0.88841078,2,4,0.06969231,3,4,0.32057282,-4960.6235,25.573518,-0.63298685,-4934.417
1,4,0.86137064,2,4,0.1338266,3,4,0.268132,-4960.1491,25.266585,-0.41724393,-4934.4653
1,4,0.7917567,2,4,0.098918645,3,4,0.28807465,-4961.767,23.575,-1.0581277,-4937.1339
1,4,0.89049959,2,4,0.056003228,3,4,0.29827475,-4962.3137,24.895552,-1.2768487,-4936.1413
1,4,0.88664877,2,4,0.14451722,3,4,0.25917991,-4960.5759,25.806918,-0.67499663,-4934.0939
1,4,0.76686271,2,4,0.13624518,3,4,0.2893564,-4964.2944,23.849286,-2.3309695,-4938.1141
1,4,1.0622171,2,4,0.060614729,3,4,0.36968872,-4966.722,29.850411,-4.7481802,-4932.1234
1,4,0.94220543,2,4,0.1265334,3,4,0.20575975,-4964.9306,25.489971,-2.5101202,-4936.9305
1,4,0.96390989,2,4,0.10426627,3,4,0.30569461,-4960.9858,27.477415,-0.89163049,-4932.6168
1,4,0.87464126,2,4,0.085561411,3,4,0.26238723,-4961.2674,24.451798,-0.88111645,-4935.9345
1,4,0.86215143,2,4,0.14769875,3,4,0.228643,-4961.1885,24.769864,-0.85706231,-4935.5615
1,4,0.99877735,2,4,0.08977578,3,4,0.28314744,-4961.3821,27.434011,-1.1530926,-4932.795
1,4,0.97319319,2,4,0.18720697,3,4,0.20971302,-4965.6496,27.402264,-3.970726,-4934.2766
1,4,0.8954381,2,4,0.10511296,3,4,0.23469605,-4962.0981,24.704942,-1.2358786,-4936.1573
1,4,0.88027469,2,4,0.14343926,3,4,0.23472937,-4960.7283,25.168866,-0.67279495,-4934.8866
1,4,0.81699103,2,4,0.086955414,3,4,0.22763704,-4967.429,22.63167,-3.4700168,-4941.3273
1,4,0.88307678,2,4,0.10469642,3,4,0.29795213,-4959.7335,25.714507,-0.20484412,-4933.8142
1,4,0.93293124,2,4,0.038394823,3,4,0.32319046,-4963.3692,25.890331,-1.8382829,-4935.6405
1,4,0.84264562,2,4,0.09071994,3,4,0.2810353,-4960.3041,24.288017,-0.44569517,-4935.5704
1,4,0.97845221,2,4,0.11380572,3,4,0.26916558,-4960.858,27.22847,-0.85306272,-4932.7765
1,4,0.8945669,2,4,0.14483972,3,4,0.20925657,-4962.7542,24.973264,-1.5367412,-4936.2442
1,4,0.81192607,2,4,0.086625036,3,4,0.27873603,-4961.6777,23.545743,-1.0397457,-4937.0922
1,4,0.97640082,2,4,0.13731973,3,4,0.24419937,-4961.8144,27.158398,-1.425733,-4933.2302
1,4,0.78913985,2,4,0.17661282,3,4,0.1611837,-4972.1055,22.538727,-4.6358854,-4944.9309
1,4,0.91574125,2,4,0.10586963,3,4,0.31456153,-4960.8593,26.723448,-0.82148315,-4933.3144
1,4,0.88727192,2,4,0.10248873,3,4,0.29697038,-4959.6251,25.734621,-0.14791703,-4933.7426
1,4,0.82538334,2,4,0.063941475,3,4,0.28383389,-4963.793,23.463174,-1.8734918,-4938.4563
1,4,0.90829086,2,4,0.12871011,3,4,0.27827922,-4960.2023,26.305604,-0.46508225,-4933.4316
1,4,0.97850756,2,4,0.11448729,3,4,0.31070279,-4962.4811,28.073953,-1.7321637,-4932.675
1,4,0.95008553,2,4,0.10487398,3,4,0.30638258,-4960.75,27.226842,-0.75570912,-4932.7675
1,4,0.87175785,2,4,0.067795103,3,4,0.33918108,-4961.7228,25.574681,-1.2228184,-4934.9253
1,4,0.89993523,2,4,0.13426366,3,4,0.25780898,-4960.0177,25.840157,-0.36236616,-4933.8152
1,4,1.0341173,2,4,0.076327548,3,4,0.30690404,-4962.6629,28.346979,-2.0045329,-4932.3114
1,4,0.89891805,2,4,0.094532564,3,4,0.30109216,-4959.6279,25.890855,-0.15059235,-4933.5865
1,4,0.93772369,2,4,0.049468892,3,4,0.33904812,-4961.9597,26.524814,-1.3976877,-4934.0372
1,4,0.75650018,2,4,0.16351561,3,4,0.2130202,-4966.1164,22.66072,-2.6626089,-4940.793
1,4,0.83459636,2,4,0.068280087,3,4,0.32086158,-4961.9528,24.474761,-1.1590778,-4936.319
1,4,0.89040341,2,4,0.064098946,3,4,0.34942702,-4962.1598,26.078588,-1.5329421,-4934.5483
1,4,1.0038974,2,4,0.076680747,3,4,0.32588963,-4962.0837,28.129356,-1.6205946,-4932.3338
1,4,0.77273088,2,4,0.081502208,3,4,0.26067376,-4965.6737,22.298137,-2.7114035,-4940.6642
1,4,0.9628195,2,4,0.1022931,3,4,0.3375252,-4963.4817,28.052756,-2.3410085,-4933.0879
1,4,0.99393607,2,4,0.10013035,3,4,0.33431617,-4963.7859,28.567652,-2.5250962,-4932.6931
1,4,0.96908189,2,4,0.16098586,3,4,0.23857844,-4963.0114,27.372924,-2.2308007,-4933.4077
1,4,0.83146516,2,4,0.11575826,3,4,0.29382858,-4960.6758,24.82104,-0.66241086,-4935.1924
1,4,0.87858134,2,4,0.13175768,3,4,0.27111509,-4960.0258,25.629082,-0.36381686,-4934.0329
1,4,0.95255958,2,4,0.094516337,3,4,0.27363087,-4960.3055,26.414136,-0.50115602,-4933.3902
1,4,0.86924002,2,4,0.07713369,3,4,0.32650351,-4960.9163,25.457544,-0.80050011,-4934.6583
1,4,0.81874135,2,4,0.18878658,3,4,0.21185855,-4965.1327,24.38773,-2.787272,-4937.9577
1,4,0.90473855,2,4,0.059480102,3,4,0.30797436,-4961.2708,25.44386,-0.87899249,-4934.9479
1,4,0.98876265,2,4,0.13122329,3,4,0.20877942,-4965.3186,26.575307,-2.9839839,-4935.7593
1,4,0.95927888,2,4,0.12796682,3,4,0.26334107,-4960.7558,27.011736,-0.79620917,-4932.9479
1,4,0.91882423,2,4,0.10553344,3,4,0.26127676,-4959.9088,25.712689,-0.27888344,-4933.9172
1,4,0.89582745,2,4,0.082994349,3,4,0.22456691,-4967.6116,24.067774,-3.4446886,-4940.0991
1,4,0.99013848,2,4,0.1402506,3,4,0.2427697,-4962.4079,27.463176,-1.808547,-4933.1362
1,4,0.96632076,2,4,0.12972577,3,4,0.20776854,-4964.8971,26.076302,-2.6400115,-4936.1808
1,4,0.81359496,2,4,0.079513395,3,4,0.27282931,-4962.7208,23.318753,-1.4904018,-4937.9116
1,4,0.81445127,2,4,0.12407196,3,4,0.2470873,-4961.0525,23.712211,-0.76002689,-4936.5802
1,4,1.0141627,2,4,0.074338471,3,4,0.3419315,-4963.294,28.608654,-2.3732886,-4932.3121
1,4,1.0442416,2,4,0.083142046,3,4,0.31194211,-4963.1645,28.786515,-2.3275143,-4932.0505
1,4,0.77537662,2,4,0.1308769,3,4,0.24479579,-4962.7225,23.020986,-1.4226967,-4938.2788
1,4,0.93431324,2,4,0.095830922,3,4,0.30162427,-4959.921,26.635369,-0.31012628,-4932.9755
1,4,0.86354201,2,4,0.085206084,3,4,0.28631488,-4960.0923,24.701259,-0.3474057,-4935.0436
1,4,0.83588113,2,4,0.10343711,3,4,0.27837753,-4960.0175,24.353915,-0.31510627,-4935.3485
1,4,0.73428573,2,4,0.10761585,3,4,0.22501793,-4969.0039,21.33839,-4.0108759,-4943.6546
1,4,0.86318794,2,4,0.11828695,3,4,0.22982495,-4961.667,24.225997,-1.0378025,-4936.4032
1,4,0.87276863,2,4,0.14063544,3,4,0.24956808,-4960.2744,25.259443,-0.47210609,-4934.5428
1,4,0.8590104,2,4,0.10658218,3,4,0.3024886,-4960.2232,25.361624,-0.45592254,-4934.4056
1,4,0.8640875,2,4,0.088595661,3,4,0.28907136,-4959.8552,24.83509,-0.24034653,-4934.7797
1,4,0.86134769,2,4,0.087456689,3,4,0.28876071,-4959.9555,24.751302,-0.28551697,-4934.9187
1,4,1.0005005,2,4,0.13332858,3,4,0.23475072,-4962.9782,27.371595,-2.0800679,-4933.5265
1,4,0.85116988,2,4,0.11072223,3,4,0.24054978,-4961.2325,24.048838,-0.86615656,-4936.3175
1,4,0.76197352,2,4,0.1126395,3,4,0.26817119,-4963.1219,22.855684,-1.5907892,-4938.6754
1,4,0.85837473,2,4,0.13630638,3,4,0.23023738,-4961.0173,24.49837,-0.74968772,-4935.7692
1,4,0.93910413,2,4,0.11625373,3,4,0.24497531,-4960.81,26.006663,-0.73174033,-4934.0716
1,4,0.9011178,2,4,0.10173202,3,4,0.31454913,-4960.5269,26.347979,-0.64080229,-4933.5381
1,4,0.87699773,2,4,0.11385144,3,4,0.31830436,-4961.7141,26.183071,-1.3118988,-4934.2191
1,4,0.91938404,2,4,0.082942646,3,4,0.30357951,-4959.8267,26.118124,-0.25562225,-4933.4529
1,4,0.96870758,2,4,0.083655889,3,4,0.33213975,-4961.7521,27.690064,-1.3750599,-4932.687
1,4,0.8894906,2,4,0.13162762,3,4,0.21364922,-4962.7271,24.695349,-1.4849023,-4936.5468
1,4,1.0302045,2,4,0.06431584,3,4,0.24427117,-4970.2752,26.77583,-5.0155456,-4938.4838
1,4,0.87240239,2,4,0.037460809,3,4,0.34919861,-4964.2157,25.181236,-2.1874422,-4936.847
1,4,0.81202853,2,4,0.15505726,3,4,0.27458596,-4963.2052,24.833435,-2.0316171,-4936.3402
1,4,0.86485274,2,4,0.11713685,3,4,0.23978809,-4960.7471,24.435554,-0.64242211,-4935.6691
1,4,0.76758957,2,4,0.12754511,3,4,0.21714961,-4965.6459,22.245686,-2.6118737,-4940.7883
1,4,0.96695993,2,4,0.10661033,3,4,0.33139611,-4963.3518,28.099327,-2.248599,-4933.0039
1,4,0.80524945,2,4,0.1473926,3,4,0.21882541,-4963.023,23.429349,-1.531121,-4938.0626
1,4,0.89562899,2,4,0.097195877,3,4,0.33463712,-4961.953,26.54924,-1.4659652,-4933.9378
1,4,0.78887805,2,4,0.1174356,3,4,0.29118053,-4962.1239,23.949884,-1.2740193,-4936.9
1,4,0.9437369,2,4,0.089231654,3,4,0.31402102,-4960.4026,26.939792,-0.58288593,-4932.8799
1,4,0.86028535,2,4,0.095203938,3,4,0.33711751,-4962.373,25.852136,-1.6713034,-4934.8495
1,4,0.93985623,2,4,0.1169926,3,4,0.29179743,-4960.4928,26.972925,-0.61321007,-4932.9067
1,4,0.87855419,2,4,0.091659703,3,4,0.31414821,-4960.2081,25.687242,-0.45526594,-4934.0656
1,4,0.80997047,2,4,0.084816928,3,4,0.30438302,-4961.667,23.983408,-1.0233546,-4936.6602
1,4,0.86048284,2,4,0.097865887,3,4,0.26095182,-4960.3939,24.386011,-0.4988964,-4935.509
1,4,1.0811669,2,4,0.079309559,3,4,0.31883767,-4964.9774,29.586282,-3.5810647,-4931.8101
1,4,0.80883171,2,4,0.16918708,3,4,0.22352529,-4963.4418,24.030882,-1.8491201,-4937.5618
1,4,0.73702398,2,4,0.19889246,3,4,0.20865841,-4970.3539,22.891497,-4.611249,-4942.8511
1,4,0.86526853,2,4,0.14147453,3,4,0.24266254,-4960.4538,24.988112,-0.53724269,-4934.9284
1,4,1.0152984,2,4,0.11995009,3,4,0.28600681,-4962.688,28.425106,-1.945675,-4932.3172
1,4,0.84828639,2,4,0.10542545,3,4,0.23351332,-4962.5667,23.744503,-1.4476989,-4937.3745
1,4,0.89032368,2,4,0.039837435,3,4,0.2826132,-4967.6245,24.255486,-3.270988,-4940.0981
1,4,0.9653839,2,4,0.11305198,3,4,0.3403513,-4965.1212,28.375743,-3.3144349,-4933.431
1,4,0.98504058,2,4,0.10272409,3,4,0.28193647,-4960.8507,27.394023,-0.85058261,-4932.6061
1,4,0.91362379,2,4,0.075932939,3,4,0.3073412,-4960.0553,25.937959,-0.36341462,-4933.754
1,4,0.79308089,2,4,0.14931873,3,4,0.25969193,-4962.556,24.041831,-1.4984505,-4937.0158
1,4,0.76679142,2,4,0.12537643,3,4,0.25567718,-4962.8786,22.956901,-1.4865915,-4938.4351
1,4,1.0357424,2,4,0.07897546,3,4,0.31374198,-4962.8086,28.569197,-2.1022232,-4932.1372
1,4,0.77200099,2,4,0.12596056,3,4,0.2588093,-4962.5322,23.135417,-1.3523538,-4938.0445
1,4,0.95894835,2,4,0.078293106,3,4,0.29216229,-4960.5806,26.588075,-0.65332631,-4933.3392
1,4,0.85481716,2,4,0.1267648,3,4,0.30301449,-4961.6604,25.691929,-1.2657925,-4934.7027
1,4,0.80775412,2,4,0.11169496,3,4,0.28893755,-4961.0615,24.167732,-0.79159578,-4936.1022
1,4,0.69439119,2,4,0.078730062,3,4,0.30695622,-4971.749,21.60155,-4.6056827,-4945.5418
1,4,0.88978275,2,4,0.067747096,3,4,0.33120589,-4961.0393,25.774715,-0.87417413,-4934.3904
1,4,0.84015604,2,4,0.071991054,3,4,0.30341522,-4961.3447,24.311246,-0.87450344,-4936.159
1,4,0.87278812,2,4,0.090043461,3,4,0.29607877,-4959.695,25.178207,-0.17038739,-4934.3465
1,4,0.86927492,2,4,0.12795439,3,4,0.23091096,-4961.0354,24.562805,-0.76049161,-4935.7121
1,4,0.86381479,2,4,0.11039595,3,4,0.30861496,-4960.7446,25.656514,-0.74920937,-4934.3389
1,4,0.99408663,2,4,0.14985642,3,4,0.25339438,-4963.1121,27.946749,-2.2907482,-4932.8746
1,4,0.94126995,2,4,0.1334455,3,4,0.24936794,-4960.6519,26.481668,-0.72197806,-4933.4482
1,4,0.90094996,2,4,0.1516028,3,4,0.22295798,-4961.6096,25.510215,-1.1339394,-4934.9655
1,4,0.87308196,2,4,0.10780752,3,4,0.29115147,-4959.6248,25.440819,-0.14548064,-4934.0385
1,4,1.0241582,2,4,0.099284429,3,4,0.28677319,-4962.2025,28.204317,-1.6898025,-4932.3084
1,4,0.92530572,2,4,0.06411648,3,4,0.29832046,-4961.1016,25.754853,-0.82563892,-4934.5211
1,4,0.85386984,2,4,0.14014666,3,4,0.27632063,-4960.9993,25.406743,-0.8870432,-4934.7055
1,4,0.95683966,2,4,0.099676567,3,4,0.23106927,-4964.0424,25.75171,-2.1467698,-4936.144
1,4,0.83669751,2,4,0.099713653,3,4,0.31248836,-4961.0168,24.97799,-0.84102748,-4935.1978
1,4,0.95162004,2,4,0.19098446,3,4,0.21443456,-4965.3724,27.140781,-3.7830374,-4934.4486
1,4,0.85324528,2,4,0.13323147,3,4,0.27870069,-4960.5755,25.303549,-0.64771088,-4934.6243
1,4,0.85236911,2,4,0.13633525,3,4,0.29646522,-4962.072,25.703392,-1.5065628,-4934.862
1,4,0.97527476,2,4,0.073739153,3,4,0.3158337,-4960.99,27.296952,-0.94440671,-4932.7486
1,4,0.90242098,2,4,0.09402205,3,4,0.26201183,-4960.3863,25.169097,-0.49035123,-4934.7269
1,4,0.74875873,2,4,0.18650452,3,4,0.21102725,-4968.1762,22.92581,-3.6295134,-4941.6209
1,4,0.90986289,2,4,0.16953622,3,4,0.24788097,-4962.774,26.545602,-2.0385442,-4934.1899
1,4,0.93699584,2,4,0.036810054,3,4,0.33790265,-4963.1656,26.234171,-1.869633,-4935.0618
1,4,0.92160339,2,4,0.080427183,3,4,0.27829653,-4960.5395,25.606542,-0.5657259,-4934.3672
1,4,0.8263084,2,4,0.12029049,3,4,0.26026336,-4960.311,24.137245,-0.44150565,-4935.7322
1,4,0.79197939,2,4,0.11680647,3,4,0.32396447,-4964.6115,24.655007,-2.7197624,-4937.2367
1,4,0.88151204,2,4,0.1596355,3,4,0.22504952,-4961.7389,25.323941,-1.2140029,-4935.2009
1,4,0.89515085,2,4,0.15037059,3,4,0.28696215,-4962.7982,26.649672,-1.9903214,-4934.1582
1,4,0.87825301,2,4,0.066963157,3,4,0.29287711,-4961.2902,24.761866,-0.85721869,-4935.6712
1,4,0.89935795,2,4,0.13656621,3,4,0.29972123,-4962.3019,26.712908,-1.6663173,-4933.9227
1,4,0.84394888,2,4,0.074689752,3,4,0.22391122,-4970.6494,22.850997,-4.630715,-4943.1677
1,4,0.99063141,2,4,0.12080418,3,4,0.25985548,-4961.5041,27.425821,-1.2412011,-4932.8371
1,4,0.89712143,2,4,0.089295483,3,4,0.31950733,-4960.3619,26.118485,-0.5519672,-4933.6915
1,4,0.9479233,2,4,0.16390573,3,4,0.22588371,-4962.7913,26.754255,-2.0173094,-4934.0197
1,4,0.82972019,2,4,0.16527599,3,4,0.24687202,-4962.538,24.837364,-1.644041,-4936.0565
1,4,0.78306377,2,4,0.089051852,3,4,0.3168765,-4963.4148,23.779842,-1.8012987,-4937.8337
1,4,0.9113297,2,4,0.11444752,3,4,0.27478967,-4959.5145,26.011338,-0.091000172,-4933.4122
1,4,0.92013007,2,4,0.079801937,3,4,0.31661061,-4960.1793,26.330852,-0.45502219,-4933.3934
1,4,0.90958956,2,4,0.067207993,3,4,0.34309041,-4961.5567,26.397759,-1.2317515,-4933.9272
1,4,0.92900845,2,4,0.099291015,3,4,0.27633895,-4959.6894,26.092768,-0.17981366,-4933.4168
1,4,0.94128891,2,4,0.10252191,3,4,0.25670036,-4960.6225,26.010224,-0.63267972,-4933.9796
1,4,0.80645626,2,4,0.12420929,3,4,0.30496351,-4962.7482,24.712581,-1.7397273,-4936.2959
1,4,0.8627685,2,4,0.11336879,3,4,0.25654754,-4959.8555,24.653697,-0.24407871,-4934.9577
1,4,0.72654796,2,4,0.117146,3,4,0.22089757,-4969.0616,21.29183,-3.9483934,-4943.8214
1,4,0.72334308,2,4,0.093723851,3,4,0.30387862,-4967.2993,22.418911,-3.1636505,-4941.7167
1,4,0.80393886,2,4,0.16250824,3,4,0.28024669,-4964.8397,24.933876,-2.9850261,-4936.9208
1,4,0.73983303,2,4,0.12570125,3,4,0.23775896,-4965.5045,22.065865,-2.502499,-4940.9361
1,4,0.98258865,2,4,0.14356743,3,4,0.20574779,-4964.8988,26.638078,-2.874362,-4935.3864
1,4,0.86170214,2,4,0.09236561,3,4,0.31523625,-4960.4862,25.38608,-0.58883999,-4934.5113
1,4,0.89004995,2,4,0.12021708,3,4,0.24042127,-4960.4861,25.013766,-0.53081552,-4934.9416
1,4,0.84344006,2,4,0.082840575,3,4,0.3272408,-4961.509,25.070429,-1.0806064,-4935.3579
1,4,0.87413038,2,4,0.1200747,3,4,0.27809633,-4959.647,25.446028,-0.15794076,-4934.043
1,4,0.87273593,2,4,0.041279156,3,4,0.34217436,-4963.6283,25.123789,-1.9077345,-4936.5968
1,4,0.92779625,2,4,0.12790264,3,4,0.25877645,-4960.096,26.289507,-0.41007647,-4933.3964
1,4,0.96877055,2,4,0.14032531,3,4,0.23779803,-4961.8791,26.937878,-1.4412995,-4933.4999
1,4,0.87214559,2,4,0.094144765,3,4,0.31607918,-4960.4363,25.647391,-0.57738813,-4934.2116
1,4,0.70425654,2,4,0.12455059,3,4,0.23660081,-4968.8246,21.308159,-3.6802984,-4943.8362
1,4,0.86222094,2,4,0.096099346,3,4,0.28663804,-4959.6428,24.899166,-0.14391641,-4934.5997
1,4,1.0014294,2,4,0.028149278,3,4,0.35158249,-4964.4906,27.623224,-2.948223,-4933.9191
1,4,0.87759927,2,4,0.12710337,3,4,0.25137498,-4959.8503,25.121552,-0.24462736,-4934.4842
1,4,0.92105098,2,4,0.11812186,3,4,0.31413506,-4961.8925,27.066158,-1.4031846,-4933.4231
1,4,0.89307119,2,4,0.086616333,3,4,0.31485728,-4960.0915,25.890896,-0.39732089,-4933.8033
1,4,0.77883659,2,4,0.13152795,3,4,0.21633115,-4964.8716,22.533914,-2.2909125,-4940.0468
1,4,0.87469177,2,4,0.12799534,3,4,0.27860869,-4960.0595,25.625916,-0.38076163,-4934.0528
1,4,0.82749645,2,4,0.10157736,3,4,0.22528078,-4964.8011,23.087092,-2.3920404,-4939.322
1,4,0.84098023,2,4,0.054226943,3,4,0.33312405,-4963.1417,24.566624,-1.6565011,-4936.9186
1,4,0.83447308,2,4,0.12040063,3,4,0.29675332,-4961.0322,25.032541,-0.86808962,-4935.1316
1,4,0.8924752,2,4,0.052319617,3,4,0.34686025,-4962.3432,25.833101,-1.5284664,-4934.9816
1,4,0.8722732,2,4,0.11369255,3,4,0.23722451,-4961.1249,24.463805,-0.81063065,-4935.8504
1,4,0.92823882,2,4,0.087881659,3,4,0.27458443,-4960.2324,25.814098,-0.43314448,-4933.9851
1,4,0.90755593,2,4,0.11357339,3,4,0.28713445,-4959.6981,26.165275,-0.18558699,-4933.3472
1,4,0.9644558,2,4,0.17057333,3,4,0.24911295,-4964.0919,27.682841,-2.9474967,-4933.4615
1,4,0.85500313,2,4,0.068547606,3,4,0.305193,-4961.206,24.574875,-0.81799461,-4935.8132
1,4,0.84670135,2,4,0.053702893,3,4,0.27003888,-4966.8804,23.408863,-3.0658773,-4940.4057
1,4,0.91857662,2,4,0.1544341,3,4,0.20865517,-4962.9368,25.633318,-1.7633651,-4935.5401
1,4,0.94200995,2,4,0.085467954,3,4,0.28235215,-4960.2158,26.196601,-0.44372268,-4933.5755
1,4,0.89183893,2,4,0.14244341,3,4,0.2588073,-4960.442,25.861793,-0.60141805,-4933.9788
1,4,0.81713876,2,4,0.14192663,3,4,0.25845384,-4961.2128,24.350384,-0.88025657,-4935.9822
1,4,0.8146323,2,4,0.041934871,3,4,0.31883852,-4966.435,23.508114,-2.7394382,-4940.1874
1,4,0.94646325,2,4,0.095655757,3,4,0.28324077,-4959.9165,26.507195,-0.30758223,-4933.1017
1,4,0.91733664,2,4,0.053647129,3,4,0.29251925,-4962.9209,25.27006,-1.5565373,-4936.0943
1,4,0.82344278,2,4,0.088686728,3,4,0.31892435,-4961.6401,24.621077,-1.0978028,-4935.9212
1,4,0.78624881,2,4,0.1121423,3,4,0.27520998,-4961.7262,23.472022,-1.0387015,-4937.2155
1,4,0.8457086,2,4,0.10649683,3,4,0.32339822,-4962.0157,25.512073,-1.4413398,-4935.0623
1,4,0.8476088,2,4,0.1017681,3,4,0.28125342,-4959.7793,24.612606,-0.20710422,-4934.9596
1,4,0.98875822,2,4,0.17440275,3,4,0.21665045,-4964.9347,27.596228,-3.4922379,-4933.8463
1,4,0.96597673,2,4,0.054371841,3,4,0.31136567,-4961.9665,26.634285,-1.3456986,-4933.9865
1,4,0.88236749,2,4,0.08586403,3,4,0.24751928,-4962.8609,24.315016,-1.5629236,-4936.983
1,4,0.94903591,2,4,0.091440086,3,4,0.21211981,-4969.2504,25.051916,-4.140546,-4940.0579
1,4,0.84876913,2,4,0.1118362,3,4,0.24897374,-4960.5164,24.191581,-0.5478308,-4935.777
1,4,0.92447241,2,4,0.028922434,3,4,0.29001716,-4969.2458,24.86824,-3.8836672,-4940.4939
1,4,0.8672331,2,4,0.14331096,3,4,0.2549444,-4960.4455,25.309769,-0.5731206,-4934.5626
1,4,0.94831967,2,4,0.11663665,3,4,0.2078097,-4965.7786,25.45532,-2.8446403,-4937.4787
1,4,0.83853439,2,4,0.14927894,3,4,0.20359905,-4963.7238,23.828248,-1.8218146,-4938.0737
1,4,0.9929824,2,4,0.092924239,3,4,0.28817452,-4961.0634,27.481623,-0.97918689,-4932.6026
1,4,0.86706295,2,4,0.16499667,3,4,0.21102383,-4962.7618,24.861669,-1.6093245,-4936.2908
1,4,0.92962398,2,4,0.11429879,3,4,0.33726794,-4964.1586,27.623814,-2.7587325,-4933.7761
1,4,1.0284468,2,4,0.10628824,3,4,0.28708984,-4962.5521,28.436498,-1.9020001,-4932.2136
1,4,0.96987373,2,4,0.14188761,3,4,0.25390853,-4961.7395,27.313397,-1.403356,-4933.0227
1,4,0.80466989,2,4,0.15853892,3,4,0.22813026,-4962.7858,23.826781,-1.5012233,-4937.4578
1,4,0.87184278,2,4,0.084401908,3,4,0.24476454,-4963.589,24.020185,-1.8699235,-4937.6989
1,4,0.833223,2,4,0.14392796,3,4,0.25309279,-4960.887,24.604875,-0.74088595,-4935.5412
1,4,0.94352905,2,4,0.080355901,3,4,0.29018166,-4960.2679,26.281332,-0.47539571,-4933.5112
1,4,0.95285459,2,4,0.090990807,3,4,0.27049701,-4960.6343,26.286848,-0.6533509,-4933.6941
1,4,0.94182754,2,4,0.089755635,3,4,0.29679502,-4959.8941,26.567564,-0.29937415,-4933.0272
1,4,0.80593014,2,4,0.065201506,3,4,0.28323704,-4964.5263,23.087374,-2.1631605,-4939.2757
1,4,0.94976665,2,4,0.048039553,3,4,0.32898288,-4962.0491,26.535782,-1.4028961,-4934.1105
1,4,0.95591805,2,4,0.10050118,3,4,0.25160166,-4961.4363,26.160418,-1.0297195,-4934.2462
1,4,0.84191733,2,4,0.18927841,3,4,0.22532165,-4964.5803,25.130348,-2.8268246,-4936.6231
1,4,0.93471378,2,4,0.08907461,3,4,0.23377468,-4964.7507,25.151261,-2.3659144,-4937.2336
1,4,0.92880045,2,4,0.060253205,3,4,0.31296946,-4961.0448,26.040462,-0.8381321,-4934.1662
1,4,0.98368402,2,4,0.088252488,3,4,0.32522274,-4961.8548,27.943185,-1.4270995,-4932.4846
1,4,1.0993707,2,4,0.097094941,3,4,0.25957551,-4966.7891,29.120823,-4.6261573,-4933.0421
1,4,0.79746231,2,4,0.10190072,3,4,0.30200712,-4961.8753,24.027403,-1.1521326,-4936.6958
1,4,0.80132064,2,4,0.10008445,3,4,0.25967189,-4961.9594,23.22154,-1.1831462,-4937.5547
1,4,0.90928536,2,4,0.039444924,3,4,0.34820594,-4963.1402,25.938725,-1.8647137,-4935.3368
1,4,0.86533818,2,4,0.075668504,3,4,0.28647657,-4960.8394,24.549665,-0.67184161,-4935.6179
1,4,0.8112501,2,4,0.088416395,3,4,0.28824133,-4961.3387,23.758157,-0.88165776,-4936.6989
1,4,0.91954614,2,4,0.069194194,3,4,0.35534268,-4962.5369,26.88166,-1.8548979,-4933.8003
1,4,0.86067822,2,4,0.15388186,3,4,0.23983347,-4961.1327,25.087871,-0.90317324,-4935.1417
1,4,0.74160582,2,4,0.10459024,3,4,0.2474693,-4966.0757,21.873307,-2.8194526,-4941.383
1,4,0.89597725,2,4,0.11543273,3,4,0.27997865,-4959.5131,25.827773,-0.089601218,-4933.5957
1,4,0.94256784,2,4,0.089450209,3,4,0.29689651,-4959.9089,26.578291,-0.3076347,-4933.023
1,4,0.90149876,2,4,0.043686647,3,4,0.25099362,-4972.9509,23.92358,-5.245708,-4943.7816
1,4,0.9376677,2,4,0.086697499,3,4,0.32842223,-4961.0818,27.055748,-0.97294875,-4933.0531
1,4,0.81056934,2,4,0.072724591,3,4,0.31521764,-4962.5393,23.970232,-1.3774618,-4937.1916
1,4,0.93842972,2,4,0.10789294,3,4,0.25471616,-4960.4565,26.020776,-0.55645112,-4933.8793
1,4,0.89647371,2,4,0.042589677,3,4,0.33761574,-4962.8811,25.533582,-1.632917,-4935.7146
1,4,0.90955329,2,4,0.084986388,3,4,0.27981189,-4960.0465,25.487031,-0.33538878,-4934.2241
1,4,1.0026398,2,4,0.14950171,3,4,0.22389765,-4963.9116,27.520783,-2.7038396,-4933.687
1,4,0.84723595,2,4,0.10164086,3,4,0.29460126,-4959.9731,24.869562,-0.3053304,-4934.7982
1,4,0.82841171,2,4,0.14529222,3,4,0.25935653,-4961.1658,24.661209,-0.89606077,-4935.6085
1,4,0.77659726,2,4,0.17597592,3,4,0.21632741,-4965.4827,23.378012,-2.6008995,-4939.5038
1,4,0.88645634,2,4,0.1267085,3,4,0.24127241,-4960.2795,25.088745,-0.44033439,-4934.7504
1,4,0.95572293,2,4,0.071223082,3,4,0.31682421,-4960.6942,26.875404,-0.755698,-4933.0631
1,4,1.0066807,2,4,0.066169531,3,4,0.31441986,-4961.9963,27.745402,-1.5563922,-4932.6945
1,4,0.85062676,2,4,0.10410761,3,4,0.25539619,-4960.488,24.202611,-0.54174151,-4935.7436
1,4,0.87694406,2,4,0.11199662,3,4,0.3013419,-4960.2479,25.805651,-0.48178046,-4933.9604
1,4,0.86651298,2,4,0.14195509,3,4,0.24397304,-4960.4346,25.048822,-0.53422176,-4934.8515
1,4,0.87442505,2,4,0.13882115,3,4,0.26866557,-4960.4253,25.638235,-0.58349593,-4934.2035
1,4,0.91324501,2,4,0.048017571,3,4,0.30241587,-4963.1098,25.273569,-1.6253039,-4936.2109
1,4,0.82982849,2,4,0.11642962,3,4,0.26722108,-4960.1261,24.269584,-0.36128416,-4935.4952
1,4,0.87987807,2,4,0.14754044,3,4,0.29038592,-4962.6864,26.356088,-1.911217,-4934.4191
1,4,0.90437336,2,4,0.088913122,3,4,0.2605694,-4960.96,25.077118,-0.7462918,-4935.1366
1,4,0.84913406,2,4,0.1036835,3,4,0.29059501,-4959.8456,24.868251,-0.24331383,-4934.734
1,4,0.88267157,2,4,0.1467862,3,4,0.23885782,-4960.7075,25.366312,-0.69295508,-4934.6482
1,4,0.93310691,2,4,0.10299724,3,4,0.31992944,-4961.2846,27.120672,-1.0602855,-4933.1037
1,4,0.98002396,2,4,0.0088977569,3,4,0.37835149,-4966.7777,27.345464,-4.0985738,-4935.3337
1,4,0.86640537,2,4,0.11520402,3,4,0.25559537,-4959.8199,24.744095,-0.22662851,-4934.8492
1,4,0.85177167,2,4,0.065800937,3,4,0.31225227,-4961.4889,24.596497,-0.94123377,-4935.9512
1,4,0.94740312,2,4,0.1022307,3,4,0.28777596,-4959.935,26.748195,-0.31922395,-4932.8676
1,4,0.91948558,2,4,0.10765903,3,4,0.20835949,-4966.4985,24.710082,-3.026017,-4938.7624
1,4,0.89954652,2,4,0.099521176,3,4,0.33211719,-4961.8712,26.623698,-1.4160968,-4933.8314
1,4,0.91970528,2,4,0.1432183,3,4,0.25439431,-4960.7027,26.346358,-0.76385584,-4933.5925
1,4,0.8545008,2,4,0.11544266,3,4,0.25820593,-4959.8474,24.562988,-0.2388038,-4935.0456
1,4,0.87232075,2,4,0.11874902,3,4,0.28145029,-4959.6939,25.450401,-0.18232242,-4934.0612
1,4,0.80180287,2,4,0.10561634,3,4,0.24887212,-4962.2707,23.125827,-1.3234215,-4937.8215
1,4,0.82837344,2,4,0.11358078,3,4,0.30771575,-4961.5332,24.993399,-1.1260059,-4935.4138
1,4,0.94563803,2,4,0.12035308,3,4,0.23336495,-4961.74,25.987121,-1.1736458,-4934.5793
1,4,0.97756268,2,4,0.13316565,3,4,0.26963036,-4961.6747,27.607174,-1.3411735,-4932.7264
1,4,0.86874437,2,4,0.082209327,3,4,0.34577844,-4962.4511,25.934643,-1.7154523,-4934.801
1,4,0.88635597,2,4,0.15257919,3,4,0.22827877,-4961.3003,25.344279,-0.9802286,-4934.9758
1,4,0.97158492,2,4,0.038458365,3,4,0.29087287,-4966.4863,26.018323,-3.1307136,-4937.3372
1,4,0.87272257,2,4,0.11132563,3,4,0.24072233,-4960.9416,24.495411,-0.73308327,-4935.7131
1,4,0.80175851,2,4,0.1454228,3,4,0.24309541,-4961.8927,23.805535,-1.1171405,-4936.97
1,4,0.94877816,2,4,0.089587005,3,4,0.24038746,-4963.8015,25.575053,-2.0119549,-4936.2145
1,4,0.96897516,2,4,0.12640223,3,4,0.28134286,-4961.3487,27.534405,-1.1186631,-4932.6956
1,4,0.91851187,2,4,0.066292022,3,4,0.28164111,-4961.8883,25.3289,-1.1418521,-4935.4176
1,4,0.87278832,2,4,0.12999075,3,4,0.24394507,-4960.1526,24.934483,-0.37996392,-4934.8381
1,4,0.99243137,2,4,0.10526292,3,4,0.28831898,-4961.1948,27.720265,-1.0496723,-4932.4249
1,4,0.90189144,2,4,0.17171425,3,4,0.22814218,-4962.6015,26.034957,-1.8478751,-4934.7187
1,4,0.83064251,2,4,0.094257123,3,4,0.29894525,-4960.5228,24.476898,-0.54667119,-4935.4993
1,4,1.0395738,2,4,0.039139011,3,4,0.36538869,-4965.0616,28.882031,-3.7154961,-4932.464
1,4,0.88914365,2,4,0.1070342,3,4,0.31575705,-4960.9283,26.238698,-0.86445187,-4933.8251
1,4,0.91381806,2,4,0.078107373,3,4,0.28881986,-4960.1944,25.614906,-0.40610709,-4934.1734
1,4,0.76459182,2,4,0.084187211,3,4,0.29075141,-4964.2289,22.790609,-2.0174351,-4939.4209
1,4,0.83648139,2,4,0.09964985,3,4,0.31672984,-4961.3093,25.057222,-1.0021833,-4935.2499
1,4,0.82091486,2,4,0.058012948,3,4,0.31299271,-4963.5202,23.83841,-1.7178711,-4937.9639
1,4,0.9289448,2,4,0.092036677,3,4,0.26911711,-4960.2679,25.801972,-0.45031337,-4934.0157
1,4,0.83036242,2,4,0.16440684,3,4,0.23639076,-4962.324,24.6232,-1.4602264,-4936.2406
1,4,0.89397618,2,4,0.12901268,3,4,0.21146936,-4963.218,24.689164,-1.6891931,-4936.8396
1,4,0.85461137,2,4,0.14702534,3,4,0.24392938,-4960.7558,24.911322,-0.69157348,-4935.1529
1,4,0.83185424,2,4,0.058207738,3,4,0.27402254,-4965.7285,23.28169,-2.6389796,-4939.8078
1,4,0.94788554,2,4,0.13811135,3,4,0.28255862,-4961.8722,27.37111,-1.4220761,-4933.079
1,4,0.8903427,2,4,0.11765928,3,4,0.26857494,-4959.4529,25.531538,-0.057441594,-4933.8639
1,4,0.88255252,2,4,0.14263811,3,4,0.2533967,-4960.3636,25.571747,-0.54219351,-4934.2496
1,4,0.72360081,2,4,0.17263927,3,4,0.25720823,-4968.9015,23.068966,-4.2509171,-4941.5816
1,4,0.80494221,2,4,0.11132151,3,4,0.28711487,-4961.103,24.067572,-0.80193199,-4936.2335
1,4,0.88192129,2,4,0.079331405,3,4,0.36330276,-4964.0479,26.491109,-2.7289628,-4934.8278
1,4,0.85267344,2,4,0.043068268,3,4,0.35828338,-4964.6364,25.080502,-2.468791,-4937.0871
1,4,1.0646616,2,4,0.070830114,3,4,0.31208873,-4964.0333,28.95161,-2.939901,-4932.1418
1,4,0.8575879,2,4,0.079865845,3,4,0.28671778,-4960.5843,24.483431,-0.56281873,-4935.5381
1,4,0.97534424,2,4,0.10974211,3,4,0.2761591,-4960.6621,27.224909,-0.73780367,-4932.6994
1,4,0.87229762,2,4,0.10327855,3,4,0.28133827,-4959.4237,25.138289,-0.040913497,-4934.2445
1,4,0.9933778,2,4,0.17657066,3,4,0.2402932,-4965.4092,28.204833,-3.9002805,-4933.3041
1,4,0.91332291,2,4,0.10020784,3,4,0.29254999,-4959.5287,26.121615,-0.097987069,-4933.3091
1,4,0.77526749,2,4,0.13617666,3,4,0.22734404,-4963.7233,22.775764,-1.8106876,-4939.1368
1,4,0.92155181,2,4,0.055015758,3,4,0.2631728,-4966.5244,24.794807,-2.9844932,-4938.7451
1,4,0.81952938,2,4,0.08232186,3,4,0.2757937,-4961.9467,23.552899,-1.1615733,-4937.2323
1,4,0.77957561,2,4,0.14347533,3,4,0.28036345,-4963.6379,24.068288,-2.0647663,-4937.5049
1,4,0.97189955,2,4,0.14599702,3,4,0.25957081,-4962.1958,27.549348,-1.6835406,-4932.9629
1,4,0.80151101,2,4,0.10165742,3,4,0.26600741,-4961.5193,23.383517,-0.97926632,-4937.1565
1,4,0.91736636,2,4,0.10452082,3,4,0.2721938,-4959.5503,25.88162,-0.10683649,-4933.5619
1,4,0.86855567,2,4,0.10891906,3,4,0.28764746,-4959.5851,25.302444,-0.12348689,-4934.1592
1,4,0.74560476,2,4,0.13934016,3,4,0.27283637,-4964.892,23.155626,-2.3934945,-4939.3429
1,4,0.9245251,2,4,0.10842062,3,4,0.29621319,-4959.9932,26.583178,-0.34123512,-4933.0687
1,4,0.82672627,2,4,0.17992333,3,4,0.23081431,-4963.8484,24.749278,-2.3067293,-4936.7924
1,4,0.75923933,2,4,0.080055765,3,4,0.31015427,-4965.1059,22.988987,-2.353978,-4939.763
1,4,0.91219984,2,4,0.10883544,3,4,0.2906746,-4959.6715,26.234198,-0.17109274,-4933.2662
1,4,1.0006099,2,4,0.072663592,3,4,0.33646652,-4962.4558,28.194801,-1.8553862,-4932.4056
1,4,0.97459122,2,4,0.0648055,3,4,0.33117157,-4961.5295,27.411366,-1.2776908,-4932.8405
1,4,0.87145322,2,4,0.11914815,3,4,0.25723838,-4959.6791,24.956795,-0.16073737,-4934.5616
1,4,0.8554937,2,4,0.075012122,3,4,0.31678756,-4960.8593,24.945868,-0.71095506,-4935.2025
1,4,0.93481171,2,4,0.10529391,3,4,0.31269235,-4960.9126,27.055959,-0.84606881,-4933.0105
1,4,0.82498519,2,4,0.15314312,3,4,0.20099335,-4964.2787,23.582433,-2.0188375,-4938.6774
1,4,0.74001337,2,4,0.064226844,3,4,0.3239658,-4968.6455,22.56412,-3.5953017,-4942.4861
1,4,0.92388231,2,4,0.15283725,3,4,0.25036397,-4961.4122,26.541671,-1.1935196,-4933.6771
1,4,0.93033762,2,4,0.078039912,3,4,0.30334276,-4960.0492,26.234406,-0.37107085,-4933.4437
1,4,0.7878472,2,4,0.11340439,3,4,0.25132244,-4962.223,23.051481,-1.267894,-4937.9036
1,4,1.0068059,2,4,0.11534753,3,4,0.30883943,-4963.3634,28.619857,-2.2739871,-4932.4695
1,4,0.78055606,2,4,0.12311979,3,4,0.25044457,-4962.3081,23.082408,-1.2712538,-4937.9545
1,4,0.87336653,2,4,0.13571171,3,4,0.16968379,-4971.7289,23.57524,-4.7758853,-4943.3778
1,4,0.77858017,2,4,0.11456401,3,4,0.248189,-4962.8214,22.826664,-1.5117521,-4938.4829
1,4,0.8585852,2,4,0.13508039,3,4,0.24144758,-4960.3948,24.702264,-0.48595083,-4935.2066
1,4,0.87722487,2,4,0.094482876,3,4,0.26922813,-4959.9738,24.818718,-0.30171925,-4934.8534
1,4,0.91972555,2,4,0.10979576,3,4,0.27765596,-4959.5317,26.143545,-0.099944336,-4933.2882
1,4,0.83156345,2,4,0.17306401,3,4,0.20195767,-4964.2628,24.131703,-2.1480408,-4937.983
1,4,0.93962377,2,4,0.030173065,3,4,0.39956734,-4966.509,27.387284,-4.3751887,-4934.7466
1,4,0.93295943,2,4,0.096754553,3,4,0.31022293,-4960.292,26.798738,-0.51120712,-4932.982
1,4,0.8339445,2,4,0.11956101,3,4,0.22311813,-4962.8515,23.532473,-1.535568,-4937.7834
1,4,0.83136089,2,4,0.1374892,3,4,0.19752012,-4965.4251,23.327404,-2.4806429,-4939.6171
1,4,0.91406131,2,4,0.075385601,3,4,0.29827189,-4960.1327,25.754376,-0.38484025,-4933.9935
1,4,0.89013302,2,4,0.055033364,3,4,0.30803904,-4961.9546,25.064108,-1.1385837,-4935.7519
1,4,0.88841543,2,4,0.023911678,3,4,0.28024498,-4973.8066,23.851442,-5.3010363,-4944.6542
1,4,0.85058507,2,4,0.13250505,3,4,0.22949162,-4961.2158,24.251635,-0.82826329,-4936.1359
1,4,0.94445168,2,4,0.10430194,3,4,0.24838632,-4961.2232,25.942799,-0.91186813,-4934.3685
1,4,0.8361772,2,4,0.085108313,3,4,0.24826167,-4963.6525,23.390944,-1.9221889,-4938.3394
1,4,0.84523352,2,4,0.069406694,3,4,0.27585903,-4962.8525,23.809985,-1.5238767,-4937.5186
1,4,0.95387229,2,4,0.10277571,3,4,0.26390548,-4960.4507,26.411069,-0.57623639,-4933.4634
1,4,0.87357302,2,4,0.16904335,3,4,0.21115232,-4962.9003,25.075374,-1.7367886,-4936.0881
1,4,0.82787617,2,4,0.05662416,3,4,0.34869083,-4964.1513,24.663823,-2.2146012,-4937.2729
1,4,0.89691017,2,4,0.092643163,3,4,0.31606706,-4960.2493,26.112408,-0.48916859,-4933.6477
1,4,0.87176104,2,4,0.10167719,3,4,0.31949139,-4960.9921,25.858593,-0.89294265,-4934.2405
1,4,0.86124614,2,4,0.11363605,3,4,0.28869011,-4959.8296,25.271446,-0.24890729,-4934.3092
1,4,0.8614972,2,4,0.070053987,3,4,0.313137,-4960.9177,24.893764,-0.71626017,-4935.3077
1,4,0.88375753,2,4,0.088625173,3,4,0.32077622,-4960.4828,25.863178,-0.6099062,-4934.0097
1,4,0.9136638,2,4,0.088882683,3,4,0.32318639,-4960.6016,26.514658,-0.6927225,-4933.3942
1,4,0.82236682,2,4,0.10464946,3,4,0.32703403,-4962.8572,25.081006,-1.8433729,-4935.9328
1,4,0.93664273,2,4,0.10883635,3,4,0.27161957,-4959.7923,26.341973,-0.23952759,-4933.2108
1,4,0.89226534,2,4,0.080440415,3,4,0.31256159,-4960.0503,25.705347,-0.36215884,-4933.9828
1,4,0.91852356,2,4,0.22244257,3,4,0.18478558,-4968.9692,26.515034,-5.9006762,-4936.5535
1,4,0.88607545,2,4,0.075288203,3,4,0.28213386,-4960.8361,24.86995,-0.67549435,-4935.2906
1,4,0.91369701,2,4,0.14669744,3,4,0.23844745,-4960.9255,25.976838,-0.85324507,-4934.0954
1,4,0.77504949,2,4,0.086570743,3,4,0.28738888,-4963.3684,22.980182,-1.6943895,-4938.6938
1,4,0.90443576,2,4,0.097423032,3,4,0.34890057,-4963.5776,27.015187,-2.4512806,-4934.1111
1,4,0.87207009,2,4,0.12271422,3,4,0.30387988,-4961.2212,25.973284,-1.0269175,-4934.221
1,4,0.96682515,2,4,0.10366111,3,4,0.30226232,-4960.851,27.454972,-0.82101087,-4932.575
1,4,0.87989543,2,4,0.12639711,3,4,0.27209046,-4959.7632,25.56766,-0.22129734,-4933.9742
1,4,0.84727838,2,4,0.085762968,3,4,0.28112711,-4960.5267,24.283369,-0.54421787,-4935.6991
1,4,0.83732387,2,4,0.11618006,3,4,0.24301862,-4960.9474,23.930451,-0.73403983,-4936.2829
1,4,0.96727301,2,4,0.14892159,3,4,0.27589041,-4963.1188,27.8417,-2.2065087,-4933.0706
1,4,1.0067091,2,4,0.07891455,3,4,0.31985298,-4961.9579,28.109532,-1.5426337,-4932.3057
1,4,0.97072962,2,4,0.12399062,3,4,0.25199547,-4961.1268,26.934314,-0.99430021,-4933.1982
1,4,0.94472266,2,4,0.11442519,3,4,0.28865238,-4960.3069,26.956004,-0.51459762,-4932.8363
1,4,0.93526723,2,4,0.15921248,3,4,0.25936788,-4962.5235,27.076952,-1.8856388,-4933.5609
1,4,0.87299163,2,4,0.068662193,3,4,0.30392239,-4960.8323,24.911524,-0.66646744,-4935.2543
1,4,0.84709454,2,4,0.14782266,3,4,0.20737835,-4963.1441,24.045911,-1.6078435,-4937.4903
1,4,0.85194938,2,4,0.10470431,3,4,0.24906335,-4960.8994,24.114341,-0.72658406,-4936.0585
1,4,0.96073508,2,4,0.14577882,3,4,0.22763702,-4962.2573,26.683018,-1.6170913,-4933.9572
1,4,0.85559925,2,4,0.13480793,3,4,0.27232349,-4960.3927,25.254613,-0.54691895,-4934.5912
1,4,0.82729734,2,4,0.17285427,3,4,0.28570693,-4966.3605,25.717171,-4.1183795,-4936.525
1,4,0.90695912,2,4,0.00096473459,3,4,0.38538242,-4969.5823,25.866125,-4.6390151,-4939.0771
1,4,0.77166388,2,4,0.19806113,3,4,0.20432532,-4968.2057,23.481006,-3.8926481,-4940.8321
1,4,0.96336967,2,4,0.11047472,3,4,0.33979329,-4964.6758,28.272754,-3.0467884,-4933.3562
1,4,0.99746697,2,4,0.10138844,3,4,0.26807453,-4961.5333,27.338599,-1.2273091,-4932.9674
1,4,0.84258079,2,4,0.16648274,3,4,0.19263685,-4964.8798,24.034008,-2.3187377,-4938.527
1,4,0.86799586,2,4,0.05880726,3,4,0.33883275,-4962.1191,25.312717,-1.3422615,-4935.4641
1,4,0.98998682,2,4,0.099689291,3,4,0.32684451,-4962.9133,28.330412,-2.0092859,-4932.5736
1,4,0.97752459,2,4,0.084887054,3,4,0.32269211,-4961.4033,27.702075,-1.1726926,-4932.5286
1,4,0.95275467,2,4,0.17063015,3,4,0.22237053,-4963.4556,26.915107,-2.4586458,-4934.0819
1,4,0.92379956,2,4,0.10034413,3,4,0.23180244,-4963.2623,25.118923,-1.7457474,-4936.3977
1,4,0.84259568,2,4,0.1293518,3,4,0.26453046,-4960.1107,24.729559,-0.36874618,-4935.0124
1,4,0.98014104,2,4,0.15231585,3,4,0.21000315,-4964.2045,26.849201,-2.6687191,-4934.6866
1,4,0.94026713,2,4,0.12281343,3,4,0.27753908,-4960.2948,26.812393,-0.51664698,-4932.9658
1,4,0.89467527,2,4,0.088822992,3,4,0.2905551,-4959.5789,25.481067,-0.11591499,-4933.9819
1,4,0.75994029,2,4,0.10666886,3,4,0.27803346,-4963.3492,22.892852,-1.6796183,-4938.7768
1,4,0.87516887,2,4,0.089795713,3,4,0.29991384,-4959.7288,25.297568,-0.19012066,-4934.2411
1,4,0.94712659,2,4,0.12973405,3,4,0.25092987,-4960.6452,26.55581,-0.71664057,-4933.3727
1,4,0.94995473,2,4,0.09356897,3,4,0.29582024,-4960.0126,26.786879,-0.36540341,-4932.8604
1,4,0.88418381,2,4,0.11006122,3,4,0.30346035,-4960.244,25.954108,-0.48104584,-4933.8088
1,4,1.0126709,2,4,0.040895307,3,4,0.32976315,-4963.6965,27.666587,-2.4776148,-4933.5522
1,4,0.90052184,2,4,0.080721997,3,4,0.29163171,-4959.9303,25.457511,-0.27981209,-4934.193
1,4,0.96761297,2,4,0.14998433,3,4,0.24891381,-4962.1832,27.330222,-1.6887354,-4933.1643
1,4,0.93253343,2,4,0.12127936,3,4,0.27270477,-4959.9815,26.530351,-0.34551839,-4933.1056
1,4,0.90135035,2,4,0.042135886,3,4,0.32382514,-4963.0589,25.346227,-1.6274632,-4936.0852
1,4,0.95434406,2,4,0.11481646,3,4,0.28214159,-4960.3355,27.026042,-0.5390077,-4932.7704
1,4,0.80298969,2,4,0.10260728,3,4,0.26799028,-4961.3318,23.471745,-0.8944946,-4936.9655
1,4,0.87830311,2,4,0.11416948,3,4,0.22101795,-4963.0924,24.269811,-1.6368601,-4937.1857
1,4,0.83891816,2,4,0.12610394,3,4,0.25795557,-4960.1068,24.459553,-0.35297838,-4935.2943
1,4,0.85703955,2,4,0.13667026,3,4,0.24668682,-4960.2768,24.807932,-0.44171807,-4935.0271
1,4,0.82239152,2,4,0.12553221,3,4,0.25525339,-4960.5326,24.063542,-0.53576633,-4935.9333
1,4,0.72656283,2,4,0.14360333,3,4,0.20145334,-4969.8014,21.43239,-3.9870448,-4944.382
1,4,0.88832654,2,4,0.11379699,3,4,0.27369002,-4959.3902,25.516271,-0.025612171,-4933.8483
1,4,0.94831449,2,4,0.063035653,3,4,0.31373705,-4960.9622,26.501744,-0.85100616,-4933.6094
1,4,0.90434849,2,4,0.10827032,3,4,0.2519003,-4960.2153,25.290382,-0.41381827,-4934.5111
1,4,0.93306496,2,4,0.13188734,3,4,0.23934007,-4960.8274,26.085847,-0.77142032,-4933.9701
1,4,0.89482607,2,4,0.14484417,3,4,0.23166996,-4960.938,25.426804,-0.79321849,-4934.718
1,4,0.88545728,2,4,0.089486762,3,4,0.24071598,-4963.272,24.3132,-1.73405,-4937.2247
1,4,0.7997625,2,4,0.11593342,3,4,0.22304785,-4964.271,22.774876,-2.1403433,-4939.3557
1,4,0.90596629,2,4,0.11610022,3,4,0.25072461,-4960.0214,25.455822,-0.32812703,-4934.2374
1,4,0.90303146,2,4,0.1086151,3,4,0.28712676,-4959.5041,25.975466,-0.08405846,-4933.4445
1,4,0.88778668,2,4,0.12765604,3,4,0.25168332,-4959.8457,25.342521,-0.24845791,-4934.2548
1,4,0.96628103,2,4,0.053059822,3,4,0.34464373,-4962.1688,27.279692,-1.6494694,-4933.2396
1,4,0.90507708,2,4,0.066727627,3,4,0.31451637,-4960.5719,25.726422,-0.60084394,-4934.2446
1,4,0.79989969,2,4,0.095945321,3,4,0.28553053,-4961.4681,23.627511,-0.93501442,-4936.9056
1,4,0.97693877,2,4,0.078088491,3,4,0.29765244,-4960.8605,27.053594,-0.84137337,-4932.9655
1,4,0.90194959,2,4,0.093417515,3,4,0.23307064,-4963.8729,24.568755,-1.9785785,-4937.3256
1,4,0.96391835,2,4,0.082722688,3,4,0.31672848,-4960.7618,27.26739,-0.80154243,-4932.6928
1,4,0.9758085,2,4,0.049835988,3,4,0.33249924,-4962.1895,27.162875,-1.5999983,-4933.4267
1,4,0.89133674,2,4,0.10784035,3,4,0.30649442,-4960.3043,26.11343,-0.5149647,-4933.6759
1,4,0.90645766,2,4,0.079739452,3,4,0.28632306,-4960.1509,25.450403,-0.38120203,-4934.3193
1,4,0.85133819,2,4,0.086920337,3,4,0.32872061,-4961.4622,25.339583,-1.0986316,-4935.024
1,4,0.91381704,2,4,0.095812008,3,4,0.30363182,-4959.7822,26.265217,-0.23422289,-4933.2828
1,4,0.94042445,2,4,0.037524711,3,4,0.31835011,-4963.7518,25.925985,-1.9955822,-4935.8302
1,4,0.89211738,2,4,0.13267584,3,4,0.24775555,-4960.0505,25.450975,-0.3552357,-4934.2443
1,4,0.91530345,2,4,0.071437277,3,4,0.29650616,-4960.4608,25.664938,-0.53080652,-4934.265
1,4,0.8484576,2,4,0.099467702,3,4,0.32262491,-4961.4803,25.411004,-1.1307162,-4934.9385
1,4,0.93860054,2,4,0.12007515,3,4,0.31801868,-4962.7524,27.533887,-1.8942488,-4933.3243
1,4,0.98288579,2,4,0.086103027,3,4,0.29865031,-4960.8167,27.352783,-0.83581801,-4932.6281
1,4,0.93310956,2,4,0.075077495,3,4,0.27847159,-4961.1421,25.733173,-0.84534885,-4934.5636
1,4,0.85285453,2,4,0.11139465,3,4,0.24967945,-4960.4265,24.278573,-0.50739377,-4935.6405
1,4,0.92827563,2,4,0.11680081,3,4,0.2922938,-4960.3091,26.747405,-0.51205929,-4933.0496
1,4,0.93062692,2,4,0.10512655,3,4,0.26514238,-4959.9055,26.017917,-0.28634088,-4933.6012
1,4,0.86434119,2,4,0.10695789,3,4,0.27567353,-4959.4858,24.939452,-0.070670983,-4934.4757
1,4,0.90388332,2,4,0.090451424,3,4,0.27129297,-4960.0686,25.312554,-0.34472549,-4934.4113
1,4,0.83553545,2,4,0.17266296,3,4,0.30779645,-4969.0774,26.319897,-5.9789409,-4936.7786
1,4,0.95495837,2,4,0.081114584,3,4,0.27343738,-4961.2232,26.190207,-0.92295038,-4934.1101
1,4,0.88001417,2,4,0.081561441,3,4,0.28458782,-4960.192,24.923269,-0.39255048,-4934.8761
1,4,1.0264188,2,4,0.10648396,3,4,0.2925498,-4962.6077,28.50905,-1.9200357,-4932.1786
1,4,0.97046668,2,4,0.087560654,3,4,0.32346707,-4961.3778,27.629888,-1.1467475,-4932.6012
1,4,0.87591886,2,4,0.12567387,3,4,0.23492848,-4960.7432,24.730424,-0.63761463,-4935.3751
1,4,0.85910559,2,4,0.12307261,3,4,0.27794779,-4959.8819,25.20252,-0.2749076,-4934.4045
1,4,1.0250223,2,4,0.071940465,3,4,0.30393404,-4962.4559,28.017937,-1.8419409,-4932.5961
1,4,0.9165333,2,4,0.081359942,3,4,0.27119506,-4960.8991,25.381766,-0.72157576,-4934.7957
1,4,0.88256169,2,4,0.09524875,3,4,0.27697428,-4959.6054,25.095694,-0.12793903,-4934.3818
1,4,0.9239227,2,4,0.079190954,3,4,0.28324396,-4960.3958,25.727152,-0.50415822,-4934.1645
1,4,1.0208221,2,4,0.11027645,3,4,0.29179711,-4962.543,28.457913,-1.8655631,-4932.2195
1,4,0.87878083,2,4,0.096141767,3,4,0.28521939,-4959.4728,25.20284,-0.064249227,-4934.2058
1,4,0.90843943,2,4,0.14049366,3,4,0.30861729,-4963.8144,27.151008,-2.5748278,-4934.0886
1,4,0.84037445,2,4,0.14674654,3,4,0.21867646,-4962.1217,24.115949,-1.2002295,-4936.8055
1,4,0.9148375,2,4,0.10567026,3,4,0.28633616,-4959.5062,26.136878,-0.085524536,-4933.2838
1,4,0.7504275,2,4,0.11431167,3,4,0.27770199,-4963.8962,22.848823,-1.892279,-4939.1551
1,4,0.79538947,2,4,0.11755542,3,4,0.2864765,-4961.6253,23.988428,-1.0418461,-4936.595
1,4,0.83995722,2,4,0.11796884,3,4,0.29363503,-4960.5852,25.031222,-0.63199335,-4934.922
1,4,0.7945299,2,4,0.10546098,3,4,0.32543251,-4963.8495,24.508468,-2.2475643,-4937.0934
1,4,0.87475586,2,4,0.10911326,3,4,0.26275303,-4959.6258,24.932443,-0.13789356,-4934.5554
1,4,0.95012413,2,4,0.16100372,3,4,0.27642048,-4964.2234,27.750967,-2.9157869,-4933.5567
1,4,0.99137015,2,4,0.09010524,3,4,0.2571359,-4962.7092,26.772226,-1.7135013,-4934.2234
1,4,0.82358866,2,4,0.10072937,3,4,0.25345367,-4961.524,23.555434,-1.0090661,-4936.9595
1,4,0.87286639,2,4,0.097082745,3,4,0.30729718,-4960.0216,25.544926,-0.35317255,-4934.1235
1,4,0.91336607,2,4,0.061590853,3,4,0.3546107,-4962.3698,26.591353,-1.7206486,-4934.0578
1,4,1.0130939,2,4,0.07456834,3,4,0.28788963,-4962.4052,27.511037,-1.7089394,-4933.1852
1,4,1.0312167,2,4,0.056886774,3,4,0.33291469,-4963.2464,28.420363,-2.4145293,-4932.4115
1,4,0.87331615,2,4,0.14786616,3,4,0.25426273,-4960.7191,25.508901,-0.73653008,-4934.4737
1,4,0.88760474,2,4,0.12703229,3,4,0.30578049,-4961.7672,26.40835,-1.3461878,-4934.0126
1,4,0.91149272,2,4,0.072368081,3,4,0.38419808,-4966.1266,27.361178,-4.1466235,-4934.6188
1,4,0.93453546,2,4,0.086247856,3,4,0.30642245,-4959.9742,26.544115,-0.34465765,-4933.0855
1,4,0.88835663,2,4,0.069208458,3,4,0.22293779,-4971.9245,23.610058,-5.0180887,-4943.2963
1,4,0.94260929,2,4,0.149713,3,4,0.26143966,-4961.8033,27.075239,-1.4320345,-4933.2961
1,4,0.90084121,2,4,0.10734131,3,4,0.26192242,-4959.6882,25.402099,-0.1684103,-4934.1176
1,4,0.93342044,2,4,0.092287463,3,4,0.33525973,-4961.8904,27.219353,-1.4339392,-4933.2371
1,4,0.7876193,2,4,0.086311699,3,4,0.27947535,-4962.8497,23.068127,-1.5131661,-4938.2684
1,4,0.89330717,2,4,0.12019357,3,4,0.22545316,-4961.9569,24.779078,-1.167907,-4936.0099
1,4,0.85097188,2,4,0.061886304,3,4,0.32418151,-4961.9372,24.740794,-1.1579995,-4936.0384
1,4,0.94976289,2,4,0.022833322,3,4,0.29418447,-4970.3401,25.335614,-4.3631562,-4940.6413
1,4,0.8507819,2,4,0.14099859,3,4,0.24623657,-4960.4982,24.760341,-0.5495117,-4935.1883
1,4,0.86783748,2,4,0.032389351,3,4,0.40430417,-4968.5243,26.09062,-5.0727468,-4937.361
1,4,0.88515599,2,4,0.075973043,3,4,0.37568881,-4965.3905,26.736357,-3.5934426,-4935.0607
1,4,0.93398618,2,4,0.085090319,3,4,0.29690959,-4959.8655,26.319722,-0.27842605,-4933.2673
1,4,0.83736646,2,4,0.13972331,3,4,0.27524039,-4961.1455,25.046603,-0.93540401,-4935.1635
1,4,0.95243058,2,4,0.089656535,3,4,0.23810093,-4964.2239,25.603761,-2.195644,-4936.4245
1,4,0.86119048,2,4,0.13301388,3,4,0.29651078,-4961.646,25.814303,-1.2679282,-4934.5638
1,4,1.0326342,2,4,0.034043045,3,4,0.36001008,-4964.8163,28.533746,-3.4721028,-4932.8105
1,4,0.82050347,2,4,0.14842281,3,4,0.24349799,-4961.4457,24.248485,-0.96302892,-4936.2342
1,4,0.78103187,2,4,0.10454525,3,4,0.25227281,-4963.082,22.756999,-1.6488427,-4938.6762
1,4,0.81483202,2,4,0.079354065,3,4,0.24885856,-4965.3373,22.860893,-2.6176196,-4939.8588
1,4,0.93615873,2,4,0.062549224,3,4,0.2725533,-4963.5286,25.425225,-1.8474021,-4936.256
1,4,0.93278391,2,4,0.06089295,3,4,0.31159958,-4961.0292,26.105529,-0.83593087,-4934.0877
1,4,1.0186645,2,4,0.04017661,3,4,0.35757939,-4964.1115,28.32841,-2.9910538,-4932.792
1,4,0.84402387,2,4,0.11973565,3,4,0.25130004,-4960.2074,24.301191,-0.39930378,-4935.5069
1,4,0.92378734,2,4,0.090426661,3,4,0.27255711,-4960.1275,25.735422,-0.38119074,-4934.0109
1,4,0.95337714,2,4,0.075901305,3,4,0.34454378,-4962.1007,27.476445,-1.6036388,-4933.0206
1,4,0.89320275,2,4,0.10347818,3,4,0.31368921,-4960.551,26.207403,-0.65344087,-4933.6902
1,4,0.87530382,2,4,0.08262529,3,4,0.32726827,-4960.8729,25.703947,-0.80888395,-4934.3601
1,4,0.90193074,2,4,0.099469397,3,4,0.31169886,-4960.2355,26.26198,-0.47998547,-4933.4935
1,4,0.91106334,2,4,0.14570672,3,4,0.27465996,-4961.498,26.6286,-1.2212881,-4933.6481
1,4,0.85283632,2,4,0.13555991,3,4,0.25107964,-4960.2096,24.789517,-0.41230016,-4935.0078
1,4,1.0334488,2,4,0.098263188,3,4,0.26903304,-4962.947,28.014901,-2.1072081,-4932.8249
1,4,0.8649474,2,4,0.086849875,3,4,0.31106387,-4960.2068,25.257223,-0.42963211,-4934.5199
1,4,0.88698206,2,4,0.11052269,3,4,0.22809808,-4962.4215,24.512057,-1.3658122,-4936.5436
1,4,0.84830801,2,4,0.084737405,3,4,0.29617637,-4960.3024,24.584436,-0.43865841,-4935.2793
1,4,0.98330507,2,4,0.12931094,3,4,0.27376806,-4961.7169,27.727682,-1.3599943,-4932.6292
1,4,0.96071729,2,4,0.10535303,3,4,0.27469483,-4960.2462,26.815303,-0.49393351,-4932.9369
1,4,0.86902517,2,4,0.036729532,3,4,0.31125109,-4965.55,24.340116,-2.4525774,-4938.7573
1,4,0.9646291,2,4,0.056173321,3,4,0.351909,-4962.4509,27.454228,-1.8509401,-4933.1457
1,4,0.8726707,2,4,0.10613715,3,4,0.25091186,-4960.4152,24.594394,-0.50330975,-4935.3175
1,4,0.94844033,2,4,0.085559237,3,4,0.31794995,-4960.579,27.03899,-0.68824305,-4932.8518
1,4,0.90899159,2,4,0.16032342,3,4,0.24266319,-4961.7214,26.239564,-1.3627591,-4934.1191
1,4,0.83112182,2,4,0.066189706,3,4,0.29872805,-4962.3742,23.920792,-1.2853768,-4937.168
1,4,0.74091744,2,4,0.12222265,3,4,0.29554773,-4965.5174,23.173756,-2.6813336,-4939.6623
1,4,0.82386004,2,4,0.080427766,3,4,0.32504761,-4962.0346,24.586708,-1.2666332,-4936.1812
1,4,0.96725043,2,4,0.030456514,3,4,0.3613942,-4964.0328,27.182023,-2.6465253,-4934.2043
