1,4,0.31893592,2,4,0.12310079,3,4,0.18060336,-3644.2433,12.452801,-1.9026791,-3629.8878
1,4,0.30148226,2,4,0.13285643,3,4,0.16794427,-3642.8175,12.045659,-0.37600943,-3630.3959
1,4,0.31549008,2,4,0.17489229,3,4,0.13565902,-3645.0139,12.520828,-2.8000081,-3629.693
1,4,0.27275701,2,4,0.14579225,3,4,0.17642517,-3643.5005,11.899489,-1.0535324,-3630.5475
1,4,0.27923362,2,4,0.12129643,3,4,0.1817033,-3644.5477,11.644667,-1.9463584,-3630.9567
1,4,0.30280616,2,4,0.10929473,3,4,0.16416213,-3645.7939,11.52526,-2.878937,-3631.3897
1,4,0.27373632,2,4,0.13598526,3,4,0.16162527,-3643.3235,11.426937,-0.83171303,-3631.0648
1,4,0.29596475,2,4,0.14410372,3,4,0.17393903,-3642.7533,12.28015,-0.33603234,-3630.1371
1,4,0.3184552,2,4,0.1513794,3,4,0.1650151,-3643.1623,12.696994,-0.77152829,-3629.6938
1,4,0.29872714,2,4,0.15722162,3,4,0.17412084,-3643.2897,12.601392,-0.91333038,-3629.775
1,4,0.30404134,2,4,0.13757351,3,4,0.17029967,-3642.7238,12.238291,-0.2991168,-3630.1864
1,4,0.30237758,2,4,0.12450763,3,4,0.16745307,-3643.4399,11.886766,-0.93925391,-3630.6138
1,4,0.28473668,2,4,0.12840476,3,4,0.17204129,-3643.3509,11.703655,-0.85546423,-3630.7918
1,4,0.30384004,2,4,0.16134759,3,4,0.15352748,-3643.0107,12.374302,-0.61467682,-3630.0218
1,4,0.26676403,2,4,0.17344567,3,4,0.15078509,-3644.838,11.819896,-2.3806862,-3630.6374
1,4,0.26009164,2,4,0.17727854,3,4,0.15380415,-3645.7077,11.823487,-3.2581046,-3630.6261
1,4,0.26284633,2,4,0.13690269,3,4,0.15613792,-3644.2424,11.117739,-1.6527799,-3631.4718
1,4,0.27484613,2,4,0.16755558,3,4,0.17573466,-3644.5734,12.362727,-2.3240557,-3629.8866
1,4,0.29710605,2,4,0.14418725,3,4,0.16949327,-3642.5736,12.215731,-0.14496578,-3630.2129
1,4,0.28447205,2,4,0.16314105,3,4,0.15683287,-3643.1438,12.088919,-0.73531633,-3630.3196
1,4,0.30294223,2,4,0.14787706,3,4,0.18056777,-3643.3412,12.627741,-0.97856894,-3629.7349
1,4,0.31426836,2,4,0.15917997,3,4,0.13516971,-3644.1701,12.172361,-1.7160234,-3630.2817
1,4,0.31744738,2,4,0.12907379,3,4,0.15253101,-3643.8551,11.981043,-1.3617511,-3630.5123
1,4,0.35228734,2,4,0.16767356,3,4,0.13926837,-3646.8566,13.184585,-5.1800368,-3628.492
1,4,0.26310929,2,4,0.15833222,3,4,0.15933476,-3643.9966,11.615525,-1.4575445,-3630.9235
1,4,0.28511676,2,4,0.11442222,3,4,0.19593412,-3646.0265,11.909462,-3.4835063,-3630.6335
1,4,0.28481883,2,4,0.16897378,3,4,0.1602422,-3643.629,12.280696,-1.2884077,-3630.0599
1,4,0.27867809,2,4,0.13871719,3,4,0.17847807,-3643.351,11.917467,-0.91139865,-3630.5222
1,4,0.30157109,2,4,0.15584977,3,4,0.14337616,-3643.1356,12.01594,-0.68295693,-3630.4367
1,4,0.29308319,2,4,0.16083008,3,4,0.1300711,-3644.5732,11.679687,-1.9290625,-3630.9644
1,4,0.28795948,2,4,0.142351,3,4,0.16656607,-3642.5739,11.937531,-0.13823815,-3630.4981
1,4,0.33008205,2,4,0.16197929,3,4,0.14424571,-3644.4293,12.726141,-2.2014636,-3629.5017
1,4,0.28856625,2,4,0.10930766,3,4,0.18942823,-3646.1865,11.746043,-3.4167947,-3631.0237
1,4,0.23431006,2,4,0.14935619,3,4,0.17248026,-3647.7004,11.12293,-4.4841721,-3632.0933
1,4,0.30835516,2,4,0.16038706,3,4,0.13415032,-3644.1383,12.057851,-1.6467112,-3630.4337
1,4,0.27642436,2,4,0.14295817,3,4,0.19968869,-3645.4704,12.381424,-3.374721,-3629.7143
1,4,0.26860703,2,4,0.16699105,3,4,0.16341867,-3644.1996,11.980335,-1.7913305,-3630.428
1,4,0.29003605,2,4,0.14983196,3,4,0.15643724,-3642.5309,11.926105,-0.095626663,-3630.5092
1,4,0.25865025,2,4,0.16053899,3,4,0.13505386,-3645.9108,11.084862,-3.013143,-3631.8128
1,4,0.30888557,2,4,0.14625261,3,4,0.15840665,-3642.6244,12.270897,-0.19748123,-3630.1561
1,4,0.29547673,2,4,0.13841096,3,4,0.16102856,-3642.5592,11.898325,-0.12190919,-3630.5389
1,4,0.28546811,2,4,0.12641448,3,4,0.1639106,-3643.4935,11.515864,-0.9708197,-3631.0068
1,4,0.31985153,2,4,0.16784148,3,4,0.13474136,-3644.7743,12.448687,-2.4677017,-3629.8579
1,4,0.3179339,2,4,0.15061156,3,4,0.14816098,-3643.2455,12.334129,-0.84288835,-3630.0685
1,4,0.31797095,2,4,0.13480689,3,4,0.1599942,-3643.1769,12.255441,-0.76063052,-3630.1608
1,4,0.29378296,2,4,0.13590818,3,4,0.15155,-3643.018,11.624823,-0.554513,-3630.8387
1,4,0.27574005,2,4,0.14132388,3,4,0.16010625,-3643.0111,11.543404,-0.54590871,-3630.9218
1,4,0.32701212,2,4,0.12644145,3,4,0.15849699,-3644.2543,12.239011,-1.827153,-3630.1882
1,4,0.26155839,2,4,0.14734008,3,4,0.15914128,-3643.9249,11.360795,-1.3506887,-3631.2134
1,4,0.30953067,2,4,0.15472223,3,4,0.15623134,-3642.8221,12.409685,-0.4085151,-3630.0039
1,4,0.29727289,2,4,0.16654875,3,4,0.13962304,-3643.7881,12.068893,-1.3559619,-3630.3632
1,4,0.2884588,2,4,0.15762252,3,4,0.19606351,-3645.5098,12.842897,-3.5331753,-3629.1337
1,4,0.28165443,2,4,0.15126707,3,4,0.1401005,-3643.6504,11.46044,-1.1096386,-3631.0803
1,4,0.27558563,2,4,0.14405158,3,4,0.1499334,-3643.3039,11.391412,-0.81971774,-3631.0927
1,4,0.33372321,2,4,0.14939787,3,4,0.16831839,-3644.1578,13.028789,-1.8992971,-3629.2297
1,4,0.34245173,2,4,0.15395227,3,4,0.1516642,-3644.8321,12.961364,-2.7166124,-3629.1541
1,4,0.3209484,2,4,0.17724953,3,4,0.12786239,-3646.1265,12.521206,-3.9502607,-3629.655
1,4,0.29042608,2,4,0.14921952,3,4,0.14190525,-3643.2601,11.631017,-0.76306581,-3630.866
1,4,0.28289436,2,4,0.12688702,3,4,0.17171844,-3643.5338,11.629996,-1.0142486,-3630.8895
1,4,0.30056082,2,4,0.13196108,3,4,0.15996363,-3642.9166,11.849711,-0.45718397,-3630.6097
1,4,0.29396609,2,4,0.14481017,3,4,0.15623769,-3642.4973,11.900279,-0.062733117,-3630.5343
1,4,0.23832623,2,4,0.12533192,3,4,0.15534167,-3648.7856,10.379997,-5.3713229,-3633.0343
1,4,0.28781332,2,4,0.13152995,3,4,0.17753341,-3643.2479,11.937534,-0.80034734,-3630.51
1,4,0.32815581,2,4,0.13254116,3,4,0.12865443,-3646.9483,11.787028,-4.0693252,-3631.0919
1,4,0.27505361,2,4,0.14641141,3,4,0.16556783,-3642.9858,11.740657,-0.52490346,-3630.7202
1,4,0.29280793,2,4,0.15053721,3,4,0.13656,-3643.7453,11.598103,-1.1863057,-3630.9609
1,4,0.30304574,2,4,0.15822287,3,4,0.16755507,-3643.0618,12.576473,-0.66206385,-3629.8233
1,4,0.27621981,2,4,0.15628977,3,4,0.18214675,-3644.1425,12.293127,-1.8296955,-3630.0197
1,4,0.33986292,2,4,0.1250029,3,4,0.17753762,-3645.2456,12.848069,-3.1434868,-3629.2541
1,4,0.27907335,2,4,0.14342167,3,4,0.17349171,-3643.0415,11.919735,-0.60114241,-3630.5207
1,4,0.31535195,2,4,0.12672082,3,4,0.15618465,-3643.7979,11.965148,-1.2980283,-3630.5347
1,4,0.29892515,2,4,0.13660488,3,4,0.18104845,-3643.1904,12.331569,-0.80801464,-3630.0508
1,4,0.30066292,2,4,0.14562703,3,4,0.14037504,-3643.4262,11.7333,-0.91579084,-3630.7771
1,4,0.29656152,2,4,0.1593115,3,4,0.14949476,-3642.9163,12.107356,-0.49125841,-3630.3177
1,4,0.31263253,2,4,0.14057361,3,4,0.15409491,-3642.9073,12.146021,-0.47682316,-3630.2845
1,4,0.28456259,2,4,0.1488552,3,4,0.1434097,-3643.2781,11.53655,-0.78276066,-3630.9588
1,4,0.32787931,2,4,0.15558869,3,4,0.19609349,-3646.6749,13.59123,-4.8227146,-3628.2609
1,4,0.30863055,2,4,0.14906282,3,4,0.17880646,-3643.3964,12.729997,-1.029586,-3629.6368
1,4,0.290805,2,4,0.123984,3,4,0.1580956,-3643.8141,11.457692,-1.2524615,-3631.104
1,4,0.28299246,2,4,0.16929361,3,4,0.12405496,-3646.0185,11.52682,-3.1697574,-3631.322
1,4,0.30637912,2,4,0.15793726,3,4,0.14234711,-3643.3278,12.13327,-0.89064214,-3630.3039
1,4,0.28620776,2,4,0.14061012,3,4,0.17275559,-3642.805,11.991469,-0.37225948,-3630.4412
1,4,0.29675055,2,4,0.16588205,3,4,0.1523718,-3643.2335,12.300088,-0.85631169,-3630.0771
1,4,0.2832425,2,4,0.14181338,3,4,0.14893633,-3643.1051,11.479844,-0.63961664,-3630.9857
1,4,0.2854298,2,4,0.15166304,3,4,0.15515857,-3642.6664,11.845028,-0.22586142,-3630.5955
1,4,0.28747014,2,4,0.1405389,3,4,0.15940124,-3642.6134,11.748206,-0.17540838,-3630.6898
1,4,0.29626581,2,4,0.12867647,3,4,0.15117875,-3643.6283,11.522421,-1.1004521,-3631.0055
1,4,0.28282509,2,4,0.12967899,3,4,0.16464031,-3643.279,11.542888,-0.78404697,-3630.952
1,4,0.2814412,2,4,0.14240918,3,4,0.16834481,-3642.7842,11.843904,-0.33993526,-3630.6004
1,4,0.29666876,2,4,0.16018074,3,4,0.16401308,-3642.9683,12.417252,-0.568442,-3629.9826
1,4,0.30922907,2,4,0.12351678,3,4,0.17496795,-3643.7083,12.154276,-1.2576578,-3630.2964
1,4,0.27671877,2,4,0.16189034,3,4,0.16458875,-3643.4356,12.063957,-1.0274766,-3630.3441
1,4,0.29769257,2,4,0.15880947,3,4,0.1663698,-3642.9715,12.457437,-0.56936808,-3629.9447
1,4,0.28917928,2,4,0.1486347,3,4,0.16684887,-3642.5877,12.093257,-0.15674235,-3630.3377
1,4,0.335161,2,4,0.16272804,3,4,0.13154853,-3645.7484,12.588751,-3.5328261,-3629.6268
1,4,0.28723799,2,4,0.16837102,3,4,0.14402123,-3643.7385,11.992605,-1.3150846,-3630.4308
1,4,0.32484273,2,4,0.14041403,3,4,0.14223536,-3644.1998,12.149842,-1.7465005,-3630.3035
1,4,0.27491878,2,4,0.14322462,3,4,0.1580022,-3643.0427,11.522912,-0.57502685,-3630.9447
1,4,0.29551108,2,4,0.16024376,3,4,0.18463456,-3644.3828,12.807788,-2.16322,-3629.4117
1,4,0.31356705,2,4,0.14534489,3,4,0.16034074,-3642.7657,12.385054,-0.34837122,-3630.0322
1,4,0.28973252,2,4,0.16825687,3,4,0.15002361,-3643.4758,12.16026,-1.096383,-3630.2192
1,4,0.29945948,2,4,0.15632077,3,4,0.15407459,-3642.7036,12.197097,-0.27942704,-3630.2271
1,4,0.29135332,2,4,0.14055031,3,4,0.14573699,-3643.1927,11.552812,-0.71267086,-3630.9273
1,4,0.27805422,2,4,0.15132406,3,4,0.17251834,-3643.1675,12.037932,-0.74307405,-3630.3865
1,4,0.34314883,2,4,0.14767281,3,4,0.16394628,-3644.745,13.095358,-2.6179195,-3629.0317
1,4,0.30647111,2,4,0.16088768,3,4,0.14953576,-3643.1132,12.337891,-0.71673046,-3630.0586
1,4,0.30580316,2,4,0.14396845,3,4,0.14162632,-3643.4197,11.827959,-0.92145259,-3630.6703
1,4,0.28036033,2,4,0.15986356,3,4,0.18516294,-3644.5439,12.507737,-2.3299127,-3629.7063
1,4,0.29461674,2,4,0.15547165,3,4,0.14134979,-3643.2624,11.828764,-0.77895938,-3630.6546
1,4,0.29041404,2,4,0.14782612,3,4,0.17282257,-3642.7831,12.221255,-0.36476786,-3630.1971
1,4,0.31074423,2,4,0.13060234,3,4,0.17699274,-3643.3475,12.366786,-0.95803283,-3630.0227
1,4,0.30266607,2,4,0.14035664,3,4,0.16766364,-3642.5885,12.213727,-0.15919943,-3630.2156
1,4,0.29726707,2,4,0.14768464,3,4,0.16568084,-3642.5055,12.212651,-0.073551307,-3630.2193
1,4,0.32744898,2,4,0.15908109,3,4,0.13167376,-3645.1505,12.364077,-2.7680193,-3630.0184
1,4,0.32370437,2,4,0.13525038,3,4,0.15179539,-3643.7191,12.215003,-1.2991865,-3630.2049
1,4,0.30555249,2,4,0.15679758,3,4,0.14791974,-3642.9788,12.205396,-0.55675045,-3630.2166
1,4,0.30666283,2,4,0.14238077,3,4,0.16016956,-3642.5776,12.184263,-0.14712687,-3630.2462
1,4,0.29789798,2,4,0.13970837,3,4,0.14876055,-3642.9614,11.727338,-0.49965507,-3630.7344
1,4,0.28327592,2,4,0.13680294,3,4,0.18250986,-3643.4741,12.051775,-1.0670547,-3630.3553
1,4,0.29424203,2,4,0.14660798,3,4,0.14165995,-3643.2845,11.650199,-0.78533021,-3630.849
1,4,0.24163008,2,4,0.11561163,3,4,0.17739674,-3649.2971,10.692769,-5.6282262,-3632.9761
1,4,0.26861473,2,4,0.15683444,3,4,0.13169692,-3645.3991,11.142922,-2.5804504,-3631.6757
1,4,0.29124567,2,4,0.15921231,3,4,0.15158842,-3642.8746,12.040928,-0.44648082,-3630.3872
1,4,0.30597012,2,4,0.15315237,3,4,0.13347484,-3644.1048,11.851947,-1.5403181,-3630.7125
1,4,0.30663031,2,4,0.14026624,3,4,0.16020007,-3642.6156,12.141932,-0.18394183,-3630.2897
1,4,0.3077872,2,4,0.15764647,3,4,0.16902035,-3643.2142,12.689081,-0.82166784,-3629.7035
1,4,0.30684526,2,4,0.12923929,3,4,0.17177834,-3643.1589,12.157258,-0.72345029,-3630.2782
1,4,0.315007,2,4,0.14315183,3,4,0.15425798,-3642.9257,12.248336,-0.50616928,-3630.1712
1,4,0.32773987,2,4,0.13698995,3,4,0.16132496,-3643.5821,12.521096,-1.2330613,-3629.8279
1,4,0.29783353,2,4,0.14765282,3,4,0.15641152,-3642.4782,12.037957,-0.044384064,-3630.3958
1,4,0.2684849,2,4,0.10977096,3,4,0.16054001,-3647.3374,10.775917,-4.1392628,-3632.4222
1,4,0.30533601,2,4,0.14105134,3,4,0.12499709,-3646.005,11.427689,-3.0726628,-3631.5047
1,4,0.29272855,2,4,0.15556266,3,4,0.1662523,-3642.7738,12.29087,-0.35599986,-3630.1269
1,4,0.29013805,2,4,0.14350488,3,4,0.15839779,-3642.5132,11.840815,-0.078618891,-3630.5938
1,4,0.32738747,2,4,0.1463039,3,4,0.14565332,-3643.8905,12.386894,-1.5204832,-3629.9831
1,4,0.28710475,2,4,0.15481065,3,4,0.17049932,-3642.9641,12.248295,-0.55578821,-3630.16
1,4,0.29688403,2,4,0.13815334,3,4,0.17675978,-3642.9078,12.235943,-0.49731363,-3630.1746
1,4,0.27330984,2,4,0.15708311,3,4,0.17515382,-3643.7878,12.110936,-1.3976761,-3630.2792
1,4,0.28235631,2,4,0.15115917,3,4,0.1577641,-3642.7064,11.825592,-0.26377009,-3630.6171
1,4,0.27570883,2,4,0.14812948,3,4,0.17194764,-3643.1605,11.915719,-0.71668278,-3630.5281
1,4,0.25672416,2,4,0.17687489,3,4,0.16239821,-3646.0598,11.919945,-3.6721076,-3630.4678
1,4,0.27053132,2,4,0.13205243,3,4,0.14927296,-3644.4187,11.037134,-1.8420526,-3631.5395
1,4,0.30192146,2,4,0.13999741,3,4,0.16485392,-3642.5419,12.135456,-0.10946451,-3630.297
1,4,0.25922111,2,4,0.1194773,3,4,0.14878398,-3647.2606,10.549648,-4.2550356,-3632.4559
1,4,0.28347739,2,4,0.12548527,3,4,0.18135959,-3643.9538,11.806445,-1.4495319,-3630.6978
1,4,0.29444481,2,4,0.12559876,3,4,0.19157958,-3644.4007,12.232463,-2.0683554,-3630.0999
1,4,0.28800695,2,4,0.14592674,3,4,0.15592048,-3642.5698,11.797084,-0.13295148,-3630.6398
1,4,0.32615378,2,4,0.14608845,3,4,0.1797279,-3644.1802,13.039403,-1.9118705,-3629.2289
1,4,0.31048951,2,4,0.099225961,3,4,0.1921018,-3647.9751,12.036345,-5.1208195,-3630.8179
1,4,0.25166264,2,4,0.1621076,3,4,0.17644822,-3645.8933,11.804369,-3.3641758,-3630.7248
1,4,0.27172665,2,4,0.13972999,3,4,0.18660738,-3644.271,11.96128,-1.8604938,-3630.4493
1,4,0.30303228,2,4,0.13243342,3,4,0.1628104,-3642.8562,11.965522,-0.40620349,-3630.4845
1,4,0.34313902,2,4,0.13834024,3,4,0.16928093,-3644.7967,13.015204,-2.6831967,-3629.0983
1,4,0.29006055,2,4,0.14624651,3,4,0.16111233,-3642.4736,11.948388,-0.039618702,-3630.4856
1,4,0.29212614,2,4,0.15629884,3,4,0.16889523,-3642.917,12.346404,-0.5095763,-3630.061
1,4,0.29025125,2,4,0.16370689,3,4,0.16732471,-3643.3533,12.425657,-0.9920928,-3629.9356
1,4,0.27753529,2,4,0.14465922,3,4,0.16452287,-3642.8573,11.734348,-0.40341612,-3630.7195
1,4,0.29696653,2,4,0.10144692,3,4,0.16616912,-3647.5833,11.291651,-4.2138006,-3632.0778
1,4,0.30108682,2,4,0.1498518,3,4,0.18308127,-3643.6018,12.680398,-1.2723541,-3629.6491
1,4,0.3174505,2,4,0.12147004,3,4,0.15813926,-3644.3691,11.941196,-1.8128088,-3630.6151
1,4,0.33755989,2,4,0.13341451,3,4,0.15536613,-3644.5567,12.52681,-2.2717873,-3629.7581
1,4,0.3358457,2,4,0.12764372,3,4,0.1580385,-3644.7355,12.430558,-2.4034172,-3629.9015
1,4,0.29234343,2,4,0.12954955,3,4,0.15611764,-3643.2861,11.560212,-0.79349393,-3630.9324
1,4,0.31502335,2,4,0.13154052,3,4,0.16188985,-3643.2099,12.169074,-0.77597255,-3630.2649
1,4,0.28185771,2,4,0.14023814,3,4,0.16145354,-3642.7599,11.670988,-0.31312244,-3630.7758
1,4,0.27977168,2,4,0.14793147,3,4,0.15164796,-3642.9465,11.587022,-0.48625252,-3630.8733
1,4,0.29034904,2,4,0.13532227,3,4,0.17947908,-3643.1556,12.103008,-0.74196672,-3630.3107
1,4,0.27668971,2,4,0.15035483,3,4,0.17157994,-3643.1505,11.97249,-0.71527663,-3630.4627
1,4,0.26966042,2,4,0.15423665,3,4,0.17219681,-3643.6793,11.921877,-1.2327787,-3630.5246
1,4,0.29037837,2,4,0.14269688,3,4,0.15808155,-3642.5294,11.823136,-0.094423012,-3630.6118
1,4,0.28364709,2,4,0.15515451,3,4,0.1627665,-3642.8002,12.031362,-0.37032599,-3630.3985
1,4,0.30037258,2,4,0.18960914,3,4,0.17282095,-3647.0923,13.256053,-5.5505171,-3628.2857
1,4,0.28035967,2,4,0.14999275,3,4,0.17308128,-3643.0702,12.068674,-0.6487614,-3630.3528
1,4,0.28710348,2,4,0.15479501,3,4,0.15481869,-3642.7064,11.934344,-0.26968584,-3630.5024
1,4,0.2730745,2,4,0.15164916,3,4,0.13755,-3644.3556,11.245473,-1.7219112,-3631.3882
1,4,0.29070208,2,4,0.14230879,3,4,0.17035497,-3642.6272,12.067317,-0.19678534,-3630.3631
1,4,0.29757848,2,4,0.12759644,3,4,0.16342019,-3643.1833,11.771902,-0.69567785,-3630.7157
1,4,0.31584964,2,4,0.1638202,3,4,0.15475199,-3643.5457,12.688437,-1.2125486,-3629.6447
1,4,0.28895795,2,4,0.14858667,3,4,0.17638972,-3643.0188,12.278687,-0.61862174,-3630.1215
1,4,0.29829536,2,4,0.153396,3,4,0.15053949,-3642.6997,12.044617,-0.26395919,-3630.3912
1,4,0.28402098,2,4,0.12770112,3,4,0.19515279,-3644.8408,12.137498,-2.5236733,-3630.1797
1,4,0.31487218,2,4,0.1315922,3,4,0.15672336,-3643.3401,12.063755,-0.88691897,-3630.3895
1,4,0.30431089,2,4,0.14678162,3,4,0.16479005,-3642.558,12.317651,-0.12743162,-3630.1129
1,4,0.27766581,2,4,0.15712195,3,4,0.17048743,-3643.3384,12.105504,-0.93035357,-3630.3026
1,4,0.3234273,2,4,0.14263982,3,4,0.14792516,-3643.6047,12.279846,-1.2005285,-3630.1243
1,4,0.3109499,2,4,0.15293452,3,4,0.1814045,-3643.887,12.905778,-1.5684494,-3629.4128
1,4,0.31691798,2,4,0.15390579,3,4,0.14303601,-3643.5242,12.277196,-1.1126264,-3630.1344
1,4,0.30298895,2,4,0.14845667,3,4,0.13749277,-3643.6688,11.778768,-1.1357984,-3630.7542
1,4,0.26973504,2,4,0.16084581,3,4,0.13936993,-3644.4797,11.399016,-1.8433533,-3631.2373
1,4,0.32245911,2,4,0.1545483,3,4,0.14216739,-3643.8492,12.383496,-1.4720587,-3629.9936
1,4,0.30265468,2,4,0.14861014,3,4,0.17585293,-3643.0286,12.542355,-0.62995702,-3629.8563
1,4,0.31118888,2,4,0.18593181,3,4,0.16834654,-3646.4683,13.309345,-4.7209931,-3628.438
1,4,0.2956298,2,4,0.15160061,3,4,0.15169021,-3642.626,11.978412,-0.18847741,-3630.4591
1,4,0.2504092,2,4,0.14655725,3,4,0.1876956,-3646.2742,11.693241,-3.6669272,-3630.9141
1,4,0.29940248,2,4,0.13048316,3,4,0.17506284,-3643.095,12.098969,-0.66056166,-3630.3355
1,4,0.29742482,2,4,0.16105955,3,4,0.13406299,-3644.0556,11.850947,-1.5146443,-3630.69
1,4,0.32120831,2,4,0.14820957,3,4,0.13860318,-3644.0935,12.160421,-1.6366982,-3630.2964
1,4,0.28805114,2,4,0.16941109,3,4,0.16624494,-3643.8306,12.474144,-1.5346001,-3629.8218
1,4,0.27244357,2,4,0.16764239,3,4,0.14503583,-3644.2228,11.702436,-1.7091281,-3630.8112
1,4,0.29092593,2,4,0.1349073,3,4,0.18233253,-3643.3369,12.163315,-0.94250893,-3630.2311
1,4,0.28877801,2,4,0.13628589,3,4,0.1563808,-3642.8435,11.628894,-0.39405633,-3630.8206
1,4,0.3002785,2,4,0.15023058,3,4,0.15053989,-3642.6705,12.02098,-0.23232487,-3630.4172
1,4,0.30008139,2,4,0.15314024,3,4,0.12990089,-3644.5349,11.66245,-1.8727423,-3630.9997
1,4,0.31148045,2,4,0.14379147,3,4,0.1614333,-3642.6949,12.334104,-0.27250749,-3630.0883
1,4,0.27276813,2,4,0.15605505,3,4,0.17546249,-3643.7774,12.085713,-1.3798349,-3630.3119
1,4,0.34842925,2,4,0.13182237,3,4,0.18357807,-3646.0575,13.276594,-4.2321013,-3628.5488
1,4,0.30127789,2,4,0.16819919,3,4,0.14005502,-3643.8798,12.190642,-1.4867175,-3630.2024
1,4,0.29881818,2,4,0.14414234,3,4,0.15505289,-3642.5335,11.960268,-0.097858498,-3630.4754
1,4,0.29889743,2,4,0.16655001,3,4,0.12961978,-3644.7675,11.901344,-2.1968633,-3630.6693
1,4,0.28644173,2,4,0.13871693,3,4,0.15500843,-3642.8269,11.603342,-0.38044763,-3630.8431
1,4,0.26791591,2,4,0.15249565,3,4,0.13769029,-3644.6947,11.162037,-2.0116723,-3631.5209
1,4,0.28667229,2,4,0.12615045,3,4,0.1785628,-3643.6679,11.827711,-1.1750227,-3630.6652
1,4,0.30123256,2,4,0.17148506,3,4,0.17198616,-3644.4724,12.894076,-2.2701852,-3629.3081
1,4,0.2819335,2,4,0.14421969,3,4,0.15816387,-3642.7096,11.686341,-0.26589364,-3630.7573
1,4,0.27770425,2,4,0.15963123,3,4,0.11931878,-3646.9955,11.133085,-3.79952,-3632.0629
1,4,0.29797364,2,4,0.14173642,3,4,0.14848044,-3642.8936,11.76381,-0.43630755,-3630.6935
1,4,0.25571126,2,4,0.14827828,3,4,0.16920051,-3644.5708,11.463801,-1.9349479,-3631.172
1,4,0.31396322,2,4,0.15613827,3,4,0.14835689,-3643.1837,12.369168,-0.7859495,-3630.0286
1,4,0.30674642,2,4,0.13605991,3,4,0.18161678,-3643.3474,12.488462,-0.98867493,-3629.8703
1,4,0.30358101,2,4,0.14211468,3,4,0.15907213,-3642.534,12.095356,-0.10085797,-3630.3378
1,4,0.33715902,2,4,0.13395467,3,4,0.16551439,-3644.3352,12.732562,-2.1010282,-3629.5016
1,4,0.2934661,2,4,0.1529963,3,4,0.15907841,-3642.5449,12.110816,-0.11401995,-3630.32
1,4,0.28861757,2,4,0.12835471,3,4,0.15482295,-3643.5428,11.435904,-1.0281504,-3631.0788
1,4,0.30781253,2,4,0.13229429,3,4,0.19127511,-3644.2141,12.627638,-1.9871243,-3629.5994
1,4,0.29126299,2,4,0.14512409,3,4,0.16669345,-3642.5193,12.06161,-0.086773768,-3630.3709
1,4,0.30726081,2,4,0.14209249,3,4,0.16230733,-3642.5906,12.233213,-0.16158618,-3630.1958
1,4,0.28674115,2,4,0.13437732,3,4,0.17301674,-3642.9669,11.882704,-0.51823117,-3630.566
1,4,0.2704659,2,4,0.1753737,3,4,0.12905386,-3646.348,11.497869,-3.5493456,-3631.3008
1,4,0.30494834,2,4,0.14568425,3,4,0.15994736,-3642.5229,12.211599,-0.091656896,-3630.2196
1,4,0.282216,2,4,0.15225819,3,4,0.17317638,-3643.0951,12.153011,-0.68499207,-3630.2571
1,4,0.30129458,2,4,0.1224705,3,4,0.16652648,-3643.6553,11.805831,-1.1214475,-3630.728
1,4,0.26294278,2,4,0.17003646,3,4,0.1626943,-3644.8393,11.913471,-2.4139664,-3630.5118
1,4,0.30077901,2,4,0.1525805,3,4,0.13933628,-3643.4166,11.853916,-0.91807117,-3630.6446
1,4,0.32353396,2,4,0.14008257,3,4,0.17548498,-3643.6274,12.78203,-1.3021153,-3629.5433
1,4,0.29934393,2,4,0.15588853,3,4,0.12536308,-3645.2209,11.611911,-2.4434903,-3631.1655
1,4,0.28984391,2,4,0.13230677,3,4,0.16951355,-3642.9194,11.833285,-0.46277085,-3630.6233
1,4,0.30903412,2,4,0.15028186,3,4,0.14699174,-3642.9892,12.126154,-0.55253828,-3630.3105
1,4,0.34022483,2,4,0.12924266,3,4,0.15028273,-3645.3538,12.395004,-3.0207795,-3629.938
1,4,0.2713097,2,4,0.16607402,3,4,0.14366047,-3644.2747,11.620884,-1.7267546,-3630.9271
1,4,0.27607102,2,4,0.15021623,3,4,0.15860548,-3642.937,11.697855,-0.47698821,-3630.7622
1,4,0.3166031,2,4,0.16609714,3,4,0.15794286,-3643.7906,12.812862,-1.4873032,-3629.4904
1,4,0.27642502,2,4,0.13313029,3,4,0.19046532,-3644.4836,12.000413,-2.0957028,-3630.3875
1,4,0.27154399,2,4,0.14964371,3,4,0.15606746,-3643.2211,11.545103,-0.73367146,-3630.9424
1,4,0.29517187,2,4,0.14818612,3,4,0.15257142,-3642.5757,11.918588,-0.13783841,-3630.5193
1,4,0.31805772,2,4,0.14349499,3,4,0.14123435,-3643.834,12.055741,-1.3580986,-3630.4201
1,4,0.3088592,2,4,0.10822282,3,4,0.1507408,-3647.1754,11.356456,-3.9982121,-3631.8207
1,4,0.23897362,2,4,0.16000719,3,4,0.13624539,-3648.482,10.704524,-5.0084355,-3632.7691
1,4,0.31684611,2,4,0.1468633,3,4,0.16245627,-3642.923,12.523313,-0.51794284,-3629.8817
1,4,0.28459578,2,4,0.1426136,3,4,0.16475695,-3642.6244,11.839326,-0.18502111,-3630.6001
1,4,0.25677735,2,4,0.14765157,3,4,0.18015296,-3644.9871,11.691638,-2.4218127,-3630.8737
1,4,0.32325436,2,4,0.15760708,3,4,0.146618,-3643.7286,12.549589,-1.3928057,-3629.7862
1,4,0.3155973,2,4,0.15179906,3,4,0.14047083,-3643.6497,12.157344,-1.2034761,-3630.2889
1,4,0.33676918,2,4,0.16387803,3,4,0.15059583,-3644.8645,13.024861,-2.7546859,-3629.0849
1,4,0.28868308,2,4,0.1496237,3,4,0.183732,-3643.6167,12.440775,-1.2878122,-3629.8881
1,4,0.3154834,2,4,0.16193083,3,4,0.14695713,-3643.5355,12.487427,-1.1808969,-3629.8672
1,4,0.28576252,2,4,0.13864697,3,4,0.19858411,-3644.9572,12.459872,-2.8311773,-3629.6662
1,4,0.33050118,2,4,0.14146355,3,4,0.15646349,-3643.7165,12.568565,-1.3890649,-3629.7589
1,4,0.30707049,2,4,0.1729438,3,4,0.1308511,-3645.0541,12.217308,-2.6618489,-3630.175
1,4,0.28447186,2,4,0.13021456,3,4,0.18983172,-3644.2131,12.090363,-1.8413553,-3630.2814
1,4,0.30024085,2,4,0.1578916,3,4,0.1551534,-3642.7646,12.265717,-0.34695452,-3630.1519
1,4,0.28144073,2,4,0.14399497,3,4,0.1587869,-3642.7204,11.684452,-0.27592017,-3630.7601
1,4,0.31469205,2,4,0.14645864,3,4,0.18909652,-3644.4369,13.004944,-2.2287649,-3629.2032
1,4,0.29113596,2,4,0.1388611,3,4,0.16610259,-3642.5824,11.921993,-0.14528502,-3630.5151
1,4,0.3118002,2,4,0.13776582,3,4,0.17631141,-3643.1525,12.517549,-0.77020576,-3629.8647
1,4,0.30125154,2,4,0.16155753,3,4,0.15037514,-3643.0332,12.263684,-0.62942424,-3630.1401
1,4,0.28310567,2,4,0.14559213,3,4,0.15933554,-3642.6397,11.760667,-0.19898027,-3630.68
1,4,0.28007728,2,4,0.1555006,3,4,0.16042135,-3642.8964,11.919985,-0.45691266,-3630.5195
1,4,0.31846508,2,4,0.14067093,3,4,0.17291218,-3643.2441,12.640964,-0.87095428,-3629.7322
1,4,0.29495908,2,4,0.14318207,3,4,0.14459292,-3643.1314,11.654681,-0.6516656,-3630.8251
1,4,0.23306529,2,4,0.15929419,3,4,0.14199977,-3648.8992,10.687185,-5.3089777,-3632.9031
1,4,0.29673441,2,4,0.1502736,3,4,0.16760382,-3642.6154,12.292236,-0.18770524,-3630.1355
1,4,0.27288724,2,4,0.15048027,3,4,0.17931832,-3643.7872,12.053717,-1.3844004,-3630.3491
1,4,0.33577748,2,4,0.14007186,3,4,0.150323,-3644.3422,12.523447,-2.0456535,-3629.7731
1,4,0.24707024,2,4,0.12814372,3,4,0.14482763,-3647.9051,10.400832,-4.7925186,-3632.7118
1,4,0.27858304,2,4,0.1437474,3,4,0.15434351,-3642.9551,11.533479,-0.49774625,-3630.9239
1,4,0.28487276,2,4,0.15896738,3,4,0.15457532,-3642.9166,11.968309,-0.48419151,-3630.4641
1,4,0.26318137,2,4,0.11625359,3,4,0.14889625,-3647.4527,10.566624,-4.3886432,-3632.4974
1,4,0.26142515,2,4,0.12377031,3,4,0.16888765,-3645.3054,11.081662,-2.5217684,-3631.702
1,4,0.29627749,2,4,0.13259132,3,4,0.14727896,-3643.5607,11.522955,-1.0441584,-3630.9936
1,4,0.30457177,2,4,0.12588963,3,4,0.13969701,-3645.2041,11.403168,-2.4546561,-3631.3463
1,4,0.28276255,2,4,0.099298868,3,4,0.15554133,-3649.615,10.752055,-5.7503353,-3633.1127
1,4,0.34704257,2,4,0.11455251,3,4,0.17761218,-3646.769,12.784145,-4.7380798,-3629.2468
1,4,0.29199443,2,4,0.137556,3,4,0.17526586,-3642.8653,12.096326,-0.44136371,-3630.3276
1,4,0.22523699,2,4,0.13622414,3,4,0.17746031,-3650.0843,10.778429,-6.2214916,-3633.0844
1,4,0.29324284,2,4,0.15031585,3,4,0.16445272,-3642.5318,12.160228,-0.10067796,-3630.2709
1,4,0.32125056,2,4,0.15803013,3,4,0.14399392,-3643.7615,12.465492,-1.407511,-3629.8885
1,4,0.31404735,2,4,0.14470174,3,4,0.15530774,-3642.8425,12.281137,-0.42363162,-3630.1377
1,4,0.33561171,2,4,0.16119883,3,4,0.17356597,-3645.3623,13.40753,-3.2327187,-3628.722
1,4,0.27744517,2,4,0.14633633,3,4,0.17861706,-3643.4168,12.047971,-1.0044528,-3630.3644
1,4,0.29069165,2,4,0.1665991,3,4,0.12212628,-3645.9986,11.588341,-3.1347074,-3631.2755
1,4,0.3065231,2,4,0.16172183,3,4,0.16719383,-3643.3743,12.708775,-1.0034941,-3629.662
1,4,0.26234952,2,4,0.13377052,3,4,0.15442363,-3644.5979,11.010873,-1.9756913,-3631.6114
1,4,0.30486933,2,4,0.16819225,3,4,0.17593534,-3644.5112,12.979938,-2.2906695,-3629.2406
1,4,0.31280735,2,4,0.15735876,3,4,0.17617628,-3643.8269,12.926848,-1.4872294,-3629.4129
1,4,0.28145382,2,4,0.16917825,3,4,0.14763143,-3643.8022,11.96527,-1.3852809,-3630.4516
1,4,0.28671181,2,4,0.13657234,3,4,0.17397674,-3642.9233,11.945218,-0.48443633,-3630.4936
1,4,0.32012651,2,4,0.16478816,3,4,0.1708357,-3644.4235,13.115007,-2.1581875,-3629.1503
1,4,0.29869131,2,4,0.11261048,3,4,0.21799169,-3648.456,12.585869,-6.8292477,-3629.0408
1,4,0.32568714,2,4,0.15464455,3,4,0.17316242,-3644.1128,13.069882,-1.8087031,-3629.2342
1,4,0.29454095,2,4,0.16204993,3,4,0.16851775,-3643.274,12.502173,-0.90332377,-3629.8685
1,4,0.29224673,2,4,0.11909324,3,4,0.16900492,-3644.1125,11.606898,-1.4996708,-3631.0059
1,4,0.29621118,2,4,0.16876159,3,4,0.14875724,-3643.509,12.2746,-1.1489299,-3630.0855
1,4,0.30913808,2,4,0.16233152,3,4,0.13610146,-3644.024,12.151421,-1.5780457,-3630.2945
1,4,0.30786354,2,4,0.11029347,3,4,0.1611305,-3645.7863,11.58575,-2.899415,-3631.3012
1,4,0.32375758,2,4,0.16625947,3,4,0.1337266,-3644.9712,12.474873,-2.6734855,-3629.8229
1,4,0.29177641,2,4,0.15753045,3,4,0.18650644,-3644.3427,12.716266,-2.1245217,-3629.5019
1,4,0.26216029,2,4,0.15465761,3,4,0.17105044,-3644.1797,11.757367,-1.6694655,-3630.7529
1,4,0.32165721,2,4,0.13723856,3,4,0.1786212,-3643.7047,12.750339,-1.392631,-3629.5617
1,4,0.26476972,2,4,0.14291043,3,4,0.17085094,-3643.7947,11.570622,-1.2590577,-3630.965
1,4,0.2994917,2,4,0.16051008,3,4,0.14531089,-3643.152,12.106253,-0.72367579,-3630.3221
1,4,0.28534519,2,4,0.15915521,3,4,0.14085222,-3643.5395,11.707053,-1.0317761,-3630.8007
1,4,0.27139082,2,4,0.12595002,3,4,0.17797647,-3644.3977,11.506346,-1.7903664,-3631.101
1,4,0.29297529,2,4,0.16186157,3,4,0.15115154,-3643.0022,12.119768,-0.58688828,-3630.2956
1,4,0.30664887,2,4,0.16571791,3,4,0.15411853,-3643.3614,12.529706,-1.0092567,-3629.8224
1,4,0.29183947,2,4,0.15841796,3,4,0.16969886,-3643.0804,12.399126,-0.6876727,-3629.9936
1,4,0.2796653,2,4,0.13705041,3,4,0.17679837,-3643.2577,11.870282,-0.80797947,-3630.5794
1,4,0.27641279,2,4,0.18297682,3,4,0.1293959,-3646.5884,11.77571,-4.0146035,-3630.7981
1,4,0.30357043,2,4,0.14167476,3,4,0.16073043,-3642.5267,12.119512,-0.09398814,-3630.3132
1,4,0.30685463,2,4,0.13558987,3,4,0.15564245,-3642.9084,11.961739,-0.45947385,-3630.4872
1,4,0.2723108,2,4,0.14188403,3,4,0.18043038,-3643.7565,11.892504,-1.3108357,-3630.5532
1,4,0.28887749,2,4,0.14713461,3,4,0.16432821,-3642.519,12.006806,-0.085251811,-3630.427
1,4,0.31896491,2,4,0.16494319,3,4,0.18654923,-3645.8428,13.409147,-3.7906288,-3628.6431
1,4,0.35096966,2,4,0.1557792,3,4,0.136229,-3646.4771,12.859557,-4.5252693,-3629.0923
1,4,0.27023864,2,4,0.15088397,3,4,0.16234022,-3643.2662,11.669257,-0.78181536,-3630.8151
1,4,0.31654686,2,4,0.12661196,3,4,0.16015725,-3643.6884,12.066322,-1.2159346,-3630.4061
1,4,0.28666234,2,4,0.15822546,3,4,0.14149462,-3643.4291,11.727648,-0.93095894,-3630.7705
1,4,0.28521971,2,4,0.16780327,3,4,0.1575818,-3643.4761,12.212096,-1.1108141,-3630.1532
1,4,0.30088624,2,4,0.15681146,3,4,0.13298414,-3644.1116,11.813637,-1.5414296,-3630.7565
1,4,0.27417154,2,4,0.15398805,3,4,0.14999851,-3643.3163,11.563162,-0.82226915,-3630.9308
1,4,0.30046396,2,4,0.13451924,3,4,0.17997355,-3643.1758,12.299135,-0.7842242,-3630.0924
1,4,0.30184439,2,4,0.15869035,3,4,0.1648547,-3642.9627,12.507789,-0.55818304,-3629.8967
1,4,0.29855113,2,4,0.15158574,3,4,0.1528616,-3642.5962,12.059969,-0.16206184,-3630.3742
1,4,0.30572334,2,4,0.15946055,3,4,0.18432484,-3644.4767,12.990174,-2.2462041,-3629.2403
1,4,0.2732533,2,4,0.15533539,3,4,0.1339693,-3644.7586,11.25116,-2.0522057,-3631.4552
1,4,0.2960797,2,4,0.14155239,3,4,0.16394493,-3642.4742,12.03154,-0.040490952,-3630.4022
1,4,0.3319837,2,4,0.11250069,3,4,0.18606786,-3646.196,12.611045,-3.9950101,-3629.59
1,4,0.28672835,2,4,0.12871694,3,4,0.14459364,-3644.4,11.200779,-1.7989456,-3631.4003
1,4,0.25919948,2,4,0.15867184,3,4,0.19521399,-3646.7514,12.261706,-4.6620147,-3629.8277
1,4,0.27837535,2,4,0.12823023,3,4,0.12844896,-3647.4114,10.701091,-4.3169402,-3632.3933
1,4,0.30598812,2,4,0.13419724,3,4,0.15978215,-3642.8468,11.99935,-0.40121543,-3630.4462
1,4,0.28112949,2,4,0.15028008,3,4,0.16022414,-3642.7207,11.832674,-0.27743407,-3630.6106
1,4,0.27607077,2,4,0.17848309,3,4,0.15764038,-3644.8331,12.243885,-2.6084034,-3629.9808
1,4,0.28985407,2,4,0.17778608,3,4,0.14272704,-3644.5557,12.207344,-2.2640005,-3630.0844
1,4,0.3254737,2,4,0.15299327,3,4,0.16365691,-3643.5761,12.842478,-1.2336099,-3629.5
1,4,0.32671427,2,4,0.11722104,3,4,0.18572827,-3645.3678,12.593272,-3.1395737,-3629.635
1,4,0.27704331,2,4,0.15329032,3,4,0.17407726,-3643.3653,12.088218,-0.95481707,-3630.3223
1,4,0.29205037,2,4,0.15478717,3,4,0.17789542,-3643.3736,12.494659,-1.0123052,-3629.8666
1,4,0.2714582,2,4,0.16128274,3,4,0.13846242,-3644.4615,11.424067,-1.8291215,-3631.2083
1,4,0.3309867,2,4,0.15660483,3,4,0.14685655,-3644.1602,12.688962,-1.8930781,-3629.5781
1,4,0.26728528,2,4,0.13581702,3,4,0.16774987,-3643.7552,11.417043,-1.2093387,-3631.1288
1,4,0.30002925,2,4,0.15287012,3,4,0.14891982,-3642.7651,12.036384,-0.32630971,-3630.4024
1,4,0.32087045,2,4,0.13200615,3,4,0.16502739,-3643.4023,12.35808,-1.0066476,-3630.0375
1,4,0.29274568,2,4,0.15225327,3,4,0.15051298,-3642.6913,11.910239,-0.24970967,-3630.5313
1,4,0.28825307,2,4,0.15242078,3,4,0.15473077,-3642.6284,11.908092,-0.19092335,-3630.5294
1,4,0.29136407,2,4,0.1791544,3,4,0.13938715,-3644.8438,12.198112,-2.5547847,-3630.0909
1,4,0.29702701,2,4,0.13602811,3,4,0.1391805,-3644.1097,11.444712,-1.5192235,-3631.1457
1,4,0.32461231,2,4,0.14649137,3,4,0.15143465,-3643.4403,12.450767,-1.0690796,-3629.9204
1,4,0.28546397,2,4,0.15939702,3,4,0.18618947,-3644.5056,12.621009,-2.3064079,-3629.5782
1,4,0.29894569,2,4,0.15196491,3,4,0.15084268,-3642.6677,12.035066,-0.23114716,-3630.4015
1,4,0.2961903,2,4,0.14027464,3,4,0.16690092,-3642.53,12.067317,-0.09683184,-3630.3658
1,4,0.27304548,2,4,0.11854356,3,4,0.16534899,-3645.0871,11.138761,-2.3287576,-3631.6196
1,4,0.29853881,2,4,0.15075625,3,4,0.14357779,-3643.0554,11.857457,-0.58607013,-3630.6118
1,4,0.30203988,2,4,0.16046961,3,4,0.15350778,-3642.9314,12.320345,-0.52678389,-3630.0842
1,4,0.27242695,2,4,0.16210775,3,4,0.15519302,-3643.5663,11.794554,-1.0993284,-3630.6724
1,4,0.30789242,2,4,0.14175785,3,4,0.15302319,-3642.7803,12.053469,-0.34261921,-3630.3842
1,4,0.26499477,2,4,0.14770032,3,4,0.1505784,-3643.9102,11.26547,-1.3472813,-3631.2974
1,4,0.28667165,2,4,0.13772344,3,4,0.17228246,-3642.831,11.933551,-0.39198714,-3630.5055
1,4,0.29796598,2,4,0.16957733,3,4,0.13843618,-3644.0625,12.11959,-1.6535911,-3630.2893
1,4,0.31724623,2,4,0.1442365,3,4,0.16190095,-3642.9173,12.467674,-0.51250859,-3629.9371
1,4,0.27490972,2,4,0.14896568,3,4,0.16157235,-3642.9718,11.708955,-0.50953646,-3630.7533
1,4,0.29019027,2,4,0.11909593,3,4,0.15233324,-3644.9165,11.232389,-2.1979694,-3631.4862
1,4,0.28501446,2,4,0.15580367,3,4,0.13863864,-3643.6806,11.589135,-1.138403,-3630.9531
1,4,0.29772103,2,4,0.14991285,3,4,0.16077185,-3642.4783,12.168115,-0.045703684,-3630.2644
1,4,0.29083928,2,4,0.14791726,3,4,0.18048501,-3643.2638,12.384831,-0.89314522,-3629.9859
1,4,0.31928616,2,4,0.1200835,3,4,0.15662653,-3644.7081,11.919924,-2.116599,-3630.6716
1,4,0.30345983,2,4,0.16495508,3,4,0.15679784,-3643.2441,12.504255,-0.87851017,-3629.8614
1,4,0.30873037,2,4,0.17072126,3,4,0.17019217,-3644.4691,12.992876,-2.2489042,-3629.2273
1,4,0.31467231,2,4,0.14502702,3,4,0.14658468,-3643.2365,12.12568,-0.79719031,-3630.3137
1,4,0.27814717,2,4,0.1358183,3,4,0.16206055,-3643.0918,11.52052,-0.62088548,-3630.9504
1,4,0.27282513,2,4,0.15015613,3,4,0.14016549,-3644.1084,11.262935,-1.5161004,-3631.3294
1,4,0.25964289,2,4,0.17326018,3,4,0.16335598,-3645.4374,11.925181,-3.032206,-3630.4801
1,4,0.24603152,2,4,0.1299644,3,4,0.18307728,-3647.004,11.181464,-3.9749337,-3631.8476
1,4,0.26806585,2,4,0.12816094,3,4,0.16966378,-3644.2494,11.317811,-1.6360262,-3631.2955
1,4,0.30376773,2,4,0.1509568,3,4,0.1499065,-3642.7442,12.092621,-0.30869386,-3630.3429
1,4,0.26290754,2,4,0.13900865,3,4,0.15301763,-3644.261,11.098676,-1.6732549,-3631.4891
1,4,0.32093171,2,4,0.12969626,3,4,0.15924261,-3643.6408,12.197412,-1.2092119,-3630.2342
1,4,0.32575769,2,4,0.15365599,3,4,0.14154469,-3644.0604,12.419167,-1.7005779,-3629.9407
1,4,0.33688709,2,4,0.14305174,3,4,0.15655095,-3644.1558,12.729796,-1.9054152,-3629.5206
1,4,0.33492551,2,4,0.15105262,3,4,0.14884889,-3644.2356,12.69654,-1.9811634,-3629.5579
1,4,0.31488513,2,4,0.11626548,3,4,0.15675705,-3645.1249,11.758153,-2.4196533,-3630.9471
1,4,0.29754942,2,4,0.13866099,3,4,0.17564164,-3642.8463,12.237041,-0.43214796,-3630.1772
1,4,0.29194036,2,4,0.13420487,3,4,0.17896423,-3643.1393,12.102189,-0.72217861,-3630.3149
1,4,0.26914881,2,4,0.16016558,3,4,0.14017419,-3644.428,11.389772,-1.797389,-3631.2408
1,4,0.29700108,2,4,0.14212073,3,4,0.15248102,-3642.6663,11.832057,-0.22438962,-3630.6098
1,4,0.29645294,2,4,0.14617348,3,4,0.16021028,-3642.435,12.056734,-0.0015691689,-3630.3766
1,4,0.31483464,2,4,0.14889441,3,4,0.18138989,-3643.8252,12.902379,-1.5045055,-3629.4183
1,4,0.35089985,2,4,0.1360466,3,4,0.14659841,-3646.0625,12.670897,-3.9581575,-3629.4334
1,4,0.31044295,2,4,0.17202456,3,4,0.1737387,-3644.9542,13.124124,-2.8019395,-3629.0282
1,4,0.30347148,2,4,0.15273545,3,4,0.16808357,-3642.8032,12.48581,-0.3827043,-3629.9346
1,4,0.32530296,2,4,0.13932514,3,4,0.1930964,-3645.1643,13.15449,-3.1186556,-3628.8912
1,4,0.30288506,2,4,0.15380404,3,4,0.15625041,-3642.6364,12.25879,-0.21027689,-3630.1673
1,4,0.3002011,2,4,0.1219395,3,4,0.16330418,-3643.7776,11.708896,-1.218848,-3630.8498
1,4,0.29042856,2,4,0.1172267,3,4,0.16914386,-3644.4118,11.535982,-1.7474826,-3631.1283
1,4,0.29498223,2,4,0.17084062,3,4,0.11777453,-3646.8737,11.671948,-3.9256958,-3631.276
1,4,0.27945768,2,4,0.16263321,3,4,0.14821491,-3643.4373,11.806116,-0.97334452,-3630.6579
1,4,0.32967089,2,4,0.13630181,3,4,0.14245095,-3644.7059,12.168473,-2.2497012,-3630.2877
1,4,0.30091018,2,4,0.15444375,3,4,0.17714113,-3643.3597,12.649901,-0.99005516,-3629.7198
1,4,0.28461635,2,4,0.14920532,3,4,0.16221295,-3642.6069,11.920693,-0.16997529,-3630.5163
1,4,0.29646284,2,4,0.17360912,3,4,0.17524891,-3644.9069,12.906418,-2.7914043,-3629.2091
1,4,0.31101639,2,4,0.12921825,3,4,0.1603721,-3643.2808,12.012135,-0.81642123,-3630.4522
1,4,0.3282086,2,4,0.14380966,3,4,0.14071346,-3644.3893,12.254634,-1.9715985,-3630.1631
1,4,0.29187474,2,4,0.13052134,3,4,0.14593653,-3643.9352,11.366652,-1.3812181,-3631.1873
1,4,0.28313376,2,4,0.14628447,3,4,0.16819314,-3642.7217,11.952227,-0.2850856,-3630.4844
1,4,0.27438019,2,4,0.16174598,3,4,0.16759225,-3643.6343,12.074369,-1.2329101,-3630.3271
1,4,0.31514627,2,4,0.14792988,3,4,0.18810665,-3644.4239,13.023656,-2.2038612,-3629.1964
1,4,0.29747925,2,4,0.15082453,3,4,0.1245759,-3645.4858,11.457594,-2.6280647,-3631.4002
1,4,0.29224038,2,4,0.12897038,3,4,0.17584545,-3643.2458,11.941124,-0.78812174,-3630.5166
1,4,0.29747082,2,4,0.16814017,3,4,0.17504819,-3644.2788,12.813184,-2.0417872,-3629.4238
1,4,0.25036986,2,4,0.15871232,3,4,0.14100268,-3646.199,11.001697,-3.2438161,-3631.9535
1,4,0.33664879,2,4,0.1564092,3,4,0.14592644,-3644.6045,12.779689,-2.4106529,-3629.4142
1,4,0.2652596,2,4,0.13537408,3,4,0.16122061,-3643.9722,11.237086,-1.4059824,-3631.3291
1,4,0.29314964,2,4,0.15277002,3,4,0.14546777,-3642.9492,11.827749,-0.4882252,-3630.6332
1,4,0.30213782,2,4,0.15438117,3,4,0.14081524,-3643.3077,11.946685,-0.83272637,-3630.5283
1,4,0.31551156,2,4,0.12044014,3,4,0.17227463,-3644.1341,12.164527,-1.6624033,-3630.3072
1,4,0.28399593,2,4,0.15847982,3,4,0.17908181,-3643.7959,12.431151,-1.4763784,-3629.8884
1,4,0.28100712,2,4,0.13835341,3,4,0.17284092,-3643.0042,11.844029,-0.55448851,-3630.6057
1,4,0.28119347,2,4,0.14743714,3,4,0.15931274,-3642.6988,11.758867,-0.25459283,-3630.6854
1,4,0.31868478,2,4,0.14366774,3,4,0.15107801,-3643.1861,12.268611,-0.77382275,-3630.1437
1,4,0.28784285,2,4,0.13643039,3,4,0.14719148,-3643.3918,11.429294,-0.90203705,-3631.0605
1,4,0.28488978,2,4,0.1369425,3,4,0.15379957,-3643.0151,11.512637,-0.55807495,-3630.9444
1,4,0.29091492,2,4,0.11702306,3,4,0.1559161,-3644.9656,11.277082,-2.2202927,-3631.4682
1,4,0.3560094,2,4,0.15198046,3,4,0.13068711,-3647.5805,12.77354,-5.6319899,-3629.175
1,4,0.28942687,2,4,0.16647906,3,4,0.14371784,-3643.5898,11.992475,-1.1581859,-3630.4392
1,4,0.2883135,2,4,0.13960941,3,4,0.16546211,-3642.6015,11.8677,-0.1631688,-3630.5706
1,4,0.32114985,2,4,0.13143283,3,4,0.15538596,-3643.6656,12.159373,-1.227378,-3630.2788
1,4,0.30826343,2,4,0.13087204,3,4,0.16136322,-3643.0675,12.009974,-0.61243144,-3630.4451
1,4,0.28977609,2,4,0.12966238,3,4,0.16432181,-3643.085,11.675206,-0.60665309,-3630.8032
1,4,0.30868363,2,4,0.13946556,3,4,0.16909578,-3642.7575,12.344899,-0.33816616,-3630.0744
1,4,0.29329694,2,4,0.17397303,3,4,0.15066507,-3643.9374,12.358701,-1.6477597,-3629.931
1,4,0.27512758,2,4,0.12850696,3,4,0.16752486,-3643.7303,11.423188,-1.1849828,-3631.1221
1,4,0.29017991,2,4,0.14305697,3,4,0.14763546,-3642.9655,11.617447,-0.50416009,-3630.8439
1,4,0.3223993,2,4,0.13357726,3,4,0.16764674,-3643.4209,12.472466,-1.0483857,-3629.9001
1,4,0.27116158,2,4,0.14488636,3,4,0.14753122,-3643.7007,11.271583,-1.1753895,-3631.2537
1,4,0.29638456,2,4,0.14963224,3,4,0.16991076,-3642.6813,12.318551,-0.25737061,-3630.1053
1,4,0.30825395,2,4,0.16243291,3,4,0.14131728,-3643.6017,12.240083,-1.1952039,-3630.1664
1,4,0.26650266,2,4,0.15383403,3,4,0.14505604,-3644.1161,11.307855,-1.5213099,-3631.2869
1,4,0.3125558,2,4,0.15341212,3,4,0.14552418,-3643.2028,12.229842,-0.7807624,-3630.1922
1,4,0.31489424,2,4,0.14426508,3,4,0.15333756,-3642.9335,12.249938,-0.51403389,-3630.1696
1,4,0.29729173,2,4,0.13954515,3,4,0.14932752,-3642.9329,11.723288,-0.47356391,-3630.736
1,4,0.30945246,2,4,0.13310297,3,4,0.16914005,-3642.9615,12.23391,-0.53765993,-3630.19
1,4,0.30672507,2,4,0.16268946,3,4,0.17351657,-3643.8378,12.858622,-1.5124143,-3629.4668
1,4,0.2741828,2,4,0.12752958,3,4,0.16953702,-3643.8809,11.424988,-1.3161266,-3631.1398
1,4,0.30902938,2,4,0.15642227,3,4,0.17040792,-3643.2489,12.717191,-0.85701466,-3629.6747
1,4,0.27197672,2,4,0.1710661,3,4,0.12686511,-3646.2745,11.398159,-3.3893079,-3631.487
1,4,0.25512857,2,4,0.16043548,3,4,0.15463099,-3644.8975,11.403901,-2.2208974,-3631.2727
1,4,0.26668426,2,4,0.16991073,3,4,0.16997663,-3644.8542,12.131432,-2.5365413,-3630.1862
1,4,0.32235469,2,4,0.12958578,3,4,0.16888849,-3643.6296,12.416579,-1.2521537,-3629.9609
1,4,0.29213097,2,4,0.19591072,3,4,0.14016272,-3646.9423,12.564088,-5.2286333,-3629.1495
1,4,0.32905278,2,4,0.17886201,3,4,0.13394229,-3646.1609,12.837142,-4.2291981,-3629.0946
1,4,0.31980433,2,4,0.14011519,3,4,0.12338686,-3646.7845,11.666128,-3.815172,-3631.3032
1,4,0.33724069,2,4,0.13914287,3,4,0.16312392,-3644.1932,12.79015,-1.9568522,-3629.4462
1,4,0.30095787,2,4,0.12945181,3,4,0.19409394,-3644.4521,12.490072,-2.2319093,-3629.7301
1,4,0.27170054,2,4,0.12788045,3,4,0.17219857,-3644.0429,11.435591,-1.4614214,-3631.1459
1,4,0.27451772,2,4,0.16398979,3,4,0.14396208,-3643.9553,11.649392,-1.4304908,-3630.8754
1,4,0.27676388,2,4,0.14070721,3,4,0.170562,-3643.0587,11.760662,-0.59792301,-3630.7001
1,4,0.29095315,2,4,0.13724287,3,4,0.13518176,-3644.6242,11.267556,-1.9598022,-3631.3968
1,4,0.29225956,2,4,0.15032225,3,4,0.16593251,-3642.5711,12.170286,-0.14121046,-3630.2596
1,4,0.26763534,2,4,0.16527433,3,4,0.1436529,-3644.4817,11.531252,-1.8912752,-3631.0592
1,4,0.28057404,2,4,0.14048422,3,4,0.15724163,-3642.875,11.565998,-0.42421545,-3630.8848
1,4,0.34091982,2,4,0.15256385,3,4,0.15944492,-3644.6248,13.058572,-2.4712669,-3629.095
1,4,0.29127757,2,4,0.15275754,3,4,0.18719185,-3644.0893,12.624539,-1.8356325,-3629.6292
1,4,0.27464716,2,4,0.14426238,3,4,0.15251746,-3643.2152,11.42854,-0.73668339,-3631.05
1,4,0.31069108,2,4,0.15289913,3,4,0.1660614,-3642.9321,12.593032,-0.51876556,-3629.8203
1,4,0.29365024,2,4,0.12734495,3,4,0.17443458,-3643.2962,11.908595,-0.82485432,-3630.5628
1,4,0.30089657,2,4,0.13226675,3,4,0.16970595,-3642.868,12.057385,-0.42707895,-3630.3835
1,4,0.30460902,2,4,0.156476,3,4,0.16033768,-3642.7869,12.428454,-0.37044169,-3629.988
1,4,0.33404686,2,4,0.17379594,3,4,0.14202003,-3645.6203,12.997257,-3.6611845,-3628.9619
1,4,0.3186989,2,4,0.13416767,3,4,0.13159033,-3645.7838,11.689138,-3.001446,-3631.0932
1,4,0.30459644,2,4,0.14319414,3,4,0.14914618,-3642.8619,11.938735,-0.41265705,-3630.5105
1,4,0.30562238,2,4,0.17271015,3,4,0.15948291,-3644.0515,12.756309,-1.807066,-3629.4882
1,4,0.2721752,2,4,0.15200642,3,4,0.16313141,-3643.1796,11.746261,-0.70945723,-3630.7239
1,4,0.3006032,2,4,0.12377605,3,4,0.17809437,-3643.6743,12.049472,-1.2103973,-3630.4144
1,4,0.23135972,2,4,0.179631,3,4,0.16193125,-3649.8207,11.458439,-6.7646561,-3631.5976
1,4,0.2993974,2,4,0.13345788,3,4,0.1501869,-3643.257,11.660843,-0.77014219,-3630.826
1,4,0.33916152,2,4,0.13790366,3,4,0.16103073,-3644.3719,12.761918,-2.1540151,-3629.456
1,4,0.29938428,2,4,0.14440933,3,4,0.16394059,-3642.4638,12.154684,-0.030886467,-3630.2783
1,4,0.30285896,2,4,0.14331658,3,4,0.20002896,-3645.2366,12.92409,-3.2467075,-3629.0658
1,4,0.2590375,2,4,0.14853164,3,4,0.14539195,-3644.7963,11.059222,-2.1091391,-3631.6279
1,4,0.28528906,2,4,0.14663359,3,4,0.16764361,-3642.6529,11.991325,-0.21870966,-3630.4429
1,4,0.31416376,2,4,0.15268718,3,4,0.15710246,-3642.9129,12.479068,-0.50662798,-3629.9272
1,4,0.28920244,2,4,0.14425308,3,4,0.1687061,-3642.5935,12.043232,-0.16155044,-3630.3888
1,4,0.26466791,2,4,0.14960529,3,4,0.14821102,-3644.0534,11.249684,-1.4702463,-3631.3335
1,4,0.26983813,2,4,0.13924701,3,4,0.16988508,-3643.4712,11.579404,-0.96485342,-3630.9269
1,4,0.30249141,2,4,0.14985905,3,4,0.13916067,-3643.466,11.830223,-0.95929681,-3630.6764
1,4,0.34521832,2,4,0.13531054,3,4,0.12433294,-3648.6812,12.097236,-5.894368,-3630.6895
1,4,0.29388144,2,4,0.16528778,3,4,0.15914758,-3643.2058,12.366336,-0.83342915,-3630.006
1,4,0.27768628,2,4,0.14173433,3,4,0.16029164,-3642.9017,11.594245,-0.44494261,-3630.8625
1,4,0.29702635,2,4,0.12938729,3,4,0.17341136,-3643.1053,11.9965,-0.65370175,-3630.4551
1,4,0.27259843,2,4,0.14542639,3,4,0.14812067,-3643.5521,11.32291,-1.0411683,-3631.1881
1,4,0.29168127,2,4,0.16966386,3,4,0.14765215,-3643.6241,12.179946,-1.2544907,-3630.1896
1,4,0.25256432,2,4,0.13104295,3,4,0.15872647,-3645.7232,10.846675,-2.9000234,-3631.9765
1,4,0.29376433,2,4,0.15574948,3,4,0.1255323,-3645.2391,11.500922,-2.4356641,-3631.3025
1,4,0.26941859,2,4,0.15602995,3,4,0.15293801,-3643.5414,11.567731,-1.0291435,-3630.9445
1,4,0.28317,2,4,0.12020585,3,4,0.1762206,-3644.3009,11.591929,-1.6867679,-3631.0222
1,4,0.30846399,2,4,0.16361307,3,4,0.16466679,-3643.4698,12.734877,-1.1138203,-3629.6211
1,4,0.31708581,2,4,0.13930128,3,4,0.17755096,-3643.4175,12.678761,-1.0663306,-3629.6724
1,4,0.29941271,2,4,0.14558575,3,4,0.17512875,-3642.8581,12.402544,-0.44903682,-3630.0066
1,4,0.27623041,2,4,0.15887489,3,4,0.14417475,-3643.6457,11.585601,-1.1241042,-3630.936
1,4,0.28031586,2,4,0.14605324,3,4,0.17345773,-3643.009,11.996537,-0.57816071,-3630.4343
1,4,0.32568028,2,4,0.13787896,3,4,0.17778485,-3643.8768,12.826882,-1.5897122,-3629.4602
1,4,0.28551,2,4,0.17601845,3,4,0.15990252,-3644.3242,12.428619,-2.1017285,-3629.7939
1,4,0.28970911,2,4,0.16565565,3,4,0.15705484,-3643.2314,12.248392,-0.85162232,-3630.1314
1,4,0.31112394,2,4,0.15220703,3,4,0.14270583,-3643.3262,12.120736,-0.8805728,-3630.3249
1,4,0.31649074,2,4,0.16162632,3,4,0.13330629,-3644.5045,12.228467,-2.0675454,-3630.2085
1,4,0.28723924,2,4,0.13038645,3,4,0.15813015,-3643.2314,11.515117,-0.74687563,-3630.9695
1,4,0.27686233,2,4,0.15863801,3,4,0.15192238,-3643.2397,11.748454,-0.77200829,-3630.7192
1,4,0.2967372,2,4,0.15285251,3,4,0.15511091,-3642.5663,12.094012,-0.13448746,-3630.3378
1,4,0.30562047,2,4,0.13595809,3,4,0.15832314,-3642.7825,11.998034,-0.34005234,-3630.4444
1,4,0.32450048,2,4,0.15114699,3,4,0.1769834,-3644.0997,13.052617,-1.799655,-3629.2475
1,4,0.26975508,2,4,0.14722044,3,4,0.15865251,-3643.2887,11.512561,-0.79341062,-3630.9828
1,4,0.30965202,2,4,0.10916116,3,4,0.15586319,-3646.4409,11.493527,-3.4258047,-3631.5215
1,4,0.31283677,2,4,0.15700882,3,4,0.16243542,-3643.1033,12.64562,-0.70734797,-3629.7503
1,4,0.26838288,2,4,0.15186109,3,4,0.14364508,-3644.0776,11.277781,-1.4894564,-3631.3104
1,4,0.31332187,2,4,0.1570683,3,4,0.16134932,-3643.1007,12.63479,-0.70620763,-3629.7597
1,4,0.28873081,2,4,0.15429866,3,4,0.13473013,-3644,11.555192,-1.4067241,-3631.038
1,4,0.30304022,2,4,0.1120891,3,4,0.18633171,-3645.359,12.029221,-2.7894137,-3630.5404
1,4,0.30480275,2,4,0.13390288,3,4,0.16632234,-3642.794,12.100559,-0.35696515,-3630.3364
1,4,0.26979808,2,4,0.16527069,3,4,0.16920181,-3644.2087,12.085412,-1.833905,-3630.2894
1,4,0.29398903,2,4,0.15903764,3,4,0.13734607,-3643.6857,11.807455,-1.168453,-3630.7098
1,4,0.30874981,2,4,0.14033153,3,4,0.16042512,-3642.6623,12.190129,-0.23329781,-3630.2389
1,4,0.28995034,2,4,0.17282322,3,4,0.14513964,-3643.9898,12.158264,-1.6371557,-3630.1944
1,4,0.28223655,2,4,0.13240302,3,4,0.17948894,-3643.4656,11.88257,-1.011297,-3630.5717
1,4,0.26395962,2,4,0.1339299,3,4,0.14701616,-3644.9754,10.898114,-2.3304638,-3631.7468
1,4,0.31853328,2,4,0.14550485,3,4,0.16292903,-3642.9906,12.539343,-0.5924202,-3629.8589
1,4,0.31106884,2,4,0.12050949,3,4,0.17872731,-3644.1398,12.206113,-1.6973104,-3630.2364
1,4,0.2716635,2,4,0.13764339,3,4,0.17231275,-3643.4697,11.632393,-0.97084219,-3630.8665
1,4,0.26585606,2,4,0.13327201,3,4,0.17540483,-3644.1848,11.490658,-1.6041502,-3631.09
1,4,0.25574041,2,4,0.15689495,3,4,0.18368963,-3645.7046,11.9265,-3.2718546,-3630.5063
1,4,0.31938757,2,4,0.13881101,3,4,0.15714498,-3643.139,12.306871,-0.73215207,-3630.1
1,4,0.30474004,2,4,0.1690232,3,4,0.16394937,-3643.8176,12.754252,-1.521295,-3629.542
1,4,0.29568515,2,4,0.13112899,3,4,0.17483374,-3643.0539,12.032958,-0.61367677,-3630.4072
1,4,0.26400883,2,4,0.16693755,3,4,0.16917208,-3644.7241,12.002369,-2.3305259,-3630.3912
1,4,0.29973235,2,4,0.14260216,3,4,0.16816728,-3642.5488,12.210036,-0.11879475,-3630.22
1,4,0.29111906,2,4,0.14649273,3,4,0.16698288,-3642.5371,12.091893,-0.10532769,-3630.3399
1,4,0.32784849,2,4,0.14441909,3,4,0.17590265,-3643.9757,12.963405,-1.6881822,-3629.3241
1,4,0.29306186,2,4,0.16567561,3,4,0.16635937,-3643.4639,12.501937,-1.120195,-3629.8418
1,4,0.27533846,2,4,0.15674169,3,4,0.14071319,-3643.9117,11.455867,-1.3441694,-3631.1117
1,4,0.32459753,2,4,0.11450438,3,4,0.15392795,-3646.0225,11.860597,-3.2656003,-3630.8963
1,4,0.28773956,2,4,0.13355068,3,4,0.14184799,-3644.16,11.262764,-1.5845955,-3631.3126
1,4,0.27229367,2,4,0.11958256,3,4,0.1705752,-3644.9202,11.249029,-2.1863522,-3631.4848
1,4,0.27434677,2,4,0.1746094,3,4,0.13478374,-3645.3801,11.674798,-2.7833549,-3630.9219
1,4,0.27354657,2,4,0.14924184,3,4,0.15523021,-3643.1222,11.560372,-0.64467189,-3630.9171
1,4,0.30095195,2,4,0.13861483,3,4,0.14904421,-3643.0076,11.77222,-0.54321412,-3630.6922
1,4,0.33794832,2,4,0.14109515,3,4,0.17065113,-3644.4019,12.993892,-2.2076769,-3629.2004
1,4,0.29990627,2,4,0.13901769,3,4,0.14365682,-3643.4065,11.651615,-0.90187137,-3630.853
1,4,0.28208371,2,4,0.14073453,3,4,0.19478221,-3644.6269,12.352009,-2.4125189,-3629.8624
1,4,0.26216819,2,4,0.1633886,3,4,0.14976323,-3644.5035,11.5064,-1.9048696,-3631.0923
1,4,0.30175754,2,4,0.15490812,3,4,0.13363831,-3644.0302,11.806079,-1.4642425,-3630.7599
1,4,0.30105631,2,4,0.1380513,3,4,0.18303047,-3643.3345,12.442762,-0.97690862,-3629.9148
1,4,0.30468671,2,4,0.1156877,3,4,0.17482233,-3644.5197,11.903935,-1.9222385,-3630.6936
1,4,0.30366957,2,4,0.15769911,3,4,0.16362898,-3642.9005,12.499953,-0.49051083,-3629.9101
1,4,0.29682063,2,4,0.14825127,3,4,0.14022096,-3643.3686,11.705857,-0.8606414,-3630.8021
1,4,0.25273305,2,4,0.14569463,3,4,0.18337764,-3645.6303,11.636106,-3.0057975,-3630.9884
1,4,0.32015913,2,4,0.13418414,3,4,0.15636947,-3643.402,12.214255,-0.98055167,-3630.2072
1,4,0.30760769,2,4,0.13156535,3,4,0.16900883,-3642.9912,12.163637,-0.55803094,-3630.2696
1,4,0.28377773,2,4,0.16375026,3,4,0.16723798,-3643.4453,12.29532,-1.0802563,-3630.0697
1,4,0.27721395,2,4,0.14985967,3,4,0.17121124,-3643.0989,11.965697,-0.66258774,-3630.4706
1,4,0.2705273,2,4,0.13277534,3,4,0.1871174,-3644.5534,11.808401,-2.0729489,-3630.6721
1,4,0.29689487,2,4,0.148319,3,4,0.15341844,-3642.5469,11.972646,-0.11083002,-3630.4635
1,4,0.32171834,2,4,0.14263619,3,4,0.14892939,-3643.4593,12.265678,-1.0502949,-3630.1434
1,4,0.31817498,2,4,0.12563859,3,4,0.15589311,-3644.0289,11.994134,-1.5224169,-3630.5123
1,4,0.27648692,2,4,0.14947298,3,4,0.15200252,-3643.0742,11.559248,-0.60216511,-3630.9128
1,4,0.29287629,2,4,0.15126719,3,4,0.15823907,-3642.5068,12.047651,-0.073953623,-3630.3852
1,4,0.28825772,2,4,0.15084426,3,4,0.1482208,-3642.848,11.746456,-0.39282403,-3630.7087
1,4,0.31158013,2,4,0.11827802,3,4,0.17311993,-3644.277,12.059561,-1.7559503,-3630.4615
1,4,0.30126013,2,4,0.12351917,3,4,0.17415485,-3643.5851,11.978683,-1.0981786,-3630.5083
1,4,0.30130714,2,4,0.12415253,3,4,0.14326987,-3644.9614,11.374591,-2.247844,-3631.3389
1,4,0.29985285,2,4,0.13521571,3,4,0.16455883,-3642.6737,11.992548,-0.2332854,-3630.4478
1,4,0.33089391,2,4,0.13634742,3,4,0.15858101,-3643.8434,12.516447,-1.5123123,-3629.8147
1,4,0.30175338,2,4,0.13899598,3,4,0.16829864,-3642.6124,12.18096,-0.18267132,-3630.2488
1,4,0.29056521,2,4,0.1660769,3,4,0.15652767,-3643.2518,12.263395,-0.87571636,-3630.1127
1,4,0.28717835,2,4,0.13355342,3,4,0.16426095,-3642.8763,11.699854,-0.41875997,-3630.7577
1,4,0.28298245,2,4,0.12448907,3,4,0.1614866,-3643.8524,11.379162,-1.289013,-3631.1842
1,4,0.2740166,2,4,0.13926848,3,4,0.17123829,-3643.2507,11.690467,-0.77271465,-3630.7876
1,4,0.30382617,2,4,0.17827233,3,4,0.16288167,-3644.7879,12.899603,-2.6837267,-3629.2045
1,4,0.29170597,2,4,0.16576533,3,4,0.15185272,-3643.2407,12.18648,-0.85067788,-3630.2036
1,4,0.27396696,2,4,0.14548628,3,4,0.17550783,-3643.3824,11.899221,-0.93598753,-3630.5472
1,4,0.28267581,2,4,0.14673412,3,4,0.15600661,-3642.702,11.708331,-0.25831794,-3630.7354
1,4,0.29829514,2,4,0.15298101,3,4,0.16421795,-3642.6183,12.309882,-0.19077742,-3630.1176
1,4,0.3062729,2,4,0.17139504,3,4,0.14149754,-3644.1025,12.38331,-1.7885049,-3629.9307
1,4,0.26651478,2,4,0.13494632,3,4,0.14993913,-3644.4205,11.028005,-1.8371304,-3631.5554
1,4,0.27305528,2,4,0.15437816,3,4,0.12865168,-3645.5605,11.121702,-2.6998641,-3631.7389
1,4,0.29279006,2,4,0.14231189,3,4,0.13978382,-3643.6538,11.497715,-1.1157562,-3631.0403
1,4,0.28453296,2,4,0.16455291,3,4,0.12653367,-3645.3904,11.512391,-2.6075085,-3631.2705
1,4,0.2804174,2,4,0.14219406,3,4,0.12568753,-3646.2335,10.96598,-3.2658801,-3632.0016
1,4,0.26699721,2,4,0.18469198,3,4,0.15050187,-3646.0689,12.043821,-3.830717,-3630.1943
1,4,0.30547694,2,4,0.15027513,3,4,0.14580996,-3642.9784,12.031241,-0.53030203,-3630.4169
1,4,0.29817534,2,4,0.16544603,3,4,0.15454909,-3643.1976,12.363409,-0.82349853,-3630.0107
1,4,0.29125829,2,4,0.13185388,3,4,0.13467808,-3645.25,11.155805,-2.4982924,-3631.5959
1,4,0.3023179,2,4,0.14496747,3,4,0.17778773,-3643.0454,12.501462,-0.65368517,-3629.8903
1,4,0.29205091,2,4,0.16279845,3,4,0.16604723,-3643.2183,12.417932,-0.84317909,-3629.9572
1,4,0.28714933,2,4,0.16525492,3,4,0.16817123,-3643.553,12.41151,-1.2122901,-3629.9292
1,4,0.27726657,2,4,0.15360805,3,4,0.15386756,-3643.0174,11.694844,-0.5534848,-3630.769
1,4,0.26845187,2,4,0.15558026,3,4,0.16624013,-3643.5824,11.805445,-1.107761,-3630.6692
1,4,0.30715392,2,4,0.15245743,3,4,0.1581525,-3642.6777,12.355277,-0.25408516,-3630.0684
1,4,0.27444246,2,4,0.14197884,3,4,0.15865118,-3643.0869,11.50145,-0.61602715,-3630.9695
1,4,0.29326148,2,4,0.1385644,3,4,0.16722147,-3642.5836,11.980947,-0.14779808,-3630.4548
1,4,0.29246423,2,4,0.13220605,3,4,0.16660285,-3642.8578,11.825463,-0.40192307,-3630.6304
1,4,0.30150803,2,4,0.1565117,3,4,0.15460746,-3642.7268,12.252544,-0.30552415,-3630.1687
1,4,0.32080215,2,4,0.14370376,3,4,0.15651212,-3643.1196,12.420361,-0.72657282,-3629.9727
1,4,0.30366282,2,4,0.1362679,3,4,0.15450657,-3642.8646,11.888746,-0.41348128,-3630.5623
1,4,0.31469361,2,4,0.14106065,3,4,0.15991944,-3642.842,12.313474,-0.42551799,-3630.103
1,4,0.28040287,2,4,0.15601273,3,4,0.17701335,-3643.5706,12.268579,-1.2053985,-3630.0966
1,4,0.29690595,2,4,0.11681313,3,4,0.17601926,-3644.3883,11.794767,-1.7820037,-3630.8115
1,4,0.28591975,2,4,0.12510995,3,4,0.19958584,-3645.3869,12.212311,-3.1449942,-3630.0296
1,4,0.33114422,2,4,0.13851356,3,4,0.15889262,-3643.7831,12.571008,-1.461127,-3629.751
1,4,0.28672366,2,4,0.12773025,3,4,0.17058847,-3643.3211,11.700848,-0.82414474,-3630.7961
1,4,0.28127972,2,4,0.13525671,3,4,0.18004118,-3643.4219,11.931552,-0.9835552,-3630.5068
1,4,0.27747119,2,4,0.12419875,3,4,0.16771068,-3644.0274,11.387612,-1.4366396,-3631.2031
1,4,0.32536466,2,4,0.14937874,3,4,0.16406373,-3643.4505,12.776143,-1.098485,-3629.5759
1,4,0.32736104,2,4,0.14581725,3,4,0.18292885,-3644.5071,13.122143,-2.2899671,-3629.095
1,4,0.24950459,2,4,0.14494781,3,4,0.18487526,-3646.1268,11.586553,-3.4416006,-3631.0987
1,4,0.29462764,2,4,0.15639263,3,4,0.1478662,-3642.8779,11.977729,-0.43614436,-3630.4641
1,4,0.27553059,2,4,0.13937675,3,4,0.16765124,-3643.0853,11.651172,-0.61404205,-3630.8201
1,4,0.32935237,2,4,0.1288694,3,4,0.15951695,-3644.1513,12.354774,-1.7727535,-3630.0238
1,4,0.27513271,2,4,0.17938488,3,4,0.16988026,-3645.4997,12.487957,-3.4444927,-3629.5672
1,4,0.30819969,2,4,0.14047172,3,4,0.13897525,-3643.9065,11.752933,-1.3560036,-3630.7976
1,4,0.31080583,2,4,0.16253892,3,4,0.15823449,-3643.288,12.631585,-0.92076118,-3629.7357
1,4,0.24912396,2,4,0.15073157,3,4,0.16557146,-3645.2835,11.30854,-2.516293,-3631.4587
1,4,0.25104817,2,4,0.2001321,3,4,0.12630369,-3651.4837,11.549679,-8.5979716,-3631.3361
1,4,0.31514154,2,4,0.15191153,3,4,0.18469298,-3644.3036,13.034921,-2.041714,-3629.2269
1,4,0.31514748,2,4,0.15326836,3,4,0.15667528,-3642.9718,12.501822,-0.57065328,-3629.8993
1,4,0.28246739,2,4,0.1451803,3,4,0.17970732,-3643.2932,12.1471,-0.89690523,-3630.2492
1,4,0.30426942,2,4,0.13797228,3,4,0.15312847,-3642.8477,11.907403,-0.39873561,-3630.5416
1,4,0.30789867,2,4,0.13449665,3,4,0.18463231,-3643.613,12.540553,-1.2889368,-3629.7835
1,4,0.29206511,2,4,0.12499616,3,4,0.18826425,-3644.2022,12.10651,-1.8025406,-3630.2932
1,4,0.30216323,2,4,0.16191001,3,4,0.16155961,-3643.0817,12.512657,-0.69334031,-3629.8757
1,4,0.25089487,2,4,0.12350072,3,4,0.19280323,-3647.6148,11.343976,-4.6300552,-3631.6407
1,4,0.29841776,2,4,0.17555631,3,4,0.13814431,-3644.548,12.242368,-2.2265816,-3630.079
1,4,0.32604848,2,4,0.14660029,3,4,0.17390734,-3643.8048,12.931122,-1.4874337,-3629.3863
1,4,0.27857069,2,4,0.14666947,3,4,0.14749145,-3643.2425,11.454632,-0.75876711,-3631.0291
1,4,0.2944072,2,4,0.16421575,3,4,0.16416432,-3643.2548,12.455745,-0.88679105,-3629.9123
1,4,0.30729868,2,4,0.12331377,3,4,0.1732355,-3643.6526,12.076959,-1.1806532,-3630.395
1,4,0.29797807,2,4,0.14823988,3,4,0.1856808,-3643.7282,12.637975,-1.4245156,-3629.6657
1,4,0.30465149,2,4,0.15270833,3,4,0.17214975,-3643.0195,12.590191,-0.61324602,-3629.8161
1,4,0.31406141,2,4,0.13239999,3,4,0.16858096,-3643.1253,12.300847,-0.71212513,-3630.1123
1,4,0.3101288,2,4,0.11607029,3,4,0.16447988,-3644.6493,11.813579,-2.002898,-3630.8329
1,4,0.32082396,2,4,0.12725745,3,4,0.15772019,-3643.8944,12.116032,-1.432042,-3630.3463
1,4,0.25773591,2,4,0.1613536,3,4,0.16885451,-3644.8195,11.75888,-2.291543,-3630.7691
1,4,0.32911175,2,4,0.13418485,3,4,0.18922958,-3644.9531,13.050524,-2.8709391,-3629.0317
1,4,0.30872207,2,4,0.14820563,3,4,0.17080635,-3642.889,12.554681,-0.4745921,-3629.8597
1,4,0.30465105,2,4,0.12747055,3,4,0.17782121,-3643.4238,12.198856,-1.0034439,-3630.2215
1,4,0.30421097,2,4,0.15203068,3,4,0.15632632,-3642.6105,12.25136,-0.18270631,-3630.1764
1,4,0.26730745,2,4,0.15133666,3,4,0.14988639,-3643.7427,11.37061,-1.1972829,-3631.1749
1,4,0.30161241,2,4,0.11943989,3,4,0.17154949,-3643.9911,11.852036,-1.4325222,-3630.7065
1,4,0.28034127,2,4,0.1529935,3,4,0.17094429,-3643.0702,12.085581,-0.65019852,-3630.3344
1,4,0.28770282,2,4,0.14346082,3,4,0.17328869,-3642.785,12.089047,-0.36011868,-3630.3359
1,4,0.24784514,2,4,0.13088589,3,4,0.15776648,-3646.417,10.72995,-3.4672733,-3632.2197
1,4,0.30810492,2,4,0.17913008,3,4,0.14786076,-3644.7,12.701915,-2.5796907,-3629.4184
1,4,0.29295376,2,4,0.15010798,3,4,0.14801469,-3642.7897,11.821529,-0.3386621,-3630.6295
1,4,0.24626427,2,4,0.16031678,3,4,0.15422553,-3645.989,11.216132,-3.1063073,-3631.6666
1,4,0.31422467,2,4,0.14464048,3,4,0.18739042,-3644.1695,12.925112,-1.9231228,-3629.3213
1,4,0.29837727,2,4,0.13101087,3,4,0.19272888,-3644.2588,12.44234,-2.00708,-3629.8093
1,4,0.28426749,2,4,0.14725315,3,4,0.1672539,-3642.6748,11.975491,-0.23956063,-3630.4597
1,4,0.31776832,2,4,0.12772455,3,4,0.15985686,-3643.6451,12.106995,-1.1864833,-3630.3516
1,4,0.29262972,2,4,0.13679962,3,4,0.14417148,-3643.5409,11.472016,-1.0276081,-3631.0413
1,4,0.29169341,2,4,0.11354766,3,4,0.17823501,-3644.9853,11.669522,-2.2754557,-3631.0403
1,4,0.27964667,2,4,0.15920215,3,4,0.15218172,-3643.1381,11.820611,-0.6842798,-3630.6332
1,4,0.32152319,2,4,0.128103,3,4,0.15293522,-3644.0958,12.051228,-1.6100607,-3630.4345
1,4,0.30530773,2,4,0.14599216,3,4,0.17247704,-3642.8239,12.475539,-0.40862894,-3629.9397
1,4,0.27409458,2,4,0.11235281,3,4,0.18819498,-3646.3804,11.492847,-3.5059041,-3631.3816
1,4,0.29360383,2,4,0.12516993,3,4,0.17923389,-3643.635,11.960153,-1.1647661,-3630.5101
1,4,0.31392609,2,4,0.14705766,3,4,0.16664453,-3642.8884,12.552566,-0.47689829,-3629.859
1,4,0.31693323,2,4,0.1471155,3,4,0.171358,-3643.1946,12.708135,-0.80623801,-3629.6802
1,4,0.27382772,2,4,0.17837504,3,4,0.16915531,-3645.3769,12.427161,-3.2763454,-3629.6734
1,4,0.30888003,2,4,0.14832248,3,4,0.14894517,-3642.8849,12.122953,-0.4498411,-3630.3121
1,4,0.30494986,2,4,0.15040798,3,4,0.16659976,-3642.6963,12.439152,-0.27018626,-3629.987
1,4,0.32489214,2,4,0.14569889,3,4,0.18148712,-3644.2259,13.041563,-1.9662047,-3629.2182
1,4,0.29017065,2,4,0.15905759,3,4,0.17361704,-3643.3555,12.456906,-0.99030167,-3629.9083
1,4,0.27427506,2,4,0.14515054,3,4,0.14668716,-3643.5594,11.322255,-1.0486844,-3631.1884
1,4,0.27054211,2,4,0.14368659,3,4,0.1564083,-3643.3349,11.41274,-0.84009225,-3631.082
1,4,0.25503301,2,4,0.13496811,3,4,0.17117678,-3645.0182,11.223558,-2.2859041,-3631.5087
1,4,0.27234639,2,4,0.1443134,3,4,0.17136235,-3643.2817,11.760443,-0.81053676,-3630.7107
1,4,0.28575939,2,4,0.16869392,3,4,0.13497169,-3644.4642,11.7885,-1.9252356,-3630.7505
1,4,0.32214816,2,4,0.15275048,3,4,0.14082803,-3643.9123,12.314533,-1.51269,-3630.085
1,4,0.32074253,2,4,0.14217414,3,4,0.14930704,-3643.4038,12.244474,-0.98969133,-3630.1696
1,4,0.27167243,2,4,0.14761739,3,4,0.15919587,-3643.1583,11.569714,-0.67642279,-3630.9122
1,4,0.29922773,2,4,0.13207876,3,4,0.16907807,-3642.8588,12.007691,-0.41363593,-3630.4375
1,4,0.28594766,2,4,0.14152056,3,4,0.17555826,-3642.93,12.06053,-0.50699072,-3630.3625
1,4,0.27165621,2,4,0.15745387,3,4,0.1738928,-3643.8162,12.060057,-1.412222,-3630.3439
1,4,0.27523498,2,4,0.11258825,3,4,0.17528482,-3645.8411,11.262161,-2.9226938,-3631.6563
1,4,0.28434792,2,4,0.15619447,3,4,0.16016884,-3642.7929,12.014225,-0.3625048,-3630.4162
1,4,0.29964102,2,4,0.13182937,3,4,0.1807481,-3643.3014,12.24437,-0.90572965,-3630.1513
1,4,0.30116743,2,4,0.12849335,3,4,0.15761826,-3643.276,11.745581,-0.78279682,-3630.7477
1,4,0.28210505,2,4,0.13963706,3,4,0.15809536,-3642.8258,11.596749,-0.37786831,-3630.8512
1,4,0.2961584,2,4,0.14278856,3,4,0.13765956,-3643.8426,11.532131,-1.2765354,-3631.0339
1,4,0.30343419,2,4,0.14457523,3,4,0.13774385,-3643.7683,11.715065,-1.2203975,-3630.8328
1,4,0.29152882,2,4,0.15939177,3,4,0.1716802,-3643.2529,12.452016,-0.87737909,-3629.9235
1,4,0.28539734,2,4,0.17487196,3,4,0.12096363,-3646.7369,11.624659,-3.8633366,-3631.2489
1,4,0.28879245,2,4,0.15343413,3,4,0.1554598,-3642.6288,11.953728,-0.19340834,-3630.4817
1,4,0.28668499,2,4,0.14515403,3,4,0.14986458,-3642.8454,11.634072,-0.39349605,-3630.8178
1,4,0.27496827,2,4,0.15605969,3,4,0.19008607,-3644.9752,12.422281,-2.798247,-3629.7547
1,4,0.25244046,2,4,0.13847884,3,4,0.1462945,-3645.926,10.744276,-3.1029422,-3632.0788
1,4,0.27255933,2,4,0.15323074,3,4,0.15205479,-3643.3128,11.556897,-0.81861403,-3630.9373
1,4,0.30890942,2,4,0.15993598,3,4,0.16397555,-3643.1869,12.656419,-0.79880338,-3629.7316
1,4,0.28267136,2,4,0.15694008,3,4,0.14446543,-3643.3027,11.681538,-0.81412943,-3630.8071
1,4,0.28846335,2,4,0.155207,3,4,0.17596546,-3643.2841,12.392716,-0.90952593,-3629.9819
1,4,0.22956832,2,4,0.15833784,3,4,0.17666983,-3648.9874,11.29152,-5.7232257,-3631.9726
1,4,0.25846235,2,4,0.15295132,3,4,0.16395173,-3644.2592,11.507308,-1.665565,-3631.0864
1,4,0.31974753,2,4,0.14432244,3,4,0.16983494,-3643.2081,12.678098,-0.82796261,-3629.702
1,4,0.28887824,2,4,0.15825334,3,4,0.13705078,-3643.7744,11.683647,-1.230903,-3630.8598
1,4,0.28956094,2,4,0.13989188,3,4,0.16493781,-3642.568,11.887813,-0.13104139,-3630.5492
1,4,0.27592226,2,4,0.10374805,3,4,0.17048261,-3647.7397,11.003058,-4.3408748,-3632.3958
1,4,0.3277754,2,4,0.12315225,3,4,0.15803526,-3644.6569,12.179258,-2.1890367,-3630.2886
1,4,0.3524493,2,4,0.14946473,3,4,0.15777456,-3645.6112,13.193772,-3.686542,-3628.7308
1,4,0.28828321,2,4,0.12974292,3,4,0.18242635,-3643.5893,12.00905,-1.158276,-3630.422
1,4,0.33964484,2,4,0.14971835,3,4,0.14662649,-3644.6906,12.719794,-2.4905358,-3629.4803
1,4,0.3176624,2,4,0.12074399,3,4,0.17760216,-3644.2825,12.320171,-1.8779646,-3630.0844
1,4,0.3123534,2,4,0.15559529,3,4,0.17108782,-3643.3557,12.78073,-0.97077984,-3629.6042
1,4,0.2956074,2,4,0.13103777,3,4,0.16430042,-3642.9098,11.818912,-0.44845609,-3630.6424
1,4,0.28551259,2,4,0.12442368,3,4,0.1821165,-3644.0106,11.841055,-1.5093044,-3630.6603
1,4,0.28143766,2,4,0.14650836,3,4,0.1588832,-3642.6954,11.736585,-0.25139748,-3630.7074
1,4,0.29490756,2,4,0.11908862,3,4,0.16162464,-3644.2456,11.512416,-1.608609,-3631.1246
1,4,0.29262458,2,4,0.15169608,3,4,0.13792601,-3643.5839,11.644933,-1.0482533,-3630.8908
1,4,0.28979798,2,4,0.1407212,3,4,0.18648154,-3643.6241,12.340015,-1.291272,-3629.9928
1,4,0.31534415,2,4,0.14296572,3,4,0.18928455,-3644.3495,12.951888,-2.1407288,-3629.2569
1,4,0.26081995,2,4,0.16388242,3,4,0.15991006,-3644.4908,11.692249,-1.9555465,-3630.843
1,4,0.29513455,2,4,0.16652471,3,4,0.13734845,-3643.9682,11.980154,-1.5017877,-3630.4862
1,4,0.29713538,2,4,0.12600501,3,4,0.16211784,-3643.3629,11.705165,-0.85405167,-3630.8037
1,4,0.3065065,2,4,0.15411558,3,4,0.16453694,-3642.8119,12.50318,-0.39252654,-3629.9162
1,4,0.3109902,2,4,0.15895166,3,4,0.15518723,-3643.0589,12.502582,-0.66716005,-3629.8891
1,4,0.27123359,2,4,0.11915317,3,4,0.16924917,-3645.0634,11.192719,-2.3054215,-3631.5653
1,4,0.26925384,2,4,0.17785337,3,4,0.17418282,-3645.8786,12.425801,-3.8285102,-3629.6243
1,4,0.29811547,2,4,0.12229157,3,4,0.16652235,-3643.6752,11.738588,-1.1309732,-3630.8057
1,4,0.28764067,2,4,0.15788365,3,4,0.16731986,-3642.9803,12.256884,-0.57470612,-3630.1487
1,4,0.32626373,2,4,0.15359299,3,4,0.19339503,-3646.0337,13.465035,-4.0585135,-3628.5102
1,4,0.27244962,2,4,0.147094,3,4,0.15374241,-3643.2423,11.465721,-0.75527486,-3631.0213
1,4,0.28217637,2,4,0.14178094,3,4,0.17696025,-3643.1066,12.018351,-0.68253026,-3630.4058
1,4,0.27249468,2,4,0.12317806,3,4,0.17557283,-3644.5216,11.424911,-1.8739904,-3631.2227
1,4,0.2941594,2,4,0.15513033,3,4,0.18241651,-3643.7714,12.634125,-1.4630936,-3629.6742
1,4,0.34962142,2,4,0.12336839,3,4,0.16880998,-3646.0366,12.835996,-4.0173563,-3629.1832
1,4,0.29481633,2,4,0.11060687,3,4,0.17231322,-3645.3809,11.554728,-2.5505178,-3631.2756
1,4,0.29463527,2,4,0.16224281,3,4,0.15576552,-3642.9658,12.252872,-0.56416461,-3630.1488
1,4,0.34437925,2,4,0.1159784,3,4,0.15937219,-3646.6874,12.394597,-4.3075184,-3629.9853
1,4,0.30499676,2,4,0.16191339,3,4,0.16276892,-3643.175,12.593581,-0.79242813,-3629.789
1,4,0.28108547,2,4,0.13945276,3,4,0.14239419,-3643.8614,11.258648,-1.3252629,-3631.2775
1,4,0.29533497,2,4,0.14737046,3,4,0.17921494,-3643.1402,12.438407,-0.75875128,-3629.943
1,4,0.26438239,2,4,0.15822132,3,4,0.13832328,-3644.941,11.21854,-2.2182559,-3631.5042
1,4,0.26416588,2,4,0.1300914,3,4,0.18381393,-3644.9439,11.561424,-2.3282271,-3631.0543
1,4,0.32294825,2,4,0.16753163,3,4,0.14356471,-3644.3574,12.680892,-2.1219313,-3629.5546
1,4,0.29553403,2,4,0.1404764,3,4,0.17348761,-3642.727,12.189961,-0.30498276,-3630.2321
1,4,0.31375571,2,4,0.14615597,3,4,0.14873695,-3643.0608,12.172973,-0.63119356,-3630.2566
1,4,0.31405241,2,4,0.13330393,3,4,0.17749511,-3643.3766,12.497029,-1.0100667,-3629.8695
1,4,0.27222141,2,4,0.17859782,3,4,0.12756626,-3646.676,11.56771,-3.8980191,-3631.2102
1,4,0.30527097,2,4,0.14534132,3,4,0.13930444,-3643.5925,11.798335,-1.0730599,-3630.7211
1,4,0.29342165,2,4,0.1469115,3,4,0.13468154,-3644.0628,11.500294,-1.4579504,-3631.1046
1,4,0.31597544,2,4,0.16320146,3,4,0.1888443,-3645.7667,13.360424,-3.720055,-3628.6862
1,4,0.32915398,2,4,0.16584104,3,4,0.16213223,-3644.6253,13.142545,-2.4270566,-3629.0557
1,4,0.27692085,2,4,0.15477307,3,4,0.17182473,-3643.3154,12.070373,-0.89957659,-3630.3454
1,4,0.2713294,2,4,0.15581842,3,4,0.14801332,-3643.6158,11.503223,-1.0903295,-3631.0223
1,4,0.29448206,2,4,0.12989146,3,4,0.15334883,-3643.3775,11.554447,-0.877209,-3630.9458
1,4,0.30930274,2,4,0.1157319,3,4,0.17776715,-3644.6207,12.056036,-2.0805827,-3630.4841
1,4,0.31031858,2,4,0.12917075,3,4,0.168845,-3643.1964,12.166687,-0.75940897,-3630.2703
1,4,0.29271951,2,4,0.15586724,3,4,0.17659596,-3643.341,12.503654,-0.97519897,-3629.8621
1,4,0.29137912,2,4,0.16013275,3,4,0.19121664,-3645.0997,12.85457,-3.0248632,-3629.2203
1,4,0.30441685,2,4,0.14727073,3,4,0.17002323,-3642.7237,12.434216,-0.30069324,-3629.9888
1,4,0.30381365,2,4,0.15026851,3,4,0.16802557,-3642.7162,12.442155,-0.29122647,-3629.9828
1,4,0.27234424,2,4,0.12074722,3,4,0.17944249,-3644.9284,11.450679,-2.2348946,-3631.2428
1,4,0.29606178,2,4,0.13082392,3,4,0.19610463,-3644.6085,12.459807,-2.4132131,-3629.7355
1,4,0.31570233,2,4,0.14273943,3,4,0.11716084,-3647.8253,11.512052,-4.5617175,-3631.7515
1,4,0.2729724,2,4,0.12785386,3,4,0.18096915,-3644.2725,11.635908,-1.7172477,-3630.9193
1,4,0.26827012,2,4,0.12472424,3,4,0.20155079,-3646.576,11.890903,-4.1599237,-3630.5252
1,4,0.29124591,2,4,0.14338891,3,4,0.17167193,-3642.6675,12.126135,-0.24076755,-3630.3005
1,4,0.25178489,2,4,0.15661929,3,4,0.15162949,-3645.2482,11.200673,-2.4738094,-3631.5737
1,4,0.32485252,2,4,0.15364024,3,4,0.13583111,-3644.5067,12.286477,-2.0899378,-3630.1303
1,4,0.329209,2,4,0.13351381,3,4,0.17164767,-3643.8981,12.68741,-1.6023725,-3629.6083
1,4,0.28442628,2,4,0.13668097,3,4,0.15931812,-3642.8498,11.608508,-0.39930251,-3630.8419
1,4,0.31487971,2,4,0.13983096,3,4,0.14488793,-3643.5503,11.991972,-1.0763793,-3630.482
1,4,0.29922197,2,4,0.16145153,3,4,0.1424422,-3643.352,12.062314,-0.91231634,-3630.3774
1,4,0.2699764,2,4,0.10975853,3,4,0.13541174,-3650.5547,10.302933,-6.8284311,-3633.4234
1,4,0.28483949,2,4,0.15746006,3,4,0.16701531,-3642.9951,12.186297,-0.58481144,-3630.224
1,4,0.27035201,2,4,0.13425392,3,4,0.1974593,-3645.5195,12.041305,-3.2101814,-3630.268
1,4,0.29914231,2,4,0.16753188,3,4,0.14047557,-3643.7944,12.142995,-1.3874476,-3630.264
1,4,0.26261833,2,4,0.16686321,3,4,0.14708485,-3644.7819,11.531328,-2.1747389,-3631.0758
1,4,0.26985834,2,4,0.14109081,3,4,0.13252817,-3645.7279,10.869546,-2.9220207,-3631.9363
1,4,0.29801403,2,4,0.1397033,3,4,0.15767905,-3642.5696,11.907928,-0.1324765,-3630.5292
1,4,0.27264872,2,4,0.15954486,3,4,0.17865264,-3644.2258,12.216924,-1.8928124,-3630.1161
1,4,0.27671598,2,4,0.14697758,3,4,0.1681751,-3642.9655,11.837373,-0.51438733,-3630.6137
1,4,0.28446964,2,4,0.13537289,3,4,0.16872537,-3642.8826,11.771358,-0.42838389,-3630.6829
1,4,0.31671054,2,4,0.1591894,3,4,0.14955124,-3643.3737,12.509023,-1.007495,-3629.8571
1,4,0.30537421,2,4,0.17234616,3,4,0.12525297,-3645.6732,12.059467,-3.1372046,-3630.4766
1,4,0.30022077,2,4,0.1346867,3,4,0.16502576,-3642.7004,11.998665,-0.25927775,-3630.4424
1,4,0.30025235,2,4,0.14497845,3,4,0.15054955,-3642.6984,11.915607,-0.25521039,-3630.5276
1,4,0.29178763,2,4,0.14598957,3,4,0.17014899,-3642.6235,12.158524,-0.19594692,-3630.269
1,4,0.28730819,2,4,0.13676021,3,4,0.15974702,-3642.7578,11.676309,-0.31190408,-3630.7695
1,4,0.27733111,2,4,0.1859514,3,4,0.15824818,-3645.763,12.430614,-3.7650177,-3629.5674
1,4,0.30901028,2,4,0.11203784,3,4,0.19407332,-3645.8853,12.302429,-3.5235674,-3630.0593
1,4,0.31058356,2,4,0.14142453,3,4,0.15603132,-3642.7618,12.160788,-0.33233359,-3630.2686
1,4,0.33311659,2,4,0.1347971,3,4,0.16617071,-3644.0132,12.681688,-1.7317747,-3629.5997
1,4,0.30398603,2,4,0.15178544,3,4,0.16260696,-3642.6234,12.367568,-0.19529908,-3630.0606
1,4,0.29958636,2,4,0.12638916,3,4,0.16531527,-3643.2653,11.825816,-0.77315746,-3630.6663
1,4,0.28123272,2,4,0.14384919,3,4,0.15666509,-3642.773,11.63494,-0.32652214,-3630.8115
1,4,0.28208884,2,4,0.15819265,3,4,0.14652877,-3643.2346,11.736205,-0.76002195,-3630.7383
1,4,0.29067654,2,4,0.13313867,3,4,0.16054965,-3642.8783,11.687297,-0.42100544,-3630.7699
1,4,0.31121305,2,4,0.12754742,3,4,0.15757274,-3643.5273,11.926664,-1.0353906,-3630.5653
1,4,0.31442009,2,4,0.14977315,3,4,0.15904631,-3642.8484,12.464791,-0.43701205,-3629.9466
1,4,0.3138628,2,4,0.13443926,3,4,0.14830142,-3643.5758,11.932069,-1.0910378,-3630.5527
1,4,0.30555843,2,4,0.13008548,3,4,0.15318099,-3643.4,11.776498,-0.90271656,-3630.7208
1,4,0.31176452,2,4,0.13009225,3,4,0.16017608,-3643.2393,12.040657,-0.7822093,-3630.4165
1,4,0.2877519,2,4,0.16001478,3,4,0.1661477,-3643.0635,12.278288,-0.66623234,-3630.1189
1,4,0.35045277,2,4,0.16246579,3,4,0.15283723,-3645.9992,13.315116,-4.1534822,-3628.5306
1,4,0.3003571,2,4,0.13976864,3,4,0.16316105,-3642.5219,12.065736,-0.08783551,-3630.3683
1,4,0.26309651,2,4,0.15370445,3,4,0.16582337,-3643.8987,11.652487,-1.3701865,-3630.876
1,4,0.27288944,2,4,0.14375004,3,4,0.1567363,-3643.1764,11.467516,-0.69717542,-3631.0117
1,4,0.28368238,2,4,0.15155694,3,4,0.15991135,-3642.6643,11.903013,-0.22592967,-3630.5353
1,4,0.31181834,2,4,0.11307103,3,4,0.17750095,-3645.0324,12.047807,-2.4485471,-3630.536
1,4,0.30550205,2,4,0.16166099,3,4,0.16505469,-3643.2491,12.644355,-0.86985468,-3629.7349
1,4,0.27752128,2,4,0.13786176,3,4,0.1320659,-3645.5679,10.948979,-2.7823513,-3631.8366
1,4,0.31445325,2,4,0.1330503,3,4,0.17303148,-3643.2159,12.410701,-0.82379545,-3629.9814
1,4,0.29413392,2,4,0.14896161,3,4,0.19389043,-3644.6252,12.739719,-2.4829456,-3629.4025
1,4,0.27658681,2,4,0.15917096,3,4,0.14836948,-3643.4038,11.682545,-0.9171461,-3630.8041
1,4,0.30018049,2,4,0.13305092,3,4,0.15939296,-3642.8566,11.852487,-0.40182017,-3630.6023
1,4,0.27125043,2,4,0.17371649,3,4,0.17182958,-3645.1077,12.33593,-2.9166163,-3629.8551
1,4,0.32266844,2,4,0.15987122,3,4,0.17895108,-3644.7634,13.229815,-2.5284065,-3629.0052
1,4,0.32956636,2,4,0.12975459,3,4,0.16785767,-3644.0162,12.543572,-1.6941874,-3629.7785
1,4,0.32091,2,4,0.12883791,3,4,0.16434598,-3643.6034,12.281878,-1.1907331,-3630.1308
1,4,0.28276211,2,4,0.16166967,3,4,0.15986895,-3643.115,12.086015,-0.70309617,-3630.3259
1,4,0.28295627,2,4,0.16348249,3,4,0.17569565,-3643.9445,12.442688,-1.6436769,-3629.8582
1,4,0.30384938,2,4,0.16296949,3,4,0.11812772,-3646.5715,11.698932,-3.6211955,-3631.2514
1,4,0.29110717,2,4,0.1508276,3,4,0.12590345,-3645.3307,11.356764,-2.4938296,-3631.4801
1,4,0.2838342,2,4,0.14640849,3,4,0.17276298,-3642.8728,12.060113,-0.44683051,-3630.3658
1,4,0.2884611,2,4,0.16848926,3,4,0.16908606,-3643.8848,12.520728,-1.5954112,-3629.7686
1,4,0.26702549,2,4,0.1270402,3,4,0.17105922,-3644.4503,11.302498,-1.8075197,-3631.3403
1,4,0.29484751,2,4,0.14345058,3,4,0.18189516,-3643.2469,12.403865,-0.87898298,-3629.964
1,4,0.3047742,2,4,0.14364145,3,4,0.15349525,-3642.6565,12.038218,-0.22007832,-3630.3982
1,4,0.28982162,2,4,0.13476739,3,4,0.15274688,-3643.0833,11.546718,-0.61750198,-3630.9191
1,4,0.31806491,2,4,0.10833865,3,4,0.17422827,-3645.9554,12.012637,-3.243832,-3630.6989
1,4,0.31682217,2,4,0.13768446,3,4,0.16416415,-3642.9945,12.373415,-0.5883014,-3630.0328
1,4,0.30306049,2,4,0.10445786,3,4,0.16458683,-3646.8471,11.442103,-3.6920534,-3631.7129
1,4,0.31092929,2,4,0.11165852,3,4,0.17173026,-3645.217,11.886361,-2.521867,-3630.8087
1,4,0.28412678,2,4,0.13294902,3,4,0.15507497,-3643.2474,11.443015,-0.77066032,-3631.0337
1,4,0.2970023,2,4,0.12017163,3,4,0.15266951,-3644.6056,11.396869,-1.9293719,-3631.2794
1,4,0.28868465,2,4,0.13800113,3,4,0.17473569,-3642.8784,12.028429,-0.44903396,-3630.4009
1,4,0.34692911,2,4,0.13052839,3,4,0.15143501,-3645.7374,12.57785,-3.542481,-3629.6171
1,4,0.3138045,2,4,0.18570309,3,4,0.13602853,-3646.0232,12.710722,-4.0969742,-3629.2155
1,4,0.33086569,2,4,0.15466769,3,4,0.15789556,-3643.9056,12.868579,-1.6216913,-3629.4153
1,4,0.32082147,2,4,0.14062675,3,4,0.15405984,-3643.2416,12.310161,-0.83854721,-3630.0929
1,4,0.26830087,2,4,0.12030507,3,4,0.18680251,-3645.6517,11.508169,-2.9242942,-3631.2193
1,4,0.32446493,2,4,0.16277619,3,4,0.15160122,-3643.9293,12.776847,-1.6494816,-3629.503
1,4,0.2478929,2,4,0.13566884,3,4,0.16972066,-3645.8505,11.065648,-2.9584041,-3631.8265
1,4,0.29991396,2,4,0.13399649,3,4,0.1517954,-3643.1144,11.714117,-0.64051763,-3630.7597
1,4,0.28777659,2,4,0.1581775,3,4,0.16288456,-3642.8585,12.176773,-0.4426842,-3630.239
1,4,0.30409436,2,4,0.14061207,3,4,0.14463803,-3643.2686,11.786889,-0.78251118,-3630.6992
1,4,0.29764633,2,4,0.10802126,3,4,0.18679446,-3646.0562,11.849241,-3.308269,-3630.8987
1,4,0.31055428,2,4,0.14202852,3,4,0.16668596,-3642.7323,12.385375,-0.31222453,-3630.0347
1,4,0.30381241,2,4,0.15067113,3,4,0.15856647,-3642.5603,12.261,-0.13052525,-3630.1687
1,4,0.29454847,2,4,0.11881945,3,4,0.1670114,-3644.1362,11.607586,-1.5177425,-3631.0108
1,4,0.29228518,2,4,0.12204842,3,4,0.15197631,-3644.4423,11.326198,-1.8013249,-3631.3148
1,4,0.29133109,2,4,0.14490618,3,4,0.17101468,-3642.649,12.145039,-0.22217864,-3630.2817
1,4,0.28515458,2,4,0.14251686,3,4,0.16411791,-3642.6055,11.835787,-0.16676528,-3630.6029
1,4,0.29020378,2,4,0.15530693,3,4,0.14858228,-3642.8577,11.88186,-0.41013803,-3630.5657
1,4,0.32177712,2,4,0.13847603,3,4,0.16657075,-3643.2332,12.536478,-0.85705157,-3629.8397
1,4,0.29130127,2,4,0.13526517,3,4,0.12434242,-3646.8207,11.018177,-3.7295062,-3632.0731
1,4,0.29719267,2,4,0.14605493,3,4,0.18324045,-3643.4236,12.529761,-1.0789244,-3629.8149
1,4,0.30033295,2,4,0.14500527,3,4,0.15966507,-3642.4586,12.100066,-0.025412966,-3630.3331
1,4,0.29663876,2,4,0.13316292,3,4,0.14614675,-3643.6088,11.518969,-1.0865594,-3631.0032
1,4,0.30235393,2,4,0.15781069,3,4,0.15729478,-3642.784,12.349188,-0.36927323,-3630.0656
1,4,0.29188125,2,4,0.14029028,3,4,0.17008888,-3642.6253,12.045208,-0.19337695,-3630.3868
1,4,0.2944191,2,4,0.13197802,3,4,0.157248,-3643.01,11.672903,-0.54236681,-3630.7947
1,4,0.27036511,2,4,0.14336094,3,4,0.16327168,-3643.2595,11.539954,-0.7677112,-3630.9518
1,4,0.28344552,2,4,0.15524561,3,4,0.15302186,-3642.8478,11.83426,-0.40151235,-3630.612
1,4,0.25359826,2,4,0.14082628,3,4,0.16831527,-3644.8731,11.254796,-2.1596205,-3631.4587
1,4,0.31053797,2,4,0.1341917,3,4,0.16853667,-3642.9352,12.265327,-0.51467558,-3630.1552
1,4,0.29864151,2,4,0.15958491,3,4,0.17108379,-3643.262,12.586204,-0.88404773,-3629.7917
1,4,0.28476362,2,4,0.14633876,3,4,0.18161668,-3643.3977,12.254381,-1.0258286,-3630.1175
1,4,0.31097276,2,4,0.13290307,3,4,0.17071367,-3643.0436,12.29179,-0.6286027,-3630.1232
1,4,0.30235567,2,4,0.13081714,3,4,0.15329649,-3643.2916,11.729386,-0.80090973,-3630.7613
1,4,0.30127492,2,4,0.12699873,3,4,0.17138525,-3643.2374,11.993178,-0.77206576,-3630.4721
1,4,0.26800493,2,4,0.17110951,3,4,0.12391377,-3647.057,11.260564,-3.9834785,-3631.813
1,4,0.29985196,2,4,0.12806279,3,4,0.14191733,-3644.5964,11.396642,-1.9422491,-3631.2575
1,4,0.30474624,2,4,0.1562406,3,4,0.17349101,-3643.2966,12.689557,-0.91304175,-3629.694
1,4,0.30368914,2,4,0.1571256,3,4,0.17484795,-3643.4198,12.713254,-1.05003,-3629.6565
1,4,0.32118872,2,4,0.14412908,3,4,0.15214885,-3643.2539,12.349333,-0.85700945,-3630.0475
1,4,0.26285401,2,4,0.14199676,3,4,0.18289298,-3644.5946,11.754875,-2.084283,-3630.7555
1,4,0.30429419,2,4,0.12427901,3,4,0.18068992,-3643.77,12.185262,-1.3469036,-3630.2379
1,4,0.29494361,2,4,0.14378547,3,4,0.14998554,-3642.7476,11.774292,-0.30023647,-3630.6731
1,4,0.33613185,2,4,0.14003164,3,4,0.15216034,-3644.2851,12.566477,-2.0010932,-3629.7175
1,4,0.28316078,2,4,0.13450377,3,4,0.14204026,-3644.1991,11.194096,-1.6288592,-3631.3762
1,4,0.28066946,2,4,0.14715369,3,4,0.13713787,-3644.0997,11.29922,-1.5041578,-3631.2963
1,4,0.29095826,2,4,0.12803661,3,4,0.16109745,-3643.2624,11.601846,-0.76621707,-3630.8943
1,4,0.28594686,2,4,0.16871937,3,4,0.13914266,-3644.0985,11.876178,-1.6224315,-3630.5999
1,4,0.29115071,2,4,0.15577824,3,4,0.16653573,-3642.8021,12.269294,-0.38564422,-3630.1472
1,4,0.31577034,2,4,0.14339738,3,4,0.15371165,-3642.9684,12.257587,-0.55062011,-3630.1601
1,4,0.29213749,2,4,0.15325732,3,4,0.14504519,-3642.9908,11.8088,-0.52638558,-3630.6556
1,4,0.29429163,2,4,0.16092727,3,4,0.15252301,-3642.9196,12.154838,-0.50481652,-3630.26
1,4,0.26802577,2,4,0.16688316,3,4,0.14764421,-3644.3341,11.651063,-1.8000699,-3630.883
1,4,0.29746844,2,4,0.14527564,3,4,0.16329286,-3642.4467,12.120739,-0.013448739,-3630.3125
1,4,0.28052784,2,4,0.14582324,3,4,0.15183493,-3642.9331,11.56372,-0.47597039,-3630.8934
1,4,0.32436931,2,4,0.14741065,3,4,0.16622116,-3643.3963,12.760022,-1.0373165,-3629.5989
1,4,0.29800766,2,4,0.1465178,3,4,0.15981899,-3642.4412,12.086889,-0.0078615303,-3630.3465
1,4,0.29757375,2,4,0.14872098,3,4,0.16091012,-3642.4584,12.144097,-0.025348494,-3630.289
1,4,0.27682904,2,4,0.14911774,3,4,0.15507243,-3642.9553,11.620384,-0.49289319,-3630.8421
1,4,0.26856414,2,4,0.16444317,3,4,0.14229491,-3644.465,11.506044,-1.8648675,-3631.0941
1,4,0.29336977,2,4,0.13115511,3,4,0.16199646,-3642.9492,11.730427,-0.48384707,-3630.7349
1,4,0.29091096,2,4,0.13133091,3,4,0.16591269,-3642.9343,11.763091,-0.47095407,-3630.7003
1,4,0.28403237,2,4,0.17579095,3,4,0.14421143,-3644.4189,12.080695,-2.0695674,-3630.2686
1,4,0.31170014,2,4,0.12974287,3,4,0.17097242,-3643.2298,12.248309,-0.80857285,-3630.1729
1,4,0.29497859,2,4,0.14446407,3,4,0.15361277,-3642.5727,11.861109,-0.13512485,-3630.5764
1,4,0.32465249,2,4,0.13541828,3,4,0.14423443,-3644.3092,12.086104,-1.8319492,-3630.3912
1,4,0.30315504,2,4,0.13206643,3,4,0.19028262,-3644.0409,12.510082,-1.7724451,-3629.7584
1,4,0.27414433,2,4,0.12627105,3,4,0.15804938,-3644.2318,11.169295,-1.6440768,-3631.4184
1,4,0.28145304,2,4,0.14901158,3,4,0.17148727,-3642.9338,12.039038,-0.50580141,-3630.3889
1,4,0.28822666,2,4,0.1320839,3,4,0.19099082,-3644.1525,12.226027,-1.8318687,-3630.0946
1,4,0.25384827,2,4,0.15225239,3,4,0.17074119,-3644.8852,11.536837,-2.2446379,-3631.1037
1,4,0.30221669,2,4,0.12467034,3,4,0.1856791,-3644.0035,12.251323,-1.6244247,-3630.1278
1,4,0.26779938,2,4,0.15362936,3,4,0.15500084,-3643.5415,11.528592,-1.0234474,-3630.9894
1,4,0.3162135,2,4,0.13385928,3,4,0.1837256,-3643.8266,12.675968,-1.5333565,-3629.6173
1,4,0.28092234,2,4,0.17100616,3,4,0.14856613,-3643.9365,12.009893,-1.5420869,-3630.3846
1,4,0.2621682,2,4,0.1345112,3,4,0.16338923,-3644.2683,11.201373,-1.6567605,-3631.4101
1,4,0.30227493,2,4,0.14403045,3,4,0.19441741,-3644.5503,12.814456,-2.403656,-3629.3322
1,4,0.27896854,2,4,0.12943121,3,4,0.18839047,-3644.3402,11.935804,-1.9073903,-3630.497
1,4,0.29525164,2,4,0.15038332,3,4,0.14154564,-3643.2247,11.743612,-0.73346125,-3630.7476
1,4,0.30694848,2,4,0.15331703,3,4,0.19127982,-3644.799,13.030907,-2.6497494,-3629.1183
1,4,0.26097531,2,4,0.16693049,3,4,0.16456977,-3644.7833,11.849511,-2.3150663,-3630.6187
1,4,0.30207643,2,4,0.15116136,3,4,0.16667312,-3642.6681,12.398218,-0.24121756,-3630.0287
1,4,0.28798253,2,4,0.15923684,3,4,0.14474275,-3643.2084,11.839243,-0.74376231,-3630.6254
1,4,0.2793666,2,4,0.13817142,3,4,0.1556461,-3643.0767,11.463682,-0.61500315,-3630.998
1,4,0.30179032,2,4,0.13524291,3,4,0.13977817,-3644.1061,11.536228,-1.5176004,-3631.0523
1,4,0.29632971,2,4,0.16221254,3,4,0.13422983,-3644.075,11.855442,-1.5390133,-3630.6805
1,4,0.30014364,2,4,0.11819221,3,4,0.16651454,-3644.1917,11.697008,-1.575061,-3630.9196
1,4,0.32146615,2,4,0.1608823,3,4,0.16351525,-3643.7911,12.917274,-1.4653373,-3629.4084
1,4,0.29865391,2,4,0.12647491,3,4,0.14806129,-3644.1277,11.463802,-1.53686,-3631.127
1,4,0.29934875,2,4,0.142091,3,4,0.19129449,-3644.1029,12.654685,-1.8717611,-3629.5764
1,4,0.25615283,2,4,0.14726917,3,4,0.16990014,-3644.5395,11.466443,-1.9082517,-3631.1648
1,4,0.31029624,2,4,0.12565791,3,4,0.17611901,-3643.5938,12.241463,-1.173519,-3630.1788
1,4,0.27726353,2,4,0.15975637,3,4,0.16753035,-3643.3783,12.091005,-0.9708689,-3630.3164
1,4,0.31811582,2,4,0.15380602,3,4,0.12313323,-3645.9857,11.901101,-3.2297503,-3630.8549
1,4,0.27894497,2,4,0.16534143,3,4,0.14701051,-3643.6591,11.825938,-1.1966615,-3630.6365
1,4,0.32657689,2,4,0.13276204,3,4,0.17553326,-3643.8979,12.697444,-1.6035456,-3629.5969
1,4,0.27548422,2,4,0.16695888,3,4,0.11939316,-3647.1962,11.236725,-4.0144265,-3631.9451
1,4,0.32777936,2,4,0.15928725,3,4,0.15516716,-3643.9121,12.844675,-1.6282701,-3629.4391
1,4,0.29965091,2,4,0.14333201,3,4,0.15966798,-3642.4658,12.053018,-0.032285793,-3630.3805
1,4,0.29635384,2,4,0.1472158,3,4,0.16005472,-3642.4389,12.072487,-0.0055817867,-3630.3609
1,4,0.26912055,2,4,0.10763039,3,4,0.18792929,-3647.6078,11.293605,-4.4205976,-3631.8936
1,4,0.29138915,2,4,0.16655998,3,4,0.16544592,-3643.5042,12.467901,-1.1659507,-3629.8704
1,4,0.27843522,2,4,0.13665946,3,4,0.17082051,-3643.0995,11.718304,-0.63219645,-3630.749
1,4,0.32773416,2,4,0.17030361,3,4,0.15620808,-3644.7661,13.084917,-2.6263326,-3629.0549
1,4,0.30187831,2,4,0.15172327,3,4,0.17665031,-3643.1958,12.605038,-0.81039343,-3629.7803
1,4,0.27380128,2,4,0.15343707,3,4,0.16513537,-3643.1647,11.847474,-0.70939007,-3630.6078
1,4,0.30636629,2,4,0.17124259,3,4,0.15762216,-3643.8732,12.704621,-1.5999028,-3629.5687
1,4,0.26822199,2,4,0.13765013,3,4,0.15863013,-3643.6664,11.290045,-1.1413722,-3631.235
1,4,0.30839172,2,4,0.13848776,3,4,0.14917989,-3643.1159,11.921187,-0.65443251,-3630.5403
1,4,0.29596567,2,4,0.15052136,3,4,0.15359673,-3642.5558,12.001675,-0.12058562,-3630.4336
1,4,0.31206673,2,4,0.14957351,3,4,0.15607587,-3642.7746,12.354322,-0.35651135,-3630.0638
1,4,0.30045051,2,4,0.13551588,3,4,0.17353406,-3642.8377,12.190009,-0.41481697,-3630.2328
1,4,0.30867249,2,4,0.14610487,3,4,0.15251635,-3642.7432,12.145874,-0.31184782,-3630.2855
1,4,0.2993879,2,4,0.15999375,3,4,0.15964186,-3642.8806,12.38047,-0.47469889,-3630.0254
1,4,0.28880304,2,4,0.14682027,3,4,0.18407864,-3643.543,12.394039,-1.2043577,-3629.9446
1,4,0.28251306,2,4,0.14581644,3,4,0.16473062,-3642.6669,11.861203,-0.22640125,-3630.5793
1,4,0.30028537,2,4,0.12774984,3,4,0.17127833,-3643.1737,11.986271,-0.71152538,-3630.4759
1,4,0.2586872,2,4,0.13513777,3,4,0.14431145,-3645.6609,10.762729,-2.9170302,-3631.9811
1,4,0.26211649,2,4,0.14852552,3,4,0.15012556,-3644.1749,11.215351,-1.5740856,-3631.3854
1,4,0.31270948,2,4,0.15922581,3,4,0.15888943,-3643.1551,12.616494,-0.77013124,-3629.7684
1,4,0.33722554,2,4,0.14461815,3,4,0.14493821,-3644.6433,12.535638,-2.3641226,-3629.7436
1,4,0.30865817,2,4,0.12641744,3,4,0.17728474,-3643.5432,12.247207,-1.1286899,-3630.1673
1,4,0.31636957,2,4,0.14390215,3,4,0.16608147,-3642.9356,12.527064,-0.53150294,-3629.877
1,4,0.28944821,2,4,0.13802606,3,4,0.17959896,-3643.1213,12.141464,-0.71516336,-3630.2647
1,4,0.27101968,2,4,0.11780236,3,4,0.18719946,-3645.7656,11.52043,-3.0155559,-3631.2296
1,4,0.26841484,2,4,0.13727624,3,4,0.13877941,-3645.2204,10.88941,-2.5323426,-3631.7986
1,4,0.29228128,2,4,0.16525446,3,4,0.1644746,-3643.3507,12.440207,-0.99345489,-3629.9171
1,4,0.30985629,2,4,0.15780367,3,4,0.1397363,-3643.5959,12.147925,-1.1530843,-3630.2949
1,4,0.27903745,2,4,0.16835962,3,4,0.15164002,-3643.7231,11.980742,-1.3130937,-3630.4292
1,4,0.30711003,2,4,0.13863313,3,4,0.13030673,-3645.2498,11.520998,-2.479432,-3631.2494
1,4,0.29310075,2,4,0.15966746,3,4,0.17029475,-3643.1912,12.461259,-0.80983084,-3629.9201
1,4,0.3002213,2,4,0.13685072,3,4,0.16496698,-3642.612,12.04078,-0.17561297,-3630.3956
1,4,0.27895632,2,4,0.16176243,3,4,0.14372473,-3643.6514,11.68887,-1.1474531,-3630.8151
1,4,0.30409538,2,4,0.11885407,3,4,0.13973626,-3646.3575,11.253714,-3.3908391,-3631.713
1,4,0.26125831,2,4,0.16395559,3,4,0.14546438,-3644.8275,11.413566,-2.17016,-3631.2438
1,4,0.2728538,2,4,0.15305796,3,4,0.15396517,-3643.2319,11.597539,-0.74647548,-3630.8878
1,4,0.31270111,2,4,0.14775753,3,4,0.13051355,-3644.7777,11.819444,-2.134233,-3630.824
1,4,0.30058887,2,4,0.14802408,3,4,0.16823383,-3642.6113,12.336936,-0.18291803,-3630.0915
1,4,0.25561286,2,4,0.14972468,3,4,0.16511062,-3644.51,11.408963,-1.8664254,-3631.2346
1,4,0.31428898,2,4,0.14641214,3,4,0.13706334,-3644.0208,11.955289,-1.4984719,-3630.567
1,4,0.28016888,2,4,0.13644666,3,4,0.1590959,-3643.023,11.514229,-0.56131254,-3630.9474
1,4,0.29135079,2,4,0.14892421,3,4,0.1738623,-3642.8576,12.282746,-0.44580372,-3630.129
1,4,0.31622309,2,4,0.13995863,3,4,0.17502589,-3643.2432,12.624152,-0.87050042,-3629.7486
1,4,0.30769875,2,4,0.14369825,3,4,0.14435354,-3643.2295,11.915011,-0.75699411,-3630.5575
1,4,0.34001569,2,4,0.13499385,3,4,0.16377004,-3644.5193,12.775592,-2.3204791,-3629.4233
1,4,0.29149772,2,4,0.12858111,3,4,0.15291556,-3643.5752,11.459888,-1.0561953,-3631.0591
1,4,0.29761673,2,4,0.13724304,3,4,0.15371018,-3642.8088,11.771399,-0.35877432,-3630.6786
1,4,0.29430935,2,4,0.13932032,3,4,0.17311644,-3642.7269,12.134922,-0.30164219,-3630.2903
1,4,0.29843979,2,4,0.16125511,3,4,0.15237536,-3642.9495,12.241405,-0.54212196,-3630.1659
1,4,0.30652698,2,4,0.1495554,3,4,0.14463823,-3643.0759,12.014412,-0.6216852,-3630.4399
1,4,0.30046585,2,4,0.17732375,3,4,0.13909659,-3644.6631,12.337724,-2.3992112,-3629.9261
1,4,0.31011075,2,4,0.14811037,3,4,0.17699413,-3643.2782,12.704305,-0.89827437,-3629.6756
1,4,0.26561585,2,4,0.16005387,3,4,0.18063427,-3644.8309,12.12608,-2.4950092,-3630.2098
1,4,0.28334906,2,4,0.13923968,3,4,0.16984988,-3642.8115,11.848772,-0.36667498,-3630.596
1,4,0.27831666,2,4,0.17182216,3,4,0.16439781,-3644.2106,12.290733,-1.9235281,-3629.9963
1,4,0.31922959,2,4,0.13192691,3,4,0.17383023,-3643.4795,12.499735,-1.1152055,-3629.8646
1,4,0.29594026,2,4,0.12723731,3,4,0.15990671,-3643.3127,11.661686,-0.81048585,-3630.8406
