1,4,0.17014537,2,4,0.14339845,3,4,0.17180386,-4404.808,9.7069537,-1.3158171,-4393.7852
1,4,0.13721266,2,4,0.15899714,3,4,0.21622088,-4409.4238,10.248613,-6.6377248,-4392.5374
1,4,0.15863565,2,4,0.15502163,3,4,0.18733126,-4404.2235,10.019771,-0.82821548,-4393.3755
1,4,0.16472581,2,4,0.16344914,3,4,0.15636313,-4404.1582,9.6907617,-0.69444469,-4393.773
1,4,0.17007761,2,4,0.15849567,3,4,0.18049497,-4404.0863,10.181365,-0.68719977,-4393.2177
1,4,0.17919101,2,4,0.18474888,3,4,0.17030787,-4406.208,10.684955,-3.0638127,-4392.4592
1,4,0.14858412,2,4,0.15803246,3,4,0.15101795,-4405.2567,9.1526907,-1.6886431,-4394.4153
1,4,0.14976459,2,4,0.16669714,3,4,0.17395769,-4403.7319,9.8083885,-0.29451108,-4393.629
1,4,0.16324779,2,4,0.17925053,3,4,0.15203798,-4405.2713,9.8907261,-1.8354448,-4393.5451
1,4,0.14832,2,4,0.1487661,3,4,0.17408209,-4404.4207,9.4233637,-0.93124353,-4394.0661
1,4,0.14063939,2,4,0.16900276,3,4,0.19578736,-4405.9339,10.10859,-2.6140402,-4393.2113
1,4,0.15022998,2,4,0.16546017,3,4,0.16701799,-4403.7386,9.6541628,-0.29685379,-4393.7876
1,4,0.18127319,2,4,0.18367039,3,4,0.15531451,-4406.7331,10.405162,-3.6015624,-4392.7263
1,4,0.14097428,2,4,0.1854663,3,4,0.15930999,-4406.1708,9.7150114,-2.7183939,-4393.7374
1,4,0.1602779,2,4,0.14989415,3,4,0.17342128,-4403.8977,9.6718665,-0.44468778,-4393.7812
1,4,0.15628248,2,4,0.1653998,3,4,0.18799499,-4404.2239,10.193545,-0.84328499,-4393.1871
1,4,0.14211364,2,4,0.17757871,3,4,0.20493414,-4407.538,10.49253,-4.5661518,-4392.4793
1,4,0.1781593,2,4,0.14329416,3,4,0.17701211,-4405.4924,9.9693114,-2.0899295,-4393.4331
1,4,0.142552,2,4,0.1508615,3,4,0.17059702,-4404.8123,9.2802104,-1.2873851,-4394.2447
1,4,0.16542223,2,4,0.15382697,3,4,0.16967608,-4403.7532,9.7785055,-0.31710664,-4393.6575
1,4,0.16379191,2,4,0.1709455,3,4,0.17234857,-4403.7692,10.14172,-0.34922497,-4393.2782
1,4,0.16488012,2,4,0.1561822,3,4,0.18123128,-4403.9007,10.045872,-0.4846556,-4393.3702
1,4,0.16055397,2,4,0.1607538,3,4,0.17046268,-4403.4478,9.835409,-0.01607283,-4393.5963
1,4,0.1590571,2,4,0.16969182,3,4,0.17948164,-4403.8134,10.164611,-0.39542427,-4393.2534
1,4,0.12178288,2,4,0.17025857,3,4,0.16011945,-4408.9285,9.043218,-4.6737847,-4395.2115
1,4,0.17623804,2,4,0.16677191,3,4,0.16297033,-4404.5174,10.119605,-1.1501973,-4393.2476
1,4,0.16340855,2,4,0.17255391,3,4,0.15124254,-4404.906,9.7441001,-1.4123445,-4393.7496
1,4,0.14319269,2,4,0.1623399,3,4,0.15919426,-4404.7534,9.2945369,-1.2342473,-4394.2246
1,4,0.17601344,2,4,0.15001663,3,4,0.18857364,-4405.4185,10.292074,-2.126699,-4392.9997
1,4,0.16785272,2,4,0.16298136,3,4,0.15858849,-4404.0961,9.7884515,-0.65238536,-4393.6552
1,4,0.17219909,2,4,0.1688135,3,4,0.18201599,-4404.5498,10.460572,-1.1764607,-4392.9127
1,4,0.1537399,2,4,0.15675326,3,4,0.19186564,-4404.6331,10.047176,-1.2750143,-4393.3109
1,4,0.15321276,2,4,0.14282652,3,4,0.15651335,-4405.6553,9.0510527,-2.0553905,-4394.5489
1,4,0.17638728,2,4,0.16821315,3,4,0.17308007,-4404.5119,10.35361,-1.1562302,-4393.0021
1,4,0.13655071,2,4,0.16131961,3,4,0.18305362,-4405.3134,9.6184789,-1.7570085,-4393.9379
1,4,0.16488662,2,4,0.1572135,3,4,0.16359716,-4403.7683,9.7139457,-0.32985227,-4393.7245
1,4,0.15464534,2,4,0.18173089,3,4,0.18393176,-4404.9999,10.40616,-1.6962721,-4392.8975
1,4,0.14577595,2,4,0.14829326,3,4,0.15296632,-4405.9787,8.9407105,-2.3700893,-4394.6679
1,4,0.15077508,2,4,0.16366794,3,4,0.18174385,-4403.8911,9.9237376,-0.46670296,-4393.5006
1,4,0.14347199,2,4,0.16257464,3,4,0.16259678,-4404.4748,9.3728684,-0.97800326,-4394.124
1,4,0.15586142,2,4,0.17156872,3,4,0.15973117,-4404.0615,9.7432263,-0.61807511,-4393.7002
1,4,0.17189214,2,4,0.17608387,3,4,0.18927975,-4405.6573,10.745115,-2.3792023,-4392.533
1,4,0.15208527,2,4,0.13951819,3,4,0.16432798,-4405.5987,9.1186289,-1.9790403,-4394.501
1,4,0.1418097,2,4,0.17206145,3,4,0.16726742,-4404.6133,9.6227713,-1.1221033,-4393.8684
1,4,0.15127109,2,4,0.16510924,3,4,0.18840609,-4404.3539,10.095728,-0.9724038,-4393.2858
1,4,0.17751156,2,4,0.15924641,3,4,0.1779664,-4404.5924,10.294487,-1.249628,-4393.0483
1,4,0.14006723,2,4,0.18261344,3,4,0.1653166,-4405.6343,9.7599455,-2.1809983,-4393.6934
1,4,0.15548127,2,4,0.15316112,3,4,0.185394,-4404.1894,9.8807278,-0.77133981,-4393.5373
1,4,0.16499154,2,4,0.14698534,3,4,0.17214535,-4404.2152,9.6824446,-0.74601782,-4393.7867
1,4,0.15744916,2,4,0.17739143,3,4,0.15508192,-4404.7714,9.7984502,-1.3274075,-4393.6456
1,4,0.14741933,2,4,0.17205209,3,4,0.17524112,-4404.0863,9.8942506,-0.65462437,-4393.5374
1,4,0.14223549,2,4,0.19536986,3,4,0.17926195,-4407.0901,10.337346,-4.0380675,-4392.7147
1,4,0.16987907,2,4,0.15621215,3,4,0.17044942,-4403.8632,9.9308129,-0.44385708,-4393.4885
1,4,0.15582285,2,4,0.16470385,3,4,0.17225459,-4403.4749,9.8556257,-0.04318082,-4393.576
1,4,0.15450082,2,4,0.17122698,3,4,0.15489018,-4404.4857,9.6123597,-1.0036767,-4393.8697
1,4,0.16765593,2,4,0.15849143,3,4,0.17839043,-4403.8439,10.090756,-0.42796574,-4393.3252
1,4,0.14887998,2,4,0.15536998,3,4,0.17361724,-4403.9161,9.5573441,-0.46410207,-4393.8946
1,4,0.15119951,2,4,0.13290443,3,4,0.15369444,-4407.9689,8.7559674,-4.0298298,-4395.1831
1,4,0.13157248,2,4,0.17713486,3,4,0.17671456,-4406.3292,9.708438,-2.7112593,-4393.9095
1,4,0.16293662,2,4,0.16692448,3,4,0.17800479,-4403.7189,10.157318,-0.29428993,-4393.2672
1,4,0.14977776,2,4,0.16137478,3,4,0.16535062,-4403.8207,9.5300632,-0.37486498,-4393.9157
1,4,0.14932646,2,4,0.17811295,3,4,0.139876,-4407.4876,9.3463081,-3.6485727,-4394.4927
1,4,0.15730322,2,4,0.14843326,3,4,0.16302921,-4404.3056,9.3753139,-0.82663433,-4394.1036
1,4,0.1605998,2,4,0.17266321,3,4,0.16008039,-4404.0748,9.8668679,-0.64385461,-4393.5641
1,4,0.1584951,2,4,0.16010119,3,4,0.17909317,-4403.6049,9.9537892,-0.17796049,-4393.4731
1,4,0.15465889,2,4,0.17477805,3,4,0.15240564,-4404.9314,9.6368516,-1.4330438,-4393.8615
1,4,0.13393985,2,4,0.18845456,3,4,0.17791067,-4407.0417,10.006102,-3.6673251,-4393.3682
1,4,0.15155868,2,4,0.16114623,3,4,0.17140182,-4403.5976,9.6821346,-0.16096158,-4393.7545
1,4,0.16328948,2,4,0.17449684,3,4,0.16425357,-4404.0461,10.040798,-0.63827491,-4393.367
1,4,0.15615344,2,4,0.14756992,3,4,0.17980178,-4404.278,9.6705028,-0.81089751,-4393.7966
1,4,0.1532031,2,4,0.16866662,3,4,0.16947704,-4403.6385,9.8269354,-0.20698635,-4393.6045
1,4,0.14225384,2,4,0.16343438,3,4,0.18549074,-4404.7288,9.8235792,-1.2756596,-4393.6296
1,4,0.15114065,2,4,0.1720282,3,4,0.18616991,-4404.4395,10.186775,-1.0632108,-4393.1895
1,4,0.15539838,2,4,0.15651047,3,4,0.17672998,-4403.6328,9.7727765,-0.19891779,-4393.6611
1,4,0.13827384,2,4,0.15837076,3,4,0.19465487,-4406.0574,9.8259896,-2.618764,-4393.6127
1,4,0.16082497,2,4,0.17168907,3,4,0.17236396,-4403.7297,10.09756,-0.30930017,-4393.3228
1,4,0.14517649,2,4,0.17189653,3,4,0.18456703,-4404.637,10.032801,-1.232216,-4393.372
1,4,0.15497316,2,4,0.18384842,3,4,0.15763209,-4405.1869,9.9290734,-1.8190746,-4393.4387
1,4,0.14608763,2,4,0.16540151,3,4,0.17600083,-4403.9822,9.7497994,-0.53043799,-4393.702
1,4,0.15630915,2,4,0.15621772,3,4,0.18105212,-4403.7888,9.8715799,-0.36207702,-4393.5551
1,4,0.16134026,2,4,0.1807941,3,4,0.14495036,-4406.3412,9.7416943,-2.7898466,-4393.8097
1,4,0.15798182,2,4,0.15569458,3,4,0.17127426,-4403.5624,9.6990132,-0.12729254,-4393.7361
1,4,0.15145377,2,4,0.17316812,3,4,0.16063514,-4404.2271,9.7051405,-0.78102246,-4393.7409
1,4,0.17201532,2,4,0.15780178,3,4,0.16064224,-4404.2563,9.8091868,-0.82872686,-4393.6184
1,4,0.16227838,2,4,0.16150087,3,4,0.16429439,-4403.6006,9.7614728,-0.16565875,-4393.6735
1,4,0.16532166,2,4,0.1599635,3,4,0.16137571,-4403.8329,9.7332174,-0.39212015,-4393.7076
1,4,0.16912536,2,4,0.16292872,3,4,0.16131864,-4403.9893,9.8674545,-0.5607922,-4393.5611
1,4,0.16729789,2,4,0.15553607,3,4,0.14806022,-4405.41,9.4178836,-1.8148863,-4394.1772
1,4,0.16095881,2,4,0.17375356,3,4,0.16697546,-4403.873,10.033757,-0.45979894,-4393.3794
1,4,0.14756087,2,4,0.1441752,3,4,0.15868339,-4405.6642,9.0083893,-2.0811273,-4394.5747
1,4,0.18850994,2,4,0.14065196,3,4,0.19204837,-4408.0322,10.424205,-5.0246334,-4392.5833
1,4,0.1747367,2,4,0.14610555,3,4,0.17421456,-4404.8455,9.9011363,-1.4203826,-4393.5239
1,4,0.14097766,2,4,0.1591943,3,4,0.17943157,-4404.6166,9.5920706,-1.1130707,-4393.9114
1,4,0.15635169,2,4,0.1605607,3,4,0.18119005,-4403.7087,9.9620489,-0.28611441,-4393.4605
1,4,0.15352642,2,4,0.18786263,3,4,0.19389703,-4406.6978,10.705722,-3.6454534,-4392.3467
1,4,0.16952145,2,4,0.16842365,3,4,0.15659165,-4404.4369,9.8907352,-1.0010683,-4393.5451
1,4,0.16679477,2,4,0.17967817,3,4,0.17718313,-4404.725,10.473121,-1.3773918,-4392.8745
1,4,0.15165043,2,4,0.16827918,3,4,0.1777482,-4403.7795,9.9535562,-0.35279819,-4393.4732
1,4,0.14179396,2,4,0.13922479,3,4,0.14361636,-4409.4292,8.4927022,-5.3604625,-4395.576
1,4,0.1622113,2,4,0.18372716,3,4,0.18026491,-4405.1074,10.524067,-1.8143568,-4392.769
1,4,0.1641551,2,4,0.17004087,3,4,0.16553949,-4403.7824,9.9947091,-0.35968428,-4393.428
1,4,0.15360258,2,4,0.18170461,3,4,0.14434504,-4406.6565,9.5930446,-3.0425724,-4394.0209
1,4,0.15251166,2,4,0.17583099,3,4,0.15870085,-4404.4764,9.7408699,-1.0339905,-4393.7016
1,4,0.16289173,2,4,0.17264432,3,4,0.1731834,-4403.8497,10.174389,-0.43494339,-4393.2404
1,4,0.17019821,2,4,0.15699283,3,4,0.17526059,-4403.9159,10.049033,-0.50401664,-4393.3628
1,4,0.18440635,2,4,0.14933933,3,4,0.17251846,-4405.5834,10.125283,-2.3117908,-4393.1463
1,4,0.1509263,2,4,0.17769374,3,4,0.14784462,-4405.896,9.5292932,-2.3125979,-4394.0541
1,4,0.16334055,2,4,0.13965915,3,4,0.1589999,-4405.6712,9.239992,-2.0347898,-4394.3964
1,4,0.16011243,2,4,0.15213287,3,4,0.19521867,-4405.1339,10.149279,-1.8266655,-4393.1579
1,4,0.13949712,2,4,0.18301429,3,4,0.17266003,-4405.606,9.9034287,-2.1901204,-4393.5125
1,4,0.13002018,2,4,0.16147401,3,4,0.16055945,-4406.8196,9.0410729,-2.9919568,-4394.7866
1,4,0.16001425,2,4,0.19255679,3,4,0.17574745,-4406.0326,10.56637,-2.9208977,-4392.5454
1,4,0.15296847,2,4,0.14256395,3,4,0.1656969,-4405.013,9.2245862,-1.4624056,-4394.326
1,4,0.14858769,2,4,0.16580639,3,4,0.17644831,-4403.8264,9.8168479,-0.38695084,-4393.6226
1,4,0.15614351,2,4,0.16561514,3,4,0.17755165,-4403.5931,9.9862061,-0.16515632,-4393.4417
1,4,0.15446764,2,4,0.16354806,3,4,0.17632097,-4403.5525,9.8867333,-0.12171427,-4393.5441
1,4,0.14557543,2,4,0.15624545,3,4,0.19782198,-4405.7306,9.9928574,-2.4189874,-4393.3188
1,4,0.17039842,2,4,0.17923677,3,4,0.18670306,-4405.5853,10.726765,-2.3012822,-4392.5572
1,4,0.14446417,2,4,0.16195825,3,4,0.18268951,-4404.3542,9.7822387,-0.9021746,-4393.6698
1,4,0.1577829,2,4,0.16747873,3,4,0.16741706,-4403.5505,9.8535739,-0.1196838,-4393.5773
1,4,0.13672629,2,4,0.14619621,3,4,0.16889729,-4406.1716,9.0363958,-2.4894877,-4394.6457
1,4,0.18844746,2,4,0.16186308,3,4,0.18905795,-4406.8621,10.78737,-3.8471213,-4392.2276
1,4,0.16490398,2,4,0.16712327,3,4,0.15877481,-4404.027,9.8160411,-0.58366704,-4393.6273
1,4,0.16908796,2,4,0.16884942,3,4,0.17730039,-4404.066,10.304755,-0.65914756,-4393.1021
1,4,0.14296507,2,4,0.17481532,3,4,0.1642206,-4404.7501,9.6400199,-1.2692895,-4393.8408
1,4,0.14396037,2,4,0.17086744,3,4,0.15267995,-4405.4365,9.350155,-1.8532145,-4394.2331
1,4,0.12984249,2,4,0.17674282,3,4,0.1808799,-4406.7426,9.7493043,-3.1008588,-4393.8925
1,4,0.16409266,2,4,0.16139015,3,4,0.15304081,-4404.484,9.5704723,-0.98445591,-4393.9291
1,4,0.1441099,2,4,0.17989574,3,4,0.17824244,-4404.9624,10.044962,-1.5797344,-4393.3377
1,4,0.140469,2,4,0.15576599,3,4,0.16738452,-4404.8187,9.27239,-1.2875332,-4394.2588
1,4,0.14477774,2,4,0.14485513,3,4,0.20335764,-4407.3726,9.8598102,-4.0524682,-4393.4603
1,4,0.16364421,2,4,0.15230375,3,4,0.15021935,-4405.207,9.3233462,-1.6306779,-4394.2529
1,4,0.15599441,2,4,0.16736149,3,4,0.17811922,-4403.6616,10.029502,-0.23643594,-4393.3957
1,4,0.14677309,2,4,0.17034369,3,4,0.18623995,-4404.5705,10.067135,-1.1771683,-4393.3262
1,4,0.1559218,2,4,0.16748288,3,4,0.15184647,-4404.6673,9.505023,-1.14757,-4394.0147
1,4,0.17039985,2,4,0.17524305,3,4,0.16640106,-4404.4039,10.240879,-1.0303385,-4393.1326
1,4,0.15434377,2,4,0.16304537,3,4,0.17096242,-4403.4912,9.7670311,-0.05844289,-4393.6657
1,4,0.15319638,2,4,0.15234478,3,4,0.19466129,-4405.1267,10.004049,-1.7874727,-4393.3352
1,4,0.15821277,2,4,0.16202413,3,4,0.16954583,-4403.4414,9.7956545,-0.0096123851,-4393.6361
1,4,0.15512107,2,4,0.16191196,3,4,0.17061082,-4403.4741,9.7528769,-0.041778026,-4393.6794
1,4,0.18557817,2,4,0.16960111,3,4,0.16302635,-4405.7251,10.364113,-2.5312774,-4392.8297
1,4,0.14363897,2,4,0.17046523,3,4,0.16211053,-4404.5886,9.5242946,-1.0934937,-4393.9708
1,4,0.18034044,2,4,0.1531844,3,4,0.18017871,-4405.1271,10.274071,-1.831511,-4393.0216
1,4,0.15993442,2,4,0.15583419,3,4,0.14346066,-4406.092,9.1845854,-2.371562,-4394.5358
1,4,0.14815522,2,4,0.16975208,3,4,0.17005906,-4403.912,9.7593271,-0.46983558,-4393.6828
1,4,0.17548371,2,4,0.16860837,3,4,0.17606458,-4404.5288,10.403133,-1.167221,-4392.9584
1,4,0.17867697,2,4,0.16729778,3,4,0.16702138,-4404.6828,10.259923,-1.3512702,-4393.0716
1,4,0.16178599,2,4,0.15729315,3,4,0.1800208,-4403.7249,9.9819988,-0.30088104,-4393.442
1,4,0.16467291,2,4,0.17407927,3,4,0.15945979,-4404.2888,9.9642394,-0.87159365,-4393.453
1,4,0.15865434,2,4,0.15866921,3,4,0.16945243,-4403.4801,9.7355197,-0.047762299,-4393.6968
1,4,0.15456045,2,4,0.17329155,3,4,0.17965153,-4404.0267,10.150071,-0.62292339,-4393.2537
1,4,0.15089307,2,4,0.15224594,3,4,0.1747103,-4403.9807,9.5569862,-0.52545293,-4393.8982
1,4,0.15731409,2,4,0.16597095,3,4,0.16672161,-4403.5329,9.8001329,-0.1005452,-4393.6323
1,4,0.16280598,2,4,0.15669134,3,4,0.1789032,-4403.7137,9.9680103,-0.28785668,-4393.4579
1,4,0.16224771,2,4,0.14730153,3,4,0.16823013,-4404.179,9.5555874,-0.70380328,-4393.9196
1,4,0.14817002,2,4,0.16046383,3,4,0.16626621,-4403.9075,9.498001,-0.45608422,-4393.9534
1,4,0.17101602,2,4,0.16007747,3,4,0.18627952,-4404.5367,10.34746,-1.1769638,-4393.0122
1,4,0.16309471,2,4,0.15073536,3,4,0.17896941,-4403.9984,9.8559896,-0.56024239,-4393.5821
1,4,0.14995268,2,4,0.16090232,3,4,0.15929404,-4404.1758,9.4029807,-0.70864207,-4394.0642
1,4,0.13504878,2,4,0.18705368,3,4,0.16070106,-4407.0591,9.6560703,-3.5245907,-4393.8784
1,4,0.14361003,2,4,0.1358768,3,4,0.15527366,-4407.8929,8.6952099,-4.0249501,-4395.1727
1,4,0.15955326,2,4,0.14925755,3,4,0.17739463,-4404.0153,9.7241086,-0.56171889,-4393.7295
1,4,0.15501776,2,4,0.17605433,3,4,0.17075395,-4403.9926,10.036521,-0.58939834,-4393.3667
1,4,0.14712206,2,4,0.19132874,3,4,0.15580496,-4406.6191,9.8851153,-3.3123198,-4393.4216
1,4,0.17338175,2,4,0.14951354,3,4,0.19018524,-4405.3678,10.261611,-2.063453,-4393.0427
1,4,0.16308946,2,4,0.16920536,3,4,0.16445305,-4403.7483,9.9349575,-0.32101712,-4393.4923
1,4,0.15860303,2,4,0.15665451,3,4,0.16526421,-4403.6441,9.6104352,-0.20685718,-4393.8268
1,4,0.15055723,2,4,0.15356225,3,4,0.1574006,-4404.6084,9.2304016,-1.11803,-4394.26
1,4,0.15252355,2,4,0.15271265,3,4,0.16309017,-4404.1223,9.3665273,-0.66487096,-4394.0909
1,4,0.16973843,2,4,0.15254583,3,4,0.1529748,-4405.0316,9.5051811,-1.5069349,-4394.0195
1,4,0.15016299,2,4,0.16510923,3,4,0.16540882,-4403.7914,9.6136207,-0.34694704,-4393.8308
1,4,0.15257692,2,4,0.16247836,3,4,0.16737581,-4403.603,9.6486217,-0.16696849,-4393.7874
1,4,0.15227729,2,4,0.16424922,3,4,0.19002774,-4404.4515,10.131085,-1.0852101,-4393.2352
1,4,0.15495331,2,4,0.16343357,3,4,0.18174989,-4403.7626,10.002735,-0.34271211,-4393.4172
1,4,0.15296363,2,4,0.14637062,3,4,0.15589186,-4405.2741,9.1045224,-1.7207543,-4394.4489
1,4,0.13422719,2,4,0.15377839,3,4,0.17990988,-4405.8792,9.3583092,-2.2162157,-4394.3046
1,4,0.16225651,2,4,0.17437109,3,4,0.15408832,-4404.6764,9.8143185,-1.2196399,-4393.6424
1,4,0.16994631,2,4,0.16818928,3,4,0.19677705,-4405.811,10.698253,-2.5977061,-4392.515
1,4,0.14917294,2,4,0.16349271,3,4,0.14714611,-4405.6625,9.1962353,-2.022439,-4394.4439
1,4,0.13841318,2,4,0.16621803,3,4,0.1807973,-4404.9418,9.7085703,-1.4264589,-4393.8068
1,4,0.13693493,2,4,0.17188254,3,4,0.1736119,-4405.1404,9.6485874,-1.5959687,-4393.8959
1,4,0.17387065,2,4,0.17751889,3,4,0.18238388,-4405.368,10.675468,-2.06306,-4392.6295
1,4,0.18302594,2,4,0.17945239,3,4,0.16702943,-4406.0642,10.590155,-2.9097182,-4392.5644
1,4,0.16108891,2,4,0.13257553,3,4,0.16382361,-4406.6501,9.149761,-2.8314458,-4394.6689
1,4,0.15336231,2,4,0.14610298,3,4,0.17886479,-4404.4792,9.5666015,-0.98899426,-4393.9236
1,4,0.1723055,2,4,0.15954225,3,4,0.15960904,-4404.3058,9.8291358,-0.87910042,-4393.5975
1,4,0.15440064,2,4,0.15567,3,4,0.17765757,-4403.7146,9.7545642,-0.27904568,-4393.681
1,4,0.17454431,2,4,0.15976906,3,4,0.18740267,-4404.9255,10.434321,-1.6072929,-4392.8839
1,4,0.16075405,2,4,0.1549887,3,4,0.18504538,-4404.0696,10.015763,-0.66249187,-4393.3914
1,4,0.1670831,2,4,0.15872704,3,4,0.19032597,-4404.653,10.322722,-1.3116671,-4393.0186
1,4,0.18511338,2,4,0.18039951,3,4,0.1693617,-4406.4634,10.697492,-3.3727962,-4392.3931
1,4,0.15898785,2,4,0.17723833,3,4,0.18132653,-4404.4167,10.351054,-1.0454581,-4393.0202
1,4,0.15966133,2,4,0.17517425,3,4,0.14609344,-4405.7336,9.6185805,-2.1490228,-4393.966
1,4,0.16610404,2,4,0.16886656,3,4,0.15596726,-4404.342,9.8187573,-0.88954635,-4393.6336
1,4,0.16953395,2,4,0.1500751,3,4,0.15167533,-4405.3651,9.4256876,-1.8005545,-4394.1388
1,4,0.16030378,2,4,0.16943562,3,4,0.1520336,-4404.6449,9.6354599,-1.1412346,-4393.8682
1,4,0.17130056,2,4,0.12614509,3,4,0.18759919,-4408.5275,9.7008968,-4.6635452,-4394.163
1,4,0.17201106,2,4,0.15430539,3,4,0.14249718,-4406.6502,9.3762726,-2.9122351,-4394.3617
1,4,0.15174563,2,4,0.16338828,3,4,0.16316758,-4403.8006,9.5660297,-0.35573031,-4393.8788
1,4,0.14260191,2,4,0.17197713,3,4,0.17315556,-4404.4535,9.754692,-0.98552897,-4393.7133
1,4,0.13627739,2,4,0.16729737,3,4,0.16545183,-4405.283,9.3805317,-1.6844681,-4394.218
1,4,0.15415618,2,4,0.17043556,3,4,0.17708191,-4403.773,10.033473,-0.35191728,-4393.3876
1,4,0.18796767,2,4,0.17718877,3,4,0.16599725,-4406.5593,10.623074,-3.5050269,-4392.4312
1,4,0.17341566,2,4,0.1479694,3,4,0.15775799,-4405.1322,9.5828609,-1.635823,-4393.9135
1,4,0.14889212,2,4,0.15344556,3,4,0.1961013,-4405.4229,9.9687795,-2.0897907,-4393.3644
1,4,0.16739093,2,4,0.17636223,3,4,0.17018958,-4404.2826,10.278855,-0.90099159,-4393.1028
1,4,0.17090267,2,4,0.16544793,3,4,0.17734331,-4404.0641,10.273878,-0.6617008,-4393.1285
1,4,0.15454031,2,4,0.16865872,3,4,0.17428218,-4403.6208,9.9496242,-0.19279536,-4393.4784
1,4,0.1793458,2,4,0.17032773,3,4,0.1827452,-4405.4146,10.648375,-2.134991,-4392.6313
1,4,0.15039819,2,4,0.16808859,3,4,0.14883689,-4405.3368,9.3464734,-1.7433317,-4394.247
1,4,0.14717114,2,4,0.17001022,3,4,0.16542319,-4404.0994,9.6520911,-0.64462229,-4393.8027
1,4,0.14862135,2,4,0.15423728,3,4,0.17889566,-4404.093,9.6350859,-0.63827675,-4393.8197
1,4,0.163377,2,4,0.17671378,3,4,0.19764178,-4406.1273,10.754651,-2.9574969,-4392.4152
1,4,0.16182738,2,4,0.16621,3,4,0.12830505,-4409.6127,9.1268486,-5.1650374,-4395.3208
1,4,0.15095895,2,4,0.19153718,3,4,0.18446558,-4406.3458,10.539234,-3.2548088,-4392.5518
1,4,0.16272832,2,4,0.15631405,3,4,0.19057822,-4404.5349,10.192412,-1.1801931,-4393.1623
1,4,0.17536892,2,4,0.14878042,3,4,0.16620269,-4404.729,9.8070406,-1.3035157,-4393.6184
1,4,0.18418325,2,4,0.15418895,3,4,0.1684383,-4405.3055,10.13621,-2.0354725,-4393.1339
1,4,0.15294114,2,4,0.15197554,3,4,0.20015644,-4405.8286,10.101463,-2.5857552,-4393.1414
1,4,0.14724933,2,4,0.16261326,3,4,0.17067801,-4403.8508,9.6108119,-0.39920719,-4393.8407
1,4,0.16308962,2,4,0.17839863,3,4,0.14459485,-4406.2202,9.721662,-2.6460221,-4393.8525
1,4,0.14009558,2,4,0.14940536,3,4,0.16902687,-4405.2954,9.1705562,-1.7215566,-4394.4033
1,4,0.15076139,2,4,0.16723222,3,4,0.17708774,-4403.7626,9.9016269,-0.3315703,-4393.5294
1,4,0.15896647,2,4,0.16289815,3,4,0.1757848,-4403.493,9.9529885,-0.062367755,-4393.4776
1,4,0.16915713,2,4,0.12541412,3,4,0.1923702,-4408.9938,9.7388289,-5.1399086,-4394.115
1,4,0.15465528,2,4,0.16897711,3,4,0.1608287,-4403.9156,9.6892218,-0.47033341,-4393.7561
1,4,0.16195342,2,4,0.1449983,3,4,0.14342745,-4407.0829,9.0075833,-3.2450003,-4394.8303
1,4,0.17473022,2,4,0.16751805,3,4,0.15598063,-4404.8239,9.9645778,-1.4175146,-4393.4418
1,4,0.16695387,2,4,0.15560712,3,4,0.13718056,-4407.5085,9.1948312,-3.5523823,-4394.7613
1,4,0.17883455,2,4,0.1824907,3,4,0.16093356,-4406.0026,10.445176,-2.8135367,-4392.7439
1,4,0.14382224,2,4,0.16724665,3,4,0.16654084,-4404.2721,9.5521947,-0.79233933,-4393.9275
1,4,0.15895431,2,4,0.16193684,3,4,0.18769026,-4404.1511,10.171628,-0.76548,-4393.214
1,4,0.16441672,2,4,0.14841953,3,4,0.18025455,-4404.2537,9.861816,-0.81064091,-4393.5812
1,4,0.14808482,2,4,0.16778559,3,4,0.16360117,-4404.0465,9.5894317,-0.5894923,-4393.8676
1,4,0.17726857,2,4,0.15025215,3,4,0.16872952,-4404.7343,9.9250049,-1.3443838,-4393.4649
1,4,0.17028281,2,4,0.16250707,3,4,0.16610513,-4403.8702,9.9779001,-0.45469409,-4393.4376
1,4,0.15451444,2,4,0.16402951,3,4,0.1757137,-4403.5409,9.8851529,-0.10983301,-4393.546
1,4,0.13416016,2,4,0.18026081,3,4,0.17519558,-4406.1033,9.7923309,-2.5736305,-4393.7374
1,4,0.148623,2,4,0.15650482,3,4,0.17247093,-4403.8807,9.5519752,-0.43023355,-4393.8985
1,4,0.14521259,2,4,0.14773819,3,4,0.18770699,-4405.3255,9.6131553,-1.8269945,-4393.8854
1,4,0.16646921,2,4,0.15687378,3,4,0.16581732,-4403.7497,9.7832063,-0.31696228,-4393.6495
1,4,0.17083737,2,4,0.14914597,3,4,0.18799221,-4405.0067,10.159511,-1.6511844,-4393.196
1,4,0.18127652,2,4,0.16474736,3,4,0.18085883,-4405.2565,10.537654,-1.9867565,-4392.732
1,4,0.17736043,2,4,0.16101367,3,4,0.17663203,-4404.5269,10.300123,-1.1787474,-4393.0481
1,4,0.1605987,2,4,0.16095261,3,4,0.18017249,-4403.666,10.034476,-0.24235663,-4393.3892
1,4,0.14771984,2,4,0.15732169,3,4,0.15971991,-4404.4118,9.2952289,-0.93334899,-4394.1832
1,4,0.15717608,2,4,0.16660663,3,4,0.16298346,-4403.6842,9.7353234,-0.24655512,-4393.7023
1,4,0.17549848,2,4,0.16426797,3,4,0.16913796,-4404.2598,10.178088,-0.88482984,-4393.1969
1,4,0.17071329,2,4,0.1755806,3,4,0.15186558,-4405.327,9.9631895,-1.9017954,-4393.462
1,4,0.15426691,2,4,0.14049269,3,4,0.16622603,-4405.2319,9.2197126,-1.6467028,-4394.3655
1,4,0.17018678,2,4,0.16943176,3,4,0.16411886,-4404.0943,10.074748,-0.68921467,-4393.3304
1,4,0.17116864,2,4,0.15350616,3,4,0.15646724,-4404.6903,9.6228407,-1.2151924,-4393.8522
1,4,0.14370809,2,4,0.14096884,3,4,0.19701081,-4407.1707,9.6337549,-3.6331094,-4393.9038
1,4,0.16004677,2,4,0.15945727,3,4,0.1381074,-4407.062,9.1522288,-3.1571241,-4394.7527
1,4,0.15933111,2,4,0.15338816,3,4,0.1908271,-4404.6017,10.070927,-1.2362884,-4393.2945
1,4,0.15383077,2,4,0.16969143,3,4,0.17053902,-4403.6508,9.8812244,-0.22212902,-4393.5475
1,4,0.1849299,2,4,0.13514582,3,4,0.15448594,-4408.3268,9.491233,-4.6242478,-4394.2114
1,4,0.15495396,2,4,0.16627928,3,4,0.18032906,-4403.7398,10.031246,-0.31816142,-4393.3904
1,4,0.16219806,2,4,0.16784086,3,4,0.15903505,-4403.9618,9.7814794,-0.51633161,-4393.664
1,4,0.16918823,2,4,0.15913845,3,4,0.17096665,-4403.7602,9.9858666,-0.3411141,-4393.4332
1,4,0.16026856,2,4,0.15374061,3,4,0.14867268,-4405.3223,9.253637,-1.724967,-4394.3437
1,4,0.17436983,2,4,0.15374316,3,4,0.18473512,-4404.7893,10.256962,-1.446056,-4393.0863
1,4,0.14214414,2,4,0.1688514,3,4,0.15887413,-4404.9367,9.3973934,-1.4011341,-4394.1382
1,4,0.15315109,2,4,0.17816226,3,4,0.1933316,-4405.5302,10.492899,-2.2919812,-4392.7453
1,4,0.14809107,2,4,0.14705409,3,4,0.1940859,-4405.7265,9.7846211,-2.3055885,-4393.6363
1,4,0.15735086,2,4,0.18507289,3,4,0.16330437,-4404.9754,10.114562,-1.6613028,-4393.1996
1,4,0.17148235,2,4,0.155645,3,4,0.18754178,-4404.7235,10.293383,-1.3796662,-4393.0505
1,4,0.14813117,2,4,0.17334647,3,4,0.16784746,-4404.1148,9.786502,-0.67855202,-4393.6498
1,4,0.16120576,2,4,0.17183943,3,4,0.16786825,-4403.7494,10.018269,-0.32911909,-4393.402
1,4,0.17783421,2,4,0.15855869,3,4,0.18017681,-4404.736,10.331394,-1.4062396,-4392.9984
1,4,0.15232367,2,4,0.1738951,3,4,0.16975411,-4403.915,9.9194576,-0.49620658,-4393.4993
1,4,0.14982927,2,4,0.16115146,3,4,0.16576443,-4403.8043,9.5349032,-0.3593998,-4393.91
1,4,0.15144166,2,4,0.14114704,3,4,0.17041705,-4405.1526,9.260115,-1.5765451,-4394.3159
1,4,0.16718108,2,4,0.15976224,3,4,0.15839199,-4404.1026,9.7067063,-0.65102939,-4393.7449
1,4,0.15571334,2,4,0.17931977,3,4,0.1814532,-4404.5908,10.329726,-1.2410848,-4393.02
1,4,0.14721148,2,4,0.15416906,3,4,0.19123021,-4404.9844,9.8522149,-1.5815799,-4393.5506
1,4,0.14851705,2,4,0.16014366,3,4,0.16774555,-4403.8426,9.5281251,-0.3944772,-4393.92
1,4,0.16895507,2,4,0.14942852,3,4,0.17768024,-4404.2648,9.9212766,-0.83489025,-4393.5086
1,4,0.14207181,2,4,0.1609357,3,4,0.162986,-4404.6352,9.3198702,-1.1232824,-4394.1921
1,4,0.15730256,2,4,0.14037088,3,4,0.1928653,-4405.9911,9.8107748,-2.5234748,-4393.6568
1,4,0.12699174,2,4,0.15191586,3,4,0.15342674,-4408.9282,8.6466869,-4.8278285,-4395.4537
1,4,0.16124697,2,4,0.17658363,3,4,0.15876622,-4404.4232,9.9319363,-1.009054,-4393.4822
1,4,0.15301359,2,4,0.15894217,3,4,0.16137359,-4403.9078,9.4665869,-0.45910436,-4393.9821
1,4,0.14736697,2,4,0.16277896,3,4,0.182608,-4404.1223,9.8550785,-0.6889074,-4393.5783
1,4,0.15870245,2,4,0.16758533,3,4,0.18379553,-4403.9721,10.201666,-0.56635256,-4393.2041
1,4,0.16838578,2,4,0.14628334,3,4,0.18709283,-4405.0109,10.035239,-1.6133782,-4393.3623
1,4,0.15881218,2,4,0.16052733,3,4,0.15321659,-4404.446,9.4511219,-0.94242733,-4394.0524
1,4,0.16619105,2,4,0.15727235,3,4,0.18861771,-4404.4629,10.241622,-1.0992248,-4393.1221
1,4,0.18974562,2,4,0.16081321,3,4,0.17539292,-4406.108,10.519035,-3.0183785,-4392.5706
1,4,0.15678937,2,4,0.17180524,3,4,0.18250341,-4404.078,10.22196,-0.678323,-4393.1777
1,4,0.17272455,2,4,0.15518616,3,4,0.19983709,-4406.2289,10.554956,-3.1077889,-4392.5661
1,4,0.15655596,2,4,0.17409142,3,4,0.17424947,-4403.8763,10.097937,-0.46583107,-4393.3125
1,4,0.14152483,2,4,0.1631841,3,4,0.19039992,-4405.1876,9.9021769,-1.7667603,-4393.5186
1,4,0.13525163,2,4,0.16994966,3,4,0.18344009,-4405.6008,9.7728277,-2.0611872,-4393.7668
1,4,0.16169621,2,4,0.17510595,3,4,0.16504882,-4404.0235,10.03702,-0.61699996,-4393.3695
1,4,0.17776096,2,4,0.16643014,3,4,0.16506987,-4404.5918,10.185219,-1.2439306,-4393.1626
1,4,0.14176412,2,4,0.13187045,3,4,0.18071751,-4407.9246,9.0870416,-3.9447814,-4394.8927
1,4,0.12798557,2,4,0.14439494,3,4,0.18236791,-4408.2357,9.0949685,-4.2074761,-4394.9333
1,4,0.17024736,2,4,0.15630436,3,4,0.19221941,-4405.0735,10.375422,-1.7765649,-4392.9215
1,4,0.15210491,2,4,0.19184413,3,4,0.18185361,-4406.1902,10.516053,-3.0841949,-4392.5899
1,4,0.16718535,2,4,0.1348129,3,4,0.16205329,-4406.367,9.2810307,-2.6246848,-4394.4613
1,4,0.16567632,2,4,0.15801885,3,4,0.17803698,-4403.7444,10.034643,-0.32211631,-4393.3876
1,4,0.12954506,2,4,0.15167331,3,4,0.17983517,-4406.9656,9.2210707,-3.1246423,-4394.6199
1,4,0.14112719,2,4,0.15386685,3,4,0.16712355,-4404.8566,9.2423518,-1.3275754,-4394.2867
1,4,0.13668308,2,4,0.14931592,3,4,0.19094275,-4406.4841,9.5388349,-2.8862341,-4394.059
1,4,0.13544973,2,4,0.1540893,3,4,0.18989181,-4406.2195,9.5886169,-2.6359258,-4393.995
1,4,0.16973984,2,4,0.16615586,3,4,0.17884609,-4404.0703,10.294836,-0.66543486,-4393.11
1,4,0.16224605,2,4,0.14920639,3,4,0.17440503,-4403.9777,9.7171493,-0.52330651,-4393.7372
1,4,0.14034531,2,4,0.16703443,3,4,0.1818518,-4404.7649,9.7846308,-1.2834123,-4393.6968
1,4,0.14197758,2,4,0.16137104,3,4,0.16582336,-4404.4931,9.3834395,-0.98934777,-4394.1204
1,4,0.17160774,2,4,0.16747263,3,4,0.16512264,-4404.0856,10.08406,-0.68410011,-4393.3175
1,4,0.15015631,2,4,0.14999059,3,4,0.17391307,-4404.1859,9.4811993,-0.71519659,-4393.9895
1,4,0.16647323,2,4,0.14847084,3,4,0.15628662,-4404.8711,9.4246138,-1.3477613,-4394.0987
1,4,0.17213605,2,4,0.12363514,3,4,0.16682695,-4408.9886,9.251963,-4.7677368,-4394.9689
1,4,0.14070551,2,4,0.15993006,3,4,0.17778642,-4404.5818,9.5684399,-1.073911,-4393.9394
1,4,0.16315899,2,4,0.15072883,3,4,0.16960416,-4403.8799,9.6698395,-0.43019284,-4393.7798
1,4,0.14918422,2,4,0.15511906,3,4,0.18206991,-4404.1466,9.7274638,-0.7034189,-4393.7157
1,4,0.15987405,2,4,0.16253135,3,4,0.18566763,-4404.0038,10.161461,-0.6042311,-4393.2381
1,4,0.15720449,2,4,0.1440595,3,4,0.16496089,-4404.6884,9.3244977,-1.166658,-4394.1972
1,4,0.1623926,2,4,0.16011942,3,4,0.17052687,-4403.4811,9.8607779,-0.049818713,-4393.5705
1,4,0.15241895,2,4,0.14456949,3,4,0.15840181,-4405.275,9.1078051,-1.7193559,-4394.4478
1,4,0.16130727,2,4,0.16973062,3,4,0.1660462,-4403.6842,9.9416817,-0.25749849,-4393.485
1,4,0.14511912,2,4,0.17539035,3,4,0.17674361,-4404.4818,9.9450617,-1.0597165,-4393.477
1,4,0.15121348,2,4,0.17423848,3,4,0.17179502,-4403.9737,9.9449397,-0.55680116,-4393.472
1,4,0.18304693,2,4,0.16028104,3,4,0.17741098,-4405.2154,10.414779,-1.9613949,-4392.8392
1,4,0.14282452,2,4,0.17514212,3,4,0.18480496,-4405.0357,10.055432,-1.6406061,-4393.3396
1,4,0.16786152,2,4,0.18752494,3,4,0.14717582,-4406.905,10.051246,-3.5681908,-4393.2856
1,4,0.16530817,2,4,0.15224896,3,4,0.16492522,-4403.9547,9.6496468,-0.50617113,-4393.7989
1,4,0.16385304,2,4,0.16625328,3,4,0.15878286,-4403.9758,9.7777836,-0.52905464,-4393.6689
1,4,0.1807011,2,4,0.14598932,3,4,0.17611043,-4405.4638,10.056017,-2.1196634,-4393.2881
1,4,0.17931952,2,4,0.18412045,3,4,0.15483268,-4406.5962,10.365453,-3.4311443,-4392.7996
1,4,0.15863714,2,4,0.15771466,3,4,0.18104193,-4403.7318,9.9478748,-0.30846616,-4393.4755
1,4,0.15139226,2,4,0.15471602,3,4,0.16940845,-4403.8252,9.5103348,-0.38050088,-4393.9344
1,4,0.14793327,2,4,0.17501284,3,4,0.17913991,-4404.3498,10.04172,-0.94580209,-4393.3623
1,4,0.14761385,2,4,0.17484415,3,4,0.18491052,-4404.6784,10.14737,-1.3043281,-4393.2267
1,4,0.15134817,2,4,0.15048437,3,4,0.18169228,-4404.2874,9.6704962,-0.83106761,-4393.7858
1,4,0.17447716,2,4,0.17178816,3,4,0.18207939,-4404.9355,10.566894,-1.5935028,-4392.7751
1,4,0.17722873,2,4,0.15994556,3,4,0.17487209,-4404.4542,10.240928,-1.0999808,-4393.1133
1,4,0.16978507,2,4,0.1401835,3,4,0.16621054,-4405.3277,9.5235823,-1.7604359,-4394.0436
1,4,0.14421668,2,4,0.17575333,3,4,0.17494053,-4404.5401,9.8982108,-1.10896,-4393.5329
1,4,0.17418576,2,4,0.16791141,3,4,0.17375356,-4404.3048,10.317014,-0.92607705,-4393.0617
1,4,0.16476465,2,4,0.17166121,3,4,0.20227992,-4406.4649,10.774116,-3.3778146,-4392.313
1,4,0.16837726,2,4,0.17631979,3,4,0.14381367,-4406.3617,9.7702143,-2.7865808,-4393.8049
1,4,0.16215154,2,4,0.15419707,3,4,0.16268301,-4403.8812,9.5806324,-0.4323084,-4393.8682
1,4,0.13243471,2,4,0.14681269,3,4,0.20534675,-4409.1456,9.6918831,-5.6228898,-4393.8308
1,4,0.14176374,2,4,0.16110542,3,4,0.1608339,-4404.813,9.2740611,-1.2863402,-4394.2526
1,4,0.16376217,2,4,0.15957711,3,4,0.18676619,-4404.1791,10.202109,-0.7920052,-4393.185
1,4,0.15686934,2,4,0.1532237,3,4,0.18530569,-4404.1588,9.9079746,-0.74312102,-4393.5078
1,4,0.1490184,2,4,0.18142531,3,4,0.18120108,-4404.9362,10.232896,-1.6071344,-4393.0961
1,4,0.15790795,2,4,0.14595284,3,4,0.16848727,-4404.3236,9.4469613,-0.83335941,-4394.0433
1,4,0.16240414,2,4,0.17441338,3,4,0.17774012,-4404.0906,10.291153,-0.68895082,-4393.1105
1,4,0.18772518,2,4,0.16368434,3,4,0.18052111,-4406.0996,10.638613,-2.978796,-4392.4822
1,4,0.17565728,2,4,0.15705391,3,4,0.16144005,-4404.512,9.8830248,-1.1102926,-4393.5187
1,4,0.16928668,2,4,0.16116814,3,4,0.17714188,-4403.8765,10.151934,-0.46420654,-4393.2604
1,4,0.1723247,2,4,0.15815198,3,4,0.18525339,-4404.5616,10.314601,-1.2043174,-4393.0427
1,4,0.18537153,2,4,0.16516188,3,4,0.18651212,-4406.2577,10.740911,-3.123637,-4392.3932
1,4,0.16774748,2,4,0.15914534,3,4,0.17773616,-4403.8156,10.092579,-0.39861084,-4393.3245
1,4,0.1780761,2,4,0.15268116,3,4,0.17294099,-4404.6728,10.073965,-1.314169,-4393.2847
1,4,0.14680164,2,4,0.17934404,3,4,0.18173015,-4404.8819,10.157516,-1.525115,-4393.1993
1,4,0.15048829,2,4,0.16615615,3,4,0.17838658,-4403.7916,9.9006205,-0.36084634,-4393.5301
1,4,0.14680102,2,4,0.17400701,3,4,0.17765037,-4404.2992,9.9691679,-0.87995189,-4393.45
1,4,0.17066048,2,4,0.18447292,3,4,0.15298436,-4406.0288,10.162355,-2.7315331,-4393.1349
1,4,0.16799093,2,4,0.16210843,3,4,0.15925503,-4404.0553,9.7870877,-0.61393032,-4393.6542
1,4,0.13856437,2,4,0.1737597,3,4,0.17354181,-4405.0078,9.7173176,-1.4992815,-4393.7912
1,4,0.17696541,2,4,0.17472356,3,4,0.16586331,-4404.9401,10.351046,-1.6257221,-4392.9633
1,4,0.17978266,2,4,0.17013841,3,4,0.17354628,-4404.9919,10.469347,-1.6905001,-4392.8321
1,4,0.1706605,2,4,0.16633149,3,4,0.15899353,-4404.2689,9.9197104,-0.84528837,-4393.5039
1,4,0.17780983,2,4,0.16312213,3,4,0.16392071,-4404.5588,10.097053,-1.2012179,-4393.2605
1,4,0.16488397,2,4,0.16256725,3,4,0.15986812,-4403.8926,9.7463867,-0.44808446,-4393.6981
1,4,0.13992299,2,4,0.16267928,3,4,0.16713607,-4404.6793,9.3947668,-1.1508445,-4394.1337
1,4,0.15206121,2,4,0.16707774,3,4,0.1601239,-4404.0066,9.5852571,-0.55103828,-4393.8703
1,4,0.16795071,2,4,0.17210632,3,4,0.1600636,-4404.2767,10.002413,-0.86366255,-4393.4106
1,4,0.18159528,2,4,0.15854625,3,4,0.16024574,-4405.146,10.007745,-1.8147104,-4393.3235
1,4,0.14607648,2,4,0.15589567,3,4,0.1752569,-4404.1198,9.544581,-0.65333247,-4393.9219
1,4,0.17090546,2,4,0.15424613,3,4,0.1627959,-4404.1962,9.7589499,-0.76172936,-4393.6755
1,4,0.14089095,2,4,0.18042964,3,4,0.17050761,-4405.2113,9.8365642,-1.7721109,-4393.6026
1,4,0.17442643,2,4,0.19352751,3,4,0.17072831,-4406.967,10.773645,-3.9812584,-4392.2121
1,4,0.17450229,2,4,0.14672019,3,4,0.18594056,-4405.297,10.143261,-1.9444589,-4393.2093
1,4,0.16637124,2,4,0.14828353,3,4,0.17767047,-4404.2329,9.8465047,-0.78697509,-4393.5994
1,4,0.14692166,2,4,0.15941415,3,4,0.16988364,-4403.9324,9.524389,-0.47678671,-4393.9312
1,4,0.16905834,2,4,0.16562421,3,4,0.17699507,-4403.9294,10.233552,-0.51711389,-4393.1788
1,4,0.16201934,2,4,0.14967364,3,4,0.17696256,-4403.9885,9.773111,-0.53973654,-4393.6757
1,4,0.16893611,2,4,0.16164948,3,4,0.15927999,-4404.102,9.7973117,-0.66303227,-4393.6417
1,4,0.15088248,2,4,0.13430061,3,4,0.18810479,-4406.8637,9.4657576,-3.1429928,-4394.2549
1,4,0.15689635,2,4,0.16793373,3,4,0.19713488,-4405.2924,10.439299,-2.0473515,-4392.8058
1,4,0.15667201,2,4,0.17651505,3,4,0.17367657,-4404.0412,10.137273,-0.64476567,-4393.2592
1,4,0.141671,2,4,0.16812002,3,4,0.17718864,-4404.4707,9.7395932,-0.99117673,-4393.7399
1,4,0.1353336,2,4,0.16061017,3,4,0.14561173,-4407.7916,8.8311098,-3.871633,-4395.0889
1,4,0.16689131,2,4,0.15671979,3,4,0.19544181,-4405.2272,10.381058,-1.9607253,-4392.8854
1,4,0.15427559,2,4,0.17482102,3,4,0.18235139,-4404.2809,10.22896,-0.8971485,-4393.1548
1,4,0.15869026,2,4,0.16717131,3,4,0.17730377,-4403.6208,10.063307,-0.19396345,-4393.3635
1,4,0.17284745,2,4,0.12984837,3,4,0.17134289,-4407.2797,9.4807743,-3.4449552,-4394.3539
1,4,0.13554754,2,4,0.17609905,3,4,0.18195764,-4405.7839,9.8720847,-2.2853574,-4393.6264
1,4,0.1567361,2,4,0.13159886,3,4,0.15946189,-4407.3054,8.955937,-3.4025716,-4394.9468
1,4,0.16013902,2,4,0.14724194,3,4,0.17036483,-4404.1361,9.5549159,-0.66197023,-4393.9192
1,4,0.16157431,2,4,0.17067309,3,4,0.15414213,-4404.4696,9.7277907,-0.99571213,-4393.7461
1,4,0.14540335,2,4,0.14955158,3,4,0.18623796,-4405.0391,9.6238578,-1.5529311,-4393.8623
1,4,0.14727136,2,4,0.17091599,3,4,0.16634754,-4404.095,9.6906977,-0.64461233,-4393.7597
1,4,0.17617719,2,4,0.16389028,3,4,0.16296446,-4404.4456,10.060639,-1.0698201,-4393.3151
1,4,0.16134217,2,4,0.13758116,3,4,0.18253271,-4405.6167,9.6291207,-2.0262292,-4393.9613
1,4,0.17658615,2,4,0.17292405,3,4,0.1762612,-4404.9073,10.515428,-1.5771186,-4392.8147
1,4,0.15121486,2,4,0.15640428,3,4,0.18170478,-4403.9672,9.7864785,-0.53381074,-4393.6469
1,4,0.13687282,2,4,0.15330299,3,4,0.17509568,-4405.3802,9.3054297,-1.7748004,-4394.3
1,4,0.18474175,2,4,0.1858409,3,4,0.17784132,-4407.3813,10.968479,-4.3909026,-4392.0219
1,4,0.15033734,2,4,0.17625438,3,4,0.18149739,-4404.4392,10.161782,-1.0594959,-4393.2179
1,4,0.14621527,2,4,0.16267747,3,4,0.1750447,-4403.9418,9.6787488,-0.48690357,-4393.7761
1,4,0.17700492,2,4,0.17015503,3,4,0.16730416,-4404.6332,10.289282,-1.2908765,-4393.0531
1,4,0.18308656,2,4,0.14216465,3,4,0.17882288,-4406.2113,10.081482,-2.8903429,-4393.2394
1,4,0.16914458,2,4,0.18164696,3,4,0.17855083,-4405.1554,10.586847,-1.8480527,-4392.7205
1,4,0.19107767,2,4,0.18321423,3,4,0.14959372,-4408.5639,10.477712,-5.6785777,-4392.4076
1,4,0.15023211,2,4,0.14665446,3,4,0.18830948,-4405.1005,9.7039209,-1.6357355,-4393.7608
1,4,0.1702335,2,4,0.17618154,3,4,0.14927379,-4405.644,9.9137764,-2.188158,-4393.542
1,4,0.16332193,2,4,0.15694387,3,4,0.17039362,-4403.5652,9.8131884,-0.13275386,-4393.6192
1,4,0.16345714,2,4,0.16320091,3,4,0.16855893,-4403.5187,9.9043396,-0.08823318,-4393.5261
1,4,0.15213319,2,4,0.16360195,3,4,0.17282851,-4403.5691,9.7712729,-0.1342805,-4393.6635
1,4,0.17004473,2,4,0.17217346,3,4,0.15449177,-4404.8131,9.934199,-1.3824191,-4393.4964
1,4,0.16991135,2,4,0.1673186,3,4,0.17519116,-4403.9817,10.248422,-0.57315175,-4393.1601
1,4,0.17154272,2,4,0.17189922,3,4,0.17940732,-4404.5177,10.456985,-1.1401203,-4392.9206
1,4,0.14315852,2,4,0.18989284,3,4,0.1860959,-4406.6144,10.382945,-3.4785793,-4392.7528
1,4,0.16789404,2,4,0.1708173,3,4,0.15336842,-4404.741,9.8415952,-1.2814801,-4393.618
1,4,0.14533788,2,4,0.16661254,3,4,0.15814471,-4404.6217,9.4019025,-1.1155923,-4394.1042
1,4,0.15669888,2,4,0.15334207,3,4,0.18543664,-4404.1639,9.9095517,-0.74896819,-4393.5054
1,4,0.14956463,2,4,0.1637213,3,4,0.1593352,-4404.1706,9.4524224,-0.70168985,-4394.0165
1,4,0.14012126,2,4,0.18620725,3,4,0.17712817,-4405.9521,10.069134,-2.6224606,-4393.2605
1,4,0.15697385,2,4,0.16478999,3,4,0.15921656,-4403.8867,9.619608,-0.43435948,-4393.8327
1,4,0.17074996,2,4,0.1648314,3,4,0.20460372,-4406.8792,10.803702,-3.8786096,-4392.1969
1,4,0.14753362,2,4,0.14379948,3,4,0.19701633,-4406.4438,9.7669885,-3.0138871,-4393.663
1,4,0.18251114,2,4,0.15577828,3,4,0.15821923,-4405.4559,9.9301731,-2.1138787,-4393.4119
1,4,0.16091441,2,4,0.16287115,3,4,0.18810567,-4404.226,10.237825,-0.84620591,-4393.1419
1,4,0.18408638,2,4,0.14536091,3,4,0.18769085,-4406.5643,10.342763,-3.390652,-4392.8309
1,4,0.17708808,2,4,0.16972659,3,4,0.13842233,-4407.623,9.70474,-3.9143296,-4394.0039
1,4,0.14319295,2,4,0.13482027,3,4,0.16672887,-4407.1933,8.8948418,-3.3577745,-4394.9407
1,4,0.16977451,2,4,0.14394006,3,4,0.16627319,-4404.8289,9.5997553,-1.323884,-4393.9052
1,4,0.16222206,2,4,0.14456017,3,4,0.14477763,-4406.8794,9.0311972,-3.0777124,-4394.7705
1,4,0.15968998,2,4,0.17027246,3,4,0.14098784,-4406.4259,9.4190057,-2.6729602,-4394.3339
1,4,0.15516565,2,4,0.16552381,3,4,0.16647815,-4403.5651,9.7433523,-0.13127153,-4393.6904
1,4,0.15031975,2,4,0.18335425,3,4,0.16368736,-4404.9362,9.9472272,-1.5745549,-4393.4144
1,4,0.16946018,2,4,0.14476999,3,4,0.20200248,-4406.8663,10.324653,-3.7358908,-4392.8057
1,4,0.16273887,2,4,0.17086284,3,4,0.18269359,-4404.1408,10.325906,-0.73958127,-4393.0753
1,4,0.17002032,2,4,0.158208,3,4,0.17609941,-4403.9047,10.086555,-0.49386513,-4393.3243
1,4,0.16158758,2,4,0.16701556,3,4,0.13978547,-4406.5948,9.3677722,-2.7944231,-4394.4326
1,4,0.18621333,2,4,0.13369727,3,4,0.16540673,-4407.8986,9.7063465,-4.3374948,-4393.8547
1,4,0.16535447,2,4,0.14743847,3,4,0.16823648,-4404.2274,9.6205883,-0.75607187,-4393.8507
1,4,0.17344471,2,4,0.1873221,3,4,0.15431222,-4406.4617,10.301581,-3.2669552,-4392.8932
1,4,0.17047525,2,4,0.15748531,3,4,0.17625491,-4403.9511,10.084309,-0.54248452,-4393.3243
1,4,0.16404362,2,4,0.15126455,3,4,0.17505842,-4403.8771,9.8073317,-0.43577839,-4393.634
1,4,0.16933022,2,4,0.16603169,3,4,0.19145793,-4405.029,10.536397,-1.7155319,-4392.777
1,4,0.1592527,2,4,0.16695707,3,4,0.17746691,-4403.6243,10.073534,-0.19739335,-4393.3533
1,4,0.14002801,2,4,0.16445946,3,4,0.15035908,-4406.1464,9.0969311,-2.4620371,-4394.5875
1,4,0.16994604,2,4,0.16690808,3,4,0.16565924,-4403.9408,10.050267,-0.52927388,-4393.3613
1,4,0.1784695,2,4,0.15339873,3,4,0.17824595,-4404.8247,10.202284,-1.4912013,-4393.1312
1,4,0.17676919,2,4,0.16869494,3,4,0.16463748,-4404.5871,10.202032,-1.2346476,-4393.1504
1,4,0.14738402,2,4,0.14581634,3,4,0.18357426,-4405.0744,9.5354924,-1.5560657,-4393.9829
1,4,0.15285484,2,4,0.16497534,3,4,0.16461296,-4403.6935,9.6488629,-0.25428255,-4393.7904
1,4,0.16278672,2,4,0.16628168,3,4,0.16755148,-4403.5667,9.9323978,-0.13694188,-4393.4973
1,4,0.16066987,2,4,0.14790146,3,4,0.16463803,-4404.2381,9.4641872,-0.76001085,-4394.0139
1,4,0.16766562,2,4,0.16856527,3,4,0.17427055,-4403.8678,10.210029,-0.45139025,-4393.2063
1,4,0.15058452,2,4,0.15984163,3,4,0.16151586,-4403.9998,9.4388403,-0.54584737,-4394.0151
1,4,0.14445701,2,4,0.17857784,3,4,0.15493758,-4405.5552,9.5594487,-2.0337436,-4393.962
1,4,0.17294566,2,4,0.15882624,3,4,0.18295664,-4404.4429,10.294571,-1.0750787,-4393.0732
1,4,0.17494974,2,4,0.15927861,3,4,0.17573725,-4404.2633,10.199312,-0.88632689,-4393.1776
1,4,0.17358082,2,4,0.16385796,3,4,0.14573731,-4405.9034,9.6635218,-2.3286332,-4393.9113
1,4,0.13276619,2,4,0.18003679,3,4,0.17937635,-4406.4051,9.8435867,-2.8705347,-4393.691
1,4,0.16068703,2,4,0.1628131,3,4,0.16618021,-4403.5136,9.7936067,-0.080732008,-4393.6393
1,4,0.14938799,2,4,0.17708009,3,4,0.16206783,-4404.499,9.7707182,-1.0681109,-4393.6602
1,4,0.15620295,2,4,0.15889016,3,4,0.19916443,-4405.4095,10.285151,-2.1825641,-4392.9418
1,4,0.16579813,2,4,0.16338064,3,4,0.15268914,-4404.5592,9.6373582,-1.0625049,-4393.8594
1,4,0.16043885,2,4,0.13721534,3,4,0.16949762,-4405.5051,9.3430362,-1.862709,-4394.2993
1,4,0.1558843,2,4,0.16713813,3,4,0.14825051,-4405.1512,9.4254589,-1.5704307,-4394.1553
1,4,0.16538461,2,4,0.15866146,3,4,0.1793181,-4403.7759,10.067284,-0.35593746,-4393.3527
1,4,0.14057933,2,4,0.16294004,3,4,0.17113713,-4404.5022,9.49313,-0.9903504,-4394.0187
1,4,0.15547498,2,4,0.16643364,3,4,0.14470072,-4405.7349,9.332187,-2.0679819,-4394.3347
1,4,0.14290484,2,4,0.17856425,3,4,0.17220547,-4404.8417,9.8734911,-1.4126658,-4393.5556
1,4,0.14964079,2,4,0.16477139,3,4,0.17510391,-4403.7229,9.7903219,-0.2844109,-4393.6482
1,4,0.15437884,2,4,0.1774251,3,4,0.17603523,-4404.1921,10.156783,-0.80552053,-4393.2298
1,4,0.1723988,2,4,0.17274923,3,4,0.16956458,-4404.3583,10.294252,-0.98242314,-4393.0816
1,4,0.16087945,2,4,0.1549724,3,4,0.17543227,-4403.6316,9.8256825,-0.19749384,-4393.6085
1,4,0.1505638,2,4,0.16234627,3,4,0.1953301,-4405.0473,10.164803,-1.7433707,-4393.1392
1,4,0.15408173,2,4,0.13770947,3,4,0.16322143,-4405.8677,9.1002525,-2.2039989,-4394.5635
1,4,0.16453278,2,4,0.15743395,3,4,0.17829106,-4403.7223,10.005156,-0.29804813,-4393.4191
1,4,0.16658859,2,4,0.16370456,3,4,0.15944339,-4403.9855,9.7947308,-0.54365847,-4393.6471
1,4,0.15517939,2,4,0.17293642,3,4,0.2087639,-4407.3361,10.737594,-4.4705682,-4392.1279
1,4,0.15197663,2,4,0.15895409,3,4,0.17153852,-4403.615,9.6493847,-0.17830456,-4393.7873
1,4,0.14686352,2,4,0.16330408,3,4,0.15730844,-4404.5483,9.3495208,-1.0488601,-4394.1499
1,4,0.15707019,2,4,0.15332161,3,4,0.18462801,-4404.1061,9.9003963,-0.68749259,-4393.5182
1,4,0.17540541,2,4,0.15572574,3,4,0.1807201,-4404.5682,10.237025,-1.2115493,-4393.1197
1,4,0.17246828,2,4,0.16459431,3,4,0.17612842,-4404.1161,10.26382,-0.72127263,-4393.1311
1,4,0.16094583,2,4,0.15567179,3,4,0.1676128,-4403.6115,9.6846082,-0.17522674,-4393.7517
1,4,0.14853648,2,4,0.14817605,3,4,0.15181644,-4405.8828,8.9705793,-2.2761027,-4394.6361
1,4,0.14514501,2,4,0.15919538,3,4,0.16816727,-4404.1284,9.4501531,-0.65897161,-4394.0192
1,4,0.1429549,2,4,0.17172474,3,4,0.1616838,-4404.7348,9.5272689,-1.2317898,-4393.9757
1,4,0.16776084,2,4,0.15124969,3,4,0.17939608,-4404.1493,9.9681322,-0.72708516,-4393.4541
1,4,0.18488432,2,4,0.1646691,3,4,0.14747244,-4406.7712,9.9405172,-3.3986724,-4393.432
1,4,0.17352876,2,4,0.12776722,3,4,0.1846252,-4408.0773,9.7184238,-4.2809167,-4394.0779
1,4,0.13546439,2,4,0.17064013,3,4,0.15884856,-4405.9336,9.2990616,-2.2715468,-4394.363
1,4,0.15801635,2,4,0.16109679,3,4,0.19612724,-4405.0153,10.304808,-1.7357862,-4392.9747
1,4,0.16147132,2,4,0.16817558,3,4,0.16602429,-4403.628,9.9134239,-0.19872446,-4393.5159
1,4,0.16424888,2,4,0.15312707,3,4,0.16225023,-4404.0013,9.5925235,-0.54753735,-4393.8612
1,4,0.16921543,2,4,0.17579082,3,4,0.15514623,-4404.9332,10.00305,-1.527022,-4393.4031
1,4,0.17767897,2,4,0.16338874,3,4,0.1748172,-4404.5318,10.317698,-1.185318,-4393.0288
1,4,0.16035419,2,4,0.15117574,3,4,0.17763726,-4403.8855,9.7833437,-0.44283527,-4393.6594
1,4,0.15898202,2,4,0.16278058,3,4,0.17062904,-4403.4342,9.8478329,-0.0025450223,-4393.5839
1,4,0.15750359,2,4,0.16305262,3,4,0.16930054,-4403.4494,9.7971352,-0.017531648,-4393.6347
1,4,0.17471994,2,4,0.17555157,3,4,0.15339987,-4405.465,10.073428,-2.0931333,-4393.2984
1,4,0.17304928,2,4,0.16094103,3,4,0.17031158,-4404.0137,10.086038,-0.61557051,-4393.3121
1,4,0.16324946,2,4,0.18471257,3,4,0.16452902,-4404.9903,10.249821,-1.6915104,-4393.049
1,4,0.1375399,2,4,0.17182683,3,4,0.16916419,-4405.0925,9.5706184,-1.5434945,-4393.9784
1,4,0.16083744,2,4,0.17896779,3,4,0.16099895,-4404.4779,10.016084,-1.0905119,-4393.3713
1,4,0.16856728,2,4,0.17654411,3,4,0.19010074,-4405.5154,10.704243,-2.2292199,-4392.5819
1,4,0.18270642,2,4,0.14257103,3,4,0.16099594,-4406.328,9.7254678,-2.8779305,-4393.7246
1,4,0.12729563,2,4,0.17418217,3,4,0.16831749,-4407.1063,9.3959058,-3.257111,-4394.4533
1,4,0.18089985,2,4,0.14696613,3,4,0.12630501,-4412.2735,9.08342,-7.5165977,-4395.6735
1,4,0.16623013,2,4,0.14994126,3,4,0.17985577,-4404.1848,9.9205433,-0.75364374,-4393.5106
1,4,0.15984584,2,4,0.17010737,3,4,0.15993147,-4403.9556,9.7976936,-0.51530229,-4393.6426
1,4,0.1830779,2,4,0.15760964,3,4,0.16998574,-4405.0687,10.213466,-1.7910932,-4393.0641
1,4,0.14823758,2,4,0.16775608,3,4,0.18494761,-4404.2928,10.018825,-0.88541966,-4393.3885
1,4,0.1514555,2,4,0.14437909,3,4,0.17188152,-4404.69,9.3543224,-1.168506,-4394.1672
1,4,0.17766791,2,4,0.16224798,3,4,0.18361314,-4404.9589,10.470581,-1.6463103,-4392.842
1,4,0.18309672,2,4,0.18847891,3,4,0.18282572,-4407.8754,11.088027,-4.9307479,-4391.8567
1,4,0.16569938,2,4,0.16058637,3,4,0.15632067,-4404.2063,9.6521285,-0.73940309,-4393.8147
1,4,0.16160738,2,4,0.15340272,3,4,0.15966544,-4404.1131,9.4935108,-0.6482639,-4393.9713
1,4,0.14798394,2,4,0.16727297,3,4,0.19295051,-4404.9912,10.164148,-1.6609727,-4393.166
1,4,0.15483721,2,4,0.19911493,3,4,0.15217277,-4407.8353,10.122498,-4.7902314,-4392.9226
1,4,0.14605673,2,4,0.15186415,3,4,0.1560506,-4405.2405,9.0794296,-1.7019552,-4394.4591
1,4,0.18421568,2,4,0.17704218,3,4,0.16090479,-4406.1256,10.443253,-2.9662401,-4392.7161
1,4,0.1472168,2,4,0.18045664,3,4,0.16568206,-4404.7551,9.8671101,-1.3527731,-4393.5353
1,4,0.17095278,2,4,0.17787437,3,4,0.15438952,-4405.2687,10.064333,-1.8901703,-4393.3142
1,4,0.16162163,2,4,0.1510919,3,4,0.17774643,-4403.9064,9.8091993,-0.46502591,-4393.6322
1,4,0.16546239,2,4,0.15563625,3,4,0.16019296,-4404.0341,9.6258321,-0.58069795,-4393.8276
1,4,0.15261012,2,4,0.16561865,3,4,0.16122936,-4403.8858,9.5891627,-0.43636871,-4393.8603
1,4,0.15465099,2,4,0.16684192,3,4,0.17384971,-4403.5548,9.9068525,-0.12435354,-4393.5236
1,4,0.12777093,2,4,0.1706234,3,4,0.1803052,-4406.8604,9.5739907,-3.0871396,-4394.1993
1,4,0.16182555,2,4,0.16564159,3,4,0.17798746,-4403.6499,10.109092,-0.22334191,-4393.3175
1,4,0.16157666,2,4,0.15276908,3,4,0.15425877,-4404.6519,9.3720902,-1.1383047,-4394.1416
1,4,0.17945216,2,4,0.16122827,3,4,0.17345771,-4404.6615,10.282763,-1.3350207,-4393.0437
1,4,0.14824139,2,4,0.15866284,3,4,0.15629041,-4404.6277,9.2638928,-1.127721,-4394.2361
1,4,0.1618333,2,4,0.16417989,3,4,0.17269188,-4403.487,9.9741013,-0.055938322,-4393.4569
1,4,0.12576259,2,4,0.177483,3,4,0.15604476,-4408.5574,9.185807,-4.4986717,-4394.8729
1,4,0.16235278,2,4,0.1808525,3,4,0.18492022,-4405.1113,10.56251,-1.8032752,-4392.7455
1,4,0.14892933,2,4,0.15923953,3,4,0.18009013,-4403.9353,9.7651798,-0.49575613,-4393.6744
1,4,0.14044135,2,4,0.13777451,3,4,0.15022412,-4408.6791,8.5687995,-4.733428,-4395.3769
1,4,0.15309412,2,4,0.16553219,3,4,0.18025168,-4403.7599,9.9775597,-0.33624124,-4393.4461
1,4,0.15881432,2,4,0.14230917,3,4,0.16863816,-4404.7524,9.3952331,-1.2136874,-4394.1435
1,4,0.15759875,2,4,0.15366674,3,4,0.19540322,-4405.0719,10.133374,-1.7644775,-4393.174
1,4,0.15817913,2,4,0.15454725,3,4,0.17118819,-4403.6117,9.6782914,-0.17441658,-4393.759
1,4,0.14554877,2,4,0.14939737,3,4,0.16310518,-4404.9124,9.1610265,-1.3985485,-4394.3528
1,4,0.15974677,2,4,0.16744379,3,4,0.18046307,-4403.7787,10.153073,-0.35907742,-4393.2666
1,4,0.14815727,2,4,0.16100975,3,4,0.17244854,-4403.7919,9.6323112,-0.34459202,-4393.815
1,4,0.14937476,2,4,0.16121964,3,4,0.17508956,-4403.7342,9.7136792,-0.29268853,-4393.7278
1,4,0.14839719,2,4,0.15696113,3,4,0.15862888,-4404.4636,9.2797438,-0.9816387,-4394.2023
1,4,0.15072254,2,4,0.17046081,3,4,0.18755474,-4404.4831,10.174762,-1.1104718,-4393.1978
1,4,0.16041462,2,4,0.14770007,3,4,0.15978845,-4404.5564,9.3580627,-1.0548284,-4394.1435
1,4,0.18058278,2,4,0.15894448,3,4,0.18067433,-4405.07,10.404032,-1.7846797,-4392.8813
1,4,0.16195301,2,4,0.14114274,3,4,0.16170063,-4405.2257,9.2959276,-1.6417651,-4394.288
1,4,0.1757185,2,4,0.16328027,3,4,0.14707063,-4405.8611,9.7213881,-2.3305587,-4393.8091
1,4,0.16527584,2,4,0.15805143,3,4,0.16805261,-4403.6201,9.8275977,-0.18934228,-4393.6032
1,4,0.16282597,2,4,0.17438763,3,4,0.16431577,-4404.0236,10.030587,-0.61431451,-4393.3787
1,4,0.16882643,2,4,0.17687251,3,4,0.13943669,-4407.232,9.7027126,-3.537493,-4393.9918
1,4,0.17196026,2,4,0.18981673,3,4,0.16515637,-4406.1576,10.538667,-3.0304677,-4392.5885
1,4,0.15814655,2,4,0.15696228,3,4,0.16330834,-4403.7232,9.5683434,-0.28247769,-4393.8724
1,4,0.14749927,2,4,0.1731723,3,4,0.16913269,-4404.1235,9.7960853,-0.6860965,-4393.6414
1,4,0.16502835,2,4,0.14585256,3,4,0.17006887,-4404.3425,9.6189954,-0.85946453,-4393.8641
1,4,0.16115716,2,4,0.15020737,3,4,0.16609394,-4403.9802,9.5491695,-0.52227522,-4393.9088
1,4,0.14908798,2,4,0.19626371,3,4,0.15953877,-4406.9425,10.097809,-3.8284542,-4393.0163
1,4,0.16038561,2,4,0.16925398,3,4,0.19343096,-4404.9572,10.461411,-1.6530701,-4392.8427
1,4,0.15707074,2,4,0.16209721,3,4,0.18720532,-4404.1052,10.127465,-0.71463356,-4393.2631
1,4,0.1669863,2,4,0.17530244,3,4,0.1808724,-4404.5313,10.463223,-1.1544688,-4392.9136
1,4,0.15642003,2,4,0.15672298,3,4,0.15251494,-4404.696,9.3131589,-1.1745008,-4394.2084
1,4,0.16984397,2,4,0.15558344,3,4,0.17137489,-4403.8811,9.936046,-0.46162475,-4393.4834
1,4,0.14038994,2,4,0.15532759,3,4,0.18370174,-4405.0273,9.5883855,-1.5112905,-4393.9276
1,4,0.15370345,2,4,0.17002944,3,4,0.18043283,-4403.9021,10.083315,-0.48794777,-4393.3308
1,4,0.16784221,2,4,0.17041132,3,4,0.17911518,-4404.1504,10.347374,-0.74635145,-4393.0567
1,4,0.15943481,2,4,0.16882299,3,4,0.19647391,-4405.2811,10.494634,-2.0278817,-4392.7585
1,4,0.15351415,2,4,0.18197329,3,4,0.1670086,-4404.5793,10.049921,-1.2214183,-4393.3079
1,4,0.17016448,2,4,0.17803583,3,4,0.15082324,-4405.5947,9.980471,-2.1775829,-4393.4367
1,4,0.1673457,2,4,0.14633781,3,4,0.17586853,-4404.3972,9.7910409,-0.93575042,-4393.6704
1,4,0.15993885,2,4,0.16945639,3,4,0.16968579,-4403.5987,9.9816207,-0.17182659,-4393.4453
1,4,0.14673373,2,4,0.15424094,3,4,0.16436475,-4404.351,9.3067883,-0.87759182,-4394.1666
1,4,0.14523425,2,4,0.17571584,3,4,0.19351663,-4405.656,10.289334,-2.3849088,-4392.9818
1,4,0.15870504,2,4,0.13846002,3,4,0.19572158,-4406.5489,9.857733,-3.095935,-4393.5952
1,4,0.14823576,2,4,0.16566316,3,4,0.1751533,-4403.8185,9.7810444,-0.37613437,-4393.6613
1,4,0.18230145,2,4,0.15198385,3,4,0.16168944,-4405.3897,9.9194947,-2.0452572,-4393.425
1,4,0.17033008,2,4,0.17241435,3,4,0.18059942,-4404.5254,10.466877,-1.1461693,-4392.9123
1,4,0.17454045,2,4,0.17705226,3,4,0.17725058,-4405.0816,10.576866,-1.7609764,-4392.7438
1,4,0.16666229,2,4,0.15546888,3,4,0.15549836,-4404.468,9.5525906,-0.98198957,-4393.9334
1,4,0.16681112,2,4,0.15800803,3,4,0.1773697,-4403.7703,10.043777,-0.34961718,-4393.3769
1,4,0.15222562,2,4,0.16276515,3,4,0.20354713,-4406.0963,10.370758,-2.9816598,-4392.7439
1,4,0.1726826,2,4,0.17628219,3,4,0.16289266,-4404.7437,10.237149,-1.3948849,-4393.1117
1,4,0.17442579,2,4,0.15176764,3,4,0.1727884,-4404.3843,9.9796366,-0.98536198,-4393.4193
1,4,0.15646674,2,4,0.15454515,3,4,0.15315393,-4404.7295,9.2833165,-1.2097764,-4394.2364
1,4,0.1559825,2,4,0.1556546,3,4,0.17861272,-4403.7108,9.8049964,-0.27805612,-4393.6277
1,4,0.15152979,2,4,0.15510285,3,4,0.16981584,-4403.7918,9.5289696,-0.3484648,-4393.9143
1,4,0.13964996,2,4,0.17016011,3,4,0.15386978,-4405.7962,9.2735969,-2.1638016,-4394.3588
1,4,0.16474423,2,4,0.14302487,3,4,0.18861589,-4405.3176,9.9276998,-1.8827096,-4393.5072
1,4,0.16468076,2,4,0.15713404,3,4,0.15009178,-4404.9722,9.4381314,-1.4195288,-4394.1146
1,4,0.14964003,2,4,0.17269832,3,4,0.18589267,-4404.5139,10.16462,-1.1373979,-4393.2119
1,4,0.1586772,2,4,0.15145585,3,4,0.18210413,-4404.0514,9.8447436,-0.61830162,-4393.5883
1,4,0.14628895,2,4,0.16623897,3,4,0.16771729,-4403.9975,9.6049042,-0.53875925,-4393.8538
1,4,0.17557119,2,4,0.17843934,3,4,0.15997254,-4405.3019,10.279661,-2.0025287,-4393.0197
1,4,0.14171419,2,4,0.15094595,3,4,0.1472925,-4407.0742,8.7990529,-3.3206159,-4394.9545
1,4,0.14434248,2,4,0.15883555,3,4,0.16266306,-4404.4601,9.3168218,-0.97092056,-4394.1723
1,4,0.18030749,2,4,0.16480379,3,4,0.18199365,-4405.2124,10.542099,-1.9316606,-4392.7387
1,4,0.14527203,2,4,0.16106258,3,4,0.17021031,-4404.0347,9.5308984,-0.56941305,-4393.9344
1,4,0.16432592,2,4,0.14556927,3,4,0.1704867,-4404.3501,9.6076378,-0.86378839,-4393.8786
1,4,0.15459268,2,4,0.16041099,3,4,0.18314011,-4403.8463,9.9628756,-0.42920069,-4393.4542
1,4,0.15778373,2,4,0.17064052,3,4,0.17839851,-4403.8022,10.136455,-0.38431917,-4393.2814
1,4,0.15855547,2,4,0.15498369,3,4,0.14523417,-4405.8344,9.1754665,-2.160313,-4394.4986
1,4,0.15156308,2,4,0.14782258,3,4,0.16700737,-4404.4044,9.3278606,-0.92015563,-4394.1563
1,4,0.15382862,2,4,0.16083605,3,4,0.16373373,-4403.7037,9.567968,-0.26425132,-4393.8715
1,4,0.17575023,2,4,0.17143757,3,4,0.17687345,-4404.7464,10.481225,-1.3993921,-4392.8658
1,4,0.17086181,2,4,0.17680737,3,4,0.16130567,-4404.7125,10.179497,-1.3514933,-4393.1815
1,4,0.1556153,2,4,0.15305875,3,4,0.17889315,-4403.8501,9.7513441,-0.41096453,-4393.6878
1,4,0.14831576,2,4,0.14617745,3,4,0.19536382,-4405.9352,9.7971407,-2.5227379,-4393.6153
1,4,0.14272289,2,4,0.16649716,3,4,0.17434503,-4404.2762,9.6713016,-0.79813163,-4393.8068
1,4,0.16614444,2,4,0.1729863,3,4,0.16811645,-4403.9766,10.144944,-0.56986814,-4393.2618
1,4,0.1469115,2,4,0.16035097,3,4,0.19195634,-4404.8868,9.9843762,-1.5147881,-4393.3876
1,4,0.17384597,2,4,0.17048498,3,4,0.18803987,-4405.2822,10.647416,-1.9737586,-4392.661
1,4,0.15546813,2,4,0.16176985,3,4,0.1740536,-4403.4815,9.8258315,-0.049628456,-4393.6061
1,4,0.13399204,2,4,0.17707824,3,4,0.17199847,-4405.8818,9.661375,-2.298474,-4393.9219
1,4,0.15495228,2,4,0.1524961,3,4,0.1587261,-4404.3409,9.3234897,-0.86564827,-4394.1518
1,4,0.14324495,2,4,0.16184063,3,4,0.17851844,-4404.2923,9.6720802,-0.81826734,-4393.802
1,4,0.15415073,2,4,0.14147684,3,4,0.17766958,-4404.984,9.465943,-1.4302182,-4394.0879
1,4,0.18255323,2,4,0.17241279,3,4,0.17714965,-4405.6207,10.642313,-2.3885662,-4392.5898
1,4,0.17490692,2,4,0.15522242,3,4,0.15320496,-4405.1868,9.666686,-1.7057669,-4393.8144
1,4,0.1528165,2,4,0.17420988,3,4,0.16347995,-4404.0781,9.8101267,-0.65069529,-4393.6173
1,4,0.15895425,2,4,0.14239386,3,4,0.16775187,-4404.7643,9.3819997,-1.2253655,-4394.1569
1,4,0.15606848,2,4,0.16917321,3,4,0.1659228,-4403.6601,9.8232898,-0.22916034,-4393.6077
1,4,0.16204906,2,4,0.16311544,3,4,0.16759856,-4403.5008,9.8552612,-0.069224328,-4393.5763
1,4,0.16482141,2,4,0.17152887,3,4,0.15605443,-4404.4007,9.8480942,-0.95410896,-4393.5985
1,4,0.14253969,2,4,0.15566866,3,4,0.15657174,-4405.3109,9.0956019,-1.7547728,-4394.4605
1,4,0.17484627,2,4,0.15795494,3,4,0.1798373,-4404.4314,10.25277,-1.0655965,-4393.1131
1,4,0.19104106,2,4,0.17090322,3,4,0.14687629,-4407.9049,10.176411,-4.7583518,-4392.9701
1,4,0.15750941,2,4,0.15646754,3,4,0.17908561,-4403.6811,9.8612511,-0.25145544,-4393.5684
1,4,0.16705894,2,4,0.17676987,3,4,0.16494235,-4404.3498,10.175423,-0.9699107,-4393.2045
1,4,0.15246203,2,4,0.16002894,3,4,0.13304342,-4408.6471,8.9106878,-4.4355755,-4395.3008
1,4,0.16138697,2,4,0.15902238,3,4,0.13707652,-4407.3102,9.1497174,-3.3590423,-4394.8014
1,4,0.16989433,2,4,0.15884746,3,4,0.15403674,-4404.6409,9.6555706,-1.1594259,-4393.8259
1,4,0.15417334,2,4,0.1509156,3,4,0.15432517,-4404.9333,9.188282,-1.4069903,-4394.338
1,4,0.15734512,2,4,0.18503791,3,4,0.17387526,-4404.8975,10.325166,-1.6021922,-4392.9701
1,4,0.14965028,2,4,0.18327444,3,4,0.15860572,-4405.255,9.8306089,-1.8592758,-4393.5651
1,4,0.15534957,2,4,0.16170672,3,4,0.16508364,-4403.5906,9.6427987,-0.15519174,-4393.7927
1,4,0.15450932,2,4,0.17283822,3,4,0.15869569,-4404.2297,9.7208647,-0.78148363,-4393.7274
1,4,0.17361098,2,4,0.13044684,3,4,0.17483194,-4407.1763,9.5777953,-3.3998102,-4394.1987
1,4,0.15504788,2,4,0.17553559,3,4,0.17250533,-4403.9639,10.061776,-0.55915601,-4393.343
1,4,0.1516588,2,4,0.17274752,3,4,0.15610151,-4404.5514,9.6101567,-1.0740071,-4393.8672
1,4,0.1602256,2,4,0.17420968,3,4,0.1680347,-4403.8752,10.0494,-0.46396102,-4393.3619
1,4,0.17965253,2,4,0.13644172,3,4,0.16585354,-4406.654,9.6389558,-3.0712465,-4393.9438
1,4,0.14585057,2,4,0.15887662,3,4,0.18695264,-4404.556,9.8335967,-1.1276687,-4393.5947
1,4,0.16283941,2,4,0.17883406,3,4,0.17110683,-4404.3002,10.255606,-0.92690813,-4393.1177
1,4,0.16713369,2,4,0.1733364,3,4,0.17319487,-4404.0797,10.273299,-0.67763841,-4393.1287
1,4,0.13652072,2,4,0.13342114,3,4,0.17116407,-4408.3712,8.8221188,-4.3321958,-4395.2168
1,4,0.14331765,2,4,0.1439854,3,4,0.17447802,-4405.4373,9.2356213,-1.8419712,-4394.3597
1,4,0.16324459,2,4,0.17970853,3,4,0.16912493,-4404.3896,10.241561,-1.0255683,-4393.1225
1,4,0.15583922,2,4,0.16800406,3,4,0.18418837,-4404.011,10.160633,-0.60828124,-4393.2421
1,4,0.15539504,2,4,0.15306044,3,4,0.16199471,-4404.0494,9.4090039,-0.59372393,-4394.0467
1,4,0.1662257,2,4,0.16550592,3,4,0.16534458,-4403.7154,9.9415239,-0.28887838,-4393.485
1,4,0.15938042,2,4,0.15809107,3,4,0.16577798,-4403.5767,9.6649894,-0.14174111,-4393.77
1,4,0.16065875,2,4,0.16854174,3,4,0.18587533,-4404.1962,10.301516,-0.80585478,-4393.0888
1,4,0.14501446,2,4,0.17279913,3,4,0.17647938,-4404.3266,9.8858593,-0.88879064,-4393.5519
1,4,0.15978429,2,4,0.18265654,3,4,0.13891786,-4407.6383,9.6271737,-3.9136946,-4394.0975
1,4,0.16934381,2,4,0.17159618,3,4,0.1686243,-4404.067,10.191286,-0.66656103,-4393.2091
1,4,0.16005306,2,4,0.16277855,3,4,0.17461837,-4403.4739,9.9489996,-0.042693184,-4393.4822
1,4,0.1651666,2,4,0.16856884,3,4,0.14836827,-4405.1649,9.6420742,-1.6170861,-4393.9057
1,4,0.17136833,2,4,0.16326083,3,4,0.17659294,-4404.0199,10.224442,-0.61776669,-4393.1777
1,4,0.15526644,2,4,0.14967053,3,4,0.20429161,-4406.505,10.184572,-3.3644411,-4392.956
1,4,0.1526012,2,4,0.14761868,3,4,0.14838872,-4406.1638,8.9721721,-2.5008008,-4394.6908
1,4,0.13695962,2,4,0.1666911,3,4,0.18581749,-4405.4154,9.7893642,-1.907131,-4393.7189
1,4,0.15655599,2,4,0.1726448,3,4,0.15651693,-4404.3501,9.7143545,-0.89152139,-4393.7442
1,4,0.15238683,2,4,0.14844999,3,4,0.16477109,-4404.3913,9.3121583,-0.91131335,-4394.1679
1,4,0.16218851,2,4,0.16632958,3,4,0.16481005,-4403.6247,9.8665628,-0.19272171,-4393.5654
1,4,0.15147223,2,4,0.15431607,3,4,0.19223105,-4404.8343,9.9603869,-1.465454,-4393.4084
1,4,0.14750988,2,4,0.15259721,3,4,0.17062802,-4404.19,9.4147022,-0.72110576,-4394.0542
1,4,0.15065591,2,4,0.15456626,3,4,0.16398799,-4404.0612,9.3842033,-0.60775726,-4394.0693
1,4,0.14101491,2,4,0.19629097,3,4,0.17135328,-4407.1799,10.173183,-4.0787395,-4392.928
1,4,0.166245,2,4,0.17620565,3,4,0.15666769,-4404.691,9.9823667,-1.2809567,-4393.4277
1,4,0.160593,2,4,0.14890641,3,4,0.18688306,-4404.5432,9.9276493,-1.1270425,-4393.4885
1,4,0.14720482,2,4,0.17710846,3,4,0.16443244,-4404.5272,9.7749144,-1.094248,-4393.658
1,4,0.17416851,2,4,0.17954291,3,4,0.16709414,-4405.0763,10.416111,-1.776961,-4392.8832
1,4,0.16264663,2,4,0.17084667,3,4,0.17681669,-4403.8356,10.2062,-0.41685821,-4393.2125
1,4,0.13609307,2,4,0.17650028,3,4,0.15099655,-4406.9932,9.2717978,-3.2364357,-4394.485
1,4,0.1580274,2,4,0.18547404,3,4,0.15612063,-4405.4529,9.9924414,-2.1119031,-4393.3486
1,4,0.16079623,2,4,0.151867,3,4,0.19828088,-4405.5307,10.218882,-2.2818506,-4393.03
1,4,0.1318424,2,4,0.16617663,3,4,0.17749252,-4405.8833,9.510231,-2.20935,-4394.1637
1,4,0.14503981,2,4,0.15818337,3,4,0.17922428,-4404.2187,9.6489492,-0.75352868,-4393.8162
1,4,0.15449868,2,4,0.17220386,3,4,0.1959751,-4405.3716,10.453553,-2.1256617,-4392.7924
1,4,0.16172168,2,4,0.18142207,3,4,0.15766144,-4404.9294,10.016104,-1.5568648,-4393.3564
1,4,0.17368802,2,4,0.14509996,3,4,0.17122698,-4404.8484,9.8002992,-1.3950502,-4393.6531
1,4,0.15410547,2,4,0.15540632,3,4,0.16708609,-4403.7281,9.5319575,-0.28888971,-4393.9073
1,4,0.16197836,2,4,0.16970474,3,4,0.16631408,-4403.6893,9.9599435,-0.26328003,-4393.466
1,4,0.17994227,2,4,0.16189937,3,4,0.17975157,-4404.9629,10.431864,-1.6627317,-4392.8683
1,4,0.13935706,2,4,0.16568743,3,4,0.16928384,-4404.6892,9.4865666,-1.15935,-4394.0433
1,4,0.18188378,2,4,0.17167502,3,4,0.19854767,-4407.5768,11.04213,-4.5898641,-4391.9448
1,4,0.16579302,2,4,0.15054305,3,4,0.17594574,-4403.9972,9.8456363,-0.55767582,-4393.5939
1,4,0.14224595,2,4,0.15539534,3,4,0.16096687,-4404.968,9.1721631,-1.4407028,-4394.3551
1,4,0.17524017,2,4,0.16389905,3,4,0.14413148,-4406.2908,9.6654138,-2.6920919,-4393.9333
1,4,0.13948593,2,4,0.17935659,3,4,0.18403882,-4405.6391,10.057627,-2.2508649,-4393.3306
1,4,0.15466644,2,4,0.17588691,3,4,0.17755485,-4404.1169,10.162164,-0.72245665,-4393.2323
1,4,0.16018641,2,4,0.15229758,3,4,0.19402493,-4404.9916,10.130178,-1.6666011,-4393.1948
1,4,0.16212653,2,4,0.15808988,3,4,0.15660836,-4404.1583,9.5364953,-0.68621712,-4393.9356
1,4,0.14388348,2,4,0.15166499,3,4,0.17889994,-4404.6581,9.4889683,-1.1543258,-4394.0148
1,4,0.16187454,2,4,0.17006731,3,4,0.17881473,-4403.8544,10.215132,-0.43643268,-4393.2028
1,4,0.15750305,2,4,0.16038224,3,4,0.17384736,-4403.4614,9.8346531,-0.029743714,-4393.597
1,4,0.17876112,2,4,0.16846109,3,4,0.17078203,-4404.7376,10.360085,-1.4124829,-4392.9651
1,4,0.15763789,2,4,0.15727934,3,4,0.1619348,-4403.7932,9.5370405,-0.34884012,-4393.9073
1,4,0.16547393,2,4,0.16445044,3,4,0.14082641,-4406.4088,9.4150156,-2.6514651,-4394.3423
1,4,0.1625424,2,4,0.15787413,3,4,0.16869247,-4403.5403,9.7821798,-0.10767148,-4393.6505
1,4,0.13387257,2,4,0.17405224,3,4,0.16989677,-4405.751,9.5564315,-2.1344765,-4394.0601
1,4,0.15702178,2,4,0.15898606,3,4,0.16377066,-4403.655,9.5955699,-0.21720735,-4393.8422
1,4,0.13875286,2,4,0.18738733,3,4,0.17721806,-4406.2473,10.067165,-2.9251035,-4393.255
1,4,0.15425652,2,4,0.14883691,3,4,0.18098974,-4404.2665,9.6816634,-0.8070889,-4393.7778
1,4,0.16470498,2,4,0.16574368,3,4,0.17488045,-4403.6432,10.106582,-0.21621377,-4393.3204
1,4,0.15655201,2,4,0.17269949,3,4,0.15385071,-4404.6099,9.6620442,-1.127251,-4393.8206
1,4,0.16485099,2,4,0.16605833,3,4,0.16294365,-4403.7625,9.8770595,-0.33065783,-4393.5548
1,4,0.15251141,2,4,0.16565275,3,4,0.15998085,-4403.9734,9.5629002,-0.51805017,-4393.8924
1,4,0.17184327,2,4,0.17728735,3,4,0.1598285,-4404.8957,10.179182,-1.5440249,-4393.1725
1,4,0.15434315,2,4,0.18002049,3,4,0.16379729,-4404.4655,9.9632187,-1.0810378,-4393.4213
1,4,0.14598668,2,4,0.17041212,3,4,0.18040868,-4404.2759,9.9361496,-0.84618441,-4393.4935
1,4,0.15926221,2,4,0.14014666,3,4,0.17150479,-4405.0051,9.4182732,-1.4325605,-4394.1542
1,4,0.15072637,2,4,0.18208487,3,4,0.18954172,-4405.5715,10.447059,-2.3317109,-4392.7927
1,4,0.16581827,2,4,0.17668587,3,4,0.16776629,-4404.2329,10.205409,-0.84821238,-4393.1793
1,4,0.1666291,2,4,0.17742212,3,4,0.15753043,-4404.7375,10.031633,-1.3440622,-4393.3618
1,4,0.16816082,2,4,0.15209499,3,4,0.16825013,-4403.9786,9.7701188,-0.54057253,-4393.6679
1,4,0.14468603,2,4,0.18369404,3,4,0.18096992,-4405.4133,10.187,-2.1020228,-4393.1242
1,4,0.15834177,2,4,0.19970616,3,4,0.17435401,-4407.1565,10.648039,-4.2940681,-4392.2144
1,4,0.17030882,2,4,0.17503441,3,4,0.16828046,-4404.3628,10.272474,-0.98687531,-4393.1034
1,4,0.15417706,2,4,0.16826734,3,4,0.15567,-4404.3185,9.5622879,-0.83858852,-4393.9176
1,4,0.17120862,2,4,0.17195207,3,4,0.1505943,-4405.285,9.8751,-1.821335,-4393.5886
1,4,0.17196557,2,4,0.16697809,3,4,0.18926744,-4405.0455,10.564222,-1.7243946,-4392.7569
1,4,0.18384348,2,4,0.17286004,3,4,0.18181746,-4406.1107,10.77042,-2.92888,-4392.4114
1,4,0.15260691,2,4,0.15288154,3,4,0.17103701,-4403.8499,9.5305091,-0.40231666,-4393.9171
1,4,0.1586729,2,4,0.15578347,3,4,0.17308008,-4403.5584,9.7507291,-0.12372286,-4393.6839
1,4,0.15222771,2,4,0.17412499,3,4,0.17703125,-4404.0268,10.067679,-0.61917079,-4393.34
1,4,0.16747216,2,4,0.16457302,3,4,0.15531827,-4404.359,9.7472689,-0.89543674,-4393.7163
1,4,0.16096062,2,4,0.16307524,3,4,0.18275721,-4403.8266,10.135862,-0.41227676,-4393.2784
1,4,0.17459128,2,4,0.16091449,3,4,0.16829397,-4404.1504,10.075995,-0.76247189,-4393.3119
1,4,0.16315054,2,4,0.18027831,3,4,0.18877921,-4405.4286,10.644161,-2.1511142,-4392.6334
1,4,0.16258744,2,4,0.1650791,3,4,0.15094791,-4404.7027,9.5722891,-1.1800098,-4393.9504
1,4,0.15479767,2,4,0.14571144,3,4,0.17155454,-4404.3798,9.441273,-0.88508681,-4394.0534
1,4,0.15482507,2,4,0.18059105,3,4,0.1538672,-4405.2046,9.7856663,-1.7645096,-4393.6544
1,4,0.16105426,2,4,0.18694057,3,4,0.13826368,-4408.2206,9.7251701,-4.5562624,-4393.9392
1,4,0.18639764,2,4,0.14905259,3,4,0.1537177,-4406.7334,9.7833585,-3.354749,-4393.5953
1,4,0.14612586,2,4,0.14683028,3,4,0.18247251,-4405.0158,9.5085731,-1.4956593,-4394.0115
1,4,0.15501541,2,4,0.16481115,3,4,0.17875504,-4403.638,9.9716322,-0.21127301,-4393.4551
1,4,0.16103456,2,4,0.16376012,3,4,0.17895807,-4403.6357,10.075055,-0.20978965,-4393.3509
1,4,0.15625619,2,4,0.17156361,3,4,0.15635658,-4404.3171,9.6835276,-0.85350125,-4393.7801
1,4,0.14691848,2,4,0.1433993,3,4,0.15918983,-4405.786,8.9901522,-2.1888664,-4394.607
1,4,0.17621028,2,4,0.16232659,3,4,0.16297048,-4404.4324,10.030147,-1.0534623,-4393.3488
1,4,0.18336188,2,4,0.14894628,3,4,0.16634922,-4405.531,9.9731475,-2.208103,-4393.3498
1,4,0.16604143,2,4,0.16245711,3,4,0.17310614,-4403.6089,10.032094,-0.18245928,-4393.3943
1,4,0.1753935,2,4,0.17558079,3,4,0.16455846,-4404.8766,10.310655,-1.5500059,-4393.0159
1,4,0.15845101,2,4,0.17540515,3,4,0.18744804,-4404.7104,10.426084,-1.3662085,-4392.9182
1,4,0.16906784,2,4,0.17164303,3,4,0.14854686,-4405.4082,9.7851546,-1.8975829,-4393.7254
1,4,0.18440217,2,4,0.170391,3,4,0.17745128,-4405.7518,10.644889,-2.5503691,-4392.5566
1,4,0.1668092,2,4,0.16703291,3,4,0.15410738,-4404.4899,9.7589898,-1.0194398,-4393.7115
1,4,0.14180019,2,4,0.17095353,3,4,0.19474873,-4405.7809,10.150049,-2.4679177,-4393.163
1,4,0.15458435,2,4,0.14878605,3,4,0.17534282,-4404.0933,9.5742643,-0.6276291,-4393.8914
1,4,0.17439853,2,4,0.1695617,3,4,0.16851759,-4404.3464,10.249557,-0.97357614,-4393.1233
1,4,0.14537641,2,4,0.15955055,3,4,0.17680754,-4404.0839,9.6346899,-0.62111519,-4393.8281
1,4,0.14029562,2,4,0.17507201,3,4,0.16997022,-4404.8856,9.7067571,-1.3962578,-4393.7826
1,4,0.18379215,2,4,0.16424123,3,4,0.17588385,-4405.3201,10.478345,-2.0811034,-4392.7607
1,4,0.142444,2,4,0.16124589,3,4,0.17535866,-4404.3114,9.580971,-0.82412029,-4393.9063
1,4,0.16427511,2,4,0.14730026,3,4,0.17441802,-4404.1806,9.7198678,-0.71608204,-4393.7446
1,4,0.17113972,2,4,0.17426622,3,4,0.14013659,-4407.0477,9.7108504,-3.3722495,-4393.9646
1,4,0.17655064,2,4,0.16367804,3,4,0.1582785,-4404.7307,9.9701437,-1.3416382,-4393.4189
1,4,0.17694004,2,4,0.1807566,3,4,0.14440443,-4407.2075,10.042021,-3.8113771,-4393.3541
1,4,0.17707427,2,4,0.16973545,3,4,0.15031388,-4405.6777,9.9424719,-2.2548138,-4393.4804
1,4,0.16160589,2,4,0.1602847,3,4,0.17359725,-4403.4806,9.9097568,-0.049431886,-4393.5214
1,4,0.14279347,2,4,0.15226027,3,4,0.20764335,-4407.5646,10.053942,-4.4379976,-4393.0727
1,4,0.16742823,2,4,0.17668219,3,4,0.18978483,-4405.4153,10.677905,-2.1210899,-4392.6163
1,4,0.15006003,2,4,0.17049836,3,4,0.17536184,-4403.8671,9.9184045,-0.43878097,-4393.5099
1,4,0.18352299,2,4,0.16039846,3,4,0.16305051,-4405.2276,10.139439,-1.9480988,-4393.14
1,4,0.14228475,2,4,0.14142323,3,4,0.18682376,-4406.3485,9.4106347,-2.7035867,-4394.2343
1,4,0.17042109,2,4,0.14506541,3,4,0.17712121,-4404.7071,9.8521542,-1.2520898,-4393.6029
1,4,0.16008725,2,4,0.1622607,3,4,0.17220589,-4403.441,9.8910768,-0.0093153477,-4393.5406
1,4,0.1637498,2,4,0.15670991,3,4,0.16613034,-4403.6583,9.731801,-0.22287153,-4393.7036
1,4,0.14312032,2,4,0.14386371,3,4,0.1673903,-4405.6059,9.0874866,-2.0062838,-4394.5121
1,4,0.15201285,2,4,0.15933682,3,4,0.1887697,-4404.3432,10.002387,-0.95546846,-4393.3853
1,4,0.18538871,2,4,0.17004252,3,4,0.17379207,-4405.7253,10.584466,-2.5381784,-4392.6026
1,4,0.17053484,2,4,0.16248598,3,4,0.16516911,-4403.9112,9.9637987,-0.49589644,-4393.4515
1,4,0.12320883,2,4,0.17903577,3,4,0.19087372,-4408.9429,9.8623664,-5.2094807,-4393.871
1,4,0.16547912,2,4,0.13664221,3,4,0.18227825,-4405.8187,9.6879916,-2.2256132,-4393.9051
1,4,0.15928164,2,4,0.14578686,3,4,0.15986849,-4404.7645,9.2987397,-1.2426932,-4394.2231
1,4,0.1686232,2,4,0.16986599,3,4,0.16557275,-4403.9771,10.081239,-0.56685627,-4393.329
1,4,0.15507583,2,4,0.17003055,3,4,0.1622998,-4403.859,9.7481238,-0.42101876,-4393.6898
1,4,0.15148512,2,4,0.15799334,3,4,0.17796559,-4403.7526,9.7488811,-0.3158819,-4393.6878
1,4,0.15886145,2,4,0.15108161,3,4,0.16924368,-4403.834,9.5837349,-0.38426477,-4393.866
1,4,0.14991163,2,4,0.1690338,3,4,0.18410515,-4404.1966,10.061012,-0.79211906,-4393.3434
1,4,0.15864301,2,4,0.15011545,3,4,0.1686345,-4403.9202,9.5478593,-0.46469239,-4393.9076
1,4,0.16738654,2,4,0.1566567,3,4,0.14812513,-4405.3507,9.4433673,-1.7631383,-4394.1442
1,4,0.13176576,2,4,0.17655018,3,4,0.15920348,-4406.8412,9.3503883,-3.08863,-4394.4022
1,4,0.15670244,2,4,0.15790834,3,4,0.1580391,-4404.0679,9.4529977,-0.60468079,-4394.0102
1,4,0.15722287,2,4,0.16190808,3,4,0.15688343,-4404.0727,9.5202877,-0.60490465,-4393.9475
1,4,0.16122116,2,4,0.1504515,3,4,0.18691912,-4404.4438,9.9718355,-1.0373931,-4393.4346
1,4,0.14845071,2,4,0.15193794,3,4,0.16375172,-4404.3986,9.2828074,-0.92451844,-4394.1913
1,4,0.16605797,2,4,0.15188858,3,4,0.16993112,-4403.8794,9.7575533,-0.43839108,-4393.6835
1,4,0.15781668,2,4,0.17052842,3,4,0.16945866,-4403.6377,9.9560753,-0.21240419,-4393.4693
1,4,0.16149089,2,4,0.18293803,3,4,0.16874819,-4404.6716,10.263542,-1.3435399,-4393.0645
1,4,0.15438306,2,4,0.17749248,3,4,0.163542,-4404.2597,9.9083508,-0.85393257,-4393.4975
1,4,0.18223008,2,4,0.16575411,3,4,0.18947126,-4406.1325,10.749109,-2.9600947,-4392.4233
1,4,0.18986996,2,4,0.151464,3,4,0.19133717,-4407.3771,10.653423,-4.4516676,-4392.272
1,4,0.15359248,2,4,0.17002289,3,4,0.15291238,-4404.6855,9.530555,-1.1760042,-4393.979
1,4,0.1622045,2,4,0.15911539,3,4,0.1598764,-4403.8709,9.6239258,-0.42088291,-4393.8261
1,4,0.17324694,2,4,0.15046416,3,4,0.14784981,-4406.0765,9.4312181,-2.4537645,-4394.1916
1,4,0.16057577,2,4,0.15540471,3,4,0.17919292,-4403.7273,9.903468,-0.29855642,-4393.5253
1,4,0.18172806,2,4,0.14198693,3,4,0.14626776,-4408.0009,9.399655,-4.255405,-4394.3459
1,4,0.15372021,2,4,0.19004703,3,4,0.17492657,-4405.5919,10.373876,-2.3993902,-4392.8187
1,4,0.16649641,2,4,0.15775925,3,4,0.20471457,-4406.4932,10.579405,-3.456129,-4392.4577
1,4,0.16792036,2,4,0.1625813,3,4,0.171228,-4403.6834,10.034593,-0.2613497,-4393.3875
1,4,0.17277705,2,4,0.16484654,3,4,0.16909856,-4404.039,10.134443,-0.64205188,-4393.2625
1,4,0.14549583,2,4,0.16291689,3,4,0.17387267,-4403.9872,9.6457078,-0.52709767,-4393.8144
1,4,0.1390231,2,4,0.18724213,3,4,0.18200595,-4406.3915,10.165424,-3.1114832,-4393.1145
1,4,0.16491263,2,4,0.18795629,3,4,0.15185584,-4406.2705,10.094495,-2.9794337,-4393.1966
1,4,0.18407396,2,4,0.15627273,3,4,0.17104398,-4405.2246,10.227813,-1.9664425,-4393.0304
1,4,0.14965578,2,4,0.14157945,3,4,0.16787695,-4405.2776,9.1822437,-1.6982928,-4394.397
1,4,0.14249399,2,4,0.16004032,3,4,0.17451233,-4404.3188,9.540933,-0.82938124,-4393.9485
1,4,0.17648295,2,4,0.15607804,3,4,0.17572778,-4404.4528,10.165775,-1.0896,-4393.1975
1,4,0.15171851,2,4,0.19606855,3,4,0.1723628,-4406.4983,10.402997,-3.4672995,-4392.628
1,4,0.13949178,2,4,0.1628502,3,4,0.18212325,-4404.8489,9.6893045,-1.343963,-4393.8156
1,4,0.1653711,2,4,0.1458505,3,4,0.15321092,-4405.4522,9.2886504,-1.8593664,-4394.3042
1,4,0.15223613,2,4,0.17189559,3,4,0.18923322,-4404.6601,10.267299,-1.3123709,-4393.0804
1,4,0.13681763,2,4,0.16812504,3,4,0.20913475,-4408.2286,10.281548,-5.2292432,-4392.7178
1,4,0.15046069,2,4,0.17521929,3,4,0.17933993,-4404.2512,10.100398,-0.85482824,-4393.296
1,4,0.14721999,2,4,0.16989157,3,4,0.17344806,-4403.9778,9.8111926,-0.53591115,-4393.6307
1,4,0.15679194,2,4,0.16276248,3,4,0.179569,-4403.6271,9.9824685,-0.20137194,-4393.4432
1,4,0.12632157,2,4,0.152747,3,4,0.15100368,-4409.3896,8.601445,-5.2089086,-4395.5792
1,4,0.15954971,2,4,0.16008157,3,4,0.14084311,-4406.4426,9.2094878,-2.6507723,-4394.5823
1,4,0.17091502,2,4,0.14258761,3,4,0.16493634,-4405.1083,9.5687795,-1.5816105,-4393.9579
1,4,0.15962722,2,4,0.14018713,3,4,0.15958992,-4405.5453,9.1880855,-1.9262669,-4394.431
1,4,0.14700151,2,4,0.14804419,3,4,0.16020904,-4405.116,9.1050949,-1.5887074,-4394.4222
1,4,0.15484145,2,4,0.15854834,3,4,0.17409076,-4403.5369,9.7496109,-0.10359403,-4393.6837
1,4,0.15780605,2,4,0.14626138,3,4,0.17650169,-4404.2785,9.6113823,-0.79795644,-4393.8691
1,4,0.1598165,2,4,0.16742108,3,4,0.16964249,-4403.5239,9.9376016,-0.094009132,-4393.4922
1,4,0.16438144,2,4,0.15874936,3,4,0.17070392,-4403.5509,9.8766944,-0.12070193,-4393.5535
1,4,0.15284343,2,4,0.16842491,3,4,0.14793485,-4405.3417,9.384064,-1.7436912,-4394.214
1,4,0.17373356,2,4,0.16578045,3,4,0.15783416,-4404.5549,9.9469636,-1.1444345,-4393.4635
1,4,0.15478346,2,4,0.17642295,3,4,0.18412481,-4404.5149,10.306625,-1.1534449,-4393.0548
1,4,0.17923751,2,4,0.16151449,3,4,0.17478862,-4404.6725,10.310813,-1.3456332,-4393.016
1,4,0.17419476,2,4,0.13520131,3,4,0.17096918,-4406.2817,9.6073051,-2.6458003,-4394.0285
1,4,0.14274204,2,4,0.16391789,3,4,0.17253611,-4404.2438,9.5839209,-0.76033511,-4393.8995
1,4,0.15474082,2,4,0.17312983,3,4,0.17019417,-4403.8025,9.9612965,-0.38392394,-4393.4573
1,4,0.15749676,2,4,0.14945219,3,4,0.17124463,-4403.9509,9.5638717,-0.49230954,-4393.8947
1,4,0.15556917,2,4,0.16224554,3,4,0.20011498,-4405.5422,10.358594,-2.343366,-4392.8402
1,4,0.16806326,2,4,0.13622822,3,4,0.17182113,-4405.7604,9.5222522,-2.1201762,-4394.118
1,4,0.1782687,2,4,0.13692597,3,4,0.16687727,-4406.4045,9.6414389,-2.8266019,-4393.9365
1,4,0.14685243,2,4,0.1525799,3,4,0.1818461,-4404.4385,9.6255686,-0.97063048,-4393.8423
1,4,0.16152813,2,4,0.15867042,3,4,0.1894778,-4404.3585,10.193527,-0.99083617,-4393.1742
1,4,0.1499033,2,4,0.18589135,3,4,0.1884125,-4405.9302,10.484143,-2.7452604,-4392.7008
1,4,0.16415085,2,4,0.15952031,3,4,0.18468941,-4404.0342,10.167211,-0.63372152,-4393.2333
1,4,0.14736298,2,4,0.16661034,3,4,0.20021634,-4405.8866,10.283793,-2.6880107,-4392.9148
1,4,0.15078073,2,4,0.17206187,3,4,0.12265335,-4412.1606,8.9099189,-7.1037324,-4396.147
1,4,0.18213032,2,4,0.14010545,3,4,0.20085476,-4408.31,10.46181,-5.3370809,-4392.5111
1,4,0.17206473,2,4,0.1801971,3,4,0.17224884,-4404.9944,10.490213,-1.680839,-4392.8233
1,4,0.16079381,2,4,0.17472616,3,4,0.18354669,-4404.3957,10.381333,-1.0170053,-4392.9974
1,4,0.16542009,2,4,0.15885485,3,4,0.1455855,-4405.6141,9.3972087,-1.9749424,-4394.2419
1,4,0.1694722,2,4,0.16267431,3,4,0.16761235,-4403.7915,9.9951772,-0.37381189,-4393.4225
1,4,0.15915725,2,4,0.16335101,3,4,0.15235052,-4404.5146,9.4971758,-1.0035959,-4394.0138
1,4,0.14948405,2,4,0.14453302,3,4,0.18281698,-4405.0276,9.5366811,-1.5061638,-4393.9847
1,4,0.16279125,2,4,0.17692799,3,4,0.19164964,-4405.3824,10.627378,-2.1031834,-4392.6519
1,4,0.16912476,2,4,0.16046474,3,4,0.16374513,-4403.8794,9.8666925,-0.45400662,-4393.5587
1,4,0.16204229,2,4,0.19921461,3,4,0.18127681,-4407.5262,10.850674,-4.6934493,-4391.9821
1,4,0.14399847,2,4,0.16656062,3,4,0.1524722,-4405.3641,9.260626,-1.7779246,-4394.3256
1,4,0.14864939,2,4,0.15958585,3,4,0.2002579,-4405.7648,10.169863,-2.5393806,-4393.0555
1,4,0.15636168,2,4,0.13870158,3,4,0.16601363,-4405.4495,9.2215377,-1.8277537,-4394.4002
1,4,0.14076472,2,4,0.15287906,3,4,0.16946668,-4404.8995,9.2622092,-1.362276,-4394.275
1,4,0.17087484,2,4,0.14763087,3,4,0.17253826,-4404.4201,9.8208793,-0.9756629,-4393.6236
1,4,0.17648945,2,4,0.13823051,3,4,0.18699306,-4406.4902,10.034261,-3.0802197,-4393.3757
1,4,0.16180048,2,4,0.16321086,3,4,0.15197346,-4404.5616,9.5396958,-1.0487041,-4393.9732
1,4,0.16359812,2,4,0.14843025,3,4,0.16991375,-4404.0655,9.6388423,-0.60266224,-4393.824
1,4,0.15241345,2,4,0.15203503,3,4,0.18006752,-4404.0586,9.6903199,-0.61081595,-4393.7574
1,4,0.15758036,2,4,0.14740712,3,4,0.17686852,-4404.177,9.63712,-0.70686463,-4393.833
1,4,0.18134265,2,4,0.13930717,3,4,0.16136642,-4406.6032,9.6403249,-3.0714457,-4393.8914
1,4,0.14516987,2,4,0.15503231,3,4,0.17459935,-4404.2357,9.4960306,-0.75946452,-4393.9802
1,4,0.14270663,2,4,0.14730228,3,4,0.19165159,-4405.948,9.63321,-2.442578,-4393.8722
1,4,0.17130099,2,4,0.16494726,3,4,0.1603784,-4404.197,9.932533,-0.77891633,-4393.4856
1,4,0.14986586,2,4,0.15473303,3,4,0.15638005,-4404.6819,9.2195788,-1.1838249,-4394.2785
1,4,0.15387395,2,4,0.17138938,3,4,0.18397321,-4404.1755,10.184731,-0.78225424,-4393.2085
1,4,0.14464812,2,4,0.17511824,3,4,0.16669462,-4404.5133,9.7292193,-1.05949,-4393.7246
1,4,0.16549715,2,4,0.17407122,3,4,0.18487482,-4404.6318,10.488864,-1.2637656,-4392.8792
1,4,0.17744143,2,4,0.18863711,3,4,0.13409545,-4410.0894,10.00348,-6.5626547,-4393.5233
1,4,0.16090253,2,4,0.15289346,3,4,0.17822603,-4403.8071,9.8404403,-0.37179961,-4393.5949
1,4,0.16026175,2,4,0.1530342,3,4,0.14330003,-4406.2997,9.1319196,-2.5565405,-4394.6112
1,4,0.16393825,2,4,0.13616161,3,4,0.19050541,-4406.4219,9.8121054,-2.8815368,-4393.7283
1,4,0.16687371,2,4,0.15809234,3,4,0.16257645,-4403.8627,9.7508499,-0.42562934,-4393.6863
1,4,0.15941261,2,4,0.14004462,3,4,0.15989208,-4405.5458,9.1869861,-1.9259844,-4394.4329
1,4,0.16318499,2,4,0.17158255,3,4,0.19693362,-4405.6191,10.634023,-2.3930504,-4392.5921
1,4,0.16403501,2,4,0.16034727,3,4,0.14207768,-4406.1853,9.3291991,-2.4480715,-4394.4081
1,4,0.15584809,2,4,0.1656896,3,4,0.17925865,-4403.6644,10.015927,-0.23953692,-4393.4089
1,4,0.17374614,2,4,0.16029241,3,4,0.18630702,-4404.7617,10.406911,-1.4248381,-4392.93
1,4,0.14379011,2,4,0.15374821,3,4,0.1893742,-4405.1297,9.7382504,-1.678405,-4393.713
1,4,0.14201624,2,4,0.15348179,3,4,0.19430499,-4405.7906,9.7960603,-2.3678947,-4393.6266
1,4,0.16935647,2,4,0.18155396,3,4,0.17020688,-4404.9005,10.422346,-1.5849319,-4392.8932
1,4,0.13895747,2,4,0.15023834,3,4,0.16405992,-4405.5978,9.0651144,-2.0023819,-4394.5303
1,4,0.14174209,2,4,0.18851487,3,4,0.16564124,-4406.0949,9.9179641,-2.7568428,-4393.4201
1,4,0.16819697,2,4,0.17512192,3,4,0.17401674,-4404.2914,10.346713,-0.90447511,-4393.0402
1,4,0.16057324,2,4,0.16027885,3,4,0.19835996,-4405.333,10.384241,-2.1013972,-4392.8474
1,4,0.19447066,2,4,0.1613886,3,4,0.17472925,-4406.8886,10.61177,-3.9667266,-4392.3101
1,4,0.14446034,2,4,0.15687142,3,4,0.17695049,-4404.2537,9.5656449,-0.77791202,-4393.9102
1,4,0.16793311,2,4,0.15693989,3,4,0.17955763,-4403.9366,10.088613,-0.52443091,-4393.3235
1,4,0.15209513,2,4,0.16557999,3,4,0.18621255,-4404.1581,10.077753,-0.76141366,-4393.319
1,4,0.15341038,2,4,0.16826853,3,4,0.14893796,-4405.1621,9.4123375,-1.5867213,-4394.163
1,4,0.14472901,2,4,0.17167631,3,4,0.18323687,-4404.5769,9.9928439,-1.1599371,-4393.4241
1,4,0.14552737,2,4,0.16214807,3,4,0.16982064,-4404.0046,9.5499218,-0.54154284,-4393.9131
1,4,0.16707936,2,4,0.1718611,3,4,0.17906122,-4404.1884,10.360034,-0.7867526,-4393.0416
1,4,0.16324495,2,4,0.15952456,3,4,0.17369387,-4403.5255,9.9292674,-0.095268122,-4393.501
1,4,0.16087636,2,4,0.16531757,3,4,0.15867491,-4403.9172,9.697377,-0.46544278,-4393.7544
1,4,0.14383067,2,4,0.18427695,3,4,0.15505338,-4406.1183,9.66322,-2.6415364,-4393.8136
1,4,0.14060285,2,4,0.16390405,3,4,0.17537074,-4404.5017,9.597553,-0.99711024,-4393.907
1,4,0.16792403,2,4,0.18407189,3,4,0.18230328,-4405.5886,10.685984,-2.3293819,-4392.5732
1,4,0.16861278,2,4,0.17741719,3,4,0.14798016,-4405.8171,9.8802027,-2.3403906,-4393.5965
1,4,0.1535299,2,4,0.16446662,3,4,0.14339036,-4406.0506,9.2277374,-2.3341044,-4394.4888
1,4,0.15812132,2,4,0.17047566,3,4,0.15508162,-4404.3635,9.6735721,-0.89051029,-4393.7994
1,4,0.15317229,2,4,0.14730168,3,4,0.17658115,-4404.3058,9.5411025,-0.82491067,-4393.9398
1,4,0.15211582,2,4,0.15091951,3,4,0.16312587,-4404.2742,9.3232238,-0.80682332,-4394.1441
1,4,0.15958812,2,4,0.18012569,3,4,0.18414987,-4404.8901,10.477274,-1.5654905,-4392.8473
1,4,0.15228011,2,4,0.14011911,3,4,0.19659578,-4406.5858,9.7799001,-3.1290338,-4393.6769
1,4,0.15235109,2,4,0.16093469,3,4,0.20772989,-4406.7472,10.420313,-3.7599572,-4392.5669
1,4,0.186048,2,4,0.12915047,3,4,0.16235552,-4409.008,9.5510796,-5.217204,-4394.2397
1,4,0.15853921,2,4,0.16843371,3,4,0.16442767,-4403.664,9.8280117,-0.23159662,-4393.6044
1,4,0.13004616,2,4,0.15768946,3,4,0.18596396,-4406.7332,9.4739916,-2.9921484,-4394.267
1,4,0.1491407,2,4,0.17160914,3,4,0.14867542,-4405.5501,9.3885052,-1.9478872,-4394.2137
1,4,0.16101531,2,4,0.14249394,3,4,0.18343942,-4404.959,9.7389733,-1.4619313,-4393.7581
1,4,0.14292866,2,4,0.15517061,3,4,0.18057654,-4404.5969,9.5735162,-1.1042647,-4393.9191
1,4,0.14907686,2,4,0.15545056,3,4,0.17080715,-4403.9065,9.5066913,-0.45574335,-4393.944
1,4,0.15773892,2,4,0.16032773,3,4,0.16100539,-4403.7701,9.5814408,-0.3249892,-4393.8637
1,4,0.14164004,2,4,0.1564348,3,4,0.17024079,-4404.5611,9.3663127,-1.0513222,-4394.1434
1,4,0.1551006,2,4,0.16509083,3,4,0.16679684,-4403.5515,9.7397653,-0.11784027,-4393.6939
1,4,0.1573124,2,4,0.14273835,3,4,0.14842148,-4406.577,8.9694445,-2.8435434,-4394.764
1,4,0.16251462,2,4,0.17162161,3,4,0.14352543,-4405.9932,9.5532334,-2.3387055,-4394.1013
1,4,0.14560703,2,4,0.1612481,3,4,0.19132838,-4404.9114,9.9636702,-1.5274352,-4393.4202
1,4,0.14319225,2,4,0.16957992,3,4,0.15932902,-4404.8019,9.4420237,-1.2833752,-4394.0765
1,4,0.1589148,2,4,0.15824852,3,4,0.19007751,-4404.3813,10.144817,-1.0151831,-4393.2213
1,4,0.13423181,2,4,0.14415776,3,4,0.16882306,-4406.8943,8.9442528,-3.1083546,-4394.8416
1,4,0.13724584,2,4,0.17361781,3,4,0.19054019,-4405.9954,10.028077,-2.5901558,-4393.3772
1,4,0.15423925,2,4,0.156966,3,4,0.16696941,-4403.6619,9.5634932,-0.22534836,-4393.8731
1,4,0.15271328,2,4,0.17322135,3,4,0.17851566,-4404.0101,10.089006,-0.60201725,-4393.3191
1,4,0.16026156,2,4,0.16847948,3,4,0.18649358,-4404.2349,10.304692,-0.8488552,-4393.0813
1,4,0.14862407,2,4,0.15075575,3,4,0.16494716,-4404.4172,9.2865396,-0.94007217,-4394.1906
1,4,0.16347492,2,4,0.16545021,3,4,0.19289942,-4404.8415,10.436491,-1.5245233,-4392.8805
1,4,0.16342131,2,4,0.15620134,3,4,0.16247785,-4403.8215,9.64201,-0.37731236,-4393.8022
1,4,0.15938272,2,4,0.16115072,3,4,0.1878988,-4404.1701,10.168645,-0.78609761,-4393.2153
1,4,0.16260629,2,4,0.16222398,3,4,0.16934959,-4403.4843,9.8835971,-0.053190534,-4393.5475
1,4,0.14385344,2,4,0.14959216,3,4,0.18524237,-4405.1202,9.5737593,-1.6135959,-4393.9328
1,4,0.1481282,2,4,0.14389693,3,4,0.16506089,-4405.1927,9.1417204,-1.6396293,-4394.4113
1,4,0.15627588,2,4,0.15322136,3,4,0.16066742,-4404.102,9.4032934,-0.64181366,-4394.0569
1,4,0.16571498,2,4,0.15997611,3,4,0.16588027,-4403.6531,9.8314273,-0.22249723,-4393.5992
1,4,0.13687075,2,4,0.17588453,3,4,0.17484818,-4405.3708,9.7520691,-1.8527683,-4393.766
1,4,0.15861643,2,4,0.1392149,3,4,0.17148581,-4405.1582,9.3863426,-1.5649394,-4394.2069
1,4,0.15128676,2,4,0.17628192,3,4,0.16405095,-4404.2509,9.8323925,-0.83069523,-4393.5878
1,4,0.1403696,2,4,0.18213435,3,4,0.16795748,-4405.4686,9.8092285,-2.0291767,-4393.6302
1,4,0.15171008,2,4,0.16812828,3,4,0.16952501,-4403.6754,9.7872675,-0.24102579,-4393.6471
1,4,0.14943324,2,4,0.15192612,3,4,0.18364041,-4404.3941,9.6999954,-0.94319827,-4393.7509
1,4,0.15071583,2,4,0.15676684,3,4,0.16675538,-4403.8351,9.4847609,-0.39115654,-4393.9592
1,4,0.17791982,2,4,0.15316424,3,4,0.18927646,-4405.5302,10.40721,-2.2790599,-4392.8439
1,4,0.1693292,2,4,0.16542756,3,4,0.15956618,-4404.1329,9.8864588,-0.70317832,-4393.5432
1,4,0.16662032,2,4,0.15857989,3,4,0.16650209,-4403.6937,9.8340461,-0.2641122,-4393.5955
1,4,0.16597319,2,4,0.15789287,3,4,0.17938207,-4403.8151,10.064963,-0.39653768,-4393.3536
1,4,0.17580806,2,4,0.1542257,3,4,0.15260458,-4405.3752,9.6527667,-1.8865864,-4393.8358
1,4,0.1750319,2,4,0.16328739,3,4,0.18172225,-4404.5839,10.400831,-1.2282113,-4392.9549
1,4,0.17415499,2,4,0.13994827,3,4,0.17750713,-4405.576,9.8322077,-2.0840215,-4393.6598
1,4,0.14811739,2,4,0.16551925,3,4,0.18924388,-4404.5805,10.057611,-1.2002479,-4393.3227
1,4,0.13091554,2,4,0.14771726,3,4,0.19428843,-4407.9858,9.4584247,-4.2204242,-4394.307
1,4,0.16731646,2,4,0.15930993,3,4,0.18262051,-4404.0377,10.184938,-0.63510859,-4393.2176
1,4,0.17016715,2,4,0.13820058,3,4,0.15486904,-4406.5121,9.2647355,-2.7925304,-4394.4549
1,4,0.15065814,2,4,0.17328629,3,4,0.17961806,-4404.1288,10.07125,-0.72247774,-4393.3351
1,4,0.17715515,2,4,0.1580767,3,4,0.18908018,-4405.338,10.486241,-2.071918,-4392.7798
1,4,0.14719819,2,4,0.15556653,3,4,0.16450539,-4404.2297,9.3454024,-0.76359983,-4394.1207
1,4,0.14152507,2,4,0.14969506,3,4,0.18823594,-4405.5725,9.5891213,-2.0514801,-4393.9319
1,4,0.14570812,2,4,0.16355968,3,4,0.19024161,-4404.8017,9.9901882,-1.414448,-4393.3971
1,4,0.15345906,2,4,0.18548177,3,4,0.15942278,-4405.2801,9.967272,-1.9412526,-4393.3716
1,4,0.17624614,2,4,0.15156583,3,4,0.17804107,-4404.6804,10.117061,-1.3144781,-4393.2489
1,4,0.14953406,2,4,0.1705484,3,4,0.18233201,-4404.1693,10.04829,-0.7601381,-4393.3609
1,4,0.14427624,2,4,0.17233479,3,4,0.19168488,-4405.3178,10.165918,-1.9839897,-4393.1679
1,4,0.16314094,2,4,0.15308183,3,4,0.19112655,-4404.7105,10.146987,-1.3587646,-4393.2048
1,4,0.13726323,2,4,0.12833369,3,4,0.16167496,-4410.0497,8.5454376,-5.7491139,-4395.7551
1,4,0.15615104,2,4,0.17367736,3,4,0.16039273,-4404.1251,9.8044226,-0.69184585,-4393.6288
1,4,0.1505133,2,4,0.17647061,3,4,0.15261992,-4405.1959,9.5920766,-1.6866392,-4393.9172
1,4,0.1541052,2,4,0.15181195,3,4,0.17470756,-4403.8672,9.6124943,-0.41802653,-4393.8367
1,4,0.15661334,2,4,0.16345266,3,4,0.18139844,-4403.7239,10.029289,-0.30339089,-4393.3912
1,4,0.1542119,2,4,0.16578983,3,4,0.19759589,-4405.2862,10.351952,-2.0408112,-4392.8934
1,4,0.15803358,2,4,0.17445195,3,4,0.17636435,-4403.9581,10.176997,-0.55248963,-4393.2286
1,4,0.1566727,2,4,0.1502008,3,4,0.16234809,-4404.203,9.3844316,-0.73450267,-4394.084
1,4,0.13408022,2,4,0.17359084,3,4,0.17315793,-4405.6593,9.6165799,-2.0608361,-4393.9819
1,4,0.15098434,2,4,0.14473445,3,4,0.17332667,-4404.6682,9.3809093,-1.1494977,-4394.1378
1,4,0.15787516,2,4,0.199186,3,4,0.15175809,-4407.8559,10.176385,-4.837821,-4392.8417
1,4,0.13657887,2,4,0.17586766,3,4,0.14260425,-4408.3292,9.1010154,-4.3347903,-4394.8934
1,4,0.16077489,2,4,0.14129741,3,4,0.15107779,-4406.3185,9.0630018,-2.6104232,-4394.6451
1,4,0.17055662,2,4,0.15404036,3,4,0.18881924,-4404.8163,10.268324,-1.4778415,-4393.0701
1,4,0.14831147,2,4,0.14826308,3,4,0.16232554,-4404.8231,9.1780019,-1.3171097,-4394.328
1,4,0.16550727,2,4,0.16004925,3,4,0.16315425,-4403.7466,9.7742156,-0.3111711,-4393.6612
1,4,0.15415215,2,4,0.15911207,3,4,0.17720446,-4403.6076,9.8093735,-0.17556239,-4393.6227
1,4,0.14832654,2,4,0.15993879,3,4,0.14989783,-4405.3698,9.1632632,-1.7816672,-4394.4249
1,4,0.18363433,2,4,0.17202282,3,4,0.16330492,-4405.5906,10.379241,-2.3695541,-4392.8418
1,4,0.157916,2,4,0.12976596,3,4,0.16754072,-4407.1667,9.1044535,-3.2389572,-4394.8232
1,4,0.16386265,2,4,0.1608835,3,4,0.15609639,-4404.1728,9.6168508,-0.70227232,-4393.8537
1,4,0.14832906,2,4,0.16901828,3,4,0.17994085,-4404.0479,9.9457636,-0.62132879,-4393.4808
1,4,0.16383628,2,4,0.1706124,3,4,0.16430571,-4403.8361,9.9750877,-0.41332458,-4393.4477
1,4,0.16950342,2,4,0.15989037,3,4,0.18270867,-4404.1699,10.242049,-0.77726427,-4393.1505
1,4,0.15932494,2,4,0.17520783,3,4,0.18085217,-4404.2292,10.307699,-0.84028314,-4393.0812
1,4,0.15610135,2,4,0.17909436,3,4,0.15104817,-4405.3633,9.7248775,-1.8799158,-4393.7585
1,4,0.14806262,2,4,0.16749324,3,4,0.17972137,-4404.0054,9.9055447,-0.57354377,-4393.5263
