1,4,0.16062729,2,4,0.16150449,3,4,0.28935471,-4193.523,12.22973,-3.8921796,-4177.401
1,4,0.14273075,2,4,0.14257726,3,4,0.34416013,-4192.9311,12.589363,-3.1722203,-4177.1695
1,4,0.16463579,2,4,0.12342517,3,4,0.3067253,-4190.9213,11.895725,-0.87682125,-4178.1487
1,4,0.14902783,2,4,0.12253176,3,4,0.29333842,-4190.4173,11.29796,-0.30735931,-4178.812
1,4,0.13501674,2,4,0.13623853,3,4,0.26921299,-4191.9818,10.809365,-1.7266281,-4179.4459
1,4,0.1485753,2,4,0.13606178,3,4,0.28178364,-4190.6025,11.328415,-0.48725235,-4178.7869
1,4,0.13043573,2,4,0.13878155,3,4,0.28079398,-4191.4967,11.000225,-1.2933886,-4179.2031
1,4,0.17107107,2,4,0.12553735,3,4,0.30348134,-4191.4468,12.001795,-1.4783226,-4177.9667
1,4,0.18035048,2,4,0.11092372,3,4,0.2805694,-4193.7958,11.436872,-3.7327051,-4178.6262
1,4,0.14344396,2,4,0.14607107,3,4,0.28058527,-4191.1248,11.402006,-1.0217095,-4178.7011
1,4,0.15374655,2,4,0.1255588,3,4,0.26420881,-4192.2104,10.870283,-1.9214725,-4179.4186
1,4,0.15904511,2,4,0.13516584,3,4,0.29687885,-4190.5613,11.821796,-0.48726243,-4178.2523
1,4,0.15903185,2,4,0.12616553,3,4,0.33435618,-4191.9543,12.391071,-2.0331937,-4177.53
1,4,0.14025782,2,4,0.12511698,3,4,0.26939379,-4191.9623,10.695372,-1.7317206,-4179.5352
1,4,0.14000456,2,4,0.12334001,3,4,0.32932215,-4191.5878,11.853334,-1.5410956,-4178.1933
1,4,0.15796173,2,4,0.12667028,3,4,0.29039478,-4190.5099,11.500536,-0.41417479,-4178.5952
1,4,0.13405708,2,4,0.14011252,3,4,0.31523142,-4190.95,11.78802,-0.8682037,-4178.2938
1,4,0.15427126,2,4,0.13956799,3,4,0.2698123,-4191.6945,11.273031,-1.527942,-4178.8935
1,4,0.15039301,2,4,0.095765025,3,4,0.32969553,-4195.2648,11.517071,-4.6669164,-4179.0809
1,4,0.15988655,2,4,0.13127699,3,4,0.31232101,-4190.7414,12.069691,-0.6782142,-4177.9935
1,4,0.13115583,2,4,0.12597456,3,4,0.30027431,-4191.1678,11.148094,-0.99599229,-4179.0237
1,4,0.16218078,2,4,0.12355256,3,4,0.31233315,-4190.886,11.96133,-0.83596048,-4178.0887
1,4,0.12206346,2,4,0.12889415,3,4,0.27927978,-4193.0646,10.604748,-2.6631325,-4179.7967
1,4,0.15862248,2,4,0.11771303,3,4,0.28942245,-4190.9898,11.315159,-0.85201268,-4178.8227
1,4,0.12999361,2,4,0.1227068,3,4,0.31309993,-4191.7225,11.316007,-1.5149939,-4178.8915
1,4,0.14287933,2,4,0.13620547,3,4,0.28461103,-4190.5102,11.273916,-0.39745636,-4178.8388
1,4,0.15415681,2,4,0.13252769,3,4,0.31984491,-4190.7907,12.130588,-0.728945,-4177.9312
1,4,0.14988873,2,4,0.11233606,3,4,0.31008774,-4191.3357,11.44625,-1.1570396,-4178.7324
1,4,0.14304661,2,4,0.11925658,3,4,0.29908377,-4190.7466,11.227739,-0.61320791,-4178.9057
1,4,0.13431923,2,4,0.12018656,3,4,0.28288146,-4191.838,10.747745,-1.6351101,-4179.4552
1,4,0.13569698,2,4,0.12085805,3,4,0.31783365,-4191.44,11.487774,-1.2911891,-4178.661
1,4,0.17428505,2,4,0.10893604,3,4,0.29217708,-4192.7973,11.507963,-2.6824725,-4178.6069
1,4,0.1590167,2,4,0.10915777,3,4,0.28988347,-4191.9273,11.161159,-1.6656463,-4179.1005
1,4,0.13889232,2,4,0.10753444,3,4,0.27945596,-4193.5298,10.517654,-3.0792135,-4179.9329
1,4,0.11995029,2,4,0.13804816,3,4,0.30829829,-4192.3471,11.325935,-2.0382058,-4178.9829
1,4,0.16441421,2,4,0.14145488,3,4,0.32466895,-4192.3407,12.610761,-2.4089214,-4177.321
1,4,0.12038216,2,4,0.13354226,3,4,0.28948561,-4192.5722,10.868201,-2.1926231,-4179.5114
1,4,0.14237581,2,4,0.12616145,3,4,0.28866963,-4190.519,11.144138,-0.409765,-4178.9651
1,4,0.14613854,2,4,0.14945769,3,4,0.29487722,-4190.9793,11.809469,-0.94685304,-4178.223
1,4,0.15902175,2,4,0.14516275,3,4,0.27704399,-4191.7975,11.62457,-1.7529762,-4178.42
1,4,0.13184896,2,4,0.12662527,3,4,0.28936589,-4191.2608,10.956802,-1.092044,-4179.2119
1,4,0.0973923,2,4,0.12338264,3,4,0.30287236,-4200.1737,10.472946,-7.9340752,-4181.7667
1,4,0.1262822,2,4,0.16397768,3,4,0.31859423,-4193.6286,12.177082,-3.9367729,-4177.5147
1,4,0.14630525,2,4,0.11111949,3,4,0.29702624,-4191.5866,11.08902,-1.3509283,-4179.1466
1,4,0.160996,2,4,0.12426909,3,4,0.26191711,-4192.7976,10.943644,-2.4684617,-4179.3855
1,4,0.14252326,2,4,0.14398117,3,4,0.33403151,-4192.0622,12.410719,-2.1549147,-4177.4965
1,4,0.14663351,2,4,0.12514394,3,4,0.28345081,-4190.6618,11.104565,-0.54099105,-4179.0163
1,4,0.14693364,2,4,0.12655009,3,4,0.27095639,-4191.4726,10.888802,-1.2753013,-4179.3085
1,4,0.13317869,2,4,0.15473123,3,4,0.26935934,-4193.0139,11.145385,-2.7988147,-4179.0697
1,4,0.12574387,2,4,0.15104668,3,4,0.31337651,-4192.1192,11.803341,-2.0669773,-4178.2489
1,4,0.14229602,2,4,0.1364785,3,4,0.27848918,-4190.8573,11.145274,-0.71897356,-4178.993
1,4,0.13274792,2,4,0.11899474,3,4,0.30775998,-4191.6447,11.190053,-1.4317308,-4179.0229
1,4,0.16754261,2,4,0.12921868,3,4,0.31436775,-4191.407,12.222581,-1.4206231,-4177.7638
1,4,0.12045196,2,4,0.13495414,3,4,0.27939489,-4193.0425,10.69602,-2.6097044,-4179.7367
1,4,0.15295369,2,4,0.13806222,3,4,0.3120782,-4190.6009,12.061882,-0.52107538,-4178.0179
1,4,0.14093293,2,4,0.12319908,3,4,0.29871025,-4190.5473,11.256845,-0.43164436,-4178.8589
1,4,0.1535739,2,4,0.11483708,3,4,0.28361207,-4191.4185,11.040461,-1.218691,-4179.1593
1,4,0.16183048,2,4,0.13668521,3,4,0.27604796,-4191.5369,11.491273,-1.4448564,-4178.6008
1,4,0.15947934,2,4,0.13483211,3,4,0.25696599,-4193.2253,11.025549,-2.8691558,-4179.3306
1,4,0.14667993,2,4,0.11982671,3,4,0.32102843,-4191.0623,11.750702,-0.97532521,-4178.3363
1,4,0.13288639,2,4,0.13172346,3,4,0.28660475,-4191.0284,11.024292,-0.87538225,-4179.1288
1,4,0.14543713,2,4,0.12528367,3,4,0.31481666,-4190.5187,11.710749,-0.42787347,-4178.38
1,4,0.1455606,2,4,0.13084773,3,4,0.31279407,-4190.3289,11.784048,-0.23920657,-4178.3056
1,4,0.15119455,2,4,0.13279419,3,4,0.29034467,-4190.2607,11.486668,-0.1621152,-4178.6119
1,4,0.14010677,2,4,0.1408865,3,4,0.28541344,-4190.6795,11.328134,-0.56606031,-4178.7853
1,4,0.15806825,2,4,0.13936869,3,4,0.30640122,-4190.7953,12.076763,-0.73148071,-4177.9871
1,4,0.13858936,2,4,0.12901745,3,4,0.30314061,-4190.3941,11.414949,-0.28662353,-4178.6926
1,4,0.1247305,2,4,0.14182828,3,4,0.29623551,-4191.6371,11.255886,-1.4163137,-4178.9649
1,4,0.14582294,2,4,0.13116363,3,4,0.28454282,-4190.4459,11.230588,-0.33561991,-4178.8797
1,4,0.13605465,2,4,0.15060877,3,4,0.30248416,-4191.1678,11.782952,-1.1337743,-4178.2511
1,4,0.15015069,2,4,0.12982351,3,4,0.25998035,-4192.5447,10.799091,-2.1998877,-4179.5457
1,4,0.12744281,2,4,0.1190162,3,4,0.30061699,-4192.3293,10.94152,-2.0242226,-4179.3636
1,4,0.1318595,2,4,0.14152758,3,4,0.3017242,-4190.8583,11.502226,-0.73761728,-4178.6185
1,4,0.17072707,2,4,0.12938642,3,4,0.2923833,-4191.481,11.849936,-1.5009969,-4178.1301
1,4,0.17865305,2,4,0.11204637,3,4,0.26780037,-4194.5626,11.169996,-4.299414,-4179.0932
1,4,0.14681027,2,4,0.13877809,3,4,0.31207446,-4190.4695,11.953256,-0.38711593,-4178.1291
1,4,0.13624702,2,4,0.12185647,3,4,0.28912359,-4191.1937,10.944542,-1.0400117,-4179.2092
1,4,0.14554239,2,4,0.11884884,3,4,0.30388055,-4190.6791,11.365435,-0.55045123,-4178.7632
1,4,0.13150639,2,4,0.12030836,3,4,0.31362526,-4191.7814,11.3088,-1.5706764,-4178.9019
1,4,0.13922456,2,4,0.14376363,3,4,0.28242398,-4190.9747,11.308243,-0.85364913,-4178.8128
1,4,0.11660826,2,4,0.14335806,3,4,0.32453122,-4193.5253,11.689951,-3.2854756,-4178.5499
1,4,0.15205324,2,4,0.15643537,3,4,0.30079281,-4192.0253,12.185628,-2.1446763,-4177.695
1,4,0.15287431,2,4,0.13301396,3,4,0.32551429,-4191.0883,12.228051,-1.055319,-4177.805
1,4,0.13430839,2,4,0.12947644,3,4,0.29705779,-4190.6975,11.216852,-0.56767617,-4178.913
1,4,0.15823346,2,4,0.10630764,3,4,0.31974649,-4192.4455,11.685752,-2.2565364,-4178.5032
1,4,0.1343081,2,4,0.13475594,3,4,0.32994343,-4191.6663,11.980149,-1.6495743,-4178.0366
1,4,0.14640668,2,4,0.13695216,3,4,0.31693414,-4190.5876,12.00586,-0.51348191,-4178.0683
1,4,0.16273949,2,4,0.14533414,3,4,0.26940644,-4192.6657,11.549601,-2.6158698,-4178.5002
1,4,0.15155168,2,4,0.14319519,3,4,0.30767237,-4190.726,12.048385,-0.66029484,-4178.0173
1,4,0.14404442,2,4,0.11931491,3,4,0.28282316,-4191.1953,10.92365,-1.037478,-4179.2342
1,4,0.16105251,2,4,0.10963787,3,4,0.2831073,-4192.2378,11.075953,-1.9509393,-4179.2109
1,4,0.14425664,2,4,0.13502668,3,4,0.28659937,-4190.3861,11.317654,-0.27971784,-4178.7887
1,4,0.14095221,2,4,0.13566478,3,4,0.29566002,-4190.2503,11.44554,-0.15005939,-4178.6547
1,4,0.12420806,2,4,0.1405468,3,4,0.32026449,-4192.1055,11.700387,-1.9633918,-4178.4418
1,4,0.15594384,2,4,0.12472773,3,4,0.31684008,-4190.7109,11.950233,-0.64359279,-4178.1171
1,4,0.14201349,2,4,0.15694243,3,4,0.32771621,-4192.8546,12.533443,-3.0927173,-4177.2284
1,4,0.12992991,2,4,0.13251845,3,4,0.3106756,-4191.1207,11.462479,-0.96969878,-4178.6885
1,4,0.13054353,2,4,0.12407355,3,4,0.3038729,-4191.381,11.169799,-1.1890945,-4179.0221
1,4,0.14211745,2,4,0.11888566,3,4,0.29116655,-4190.9775,11.043393,-0.83273736,-4179.1014
1,4,0.1725101,2,4,0.14392091,3,4,0.31886514,-4193.2138,12.705923,-3.4276425,-4177.0802
1,4,0.13882872,2,4,0.14455898,3,4,0.29383646,-4190.6618,11.544483,-0.57324072,-4178.5441
1,4,0.15732897,2,4,0.13482947,3,4,0.28941995,-4190.5596,11.631568,-0.47428198,-4178.4538
1,4,0.17174284,2,4,0.1239874,3,4,0.29939293,-4191.5049,11.902463,-1.5334958,-4178.0689
1,4,0.15716576,2,4,0.12266193,3,4,0.29076837,-4190.5921,11.411921,-0.48432673,-4178.6958
1,4,0.18544049,2,4,0.12943939,3,4,0.2647311,-4195.1745,11.592219,-5.3788911,-4178.2034
1,4,0.18373025,2,4,0.11428523,3,4,0.27830589,-4194.1089,11.526428,-4.1759677,-4178.4065
1,4,0.14107735,2,4,0.1240445,3,4,0.33466618,-4191.8994,11.995761,-1.9100623,-4177.9936
1,4,0.16444863,2,4,0.11547743,3,4,0.28613258,-4191.5837,11.321173,-1.4313655,-4178.8312
1,4,0.13745251,2,4,0.10816192,3,4,0.32982725,-4193.5977,11.508834,-3.2940583,-4178.7949
1,4,0.13977927,2,4,0.15558704,3,4,0.32117357,-4192.2409,12.330798,-2.3840773,-4177.526
1,4,0.15348428,2,4,0.10371609,3,4,0.30441896,-4192.5678,11.232386,-2.1886019,-4179.1468
1,4,0.14126161,2,4,0.16070664,3,4,0.33585882,-4194.0217,12.756541,-4.4876047,-4176.7776
1,4,0.15312614,2,4,0.10323472,3,4,0.30113594,-4192.6813,11.149936,-2.2696758,-4179.2616
1,4,0.13861007,2,4,0.1492483,3,4,0.32446947,-4191.7934,12.246557,-1.8508294,-4177.696
1,4,0.15189688,2,4,0.13465329,3,4,0.29309279,-4190.2502,11.592859,-0.15499289,-4178.5023
1,4,0.12990477,2,4,0.15236979,3,4,0.29400134,-4191.6975,11.525518,-1.6134596,-4178.5585
1,4,0.14690646,2,4,0.15368124,3,4,0.27105042,-4192.474,11.432762,-2.4014079,-4178.6398
1,4,0.14184021,2,4,0.13299514,3,4,0.29468373,-4190.2214,11.390381,-0.12159166,-4178.7094
1,4,0.13126935,2,4,0.14039668,3,4,0.30594892,-4190.9116,11.552299,-0.79034818,-4178.5689
1,4,0.12823309,2,4,0.13018244,3,4,0.29250783,-4191.4013,11.018467,-1.2003211,-4179.1825
1,4,0.15639968,2,4,0.1497378,3,4,0.29736436,-4191.469,12.070037,-1.4891728,-4177.9098
1,4,0.15219026,2,4,0.134182,3,4,0.29860865,-4190.1982,11.699618,-0.10364294,-4178.3949
1,4,0.14378607,2,4,0.12640643,3,4,0.30532704,-4190.2807,11.510391,-0.18027626,-4178.59
1,4,0.14420933,2,4,0.1305488,3,4,0.28183921,-4190.6196,11.131947,-0.49951524,-4178.9881
1,4,0.15716454,2,4,0.13684953,3,4,0.28651512,-4190.7102,11.610584,-0.62606591,-4178.4736
1,4,0.14137667,2,4,0.11323331,3,4,0.2771809,-4192.4726,10.635818,-2.1845695,-4179.6522
1,4,0.13323683,2,4,0.15149759,3,4,0.29826977,-4191.3612,11.660084,-1.3110785,-4178.3901
1,4,0.15258621,2,4,0.12460733,3,4,0.3034386,-4190.2751,11.612643,-0.17755341,-4178.4849
1,4,0.1590827,2,4,0.12657123,3,4,0.31091663,-4190.6122,11.931411,-0.54148841,-4178.1393
1,4,0.15722532,2,4,0.13011792,3,4,0.27774849,-4191.0134,11.301835,-0.88341108,-4178.8282
1,4,0.16259415,2,4,0.12464635,3,4,0.26213049,-4192.8485,10.98742,-2.5318727,-4179.3292
1,4,0.16650763,2,4,0.12903736,3,4,0.27620732,-4191.7433,11.435046,-1.6504567,-4178.6578
1,4,0.14273678,2,4,0.13769225,3,4,0.30108761,-4190.2279,11.630333,-0.13297229,-4178.4646
1,4,0.14183978,2,4,0.13101934,3,4,0.28996057,-4190.345,11.256394,-0.24147865,-4178.8472
1,4,0.16580645,2,4,0.12919216,3,4,0.2707729,-4192.1032,11.31543,-1.9600203,-4178.8277
1,4,0.14168364,2,4,0.13829504,3,4,0.30772843,-4190.3526,11.754142,-0.26254593,-4178.3359
1,4,0.18208238,2,4,0.12153168,3,4,0.33627154,-4194.5051,12.797712,-5.0971839,-4176.6102
1,4,0.1596424,2,4,0.13787482,3,4,0.30189315,-4190.7446,11.988207,-0.68230887,-4178.074
1,4,0.13845777,2,4,0.11282538,3,4,0.26509578,-4193.9778,10.327579,-3.5164807,-4180.1338
1,4,0.15456646,2,4,0.13335826,3,4,0.31247181,-4190.5043,12.007931,-0.42145388,-4178.0749
1,4,0.13435845,2,4,0.13507888,3,4,0.28478518,-4190.9257,11.08445,-0.77998452,-4179.0613
1,4,0.1439701,2,4,0.13132307,3,4,0.30577873,-4190.1774,11.621438,-0.080914029,-4178.4751
1,4,0.17134827,2,4,0.13706495,3,4,0.29985861,-4191.84,12.165437,-1.9190089,-4177.7556
1,4,0.13245031,2,4,0.16232317,3,4,0.33001907,-4193.7952,12.495851,-4.2239456,-4177.0754
1,4,0.13625377,2,4,0.13006217,3,4,0.29590341,-4190.5391,11.244387,-0.42185192,-4178.8728
1,4,0.16363782,2,4,0.15661958,3,4,0.27004862,-4193.9847,11.80612,-4.1909874,-4177.9876
1,4,0.16749613,2,4,0.1489118,3,4,0.27920193,-4192.8594,11.912197,-3.0010707,-4177.9462
1,4,0.1169502,2,4,0.14289259,3,4,0.27665269,-4193.8225,10.729909,-3.2475443,-4179.8451
1,4,0.16240924,2,4,0.12499353,3,4,0.26902762,-4192.08,11.128608,-1.8680804,-4179.0833
1,4,0.16446405,2,4,0.12711426,3,4,0.25818504,-4193.4013,10.995267,-3.0394729,-4179.3665
1,4,0.1321755,2,4,0.13746289,3,4,0.31715438,-4191.1046,11.735855,-1.0092519,-4178.3595
1,4,0.16610974,2,4,0.12313626,3,4,0.30679055,-4191.0452,11.920731,-1.014499,-4178.11
1,4,0.15486536,2,4,0.11974145,3,4,0.32862295,-4191.5244,12.064595,-1.5165587,-4177.9432
1,4,0.1181083,2,4,0.13985424,3,4,0.30956211,-4192.6787,11.350493,-2.3367199,-4178.9915
1,4,0.14965476,2,4,0.12018035,3,4,0.27022655,-4191.9095,10.801233,-1.6662324,-4179.4421
1,4,0.13464108,2,4,0.11201297,3,4,0.3128072,-4192.4733,11.189225,-2.1635832,-4179.1205
1,4,0.16273751,2,4,0.12478035,3,4,0.32777283,-4191.6938,12.305814,-1.7353007,-4177.6527
1,4,0.15300342,2,4,0.12308873,3,4,0.32516565,-4191.112,12.025156,-1.0756349,-4178.0113
1,4,0.16645457,2,4,0.12316061,3,4,0.3042433,-4191.0356,11.87717,-1.0028017,-4178.1556
1,4,0.16685321,2,4,0.12678453,3,4,0.29376626,-4191.0482,11.74808,-1.0112899,-4178.2888
1,4,0.14125061,2,4,0.10734412,3,4,0.29487092,-4192.6026,10.869313,-2.2304783,-4179.5028
1,4,0.14408888,2,4,0.11949706,3,4,0.30126233,-4190.67,11.296965,-0.54175889,-4178.8312
1,4,0.15972341,2,4,0.16202893,3,4,0.31857678,-4194.1665,12.806582,-4.5955248,-4176.7644
1,4,0.14918191,2,4,0.14049262,3,4,0.27324779,-4191.3079,11.258446,-1.1564213,-4178.893
1,4,0.14752475,2,4,0.13720343,3,4,0.32127773,-4190.8294,12.120118,-0.77338496,-4177.9359
1,4,0.15264643,2,4,0.1031884,3,4,0.28547009,-4193.189,10.826098,-2.6920525,-4179.6709
1,4,0.15589346,2,4,0.14400175,3,4,0.29918157,-4190.8898,11.981536,-0.84165433,-4178.0666
1,4,0.14150891,2,4,0.14132502,3,4,0.29918776,-4190.3827,11.640434,-0.29322291,-4178.449
1,4,0.15279699,2,4,0.14269655,3,4,0.29750082,-4190.6212,11.859887,-0.55165242,-4178.2096
1,4,0.16053609,2,4,0.11752807,3,4,0.26714769,-4192.6228,10.904237,-2.3041249,-4179.4145
1,4,0.16458237,2,4,0.15177567,3,4,0.32007868,-4193.2236,12.728735,-3.4201178,-4177.0747
1,4,0.13416233,2,4,0.14096947,3,4,0.2889209,-4190.8527,11.281054,-0.72115207,-4178.8505
1,4,0.1432807,2,4,0.12180998,3,4,0.35007949,-4193.4267,12.303403,-3.684893,-4177.4384
1,4,0.15160495,2,4,0.11427726,3,4,0.31542847,-4191.2384,11.626214,-1.1064756,-4178.5057
1,4,0.1510506,2,4,0.12719154,3,4,0.29274113,-4190.2416,11.419666,-0.14172496,-4178.6802
1,4,0.14679725,2,4,0.11679903,3,4,0.30933453,-4190.9011,11.458616,-0.76306319,-4178.6794
1,4,0.13105951,2,4,0.14769111,3,4,0.30664904,-4191.2681,11.707993,-1.1918139,-4178.3683
1,4,0.15647298,2,4,0.13074649,3,4,0.28723604,-4190.5117,11.48911,-0.41402443,-4178.6086
1,4,0.13467938,2,4,0.14926266,3,4,0.30797977,-4191.1973,11.838436,-1.1594881,-4178.1994
1,4,0.1561409,2,4,0.14121032,3,4,0.32459608,-4191.6107,12.438946,-1.6059771,-4177.5658
1,4,0.15017189,2,4,0.13830612,3,4,0.30848,-4190.4051,11.93916,-0.31743804,-4178.1485
1,4,0.13644693,2,4,0.13588759,3,4,0.29603736,-4190.4556,11.367438,-0.3434394,-4178.7447
1,4,0.16574392,2,4,0.1562242,3,4,0.30553588,-4193.3619,12.55008,-3.6572845,-4177.1545
1,4,0.1568936,2,4,0.12476325,3,4,0.33625487,-4192.0196,12.358234,-2.1097191,-4177.5516
1,4,0.14359878,2,4,0.10147344,3,4,0.27630338,-4194.7219,10.427512,-4.0109886,-4180.2834
1,4,0.14168221,2,4,0.13413743,3,4,0.3114503,-4190.3641,11.745399,-0.27300058,-4178.3457
1,4,0.16583,2,4,0.13119302,3,4,0.33851827,-4192.9481,12.710826,-3.1531021,-4177.0842
1,4,0.15793535,2,4,0.14399026,3,4,0.28006672,-4191.4578,11.639847,-1.404286,-4178.4136
1,4,0.15452714,2,4,0.12753316,3,4,0.272902,-4191.307,11.099246,-1.131538,-4179.0763
1,4,0.14689023,2,4,0.1190075,3,4,0.33405059,-4191.9625,11.998966,-1.9670714,-4177.9964
1,4,0.13663944,2,4,0.13021867,3,4,0.3147472,-4190.7304,11.632106,-0.62834915,-4178.4699
1,4,0.13912093,2,4,0.13400526,3,4,0.31963657,-4190.7765,11.855255,-0.70447183,-4178.2167
1,4,0.15298036,2,4,0.12995037,3,4,0.27190419,-4191.3076,11.096698,-1.1292273,-4179.0817
1,4,0.13569432,2,4,0.12681547,3,4,0.3217359,-4191.2247,11.684914,-1.127813,-4178.4119
1,4,0.14795537,2,4,0.11743603,3,4,0.28614556,-4191.0769,11.030739,-0.91718948,-4179.129
1,4,0.16252056,2,4,0.11861701,3,4,0.33303014,-4192.2213,12.283354,-2.3173381,-4177.6206
1,4,0.14245473,2,4,0.12953888,3,4,0.29520286,-4190.2367,11.343929,-0.13720619,-4178.7556
1,4,0.15007138,2,4,0.1378672,3,4,0.30853541,-4190.3842,11.92948,-0.29552545,-4178.1592
1,4,0.16400113,2,4,0.14767912,3,4,0.28151424,-4192.2375,11.86389,-2.3010726,-4178.0725
1,4,0.14358251,2,4,0.12215182,3,4,0.28016857,-4191.1296,10.918058,-0.97999331,-4179.2315
1,4,0.15494846,2,4,0.14104174,3,4,0.28248617,-4190.9625,11.569527,-0.87807818,-4178.5149
1,4,0.16981945,2,4,0.12258838,3,4,0.32098736,-4191.9025,12.267904,-1.9825615,-4177.652
1,4,0.15018031,2,4,0.10598003,3,4,0.31178735,-4192.3185,11.358954,-2.011818,-4178.9477
1,4,0.1609554,2,4,0.1105251,3,4,0.32143862,-4192.036,11.858382,-1.9559727,-4178.2216
1,4,0.15234807,2,4,0.13764462,3,4,0.27740762,-4190.9738,11.348006,-0.84857611,-4178.7773
1,4,0.14775309,2,4,0.12842593,3,4,0.28222312,-4190.5886,11.168043,-0.46968881,-4178.9508
1,4,0.15566308,2,4,0.10855684,3,4,0.33068197,-4192.706,11.898038,-2.6313743,-4178.1766
1,4,0.13506652,2,4,0.145015,3,4,0.30358392,-4190.819,11.673309,-0.73582394,-4178.4098
1,4,0.14419212,2,4,0.1199085,3,4,0.31309199,-4190.8106,11.543852,-0.69355228,-4178.5732
1,4,0.14526505,2,4,0.15119902,3,4,0.28258396,-4191.4637,11.580961,-1.4208865,-4178.4618
1,4,0.15742161,2,4,0.09235003,3,4,0.33193663,-4196.0333,11.634165,-5.4106829,-4178.9885
1,4,0.15009409,2,4,0.13237791,3,4,0.28218513,-4190.5513,11.293143,-0.43574221,-4178.8224
1,4,0.15786464,2,4,0.10738813,3,4,0.25708508,-4195.2147,10.446757,-4.4256638,-4180.3422
1,4,0.14229761,2,4,0.13818937,3,4,0.3137127,-4190.5143,11.883994,-0.43445085,-4178.1958
1,4,0.13903315,2,4,0.1376541,3,4,0.27790994,-4191.034,11.091944,-0.88164715,-4179.0604
1,4,0.15791394,2,4,0.10585227,3,4,0.31865234,-4192.4677,11.648371,-2.2577496,-4178.5616
1,4,0.15265643,2,4,0.14210971,3,4,0.27090172,-4191.6706,11.313357,-1.5196065,-4178.8376
1,4,0.15494528,2,4,0.12607641,3,4,0.2951421,-4190.3098,11.523276,-0.21265395,-4178.5739
1,4,0.14559826,2,4,0.13877264,3,4,0.29463929,-4190.2656,11.580204,-0.17160245,-4178.5138
1,4,0.1273004,2,4,0.14206707,3,4,0.29935338,-4191.3042,11.374417,-1.1339983,-4178.7958
1,4,0.13693248,2,4,0.13329052,3,4,0.2512243,-4194.224,10.428946,-3.6160842,-4180.179
1,4,0.16328838,2,4,0.13286782,3,4,0.28445686,-4191.0756,11.612261,-1.0096524,-4178.4537
1,4,0.15717255,2,4,0.13004078,3,4,0.30308002,-4190.3549,11.805867,-0.26867442,-4178.2803
1,4,0.1302086,2,4,0.13312445,3,4,0.27944003,-4191.6514,10.855462,-1.4369196,-4179.359
1,4,0.14554998,2,4,0.1416066,3,4,0.30751782,-4190.4699,11.893488,-0.39025152,-4178.1861
1,4,0.13797014,2,4,0.12236682,3,4,0.28828182,-4191.0385,10.972376,-0.89815773,-4179.168
1,4,0.13683785,2,4,0.139413,3,4,0.26807362,-4191.9975,10.886489,-1.7407763,-4179.3702
1,4,0.13254394,2,4,0.13604337,3,4,0.27522599,-4191.6676,10.876266,-1.4499556,-4179.3414
1,4,0.14148195,2,4,0.13821394,3,4,0.31000112,-4190.4102,11.79394,-0.3228656,-4178.2934
1,4,0.17454734,2,4,0.12735141,3,4,0.32030865,-4192.4342,12.444148,-2.6056375,-4177.3844
1,4,0.13608771,2,4,0.14709956,3,4,0.29744455,-4190.8871,11.612636,-0.80950055,-4178.4649
1,4,0.14727445,2,4,0.12795677,3,4,0.26984379,-4191.5151,10.9015,-1.310029,-4179.3036
1,4,0.15489704,2,4,0.15122824,3,4,0.31369885,-4191.9017,12.396483,-1.9546198,-4177.5506
1,4,0.14064747,2,4,0.13448572,3,4,0.29600078,-4190.2464,11.422679,-0.14562264,-4178.6781
1,4,0.16399211,2,4,0.13168806,3,4,0.28072177,-4191.2823,11.528039,-1.2049669,-4178.5493
1,4,0.15008135,2,4,0.1439156,3,4,0.28873871,-4190.7277,11.654713,-0.65371042,-4178.4193
1,4,0.1622608,2,4,0.13834579,3,4,0.31872355,-4191.5292,12.386603,-1.5192673,-4177.6233
1,4,0.13628424,2,4,0.12081113,3,4,0.29237278,-4191.1833,10.989363,-1.0255314,-4179.1684
1,4,0.1409702,2,4,0.13052706,3,4,0.29583339,-4190.263,11.346613,-0.16197471,-4178.7544
1,4,0.14541159,2,4,0.14006762,3,4,0.29429822,-4190.323,11.595549,-0.23121913,-4178.4963
1,4,0.1458875,2,4,0.13832908,3,4,0.34079112,-4192.3732,12.500154,-2.520358,-4177.3526
1,4,0.17847094,2,4,0.10920911,3,4,0.31582995,-4193.2736,12.0702,-3.4365124,-4177.7668
1,4,0.12414317,2,4,0.15059786,3,4,0.28429413,-4192.4627,11.180703,-2.2150873,-4179.0669
1,4,0.13888383,2,4,0.12612315,3,4,0.3054081,-4190.5122,11.408302,-0.39980932,-4178.7041
1,4,0.15852317,2,4,0.11958546,3,4,0.29759752,-4190.6816,11.514123,-0.57475047,-4178.5928
1,4,0.15390154,2,4,0.13366068,3,4,0.31546659,-4190.6007,12.060576,-0.52349948,-4178.0166
1,4,0.14962928,2,4,0.13675198,3,4,0.29093856,-4190.2977,11.546396,-0.20152507,-4178.5498
1,4,0.15473139,2,4,0.13903637,3,4,0.29184261,-4190.5441,11.712208,-0.46303048,-4178.3689
1,4,0.13475809,2,4,0.13817871,3,4,0.30684619,-4190.621,11.59566,-0.51491962,-4178.5104
1,4,0.16788026,2,4,0.1260934,3,4,0.30776331,-4191.1949,12.03474,-1.191104,-4177.9691
1,4,0.13342415,2,4,0.14227977,3,4,0.32584647,-4191.6154,12.031008,-1.6060584,-4177.9783
1,4,0.15546751,2,4,0.13148701,3,4,0.32504682,-4191.1305,12.240027,-1.1009284,-4177.7896
1,4,0.14723571,2,4,0.12063638,3,4,0.30751645,-4190.5368,11.507771,-0.42454809,-4178.6044
1,4,0.14492386,2,4,0.13308289,3,4,0.29593779,-4190.1364,11.478891,-0.039181525,-4178.6183
1,4,0.1321074,2,4,0.12721538,3,4,0.30721398,-4191.0295,11.330735,-0.87630674,-4178.8224
1,4,0.15566961,2,4,0.13422636,3,4,0.28920224,-4190.465,11.581964,-0.3731133,-4178.5099
1,4,0.15232281,2,4,0.13106729,3,4,0.28008,-4190.7031,11.269402,-0.57939313,-4178.8543
1,4,0.15853917,2,4,0.13688081,3,4,0.29664185,-4190.6016,11.841237,-0.52953488,-4178.2308
1,4,0.14739252,2,4,0.12191798,3,4,0.29211923,-4190.5055,11.228595,-0.39117032,-4178.8858
1,4,0.15642145,2,4,0.13544259,3,4,0.27375037,-4191.3198,11.312288,-1.1776666,-4178.8298
1,4,0.13067834,2,4,0.13697457,3,4,0.28692395,-4191.1571,11.091537,-0.98467729,-4179.0808
1,4,0.15569059,2,4,0.14263402,3,4,0.30677928,-4190.8767,12.102078,-0.81960514,-4177.955
1,4,0.13304952,2,4,0.13661006,3,4,0.31185966,-4190.8374,11.630385,-0.72766975,-4178.4793
1,4,0.15784181,2,4,0.1229825,3,4,0.29964423,-4190.4757,11.609371,-0.38201135,-4178.4843
1,4,0.14712782,2,4,0.13391064,3,4,0.29594155,-4190.1299,11.5396,-0.03306892,-4178.5572
1,4,0.15573299,2,4,0.14726549,3,4,0.29925078,-4191.1724,12.044985,-1.155248,-4177.9722
1,4,0.14479062,2,4,0.11606666,3,4,0.3307514,-4192.0316,11.832174,-1.9693315,-4178.2301
1,4,0.15062767,2,4,0.12387641,3,4,0.28844562,-4190.4785,11.258994,-0.36647328,-4178.853
1,4,0.17152411,2,4,0.11795136,3,4,0.32224726,-4192.2528,12.234455,-2.3681556,-4177.6502
1,4,0.13996546,2,4,0.15284996,3,4,0.28026853,-4191.758,11.461679,-1.6940323,-4178.6023
1,4,0.09693995,2,4,0.14211426,3,4,0.29905491,-4198.4802,10.762182,-6.6693024,-4181.0487
1,4,0.14526441,2,4,0.12513312,3,4,0.28049669,-4190.858,11.017884,-0.72486389,-4179.1153
1,4,0.13890689,2,4,0.1629187,3,4,0.26641145,-4194.0426,11.364741,-4.0098293,-4178.6681
1,4,0.1542584,2,4,0.12207661,3,4,0.29347001,-4190.4737,11.3961,-0.36423603,-4178.7133
1,4,0.14435191,2,4,0.11224983,3,4,0.31431672,-4191.6577,11.418369,-1.457475,-4178.7818
1,4,0.17342104,2,4,0.13114239,3,4,0.30657339,-4191.8859,12.222737,-1.983515,-4177.6797
1,4,0.13902599,2,4,0.10867509,3,4,0.3236403,-4192.9868,11.426827,-2.685037,-4178.8749
1,4,0.14361794,2,4,0.10078852,3,4,0.32040074,-4194.0311,11.296144,-3.4935806,-4179.2414
1,4,0.16995893,2,4,0.10290339,3,4,0.30068269,-4193.1376,11.4709,-2.8680055,-4178.7987
1,4,0.15705267,2,4,0.10373452,3,4,0.31652011,-4192.7404,11.546146,-2.4525213,-4178.7417
1,4,0.13234394,2,4,0.13690732,3,4,0.30055083,-4190.7291,11.396042,-0.59841459,-4178.7347
1,4,0.1697132,2,4,0.11379022,3,4,0.30810816,-4191.8205,11.832232,-1.7947618,-4178.1935
1,4,0.14058466,2,4,0.1101176,3,4,0.30951788,-4192.1164,11.204403,-1.8327399,-4179.0793
1,4,0.13695668,2,4,0.12653386,3,4,0.29739889,-4190.6145,11.217789,-0.49437004,-4178.9024
1,4,0.14116637,2,4,0.14108056,3,4,0.34739764,-4193.1974,12.592891,-3.4934163,-4177.1111
1,4,0.15894631,2,4,0.1330144,3,4,0.27767125,-4191.1291,11.392639,-1.0126501,-4178.7238
1,4,0.14617228,2,4,0.11688538,3,4,0.30822887,-4190.8915,11.425731,-0.75106953,-4178.7147
1,4,0.15864164,2,4,0.14215946,3,4,0.28951198,-4191.0209,11.806262,-0.97444925,-4178.2402
1,4,0.1441982,2,4,0.14421782,3,4,0.27789048,-4191.1555,11.32613,-1.0323415,-4178.7971
1,4,0.15800595,2,4,0.12191482,3,4,0.29816633,-4190.533,11.561742,-0.43518213,-4178.5361
1,4,0.14861144,2,4,0.12354256,3,4,0.33450175,-4191.7295,12.133115,-1.762468,-4177.8339
1,4,0.16510714,2,4,0.14214878,3,4,0.28332664,-4191.7697,11.811651,-1.7808873,-4178.1772
1,4,0.12805047,2,4,0.11894825,3,4,0.31308945,-4192.3829,11.201763,-2.0912617,-4179.0899
1,4,0.15367979,2,4,0.12679532,3,4,0.31870097,-4190.685,11.983522,-0.61822582,-4178.0833
1,4,0.15696415,2,4,0.13909411,3,4,0.3169414,-4191.0786,12.259993,-1.0278111,-4177.7908
1,4,0.16700769,2,4,0.14934511,3,4,0.33005018,-4193.9127,12.92806,-4.1798292,-4176.8048
1,4,0.12508408,2,4,0.13726142,3,4,0.30858378,-4191.5846,11.418586,-1.3832266,-4178.7828
1,4,0.14451633,2,4,0.14962968,3,4,0.30622991,-4191.0421,12.007518,-1.0223886,-4178.0121
1,4,0.17949329,2,4,0.11913454,3,4,0.31150852,-4192.7009,12.202727,-2.9301853,-4177.5679
1,4,0.15177475,2,4,0.11530338,3,4,0.31407303,-4191.0892,11.623023,-0.96370811,-4178.5025
1,4,0.14979212,2,4,0.13063331,3,4,0.29734909,-4190.1187,11.555491,-0.021963757,-4178.5412
1,4,0.15648383,2,4,0.10971858,3,4,0.29290758,-4191.7073,11.1822,-1.4632049,-4179.0619
1,4,0.12905097,2,4,0.14753432,3,4,0.32495615,-4192.1356,12.030829,-2.1531693,-4177.9517
1,4,0.15529184,2,4,0.14206139,3,4,0.34136041,-4193.0397,12.774273,-3.2359722,-4177.0295
1,4,0.14297915,2,4,0.13118432,3,4,0.27369662,-4191.1927,10.957202,-1.0237208,-4179.2118
1,4,0.15494154,2,4,0.13944113,3,4,0.27837171,-4191.0905,11.455088,-0.98409577,-4178.6514
1,4,0.17268355,2,4,0.13657399,3,4,0.28995534,-4192.0466,11.984258,-2.1429448,-4177.9194
1,4,0.1487227,2,4,0.12402288,3,4,0.29946862,-4190.2664,11.444284,-0.16398198,-4178.6581
1,4,0.15976838,2,4,0.1328829,3,4,0.28161858,-4190.9528,11.485397,-0.85657947,-4178.6108
1,4,0.13810175,2,4,0.139889,3,4,0.30429506,-4190.4553,11.645716,-0.36086498,-4178.4487
1,4,0.14093736,2,4,0.11976108,3,4,0.29588689,-4190.8535,11.131707,-0.71589755,-4179.0059
1,4,0.17368056,2,4,0.12478191,3,4,0.31061125,-4191.8854,12.181474,-1.9839184,-4177.72
1,4,0.11731526,2,4,0.13442217,3,4,0.29704678,-4192.9285,10.975684,-2.4739792,-4179.4788
1,4,0.13205949,2,4,0.13455907,3,4,0.34840173,-4193.5149,12.300406,-3.7624405,-4177.4521
1,4,0.15403763,2,4,0.11607182,3,4,0.32036539,-4191.2801,11.809497,-1.1954752,-4178.2751
1,4,0.16099026,2,4,0.1421232,3,4,0.30181466,-4191.138,12.098562,-1.1102012,-4177.9293
1,4,0.13885118,2,4,0.14196325,3,4,0.3236497,-4191.2324,12.089283,-1.2123424,-4177.9308
1,4,0.14049904,2,4,0.13339073,3,4,0.29713777,-4190.2389,11.420551,-0.13801149,-4178.6803
1,4,0.15371132,2,4,0.10389019,3,4,0.32123499,-4192.9181,11.57673,-2.6327898,-4178.7086
1,4,0.1347261,2,4,0.13109227,3,4,0.29995301,-4190.5919,11.315428,-0.46872473,-4178.8077
1,4,0.1380233,2,4,0.10881379,3,4,0.27622177,-4193.6168,10.461177,-3.1761792,-4179.9795
1,4,0.15897028,2,4,0.10973464,3,4,0.28005435,-4192.357,10.975185,-2.0420365,-4179.3397
1,4,0.15899163,2,4,0.13324521,3,4,0.31648806,-4190.9056,12.174498,-0.84992257,-4177.8812
1,4,0.15770806,2,4,0.1235994,3,4,0.29683173,-4190.4637,11.562784,-0.36838657,-4178.5325
1,4,0.14049631,2,4,0.13644479,3,4,0.32400662,-4191.0063,12.018954,-0.9639804,-4178.0234
1,4,0.1293131,2,4,0.12107345,3,4,0.27923172,-4192.597,10.592365,-2.3136103,-4179.691
1,4,0.16660378,2,4,0.14048065,3,4,0.30585532,-4191.6248,12.258795,-1.6509901,-4177.715
1,4,0.14003893,2,4,0.12267621,3,4,0.28506118,-4191.0076,10.955526,-0.87116799,-4179.1809
1,4,0.15323995,2,4,0.11928266,3,4,0.31273816,-4190.7318,11.705216,-0.6335254,-4178.3931
1,4,0.14386508,2,4,0.1223563,3,4,0.30309659,-4190.4661,11.386359,-0.35410852,-4178.7257
1,4,0.16486456,2,4,0.10574171,3,4,0.33984415,-4194.0216,12.209008,-4.1676791,-4177.6449
1,4,0.10515042,2,4,0.14164265,3,4,0.32528351,-4196.1984,11.441532,-5.407626,-4179.3492
1,4,0.14251532,2,4,0.1398011,3,4,0.30918009,-4190.4295,11.82993,-0.34531134,-4178.2542
1,4,0.14196915,2,4,0.12491982,3,4,0.27837724,-4191.1318,10.905324,-0.98271078,-4179.2438
1,4,0.15398138,2,4,0.12788414,3,4,0.34056564,-4192.2819,12.448623,-2.4187233,-4177.4146
1,4,0.14103796,2,4,0.13264366,3,4,0.27256103,-4191.3383,10.924853,-1.1549633,-4179.2585
1,4,0.16506497,2,4,0.11902829,3,4,0.33461404,-4192.4994,12.374146,-2.6475506,-4177.4777
1,4,0.16123301,2,4,0.11521853,3,4,0.31345743,-4191.2841,11.79818,-1.2041203,-4178.2818
1,4,0.13986789,2,4,0.11925128,3,4,0.31015337,-4191.0159,11.385451,-0.87189034,-4178.7586
1,4,0.14424675,2,4,0.13427839,3,4,0.30213223,-4190.1418,11.613147,-0.045231868,-4178.4834
1,4,0.14974671,2,4,0.12962211,3,4,0.29098879,-4190.226,11.407152,-0.12640387,-4178.6925
1,4,0.15029639,2,4,0.11553303,3,4,0.31692568,-4191.1789,11.655102,-1.0589306,-4178.4648
1,4,0.14064881,2,4,0.15398288,3,4,0.3170986,-4191.8426,12.234606,-1.9254663,-4177.6826
1,4,0.15806275,2,4,0.14091028,3,4,0.31111906,-4191.0345,12.201842,-0.98382724,-4177.8488
1,4,0.13814899,2,4,0.14739752,3,4,0.29843434,-4190.829,11.679617,-0.76288144,-4178.3865
1,4,0.1560731,2,4,0.13003795,3,4,0.2962811,-4190.2976,11.647843,-0.20644335,-4178.4433
1,4,0.15889437,2,4,0.10864387,3,4,0.30296813,-4191.7582,11.410127,-1.5388823,-4178.8092
1,4,0.13991994,2,4,0.14777173,3,4,0.27944235,-4191.3666,11.34268,-1.2519247,-4178.772
1,4,0.16419795,2,4,0.10587954,3,4,0.32050185,-4192.7092,11.811587,-2.5859379,-4178.3117
1,4,0.16569981,2,4,0.11749375,3,4,0.29926535,-4191.1952,11.649178,-1.1197846,-4178.4262
1,4,0.13357957,2,4,0.15884587,3,4,0.29714164,-4192.1126,11.791342,-2.1806145,-4178.1407
1,4,0.17445908,2,4,0.10556263,3,4,0.29739415,-4193.1232,11.548317,-2.9750134,-4178.5999
1,4,0.15433224,2,4,0.14118416,3,4,0.30320182,-4190.6283,11.974364,-0.55572831,-4178.0982
1,4,0.1569147,2,4,0.14986715,3,4,0.30237146,-4191.5618,12.183066,-1.5888917,-4177.7898
1,4,0.14820556,2,4,0.13469148,3,4,0.32272179,-4190.8398,12.112376,-0.78667878,-4177.9408
1,4,0.14854324,2,4,0.14696322,3,4,0.29753114,-4190.7973,11.860752,-0.7480487,-4178.1885
1,4,0.14811552,2,4,0.13408935,3,4,0.30343967,-4190.1414,11.712891,-0.045142566,-4178.3833
1,4,0.12885177,2,4,0.13721088,3,4,0.30012985,-4191.0652,11.32385,-0.9006912,-4178.8407
1,4,0.14831088,2,4,0.14901618,3,4,0.29887322,-4190.9782,11.924006,-0.95014743,-4178.1041
1,4,0.15588668,2,4,0.14550717,3,4,0.30559014,-4191.1031,12.13968,-1.0698835,-4177.8935
1,4,0.1328787,2,4,0.13074858,3,4,0.28844383,-4190.9872,11.041422,-0.83766411,-4179.1081
1,4,0.15413133,2,4,0.10866267,3,4,0.28958582,-4191.9697,11.047597,-1.6808613,-4179.2412
1,4,0.15829076,2,4,0.14142848,3,4,0.31105104,-4191.087,12.215406,-1.0407409,-4177.8308
1,4,0.12117246,2,4,0.13981984,3,4,0.30720506,-4192.124,11.363947,-1.8544171,-4178.9057
1,4,0.1510657,2,4,0.11317731,3,4,0.30952531,-4191.204,11.475366,-1.0407143,-4178.6879
1,4,0.14305538,2,4,0.12547385,3,4,0.26992621,-4191.7418,10.769109,-1.5263598,-4179.4463
1,4,0.16811248,2,4,0.13222106,3,4,0.28650016,-4191.4219,11.736674,-1.4071484,-4178.2781
1,4,0.14705514,2,4,0.11793558,3,4,0.28521191,-4191.0945,11.004052,-0.9361847,-4179.1543
1,4,0.15223107,2,4,0.13851041,3,4,0.28089372,-4190.8015,11.432704,-0.69330421,-4178.6755
1,4,0.16179036,2,4,0.11450002,3,4,0.29599189,-4191.2319,11.445645,-1.094111,-4178.6921
1,4,0.17902378,2,4,0.11530892,3,4,0.30278455,-4192.6437,11.942345,-2.7859321,-4177.9154
1,4,0.14317283,2,4,0.13636933,3,4,0.2927435,-4190.2504,11.445713,-0.15126704,-4178.6534
1,4,0.13911501,2,4,0.11426919,3,4,0.3226049,-4192.0819,11.519782,-1.8985689,-4178.6635
1,4,0.14268022,2,4,0.14022133,3,4,0.30971462,-4190.4601,11.852323,-0.37815026,-4178.2297
1,4,0.14439829,2,4,0.14021339,3,4,0.31904485,-4190.8189,12.073131,-0.76324941,-4177.9826
1,4,0.16157966,2,4,0.12401224,3,4,0.3091406,-4190.7479,11.89465,-0.68612004,-4178.1671
1,4,0.13191402,2,4,0.15129709,3,4,0.32917092,-4192.512,12.247641,-2.6433397,-4177.6211
1,4,0.14791256,2,4,0.11827377,3,4,0.30639603,-4190.6897,11.451647,-0.56364048,-4178.6744
1,4,0.1568224,2,4,0.11023408,3,4,0.30644665,-4191.5254,11.470063,-1.3357838,-4178.7196
1,4,0.13307088,2,4,0.14801652,3,4,0.24742256,-4195.4567,10.570199,-4.6662345,-4180.2203
1,4,0.1484525,2,4,0.13422646,3,4,0.28195633,-4190.5618,11.292706,-0.44567148,-4178.8234
1,4,0.1687549,2,4,0.13723133,3,4,0.29141773,-4191.5875,11.948079,-1.618234,-4178.0212
1,4,0.14652356,2,4,0.11968874,3,4,0.31866253,-4190.964,11.697497,-0.8666397,-4178.3998
1,4,0.1456894,2,4,0.14866659,3,4,0.28377198,-4191.1815,11.562559,-1.1182717,-4178.5007
1,4,0.164421,2,4,0.13635526,3,4,0.29039195,-4191.1187,11.823364,-1.0872388,-4178.2081
1,4,0.12964408,2,4,0.12390273,3,4,0.26627493,-4193.4433,10.396435,-3.0580984,-4179.9888
1,4,0.14717707,2,4,0.13082115,3,4,0.30921056,-4190.216,11.744176,-0.12209029,-4178.3497
1,4,0.12792758,2,4,0.14280068,3,4,0.28009546,-4191.8822,11.016474,-1.6410183,-4179.2248
1,4,0.1625987,2,4,0.12230281,3,4,0.27341015,-4191.8119,11.166233,-1.6274848,-4179.0182
1,4,0.13564552,2,4,0.1270646,3,4,0.305876,-4190.6975,11.371722,-0.57200003,-4178.7537
1,4,0.15461443,2,4,0.10584199,3,4,0.31383668,-4192.3049,11.485862,-2.0375235,-4178.7815
1,4,0.14492546,2,4,0.13952527,3,4,0.31679512,-4190.6786,12.024917,-0.61134264,-4178.0423
1,4,0.1496268,2,4,0.14464866,3,4,0.32419418,-4191.516,12.369393,-1.5177639,-4177.6289
1,4,0.10992943,2,4,0.13949982,3,4,0.30088117,-4194.4133,11.006208,-3.6720479,-4179.735
1,4,0.1365357,2,4,0.11994962,3,4,0.31257292,-4191.2666,11.381165,-1.1077727,-4178.7777
1,4,0.15080881,2,4,0.14264544,3,4,0.28151244,-4190.94,11.499334,-0.84569363,-4178.595
1,4,0.13094853,2,4,0.11480674,3,4,0.31266304,-4192.5112,11.168366,-2.200456,-4179.1423
1,4,0.14580736,2,4,0.13284447,3,4,0.32366135,-4190.8464,12.046264,-0.79595191,-4178.0042
1,4,0.14475816,2,4,0.11101234,3,4,0.27377701,-4192.8824,10.59095,-2.5242468,-4179.7672
1,4,0.14366369,2,4,0.14705692,3,4,0.31792676,-4191.2178,12.172947,-1.2054186,-4177.8395
1,4,0.11680583,2,4,0.12025449,3,4,0.27141851,-4195.8061,10.169577,-5.0165439,-4180.62
1,4,0.1533067,2,4,0.12962277,3,4,0.34762473,-4193.0028,12.611084,-3.2686678,-4177.1231
1,4,0.14752068,2,4,0.15071448,3,4,0.30259811,-4191.1535,12.016666,-1.1480413,-4177.9888
1,4,0.17142798,2,4,0.12014198,3,4,0.32096662,-4192.1069,12.250731,-2.213496,-4177.6427
1,4,0.13995636,2,4,0.13112691,3,4,0.32443766,-4191.0128,11.910418,-0.95949241,-4178.1428
1,4,0.15502743,2,4,0.12757659,3,4,0.29851694,-4190.2558,11.622419,-0.16198488,-4178.4714
1,4,0.15455992,2,4,0.12070707,3,4,0.26751088,-4192.1495,10.855557,-1.87292,-4179.4211
1,4,0.1515449,2,4,0.14271827,3,4,0.31206663,-4190.8265,12.126596,-0.76440477,-4177.9355
1,4,0.16654392,2,4,0.13213138,3,4,0.30047862,-4191.0684,11.983078,-1.0492525,-4178.0361
1,4,0.15703979,2,4,0.13054734,3,4,0.32105774,-4190.9522,12.172897,-0.9053703,-4177.8739
1,4,0.14044298,2,4,0.12702607,3,4,0.29099279,-4190.4964,11.169237,-0.38777827,-4178.9394
1,4,0.13254864,2,4,0.1594378,3,4,0.29930276,-4192.2231,11.825784,-2.3066079,-4178.0907
1,4,0.14505541,2,4,0.14321925,3,4,0.28480682,-4190.7386,11.46163,-0.641976,-4178.635
1,4,0.15352741,2,4,0.1440193,3,4,0.29597665,-4190.7587,11.870467,-0.70014483,-4178.1881
1,4,0.16017347,2,4,0.12939901,3,4,0.28727517,-4190.7023,11.536953,-0.61413749,-4178.5513
1,4,0.16407919,2,4,0.1064846,3,4,0.34395694,-4194.2652,12.290415,-4.4913506,-4177.4834
1,4,0.16988565,2,4,0.099098175,3,4,0.29593087,-4193.9318,11.298294,-3.4772948,-4179.1562
1,4,0.12802856,2,4,0.13479469,3,4,0.33490448,-4192.5933,11.954555,-2.5841518,-4178.0546
1,4,0.17031842,2,4,0.11348926,3,4,0.27338551,-4193.0278,11.143864,-2.7741216,-4179.1098
1,4,0.15256917,2,4,0.13661793,3,4,0.27854039,-4190.8769,11.35455,-0.75521096,-4178.7671
1,4,0.1395121,2,4,0.11379504,3,4,0.29730211,-4191.6278,11.012185,-1.4056851,-4179.2099
1,4,0.14404609,2,4,0.13703608,3,4,0.33890339,-4192.1295,12.399711,-2.2412699,-4177.4885
1,4,0.15077217,2,4,0.15204639,3,4,0.3334526,-4193.0308,12.725423,-3.2319175,-4177.0734
1,4,0.13859238,2,4,0.15499268,3,4,0.32121759,-4192.1782,12.296053,-2.3083397,-4177.5738
1,4,0.14374395,2,4,0.13554048,3,4,0.32585345,-4191.0441,12.102757,-1.0117356,-4177.9296
1,4,0.1725465,2,4,0.15480321,3,4,0.29228004,-4193.9358,12.392595,-4.3659039,-4177.1773
1,4,0.14136993,2,4,0.1481145,3,4,0.29813896,-4190.8221,11.752468,-0.76941447,-4178.3002
1,4,0.14388128,2,4,0.1282433,3,4,0.3123258,-4190.3766,11.689007,-0.28373076,-4178.4039
1,4,0.13777042,2,4,0.14203117,3,4,0.26455221,-4192.3887,10.887076,-2.0893258,-4179.4123
1,4,0.13655483,2,4,0.13838774,3,4,0.28857701,-4190.6491,11.270392,-0.52791293,-4178.8508
1,4,0.12514335,2,4,0.12427457,3,4,0.26453429,-4194.3131,10.279044,-3.7996797,-4180.2344
1,4,0.15569877,2,4,0.13051804,3,4,0.3028971,-4190.2882,11.782278,-0.19812013,-4178.3078
1,4,0.18211537,2,4,0.14135982,3,4,0.28447962,-4193.9669,12.159096,-4.4008714,-4177.407
1,4,0.14777271,2,4,0.14869082,3,4,0.28057271,-4191.3665,11.540725,-1.3005929,-4178.5252
1,4,0.14907575,2,4,0.12442322,3,4,0.31584909,-4190.5534,11.786961,-0.46826978,-4178.2982
1,4,0.11073075,2,4,0.14035327,3,4,0.29100244,-4194.4125,10.841729,-3.6597123,-4179.911
1,4,0.14899907,2,4,0.14357738,3,4,0.29401575,-4190.5716,11.731844,-0.49737005,-4178.3424
1,4,0.15413383,2,4,0.12627483,3,4,0.30371969,-4190.267,11.682567,-0.1731258,-4178.4113
1,4,0.16386617,2,4,0.12073267,3,4,0.30526605,-4190.9254,11.797298,-0.86522353,-4178.2629
1,4,0.16152291,2,4,0.12552201,3,4,0.27246903,-4191.7014,11.190279,-1.5262995,-4178.9848
1,4,0.13404104,2,4,0.13559761,3,4,0.28082131,-4191.1573,11.009199,-0.99191677,-4179.1562
1,4,0.15104654,2,4,0.12692902,3,4,0.29578428,-4190.198,11.475197,-0.09956644,-4178.6232
1,4,0.12866563,2,4,0.16066062,3,4,0.29406344,-4192.6442,11.667794,-2.6873543,-4178.2891
1,4,0.14729559,2,4,0.14155581,3,4,0.28579473,-4190.6201,11.492923,-0.52440202,-4178.6028
1,4,0.16800977,2,4,0.13160602,3,4,0.27721634,-4191.8475,11.536643,-1.7925947,-4178.5183
1,4,0.15744359,2,4,0.12886179,3,4,0.29946667,-4190.3457,11.715441,-0.25838048,-4178.3719
1,4,0.13964752,2,4,0.13456268,3,4,0.29440963,-4190.3079,11.372397,-0.20430192,-4178.7312
1,4,0.14783244,2,4,0.15848152,3,4,0.28196781,-4192.4041,11.765635,-2.5033543,-4178.1352
1,4,0.14573695,2,4,0.13924217,3,4,0.29428288,-4190.2886,11.58524,-0.19528841,-4178.508
1,4,0.16456795,2,4,0.13017216,3,4,0.32452918,-4191.6833,12.385386,-1.7140357,-4177.5839
1,4,0.13369108,2,4,0.14594143,3,4,0.31330243,-4191.167,11.858699,-1.113483,-4178.1949
1,4,0.15255733,2,4,0.12765933,3,4,0.29592423,-4190.2054,11.522818,-0.10816415,-4178.5744
1,4,0.15809201,2,4,0.12667453,3,4,0.30979142,-4190.5278,11.891159,-0.45070669,-4178.1859
1,4,0.16258606,2,4,0.12285251,3,4,0.30575391,-4190.7743,11.82385,-0.71088241,-4178.2395
1,4,0.18246829,2,4,0.11606296,3,4,0.2575094,-4195.9662,11.120813,-5.6498389,-4179.1956
1,4,0.16812607,2,4,0.10466179,3,4,0.2813032,-4193.4544,11.081821,-3.0469819,-4179.3256
1,4,0.14440541,2,4,0.15215637,3,4,0.26708419,-4192.6423,11.272919,-2.485087,-4178.8843
1,4,0.13570953,2,4,0.11035152,3,4,0.31377922,-4192.6513,11.196805,-2.3169755,-4179.1375
1,4,0.13205823,2,4,0.12116678,3,4,0.34166077,-4193.4034,11.897716,-3.4005998,-4178.1051
1,4,0.15303787,2,4,0.11893459,3,4,0.30540427,-4190.5996,11.547535,-0.48637794,-4178.5657
1,4,0.14183964,2,4,0.14036127,3,4,0.29536693,-4190.3562,11.551357,-0.26214895,-4178.5427
1,4,0.12944996,2,4,0.15239346,3,4,0.27764498,-4192.4205,11.189768,-2.2252193,-4179.0055
1,4,0.16069121,2,4,0.14014821,3,4,0.32963257,-4192.2401,12.60944,-2.3002916,-4177.3304
1,4,0.1457011,2,4,0.11370617,3,4,0.29331752,-4191.3301,11.054496,-1.1341042,-4179.1415
1,4,0.1433588,2,4,0.10510791,3,4,0.30897197,-4192.8005,11.148774,-2.396138,-4179.2556
1,4,0.15184342,2,4,0.14272223,3,4,0.30514475,-4190.6482,11.994208,-0.57809012,-4178.0759
1,4,0.15868587,2,4,0.13207286,3,4,0.32212049,-4191.1427,12.257584,-1.1095985,-4177.7755
1,4,0.13146283,2,4,0.15963205,3,4,0.25540859,-4195.303,10.93007,-4.832649,-4179.5402
1,4,0.1311059,2,4,0.13135901,3,4,0.30041257,-4190.9123,11.25755,-0.75997219,-4178.8948
1,4,0.14702699,2,4,0.14825972,3,4,0.30888412,-4191.0281,12.083417,-1.0008437,-4177.9439
1,4,0.15216264,2,4,0.16578844,3,4,0.31472187,-4193.9159,12.653459,-4.3906158,-4176.8718
1,4,0.13283808,2,4,0.15584271,3,4,0.30130624,-4191.8023,11.799741,-1.8240152,-4178.1786
1,4,0.14514699,2,4,0.12175562,3,4,0.30918434,-4190.5443,11.521739,-0.43473023,-4178.5878
1,4,0.16022736,2,4,0.11720284,3,4,0.30136584,-4190.8952,11.575921,-0.78744463,-4178.5319
1,4,0.17048875,2,4,0.12590957,3,4,0.29125668,-4191.4527,11.7531,-1.4517139,-4178.2479
1,4,0.15698989,2,4,0.1317501,3,4,0.30954658,-4190.4918,11.965731,-0.41068711,-4178.1154
1,4,0.14404776,2,4,0.1257362,3,4,0.30170459,-4190.2721,11.429771,-0.17045599,-4178.6718
1,4,0.14995248,2,4,0.13090301,3,4,0.30224137,-4190.1217,11.661937,-0.025236083,-4178.4345
1,4,0.13686064,2,4,0.13630978,3,4,0.32697003,-4191.3279,12.002809,-1.301199,-4178.0239
1,4,0.13682543,2,4,0.14862404,3,4,0.31098637,-4191.1447,11.928717,-1.1163149,-4178.0997
1,4,0.14409043,2,4,0.11707396,3,4,0.28584328,-4191.269,10.940153,-1.0988642,-4179.23
1,4,0.14529166,2,4,0.13453735,3,4,0.28953624,-4190.2693,11.387305,-0.16823132,-4178.7137
1,4,0.17464407,2,4,0.10270705,3,4,0.29380119,-4193.6624,11.423046,-3.4019257,-4178.8374
1,4,0.15367351,2,4,0.10232684,3,4,0.27722208,-4193.9167,10.664449,-3.3066536,-4179.9456
1,4,0.13853465,2,4,0.11873729,3,4,0.30600621,-4191.0932,11.265563,-0.93423653,-4178.8934
1,4,0.1658037,2,4,0.12027198,3,4,0.28967084,-4191.2191,11.51493,-1.1344371,-4178.5697
1,4,0.15497674,2,4,0.11312963,3,4,0.31893099,-4191.5016,11.740747,-1.3893668,-4178.3715
1,4,0.15600459,2,4,0.12627222,3,4,0.31191974,-4190.5012,11.883931,-0.42093527,-4178.1964
1,4,0.1438087,2,4,0.11459108,3,4,0.27724445,-4192.1152,10.712885,-1.8629393,-4179.5394
1,4,0.16271098,2,4,0.12301439,3,4,0.28002645,-4191.3197,11.315036,-1.1911576,-4178.8135
1,4,0.13745649,2,4,0.13836806,3,4,0.28473166,-4190.7484,11.211124,-0.62066449,-4178.9166
1,4,0.16596678,2,4,0.14794088,3,4,0.28824063,-4192.2517,12.042966,-2.3596025,-4177.8491
1,4,0.14380524,2,4,0.11601008,3,4,0.29212951,-4191.1678,11.038897,-0.99777046,-4179.1311
1,4,0.1500343,2,4,0.11833778,3,4,0.27938468,-4191.3281,10.955135,-1.1467077,-4179.2262
1,4,0.14778929,2,4,0.14458344,3,4,0.31484204,-4190.9473,12.144295,-0.9011322,-4177.9019
1,4,0.15239493,2,4,0.11885934,3,4,0.32526151,-4191.3217,11.930315,-1.2735832,-4178.1178
1,4,0.13178301,2,4,0.13637177,3,4,0.32287692,-4191.408,11.820634,-1.3334795,-4178.2539
1,4,0.16625473,2,4,0.13294234,3,4,0.29589953,-4191.0704,11.901932,-1.0476683,-4178.1208
1,4,0.16786632,2,4,0.10525963,3,4,0.29451358,-4192.7335,11.352791,-2.4614069,-4178.9193
1,4,0.15232751,2,4,0.13479157,3,4,0.27503241,-4191.0594,11.24303,-0.91401037,-4178.9023
1,4,0.14486091,2,4,0.13394411,3,4,0.33383928,-4191.5948,12.252886,-1.6303846,-4177.7115
1,4,0.15367975,2,4,0.12272155,3,4,0.309137,-4190.4572,11.710766,-0.36350191,-4178.383
1,4,0.14100628,2,4,0.14023639,3,4,0.31068083,-4190.5143,11.83847,-0.43360715,-4178.2422
1,4,0.14360347,2,4,0.1221935,3,4,0.29137846,-4190.6184,11.143509,-0.50083895,-4178.974
1,4,0.14365249,2,4,0.13210107,3,4,0.275066,-4191.0509,11.016391,-0.893941,-4179.1406
1,4,0.15301774,2,4,0.097474212,3,4,0.29774138,-4194.0484,10.964667,-3.3511671,-4179.7326
1,4,0.16139004,2,4,0.13614627,3,4,0.32039836,-4191.4116,12.358693,-1.3936711,-4177.6593
1,4,0.13202626,2,4,0.14647087,3,4,0.28414327,-4191.4331,11.252808,-1.2801789,-4178.9001
1,4,0.15009236,2,4,0.11991292,3,4,0.31011804,-4190.6058,11.602467,-0.49807295,-4178.5053
1,4,0.14529954,2,4,0.1339877,3,4,0.32475219,-4190.9317,12.080788,-0.88913665,-4177.9618
1,4,0.14371086,2,4,0.14903761,3,4,0.31303517,-4191.179,12.115673,-1.1688744,-4177.8945
1,4,0.16745522,2,4,0.10600515,3,4,0.29290638,-4192.6388,11.327335,-2.3715795,-4178.9399
1,4,0.13094922,2,4,0.14505774,3,4,0.31863385,-4191.5093,11.892816,-1.4623433,-4178.1541
1,4,0.12683362,2,4,0.13779092,3,4,0.30958675,-4191.386,11.484226,-1.2165475,-4178.6852
1,4,0.13623528,2,4,0.12656725,3,4,0.30221169,-4190.6483,11.300284,-0.52440868,-4178.8236
1,4,0.16600615,2,4,0.09592147,3,4,0.27392498,-4195.8515,10.717052,-4.8765457,-4180.258
1,4,0.14067137,2,4,0.12114723,3,4,0.29129077,-4190.8518,11.062187,-0.7203024,-4179.0693
1,4,0.12504572,2,4,0.12282939,3,4,0.33424756,-4193.5477,11.642453,-3.3492491,-4178.556
1,4,0.13773411,2,4,0.14355141,3,4,0.31555217,-4190.9368,11.936754,-0.8837064,-4178.1164
1,4,0.16330831,2,4,0.13285055,3,4,0.30684552,-4190.8879,12.060088,-0.84232194,-4177.9855
1,4,0.1709486,2,4,0.12326737,3,4,0.28889098,-4191.5972,11.662139,-1.5820888,-4178.353
1,4,0.13413434,2,4,0.15317165,3,4,0.27895948,-4192.0731,11.325309,-1.9558554,-4178.7919
1,4,0.17188856,2,4,0.13023944,3,4,0.31642112,-4192.0002,12.370982,-2.0956929,-4177.5336
1,4,0.14476521,2,4,0.11813734,3,4,0.25578079,-4194.0471,10.373667,-3.5135147,-4180.1599
1,4,0.16213358,2,4,0.13725577,3,4,0.26859007,-4192.1684,11.359588,-2.0249382,-4178.7838
1,4,0.14101142,2,4,0.1295844,3,4,0.27189616,-4191.4672,10.84984,-1.2764773,-4179.3409
1,4,0.1536412,2,4,0.13364679,3,4,0.31840864,-4190.7251,12.113933,-0.65692588,-4177.9543
1,4,0.14640895,2,4,0.12784084,3,4,0.35116846,-4193.2925,12.508365,-3.6124026,-4177.1717
1,4,0.13936275,2,4,0.11793124,3,4,0.29444269,-4191.1734,11.034734,-1.0094792,-4179.1292
1,4,0.13648285,2,4,0.11367486,3,4,0.28568168,-4192.3042,10.716788,-2.0338129,-4179.5536
1,4,0.12530487,2,4,0.12864039,3,4,0.28318996,-4192.2846,10.742704,-1.9930887,-4179.5488
1,4,0.13785106,2,4,0.11779437,3,4,0.28699421,-4191.5554,10.852793,-1.3692422,-4179.3334
1,4,0.15391965,2,4,0.16619776,3,4,0.29463297,-4193.6629,12.295008,-4.1165464,-4177.2513
1,4,0.16154073,2,4,0.10637221,3,4,0.34138307,-4193.9482,12.18592,-4.0757413,-4177.6866
1,4,0.13506774,2,4,0.1529426,3,4,0.29013922,-4191.5229,11.562991,-1.4740458,-4178.4859
1,4,0.14753089,2,4,0.13548964,3,4,0.29467885,-4190.1726,11.553987,-0.076084019,-4178.5425
1,4,0.16718455,2,4,0.12485027,3,4,0.26807816,-4192.5301,11.20226,-2.3340716,-4178.9938
1,4,0.13928091,2,4,0.13026838,3,4,0.29707776,-4190.3327,11.332541,-0.22800791,-4178.7722
1,4,0.14153774,2,4,0.12819884,3,4,0.31751773,-4190.6438,11.745086,-0.55864561,-4178.3401
1,4,0.18604794,2,4,0.12319164,3,4,0.26095536,-4195.7034,11.403899,-5.7398955,-4178.5596
1,4,0.14225013,2,4,0.13508263,3,4,0.27264358,-4191.2746,10.999527,-1.0952086,-4179.1799
1,4,0.16625291,2,4,0.11575264,3,4,0.33463246,-4192.7384,12.33276,-2.9000141,-4177.5057
1,4,0.1418859,2,4,0.14252315,3,4,0.29094538,-4190.5314,11.507088,-0.43823124,-4178.5861
1,4,0.14489352,2,4,0.12491608,3,4,0.30365854,-4190.2952,11.469363,-0.19294123,-4178.6329
1,4,0.16525932,2,4,0.12244709,3,4,0.29129009,-4191.0433,11.57993,-0.97132093,-4178.4921
1,4,0.16170118,2,4,0.14052626,3,4,0.30646082,-4191.1598,12.173765,-1.1285059,-4177.8575
1,4,0.148354,2,4,0.13495459,3,4,0.32111547,-4190.7574,12.088481,-0.69644825,-4177.9724
1,4,0.14028313,2,4,0.15338414,3,4,0.30567008,-4191.3939,11.986747,-1.4185463,-4177.9886
1,4,0.17077303,2,4,0.10222224,3,4,0.29227997,-4193.4964,11.305505,-3.1439706,-4179.0469
1,4,0.12489579,2,4,0.14619157,3,4,0.33142551,-4192.8835,12.050257,-2.9213077,-4177.912
1,4,0.16446178,2,4,0.15202407,3,4,0.31671652,-4193.0519,12.664047,-3.2363618,-4177.1515
1,4,0.16419015,2,4,0.13616062,3,4,0.34352218,-4193.5572,12.877459,-3.8356446,-4176.844
1,4,0.16249343,2,4,0.1062048,3,4,0.28897758,-4192.5143,11.153516,-2.1874912,-4179.1732
1,4,0.13516731,2,4,0.11528886,3,4,0.31619362,-4192.0396,11.332996,-1.8095921,-4178.897
1,4,0.14845752,2,4,0.13475741,3,4,0.35435037,-4193.7793,12.751306,-4.2055758,-4176.8224
1,4,0.15691333,2,4,0.12018121,3,4,0.31324227,-4190.7786,11.806736,-0.69703047,-4178.2748
1,4,0.14830276,2,4,0.14646495,3,4,0.32353547,-4191.5819,12.366064,-1.5960499,-4177.6198
1,4,0.13985697,2,4,0.15558631,3,4,0.3032612,-4191.6034,11.97409,-1.6587331,-4177.9706
1,4,0.14356526,2,4,0.13313516,3,4,0.31208197,-4190.335,11.775648,-0.24489907,-4178.3145
1,4,0.14829747,2,4,0.12447626,3,4,0.2765463,-4191.0957,10.986401,-0.93811861,-4179.1712
1,4,0.14760419,2,4,0.15553147,3,4,0.32830504,-4192.8895,12.628814,-3.1016698,-4177.159
1,4,0.17398988,2,4,0.12890834,3,4,0.29633889,-4191.8071,11.984742,-1.8898296,-4177.9325
1,4,0.15480341,2,4,0.14349374,3,4,0.28404505,-4191.0504,11.646844,-0.98390257,-4178.4196
1,4,0.13610818,2,4,0.13347264,3,4,0.30747365,-4190.5158,11.541089,-0.40727062,-4178.5675
1,4,0.13547003,2,4,0.11503238,3,4,0.30564271,-4191.8101,11.122903,-1.5717038,-4179.1155
1,4,0.1611969,2,4,0.11189181,3,4,0.32281142,-4191.9698,11.918002,-1.9175844,-4178.1342
1,4,0.16053747,2,4,0.13440923,3,4,0.33452661,-4192.2673,12.589466,-2.3590308,-4177.3188
1,4,0.14906129,2,4,0.13309863,3,4,0.30481443,-4190.1535,11.739487,-0.057461594,-4178.3566
1,4,0.16320688,2,4,0.11343123,3,4,0.32308151,-4191.936,11.994392,-1.9195574,-4178.0221
1,4,0.13624773,2,4,0.13518908,3,4,0.29043085,-4190.5792,11.237353,-0.45922565,-4178.8826
1,4,0.15125284,2,4,0.10501395,3,4,0.32616969,-4193.0205,11.64873,-2.7794112,-4178.5924
1,4,0.14038555,2,4,0.14815833,3,4,0.28368851,-4191.1678,11.444648,-1.0787143,-4178.6444
1,4,0.17202187,2,4,0.10490333,3,4,0.28694694,-4193.3588,11.277443,-3.0613611,-4179.02
1,4,0.15270251,2,4,0.12517622,3,4,0.28439535,-4190.6058,11.245481,-0.48732778,-4178.873
1,4,0.15777802,2,4,0.13824245,3,4,0.28626382,-4190.8176,11.645686,-0.74093133,-4178.431
1,4,0.14469795,2,4,0.13332152,3,4,0.30328328,-4190.1364,11.626055,-0.039820982,-4178.4705
1,4,0.17205078,2,4,0.12401605,3,4,0.31703571,-4191.9353,12.262051,-2.0307453,-4177.6425
1,4,0.1424315,2,4,0.14685125,3,4,0.27417204,-4191.5999,11.269096,-1.4567979,-4178.874
1,4,0.16035828,2,4,0.10859258,3,4,0.28535784,-4192.2442,11.086174,-1.9465838,-4179.2114
1,4,0.14584236,2,4,0.12764168,3,4,0.29730791,-4190.1759,11.415839,-0.077803778,-4178.6822
1,4,0.14856235,2,4,0.12267334,3,4,0.30627048,-4190.3738,11.550123,-0.27025145,-4178.5534
1,4,0.17273065,2,4,0.11862618,3,4,0.30765664,-4191.816,11.980269,-1.8668127,-4177.9689
1,4,0.12865663,2,4,0.13615363,3,4,0.28806624,-4191.3329,11.05753,-1.1379061,-4179.1374
1,4,0.15725374,2,4,0.11284086,3,4,0.27232447,-4192.5148,10.848381,-2.186322,-4179.4801
1,4,0.12742105,2,4,0.14129884,3,4,0.31380061,-4191.484,11.65041,-1.355441,-4178.4781
1,4,0.16692089,2,4,0.11492913,3,4,0.29054218,-4191.6274,11.447844,-1.5077056,-4178.6719
1,4,0.1795991,2,4,0.1367352,3,4,0.31344959,-4193.3228,12.595678,-3.6439472,-4177.0831
1,4,0.16547792,2,4,0.12468685,3,4,0.33025358,-4192.0854,12.408367,-2.1820687,-4177.495
1,4,0.14342572,2,4,0.1399027,3,4,0.29988509,-4190.2931,11.66427,-0.20201478,-4178.4268
1,4,0.13771279,2,4,0.1494484,3,4,0.26588579,-4192.662,11.06094,-2.4060247,-4179.1951
1,4,0.14300212,2,4,0.10024062,3,4,0.3325207,-4194.8751,11.515269,-4.3950996,-4178.9648
1,4,0.13154326,2,4,0.13086815,3,4,0.31861697,-4191.2779,11.620568,-1.1563146,-4178.501
1,4,0.15069059,2,4,0.12341226,3,4,0.28982595,-4190.4564,11.278576,-0.34526988,-4178.8325
1,4,0.13819227,2,4,0.13984991,3,4,0.29663928,-4190.437,11.493629,-0.33568938,-4178.6076
1,4,0.13931418,2,4,0.12794619,3,4,0.34199966,-4192.4886,12.185201,-2.6067777,-4177.6966
1,4,0.16385708,2,4,0.13780669,3,4,0.30172587,-4191.089,12.067793,-1.0615966,-4177.9596
1,4,0.16168931,2,4,0.11109059,3,4,0.3188982,-4191.8878,11.833562,-1.8035376,-4178.2507
1,4,0.12843471,2,4,0.13754234,3,4,0.30656054,-4191.1495,11.450752,-0.99213771,-4178.7066
1,4,0.12936961,2,4,0.11608735,3,4,0.29146486,-4192.6086,10.738436,-2.2906888,-4179.5795
1,4,0.12298039,2,4,0.1543934,3,4,0.27451491,-4193.5237,11.037774,-3.1767292,-4179.3092
1,4,0.15473304,2,4,0.13373552,3,4,0.3132095,-4190.5487,12.033561,-0.46798236,-4178.0472
1,4,0.14908228,2,4,0.12807992,3,4,0.2960099,-4190.1556,11.463442,-0.057897002,-4178.6343
1,4,0.15892197,2,4,0.13913878,3,4,0.32148482,-4191.4633,12.390911,-1.4437121,-4177.6287
1,4,0.12478037,2,4,0.14115479,3,4,0.313009,-4191.7591,11.578883,-1.5914626,-4178.5888
1,4,0.16211856,2,4,0.1439578,3,4,0.2943173,-4191.3748,12.007873,-1.3754687,-4177.9914
1,4,0.15310341,2,4,0.13355123,3,4,0.29051169,-4190.3169,11.543327,-0.22065998,-4178.5529
1,4,0.18467889,2,4,0.12526922,3,4,0.34715494,-4196.0761,13.142061,-7.0088183,-4175.9252
1,4,0.14590325,2,4,0.12466187,3,4,0.29375208,-4190.3404,11.286344,-0.23645938,-4178.8176
1,4,0.14824122,2,4,0.11881038,3,4,0.29494191,-4190.6644,11.23987,-0.53476509,-4178.8898
1,4,0.1398616,2,4,0.13371925,3,4,0.31923446,-4190.7267,11.856306,-0.65360845,-4178.2168
1,4,0.13537666,2,4,0.12410289,3,4,0.31268087,-4191.0338,11.443208,-0.89746498,-4178.6932
1,4,0.14751823,2,4,0.10320615,3,4,0.2703146,-4194.6025,10.42078,-3.9227978,-4180.2589
1,4,0.15593691,2,4,0.10531748,3,4,0.30103677,-4192.2596,11.245823,-1.9338764,-4179.0799
1,4,0.14778994,2,4,0.11028838,3,4,0.28454596,-4192.0841,10.852486,-1.7971333,-4179.4345
1,4,0.15295966,2,4,0.10231049,3,4,0.27919306,-4193.781,10.689264,-3.1904715,-4179.9012
1,4,0.14094866,2,4,0.13593966,3,4,0.27407862,-4191.2093,11.019339,-1.0377903,-4179.1521
1,4,0.17115894,2,4,0.12754618,3,4,0.30553843,-4191.501,12.084871,-1.543177,-4177.873
1,4,0.17084298,2,4,0.15513114,3,4,0.30751591,-4193.9404,12.669801,-4.3278741,-4176.9428
1,4,0.15190222,2,4,0.1307798,3,4,0.29162598,-4190.2354,11.48616,-0.13724126,-4178.612
1,4,0.13662636,2,4,0.15108935,3,4,0.28595046,-4191.4254,11.473323,-1.3496355,-4178.6024
1,4,0.1380197,2,4,0.14743741,3,4,0.28755434,-4191.0286,11.460229,-0.9377853,-4178.6306
1,4,0.1402324,2,4,0.14690756,3,4,0.29577082,-4190.7575,11.658216,-0.68928175,-4178.41
1,4,0.14186811,2,4,0.10863131,3,4,0.30968929,-4192.2672,11.203774,-1.9583083,-4179.1051
1,4,0.15626855,2,4,0.10310103,3,4,0.27680695,-4193.7508,10.723531,-3.1765904,-4179.8506
1,4,0.14949063,2,4,0.13674854,3,4,0.29371748,-4190.2427,11.599133,-0.1478704,-4178.4957
1,4,0.13446222,2,4,0.11994211,3,4,0.32339434,-4191.9057,11.555973,-1.7538212,-4178.5959
1,4,0.1390012,2,4,0.13330221,3,4,0.31183499,-4190.4674,11.682768,-0.37250091,-4178.4121
1,4,0.14437065,2,4,0.13208469,3,4,0.3004378,-4190.1226,11.537863,-0.025530373,-4178.5592
1,4,0.16533251,2,4,0.13734606,3,4,0.25807633,-4193.5871,11.215098,-3.3263567,-4179.0457
1,4,0.1472317,2,4,0.12045055,3,4,0.29020029,-4190.6693,11.157651,-0.54410598,-4178.9675
1,4,0.11902744,2,4,0.14589708,3,4,0.30056875,-4192.5423,11.309865,-2.2341896,-4178.9983
1,4,0.1541165,2,4,0.14337522,3,4,0.30080745,-4190.7469,11.965983,-0.68623043,-4178.0946
1,4,0.14335077,2,4,0.133238,3,4,0.29884319,-4190.1438,11.508639,-0.046383802,-4178.5888
1,4,0.14987024,2,4,0.14648791,3,4,0.29904943,-4190.8003,11.908152,-0.75077115,-4178.1414
1,4,0.15928952,2,4,0.14199804,3,4,0.32591377,-4191.9959,12.544026,-2.0252704,-4177.4266
1,4,0.13434538,2,4,0.12636512,3,4,0.27645874,-4191.7322,10.743385,-1.534929,-4179.4539
1,4,0.15072691,2,4,0.14632401,3,4,0.33180721,-4192.2727,12.577162,-2.3622528,-4177.3332
1,4,0.14850608,2,4,0.14464841,3,4,0.26549431,-4192.2233,11.172976,-2.0084306,-4179.0419
1,4,0.15473975,2,4,0.13389052,3,4,0.289453,-4190.4102,11.561665,-0.31593707,-4178.5326
1,4,0.12774404,2,4,0.13609618,3,4,0.31935531,-4191.6182,11.66391,-1.4870162,-4178.4672
1,4,0.1511145,2,4,0.14707758,3,4,0.31913817,-4191.4946,12.346605,-1.4937718,-4177.6543
1,4,0.13479957,2,4,0.15448312,3,4,0.27965485,-4192.1237,11.378751,-2.0337443,-4178.7112
1,4,0.13688097,2,4,0.1624579,3,4,0.28545088,-4192.7325,11.695795,-2.8551136,-4178.1816
1,4,0.1267036,2,4,0.13296206,3,4,0.26953495,-4192.9227,10.584012,-2.5529093,-4179.7858
1,4,0.14283406,2,4,0.12795999,3,4,0.30921301,-4190.3283,11.600141,-0.23058169,-4178.4975
1,4,0.14273828,2,4,0.14488865,3,4,0.28067257,-4191.0484,11.36599,-0.93714465,-4178.7452
1,4,0.14574737,2,4,0.13425526,3,4,0.28278472,-4190.5258,11.255747,-0.41069624,-4178.8594
1,4,0.15118828,2,4,0.14437647,3,4,0.2682743,-4191.9947,11.276781,-1.8251283,-4178.8928
1,4,0.14005034,2,4,0.1375987,3,4,0.27380699,-4191.2864,11.029121,-1.1089708,-4179.1483
1,4,0.15380779,2,4,0.13944598,3,4,0.29479562,-4190.4811,11.760988,-0.39932464,-4178.3207
1,4,0.13490035,2,4,0.12140132,3,4,0.28058079,-4191.7917,10.737649,-1.5958791,-4179.4582
1,4,0.15455971,2,4,0.12649628,3,4,0.2893718,-4190.4147,11.408556,-0.31153384,-4178.6946
1,4,0.1455282,2,4,0.14032237,3,4,0.31032918,-4190.4757,11.923595,-0.39508648,-4178.157
1,4,0.15507666,2,4,0.11951786,3,4,0.30158543,-4190.5667,11.523599,-0.45614895,-4178.587
1,4,0.15429117,2,4,0.11307852,3,4,0.31887238,-4191.4988,11.724841,-1.3818202,-4178.3922
1,4,0.1233555,2,4,0.14301481,3,4,0.28539,-4192.1822,11.035206,-1.8880464,-4179.259
1,4,0.13810824,2,4,0.1131251,3,4,0.31077763,-4191.8935,11.240219,-1.6513963,-4179.0019
1,4,0.15645305,2,4,0.14786326,3,4,0.32911619,-4192.5746,12.66865,-2.6771823,-4177.2288
1,4,0.13544722,2,4,0.12829533,3,4,0.29261309,-4190.7296,11.127113,-0.60262523,-4178.9999
1,4,0.17133349,2,4,0.12602904,3,4,0.30611653,-4191.5156,12.069581,-1.5587884,-4177.8873
1,4,0.14359485,2,4,0.12121867,3,4,0.30015137,-4190.5537,11.299298,-0.43522845,-4178.8192
1,4,0.14784787,2,4,0.14036256,3,4,0.31874478,-4190.8499,12.139104,-0.79286458,-4177.9179
1,4,0.16002071,2,4,0.12159476,3,4,0.30991731,-4190.7501,11.830656,-0.67751092,-4178.2419
1,4,0.1444409,2,4,0.12201739,3,4,0.33831812,-4192.1922,12.095528,-2.2517792,-4177.8449
1,4,0.1499732,2,4,0.14428082,3,4,0.29397464,-4190.6497,11.764573,-0.58171266,-4178.3034
1,4,0.16869365,2,4,0.13790366,3,4,0.27901405,-4192.0611,11.712227,-2.0715136,-4178.2774
1,4,0.13327917,2,4,0.14950629,3,4,0.28211365,-4191.642,11.297982,-1.5064992,-4178.8375
1,4,0.13926918,2,4,0.14286247,3,4,0.27983128,-4191.0688,11.239259,-0.93304081,-4178.8965
1,4,0.13888303,2,4,0.13592534,3,4,0.28388883,-4190.682,11.173944,-0.55718972,-4178.9508
1,4,0.15540902,2,4,0.11426547,3,4,0.28922518,-4191.2427,11.177993,-1.0607206,-4179.004
1,4,0.1349911,2,4,0.14531859,3,4,0.30665841,-4190.8843,11.739362,-0.80960448,-4178.3354
1,4,0.12646786,2,4,0.15789048,3,4,0.30395576,-4192.4679,11.766282,-2.4844628,-4178.2171
1,4,0.14097197,2,4,0.13385726,3,4,0.32030855,-4190.745,11.902755,-0.67764401,-4178.1646
1,4,0.14354914,2,4,0.12676811,3,4,0.32876877,-4191.2591,11.98172,-1.232313,-4178.0451
1,4,0.14199564,2,4,0.13567613,3,4,0.29011761,-4190.3283,11.355787,-0.22500572,-4178.7475
1,4,0.13935208,2,4,0.12355309,3,4,0.31092393,-4190.7306,11.476582,-0.61307122,-4178.6409
1,4,0.15478553,2,4,0.1207216,3,4,0.29238833,-4190.5859,11.357909,-0.46936939,-4178.7587
1,4,0.13801005,2,4,0.13965253,3,4,0.29479533,-4190.4598,11.449158,-0.35579492,-4178.6549
1,4,0.14115555,2,4,0.13789563,3,4,0.29437832,-4190.3036,11.46859,-0.2042093,-4178.6308
1,4,0.16977528,2,4,0.12099335,3,4,0.26728121,-4192.9916,11.160997,-2.7658764,-4179.0647
1,4,0.14720082,2,4,0.12411546,3,4,0.26579428,-4192.118,10.742211,-1.8465755,-4179.5292
1,4,0.1419748,2,4,0.15196852,3,4,0.30465346,-4191.2244,11.971936,-1.2283328,-4178.0241
1,4,0.15635284,2,4,0.11014783,3,4,0.29576937,-4191.5783,11.245401,-1.3527063,-4178.9802
1,4,0.1548936,2,4,0.14332512,3,4,0.27765975,-4191.3614,11.517569,-1.2733817,-4178.5705
1,4,0.15378104,2,4,0.13279947,3,4,0.28213046,-4190.6391,11.374219,-0.52694378,-4178.7379
1,4,0.15493297,2,4,0.11778805,3,4,0.29551426,-4190.7349,11.364706,-0.60511013,-4178.7651
1,4,0.15068782,2,4,0.12255986,3,4,0.31079031,-4190.4684,11.68076,-0.37183129,-4178.4158
1,4,0.16207844,2,4,0.12972336,3,4,0.29888924,-4190.6324,11.813821,-0.5670855,-4178.2515
1,4,0.16349432,2,4,0.12748699,3,4,0.29395046,-4190.7658,11.698635,-0.70209293,-4178.3651
1,4,0.13932815,2,4,0.13086992,3,4,0.2736126,-4191.3712,10.876213,-1.1907395,-4179.3042
1,4,0.13427517,2,4,0.15215735,3,4,0.29504595,-4191.3925,11.629569,-1.3463753,-4178.4166
1,4,0.13063212,2,4,0.11903247,3,4,0.27763697,-4192.7702,10.546031,-2.4748149,-4179.7493
1,4,0.14179902,2,4,0.13768546,3,4,0.3028025,-4190.257,11.64574,-0.16217564,-4178.4491
1,4,0.14442028,2,4,0.11725164,3,4,0.31124521,-4190.985,11.458343,-0.8453183,-4178.6813
1,4,0.16967832,2,4,0.13157271,3,4,0.29629972,-4191.3744,11.951015,-1.3923255,-4178.0311
1,4,0.14159918,2,4,0.10951242,3,4,0.31565195,-4192.2881,11.335271,-2.0109484,-4178.9419
1,4,0.14767382,2,4,0.13205927,3,4,0.3182813,-4190.5512,11.960288,-0.47619685,-4178.1147
1,4,0.1350045,2,4,0.13191318,3,4,0.29291421,-4190.6387,11.196638,-0.51395495,-4178.9281
1,4,0.14991815,2,4,0.13509505,3,4,0.27429684,-4191.0722,11.186201,-0.91877125,-4178.9672
1,4,0.13577241,2,4,0.13417924,3,4,0.25796779,-4193.268,10.558389,-2.8287377,-4179.8809
1,4,0.13294918,2,4,0.13875639,3,4,0.34433503,-4193.0725,12.320812,-3.2786222,-4177.4731
1,4,0.14457435,2,4,0.16433293,3,4,0.28380879,-4193.088,11.854321,-3.3304507,-4177.9032
1,4,0.12330427,2,4,0.1265293,3,4,0.30708069,-4192.2626,11.138285,-1.9516569,-4179.1727
1,4,0.1327555,2,4,0.15465023,3,4,0.27981979,-4192.2414,11.344511,-2.1328944,-4178.764
1,4,0.13539494,2,4,0.14790297,3,4,0.31947297,-4191.4852,12.055418,-1.4870896,-4177.9427
1,4,0.12720153,2,4,0.11818028,3,4,0.29761539,-4192.5064,10.859944,-2.1822673,-4179.4642
1,4,0.13810506,2,4,0.13236368,3,4,0.29747142,-4190.3553,11.358803,-0.24836245,-4178.7481
1,4,0.15145022,2,4,0.13605848,3,4,0.29752189,-4190.2308,11.700612,-0.13722622,-4178.3929
1,4,0.14695899,2,4,0.13418666,3,4,0.31681315,-4190.5101,11.959176,-0.43163088,-4178.1193
1,4,0.15799795,2,4,0.1305302,3,4,0.2985583,-4190.3825,11.741729,-0.29780628,-4178.343
1,4,0.17746647,2,4,0.13261294,3,4,0.31753492,-4192.9039,12.552286,-3.1487605,-4177.2029
1,4,0.13862548,2,4,0.12876415,3,4,0.27328924,-4191.513,10.813577,-1.3250544,-4179.3744
1,4,0.14567555,2,4,0.12640658,3,4,0.32467543,-4190.9591,11.935151,-0.90787203,-4178.1161
1,4,0.14050822,2,4,0.13305567,3,4,0.26795481,-4191.7851,10.830374,-1.5505052,-4179.4042
1,4,0.12824753,2,4,0.12147233,3,4,0.27970236,-4192.6759,10.588444,-2.3789585,-4179.7085
1,4,0.1478645,2,4,0.12414553,3,4,0.26701482,-4191.9712,10.780497,-1.7172136,-4179.4735
1,4,0.15660717,2,4,0.14996494,3,4,0.30318045,-4191.5623,12.195051,-1.5889325,-4177.7783
1,4,0.1836732,2,4,0.1174237,3,4,0.30747026,-4193.2413,12.171343,-3.5688888,-4177.5011
1,4,0.13859813,2,4,0.13472031,3,4,0.30448215,-4190.334,11.556012,-0.23246668,-4178.5455
1,4,0.13313516,2,4,0.13623808,3,4,0.29897475,-4190.6651,11.36696,-0.53749869,-4178.7607
1,4,0.13644879,2,4,0.14779966,3,4,0.30761405,-4191.0058,11.83725,-0.95767889,-4178.2108
1,4,0.14128457,2,4,0.14173253,3,4,0.31458725,-4190.7151,11.952087,-0.65036347,-4178.1126
1,4,0.17066319,2,4,0.13968173,3,4,0.28860105,-4192.0333,11.978919,-2.1167507,-4177.9376
1,4,0.14993127,2,4,0.11903024,3,4,0.33211204,-4191.7712,12.021471,-1.7700994,-4177.9796
1,4,0.1406372,2,4,0.1497412,3,4,0.29453995,-4190.9923,11.698367,-0.9471573,-4178.3467
1,4,0.13543029,2,4,0.11724784,3,4,0.32081832,-4191.963,11.469929,-1.7785093,-4178.7146
1,4,0.13831017,2,4,0.13621425,3,4,0.28548608,-4190.6407,11.20021,-0.51875862,-4178.9217
1,4,0.13328514,2,4,0.15284553,3,4,0.26790258,-4192.9733,11.080665,-2.7200872,-4179.1725
1,4,0.14668853,2,4,0.1200877,3,4,0.29892235,-4190.5443,11.313972,-0.42420418,-4178.8061
1,4,0.15460947,2,4,0.12130816,3,4,0.29063631,-4190.5933,11.331079,-0.47631873,-4178.7859
1,4,0.15801674,2,4,0.11999975,3,4,0.25979411,-4193.202,10.756212,-2.7813486,-4179.6644
1,4,0.13531988,2,4,0.1196323,3,4,0.31668292,-4191.5434,11.432702,-1.376246,-4178.7344
1,4,0.15429559,2,4,0.14180321,3,4,0.29016288,-4190.7182,11.725234,-0.64689063,-4178.346
1,4,0.1637592,2,4,0.14461304,3,4,0.31821254,-4192.1757,12.531696,-2.2300537,-4177.414
1,4,0.16161565,2,4,0.11577844,3,4,0.30107758,-4191.0691,11.569434,-0.95693087,-4178.5427
1,4,0.11554374,2,4,0.14990273,3,4,0.31450147,-4193.4863,11.598959,-3.2194566,-4178.6679
1,4,0.16944033,2,4,0.111339,3,4,0.3147938,-4192.1729,11.911463,-2.1589435,-4178.1025
1,4,0.15066836,2,4,0.14060097,3,4,0.2774848,-4191.0473,11.375083,-0.92708049,-4178.7451
1,4,0.14115314,2,4,0.12520179,3,4,0.27501674,-4191.4042,10.827433,-1.231356,-4179.3454
1,4,0.10732039,2,4,0.14126842,3,4,0.27622496,-4196.2163,10.496276,-5.0812761,-4180.6388
1,4,0.14897917,2,4,0.13219335,3,4,0.31691109,-4190.5013,11.961672,-0.42239021,-4178.1173
1,4,0.11837864,2,4,0.17330124,3,4,0.26865171,-4196.9829,11.206632,-6.7925825,-4178.9837
1,4,0.14043487,2,4,0.12684519,3,4,0.31695886,-4190.7094,11.684778,-0.61727845,-4178.4073
1,4,0.12728418,2,4,0.15041653,3,4,0.29120266,-4191.8378,11.378067,-1.6883212,-4178.7714
1,4,0.13987194,2,4,0.14858913,3,4,0.29328358,-4190.9248,11.634893,-0.86421,-4178.4257
1,4,0.140388,2,4,0.1333345,3,4,0.29513352,-4190.2659,11.37712,-0.16414761,-4178.7247
1,4,0.15506972,2,4,0.13734382,3,4,0.28698631,-4190.6064,11.587997,-0.51692213,-4178.5015
1,4,0.14215017,2,4,0.1543368,3,4,0.26954727,-4192.6445,11.320685,-2.5256387,-4178.7982
1,4,0.12947524,2,4,0.11841374,3,4,0.30952648,-4192.1603,11.148309,-1.8867012,-4179.1253
1,4,0.17030176,2,4,0.12949626,3,4,0.28879648,-4191.5188,11.77189,-1.525873,-4178.221
1,4,0.16406259,2,4,0.12390506,3,4,0.27235295,-4191.9279,11.206412,-1.7522189,-4178.9693
1,4,0.15197024,2,4,0.13101554,3,4,0.29048674,-4190.2642,11.46945,-0.16531513,-4178.6295
1,4,0.16773284,2,4,0.13057525,3,4,0.33295578,-4192.6207,12.625278,-2.7764405,-4177.2189
1,4,0.14234447,2,4,0.13758492,3,4,0.30604956,-4190.2855,11.719579,-0.19291642,-4178.3731
1,4,0.14977343,2,4,0.1374009,3,4,0.32553144,-4191.1453,12.254115,-1.1155272,-4177.7756
1,4,0.17387624,2,4,0.12802433,3,4,0.28475992,-4192.0483,11.73321,-2.0945126,-4178.2206
1,4,0.15634174,2,4,0.13223382,3,4,0.26952573,-4191.6172,11.162026,-1.4276575,-4179.0275
1,4,0.13652269,2,4,0.11431492,3,4,0.2620348,-4194.3209,10.257448,-3.8214999,-4180.242
1,4,0.14524834,2,4,0.10484314,3,4,0.28380023,-4193.268,10.677834,-2.7931411,-4179.7971
1,4,0.13121918,2,4,0.16361765,3,4,0.30076658,-4192.834,11.912068,-3.0249399,-4177.897
1,4,0.12980391,2,4,0.13376163,3,4,0.29108971,-4191.1354,11.093105,-0.96142952,-4179.0809
1,4,0.14870597,2,4,0.12970184,3,4,0.26319221,-4192.1539,10.832,-1.8645089,-4179.4574
1,4,0.16144229,2,4,0.12367428,3,4,0.28233644,-4191.0886,11.34906,-0.9704459,-4178.7691
1,4,0.13951293,2,4,0.14145976,3,4,0.30352343,-4190.4596,11.689922,-0.37152542,-4178.3981
1,4,0.14273582,2,4,0.13488827,3,4,0.29685276,-4190.1801,11.489537,-0.082115879,-4178.6084
1,4,0.1513234,2,4,0.12525858,3,4,0.25404659,-4193.5604,10.612571,-3.0565865,-4179.8913
1,4,0.14741928,2,4,0.14305317,3,4,0.29330212,-4190.5141,11.675491,-0.43410629,-4178.4045
1,4,0.12715142,2,4,0.11760305,3,4,0.31539869,-4192.7616,11.203063,-2.428388,-4179.1301
1,4,0.1349604,2,4,0.1246096,3,4,0.31539745,-4191.1253,11.499349,-0.99287425,-4178.6331
1,4,0.13384176,2,4,0.14211798,3,4,0.30418428,-4190.7563,11.60288,-0.65441438,-4178.499
1,4,0.16657103,2,4,0.13592544,3,4,0.30696602,-4191.3367,12.18925,-1.3360252,-4177.8115
1,4,0.17253192,2,4,0.14485735,3,4,0.29626816,-4192.6515,12.273149,-2.8451725,-4177.5331
1,4,0.16562692,2,4,0.13254647,3,4,0.3099788,-4191.1668,12.163044,-1.1489534,-4177.8548
1,4,0.12775525,2,4,0.12059608,3,4,0.29137807,-4192.2654,10.794588,-1.9859866,-4179.4848
1,4,0.16667841,2,4,0.12537186,3,4,0.31203928,-4191.202,12.081791,-1.1945337,-4177.9257
1,4,0.1613567,2,4,0.12692206,3,4,0.29202696,-4190.6553,11.606114,-0.57502615,-4178.4742
1,4,0.17621016,2,4,0.11695159,3,4,0.29526648,-4192.2577,11.768564,-2.3111179,-4178.1781
1,4,0.1675732,2,4,0.13316091,3,4,0.29445373,-4191.2213,11.903757,-1.2145663,-4178.103
1,4,0.15437229,2,4,0.14808185,3,4,0.31611261,-4191.6247,12.371335,-1.6343485,-4177.619
1,4,0.14875392,2,4,0.12202627,3,4,0.32059873,-4190.875,11.827578,-0.80054703,-4178.2469
1,4,0.15098386,2,4,0.12988848,3,4,0.28992183,-4190.2657,11.415883,-0.16525908,-4178.6845
1,4,0.1680115,2,4,0.12311518,3,4,0.3111476,-4191.3149,12.045486,-1.3187559,-4177.9507
1,4,0.13948821,2,4,0.13841541,3,4,0.27329839,-4191.3659,11.02404,-1.1816282,-4179.1602
1,4,0.12974077,2,4,0.1225601,3,4,0.27698654,-4192.5435,10.585748,-2.2676323,-4179.6901
1,4,0.15516367,2,4,0.12200114,3,4,0.2800815,-4191.0379,11.144926,-0.8880115,-4179.005
1,4,0.14055914,2,4,0.11888259,3,4,0.31937725,-4191.3171,11.57638,-1.1907729,-4178.55
1,4,0.12352075,2,4,0.1263023,3,4,0.30148115,-4192.217,11.026084,-1.9051839,-4179.2857
1,4,0.13638895,2,4,0.13657933,3,4,0.2974265,-4190.451,11.407895,-0.3401881,-4178.7029
1,4,0.14632593,2,4,0.12390283,3,4,0.2848503,-4190.666,11.101581,-0.54552983,-4179.0189
1,4,0.13506489,2,4,0.12669566,3,4,0.33153595,-4191.8995,11.86593,-1.860728,-4178.1728
1,4,0.14450875,2,4,0.14605866,3,4,0.30756369,-4190.7623,11.962622,-0.70926349,-4178.0904
1,4,0.12676334,2,4,0.1484854,3,4,0.30896795,-4191.7269,11.684334,-1.6294404,-4178.4131
1,4,0.16083621,2,4,0.12506266,3,4,0.26808211,-4192.0771,11.07962,-1.8484411,-4179.149
1,4,0.16940808,2,4,0.11761669,3,4,0.25830308,-4194.2651,10.906557,-3.8078254,-4179.5507
1,4,0.13735102,2,4,0.1353182,3,4,0.33300936,-4191.7324,12.113572,-1.7578816,-4177.861
1,4,0.1663616,2,4,0.10564054,3,4,0.31632808,-4192.6876,11.766604,-2.5541079,-4178.3669
1,4,0.14206155,2,4,0.17513471,3,4,0.28212636,-4195.009,11.986452,-5.6804916,-4177.342
1,4,0.13711725,2,4,0.099197208,3,4,0.29121536,-4195.1002,10.550596,-4.2694521,-4180.2801
1,4,0.1415421,2,4,0.14633365,3,4,0.32144511,-4191.3423,12.186417,-1.3425037,-4177.8134
1,4,0.15520562,2,4,0.1366672,3,4,0.28149891,-4190.815,11.467435,-0.71168479,-4178.6359
1,4,0.13693086,2,4,0.12590645,3,4,0.31544493,-4190.8971,11.565645,-0.78434078,-4178.5472
1,4,0.13006601,2,4,0.11781311,3,4,0.3184136,-4192.4173,11.325855,-2.1549815,-4178.9365
1,4,0.12609669,2,4,0.13716808,3,4,0.29944946,-4191.3926,11.254285,-1.1875976,-4178.9507
1,4,0.14454021,2,4,0.12355621,3,4,0.31749658,-4190.7243,11.71186,-0.6344101,-4178.378
1,4,0.15578911,2,4,0.13175847,3,4,0.27516531,-4191.1303,11.254258,-0.98560251,-4178.8904
1,4,0.18783544,2,4,0.10664764,3,4,0.29162497,-4194.7348,11.722161,-4.9190527,-4178.0936
1,4,0.13686286,2,4,0.14792739,3,4,0.2706079,-4192.1356,11.107963,-1.9256579,-4179.102
1,4,0.14080058,2,4,0.1134893,3,4,0.30671521,-4191.5538,11.220102,-1.3398432,-4178.9938
1,4,0.1509033,2,4,0.12398828,3,4,0.31291699,-4190.4709,11.756172,-0.38097666,-4178.3338
1,4,0.15561932,2,4,0.11116806,3,4,0.31098755,-4191.4685,11.555499,-1.3020384,-4178.611
1,4,0.16883388,2,4,0.12404953,3,4,0.3130831,-4191.444,12.11933,-1.4672132,-4177.8574
1,4,0.15795237,2,4,0.13060095,3,4,0.3136734,-4190.6588,12.044534,-0.58891355,-4178.0254
1,4,0.13111485,2,4,0.14813274,3,4,0.30006256,-4191.2363,11.586203,-1.1435835,-4178.5065
1,4,0.14017274,2,4,0.13558338,3,4,0.29381659,-4190.3036,11.391454,-0.20090034,-4178.7113
1,4,0.14823994,2,4,0.13615,3,4,0.3325574,-4191.577,12.338947,-1.6047796,-4177.6333
1,4,0.15905717,2,4,0.12937099,3,4,0.28096639,-4190.9165,11.387891,-0.80510767,-4178.7235
1,4,0.12628224,2,4,0.12025433,3,4,0.31245286,-4192.4837,11.179789,-2.1726609,-4179.1312
1,4,0.12137009,2,4,0.17203152,3,4,0.27571921,-4195.7596,11.382416,-5.7806117,-4178.5966
1,4,0.13549553,2,4,0.1533632,3,4,0.32237979,-4192.1231,12.22477,-2.2281336,-4177.6702
1,4,0.15795265,2,4,0.1169174,3,4,0.29005806,-4191.0115,11.298562,-0.866982,-4178.8459
1,4,0.13942686,2,4,0.14765577,3,4,0.30676611,-4190.895,11.876975,-0.84946993,-4178.1686
1,4,0.13908781,2,4,0.13283232,3,4,0.30180323,-4190.2913,11.474467,-0.18846656,-4178.6283
1,4,0.12359742,2,4,0.12524354,3,4,0.29015265,-4192.5101,10.779872,-2.1773905,-4179.5529
1,4,0.13856414,2,4,0.13371594,3,4,0.29571756,-4190.3394,11.359953,-0.23357277,-4178.7458
1,4,0.1500591,2,4,0.13638863,3,4,0.30796893,-4190.3119,11.888333,-0.22010506,-4178.2034
1,4,0.14562916,2,4,0.15351136,3,4,0.28952179,-4191.4746,11.773246,-1.4857933,-4178.2156
1,4,0.12832262,2,4,0.13739837,3,4,0.32674262,-4191.9641,11.849272,-1.8955219,-4178.2193
1,4,0.14786536,2,4,0.13660702,3,4,0.32689418,-4191.1627,12.227331,-1.1400852,-4177.7953
1,4,0.1492243,2,4,0.15940113,3,4,0.26596936,-4193.6942,11.491896,-3.7031449,-4178.4992
1,4,0.13735454,2,4,0.1506233,3,4,0.28896733,-4191.2575,11.538903,-1.1931429,-4178.5254
1,4,0.15827141,2,4,0.11317331,3,4,0.32481504,-4191.8553,11.925195,-1.804594,-4178.1255
1,4,0.15669238,2,4,0.11926618,3,4,0.27731162,-4191.4432,11.065404,-1.255373,-4179.1224
1,4,0.15664544,2,4,0.11818627,3,4,0.27523902,-4191.6852,11.001414,-1.4694269,-4179.2144
1,4,0.13071745,2,4,0.15097378,3,4,0.30108851,-4191.4729,11.655595,-1.4081718,-4178.4092
1,4,0.15436691,2,4,0.14767207,3,4,0.26896845,-4192.3178,11.420149,-2.2058497,-4178.6918
1,4,0.15317406,2,4,0.13137631,3,4,0.29243419,-4190.2521,11.539691,-0.15568675,-4178.5567
1,4,0.13365754,2,4,0.14946879,3,4,0.31213991,-4191.3758,11.905325,-1.3526373,-4178.1178
1,4,0.15693629,2,4,0.12195149,3,4,0.29761707,-4190.4951,11.530097,-0.39410973,-4178.5709
1,4,0.14749263,2,4,0.13356207,3,4,0.25387172,-4193.356,10.698529,-2.8798662,-4179.7776
1,4,0.16660014,2,4,0.11796314,3,4,0.29958444,-4191.2316,11.682954,-1.1683094,-4178.3803
1,4,0.16125327,2,4,0.12382494,3,4,0.30473787,-4190.6509,11.796322,-0.57913415,-4178.2754
1,4,0.13098807,2,4,0.13658217,3,4,0.28358258,-4191.2793,11.023056,-1.0971358,-4179.1591
1,4,0.14586437,2,4,0.14850566,3,4,0.30598426,-4190.9534,12.007086,-0.92223852,-4178.0241
1,4,0.12725926,2,4,0.13408335,3,4,0.26302127,-4193.5368,10.487277,-3.07395,-4179.9755
1,4,0.13608314,2,4,0.14267164,3,4,0.31068784,-4190.7864,11.788852,-0.70937063,-4178.2882
1,4,0.13401205,2,4,0.11948623,3,4,0.27966142,-4192.15,10.663194,-1.9206585,-4179.5661
1,4,0.16429524,2,4,0.12200648,3,4,0.29852966,-4190.8799,11.696628,-0.81407494,-4178.3692
1,4,0.14143818,2,4,0.13936895,3,4,0.31998172,-4190.8517,12.015777,-0.79762081,-4178.0383
1,4,0.14294905,2,4,0.14916001,3,4,0.27338338,-4191.8315,11.309849,-1.7006106,-4178.821
1,4,0.15429923,2,4,0.10835418,3,4,0.32082742,-4192.1721,11.669617,-1.9968161,-4178.5056
1,4,0.15701153,2,4,0.14600161,3,4,0.31514881,-4191.554,12.363239,-1.5492418,-4177.6415
1,4,0.13357371,2,4,0.13372203,3,4,0.31135788,-4190.7837,11.573072,-0.66807849,-4178.5425
1,4,0.11923914,2,4,0.15313259,3,4,0.27652063,-4193.8222,10.977847,-3.3790949,-4179.4653
1,4,0.13854824,2,4,0.13364678,3,4,0.30139251,-4190.3124,11.471751,-0.20865313,-4178.632
1,4,0.16052683,2,4,0.13645977,3,4,0.27857143,-4191.2748,11.511161,-1.1846789,-4178.579
1,4,0.15276178,2,4,0.13589571,3,4,0.30559246,-4190.3265,11.884999,-0.23524893,-4178.2063
1,4,0.15361513,2,4,0.131157,3,4,0.30426566,-4190.2294,11.780756,-0.13603973,-4178.3126
1,4,0.15152158,2,4,0.1195032,3,4,0.27566052,-4191.4822,10.933706,-1.2848203,-4179.2637
1,4,0.15230268,2,4,0.12677955,3,4,0.29908676,-4190.1961,11.56338,-0.098993933,-4178.5337
1,4,0.15988998,2,4,0.12689697,3,4,0.27735461,-4191.2081,11.282831,-1.0723631,-4178.8529
1,4,0.16175609,2,4,0.11317692,3,4,0.30981175,-4191.3921,11.694895,-1.283998,-4178.4132
1,4,0.12919062,2,4,0.13825975,3,4,0.30335249,-4191.0408,11.416057,-0.88836106,-4178.7363
1,4,0.13155522,2,4,0.13563644,3,4,0.31750835,-4191.1599,11.694,-1.0542234,-4178.4117
1,4,0.16092,2,4,0.11474532,3,4,0.29957821,-4191.1313,11.504871,-1.0018939,-4178.6245
1,4,0.16838601,2,4,0.12428133,3,4,0.28112276,-4191.6583,11.475802,-1.5847077,-4178.5978
1,4,0.11922606,2,4,0.12834613,3,4,0.34156291,-4194.7139,11.782702,-4.54113,-4178.3901
1,4,0.13786635,2,4,0.14002041,3,4,0.29097777,-4190.5527,11.37729,-0.44339964,-4178.732
1,4,0.14284599,2,4,0.11578089,3,4,0.28402573,-4191.5787,10.853052,-1.3813691,-4179.3443
1,4,0.16511497,2,4,0.10896338,3,4,0.31108249,-4192.0401,11.703217,-1.9151051,-4178.4217
1,4,0.14599096,2,4,0.11993841,3,4,0.28791624,-4190.8248,11.076912,-0.69069893,-4179.0572
1,4,0.16204769,2,4,0.14448027,3,4,0.2554934,-4194.0604,11.240427,-3.791156,-4179.0288
1,4,0.12237976,2,4,0.11580634,3,4,0.33594189,-4195.0269,11.48256,-4.6108869,-4178.9335
1,4,0.15307706,2,4,0.13974284,3,4,0.31108576,-4190.6637,12.078113,-0.58799531,-4177.9976
1,4,0.12544214,2,4,0.12421138,3,4,0.29083787,-4192.2701,10.809828,-1.9770193,-4179.4833
1,4,0.1496611,2,4,0.13270198,3,4,0.29921365,-4190.118,11.631534,-0.021451016,-4178.465
1,4,0.15986501,2,4,0.1253905,3,4,0.27243739,-4191.6159,11.153858,-1.4345514,-4179.0275
1,4,0.13706573,2,4,0.14616374,3,4,0.32222322,-4191.451,12.109054,-1.4544646,-4177.8875
1,4,0.1449964,2,4,0.12357475,3,4,0.31893931,-4190.7753,11.750209,-0.69094171,-4178.3342
1,4,0.14297049,2,4,0.14138553,3,4,0.31113646,-4190.5559,11.90985,-0.48088617,-4178.1652
1,4,0.14662076,2,4,0.13543687,3,4,0.31193802,-4190.3474,11.879913,-0.25890585,-4178.2086
1,4,0.1420872,2,4,0.12672799,3,4,0.28111574,-4190.8565,10.998619,-0.72653829,-4179.1314
1,4,0.16563245,2,4,0.12086838,3,4,0.27380142,-4192.0563,11.206045,-1.8777234,-4178.9726
1,4,0.13618312,2,4,0.15120409,3,4,0.28263166,-4191.5975,11.400377,-1.5033303,-4178.6938
1,4,0.14655048,2,4,0.15449266,3,4,0.28397225,-4191.7811,11.700308,-1.7978651,-4178.2829
1,4,0.17052476,2,4,0.12653461,3,4,0.30847739,-4191.4818,12.110735,-1.5186212,-4177.8525
1,4,0.14238485,2,4,0.12588934,3,4,0.30567898,-4190.3537,11.479064,-0.25035634,-4178.6243
1,4,0.14764877,2,4,0.12149227,3,4,0.30536085,-4190.4418,11.490038,-0.33263287,-4178.6192
1,4,0.14340463,2,4,0.13660732,3,4,0.26529536,-4191.9572,10.906146,-1.697811,-4179.3533
1,4,0.13413523,2,4,0.13489197,3,4,0.29997859,-4190.5837,11.380116,-0.46170636,-4178.7419
1,4,0.16601188,2,4,0.12857988,3,4,0.29527513,-4190.9589,11.797338,-0.92051651,-4178.241
1,4,0.15507009,2,4,0.12256373,3,4,0.31932984,-4190.8603,11.939273,-0.79834888,-4178.1227
1,4,0.14117548,2,4,0.1295153,3,4,0.3353722,-4191.7798,12.12126,-1.8182551,-4177.8403
1,4,0.16658553,2,4,0.13563329,3,4,0.3089864,-4191.3758,12.224104,-1.3768466,-4177.7748
1,4,0.13769965,2,4,0.13569759,3,4,0.26523904,-4192.2079,10.772726,-1.9199867,-4179.5152
1,4,0.13213432,2,4,0.13061955,3,4,0.31386506,-4191.0443,11.532378,-0.91357643,-4178.5984
1,4,0.12058174,2,4,0.13118489,3,4,0.29351447,-4192.5206,10.905622,-2.1487619,-4179.4662
1,4,0.12425856,2,4,0.1301458,3,4,0.30492283,-4191.8522,11.186544,-1.5903212,-4179.0754
1,4,0.15448074,2,4,0.15570525,3,4,0.2969635,-4192.0621,12.14299,-2.1800614,-4177.739
1,4,0.16236219,2,4,0.13260438,3,4,0.32675777,-4191.7257,12.434487,-1.7516393,-4177.5395
1,4,0.1489741,2,4,0.15262529,3,4,0.294504,-4191.3909,11.922068,-1.4109693,-4178.0579
1,4,0.15324201,2,4,0.15134065,3,4,0.30060874,-4191.4573,12.103828,-1.4824056,-4177.8711
1,4,0.16339027,2,4,0.14206919,3,4,0.2539668,-4194.2175,11.188525,-3.9007464,-4179.1282
1,4,0.14878796,2,4,0.1298852,3,4,0.30715043,-4190.1782,11.716472,-0.082962545,-4178.3787
1,4,0.17037905,2,4,0.1231736,3,4,0.27733178,-4192.1082,11.417689,-2.0232886,-4178.6672
1,4,0.13433651,2,4,0.13358584,3,4,0.29423611,-4190.6358,11.243169,-0.50926141,-4178.8834
1,4,0.16082821,2,4,0.1192818,3,4,0.31259448,-4190.9711,11.85409,-0.90496992,-4178.212
1,4,0.14726764,2,4,0.11028431,3,4,0.32185588,-4192.0948,11.588157,-1.9080803,-4178.5985
1,4,0.14155809,2,4,0.14203338,3,4,0.30283005,-4190.4335,11.728431,-0.34928461,-4178.3558
1,4,0.13986999,2,4,0.13353016,3,4,0.30749954,-4190.3227,11.617994,-0.22459298,-4178.4802
1,4,0.12547185,2,4,0.14567646,3,4,0.32275337,-4192.2392,11.878033,-2.1837171,-4178.1774
1,4,0.13698721,2,4,0.14371074,3,4,0.28188873,-4191.0923,11.251734,-0.95733335,-4178.8832
1,4,0.1776263,2,4,0.12729564,3,4,0.30266631,-4192.2626,12.151765,-2.4356498,-4177.6752
1,4,0.16113399,2,4,0.12947658,3,4,0.30923686,-4190.6996,11.996948,-0.63758459,-4178.065
1,4,0.13790114,2,4,0.11882015,3,4,0.29542016,-4191.1738,11.042829,-1.0106658,-4179.1203
1,4,0.16079958,2,4,0.12664896,3,4,0.29268771,-4190.6101,11.602725,-0.52743925,-4178.4799
1,4,0.17391303,2,4,0.12486657,3,4,0.28968502,-4191.8787,11.769292,-1.9229404,-4178.1865
1,4,0.1357725,2,4,0.13778825,3,4,0.30087387,-4190.4937,11.488693,-0.3845774,-4178.6205
1,4,0.14398535,2,4,0.12549925,3,4,0.30365968,-4190.2945,11.462886,-0.19242057,-4178.6392
1,4,0.15166494,2,4,0.14961934,3,4,0.32267934,-4191.9913,12.479272,-2.0464453,-4177.4656
1,4,0.12029148,2,4,0.12108387,3,4,0.2957796,-4193.4372,10.743099,-2.9519456,-4179.7422
1,4,0.15376032,2,4,0.13295,3,4,0.30854671,-4190.3436,11.905141,-0.25351881,-4178.185
1,4,0.14748245,2,4,0.15045659,3,4,0.29120985,-4191.1568,11.782978,-1.1359072,-4178.2379
1,4,0.1577739,2,4,0.12908844,3,4,0.29876649,-4190.3628,11.712577,-0.27630672,-4178.3739
1,4,0.13905463,2,4,0.13063159,3,4,0.33417785,-4191.7485,12.077281,-1.7720792,-4177.8991
1,4,0.15623093,2,4,0.12922054,3,4,0.33503562,-4191.881,12.409742,-1.9493488,-4177.5219
1,4,0.14697584,2,4,0.12800424,3,4,0.31006471,-4190.2692,11.700896,-0.17537587,-4178.3929
1,4,0.14589295,2,4,0.14976277,3,4,0.31352821,-4191.3043,12.183679,-1.3065536,-4177.814
1,4,0.15750643,2,4,0.13064713,3,4,0.31770305,-4190.8065,12.117132,-0.74709527,-4177.9423
1,4,0.15285606,2,4,0.12532191,3,4,0.28052312,-4190.8057,11.174022,-0.67262752,-4178.9591
1,4,0.15990983,2,4,0.14975942,3,4,0.28170477,-4192.071,11.82748,-2.1135599,-4178.13
1,4,0.13974216,2,4,0.11101258,3,4,0.32152198,-4192.4353,11.445534,-2.1917785,-4178.798
1,4,0.15098937,2,4,0.13882446,3,4,0.3014813,-4190.3357,11.825903,-0.24679003,-4178.263
1,4,0.13796707,2,4,0.14304815,3,4,0.28794277,-4190.7571,11.37916,-0.64766291,-4178.7303
1,4,0.14749968,2,4,0.1462284,3,4,0.28961775,-4190.8131,11.666917,-0.74865898,-4178.3975
1,4,0.17519049,2,4,0.10991373,3,4,0.26935696,-4194.2632,11.089224,-3.9165964,-4179.2573
1,4,0.14648612,2,4,0.11590238,3,4,0.3261132,-4191.6818,11.770034,-1.5927416,-4178.319
1,4,0.16040548,2,4,0.12637947,3,4,0.30333474,-4190.54,11.802394,-0.46501371,-4178.2726
1,4,0.15616425,2,4,0.12786385,3,4,0.28879759,-4190.4606,11.456514,-0.36076519,-4178.6433
1,4,0.16467895,2,4,0.12303658,3,4,0.2873984,-4191.1,11.502279,-1.0153566,-4178.5824
1,4,0.13942618,2,4,0.16236594,3,4,0.31447063,-4192.8078,12.325255,-3.0862548,-4177.3963
1,4,0.16736961,2,4,0.12711944,3,4,0.33231256,-4192.4356,12.536032,-2.579593,-4177.3199
1,4,0.13902849,2,4,0.14522151,3,4,0.26939619,-4191.9839,11.072924,-1.7663426,-4179.1447
1,4,0.13366652,2,4,0.11788542,3,4,0.31698222,-4191.9103,11.370683,-1.7029106,-4178.8367
1,4,0.12913351,2,4,0.14554541,3,4,0.26753408,-4192.8848,10.84426,-2.5281172,-4179.5124
1,4,0.14050947,2,4,0.12797071,3,4,0.32939486,-4191.3725,11.957501,-1.346485,-4178.0685
1,4,0.12433558,2,4,0.1347454,3,4,0.27961339,-4192.3783,10.773888,-2.0570063,-4179.5474
1,4,0.15225209,2,4,0.11707342,3,4,0.27518367,-4191.7436,10.890183,-1.5155773,-4179.3378
1,4,0.16129515,2,4,0.11183086,3,4,0.29977043,-4191.4408,11.457929,-1.2786003,-4178.7043
1,4,0.1399963,2,4,0.10716634,3,4,0.31146941,-4192.7262,11.172641,-2.3555933,-4179.1979
1,4,0.13518148,2,4,0.12052751,3,4,0.30140093,-4191.1854,11.142198,-1.0173952,-4179.0258
1,4,0.13780674,2,4,0.1319339,3,4,0.3203306,-4190.8764,11.801425,-0.79976243,-4178.2752
1,4,0.15515686,2,4,0.12641901,3,4,0.29596475,-4190.2986,11.550812,-0.20267796,-4178.5451
1,4,0.12701426,2,4,0.11614834,3,4,0.30122788,-4192.788,10.88781,-2.4196731,-4179.4805
1,4,0.15061187,2,4,0.15241423,3,4,0.26893701,-4192.619,11.439262,-2.5378516,-4178.6419
1,4,0.12057032,2,4,0.17818158,3,4,0.30522637,-4195.9619,12.079565,-6.6893828,-4177.1929
1,4,0.15175333,2,4,0.13212919,3,4,0.27557865,-4190.982,11.189223,-0.83514801,-4178.9576
1,4,0.15595977,2,4,0.11701824,3,4,0.31279619,-4190.9418,11.715484,-0.84135297,-4178.385
1,4,0.16752619,2,4,0.11703596,3,4,0.25195268,-4195.1276,10.730297,-4.4670875,-4179.9302
1,4,0.14967818,2,4,0.11739225,3,4,0.28829046,-4190.9585,11.107218,-0.80576405,-4179.0455
1,4,0.16338828,2,4,0.16351252,3,4,0.27839847,-4194.5123,12.105985,-5.0019208,-4177.4044
1,4,0.1476978,2,4,0.10588724,3,4,0.31878501,-4192.6464,11.447401,-2.3443764,-4178.8546
1,4,0.13782152,2,4,0.12457706,3,4,0.31721,-4190.9768,11.592172,-0.86682155,-4178.5178
1,4,0.16141076,2,4,0.12042087,3,4,0.29829248,-4190.7657,11.602482,-0.67549632,-4178.4877
1,4,0.13491913,2,4,0.1314379,3,4,0.28778889,-4190.8113,11.082918,-0.67748498,-4179.0509
1,4,0.13281486,2,4,0.1201544,3,4,0.28091814,-4192.1298,10.677748,-1.9001626,-4179.5519
1,4,0.13891879,2,4,0.14469582,3,4,0.28603356,-4190.8768,11.392963,-0.77120265,-4178.7127
1,4,0.15668665,2,4,0.13116849,3,4,0.30421375,-4190.3563,11.841378,-0.26949699,-4178.2454
1,4,0.14278905,2,4,0.11805234,3,4,0.29292018,-4190.9758,11.075231,-0.82711213,-4179.0734
1,4,0.14154537,2,4,0.12335683,3,4,0.272803,-4191.6922,10.754104,-1.4931749,-4179.4449
1,4,0.13399979,2,4,0.14336825,3,4,0.29089583,-4190.8946,11.365277,-0.77271299,-4178.7566
1,4,0.16587524,2,4,0.11648751,3,4,0.28871083,-4191.4906,11.421471,-1.371542,-4178.6976
1,4,0.12732073,2,4,0.15453305,3,4,0.32428676,-4192.7762,12.122811,-2.8941334,-4177.7593
1,4,0.14901974,2,4,0.11246369,3,4,0.35096798,-4194.1285,12.249028,-4.376122,-4177.5033
1,4,0.15037215,2,4,0.11432837,3,4,0.32217298,-4191.5352,11.73747,-1.4275181,-4178.3702
1,4,0.11863974,2,4,0.13013441,3,4,0.29182318,-4193.0107,10.811947,-2.5604555,-4179.6383
1,4,0.14943829,2,4,0.11415791,3,4,0.30789313,-4191.0887,11.429787,-0.92887152,-4178.73
1,4,0.14568882,2,4,0.15289879,3,4,0.31008406,-4191.509,12.173433,-1.5479833,-4177.7876
1,4,0.13626068,2,4,0.135935,3,4,0.3170896,-4190.8106,11.785706,-0.72753982,-4178.2973
1,4,0.11748596,2,4,0.17657491,3,4,0.27099045,-4197.4183,11.301027,-7.3832711,-4178.734
1,4,0.14520595,2,4,0.12349875,3,4,0.26370796,-4192.4545,10.648253,-2.1459136,-4179.6604
1,4,0.1528952,2,4,0.1148905,3,4,0.33587149,-4192.3861,12.073144,-2.4213276,-4177.8916
1,4,0.1221516,2,4,0.15008741,3,4,0.30124009,-4192.2724,11.469582,-2.0826474,-4178.7201
1,4,0.17071534,2,4,0.11915868,3,4,0.30885986,-4191.6162,11.974678,-1.6404817,-4178.001
1,4,0.13524061,2,4,0.1611836,3,4,0.28864465,-4192.4958,11.701377,-2.5892445,-4178.2052
1,4,0.13536166,2,4,0.15452322,3,4,0.27026463,-4192.7893,11.20299,-2.6125139,-4178.9738
1,4,0.13053469,2,4,0.1468645,3,4,0.28197907,-4191.6848,11.187565,-1.504348,-4178.9929
1,4,0.15741612,2,4,0.13727425,3,4,0.2976187,-4190.5461,11.846181,-0.46988018,-4178.23
1,4,0.15153969,2,4,0.12077599,3,4,0.2632421,-4192.6038,10.711156,-2.2634038,-4179.6292
1,4,0.15500169,2,4,0.11939819,3,4,0.29051639,-4190.7291,11.298325,-0.60129605,-4178.8295
1,4,0.15727841,2,4,0.12275756,3,4,0.28129835,-4190.988,11.226687,-0.85015186,-4178.9112
1,4,0.15108623,2,4,0.13369476,3,4,0.28909801,-4190.3037,11.47758,-0.20426005,-4178.6218
1,4,0.19053787,2,4,0.10636247,3,4,0.32825721,-4195.7445,12.503151,-6.522765,-4176.7186
1,4,0.11827052,2,4,0.14926628,3,4,0.31042817,-4192.8897,11.5593,-2.6575612,-4178.6728
1,4,0.13718799,2,4,0.12120045,3,4,0.2905638,-4191.1218,10.979045,-0.97196498,-4179.1708
1,4,0.18034968,2,4,0.11807633,3,4,0.3234296,-4193.3551,12.437112,-3.7052533,-4177.2127
1,4,0.14628852,2,4,0.16108858,3,4,0.29048213,-4192.4525,11.957184,-2.6355741,-4177.8597
1,4,0.11605665,2,4,0.13819952,3,4,0.30183184,-4193.029,11.12176,-2.570718,-4179.3365
1,4,0.15465134,2,4,0.12830189,3,4,0.31250997,-4190.4514,11.909264,-0.36874172,-4178.1734
1,4,0.15838392,2,4,0.13605397,3,4,0.30973278,-4190.7227,12.083414,-0.65272042,-4177.9866
1,4,0.13625181,2,4,0.14950257,3,4,0.2723794,-4192.1266,11.162676,-1.9393933,-4179.0245
