1,4,0.045827864,2,4,0.056198629,3,4,0.28822504,-3142.3961,7.8050306,-0.59493192,-3133.9962
1,4,0.027761038,2,4,0.072916765,3,4,0.29834343,-3143.8379,7.9804246,-1.3286523,-3134.5288
1,4,0.035675307,2,4,0.069158181,3,4,0.25363571,-3142.0233,7.169384,-0.36718529,-3134.4868
1,4,0.032964789,2,4,0.048006009,3,4,0.29352212,-3145.878,7.4898583,-2.0255647,-3136.3625
1,4,0.055970834,2,4,0.053215351,3,4,0.26119288,-3143.6554,7.4075813,-1.3069591,-3134.9409
1,4,0.048499262,2,4,0.068752998,3,4,0.26528483,-3142.3699,7.6507418,-0.61825458,-3134.1009
1,4,0.027343293,2,4,0.073797525,3,4,0.25582599,-3143.6426,7.1393363,-1.0591898,-3135.4441
1,4,0.012175329,2,4,0.073323806,3,4,0.26800613,-3152.6486,7.0701053,-3.6812942,-3141.8972
1,4,0.050343661,2,4,0.056504527,3,4,0.28515985,-3142.7154,7.8401607,-0.80083483,-3134.0744
1,4,0.025538353,2,4,0.048353475,3,4,0.27562347,-3148.2779,6.990306,-2.7467331,-3138.5408
1,4,0.047713757,2,4,0.067909332,3,4,0.25435828,-3142.4723,7.3996274,-0.64224317,-3134.4305
1,4,0.021410606,2,4,0.056692009,3,4,0.26593237,-3147.8742,6.8806997,-2.472227,-3138.5213
1,4,0.04010334,2,4,0.069567608,3,4,0.24203773,-3142.8596,7.0341735,-0.75211106,-3135.0733
1,4,0.042817765,2,4,0.05308643,3,4,0.27460681,-3142.2002,7.4102201,-0.43089861,-3134.3591
1,4,0.045332066,2,4,0.079442482,3,4,0.28375598,-3143.9297,8.1706106,-1.5229021,-3134.2362
1,4,0.055760312,2,4,0.05736651,3,4,0.28155349,-3143.5518,7.8936063,-1.3570279,-3134.3012
1,4,0.029530252,2,4,0.053629608,3,4,0.26373875,-3144.4463,6.9379721,-1.3557761,-3136.1526
1,4,0.029358345,2,4,0.076746659,3,4,0.2127159,-3150.012,6.376418,-3.6494861,-3139.9861
1,4,0.018527118,2,4,0.063977889,3,4,0.28861819,-3148.2386,7.422464,-2.6278595,-3138.1882
1,4,0.038880639,2,4,0.065099734,3,4,0.32039965,-3144.8246,8.4876004,-2.0677962,-3134.2692
1,4,0.033705575,2,4,0.057072051,3,4,0.29352991,-3143.2057,7.6861508,-0.95168706,-3134.5678
1,4,0.049882584,2,4,0.035579166,3,4,0.30443704,-3150.442,7.7979757,-3.9295362,-3138.7145
1,4,0.02307234,2,4,0.077665661,3,4,0.32542006,-3147.9572,8.5231613,-3.755347,-3135.6787
1,4,0.049321284,2,4,0.063735125,3,4,0.2846391,-3142.4876,7.9539103,-0.6852924,-3133.8484
1,4,0.04959748,2,4,0.069275874,3,4,0.27374707,-3142.6667,7.8524085,-0.79395558,-3134.0203
1,4,0.045861021,2,4,0.079641528,3,4,0.33041057,-3148.802,9.1182623,-4.4480878,-3135.2357
1,4,0.035850728,2,4,0.065587732,3,4,0.2713474,-3141.4216,7.4557173,-0.079963839,-3133.8859
1,4,0.047489051,2,4,0.049765254,3,4,0.23183502,-3145.4262,6.5817865,-1.7904862,-3137.0539
1,4,0.032264864,2,4,0.072808809,3,4,0.28694296,-3142.4189,7.8403327,-0.61217565,-3133.9664
1,4,0.050952787,2,4,0.036657201,3,4,0.27262081,-3148.1314,7.2046159,-2.6413433,-3138.2854
1,4,0.043789262,2,4,0.077846462,3,4,0.24814445,-3143.8133,7.3956035,-1.3758037,-3135.0419
1,4,0.044145825,2,4,0.05629473,3,4,0.23705398,-3143.5351,6.7498906,-1.0209164,-3135.7643
1,4,0.060213048,2,4,0.068871681,3,4,0.25314966,-3145.7356,7.6446879,-2.7379459,-3135.353
1,4,0.036160091,2,4,0.058715405,3,4,0.27878966,-3141.8884,7.4733031,-0.30230953,-3134.1128
1,4,0.031500917,2,4,0.058878291,3,4,0.28960732,-3143.1495,7.5997305,-0.89228073,-3134.6575
1,4,0.031047027,2,4,0.054742733,3,4,0.24879237,-3144.3821,6.6916427,-1.3823064,-3136.3082
1,4,0.042694335,2,4,0.066171982,3,4,0.24147472,-3142.77,7.0068208,-0.70229947,-3135.0609
1,4,0.01832444,2,4,0.067619366,3,4,0.31123484,-3149.1475,7.9435729,-3.4509193,-3137.7531
1,4,0.028420216,2,4,0.051145266,3,4,0.21852286,-3150.8697,5.9617668,-4.0045644,-3140.9033
1,4,0.028606325,2,4,0.080956715,3,4,0.25524415,-3144.1528,7.2961439,-1.4596335,-3135.397
1,4,0.030799296,2,4,0.066371297,3,4,0.27605988,-3142.1796,7.4646095,-0.41824664,-3134.2968
1,4,0.049653026,2,4,0.049957547,3,4,0.29814402,-3144.3317,7.9550919,-1.6033861,-3134.7732
1,4,0.014546803,2,4,0.075148008,3,4,0.30930506,-3150.8006,7.9799973,-4.0361631,-3138.7844
1,4,0.038495599,2,4,0.059819023,3,4,0.25856736,-3141.6549,7.1376397,-0.19274254,-3134.3246
1,4,0.03584029,2,4,0.074771248,3,4,0.28565441,-3142.3355,7.925319,-0.59368882,-3133.8165
1,4,0.027806946,2,4,0.069019273,3,4,0.26490356,-3142.9717,7.2345955,-0.73439169,-3135.0027
1,4,0.027075072,2,4,0.058289053,3,4,0.24822707,-3145.203,6.6718239,-1.6603711,-3136.8709
1,4,0.067199483,2,4,0.046079361,3,4,0.30800046,-3149.5986,8.4255861,-5.2336939,-3135.9393
1,4,0.053564879,2,4,0.064154161,3,4,0.29230394,-3143.8398,8.2004595,-1.4996948,-3134.1397
1,4,0.030452485,2,4,0.058462947,3,4,0.29219255,-3143.6407,7.6221597,-1.1159789,-3134.9025
1,4,0.04807992,2,4,0.069475451,3,4,0.28599683,-3142.826,8.071044,-0.860602,-3133.8944
1,4,0.034855029,2,4,0.06099894,3,4,0.26351685,-3141.7942,7.1874164,-0.25255925,-3134.3543
1,4,0.026641334,2,4,0.083612351,3,4,0.27247123,-3144.3519,7.6544984,-1.6540267,-3135.0434
1,4,0.043991747,2,4,0.073736738,3,4,0.25408246,-3142.7191,7.436219,-0.77765472,-3134.5052
1,4,0.044990651,2,4,0.052049874,3,4,0.29489531,-3143.3709,7.8387168,-1.0691805,-3134.463
1,4,0.048352444,2,4,0.048741412,3,4,0.26709007,-3143.2222,7.2836786,-0.87796528,-3135.0606
1,4,0.04496219,2,4,0.065202965,3,4,0.27897457,-3141.7157,7.7827945,-0.24395804,-3133.689
1,4,0.03271282,2,4,0.06592045,3,4,0.28598865,-3142.1312,7.6924385,-0.43293356,-3134.0059
1,4,0.034040383,2,4,0.056885796,3,4,0.22899837,-3145.4994,6.398491,-1.8759192,-3137.225
1,4,0.02350265,2,4,0.07866385,3,4,0.25508768,-3145.3737,7.1450837,-1.8024657,-3136.4261
1,4,0.044901827,2,4,0.082087486,3,4,0.234647,-3146.333,7.2327263,-2.6863614,-3136.4139
1,4,0.025647478,2,4,0.075201885,3,4,0.22506868,-3148.2397,6.5183608,-2.9016285,-3138.8197
1,4,0.039238617,2,4,0.052188908,3,4,0.26887738,-3142.5195,7.206098,-0.56057435,-3134.7528
1,4,0.049394315,2,4,0.050328993,3,4,0.29122594,-3143.7192,7.818985,-1.2524878,-3134.6477
1,4,0.0356649,2,4,0.071410494,3,4,0.26922997,-3141.6799,7.5261073,-0.22149787,-3133.9323
1,4,0.033267637,2,4,0.064453241,3,4,0.25317657,-3142.2905,7.017949,-0.47540896,-3134.7972
1,4,0.050585793,2,4,0.041427339,3,4,0.29325843,-3146.5723,7.7054313,-2.3944594,-3136.4724
1,4,0.015793674,2,4,0.063330874,3,4,0.24324318,-3152.7663,6.4473545,-3.8875202,-3142.4314
1,4,0.024506099,2,4,0.098157925,3,4,0.26962205,-3148.114,7.8457214,-4.2378421,-3136.0305
1,4,0.048998123,2,4,0.054020032,3,4,0.31959976,-3145.9635,8.4523583,-2.7127858,-3134.7984
1,4,0.038928804,2,4,0.06105852,3,4,0.25688782,-3141.6211,7.1375028,-0.17655703,-3134.307
1,4,0.048103133,2,4,0.044828785,3,4,0.24963195,-3144.9872,6.8512773,-1.5456251,-3136.5903
1,4,0.058447321,2,4,0.039772093,3,4,0.22117074,-3151.8394,6.3878031,-4.2981633,-3141.1535
1,4,0.032253303,2,4,0.06909014,3,4,0.29099186,-3142.4491,7.8467061,-0.61623811,-3133.9862
1,4,0.045298959,2,4,0.074915473,3,4,0.26621959,-3142.7206,7.7286804,-0.81674359,-3134.1752
1,4,0.038479167,2,4,0.063401258,3,4,0.31242057,-3143.8636,8.2860199,-1.4761383,-3134.1015
1,4,0.032465209,2,4,0.06719846,3,4,0.27849675,-3141.9069,7.5632083,-0.30993313,-3134.0337
1,4,0.026000584,2,4,0.084061357,3,4,0.24391297,-3146.3066,7.0794982,-2.4316297,-3136.7955
1,4,0.050287455,2,4,0.062898048,3,4,0.30523629,-3144.1858,8.3684359,-1.6674157,-3134.1499
1,4,0.037977574,2,4,0.095611465,3,4,0.25642733,-3147.437,7.8003274,-3.9354769,-3135.7012
1,4,0.066735771,2,4,0.041396872,3,4,0.27228231,-3148.5447,7.608299,-3.9906831,-3136.9458
1,4,0.034865444,2,4,0.07296042,3,4,0.28627917,-3142.1987,7.8821007,-0.50918656,-3133.8074
1,4,0.035723061,2,4,0.044149976,3,4,0.29076764,-3146.5741,7.4128135,-2.2348767,-3136.9264
1,4,0.043747023,2,4,0.055313851,3,4,0.28352312,-3142.1483,7.6516799,-0.44192996,-3134.0547
1,4,0.045982917,2,4,0.058424048,3,4,0.22745671,-3144.8167,6.6372734,-1.5576239,-3136.6218
1,4,0.040575376,2,4,0.052375023,3,4,0.29453742,-3143.3339,7.7497564,-1.021175,-3134.563
1,4,0.064399334,2,4,0.053465053,3,4,0.29619807,-3146.9026,8.2812492,-3.600674,-3135.0207
1,4,0.053839039,2,4,0.059695358,3,4,0.28222769,-3143.1392,7.9152417,-1.1002818,-3134.1237
1,4,0.054023641,2,4,0.076160832,3,4,0.27223044,-3144.9212,8.0482983,-2.1904984,-3134.6824
1,4,0.052143296,2,4,0.055438623,3,4,0.26689966,-3142.6512,7.4896316,-0.75283744,-3134.4087
1,4,0.034413288,2,4,0.074535231,3,4,0.29781586,-3143.0659,8.1352876,-1.0043788,-3133.9262
1,4,0.045966664,2,4,0.078473273,3,4,0.23370979,-3145.7774,7.1629945,-2.3130028,-3136.3014
1,4,0.044542563,2,4,0.080292383,3,4,0.24383406,-3144.8126,7.3733802,-1.9297692,-3135.5094
1,4,0.035853038,2,4,0.061087837,3,4,0.28121939,-3141.771,7.5632053,-0.2530619,-3133.9547
1,4,0.034711339,2,4,0.065727869,3,4,0.25739673,-3141.8292,7.1567187,-0.26903417,-3134.4034
1,4,0.048296013,2,4,0.035802152,3,4,0.27817079,-3148.7672,7.2453791,-2.8238496,-3138.698
1,4,0.02683555,2,4,0.081668225,3,4,0.21960672,-3149.7846,6.56221,-3.692504,-3139.5299
1,4,0.045797662,2,4,0.064992514,3,4,0.22834524,-3144.6568,6.7827084,-1.5191982,-3136.3549
1,4,0.034765526,2,4,0.073920168,3,4,0.30013308,-3143.1707,8.1763756,-1.0644748,-3133.9298
1,4,0.031466687,2,4,0.074940509,3,4,0.25863808,-3142.6903,7.3009054,-0.7051472,-3134.6843
1,4,0.037573421,2,4,0.076202596,3,4,0.25334923,-3142.7246,7.342505,-0.77116472,-3134.6109
1,4,0.0332551,2,4,0.055453258,3,4,0.26290847,-3142.8869,7.0323365,-0.7325504,-3135.122
1,4,0.040565938,2,4,0.071073257,3,4,0.27190059,-3141.6691,7.6707958,-0.22130353,-3133.777
1,4,0.049032916,2,4,0.047677599,3,4,0.25089386,-3144.087,6.9520876,-1.229025,-3135.9059
1,4,0.04566508,2,4,0.050748193,3,4,0.24567594,-3143.5722,6.8417843,-1.0196001,-3135.7108
1,4,0.022999161,2,4,0.06621338,3,4,0.25229193,-3145.767,6.8300895,-1.7575649,-3137.1793
1,4,0.0440056,2,4,0.05920592,3,4,0.28658449,-3141.962,7.7959202,-0.37116301,-3133.7949
1,4,0.032903688,2,4,0.062514392,3,4,0.27669946,-3141.9689,7.4423507,-0.32956044,-3134.197
1,4,0.045147489,2,4,0.06056916,3,4,0.29480641,-3142.5206,8.0104612,-0.68686999,-3133.8233
1,4,0.055067917,2,4,0.034808514,3,4,0.26427146,-3149.4976,7.0829579,-3.1615192,-3139.2531
1,4,0.038247123,2,4,0.071685844,3,4,0.25847011,-3141.8861,7.3680616,-0.32413895,-3134.1939
1,4,0.029286057,2,4,0.067361686,3,4,0.29300357,-3143.1152,7.7930262,-0.90979303,-3134.4123
1,4,0.016381696,2,4,0.085286966,3,4,0.26028762,-3149.3486,7.2391256,-3.3537072,-3138.7558
1,4,0.048212926,2,4,0.05575805,3,4,0.25247899,-3142.5162,7.1289992,-0.605461,-3134.7817
1,4,0.057697493,2,4,0.066337403,3,4,0.29035781,-3145.0213,8.2878541,-2.2824485,-3134.451
1,4,0.045014511,2,4,0.079942771,3,4,0.26949195,-3143.6656,7.8889846,-1.3938197,-3134.3828
1,4,0.044252485,2,4,0.052616017,3,4,0.27347308,-3142.2721,7.4068317,-0.46453407,-3134.4007
1,4,0.017468599,2,4,0.079954199,3,4,0.25210003,-3148.9393,6.9904566,-2.973887,-3138.9749
1,4,0.040767542,2,4,0.069166863,3,4,0.25355002,-3141.9372,7.2696885,-0.33665111,-3134.3308
1,4,0.055483308,2,4,0.049625193,3,4,0.25962315,-3144.0929,7.2946331,-1.4327499,-3135.3655
1,4,0.020303979,2,4,0.075874825,3,4,0.27582082,-3145.884,7.4399925,-1.8951626,-3136.5488
1,4,0.064386098,2,4,0.0479781,3,4,0.25044233,-3146.9495,7.2561306,-3.1372486,-3136.5561
1,4,0.051674107,2,4,0.04588897,3,4,0.25924563,-3144.4131,7.1361742,-1.3915573,-3135.8854
1,4,0.046451764,2,4,0.051982141,3,4,0.26726229,-3142.4336,7.3139239,-0.53918092,-3134.5804
1,4,0.047747077,2,4,0.086055008,3,4,0.2738038,-3145.8456,8.1521178,-2.7903771,-3134.9031
1,4,0.030531228,2,4,0.050534027,3,4,0.26951601,-3144.9524,7.0116253,-1.5527403,-3136.388
1,4,0.058851411,2,4,0.065594051,3,4,0.26286805,-3144.5442,7.7462704,-2.0244519,-3134.7734
1,4,0.022086465,2,4,0.084569237,3,4,0.28241344,-3145.7967,7.7813827,-2.2957482,-3135.7195
1,4,0.039565236,2,4,0.072388608,3,4,0.28387459,-3142.0517,7.9165688,-0.42744233,-3133.7077
1,4,0.054801757,2,4,0.054605895,3,4,0.27160829,-3143.2206,7.6203188,-1.1050229,-3134.4952
1,4,0.041307508,2,4,0.064402152,3,4,0.31233467,-3143.9014,8.3608866,-1.4979785,-3134.0425
1,4,0.042778011,2,4,0.039657195,3,4,0.25778575,-3147.0541,6.8044192,-2.2036519,-3138.046
1,4,0.029030089,2,4,0.063024385,3,4,0.31576223,-3145.4895,8.1563341,-2.2534097,-3135.0798
1,4,0.050255486,2,4,0.059479848,3,4,0.25104815,-3142.6758,7.2156696,-0.72537317,-3134.7347
1,4,0.024773356,2,4,0.057271948,3,4,0.28463502,-3145.7436,7.3336065,-1.8356109,-3136.5744
1,4,0.03424669,2,4,0.044492305,3,4,0.29668893,-3147.2431,7.5085585,-2.5647609,-3137.1698
1,4,0.043126713,2,4,0.046373277,3,4,0.27837517,-3143.9848,7.3575031,-1.1585811,-3135.4687
1,4,0.04669165,2,4,0.052138064,3,4,0.26416368,-3142.4513,7.2598678,-0.54745499,-3134.6439
1,4,0.041756066,2,4,0.074744554,3,4,0.23503583,-3144.4012,7.030729,-1.5123641,-3135.8581
1,4,0.030945828,2,4,0.059095526,3,4,0.29793592,-3143.8009,7.7595456,-1.2422365,-3134.7991
1,4,0.033586432,2,4,0.05022236,3,4,0.2999527,-3145.4042,7.6752298,-1.9293729,-3135.7996
1,4,0.018881925,2,4,0.070196559,3,4,0.29266823,-3147.2318,7.6349342,-2.4082258,-3137.1887
1,4,0.039754236,2,4,0.068178043,3,4,0.24406423,-3142.5499,7.0399302,-0.60505139,-3134.9049
1,4,0.041464153,2,4,0.042348224,3,4,0.27211659,-3145.6307,7.1185793,-1.7296187,-3136.7825
1,4,0.04292254,2,4,0.063608907,3,4,0.26588434,-3141.3588,7.4483157,-0.053336517,-3133.8572
1,4,0.039373982,2,4,0.046134985,3,4,0.28753289,-3144.8147,7.4608371,-1.5392239,-3135.8146
1,4,0.022801653,2,4,0.076076544,3,4,0.24232384,-3146.7499,6.8240407,-2.2594027,-3137.6665
1,4,0.039119406,2,4,0.060399615,3,4,0.22300738,-3145.4535,6.4505281,-1.8084101,-3137.1945
1,4,0.022794893,2,4,0.062883791,3,4,0.27425321,-3145.4459,7.1986379,-1.6245479,-3136.6227
1,4,0.056913168,2,4,0.060990098,3,4,0.23888465,-3145.1049,7.1357583,-2.0366321,-3135.9325
1,4,0.033182775,2,4,0.076302181,3,4,0.27453874,-3142.3529,7.6804738,-0.5959226,-3134.0765
1,4,0.038848312,2,4,0.058732911,3,4,0.31326705,-3144.2351,8.2169654,-1.6660516,-3134.3521
1,4,0.05242945,2,4,0.042940202,3,4,0.24681187,-3146.1693,6.8436305,-2.0506824,-3137.275
1,4,0.045107123,2,4,0.092858051,3,4,0.29289683,-3148.1293,8.6172401,-4.2978144,-3135.2142
1,4,0.034892068,2,4,0.053684979,3,4,0.2751342,-3142.8648,7.2742249,-0.72042745,-3134.8701
1,4,0.053103637,2,4,0.055011694,3,4,0.29300701,-3143.7529,8.0224468,-1.4120946,-3134.3183
1,4,0.035777405,2,4,0.047570217,3,4,0.31508843,-3147.3752,7.968721,-3.007402,-3136.3991
1,4,0.033781267,2,4,0.05465985,3,4,0.28996636,-3143.4361,7.5681496,-1.022299,-3134.8457
1,4,0.039560316,2,4,0.066664685,3,4,0.27143246,-3141.3132,7.5531493,-0.030003339,-3133.73
1,4,0.060312839,2,4,0.069982454,3,4,0.27521102,-3145.698,8.1101262,-2.7961377,-3134.7917
1,4,0.024447392,2,4,0.05894776,3,4,0.31352585,-3147.6008,7.93842,-3.0009816,-3136.6614
1,4,0.034515436,2,4,0.06245461,3,4,0.24868715,-3142.485,6.913144,-0.57002487,-3135.0018
1,4,0.053625663,2,4,0.053747835,3,4,0.25365414,-3143.4273,7.2205528,-1.1111598,-3135.0956
1,4,0.06232506,2,4,0.067946734,3,4,0.27952687,-3146.1759,8.1959732,-3.1552421,-3134.8247
1,4,0.037424175,2,4,0.068108182,3,4,0.26271327,-3141.4884,7.3649125,-0.11630982,-3134.0072
1,4,0.048561301,2,4,0.066321095,3,4,0.28601817,-3142.594,8.0180112,-0.73609894,-3133.8399
1,4,0.0475821,2,4,0.04868694,3,4,0.24889885,-3143.8735,6.9033578,-1.1371345,-3135.833
1,4,0.050234601,2,4,0.040202498,3,4,0.27143933,-3146.2629,7.2375286,-2.0162529,-3137.0092
1,4,0.053011548,2,4,0.061199894,3,4,0.28308232,-3143.028,7.9458752,-1.0286151,-3134.0535
1,4,0.026050457,2,4,0.078750774,3,4,0.28589232,-3144.0057,7.8138711,-1.3983159,-3134.7936
1,4,0.0362383,2,4,0.059949458,3,4,0.25303114,-3142.1239,6.984378,-0.41135426,-3134.7282
1,4,0.046502795,2,4,0.026346607,3,4,0.27245528,-3157.1307,6.9060936,-4.9887146,-3145.2358
1,4,0.035992378,2,4,0.06616739,3,4,0.29352482,-3142.2066,7.9136917,-0.50810386,-3133.7848
1,4,0.025986411,2,4,0.085431973,3,4,0.27567484,-3144.7868,7.7418644,-1.930513,-3135.1144
1,4,0.03675249,2,4,0.043273725,3,4,0.29066783,-3146.7286,7.413881,-2.2819458,-3137.0328
1,4,0.030710366,2,4,0.061360528,3,4,0.26104001,-3142.6854,7.0622181,-0.6303753,-3134.9928
1,4,0.059899853,2,4,0.050347423,3,4,0.29060055,-3145.5121,8.0169565,-2.5013629,-3134.9938
1,4,0.033460815,2,4,0.070689762,3,4,0.25054449,-3142.5474,7.0939012,-0.60582921,-3134.8476
1,4,0.036661914,2,4,0.060465504,3,4,0.28719833,-3141.9951,7.6865149,-0.37548656,-3133.9331
1,4,0.046263094,2,4,0.069051975,3,4,0.23544559,-3144.0256,7.0152133,-1.3138835,-3135.6965
1,4,0.051212726,2,4,0.051966758,3,4,0.27600813,-3142.9742,7.5837523,-0.87803163,-3134.5124
1,4,0.043795935,2,4,0.066621455,3,4,0.2744871,-3141.5681,7.6980897,-0.16418733,-3133.7058
1,4,0.037784217,2,4,0.057824303,3,4,0.24536404,-3142.7277,6.8194511,-0.68500716,-3135.2233
1,4,0.052793796,2,4,0.069123322,3,4,0.26615864,-3143.3097,7.7615152,-1.1950696,-3134.3531
1,4,0.060072619,2,4,0.07348648,3,4,0.25895871,-3146.3199,7.8503561,-3.1591517,-3135.3104
1,4,0.030546388,2,4,0.055324598,3,4,0.26565566,-3143.6179,7.0305329,-1.023561,-3135.5638
1,4,0.019593046,2,4,0.096547701,3,4,0.27314993,-3148.9555,7.7858134,-4.3243178,-3136.8453
1,4,0.025765397,2,4,0.080930249,3,4,0.28202477,-3144.2207,7.7744082,-1.5310338,-3134.9153
1,4,0.015419202,2,4,0.068802695,3,4,0.31838227,-3151.7318,8.0520833,-4.5210843,-3139.1587
1,4,0.02979117,2,4,0.074284893,3,4,0.24804023,-3143.6498,7.0423259,-1.0995329,-3135.508
1,4,0.031914702,2,4,0.06726329,3,4,0.26845558,-3141.9384,7.3526713,-0.31006333,-3134.2756
1,4,0.029053123,2,4,0.062482308,3,4,0.30622293,-3144.5436,7.9551671,-1.6660142,-3134.9224
1,4,0.056254639,2,4,0.065857974,3,4,0.24943828,-3144.3739,7.4310179,-1.7788861,-3135.164
1,4,0.04918747,2,4,0.070869244,3,4,0.29106774,-3143.5236,8.222489,-1.2581047,-3134.043
1,4,0.03921701,2,4,0.057365587,3,4,0.29882568,-3142.9207,7.9081655,-0.87839792,-3134.1341
1,4,0.047492907,2,4,0.078075346,3,4,0.2845635,-3144.0959,8.2026351,-1.6141341,-3134.2792
1,4,0.05123239,2,4,0.062778624,3,4,0.24545138,-3143.2918,7.189248,-1.0433574,-3135.0592
1,4,0.024493166,2,4,0.06559964,3,4,0.24649462,-3145.5683,6.7317485,-1.7346919,-3137.1019
1,4,0.036164655,2,4,0.065236145,3,4,0.27904803,-3141.5128,7.6089766,-0.12927922,-3133.7745
1,4,0.040897675,2,4,0.049218252,3,4,0.29577658,-3144.1801,7.7178501,-1.3858272,-3135.0764
1,4,0.039862719,2,4,0.054461779,3,4,0.21449715,-3147.8405,6.1764329,-2.7598345,-3138.9043
1,4,0.048319888,2,4,0.047312872,3,4,0.29062229,-3144.2889,7.725101,-1.4473022,-3135.1165
1,4,0.047799014,2,4,0.040352007,3,4,0.22742255,-3149.4408,6.3114713,-3.1970178,-3139.9323
1,4,0.036956371,2,4,0.068442529,3,4,0.27845443,-3141.5255,7.6770667,-0.14048088,-3133.708
1,4,0.033709642,2,4,0.056792301,3,4,0.27119772,-3142.4465,7.2339932,-0.53900019,-3134.6735
1,4,0.050309767,2,4,0.047253777,3,4,0.29933165,-3145.1012,7.9379039,-1.9530365,-3135.2103
1,4,0.04466294,2,4,0.061100759,3,4,0.25512595,-3141.7822,7.217793,-0.25681004,-3134.3076
1,4,0.039618761,2,4,0.055414243,3,4,0.27312848,-3141.9052,7.3632297,-0.30002609,-3134.242
1,4,0.02723915,2,4,0.08216069,3,4,0.2570257,-3144.5207,7.3285108,-1.6424807,-3135.5497
1,4,0.034311526,2,4,0.059921615,3,4,0.29195541,-3142.5998,7.7237709,-0.6740688,-3134.2019
1,4,0.035120495,2,4,0.071411018,3,4,0.27414955,-3141.7202,7.6136213,-0.24302166,-3133.8636
1,4,0.038035483,2,4,0.067232732,3,4,0.29916875,-3142.5837,8.0887392,-0.72579415,-3133.7692
1,4,0.041151609,2,4,0.082340905,3,4,0.28060839,-3143.8114,8.0820182,-1.4926064,-3134.2368
1,4,0.034903015,2,4,0.048304869,3,4,0.22492262,-3148.133,6.1626101,-2.9413099,-3139.0291
1,4,0.034672156,2,4,0.057906729,3,4,0.30047671,-3143.4371,7.861112,-1.1216494,-3134.4544
1,4,0.034360533,2,4,0.05821122,3,4,0.30275855,-3143.6418,7.9066061,-1.2384264,-3134.4968
1,4,0.051488391,2,4,0.069062877,3,4,0.2510964,-3143.493,7.4329534,-1.2265518,-3134.8335
1,4,0.015760447,2,4,0.066278329,3,4,0.24926022,-3151.4689,6.6259799,-3.438785,-3141.4041
1,4,0.046246177,2,4,0.063199359,3,4,0.27830069,-3141.7686,7.7549245,-0.27662129,-3133.737
1,4,0.045738631,2,4,0.052174938,3,4,0.27678725,-3142.4608,7.4940164,-0.56417234,-3134.4026
1,4,0.048362567,2,4,0.070542564,3,4,0.26501431,-3142.5721,7.6783889,-0.73273539,-3134.161
1,4,0.031042759,2,4,0.072517886,3,4,0.2371265,-3144.4519,6.8137428,-1.4269001,-3136.2113
1,4,0.038559082,2,4,0.072435059,3,4,0.28576909,-3142.0989,7.9352646,-0.45433881,-3133.7093
1,4,0.044860782,2,4,0.076669417,3,4,0.26187737,-3143.0486,7.6681514,-1.0054347,-3134.3751
1,4,0.04120466,2,4,0.045021669,3,4,0.27047628,-3144.5011,7.1340521,-1.3242233,-3136.0429
1,4,0.033122596,2,4,0.078938582,3,4,0.30718944,-3144.4648,8.3850123,-1.848523,-3134.2312
1,4,0.052477893,2,4,0.081048208,3,4,0.28302505,-3145.9807,8.331023,-2.8219303,-3134.8278
1,4,0.026852137,2,4,0.073183898,3,4,0.27429755,-3143.2004,7.4866716,-0.87939322,-3134.8344
1,4,0.04066385,2,4,0.05734315,3,4,0.26860164,-3141.5856,7.3321729,-0.15492082,-3134.0985
1,4,0.029561416,2,4,0.071575185,3,4,0.2442777,-3143.8787,6.9082861,-1.1639719,-3135.8065
1,4,0.025946873,2,4,0.068894596,3,4,0.32549252,-3147.0921,8.4066798,-3.2188825,-3135.4666
1,4,0.032486898,2,4,0.07524005,3,4,0.27550276,-3142.299,7.6645941,-0.55318621,-3134.0812
1,4,0.025647292,2,4,0.090382901,3,4,0.27390246,-3145.8536,7.7986531,-2.6634396,-3135.3915
1,4,0.041737172,2,4,0.061172091,3,4,0.2751474,-3141.3721,7.5611333,-0.059190936,-3133.7517
1,4,0.046362823,2,4,0.066442787,3,4,0.2589998,-3141.9595,7.4361082,-0.37076192,-3134.1527
1,4,0.037014516,2,4,0.047473143,3,4,0.25232278,-3144.7138,6.7362087,-1.4764564,-3136.5012
1,4,0.056636853,2,4,0.033332231,3,4,0.28585229,-3150.7863,7.5164275,-3.8862393,-3139.3836
1,4,0.036539804,2,4,0.069267562,3,4,0.25925605,-3141.6994,7.3012683,-0.21904665,-3134.1791
1,4,0.048134358,2,4,0.04362169,3,4,0.26564861,-3144.7855,7.1480932,-1.4485334,-3136.1888
1,4,0.061720359,2,4,0.058121432,3,4,0.25169402,-3145.326,7.4307162,-2.4264341,-3135.4689
1,4,0.027456711,2,4,0.073771066,3,4,0.27562003,-3143.0673,7.5369562,-0.84212584,-3134.6882
1,4,0.045624131,2,4,0.042956224,3,4,0.28443514,-3145.3824,7.4603099,-1.7370006,-3136.1851
1,4,0.041023872,2,4,0.080241658,3,4,0.28114982,-3143.3518,8.048307,-1.2022837,-3134.1012
1,4,0.047852739,2,4,0.055045539,3,4,0.29203389,-3142.9291,7.8986434,-0.8907677,-3134.1396
1,4,0.039270924,2,4,0.070547545,3,4,0.29031686,-3142.1791,8.0027065,-0.4942388,-3133.6821
1,4,0.03586442,2,4,0.065871399,3,4,0.27553527,-3141.4598,7.5454218,-0.10067739,-3133.8137
1,4,0.027260076,2,4,0.084905488,3,4,0.28115652,-3144.4918,7.8664417,-1.8195252,-3134.8059
1,4,0.026007146,2,4,0.071027638,3,4,0.28552647,-3143.6111,7.6512252,-1.0696678,-3134.8902
1,4,0.020487274,2,4,0.073135723,3,4,0.28307991,-3145.8408,7.5340581,-1.8739029,-3136.4328
1,4,0.052010116,2,4,0.038609337,3,4,0.28021787,-3147.2667,7.4167464,-2.4779751,-3137.3719
1,4,0.038705813,2,4,0.039106638,3,4,0.24493267,-3148.9172,6.4549024,-2.9501943,-3139.5121
1,4,0.046026579,2,4,0.05561538,3,4,0.30034943,-3143.361,8.0398278,-1.1391056,-3134.1821
1,4,0.050228207,2,4,0.060842563,3,4,0.23013416,-3144.8327,6.8240986,-1.6445784,-3136.364
1,4,0.050517899,2,4,0.058073966,3,4,0.21552698,-3147.6305,6.4823769,-2.7232196,-3138.4249
1,4,0.044291397,2,4,0.060661647,3,4,0.24492361,-3142.4495,6.997533,-0.55528181,-3134.8967
1,4,0.048111119,2,4,0.052446414,3,4,0.2698892,-3142.4718,7.4089347,-0.58071519,-3134.4821
1,4,0.04818569,2,4,0.046360286,3,4,0.26151981,-3143.9396,7.1213157,-1.1421154,-3135.6762
1,4,0.047289794,2,4,0.077386343,3,4,0.25515435,-3143.8499,7.5966098,-1.458416,-3134.7949
1,4,0.0358058,2,4,0.061619363,3,4,0.28326518,-3141.8129,7.6138069,-0.27749175,-3133.9216
1,4,0.035955799,2,4,0.058492274,3,4,0.28866636,-3142.349,7.6622888,-0.54363452,-3134.1431
1,4,0.046536682,2,4,0.057150799,3,4,0.2604581,-3141.9066,7.2829117,-0.31971683,-3134.3039
1,4,0.026865371,2,4,0.084772487,3,4,0.27585762,-3144.4894,7.7499095,-1.7813292,-3134.9582
1,4,0.031069264,2,4,0.077476547,3,4,0.24136133,-3144.4501,6.9981428,-1.5105147,-3135.9414
1,4,0.032113949,2,4,0.069339613,3,4,0.28445873,-3142.164,7.7182458,-0.4542422,-3133.9915
1,4,0.048525054,2,4,0.057211915,3,4,0.23381894,-3144.1837,6.7911181,-1.3249002,-3136.0677
1,4,0.04320177,2,4,0.055347676,3,4,0.29328243,-3142.6926,7.8366376,-0.74170219,-3134.1142
1,4,0.038810798,2,4,0.050387373,3,4,0.31850568,-3146.4017,8.154077,-2.7224171,-3135.5252
1,4,0.031323442,2,4,0.061937528,3,4,0.27866967,-3142.3806,7.4386129,-0.50980401,-3134.4322
1,4,0.039048694,2,4,0.06123723,3,4,0.23726973,-3143.208,6.751113,-0.88317074,-3135.5737
1,4,0.03446126,2,4,0.061880919,3,4,0.25671536,-3142.0264,7.0611507,-0.36077606,-3134.6045
1,4,0.037198455,2,4,0.079736587,3,4,0.24056352,-3144.4451,7.1499711,-1.6226342,-3135.6725
1,4,0.047326788,2,4,0.047195206,3,4,0.22586044,-3147.0279,6.4076487,-2.4034285,-3138.2168
1,4,0.049554808,2,4,0.056136933,3,4,0.34035567,-3149.0051,8.9209482,-4.7523224,-3135.3318
1,4,0.051559449,2,4,0.06767813,3,4,0.2554157,-3143.1153,7.4930656,-1.0347637,-3134.5875
1,4,0.025483431,2,4,0.077775165,3,4,0.24896246,-3145.0739,7.0444211,-1.6996171,-3136.3298
1,4,0.048164056,2,4,0.079983692,3,4,0.21145976,-3150.7041,6.7921502,-4.4437655,-3139.4682
1,4,0.055735683,2,4,0.055337744,3,4,0.26047767,-3143.4559,7.4310218,-1.2268575,-3134.798
1,4,0.044409091,2,4,0.096663323,3,4,0.24725781,-3149.428,7.7666045,-5.1771135,-3136.4843
1,4,0.024923083,2,4,0.075615439,3,4,0.29543385,-3144.5172,7.9194475,-1.6162677,-3134.9814
1,4,0.050318753,2,4,0.063002683,3,4,0.28533691,-3142.6666,7.9731669,-0.79377775,-3133.8997
1,4,0.031679827,2,4,0.072940977,3,4,0.25353842,-3142.7592,7.1631845,-0.71035575,-3134.8857
1,4,0.034353601,2,4,0.066795414,3,4,0.30758122,-3143.5045,8.1746048,-1.2478777,-3134.082
1,4,0.049526664,2,4,0.056637872,3,4,0.26241129,-3142.2258,7.3715166,-0.50202251,-3134.3523
1,4,0.038776058,2,4,0.077972237,3,4,0.24851349,-3143.3843,7.3052358,-1.1187162,-3134.9603
1,4,0.036154255,2,4,0.076117415,3,4,0.25839217,-3142.4605,7.4132768,-0.64202005,-3134.4052
1,4,0.036940432,2,4,0.0454248,3,4,0.23030443,-3147.8394,6.2533932,-2.7702898,-3138.8157
1,4,0.029877921,2,4,0.065121294,3,4,0.2957384,-3143.2521,7.8147522,-0.98725927,-3134.4501
1,4,0.037986614,2,4,0.057521775,3,4,0.26882176,-3141.7167,7.286603,-0.21661365,-3134.2135
1,4,0.029235715,2,4,0.075532502,3,4,0.30891299,-3144.5918,8.273624,-1.8608916,-3134.4573
1,4,0.049018387,2,4,0.064530926,3,4,0.30755448,-3144.2769,8.4220759,-1.7096242,-3134.1452
1,4,0.041966697,2,4,0.066946267,3,4,0.30365878,-3143.1137,8.2514349,-1.0226127,-3133.8396
1,4,0.036778451,2,4,0.059301646,3,4,0.26647689,-3141.6536,7.2511397,-0.18909259,-3134.2133
1,4,0.041945032,2,4,0.040418281,3,4,0.28364156,-3146.8317,7.3200975,-2.2135368,-3137.2981
1,4,0.040562216,2,4,0.078773655,3,4,0.27610229,-3142.8776,7.9087633,-0.92418041,-3134.0447
1,4,0.040431667,2,4,0.065941196,3,4,0.2823887,-3141.5485,7.7752312,-0.15232622,-3133.6209
1,4,0.043649228,2,4,0.060523675,3,4,0.25863761,-3141.5889,7.2562103,-0.1626214,-3134.1701
1,4,0.051664722,2,4,0.057245064,3,4,0.28709872,-3142.9928,7.9201702,-0.97649503,-3134.0961
1,4,0.04978477,2,4,0.065137478,3,4,0.28946475,-3142.9224,8.08774,-0.92926187,-3133.9054
1,4,0.032563805,2,4,0.058759472,3,4,0.21856105,-3147.5753,6.1976865,-2.6906107,-3138.687
1,4,0.037255796,2,4,0.071817917,3,4,0.30316093,-3143.208,8.2446929,-1.0833748,-3133.8799
1,4,0.042132187,2,4,0.083846111,3,4,0.30039865,-3145.4757,8.5275389,-2.4528181,-3134.4953
1,4,0.020592007,2,4,0.071935945,3,4,0.2593048,-3146.2963,7.0366551,-1.9222323,-3137.3374
1,4,0.059842409,2,4,0.081661344,3,4,0.31460313,-3151.3355,9.1221377,-6.2451311,-3135.9682
1,4,0.035769916,2,4,0.073850626,3,4,0.25116315,-3142.5856,7.2156737,-0.66184534,-3134.7081
1,4,0.036382969,2,4,0.077875491,3,4,0.28838543,-3142.9004,8.0528778,-0.9272141,-3133.9203
1,4,0.057832572,2,4,0.060673445,3,4,0.2795611,-3144.0358,7.9613423,-1.7034834,-3134.3709
1,4,0.054066016,2,4,0.068443095,3,4,0.27448788,-3143.5939,7.9399397,-1.3801531,-3134.2738
1,4,0.038822201,2,4,0.065743863,3,4,0.29529676,-3142.2449,7.9972565,-0.53452003,-3133.7131
1,4,0.04183041,2,4,0.069528762,3,4,0.2814576,-3141.8093,7.8563355,-0.29054249,-3133.6625
1,4,0.064144564,2,4,0.055260091,3,4,0.23724803,-3147.3488,7.1330536,-3.3957837,-3136.82
1,4,0.046065545,2,4,0.046179991,3,4,0.24041299,-3145.2992,6.6531704,-1.6921225,-3136.9539
1,4,0.034954702,2,4,0.070837116,3,4,0.26531738,-3141.7289,7.4221839,-0.2385835,-3134.0682
1,4,0.052111229,2,4,0.065035932,3,4,0.27448251,-3142.7658,7.8325934,-0.87373805,-3134.0594
1,4,0.051687701,2,4,0.048807293,3,4,0.28968439,-3144.1788,7.8035876,-1.4894112,-3134.8858
1,4,0.04030926,2,4,0.06768654,3,4,0.30394111,-3143.0777,8.2387382,-1.005321,-3133.8336
1,4,0.043717808,2,4,0.059701384,3,4,0.30322435,-3143.1589,8.1328708,-1.0499826,-3133.9761
1,4,0.024800499,2,4,0.077817781,3,4,0.28625829,-3144.2796,7.7775314,-1.4773043,-3135.0248
1,4,0.043339105,2,4,0.069619526,3,4,0.23377542,-3144.0024,6.934681,-1.2672601,-3135.8005
1,4,0.049700225,2,4,0.062738848,3,4,0.28837795,-3142.7125,8.0163405,-0.81347009,-3133.8827
1,4,0.03232329,2,4,0.055978325,3,4,0.25048128,-3143.6096,6.7756579,-1.060951,-3135.773
1,4,0.043189704,2,4,0.085478696,3,4,0.26268287,-3144.8173,7.8270254,-2.1349618,-3134.8553
1,4,0.042018047,2,4,0.071850217,3,4,0.27242318,-3141.8648,7.7258289,-0.32800696,-3133.8109
1,4,0.037801386,2,4,0.082645214,3,4,0.28772044,-3143.8297,8.1633409,-1.5053435,-3134.161
1,4,0.050516498,2,4,0.067497418,3,4,0.19595604,-3153.428,6.279399,-4.949415,-3142.1992
1,4,0.036295924,2,4,0.059527834,3,4,0.23828953,-3143.4599,6.6822658,-1.0047165,-3135.7729
1,4,0.038026786,2,4,0.056893848,3,4,0.27026459,-3141.7937,7.3037045,-0.25113094,-3134.2388
1,4,0.040150698,2,4,0.041934478,3,4,0.29131343,-3146.7399,7.4679721,-2.2789801,-3136.9929
1,4,0.025186995,2,4,0.087560938,3,4,0.25454102,-3146.1679,7.3457791,-2.5499629,-3136.2722
1,4,0.037227194,2,4,0.047148658,3,4,0.29604411,-3145.3485,7.6083993,-1.8456652,-3135.8944
1,4,0.02604179,2,4,0.075307133,3,4,0.21960901,-3149.2595,6.4191586,-3.2970365,-3139.5433
1,4,0.023956472,2,4,0.03637271,3,4,0.26435399,-3157.7155,6.4936634,-5.6976218,-3145.5242
1,4,0.021866411,2,4,0.05426002,3,4,0.22138892,-3153.4038,5.950307,-4.7123484,-3142.7411
1,4,0.03498439,2,4,0.053881052,3,4,0.24195961,-3144.1395,6.6165011,-1.3058035,-3136.2172
1,4,0.042226877,2,4,0.067896149,3,4,0.25337662,-3141.9178,7.2699929,-0.32619497,-3134.3217
1,4,0.032710153,2,4,0.073755822,3,4,0.30710222,-3143.882,8.271364,-1.4758104,-3134.1349
1,4,0.049962077,2,4,0.05704451,3,4,0.24211364,-3143.4244,6.9824045,-1.0310372,-3135.411
1,4,0.036314611,2,4,0.073807692,3,4,0.28034603,-3142.0251,7.8093666,-0.41980986,-3133.7959
1,4,0.027303739,2,4,0.085044442,3,4,0.29345958,-3144.9484,8.1161552,-2.124812,-3134.7075
1,4,0.030595651,2,4,0.056456581,3,4,0.29237824,-3143.9977,7.5886095,-1.2675753,-3135.1415
1,4,0.029557422,2,4,0.063211023,3,4,0.25231202,-3143.292,6.9016094,-0.88778824,-3135.5026
1,4,0.040285358,2,4,0.055387989,3,4,0.25836183,-3142.0478,7.0807036,-0.36680987,-3134.6003
1,4,0.040901153,2,4,0.07251321,3,4,0.29410467,-3142.7276,8.1503807,-0.79577671,-3133.7815
1,4,0.046926267,2,4,0.038949425,3,4,0.27130679,-3146.8839,7.1436497,-2.1592694,-3137.581
1,4,0.038762021,2,4,0.049009748,3,4,0.1999907,-3153.2484,5.7552493,-4.7769212,-3142.7162
1,4,0.043253007,2,4,0.07270833,3,4,0.30714504,-3144.1364,8.4621275,-1.5968236,-3134.0775
1,4,0.03947339,2,4,0.05502887,3,4,0.25730101,-3142.1965,7.0360655,-0.4350372,-3134.7254
1,4,0.039198868,2,4,0.075456704,3,4,0.26970036,-3142.1546,7.6871186,-0.49972038,-3133.9677
1,4,0.036866945,2,4,0.060098899,3,4,0.26626937,-3141.5749,7.2647044,-0.15272249,-3134.1574
1,4,0.050137017,2,4,0.065837042,3,4,0.26499001,-3142.3867,7.6192814,-0.63650473,-3134.131
1,4,0.039988056,2,4,0.092310058,3,4,0.26714115,-3146.2572,7.9887852,-3.1677711,-3135.1006
1,4,0.019215767,2,4,0.074939904,3,4,0.25054659,-3147.7988,6.8940452,-2.4850122,-3138.4197
1,4,0.04628211,2,4,0.074495048,3,4,0.24827875,-3143.5312,7.3811182,-1.2076061,-3134.9425
1,4,0.049422094,2,4,0.056942827,3,4,0.23234556,-3144.5103,6.7742096,-1.4726666,-3136.2634
1,4,0.040518194,2,4,0.060128623,3,4,0.29694782,-3142.4887,7.9518928,-0.66362952,-3133.8732
1,4,0.041812692,2,4,0.059210542,3,4,0.33820465,-3147.7393,8.7845576,-3.9254207,-3135.0293
1,4,0.032719974,2,4,0.06760894,3,4,0.32652122,-3145.9368,8.5370028,-2.7362887,-3134.6635
1,4,0.025092585,2,4,0.079962366,3,4,0.27334304,-3144.2344,7.5679599,-1.4491709,-3135.2172
1,4,0.043677308,2,4,0.044153782,3,4,0.26085808,-3144.7464,6.9737833,-1.4066423,-3136.366
1,4,0.02860391,2,4,0.06596965,3,4,0.27449525,-3142.7255,7.3813762,-0.63569902,-3134.7085
1,4,0.055024825,2,4,0.076211627,3,4,0.22522427,-3148.5624,7.1292145,-3.8273476,-3137.6058
1,4,0.049968372,2,4,0.097305611,3,4,0.24245995,-3151.4488,7.7946786,-6.5093623,-3137.1447
1,4,0.036843584,2,4,0.064191511,3,4,0.26571835,-3141.3886,7.335069,-0.064361378,-3133.9892
1,4,0.035342469,2,4,0.067471074,3,4,0.33010061,-3146.255,8.6582831,-2.9720513,-3134.6247
1,4,0.047832148,2,4,0.065983278,3,4,0.26445676,-3142.0082,7.5654437,-0.41191925,-3134.0309
1,4,0.049776331,2,4,0.063525371,3,4,0.29035896,-3142.8812,8.0732132,-0.90792656,-3133.9001
1,4,0.043716084,2,4,0.073720595,3,4,0.24172199,-3143.6332,7.1831734,-1.1863233,-3135.2638
1,4,0.06027596,2,4,0.051329444,3,4,0.30649014,-3146.8256,8.3619109,-3.3698339,-3135.0939
1,4,0.045938376,2,4,0.042521757,3,4,0.27829637,-3145.3287,7.33513,-1.6663411,-3136.3273
1,4,0.029171716,2,4,0.04318059,3,4,0.28221027,-3149.1358,7.0912516,-3.0842051,-3138.9603
1,4,0.030611916,2,4,0.06865246,3,4,0.27132318,-3142.173,7.4117511,-0.41570505,-3134.3455
1,4,0.037279067,2,4,0.061114351,3,4,0.28665288,-3141.8708,7.700926,-0.31562358,-3133.8543
1,4,0.053539308,2,4,0.063043919,3,4,0.27921654,-3143.0722,7.9159953,-1.0650446,-3134.0912
1,4,0.041444671,2,4,0.042451706,3,4,0.29551928,-3146.5984,7.588313,-2.294859,-3136.7152
1,4,0.050758715,2,4,0.049346843,3,4,0.28273187,-3143.5973,7.6567486,-1.1569477,-3134.7836
1,4,0.035516374,2,4,0.076824069,3,4,0.29867094,-3143.3934,8.2202277,-1.2027099,-3133.9704
1,4,0.052416642,2,4,0.066463352,3,4,0.28217133,-3143.2037,8.0210264,-1.1224066,-3134.0603
1,4,0.025396589,2,4,0.07235992,3,4,0.26111832,-3143.9355,7.1774966,-1.130344,-3135.6277
1,4,0.032804371,2,4,0.062653801,3,4,0.27862574,-3142.0168,7.4816782,-0.35430109,-3134.1808
1,4,0.040344052,2,4,0.05481715,3,4,0.26285019,-3142.0013,7.1602278,-0.34149632,-3134.4996
1,4,0.05615837,2,4,0.067910652,3,4,0.29238399,-3144.9188,8.3290602,-2.1778829,-3134.4119
1,4,0.053276317,2,4,0.062374393,3,4,0.28080674,-3143.0354,7.9291489,-1.0388841,-3134.0673
1,4,0.045437713,2,4,0.060498885,3,4,0.27960639,-3141.7203,7.7108598,-0.24629949,-3133.7631
1,4,0.05613657,2,4,0.07785566,3,4,0.24294032,-3146.9879,7.5386509,-3.3415706,-3136.1076
1,4,0.021498045,2,4,0.06148682,3,4,0.23756119,-3148.9649,6.4109212,-2.9555108,-3139.5984
1,4,0.023393726,2,4,0.088690047,3,4,0.30247332,-3146.9055,8.2911419,-3.2757087,-3135.3386
1,4,0.0393581,2,4,0.076282623,3,4,0.26688635,-3142.3112,7.6505414,-0.58895548,-3134.0717
1,4,0.031089099,2,4,0.058461398,3,4,0.25550117,-3143.2056,6.9010334,-0.86859361,-3135.4359
1,4,0.035718362,2,4,0.057533991,3,4,0.31980647,-3145.437,8.2611765,-2.331289,-3134.8446
1,4,0.064072683,2,4,0.046518347,3,4,0.28410691,-3146.8437,7.8939589,-3.2833737,-3135.6664
1,4,0.039146427,2,4,0.065611693,3,4,0.25283946,-3141.7666,7.1519516,-0.24327955,-3134.3713
1,4,0.036142349,2,4,0.075951915,3,4,0.29337804,-3142.9021,8.109446,-0.91626914,-3133.8763
1,4,0.034044995,2,4,0.072869836,3,4,0.27652653,-3141.9433,7.6688272,-0.36247956,-3133.912
1,4,0.036325805,2,4,0.064220675,3,4,0.29718272,-3142.4665,7.954584,-0.65209774,-3133.8599
1,4,0.05965604,2,4,0.06906775,3,4,0.24935488,-3145.8041,7.5615734,-2.7265398,-3135.516
1,4,0.042641692,2,4,0.057668022,3,4,0.25857069,-3141.7278,7.1776081,-0.22319622,-3134.327
1,4,0.040545423,2,4,0.065708284,3,4,0.29675887,-3142.3878,8.0602515,-0.61308564,-3133.7145
1,4,0.028099886,2,4,0.082322052,3,4,0.28490354,-3144.0112,7.9065095,-1.5283803,-3134.5763
1,4,0.049975383,2,4,0.056752757,3,4,0.27648184,-3142.3196,7.6641996,-0.57637809,-3134.079
1,4,0.045479091,2,4,0.07135157,3,4,0.2895353,-3142.8246,8.1273192,-0.84688223,-3133.8504
1,4,0.022222168,2,4,0.10154949,3,4,0.30897091,-3150.5929,8.6548515,-6.12737,-3135.8107
1,4,0.026882984,2,4,0.076827262,3,4,0.26792474,-3143.4965,7.4326998,-1.0580689,-3135.0058
1,4,0.043481405,2,4,0.073426106,3,4,0.32527339,-3146.4923,8.843618,-3.0370681,-3134.6116
1,4,0.052530215,2,4,0.06728947,3,4,0.305385,-3145.0229,8.5040936,-2.165518,-3134.3533
1,4,0.038680096,2,4,0.066022176,3,4,0.27564993,-3141.3421,7.6070441,-0.044677271,-3133.6904
1,4,0.063866313,2,4,0.059533934,3,4,0.29355903,-3146.575,8.3391855,-3.4348794,-3134.8009
1,4,0.028921765,2,4,0.06997377,3,4,0.2680118,-3142.6022,7.3381467,-0.59624958,-3134.6678
1,4,0.0537165,2,4,0.075859438,3,4,0.26511419,-3144.7539,7.8938025,-2.0826597,-3134.7774
1,4,0.035861441,2,4,0.056862795,3,4,0.29171105,-3142.7695,7.6887057,-0.74937138,-3134.3314
1,4,0.050986024,2,4,0.035125769,3,4,0.33533302,-3154.6174,8.4288962,-6.7123629,-3139.4762
1,4,0.026034864,2,4,0.060389446,3,4,0.25275066,-3144.9464,6.7834995,-1.5173808,-3136.6455
1,4,0.041218638,2,4,0.062150772,3,4,0.25261332,-3141.7579,7.1196546,-0.23848064,-3134.3998
1,4,0.048512051,2,4,0.06012755,3,4,0.26933421,-3141.8921,7.5594763,-0.34783926,-3133.9848
1,4,0.040918783,2,4,0.07953212,3,4,0.23963795,-3144.6629,7.201777,-1.7579437,-3135.7032
1,4,0.056528384,2,4,0.051034443,3,4,0.26127692,-3144.0294,7.3767948,-1.4718044,-3135.1808
1,4,0.041664429,2,4,0.054976323,3,4,0.25631949,-3142.1372,7.0592048,-0.40556157,-3134.6724
1,4,0.050029484,2,4,0.049396338,3,4,0.29542551,-3144.2653,7.8970266,-1.5468098,-3134.8215
1,4,0.041227212,2,4,0.06056914,3,4,0.29040326,-3142.0089,7.8439923,-0.39879893,-3133.7661
1,4,0.03571264,2,4,0.078661775,3,4,0.27068296,-3142.5869,7.7011474,-0.75569091,-3134.1301
1,4,0.035879289,2,4,0.061410198,3,4,0.29549031,-3142.51,7.8555959,-0.65910289,-3133.9953
1,4,0.050285665,2,4,0.061509884,3,4,0.30632333,-3144.2535,8.3623776,-1.7114258,-3134.1797
1,4,0.041585854,2,4,0.066461593,3,4,0.25389069,-3141.7683,7.2387627,-0.24867303,-3134.2808
1,4,0.039373979,2,4,0.055658751,3,4,0.31033239,-3144.2644,8.1073023,-1.633529,-3134.5235
1,4,0.039527069,2,4,0.072958916,3,4,0.19002078,-3155.3927,6.0501353,-5.4767651,-3143.8658
1,4,0.058027632,2,4,0.055304133,3,4,0.29161834,-3144.7047,8.0990021,-2.0685129,-3134.5372
1,4,0.032232832,2,4,0.062651428,3,4,0.29223398,-3142.7065,7.7423649,-0.72075904,-3134.2434
1,4,0.039422002,2,4,0.045011809,3,4,0.3024702,-3146.3519,7.7380803,-2.3295738,-3136.2843
1,4,0.03603073,2,4,0.073971225,3,4,0.29467298,-3142.7452,8.0934988,-0.82050852,-3133.8312
1,4,0.032459676,2,4,0.040157044,3,4,0.27998968,-3149.3919,7.0521281,-3.1213192,-3139.2185
1,4,0.034150209,2,4,0.059647983,3,4,0.26038593,-3142.1262,7.0836825,-0.40425829,-3134.6383
1,4,0.031887307,2,4,0.056402483,3,4,0.3325258,-3148.102,8.4163117,-3.8380262,-3135.8477
1,4,0.035898141,2,4,0.070375418,3,4,0.22496518,-3145.4962,6.6247747,-1.8470457,-3137.0244
1,4,0.049367856,2,4,0.069807395,3,4,0.25835155,-3142.8151,7.550536,-0.86153978,-3134.403
1,4,0.05327347,2,4,0.074996623,3,4,0.25534857,-3144.7078,7.6723732,-2.010324,-3135.0251
1,4,0.051390264,2,4,0.091274421,3,4,0.24233868,-3149.6519,7.7000674,-5.1586858,-3136.7932
1,4,0.052753789,2,4,0.059854313,3,4,0.21941556,-3147.1429,6.6404732,-2.6268048,-3137.8756
1,4,0.040887332,2,4,0.064640692,3,4,0.27862804,-3141.4038,7.6831213,-0.076510469,-3133.6442
1,4,0.026184586,2,4,0.080295522,3,4,0.28022566,-3144.008,7.7341153,-1.4114584,-3134.8625
1,4,0.018984501,2,4,0.063895192,3,4,0.2599224,-3148.19,6.8560419,-2.4766031,-3138.8574
1,4,0.040888798,2,4,0.069624501,3,4,0.30376843,-3143.2279,8.2856346,-1.0850262,-3133.8572
1,4,0.030735106,2,4,0.074720385,3,4,0.27606572,-3142.4724,7.6304243,-0.6191783,-3134.2228
1,4,0.021148492,2,4,0.075367896,3,4,0.28060374,-3145.461,7.5424025,-1.7755105,-3136.1431
1,4,0.030446934,2,4,0.08085814,3,4,0.2652166,-3143.3785,7.5304335,-1.1454543,-3134.7026
1,4,0.030299665,2,4,0.073226476,3,4,0.26792146,-3142.4458,7.4289521,-0.57005125,-3134.4468
1,4,0.043538337,2,4,0.077135359,3,4,0.21938914,-3147.6196,6.8012567,-2.9331743,-3137.8852
1,4,0.044493809,2,4,0.0867635,3,4,0.31234258,-3147.8791,8.8719977,-3.9259709,-3135.0811
1,4,0.036900376,2,4,0.076161736,3,4,0.25020714,-3142.9307,7.265385,-0.86019235,-3134.8051
1,4,0.039025457,2,4,0.057189056,3,4,0.31010212,-3144.0431,8.1263327,-1.5284538,-3134.3883
1,4,0.030892272,2,4,0.077123354,3,4,0.22550147,-3146.8436,6.6703419,-2.4715818,-3137.7017
1,4,0.030038259,2,4,0.069343578,3,4,0.23259013,-3145.17,6.6394394,-1.6919593,-3136.8386
1,4,0.033204093,2,4,0.068156172,3,4,0.21487052,-3147.8763,6.3246156,-2.7558168,-3138.7958
1,4,0.032598977,2,4,0.077493015,3,4,0.27366353,-3142.5504,7.6751105,-0.70697436,-3134.1683
1,4,0.036234466,2,4,0.079384457,3,4,0.24122861,-3144.3115,7.1369507,-1.5445348,-3135.6301
1,4,0.042314763,2,4,0.073977841,3,4,0.22436862,-3145.9888,6.8132244,-2.1552489,-3137.0203
1,4,0.050550032,2,4,0.064806314,3,4,0.2897336,-3143.0631,8.1017989,-1.0161361,-3133.9451
1,4,0.044976428,2,4,0.053082709,3,4,0.24745585,-3142.9705,6.9102997,-0.77193867,-3135.2882
1,4,0.057506218,2,4,0.061462148,3,4,0.2427478,-3144.8919,7.2343234,-1.9920632,-3135.6655
1,4,0.044051352,2,4,0.051534495,3,4,0.22631795,-3145.82,6.4380759,-1.9536408,-3137.4283
1,4,0.033282014,2,4,0.069980463,3,4,0.29911782,-3142.9064,8.047606,-0.89464302,-3133.9641
1,4,0.04307388,2,4,0.057415395,3,4,0.27714038,-3141.6799,7.5525932,-0.20853109,-3133.9188
1,4,0.028357271,2,4,0.063012349,3,4,0.26965951,-3143.0304,7.2205826,-0.75116032,-3135.0586
1,4,0.038930835,2,4,0.071624193,3,4,0.3021582,-3143.1472,8.2542645,-1.0425065,-3133.8504
1,4,0.035226912,2,4,0.071879556,3,4,0.26248575,-3141.8595,7.3918444,-0.30730677,-3134.1603
1,4,0.035861329,2,4,0.063299901,3,4,0.24115677,-3142.9626,6.80636,-0.77986903,-3135.3764
1,4,0.069370827,2,4,0.055030063,3,4,0.29157044,-3148.218,8.3194266,-4.7089963,-3135.1896
1,4,0.047713826,2,4,0.082848595,3,4,0.27526415,-3144.975,8.1165314,-2.207869,-3134.6506
1,4,0.018831906,2,4,0.040462328,3,4,0.29002097,-3159.6711,6.9863041,-6.2898817,-3146.3949
1,4,0.048195783,2,4,0.049177421,3,4,0.30174096,-3144.6885,7.9822832,-1.7711004,-3134.9351
1,4,0.048456259,2,4,0.068992633,3,4,0.27265424,-3142.3991,7.8020625,-0.63575858,-3133.9613
1,4,0.055055351,2,4,0.067610763,3,4,0.26542994,-3143.6857,7.761921,-1.4455665,-3134.4782
1,4,0.026151057,2,4,0.076443291,3,4,0.27430845,-3143.5926,7.538056,-1.0986885,-3134.9558
1,4,0.05104047,2,4,0.063046675,3,4,0.24596236,-3143.2263,7.20099,-1.011696,-3135.0136
1,4,0.024421912,2,4,0.044921735,3,4,0.27414607,-3150.8096,6.8697944,-3.5942395,-3140.3456
1,4,0.02537032,2,4,0.052342556,3,4,0.28159897,-3146.8484,7.1862368,-2.2482153,-3137.414
1,4,0.047917682,2,4,0.04931978,3,4,0.2659944,-3143.0674,7.2646373,-0.80955974,-3134.9932
1,4,0.051531038,2,4,0.049905583,3,4,0.27835507,-3143.4231,7.5958338,-1.0799144,-3134.7473
1,4,0.045163214,2,4,0.061499603,3,4,0.25241835,-3141.958,7.1816232,-0.34086543,-3134.4355
1,4,0.051053718,2,4,0.040349228,3,4,0.27827641,-3146.3413,7.3935872,-2.1184293,-3136.8293
1,4,0.056597012,2,4,0.055698974,3,4,0.30016987,-3145.0164,8.2493171,-2.2310234,-3134.5361
1,4,0.013117961,2,4,0.10393269,3,4,0.2683632,-3154.0602,7.708277,-6.8285971,-3139.5233
1,4,0.054364801,2,4,0.04629957,3,4,0.26133638,-3144.5813,7.240015,-1.5525975,-3135.7887
1,4,0.030972498,2,4,0.084178115,3,4,0.31715901,-3146.4533,8.6461926,-3.11973,-3134.6874
1,4,0.024283165,2,4,0.055041726,3,4,0.27727252,-3146.4592,7.1319483,-2.0594009,-3137.2679
1,4,0.039658364,2,4,0.078857674,3,4,0.28169395,-3142.9583,8.0041997,-0.96674177,-3133.9874
1,4,0.035859798,2,4,0.080163996,3,4,0.28866444,-3143.2924,8.0937647,-1.1701245,-3134.0285
1,4,0.039431718,2,4,0.046424645,3,4,0.25371269,-3144.5996,6.791381,-1.4025685,-3136.4057
1,4,0.036510895,2,4,0.064474144,3,4,0.23877782,-3143.1397,6.7952571,-0.85379893,-3135.4907
1,4,0.046501395,2,4,0.084703344,3,4,0.26227074,-3145.229,7.8695095,-2.381698,-3134.9778
1,4,0.04369885,2,4,0.054129855,3,4,0.24500356,-3142.9815,6.8566452,-0.77980662,-3135.345
1,4,0.052390882,2,4,0.06044358,3,4,0.21469182,-3148.0876,6.5505256,-2.9779442,-3138.5591
1,4,0.033733683,2,4,0.06922418,3,4,0.30871062,-3143.7052,8.2333697,-1.3685715,-3134.1033
1,4,0.042514546,2,4,0.056786525,3,4,0.27905148,-3141.7846,7.567051,-0.25848974,-3133.9591
1,4,0.052938776,2,4,0.061318469,3,4,0.27886613,-3142.8519,7.8624674,-0.92844509,-3134.061
1,4,0.056309862,2,4,0.046036603,3,4,0.26251003,-3144.9379,7.2971298,-1.7786259,-3135.8622
1,4,0.048868203,2,4,0.066943688,3,4,0.24975573,-3142.8337,7.3113523,-0.82088254,-3134.7014
1,4,0.044815525,2,4,0.051503166,3,4,0.16664706,-3166.8755,5.2593151,-8.857791,-3152.7583
1,4,0.044633741,2,4,0.06819936,3,4,0.27486513,-3141.7812,7.7539646,-0.27961015,-3133.7476
1,4,0.060093624,2,4,0.054878062,3,4,0.26785066,-3144.4464,7.6564469,-1.9215237,-3134.8684
1,4,0.054616423,2,4,0.052574992,3,4,0.32108359,-3147.1856,8.5655002,-3.5178971,-3135.1022
1,4,0.042585168,2,4,0.080996145,3,4,0.28568401,-3143.9035,8.1853064,-1.5188686,-3134.1993
1,4,0.050965045,2,4,0.048604876,3,4,0.29425519,-3144.4449,7.8765022,-1.631538,-3134.9368
1,4,0.054040773,2,4,0.067754171,3,4,0.28249136,-3143.7567,8.0857261,-1.4660578,-3134.205
1,4,0.029339939,2,4,0.045212151,3,4,0.25094953,-3148.3656,6.5100324,-2.8742082,-3138.9814
1,4,0.026325712,2,4,0.072412349,3,4,0.25323367,-3144.074,7.0394346,-1.2052477,-3135.8293
1,4,0.047020537,2,4,0.066806209,3,4,0.26819629,-3141.9214,7.6404607,-0.36368174,-3133.9173
1,4,0.04808128,2,4,0.054143037,3,4,0.26296211,-3142.2841,7.3037286,-0.49710468,-3134.4833
1,4,0.041358333,2,4,0.047229455,3,4,0.26637173,-3143.7019,7.0991904,-1.0226974,-3135.58
1,4,0.03822359,2,4,0.081302572,3,4,0.28786324,-3143.5852,8.147788,-1.3460954,-3134.0913
1,4,0.031000477,2,4,0.078835923,3,4,0.31006908,-3144.8481,8.3981097,-2.0704816,-3134.3795
1,4,0.051701011,2,4,0.061819701,3,4,0.27405606,-3142.4923,7.7515355,-0.71125531,-3134.0295
1,4,0.033912869,2,4,0.076094724,3,4,0.25503221,-3142.7393,7.3007961,-0.75879604,-3134.6797
1,4,0.046038419,2,4,0.049313074,3,4,0.26997859,-3142.9708,7.3066018,-0.75473403,-3134.9095
1,4,0.040988773,2,4,0.061485203,3,4,0.24860005,-3142.0386,7.0214806,-0.36675394,-3134.6503
1,4,0.046408593,2,4,0.049440717,3,4,0.27383247,-3142.9893,7.3936355,-0.77604721,-3134.8196
1,4,0.049395907,2,4,0.053655169,3,4,0.26702367,-3142.4349,7.4014949,-0.58569455,-3134.4477
1,4,0.039468403,2,4,0.069365409,3,4,0.29040583,-3142.0966,7.9847928,-0.44846283,-3133.6633
1,4,0.032402256,2,4,0.07951253,3,4,0.2666155,-3142.9192,7.5706058,-0.91349117,-3134.4351
1,4,0.044048353,2,4,0.056710887,3,4,0.26533639,-3141.6935,7.3219126,-0.2079054,-3134.1637
1,4,0.040926783,2,4,0.06664851,3,4,0.25202963,-3141.863,7.1920985,-0.29149454,-3134.3794
1,4,0.031020584,2,4,0.065579108,3,4,0.28732451,-3142.499,7.678484,-0.59920662,-3134.2213
1,4,0.049997036,2,4,0.07924227,3,4,0.31701875,-3147.8329,8.9251611,-3.8196807,-3135.088
1,4,0.034510833,2,4,0.062782949,3,4,0.26186575,-3141.7683,7.1831907,-0.23966806,-3134.3454
1,4,0.028537006,2,4,0.076363845,3,4,0.23247912,-3146.0742,6.7475993,-2.1248571,-3137.2018
1,4,0.04778414,2,4,0.039953914,3,4,0.23943291,-3147.9656,6.5434192,-2.6051539,-3138.817
1,4,0.031370386,2,4,0.064907462,3,4,0.24613383,-3143.2031,6.8482336,-0.86957638,-3135.4853
1,4,0.043447635,2,4,0.050615711,3,4,0.29957047,-3144.0261,7.8726764,-1.3887048,-3134.7647
1,4,0.046268992,2,4,0.065820891,3,4,0.24072048,-3143.1356,7.0562072,-0.89413074,-3135.1853
1,4,0.019909293,2,4,0.066023834,3,4,0.31928517,-3149.228,8.1043659,-3.7479398,-3137.3757
1,4,0.051697099,2,4,0.056582073,3,4,0.25664412,-3142.7306,7.2984659,-0.77097128,-3134.6612
1,4,0.039213394,2,4,0.067068278,3,4,0.27337277,-3141.3428,7.5930888,-0.045319414,-3133.7043
1,4,0.034628614,2,4,0.060258292,3,4,0.24333317,-3143.0997,6.7644016,-0.84784334,-3135.4874
1,4,0.031990058,2,4,0.063171709,3,4,0.25808202,-3142.3384,7.0648757,-0.48831159,-3134.7852
1,4,0.049282589,2,4,0.050812653,3,4,0.2402989,-3144.2909,6.8078828,-1.3498727,-3136.1331
1,4,0.035549912,2,4,0.042205554,3,4,0.29005439,-3147.5563,7.356197,-2.5712332,-3137.6289
1,4,0.052105074,2,4,0.052499671,3,4,0.26423272,-3142.9744,7.3767493,-0.87255728,-3134.7251
1,4,0.038122469,2,4,0.075479077,3,4,0.2475092,-3143.0364,7.2222149,-0.90109312,-3134.9131
1,4,0.030876568,2,4,0.068547061,3,4,0.30276597,-3143.4909,8.0437919,-1.189835,-3134.2573
1,4,0.025832352,2,4,0.085839984,3,4,0.26251206,-3145.192,7.4836878,-2.0757864,-3135.6326
1,4,0.032284726,2,4,0.071012012,3,4,0.26200968,-3142.1208,7.3061285,-0.41096727,-3134.4037
1,4,0.056636332,2,4,0.062485514,3,4,0.26487498,-3143.619,7.6799365,-1.4215596,-3134.5175
1,4,0.065438419,2,4,0.059600897,3,4,0.26616314,-3146.1379,7.8240491,-3.1952641,-3135.1186
1,4,0.058019614,2,4,0.052510488,3,4,0.27581745,-3144.1751,7.726951,-1.6860529,-3134.7621
1,4,0.054231617,2,4,0.059817871,3,4,0.29596705,-3144.0695,8.2003307,-1.6446979,-3134.2244
1,4,0.024947007,2,4,0.065396662,3,4,0.28244519,-3144.1804,7.4557772,-1.2216607,-3135.503
1,4,0.049625793,2,4,0.057114018,3,4,0.27861458,-3142.3082,7.7070879,-0.571325,-3134.0298
1,4,0.044122089,2,4,0.046085971,3,4,0.27942567,-3144.0697,7.3926745,-1.2009626,-3135.4761
1,4,0.036058458,2,4,0.07662624,3,4,0.24784239,-3143.2049,7.2105418,-0.98761275,-3135.0068
1,4,0.037202617,2,4,0.077022841,3,4,0.26623209,-3142.3644,7.6091509,-0.61903801,-3134.1362
1,4,0.054175238,2,4,0.038832418,3,4,0.2986399,-3148.3474,7.8329512,-3.2777475,-3137.2367
1,4,0.049492486,2,4,0.073815359,3,4,0.30344097,-3145.07,8.5349764,-2.1470875,-3134.3879
1,4,0.033065195,2,4,0.074401548,3,4,0.28848476,-3142.5512,7.9190301,-0.70184575,-3133.9303
1,4,0.037805683,2,4,0.077022606,3,4,0.25511639,-3142.7567,7.3988936,-0.80392748,-3134.5539
1,4,0.043793153,2,4,0.074264353,3,4,0.2887248,-3142.9509,8.1356462,-0.92229863,-3133.8929
1,4,0.034606745,2,4,0.065091486,3,4,0.26305892,-3141.6461,7.255143,-0.18275332,-3134.2082
1,4,0.050829506,2,4,0.072155528,3,4,0.30082102,-3144.8524,8.4761211,-2.0331493,-3134.3432
1,4,0.03431344,2,4,0.055639915,3,4,0.26618444,-3142.556,7.1227558,-0.58869217,-3134.8446
1,4,0.03982471,2,4,0.078413362,3,4,0.30841508,-3144.7621,8.533063,-1.9909696,-3134.2381
1,4,0.038176709,2,4,0.076228238,3,4,0.23834724,-3144.0834,7.0550438,-1.3752455,-3135.6531
1,4,0.025121696,2,4,0.067334964,3,4,0.27607508,-3143.8514,7.3706347,-1.0707511,-3135.41
1,4,0.049361861,2,4,0.059319502,3,4,0.25121525,-3142.5342,7.1979322,-0.64387986,-3134.6923
1,4,0.03324092,2,4,0.072708449,3,4,0.26390133,-3142.0627,7.397014,-0.4034378,-3134.2623
1,4,0.057927144,2,4,0.067784456,3,4,0.21515474,-3149.8218,6.8173269,-4.147213,-3138.8573
1,4,0.036452536,2,4,0.060652388,3,4,0.26468086,-3141.5969,7.2357156,-0.16324424,-3134.198
1,4,0.032434473,2,4,0.073580131,3,4,0.29729767,-3143.0656,8.0662455,-0.98897203,-3134.0104
1,4,0.055438405,2,4,0.073209347,3,4,0.235406,-3146.5672,7.2810751,-2.8901135,-3136.396
1,4,0.0214162,2,4,0.066828483,3,4,0.30504016,-3146.9093,7.8656969,-2.5309361,-3136.5127
1,4,0.041607229,2,4,0.048812546,3,4,0.22842762,-3146.241,6.376948,-2.1270796,-3137.737
1,4,0.036461756,2,4,0.076168623,3,4,0.22120053,-3146.8774,6.6766182,-2.4994908,-3137.7013
1,4,0.039732131,2,4,0.052137115,3,4,0.27808724,-3142.6079,7.3991297,-0.60984202,-3134.5989
1,4,0.040952362,2,4,0.080351542,3,4,0.20768358,-3150.9096,6.5797496,-4.2623696,-3140.0675
1,4,0.044341005,2,4,0.057861228,3,4,0.27436419,-3141.6349,7.5313285,-0.18907898,-3133.9145
1,4,0.027455224,2,4,0.06482733,3,4,0.2848702,-3143.376,7.543055,-0.93690529,-3134.8961
1,4,0.044480487,2,4,0.069067443,3,4,0.25704598,-3142.0345,7.4118781,-0.40390821,-3134.2187
1,4,0.056867897,2,4,0.05590294,3,4,0.26769604,-3143.5827,7.6093375,-1.3580236,-3134.6153
1,4,0.035121941,2,4,0.065973042,3,4,0.26235094,-3141.6011,7.2689184,-0.16347865,-3134.1687
1,4,0.054636485,2,4,0.063723948,3,4,0.24874626,-3143.8214,7.3421338,-1.4155092,-3135.0638
1,4,0.049555016,2,4,0.046356581,3,4,0.24602605,-3144.8502,6.8387528,-1.5331496,-3136.4783
1,4,0.037109534,2,4,0.056258439,3,4,0.31886278,-3145.3613,8.244615,-2.2799917,-3134.8366
1,4,0.04828554,2,4,0.067946651,3,4,0.23549512,-3144.1922,7.0345462,-1.412507,-3135.7451
1,4,0.040603242,2,4,0.063429022,3,4,0.29402382,-3142.1615,7.9611217,-0.48750718,-3133.7128
1,4,0.039800321,2,4,0.058453482,3,4,0.29463869,-3142.4545,7.8578498,-0.63069394,-3133.966
1,4,0.03804937,2,4,0.053360429,3,4,0.26295027,-3142.464,7.0872013,-0.5455772,-3134.8312
1,4,0.038534728,2,4,0.062225989,3,4,0.25667087,-3141.6007,7.1486317,-0.16664224,-3134.2855
1,4,0.04570358,2,4,0.05811373,3,4,0.27088893,-3141.6662,7.4941248,-0.20874132,-3133.9633
1,4,0.029595482,2,4,0.090601972,3,4,0.26136115,-3145.6538,7.6311721,-2.6054055,-3135.4172
1,4,0.049118443,2,4,0.062599718,3,4,0.22661531,-3145.2503,6.7666694,-1.8009547,-3136.6827
1,4,0.049679601,2,4,0.067026415,3,4,0.25887101,-3142.5393,7.5115405,-0.70649107,-3134.3213
1,4,0.036844604,2,4,0.04071182,3,4,0.27334443,-3147.4024,7.018017,-2.3785087,-3138.0058
1,4,0.049248141,2,4,0.045829989,3,4,0.29203001,-3144.8567,7.7421629,-1.7078134,-3135.4068
1,4,0.016395651,2,4,0.071131726,3,4,0.28230191,-3148.6268,7.3965858,-2.6898648,-3138.5403
1,4,0.034096962,2,4,0.062731567,3,4,0.24714854,-3142.6628,6.8795413,-0.64815076,-3135.1352
1,4,0.035444398,2,4,0.074381427,3,4,0.29239664,-3142.6508,8.0444493,-0.76809493,-3133.8383
1,4,0.057524702,2,4,0.070054483,3,4,0.27686814,-3144.8645,8.0889466,-2.2059739,-3134.5696
1,4,0.035227374,2,4,0.075620701,3,4,0.29181756,-3142.7668,8.0533126,-0.83835465,-3133.8752
1,4,0.031027435,2,4,0.050483056,3,4,0.28622925,-3145.1722,7.3547949,-1.6895086,-3136.1279
1,4,0.055126022,2,4,0.07218833,3,4,0.26144096,-3144.4704,7.7751063,-1.9130753,-3134.7822
1,4,0.041069627,2,4,0.042382895,3,4,0.23695979,-3147.534,6.4082462,-2.5334472,-3138.5923
1,4,0.024824386,2,4,0.066226779,3,4,0.26096903,-3144.3316,7.0404039,-1.2311756,-3136.06
1,4,0.03110143,2,4,0.068628082,3,4,0.26453647,-3142.1671,7.2853197,-0.41195272,-3134.4698
1,4,0.038967559,2,4,0.065079702,3,4,0.26503611,-3141.3067,7.3816675,-0.02563728,-3133.8993
1,4,0.035948396,2,4,0.049996547,3,4,0.29577759,-3144.6096,7.6344506,-1.5565816,-3135.4185
1,4,0.036049413,2,4,0.099446723,3,4,0.25344814,-3148.7599,7.7788854,-4.8612757,-3136.1197
1,4,0.042307253,2,4,0.0418299,3,4,0.33214205,-3151.0849,8.325584,-5.055094,-3137.7043
1,4,0.040747436,2,4,0.071907265,3,4,0.26417912,-3141.818,7.5366764,-0.30061307,-3133.9807
1,4,0.034530096,2,4,0.059364764,3,4,0.29456134,-3142.8045,7.7691241,-0.78473122,-3134.2506
1,4,0.042633948,2,4,0.053495655,3,4,0.22290546,-3146.0815,6.3807012,-2.0630408,-3137.6378
1,4,0.036401819,2,4,0.074098024,3,4,0.2959217,-3142.8458,8.1284308,-0.87770921,-3133.8397
1,4,0.052143983,2,4,0.052647156,3,4,0.2751781,-3142.9979,7.5993848,-0.91475969,-3134.4838
1,4,0.03713041,2,4,0.047950488,3,4,0.25216224,-3144.5322,6.7448628,-1.40726,-3136.38
1,4,0.03179056,2,4,0.080400416,3,4,0.26076253,-3143.2976,7.4590701,-1.1009201,-3134.7376
1,4,0.050765079,2,4,0.054768579,3,4,0.34081819,-3149.3675,8.927037,-4.9845656,-3135.4559
1,4,0.022868101,2,4,0.063168149,3,4,0.26128211,-3145.6512,6.9463672,-1.6909587,-3137.0138
1,4,0.029374299,2,4,0.065615729,3,4,0.24645072,-3143.6756,6.8288149,-1.0530777,-3135.7937
1,4,0.038457354,2,4,0.057916258,3,4,0.26418352,-3141.6794,7.2111426,-0.20104825,-3134.2672
1,4,0.022951314,2,4,0.076428035,3,4,0.24981614,-3145.8805,6.9839099,-1.9280666,-3136.9685
1,4,0.063342985,2,4,0.065994356,3,4,0.23937015,-3147.419,7.3741498,-3.6479442,-3136.3969
1,4,0.032843421,2,4,0.059046849,3,4,0.26604692,-3142.319,7.1587439,-0.48129987,-3134.6789
1,4,0.038170006,2,4,0.051285995,3,4,0.25044777,-3143.4744,6.7980755,-0.9911317,-3135.6852
1,4,0.061235147,2,4,0.068860913,3,4,0.25852588,-3145.8567,7.7724388,-2.8841165,-3135.2002
1,4,0.033666247,2,4,0.065700167,3,4,0.26532801,-3141.7133,7.2938884,-0.21120146,-3134.2082
1,4,0.026475292,2,4,0.078995673,3,4,0.31322994,-3145.8101,8.3740182,-2.567685,-3134.8684
1,4,0.041076838,2,4,0.075879111,3,4,0.24485725,-3143.449,7.2362641,-1.1182386,-3135.0945
1,4,0.044909746,2,4,0.05180386,3,4,0.29149081,-3143.1744,7.7640884,-0.95003726,-3134.4603
1,4,0.036715332,2,4,0.071239222,3,4,0.28480173,-3141.9271,7.8551258,-0.35942848,-3133.7125
1,4,0.040232362,2,4,0.070650378,3,4,0.28970425,-3142.1979,8.0117398,-0.50261467,-3133.6835
1,4,0.050541458,2,4,0.051642701,3,4,0.24174265,-3144.1316,6.8785361,-1.3093718,-3135.9437
1,4,0.033225747,2,4,0.078171879,3,4,0.27945752,-3142.6778,7.8171029,-0.79502339,-3134.0657
1,4,0.033737734,2,4,0.068969403,3,4,0.27451424,-3141.7044,7.5444275,-0.21993062,-3133.9401
1,4,0.031924359,2,4,0.087926978,3,4,0.24990132,-3145.5186,7.3950531,-2.3989326,-3135.7246
1,4,0.032447834,2,4,0.072105077,3,4,0.27044882,-3142.0098,7.5000346,-0.3742076,-3134.1355
1,4,0.048789632,2,4,0.052774789,3,4,0.28133219,-3142.7323,7.6579322,-0.74539031,-3134.329
1,4,0.044332297,2,4,0.043717736,3,4,0.31122126,-3147.2875,7.9854259,-2.9207771,-3136.3813
1,4,0.056114172,2,4,0.038467852,3,4,0.26154875,-3147.6688,7.1226154,-2.659626,-3137.8865
1,4,0.041061887,2,4,0.064813134,3,4,0.29294619,-3142.1093,7.9764243,-0.45746031,-3133.6754
1,4,0.036191847,2,4,0.049034467,3,4,0.25220089,-3144.3561,6.7485442,-1.3480818,-3136.2595
1,4,0.034377562,2,4,0.050190348,3,4,0.24289834,-3145.1571,6.5493249,-1.7178776,-3136.8899
1,4,0.052666842,2,4,0.031073932,3,4,0.31866475,-3155.0032,8.0481105,-6.0038911,-3140.9512
1,4,0.018990622,2,4,0.064238704,3,4,0.27554235,-3147.648,7.1754336,-2.3191871,-3138.1534
1,4,0.039493261,2,4,0.050978938,3,4,0.26516648,-3142.8088,7.1127736,-0.6799562,-3135.0161
1,4,0.031151282,2,4,0.059576625,3,4,0.25723527,-3142.9378,6.9592634,-0.74978128,-3135.2287
1,4,0.050684978,2,4,0.062352527,3,4,0.26920491,-3142.2666,7.6448483,-0.57407456,-3134.0477
1,4,0.045749044,2,4,0.068071518,3,4,0.26332973,-3141.904,7.5430058,-0.34720007,-3134.0138
1,4,0.039497823,2,4,0.065529961,3,4,0.28672505,-3141.7135,7.8350567,-0.24146039,-3133.637
1,4,0.044192653,2,4,0.064324096,3,4,0.31825057,-3144.8434,8.5353463,-2.0628324,-3134.2452
1,4,0.037616671,2,4,0.05973949,3,4,0.23947492,-3143.1503,6.7366215,-0.86679176,-3135.5469
1,4,0.036291973,2,4,0.067031053,3,4,0.24420664,-3142.6122,6.9505933,-0.62546798,-3135.0361
1,4,0.035729802,2,4,0.042395971,3,4,0.24593781,-3147.7307,6.4812716,-2.6135059,-3138.636
1,4,0.047148325,2,4,0.051953078,3,4,0.27283322,-3142.5031,7.4386924,-0.58580547,-3134.4786
1,4,0.042190376,2,4,0.054964423,3,4,0.29367963,-3142.7649,7.8166886,-0.77188602,-3134.1763
1,4,0.03548124,2,4,0.062053608,3,4,0.27218379,-3141.5662,7.3943728,-0.1470171,-3134.0248
1,4,0.04226065,2,4,0.063305664,3,4,0.23359605,-3143.6037,6.7832473,-1.0474533,-3135.773
1,4,0.032108656,2,4,0.071039799,3,4,0.30243916,-3143.3443,8.1117524,-1.1398241,-3134.0927
1,4,0.042599591,2,4,0.07111431,3,4,0.28225199,-3142.0691,7.9193179,-0.43204413,-3133.7177
1,4,0.064562892,2,4,0.039956387,3,4,0.2943065,-3149.2816,7.9765156,-4.3618755,-3136.9432
1,4,0.024285699,2,4,0.093570194,3,4,0.30652932,-3148.0282,8.4877042,-4.1924379,-3135.3481
1,4,0.039619819,2,4,0.072627119,3,4,0.29769226,-3142.9154,8.1987839,-0.90608885,-3133.8105
1,4,0.047291803,2,4,0.055271318,3,4,0.34221609,-3149.1283,8.8955842,-4.8181543,-3135.4146
1,4,0.030184036,2,4,0.084067135,3,4,0.272651,-3143.8641,7.7380433,-1.4914089,-3134.6346
1,4,0.026687289,2,4,0.090336726,3,4,0.24654017,-3147.1472,7.2712838,-3.1507402,-3136.7252
1,4,0.043871014,2,4,0.039876511,3,4,0.24669187,-3147.4916,6.6087879,-2.4001198,-3138.4827
1,4,0.030219986,2,4,0.069902527,3,4,0.30832565,-3144.1188,8.1689633,-1.5588068,-3134.391
1,4,0.019272859,2,4,0.055324802,3,4,0.26820982,-3149.9677,6.8561496,-3.1189313,-3139.9926
1,4,0.018711741,2,4,0.089912253,3,4,0.2501368,-3149.5206,7.1752158,-3.8131624,-3138.5322
1,4,0.027378352,2,4,0.062062191,3,4,0.27392458,-3143.4706,7.2673026,-0.92788844,-3135.2754
1,4,0.042784697,2,4,0.06348308,3,4,0.27673731,-3141.4223,7.6601018,-0.086729184,-3133.6755
1,4,0.022869241,2,4,0.084411396,3,4,0.3028894,-3146.4054,8.2034008,-2.822107,-3135.3799
1,4,0.039977519,2,4,0.061343753,3,4,0.29715818,-3142.4422,7.9695891,-0.64149486,-3133.8311
1,4,0.032139632,2,4,0.060787217,3,4,0.25710163,-3142.5497,7.0005696,-0.58601819,-3134.9631
1,4,0.042992136,2,4,0.060728853,3,4,0.29249656,-3142.1976,7.9243511,-0.50456735,-3133.7686
1,4,0.026211099,2,4,0.080074432,3,4,0.28083213,-3143.985,7.7423532,-1.398057,-3134.8446
1,4,0.022658282,2,4,0.060788021,3,4,0.27889487,-3145.9412,7.2468234,-1.8266981,-3136.8677
1,4,0.026083347,2,4,0.071547696,3,4,0.25556099,-3143.9756,7.0638407,-1.1496503,-3135.7621
1,4,0.047923546,2,4,0.058060081,3,4,0.28529553,-3142.3079,7.8255831,-0.56786719,-3133.9145
1,4,0.039761651,2,4,0.047231808,3,4,0.23518224,-3145.9527,6.4435139,-2.0057441,-3137.5034
1,4,0.032936261,2,4,0.073129628,3,4,0.25434528,-3142.5462,7.2082233,-0.62452606,-3134.7134
1,4,0.027634055,2,4,0.066261246,3,4,0.31359412,-3145.3348,8.1497884,-2.1498492,-3135.0351
1,4,0.043807114,2,4,0.049434653,3,4,0.24651736,-3143.8018,6.7951826,-1.1043134,-3135.9023
1,4,0.017545001,2,4,0.072669744,3,4,0.25525424,-3148.6017,6.9093797,-2.6409284,-3139.0514
1,4,0.03610377,2,4,0.096487692,3,4,0.26120151,-3147.3395,7.8758594,-3.9294716,-3135.5341
1,4,0.041880792,2,4,0.076085389,3,4,0.28963437,-3143.0554,8.152011,-0.98986231,-3133.9135
1,4,0.04042666,2,4,0.077118814,3,4,0.2787497,-3142.6205,7.9259034,-0.76479612,-3133.9298
1,4,0.045493068,2,4,0.066074018,3,4,0.22630559,-3145.0256,6.7574535,-1.6748412,-3136.5933
1,4,0.02127777,2,4,0.064946331,3,4,0.32124315,-3148.8683,8.1493451,-3.6938355,-3137.0251
1,4,0.027926059,2,4,0.07114255,3,4,0.24701913,-3144.0374,6.9217548,-1.206046,-3135.9096
1,4,0.042473225,2,4,0.069863782,3,4,0.3079849,-3143.807,8.4064381,-1.4163798,-3133.9842
1,4,0.039992763,2,4,0.066189058,3,4,0.29989961,-3142.6386,8.1216287,-0.75589325,-3133.7611
1,4,0.038026421,2,4,0.055052274,3,4,0.26440963,-3142.1184,7.1497666,-0.39631254,-3134.5723
1,4,0.041657194,2,4,0.066969493,3,4,0.25555542,-3141.714,7.2836421,-0.22515282,-3134.2052
1,4,0.047521836,2,4,0.040018304,3,4,0.26421531,-3146.3645,7.035109,-1.9763991,-3137.353
1,4,0.031287869,2,4,0.066302428,3,4,0.27737965,-3142.1022,7.499399,-0.38871593,-3134.214
1,4,0.048445807,2,4,0.047709408,3,4,0.25112347,-3144.0251,6.9455737,-1.1966552,-3135.8829
1,4,0.023590746,2,4,0.069992757,3,4,0.27632996,-3144.3646,7.3982692,-1.2734476,-3135.6929
1,4,0.033956137,2,4,0.072041406,3,4,0.31079554,-3144.0448,8.3358616,-1.5793338,-3134.1296
1,4,0.029298115,2,4,0.058806339,3,4,0.27379335,-3143.2894,7.2379561,-0.87522098,-3135.1763
1,4,0.035218388,2,4,0.059387879,3,4,0.31208821,-3144.3169,8.1338896,-1.6772571,-3134.5058
1,4,0.043403618,2,4,0.052813225,3,4,0.25755028,-3142.4151,7.0753424,-0.52050794,-3134.8192
1,4,0.030381459,2,4,0.053733925,3,4,0.24012297,-3145.6955,6.4847671,-1.9413589,-3137.2694
1,4,0.021541431,2,4,0.067605013,3,4,0.27533687,-3145.5345,7.2896663,-1.6512386,-3136.5936
1,4,0.053288753,2,4,0.064236181,3,4,0.22727641,-3145.9825,6.8960268,-2.2616788,-3136.8248
1,4,0.030512654,2,4,0.089386579,3,4,0.26053689,-3145.3022,7.6087225,-2.3832969,-3135.3102
1,4,0.015763641,2,4,0.073677346,3,4,0.27676099,-3148.9164,7.3240395,-2.7644085,-3138.828
1,4,0.033228895,2,4,0.079049639,3,4,0.25449178,-3143.2635,7.3354063,-1.0550336,-3134.8731
1,4,0.04416319,2,4,0.03818814,3,4,0.30300586,-3149.1203,7.7071437,-3.3345413,-3138.0787
1,4,0.041907817,2,4,0.063765927,3,4,0.29597083,-3142.3534,8.0328914,-0.59384166,-3133.7267
1,4,0.033861848,2,4,0.051111634,3,4,0.28616645,-3144.1316,7.4227986,-1.2802925,-3135.4285
1,4,0.045258143,2,4,0.038869869,3,4,0.30554993,-3148.8805,7.7935589,-3.3388409,-3137.7481
1,4,0.053444394,2,4,0.033134842,3,4,0.26202368,-3150.5805,6.9720584,-3.3910527,-3140.2174
1,4,0.063430739,2,4,0.041527642,3,4,0.28209623,-3147.86,7.7410922,-3.5113499,-3136.6076
1,4,0.041512034,2,4,0.066847894,3,4,0.26175066,-3141.4732,7.4022118,-0.11003807,-3133.9609
1,4,0.031580771,2,4,0.083413586,3,4,0.28361604,-3143.7729,7.9722079,-1.4700421,-3134.3307
1,4,0.048978455,2,4,0.05241879,3,4,0.28020376,-3142.7624,7.63202,-0.75543929,-3134.375
1,4,0.040588133,2,4,0.044189313,3,4,0.30210161,-3146.4939,7.7375811,-2.3771217,-3136.3792
1,4,0.044314611,2,4,0.056584042,3,4,0.31512081,-3144.7166,8.3203893,-1.9574301,-3134.4387
1,4,0.032561341,2,4,0.080295874,3,4,0.30320005,-3144.3316,8.3211453,-1.7757285,-3134.2347
1,4,0.048483744,2,4,0.061118046,3,4,0.3098659,-3144.3313,8.3893538,-1.7522112,-3134.1897
1,4,0.042517568,2,4,0.096180655,3,4,0.28346595,-3148.1901,8.4432834,-4.4930698,-3135.2538
1,4,0.061223658,2,4,0.053782074,3,4,0.25913229,-3144.9597,7.4827604,-2.1804024,-3135.2965
1,4,0.030801609,2,4,0.079551846,3,4,0.29410546,-3143.6755,8.0891784,-1.3630885,-3134.2232
1,4,0.057114953,2,4,0.058698259,3,4,0.23277748,-3145.859,6.9718138,-2.3188521,-3136.5683
1,4,0.044873525,2,4,0.06003744,3,4,0.28285053,-3141.8082,7.7552299,-0.29146137,-3133.7615
1,4,0.053142673,2,4,0.052258951,3,4,0.22800983,-3146.1795,6.668229,-2.2013296,-3137.31
1,4,0.031726296,2,4,0.085466351,3,4,0.27822127,-3144.0539,7.9082783,-1.6638419,-3134.4818
1,4,0.029573978,2,4,0.059678466,3,4,0.28614102,-3143.3766,7.5078692,-0.95653892,-3134.9122
1,4,0.026740885,2,4,0.073696339,3,4,0.26109182,-3143.5366,7.2305809,-1.0055285,-3135.3005
1,4,0.063027367,2,4,0.048186414,3,4,0.29491951,-3146.9135,8.1226658,-3.3977492,-3135.3931
1,4,0.064717052,2,4,0.049464296,3,4,0.24624024,-3147.1263,7.2084319,-3.2576051,-3136.6602
1,4,0.029270613,2,4,0.05218803,3,4,0.26075104,-3145.0627,6.8441937,-1.6048836,-3136.6136
1,4,0.046727258,2,4,0.056521563,3,4,0.25679886,-3142.0981,7.2009535,-0.4062551,-3134.4908
1,4,0.03025399,2,4,0.06199298,3,4,0.22564525,-3146.4859,6.3578444,-2.2368256,-3137.8912
1,4,0.03700967,2,4,0.072395368,3,4,0.28048735,-3141.8727,7.7978478,-0.33291738,-3133.7419
1,4,0.033396704,2,4,0.08123611,3,4,0.25812104,-3143.4336,7.455077,-1.1976223,-3134.7809
1,4,0.044569197,2,4,0.079444402,3,4,0.28638606,-3143.917,8.2079932,-1.5089535,-3134.2001
1,4,0.027719552,2,4,0.074351616,3,4,0.30886009,-3144.7805,8.2186252,-1.9192151,-3134.6427
1,4,0.054425551,2,4,0.048431617,3,4,0.30088905,-3145.4924,8.0749243,-2.3091195,-3135.1084
1,4,0.03091417,2,4,0.055179223,3,4,0.29111204,-3144.1131,7.5441087,-1.305756,-3135.2632
1,4,0.046451651,2,4,0.060212829,3,4,0.2557799,-3141.9221,7.2488876,-0.33203358,-3134.3412
1,4,0.030176959,2,4,0.057550937,3,4,0.27183039,-3143.2245,7.1911657,-0.85445868,-3135.1788
1,4,0.021467927,2,4,0.068561608,3,4,0.29618743,-3146.085,7.7243394,-2.0749662,-3136.2857
1,4,0.037716017,2,4,0.054149332,3,4,0.29257057,-3143.0744,7.6887183,-0.88912124,-3134.4965
1,4,0.036204523,2,4,0.070790969,3,4,0.25562543,-3141.988,7.2524185,-0.36070053,-3134.3748
1,4,0.033659741,2,4,0.064676395,3,4,0.29581653,-3142.6049,7.8830532,-0.70641701,-3134.0155
1,4,0.053976819,2,4,0.040929448,3,4,0.28213345,-3146.4446,7.5407942,-2.3132119,-3136.5906
1,4,0.045643097,2,4,0.061668425,3,4,0.24617938,-3142.4305,7.069818,-0.55711086,-3134.8036
1,4,0.056531119,2,4,0.058260575,3,4,0.26196544,-3143.5119,7.5351427,-1.3178276,-3134.659
1,4,0.047019997,2,4,0.051119203,3,4,0.26479677,-3142.6478,7.2587194,-0.63082163,-3134.7583
1,4,0.036240953,2,4,0.057373236,3,4,0.25573038,-3142.2655,6.9868913,-0.47448228,-3134.8041
1,4,0.057466405,2,4,0.054165111,3,4,0.26246742,-3143.8802,7.4819787,-1.4897927,-3134.9084
1,4,0.037360803,2,4,0.06791633,3,4,0.27705952,-3141.4578,7.646733,-0.10491173,-3133.7062
1,4,0.03528909,2,4,0.058676287,3,4,0.27556032,-3141.9364,7.3905139,-0.31884176,-3134.2271
1,4,0.053570572,2,4,0.055859488,3,4,0.30384503,-3144.7058,8.2655019,-1.9961235,-3134.4441
1,4,0.052092787,2,4,0.056984394,3,4,0.23504985,-3144.5471,6.8825406,-1.5510369,-3136.1135
1,4,0.02631695,2,4,0.085309852,3,4,0.29341451,-3145.1582,8.1008262,-2.2242058,-3134.8331
1,4,0.045139355,2,4,0.074241725,3,4,0.24827504,-3143.318,7.3531224,-1.0814934,-3134.8834
1,4,0.041775403,2,4,0.0457832,3,4,0.22266041,-3148.2307,6.2043803,-2.8857622,-3139.1406
1,4,0.057655892,2,4,0.054276048,3,4,0.25788829,-3144.0442,7.3964046,-1.5620902,-3135.0857
1,4,0.027568713,2,4,0.074023216,3,4,0.31382952,-3145.297,8.308429,-2.2338705,-3134.7547
1,4,0.041039074,2,4,0.041100447,3,4,0.26724237,-3146.2999,6.9876378,-1.9531772,-3137.3591
1,4,0.042658491,2,4,0.055261447,3,4,0.24867518,-3142.5261,6.9319024,-0.58226166,-3135.0119
1,4,0.03518709,2,4,0.051005727,3,4,0.24685117,-3144.3593,6.6608797,-1.379801,-3136.3187
1,4,0.050712879,2,4,0.070812718,3,4,0.31119788,-3145.6854,8.6544696,-2.5280329,-3134.5029
1,4,0.033638696,2,4,0.065079483,3,4,0.30580448,-3143.4312,8.0904531,-1.1868763,-3134.1539
1,4,0.031932189,2,4,0.072566431,3,4,0.25797953,-3142.4395,7.2495629,-0.56575702,-3134.6242
1,4,0.044418329,2,4,0.056555401,3,4,0.29397294,-3142.6481,7.8989334,-0.7355756,-3134.0136
1,4,0.051646747,2,4,0.065468909,3,4,0.23385282,-3144.7741,7.0193694,-1.721785,-3136.033
1,4,0.049184714,2,4,0.061325648,3,4,0.29728906,-3143.2218,8.1559885,-1.099647,-3133.9662
1,4,0.031733236,2,4,0.077855385,3,4,0.25424931,-3143.2522,7.2767585,-1.0105275,-3134.9649
1,4,0.03729916,2,4,0.077230965,3,4,0.29200383,-3143.0273,8.1306791,-0.99199535,-3133.9047
1,4,0.052844759,2,4,0.062427181,3,4,0.25159422,-3143.1652,7.3373233,-1.0378745,-3134.79
1,4,0.036694763,2,4,0.067603529,3,4,0.28217798,-3141.6142,7.7295254,-0.18669316,-3133.698
1,4,0.066548112,2,4,0.055423116,3,4,0.29700971,-3147.6274,8.3796187,-4.1868838,-3135.0609
1,4,0.040314891,2,4,0.060687411,3,4,0.27957831,-3141.4918,7.6116122,-0.1200516,-3133.7601
1,4,0.035108856,2,4,0.064644814,3,4,0.26771339,-3141.5139,7.3493411,-0.12144431,-3134.0431
1,4,0.036691526,2,4,0.045913071,3,4,0.33679381,-3150.9336,8.3879681,-5.1597399,-3137.3859
1,4,0.044971283,2,4,0.040984223,3,4,0.23175181,-3148.5327,6.3541463,-2.8686822,-3139.3099
1,4,0.034939623,2,4,0.083188007,3,4,0.2376813,-3145.5459,7.1161785,-2.2012973,-3136.2284
1,4,0.02831727,2,4,0.074584994,3,4,0.2935101,-3143.4929,7.9282474,-1.1568687,-3134.4078
1,4,0.044725222,2,4,0.0529252,3,4,0.29902592,-3143.5398,7.9335269,-1.1871146,-3134.4192
1,4,0.062156849,2,4,0.059702496,3,4,0.27583643,-3145.1489,7.9539154,-2.4899829,-3134.705
1,4,0.051856274,2,4,0.057159992,3,4,0.26347865,-3142.5355,7.4498983,-0.69678237,-3134.3888
1,4,0.056411104,2,4,0.08086313,3,4,0.27722595,-3146.9249,8.2900036,-3.5018463,-3135.133
1,4,0.038447402,2,4,0.07189264,3,4,0.25301162,-3142.1824,7.2670332,-0.46423623,-3134.4512
1,4,0.048994782,2,4,0.077582679,3,4,0.26613393,-3143.9417,7.8542279,-1.555189,-3134.5323
1,4,0.062664883,2,4,0.058697783,3,4,0.24231951,-3146.3333,7.2736436,-2.9275434,-3136.1321
1,4,0.046256991,2,4,0.071467543,3,4,0.2907211,-3143.0376,8.1689127,-0.96749367,-3133.9012
1,4,0.041367901,2,4,0.055283289,3,4,0.24620715,-3142.7393,6.8571668,-0.67938343,-3135.2027
1,4,0.045386031,2,4,0.044642795,3,4,0.25904754,-3144.5471,6.9815272,-1.3404136,-3136.2252
1,4,0.026621185,2,4,0.060259923,3,4,0.26525939,-3144.1215,7.0428099,-1.1769676,-3135.9017
1,4,0.038201233,2,4,0.074091616,3,4,0.30108893,-3143.2938,8.2676357,-1.1297456,-3133.8965
1,4,0.03782069,2,4,0.062621508,3,4,0.24323206,-3142.5817,6.8734851,-0.61172745,-3135.0965
1,4,0.023022171,2,4,0.065402581,3,4,0.27689302,-3144.9812,7.3063554,-1.4698507,-3136.205
1,4,0.050940726,2,4,0.038170183,3,4,0.26222622,-3147.3887,7.0267426,-2.3662992,-3137.9956
1,4,0.049751395,2,4,0.030729223,3,4,0.23156239,-3155.2665,6.2408601,-4.7806106,-3144.245
1,4,0.022172553,2,4,0.073051021,3,4,0.26601094,-3145.117,7.2246902,-1.5471656,-3136.3452
1,4,0.052028161,2,4,0.050212777,3,4,0.30391142,-3145.0863,8.1230472,-2.0943906,-3134.8689
1,4,0.059705813,2,4,0.056115061,3,4,0.24702713,-3145.0763,7.2569601,-2.1313614,-3135.688
1,4,0.037879941,2,4,0.058864692,3,4,0.2721623,-3141.5854,7.3781387,-0.15717869,-3134.0501
1,4,0.028571059,2,4,0.074762648,3,4,0.25732254,-3143.2984,7.213125,-0.94321189,-3135.1421
1,4,0.043597687,2,4,0.069605917,3,4,0.28352848,-3142.064,7.9346416,-0.42735594,-3133.702
1,4,0.049355075,2,4,0.056603017,3,4,0.31021159,-3144.6288,8.3233936,-1.9208436,-3134.3846
1,4,0.027656619,2,4,0.046849154,3,4,0.31441741,-3150.4547,7.7784636,-4.1047828,-3138.5714
1,4,0.044643695,2,4,0.061011219,3,4,0.24340841,-3142.6005,6.9812665,-0.62382202,-3134.9954
1,4,0.036762128,2,4,0.079125452,3,4,0.24691664,-3143.6939,7.2560844,-1.2719235,-3135.1659
1,4,0.033983683,2,4,0.083677066,3,4,0.2155026,-3149.7571,6.663267,-3.880152,-3139.2137
1,4,0.061704712,2,4,0.033549291,3,4,0.27141334,-3150.9667,7.3333469,-4.1131086,-3139.5203
1,4,0.022491925,2,4,0.067504254,3,4,0.26433265,-3145.2346,7.0865765,-1.5338989,-3136.6142
1,4,0.035060893,2,4,0.06526104,3,4,0.24574987,-3142.573,6.9214361,-0.60652961,-3135.0451
1,4,0.04897089,2,4,0.078834713,3,4,0.25803867,-3144.3946,7.7168854,-1.8142724,-3134.8634
1,4,0.058701186,2,4,0.069127555,3,4,0.2576142,-3145.1103,7.7088588,-2.3496004,-3135.0518
1,4,0.040324321,2,4,0.062614493,3,4,0.28791512,-3141.7835,7.8170786,-0.27898318,-3133.6874
1,4,0.057495005,2,4,0.066533237,3,4,0.29496872,-3145.3178,8.3799393,-2.4477057,-3134.4902
1,4,0.031154321,2,4,0.083731316,3,4,0.32093583,-3146.8126,8.7164294,-3.3463479,-3134.7498
1,4,0.038926981,2,4,0.034222755,3,4,0.22367664,-3155.2807,5.9365275,-5.1427006,-3144.2014
1,4,0.02483467,2,4,0.079077301,3,4,0.25937299,-3144.6522,7.2656991,-1.5552905,-3135.8312
1,4,0.028042995,2,4,0.061693,3,4,0.2960095,-3144.1141,7.7149098,-1.3375121,-3135.0616
1,4,0.028924396,2,4,0.083898614,3,4,0.24131004,-3145.8995,7.0826609,-2.3065757,-3136.5102
1,4,0.040138341,2,4,0.08669702,3,4,0.25961115,-3144.8259,7.7289302,-2.1419375,-3134.9551
1,4,0.032415626,2,4,0.069574008,3,4,0.21749278,-3147.483,6.3896483,-2.6130436,-3138.4803
1,4,0.035076663,2,4,0.056883207,3,4,0.29572178,-3143.1554,7.753633,-0.9503597,-3134.4514
1,4,0.049741963,2,4,0.054538076,3,4,0.27024327,-3142.3761,7.4904662,-0.5749887,-3134.3106
1,4,0.044161984,2,4,0.060183821,3,4,0.24966023,-3142.0889,7.0801207,-0.39351397,-3134.6153
1,4,0.032207455,2,4,0.071883015,3,4,0.26110529,-3142.2175,7.3039152,-0.46120943,-3134.4524
1,4,0.036376784,2,4,0.0756918,3,4,0.27247872,-3142.1296,7.6909461,-0.48519577,-3133.9535
1,4,0.040331748,2,4,0.061365288,3,4,0.25960572,-3141.4616,7.2260552,-0.1002203,-3134.1354
1,4,0.052793512,2,4,0.066554015,3,4,0.29542932,-3144.1057,8.295537,-1.6357747,-3134.1744
1,4,0.051353409,2,4,0.050667053,3,4,0.25248838,-3143.5668,7.0901767,-1.0823556,-3135.3942
1,4,0.041289342,2,4,0.059294321,3,4,0.27166977,-3141.4154,7.4450686,-0.077428147,-3133.8929
1,4,0.02269649,2,4,0.058646346,3,4,0.23003497,-3149.8982,6.2275562,-3.4019088,-3140.2687
1,4,0.041089412,2,4,0.060881135,3,4,0.24028936,-3142.8117,6.8451982,-0.70906259,-3135.2574
1,4,0.030928611,2,4,0.073053246,3,4,0.29001086,-3142.7525,7.8798543,-0.7828367,-3134.0898
1,4,0.034082279,2,4,0.078372653,3,4,0.23131792,-3145.577,6.875457,-2.0246434,-3136.6769
1,4,0.021511961,2,4,0.080398986,3,4,0.28503963,-3145.612,7.7390116,-2.0463676,-3135.8267
1,4,0.035630163,2,4,0.062019687,3,4,0.28665265,-3141.9549,7.68605,-0.35426362,-3133.9146
1,4,0.02478691,2,4,0.071008919,3,4,0.27913988,-3143.8811,7.4987142,-1.1254345,-3135.2569
1,4,0.033521375,2,4,0.09134197,3,4,0.27923903,-3145.4794,8.0820475,-2.6625594,-3134.7348
1,4,0.037302025,2,4,0.074203,3,4,0.24298485,-3143.2766,7.0897976,-0.97967753,-3135.2071
1,4,0.032874551,2,4,0.044166192,3,4,0.28011113,-3146.9375,7.1430374,-2.293119,-3137.5013
1,4,0.051080043,2,4,0.065337101,3,4,0.24879997,-3143.1648,7.3043423,-1.0101484,-3134.8503
1,4,0.064454572,2,4,0.046923315,3,4,0.30145068,-3148.0369,8.2565714,-4.1213204,-3135.659
1,4,0.040760388,2,4,0.047412947,3,4,0.24557654,-3144.6566,6.6749974,-1.4513771,-3136.5303
1,4,0.037599275,2,4,0.066869735,3,4,0.24113527,-3142.8292,6.9120855,-0.72026605,-3135.1968
1,4,0.044345903,2,4,0.04395234,3,4,0.25197262,-3145.1817,6.8054172,-1.5879363,-3136.7884
1,4,0.041447782,2,4,0.061521252,3,4,0.26975315,-3141.301,7.4544438,-0.022903116,-3133.8237
1,4,0.044782737,2,4,0.070562097,3,4,0.33159841,-3147.2595,8.9388648,-3.544957,-3134.7757
1,4,0.047871796,2,4,0.059945112,3,4,0.25673237,-3142.0451,7.2909856,-0.40332866,-3134.3508
1,4,0.056199386,2,4,0.06329363,3,4,0.28213216,-3143.8543,8.0325036,-1.5649157,-3134.2569
1,4,0.028371359,2,4,0.071385328,3,4,0.25092751,-3143.5776,7.0136839,-1.0187791,-3135.5452
1,4,0.040035692,2,4,0.061835917,3,4,0.30022827,-3142.6765,8.0419976,-0.77632394,-3133.8582
1,4,0.033528532,2,4,0.077933826,3,4,0.26145197,-3142.7291,7.4582865,-0.79072788,-3134.48
1,4,0.038731251,2,4,0.070124781,3,4,0.23899879,-3143.2361,6.9570964,-0.91584448,-3135.3632
1,4,0.039845921,2,4,0.079680912,3,4,0.3186657,-3146.1719,8.7638507,-2.8521006,-3134.5559
1,4,0.054458367,2,4,0.058992534,3,4,0.30456958,-3144.8858,8.3604096,-2.1332874,-3134.3921
1,4,0.052311444,2,4,0.068172689,3,4,0.25724493,-3143.2654,7.5545814,-1.1381981,-3134.5727
1,4,0.035282728,2,4,0.070145827,3,4,0.26088711,-3141.7745,7.3263134,-0.25620833,-3134.192
1,4,0.042587886,2,4,0.041282168,3,4,0.2493884,-3146.6871,6.6651691,-2.1279731,-3137.8939
1,4,0.042802722,2,4,0.068614102,3,4,0.29795398,-3142.7948,8.1874161,-0.83194859,-3133.7754
1,4,0.054066949,2,4,0.063760246,3,4,0.20446901,-3151.1509,6.445924,-4.2350366,-3140.47
1,4,0.050147379,2,4,0.06032877,3,4,0.27462388,-3142.1982,7.7020006,-0.52939576,-3133.9668
1,4,0.042774809,2,4,0.06285076,3,4,0.29939656,-3142.6779,8.1004426,-0.7774852,-3133.7999
1,4,0.038670142,2,4,0.056975561,3,4,0.23847065,-3143.448,6.6823271,-0.99791142,-3135.7678
1,4,0.028838926,2,4,0.057407849,3,4,0.28693966,-3144.0643,7.4637288,-1.2412979,-3135.3593
1,4,0.023348524,2,4,0.083944885,3,4,0.26519816,-3145.4857,7.4498313,-2.0650297,-3135.9709
1,4,0.037399134,2,4,0.081513344,3,4,0.24789399,-3144.0907,7.3361293,-1.5330647,-3135.2215
1,4,0.031778149,2,4,0.086882703,3,4,0.293562,-3144.9251,8.244457,-2.2168545,-3134.4637
1,4,0.030001643,2,4,0.053834026,3,4,0.27118526,-3144.1308,7.1004186,-1.2265245,-3135.8039
1,4,0.043577436,2,4,0.061533348,3,4,0.2864099,-3141.8454,7.8304137,-0.31222804,-3133.7027
1,4,0.02671941,2,4,0.072822603,3,4,0.28349832,-3143.3611,7.6608067,-0.98258874,-3134.7177
1,4,0.048572069,2,4,0.067014258,3,4,0.25567273,-3142.4646,7.4251812,-0.64667284,-3134.3927
1,4,0.044178678,2,4,0.069297807,3,4,0.23788778,-3143.5209,7.0272854,-1.0683615,-3135.4253
1,4,0.032815873,2,4,0.076945006,3,4,0.28937302,-3142.8992,7.982678,-0.91151247,-3134.005
1,4,0.043112956,2,4,0.049489307,3,4,0.22731253,-3146.1504,6.3982958,-2.0837247,-3137.6683
1,4,0.042832755,2,4,0.058863623,3,4,0.21380789,-3147.3804,6.3100853,-2.5446605,-3138.5256
1,4,0.030364307,2,4,0.078201022,3,4,0.30804024,-3144.6292,8.3321114,-1.9236951,-3134.3734
1,4,0.039475016,2,4,0.056931045,3,4,0.22439434,-3145.4725,6.4160081,-1.829994,-3137.2265
1,4,0.047796304,2,4,0.052665533,3,4,0.23724527,-3144.1827,6.7541421,-1.3003946,-3136.1281
1,4,0.045868104,2,4,0.052331451,3,4,0.27127594,-3142.3488,7.38951,-0.50394226,-3134.4554
1,4,0.030796701,2,4,0.072194759,3,4,0.28758946,-3142.604,7.8116185,-0.69037729,-3134.102
1,4,0.046392787,2,4,0.057615196,3,4,0.24689944,-3142.5732,7.0181486,-0.61779215,-3134.9372
1,4,0.034622461,2,4,0.085277891,3,4,0.32342802,-3147.4751,8.8665674,-3.7647591,-3134.8438
1,4,0.040502919,2,4,0.054920186,3,4,0.23987353,-3143.4404,6.7059327,-0.98823458,-3135.7463
1,4,0.042774719,2,4,0.068400525,3,4,0.24863609,-3142.2996,7.1962267,-0.50742573,-3134.5959
1,4,0.029127556,2,4,0.086581881,3,4,0.29849823,-3145.3221,8.2841534,-2.4269502,-3134.611
1,4,0.046003186,2,4,0.051377051,3,4,0.28192212,-3142.786,7.586047,-0.72637867,-3134.4736
1,4,0.057017679,2,4,0.051553408,3,4,0.27889789,-3144.1375,7.7493796,-1.6250808,-3134.763
1,4,0.03574474,2,4,0.071074789,3,4,0.22557036,-3145.4586,6.6477978,-1.8389586,-3136.9719
1,4,0.043218242,2,4,0.070898325,3,4,0.26284109,-3141.9212,7.5391532,-0.35448907,-3134.0275
1,4,0.037481041,2,4,0.060114965,3,4,0.29722366,-3142.6111,7.8963932,-0.71978503,-3133.995
1,4,0.028678612,2,4,0.068480282,3,4,0.274788,-3142.6296,7.4389379,-0.60676922,-3134.5839
1,4,0.053132905,2,4,0.056613009,3,4,0.25438704,-3143.0836,7.2826591,-0.96699078,-3134.8339
1,4,0.042214203,2,4,0.069428829,3,4,0.24536588,-3142.6174,7.1401782,-0.65514996,-3134.8221
1,4,0.036789916,2,4,0.08302664,3,4,0.29105793,-3144.0226,8.2174898,-1.6222357,-3134.1829
1,4,0.061100547,2,4,0.03295895,3,4,0.2690826,-3151.258,7.2628419,-4.1125639,-3139.8826
1,4,0.045576619,2,4,0.054914171,3,4,0.28025937,-3142.1481,7.6150031,-0.44216594,-3134.091
1,4,0.061044167,2,4,0.050450694,3,4,0.30046006,-3146.5385,8.2390985,-3.1837195,-3135.1157
1,4,0.027056741,2,4,0.049204368,3,4,0.29315271,-3147.7378,7.3882765,-2.6971761,-3137.6524
1,4,0.045141976,2,4,0.057572628,3,4,0.25074941,-3142.2144,7.0692803,-0.45093153,-3134.6942
1,4,0.044759474,2,4,0.052458227,3,4,0.25853264,-3142.4567,7.1150068,-0.53947215,-3134.8022
1,4,0.041026089,2,4,0.071891867,3,4,0.26433086,-3141.8303,7.5449762,-0.30748962,-3133.9779
1,4,0.034950661,2,4,0.078395819,3,4,0.27255299,-3142.5546,7.7179893,-0.73385353,-3134.1028
1,4,0.039195711,2,4,0.074696296,3,4,0.26474901,-3142.0934,7.5728204,-0.45880395,-3134.0618
1,4,0.026010844,2,4,0.072352962,3,4,0.25330386,-3144.1765,7.0333533,-1.2411261,-3135.902
1,4,0.035174443,2,4,0.073474698,3,4,0.25955531,-3142.1174,7.364089,-0.44214666,-3134.3112
1,4,0.04670244,2,4,0.056017379,3,4,0.26674172,-3141.9094,7.3892308,-0.32194073,-3134.1982
1,4,0.041148962,2,4,0.054205209,3,4,0.18269749,-3158.3377,5.5610331,-6.3360911,-3146.4406
1,4,0.034677431,2,4,0.073906419,3,4,0.2880146,-3142.3808,7.931969,-0.61304513,-3133.8358
1,4,0.041590433,2,4,0.055064364,3,4,0.26162656,-3141.9433,7.1656272,-0.31564035,-3134.462
1,4,0.047889681,2,4,0.064639111,3,4,0.23752876,-3143.6238,7.001151,-1.1214424,-3135.5012
1,4,0.022081839,2,4,0.074075574,3,4,0.27733145,-3144.9877,7.4697773,-1.5591685,-3135.9588
1,4,0.029680077,2,4,0.081768874,3,4,0.24563366,-3144.8877,7.1416522,-1.809368,-3135.9367
1,4,0.025968359,2,4,0.076012312,3,4,0.24758939,-3144.8836,6.9914011,-1.5911978,-3136.301
1,4,0.031826579,2,4,0.080378431,3,4,0.30849853,-3144.8586,8.4140708,-2.0932009,-3134.3513
1,4,0.019958698,2,4,0.074350028,3,4,0.26341812,-3146.4027,7.154537,-1.990424,-3137.2577
1,4,0.04135906,2,4,0.079091936,3,4,0.31686705,-3146.0282,8.7463609,-2.7456201,-3134.5362
1,4,0.046534949,2,4,0.073927365,3,4,0.29339311,-3143.6372,8.2771086,-1.3093294,-3134.0507
1,4,0.032797058,2,4,0.060798201,3,4,0.29149176,-3142.7301,7.7017404,-0.72650537,-3134.3019
1,4,0.049342205,2,4,0.062995312,3,4,0.27524597,-3142.1286,7.7516696,-0.48943823,-3133.8875
1,4,0.051271092,2,4,0.065899643,3,4,0.26670149,-3142.6026,7.6774444,-0.76999621,-3134.1552
1,4,0.045202517,2,4,0.066716308,3,4,0.26661608,-3141.6833,7.5706982,-0.22851007,-3133.8841
1,4,0.048971902,2,4,0.07166449,3,4,0.27839749,-3142.9818,7.9806777,-0.96571281,-3134.0354
1,4,0.029888081,2,4,0.067899668,3,4,0.26483301,-3142.4211,7.2524151,-0.51249667,-3134.6562
1,4,0.04036734,2,4,0.059908549,3,4,0.28066701,-3141.5719,7.618858,-0.16005738,-3133.793
1,4,0.028299507,2,4,0.069417317,3,4,0.30195764,-3143.9384,7.9934893,-1.377286,-3134.5676
1,4,0.03482618,2,4,0.067629653,3,4,0.26833782,-3141.5459,7.4158731,-0.13965685,-3133.9904
1,4,0.045671968,2,4,0.064554182,3,4,0.24053662,-3143.0201,7.0152553,-0.82722291,-3135.1776
1,4,0.037571105,2,4,0.072362247,3,4,0.23313673,-3144.2485,6.8614017,-1.3668154,-3136.0203
1,4,0.026036914,2,4,0.054711503,3,4,0.27007263,-3145.5854,7.0164209,-1.7505617,-3136.8184
1,4,0.055256373,2,4,0.055035716,3,4,0.25261296,-3143.6916,7.2581009,-1.2956186,-3135.1379
1,4,0.01997139,2,4,0.079548904,3,4,0.29140801,-3146.4184,7.8185661,-2.3745333,-3136.2253
1,4,0.022070393,2,4,0.061481221,3,4,0.26985586,-3146.1569,7.0681495,-1.8600588,-3137.2287
1,4,0.011826555,2,4,0.068776515,3,4,0.27707618,-3153.5036,7.1535849,-3.8838405,-3142.4662
1,4,0.038249187,2,4,0.072288487,3,4,0.29176016,-3142.3996,8.0459567,-0.61984606,-3133.7338
1,4,0.058574378,2,4,0.049852592,3,4,0.2457624,-3145.4786,7.0837873,-2.1373806,-3136.2574
1,4,0.050945852,2,4,0.048615526,3,4,0.25689452,-3143.7185,7.1291179,-1.1198258,-3135.4696
1,4,0.053242043,2,4,0.046053671,3,4,0.24079604,-3145.8072,6.8018351,-1.9880594,-3137.0173
1,4,0.04551465,2,4,0.063119958,3,4,0.2664283,-3141.5526,7.5012581,-0.15827948,-3133.8931
1,4,0.043097345,2,4,0.065465679,3,4,0.23343831,-3143.7175,6.8400268,-1.1065238,-3135.771
1,4,0.03803985,2,4,0.062012093,3,4,0.24451519,-3142.4648,6.8913427,-0.5607279,-3135.0127
1,4,0.033297428,2,4,0.058987512,3,4,0.27327942,-3142.209,7.3112873,-0.43458891,-3134.4631
1,4,0.036813754,2,4,0.053815321,3,4,0.2531416,-3142.9256,6.8754135,-0.76404086,-3135.2862
1,4,0.040348516,2,4,0.066857045,3,4,0.27379281,-3141.3579,7.6199675,-0.052893203,-3133.6851
1,4,0.045639494,2,4,0.073842287,3,4,0.28225942,-3142.8486,8.0348241,-0.87359431,-3133.9402
1,4,0.031779223,2,4,0.070665051,3,4,0.27802696,-3142.0743,7.6094247,-0.40126899,-3134.0636
1,4,0.040591054,2,4,0.05850585,3,4,0.23650803,-3143.4051,6.7120986,-0.96865608,-3135.7243
1,4,0.029205668,2,4,0.080123856,3,4,0.27166033,-3143.3382,7.6197971,-1.1072481,-3134.6111
1,4,0.046368911,2,4,0.059650727,3,4,0.26711872,-3141.6512,7.4627672,-0.20687206,-3133.9816
1,4,0.034463782,2,4,0.06397937,3,4,0.23991756,-3143.2725,6.7672142,-0.9129877,-3135.5923
1,4,0.035353649,2,4,0.057478536,3,4,0.29520537,-3142.984,7.7607511,-0.87064609,-3134.3526
1,4,0.050959288,2,4,0.067447889,3,4,0.26235277,-3142.7435,7.6151989,-0.84145618,-3134.2868
1,4,0.027344844,2,4,0.07581993,3,4,0.29577297,-3143.9177,7.9787548,-1.3858499,-3134.5531
1,4,0.032804285,2,4,0.06997392,3,4,0.28780805,-3142.2395,7.8117251,-0.50870614,-3133.9191
1,4,0.034692364,2,4,0.062795691,3,4,0.26763437,-3141.6312,7.3024485,-0.17520473,-3134.1535
1,4,0.048938555,2,4,0.054848422,3,4,0.28825336,-3142.8301,7.8408068,-0.83794864,-3134.1513
1,4,0.056992756,2,4,0.054832746,3,4,0.29169818,-3144.4839,8.0704736,-1.9071293,-3134.5063
1,4,0.041422084,2,4,0.065776337,3,4,0.28746444,-3141.8172,7.8932571,-0.29577692,-3133.6282
1,4,0.047606423,2,4,0.057213283,3,4,0.27884034,-3142.0566,7.6732009,-0.42215057,-3133.9612
1,4,0.050420644,2,4,0.042894071,3,4,0.26349881,-3145.1959,7.1362704,-1.6340232,-3136.4256
1,4,0.056450165,2,4,0.065143309,3,4,0.30548511,-3145.815,8.5415717,-2.717125,-3134.5563
1,4,0.038201656,2,4,0.085230674,3,4,0.27886465,-3144.1354,8.0459395,-1.7318832,-3134.3576
1,4,0.026803117,2,4,0.064670477,3,4,0.23456119,-3146.0629,6.5206956,-2.0081483,-3137.534
1,4,0.052393911,2,4,0.072950545,3,4,0.23684724,-3145.5609,7.2438339,-2.2731922,-3136.0439
1,4,0.054267926,2,4,0.043074401,3,4,0.29043466,-3146.0951,7.7555398,-2.3310514,-3136.0085
1,4,0.072331646,2,4,0.057821846,3,4,0.27858647,-3148.7949,8.1747993,-5.2931811,-3135.3269
1,4,0.049129948,2,4,0.050837315,3,4,0.24963469,-3143.4656,6.992039,-1.001017,-3135.4726
1,4,0.054568746,2,4,0.039083302,3,4,0.31558652,-3149.9687,8.1847714,-4.3935619,-3137.3904
1,4,0.055669754,2,4,0.066775784,3,4,0.2781825,-3143.9025,8.0125607,-1.5868488,-3134.3031
1,4,0.046915781,2,4,0.064640411,3,4,0.21757214,-3146.7588,6.5825667,-2.3668663,-3137.8094
1,4,0.044590027,2,4,0.052895977,3,4,0.30956212,-3144.572,8.1409626,-1.7962068,-3134.6349
1,4,0.035637948,2,4,0.085504058,3,4,0.31884032,-3147.0101,8.7996465,-3.4590916,-3134.7513
1,4,0.052542616,2,4,0.057595159,3,4,0.27119987,-3142.6151,7.6267528,-0.76742263,-3134.2209
1,4,0.024473459,2,4,0.074771032,3,4,0.24286566,-3145.8685,6.842203,-1.9337544,-3137.0926
1,4,0.020674561,2,4,0.053606987,3,4,0.25153787,-3150.2669,6.5163884,-3.3445739,-3140.406
1,4,0.039466075,2,4,0.05276478,3,4,0.26323494,-3142.4338,7.1093158,-0.5274741,-3134.797
1,4,0.053857867,2,4,0.07509542,3,4,0.27102533,-3144.6318,7.9995723,-2.009057,-3134.6232
1,4,0.056695065,2,4,0.058819382,3,4,0.23810696,-3145.0953,7.0724281,-1.9873909,-3136.0354
1,4,0.055603908,2,4,0.074471633,3,4,0.27181352,-3145.0117,8.0377812,-2.267642,-3134.7063
1,4,0.044364087,2,4,0.052372725,3,4,0.24434046,-3143.3406,6.8215454,-0.92871085,-3135.5903
1,4,0.042797959,2,4,0.091961206,3,4,0.27915425,-3146.6954,8.2782684,-3.4274039,-3134.9897
1,4,0.032968396,2,4,0.053192933,3,4,0.28041651,-3143.5465,7.3315568,-1.0158585,-3135.1991
1,4,0.036448398,2,4,0.055700394,3,4,0.24504649,-3143.226,6.7439056,-0.90827967,-3135.5739
1,4,0.04411414,2,4,0.061661509,3,4,0.25548551,-3141.7207,7.2252231,-0.22653476,-3134.2689
1,4,0.039038494,2,4,0.069016914,3,4,0.2861599,-3141.8303,7.8843062,-0.30389027,-3133.6421
1,4,0.022578498,2,4,0.087147025,3,4,0.2874742,-3146.1246,7.9439944,-2.6318564,-3135.5487
1,4,0.040263913,2,4,0.079869913,3,4,0.26234974,-3143.1213,7.6496713,-1.0643929,-3134.4072
1,4,0.050072749,2,4,0.049126315,3,4,0.23650469,-3145.1487,6.7140752,-1.6979836,-3136.7366
1,4,0.044549043,2,4,0.068071931,3,4,0.26487707,-3141.7354,7.549961,-0.25477507,-3133.9307
1,4,0.035004785,2,4,0.060310377,3,4,0.23848298,-3143.5608,6.6759628,-1.0477812,-3135.8371
1,4,0.02345256,2,4,0.069152438,3,4,0.30823008,-3146.0254,8.0167016,-2.3138842,-3135.6949
1,4,0.039001538,2,4,0.075697666,3,4,0.26941552,-3142.1825,7.6822945,-0.5161416,-3133.984
1,4,0.032844233,2,4,0.089214166,3,4,0.25853098,-3145.2222,7.6117875,-2.3632396,-3135.2472
1,4,0.031221457,2,4,0.065625005,3,4,0.26941809,-3142.093,7.3252911,-0.37255305,-3134.3951
1,4,0.049000357,2,4,0.051671299,3,4,0.25387054,-3143.0516,7.0908439,-0.82845104,-3135.1323
1,4,0.040168353,2,4,0.096198667,3,4,0.23777714,-3149.5389,7.4828833,-4.9866868,-3137.0693
1,4,0.038753298,2,4,0.060859567,3,4,0.2770567,-3141.4523,7.5333914,-0.098000285,-3133.8209
1,4,0.028268077,2,4,0.069709655,3,4,0.29333171,-3143.3408,7.8261888,-1.0228983,-3134.4917
1,4,0.040569567,2,4,0.065403418,3,4,0.23699499,-3143.1807,6.8593595,-0.86955669,-3135.4518
1,4,0.047793944,2,4,0.088203763,3,4,0.2231334,-3150.4201,7.1826222,-4.9476912,-3138.2898
1,4,0.035368283,2,4,0.060635246,3,4,0.2689162,-3141.6801,7.2983946,-0.19943953,-3134.1823
1,4,0.051413767,2,4,0.052984358,3,4,0.26650945,-3142.7849,7.4181515,-0.77863067,-3134.5881
1,4,0.042044313,2,4,0.073882093,3,4,0.28509561,-3142.4919,8.0204402,-0.66926399,-3133.8022
1,4,0.053263804,2,4,0.056633144,3,4,0.30616909,-3144.8433,8.3213207,-2.0823334,-3134.4396
1,4,0.052857264,2,4,0.063875065,3,4,0.23989797,-3144.1935,7.132606,-1.5001614,-3135.5607
1,4,0.035508487,2,4,0.075981574,3,4,0.28570205,-3142.4955,7.9438423,-0.68825688,-3133.8634
