1,4,0.15463968,2,4,0.92923039,3,4,0.078283882,-4297.2774,23.243079,-0.56209271,-4273.4722
1,4,0.22407282,2,4,0.95202902,3,4,0.015936852,-4299.3491,23.840774,-2.4780023,-4273.0304
1,4,0.22375123,2,4,0.87393985,3,4,0.034053136,-4300.7168,22.634884,-3.8494798,-4274.2325
1,4,0.23295555,2,4,0.90635726,3,4,0.026684028,-4300.4925,23.319937,-3.8647036,-4273.3079
1,4,0.20555467,2,4,1.0196751,3,4,0.033574682,-4297.8105,25.176089,-1.2295177,-4271.4049
1,4,0.18929601,2,4,0.90540207,3,4,0.033323627,-4298.6146,22.560434,-1.6549109,-4274.3993
1,4,0.17860698,2,4,1.0565331,3,4,0.058805462,-4297.9972,25.878911,-1.4702446,-4270.6481
1,4,0.22434849,2,4,1.0290123,3,4,0.018949359,-4299.0674,25.446203,-2.6545434,-4270.9666
1,4,0.13495404,2,4,0.94335431,3,4,0.080484612,-4298.5768,23.175859,-1.6782642,-4273.7227
1,4,0.20383064,2,4,0.82406449,3,4,0.047123597,-4301.6114,21.500374,-4.2188479,-4275.8921
1,4,0.18503577,2,4,0.88548828,3,4,0.047717084,-4298.053,22.364823,-1.2211691,-4274.467
1,4,0.15226105,2,4,0.96290329,3,4,0.067378557,-4297.4411,23.650858,-0.7061848,-4273.084
1,4,0.16955309,2,4,0.97997955,3,4,0.055725483,-4296.9546,24.105162,-0.26376926,-4272.5856
1,4,0.19536989,2,4,0.98508716,3,4,0.040984408,-4297.1175,24.428829,-0.44400677,-4272.2447
1,4,0.1607962,2,4,0.9655086,3,4,0.075615943,-4296.9918,24.038415,-0.31940144,-4272.634
1,4,0.1610956,2,4,0.98701259,3,4,0.075394603,-4297.1109,24.470056,-0.45633637,-4272.1845
1,4,0.17528768,2,4,0.90099317,3,4,0.065424691,-4297.3875,22.834111,-0.65790218,-4273.8955
1,4,0.18168589,2,4,0.97242814,3,4,0.052201392,-4296.7499,24.126309,-0.065566841,-4272.558
1,4,0.15162261,2,4,0.86912103,3,4,0.062062037,-4299.3961,21.656113,-2.4390257,-4275.301
1,4,0.18881006,2,4,0.9559542,3,4,0.057302844,-4296.9696,24.041342,-0.29624199,-4272.632
1,4,0.17502752,2,4,0.96672102,3,4,0.05201153,-4296.8665,23.875201,-0.17588515,-4272.8154
1,4,0.15387915,2,4,1.0483356,3,4,0.078020355,-4298.3817,25.604702,-1.920511,-4270.8565
1,4,0.17281119,2,4,0.98662025,3,4,0.059118457,-4296.8065,24.370998,-0.12481446,-4272.3107
1,4,0.18748795,2,4,1.017644,3,4,0.057957684,-4297.3815,25.261793,-0.73899904,-4271.3807
1,4,0.14684267,2,4,1.0453169,3,4,0.063132929,-4299.4419,25.105849,-2.7347128,-4271.6013
1,4,0.2054406,2,4,0.93239461,3,4,0.0292907,-4298.1519,23.342518,-1.3128126,-4273.4965
1,4,0.2012438,2,4,0.98002895,3,4,0.036399473,-4297.3403,24.353445,-0.66623733,-4272.3207
1,4,0.15911385,2,4,0.96139069,3,4,0.077686356,-4297.0611,23.963818,-0.39064123,-4272.7067
1,4,0.13633007,2,4,0.97406669,3,4,0.089297779,-4298.2435,23.993891,-1.5308848,-4272.7187
1,4,0.18243673,2,4,0.95006996,3,4,0.052272735,-4296.7767,23.695588,-0.089437791,-4272.9917
1,4,0.18440937,2,4,0.93559493,3,4,0.037637417,-4297.7524,23.152834,-0.95100829,-4273.6486
1,4,0.17981966,2,4,0.83138243,3,4,0.059319788,-4300.0326,21.410437,-2.8327735,-4275.7894
1,4,0.18848551,2,4,1.0172761,3,4,0.045404285,-4297.2667,25.023319,-0.62365544,-4271.6197
1,4,0.16666085,2,4,0.9770945,3,4,0.08510354,-4297.7887,24.577178,-1.2373111,-4271.9742
1,4,0.12385302,2,4,1.0236893,3,4,0.076056619,-4301.4661,24.471978,-4.3173727,-4272.6767
1,4,0.16907265,2,4,0.92906745,3,4,0.037245143,-4299.3314,22.707705,-2.3255855,-4274.2981
1,4,0.18954101,2,4,0.87649374,3,4,0.035192297,-4299.3109,22.024541,-2.2252942,-4275.0611
1,4,0.19865758,2,4,1.0430683,3,4,0.055571503,-4298.4211,25.945948,-1.8963214,-4270.5789
1,4,0.15221817,2,4,1.0643004,3,4,0.078132555,-4298.8717,25.893023,-2.5099293,-4270.4688
1,4,0.15017246,2,4,0.89186619,3,4,0.059550443,-4299.151,22.031782,-2.24659,-4274.8726
1,4,0.16062181,2,4,0.97684512,3,4,0.058133639,-4297.3602,23.912011,-0.640479,-4272.8077
1,4,0.14094563,2,4,0.94270009,3,4,0.075318348,-4298.1553,23.179281,-1.3209896,-4273.655
1,4,0.18960055,2,4,0.99584156,3,4,0.060767103,-4297.3495,24.924184,-0.69777434,-4271.7275
1,4,0.21085528,2,4,0.92707795,3,4,0.05056852,-4298.5812,23.770035,-2.0415842,-4272.7696
1,4,0.19599673,2,4,0.95692294,3,4,0.033254511,-4297.5736,23.723484,-0.80577297,-4273.0444
1,4,0.19078959,2,4,0.88983787,3,4,0.062826849,-4298.302,22.869086,-1.5826156,-4273.8503
1,4,0.15226582,2,4,0.91811128,3,4,0.056915519,-4298.6586,22.545852,-1.8107817,-4274.302
1,4,0.13572737,2,4,0.98529101,3,4,0.086098433,-4298.3918,24.142336,-1.6588944,-4272.5906
1,4,0.20004718,2,4,1.0412992,3,4,0.027108212,-4298.5094,25.369091,-1.9234615,-4271.2168
1,4,0.15393889,2,4,0.99870253,3,4,0.085017929,-4297.6746,24.753187,-1.1041187,-4271.8173
1,4,0.21068214,2,4,0.94607198,3,4,0.033386982,-4297.9015,23.802822,-1.2093502,-4272.8893
1,4,0.15920672,2,4,0.96773064,3,4,0.061242967,-4297.2374,23.763607,-0.5237122,-4272.9501
1,4,0.228183,2,4,0.94101448,3,4,0.01201925,-4300.0682,23.624335,-3.0492246,-4273.3947
1,4,0.21817192,2,4,1.0270613,3,4,0.0097115801,-4299.8456,25.098896,-3.0922659,-4271.6545
1,4,0.13729708,2,4,0.90733495,3,4,0.05475392,-4302.0275,21.987719,-4.6028047,-4275.437
1,4,0.20989285,2,4,1.0075861,3,4,0.016313046,-4299.0465,24.67584,-2.2248651,-4272.1458
1,4,0.21750962,2,4,1.0345868,3,4,0.025859698,-4298.6178,25.559123,-2.1829327,-4270.8758
1,4,0.20159451,2,4,0.93933048,3,4,0.053794923,-4297.7508,23.894398,-1.1343718,-4272.7221
1,4,0.18570563,2,4,0.87794941,3,4,0.052861644,-4298.153,22.330334,-1.3158813,-4274.5068
1,4,0.13159054,2,4,1.0194171,3,4,0.094301712,-4299.1737,24.906186,-2.6686701,-4271.5989
1,4,0.14543238,2,4,0.92951247,3,4,0.10216008,-4298.7394,23.542098,-2.2054006,-4272.9919
1,4,0.14570403,2,4,0.95978988,3,4,0.071759407,-4297.8093,23.545066,-1.0318435,-4273.2324
1,4,0.17636308,2,4,0.96547065,3,4,0.059615571,-4296.688,24.028986,-0.0036230027,-4272.6554
1,4,0.16568575,2,4,0.95575768,3,4,0.072264333,-4296.8722,23.874155,-0.1928015,-4272.8053
1,4,0.16600504,2,4,0.95327601,3,4,0.068337299,-4296.7923,23.752367,-0.1067064,-4272.9332
1,4,0.20183599,2,4,0.98950814,3,4,0.052047779,-4297.636,24.867838,-1.0270159,-4271.7412
1,4,0.15292552,2,4,1.0176433,3,4,0.068448752,-4297.8648,24.780352,-1.1996473,-4271.8848
1,4,0.19061889,2,4,0.92816672,3,4,0.049973219,-4297.1281,23.375177,-0.42866243,-4273.3243
1,4,0.21279844,2,4,0.92559763,3,4,0.062720761,-4300.0894,24.022337,-3.8367071,-4272.2304
1,4,0.20283267,2,4,0.97337269,3,4,0.040950408,-4297.3052,24.343115,-0.65368846,-4272.3084
1,4,0.18639545,2,4,0.95516346,3,4,0.056917931,-4296.8575,23.969537,-0.1779293,-4272.71
1,4,0.17773823,2,4,0.9122421,3,4,0.065857144,-4297.2503,23.11675,-0.54603421,-4273.5875
1,4,0.17430035,2,4,0.95440148,3,4,0.069328374,-4296.9059,23.960604,-0.23034357,-4272.715
1,4,0.17294165,2,4,0.97269025,3,4,0.045907385,-4297.4164,23.830786,-0.68440682,-4272.9012
1,4,0.19834403,2,4,1.015743,3,4,0.029339627,-4297.9975,24.868533,-1.3219942,-4271.8069
1,4,0.1633874,2,4,0.91239172,3,4,0.081648038,-4297.6392,23.148543,-0.94552454,-4273.5451
1,4,0.17044675,2,4,0.96198562,3,4,0.077746012,-4297.2782,24.203568,-0.64179797,-4272.4329
1,4,0.19457488,2,4,0.98185055,3,4,0.057005456,-4297.3373,24.668618,-0.69151224,-4271.9772
1,4,0.15928053,2,4,0.91692199,3,4,0.058300286,-4297.7658,22.690056,-1.0175543,-4274.0582
1,4,0.17961266,2,4,0.94599995,3,4,0.06652897,-4296.9894,23.842832,-0.31502482,-4272.8316
1,4,0.18607195,2,4,1.0006197,3,4,0.044793965,-4297.0996,24.629713,-0.4268199,-4272.0431
1,4,0.15908605,2,4,0.95807829,3,4,0.05773169,-4297.487,23.497921,-0.75230562,-4273.2368
1,4,0.13285407,2,4,0.95126444,3,4,0.081764192,-4298.7468,23.317654,-1.8312819,-4273.5978
1,4,0.13026762,2,4,0.84553891,3,4,0.095039666,-4301.0919,21.416924,-3.6208014,-4276.0541
1,4,0.12589634,2,4,1.0759602,3,4,0.12752479,-4303.0886,26.587626,-8.6282157,-4267.8728
1,4,0.14505069,2,4,0.97933232,3,4,0.083148579,-4297.6765,24.150632,-0.99850951,-4272.5273
1,4,0.21782451,2,4,0.87186821,3,4,0.04026786,-4300.2972,22.599212,-3.4660698,-4274.2319
1,4,0.16984402,2,4,1.0499464,3,4,0.069151631,-4298.024,25.778841,-1.5040219,-4270.7411
1,4,0.14600381,2,4,0.98470527,3,4,0.073129748,-4297.8249,24.076777,-1.0830766,-4272.6651
1,4,0.1648899,2,4,0.83889231,3,4,0.078272431,-4299.7797,21.641093,-2.6716587,-4275.4669
1,4,0.16472894,2,4,0.91444731,3,4,0.075226835,-4297.2924,23.088062,-0.58233092,-4273.622
1,4,0.15115401,2,4,0.9998156,3,4,0.047527584,-4300.2001,23.969944,-3.1187338,-4273.1115
1,4,0.18908465,2,4,1.0749251,3,4,0.042388255,-4298.5925,26.127959,-2.1815359,-4270.283
1,4,0.16936643,2,4,0.96140686,3,4,0.065928685,-4296.7364,23.934039,-0.052453516,-4272.7499
1,4,0.16531623,2,4,0.90009544,3,4,0.084857177,-4298.1736,23.005377,-1.4867137,-4273.6815
1,4,0.20134759,2,4,0.94579998,3,4,0.05102866,-4297.5342,23.963525,-0.90040812,-4272.6703
1,4,0.16790208,2,4,0.92778832,3,4,0.067037964,-4296.925,23.254567,-0.22970112,-4273.4408
1,4,0.15542848,2,4,0.9434999,3,4,0.069727577,-4297.1653,23.373119,-0.45125795,-4273.341
1,4,0.22056727,2,4,0.97711597,3,4,0.063663797,-4301.2873,25.226941,-5.3743532,-4270.686
1,4,0.20192969,2,4,1.0248275,3,4,0.030551732,-4297.9685,25.146178,-1.3619516,-4271.4604
1,4,0.16848214,2,4,0.99420172,3,4,0.055424301,-4297.1291,24.362163,-0.43978886,-4272.3271
1,4,0.16982241,2,4,0.91028463,3,4,0.069777225,-4297.231,22.997685,-0.51702797,-4273.7163
1,4,0.15708135,2,4,0.98300078,3,4,0.059036217,-4297.6412,23.982367,-0.90057985,-4272.7583
1,4,0.19410488,2,4,0.96803639,3,4,0.023226104,-4298.8479,23.707347,-1.8433982,-4273.2972
1,4,0.15632575,2,4,0.95701627,3,4,0.07241508,-4297.046,23.715142,-0.34799024,-4272.9829
1,4,0.18298778,2,4,0.97579697,3,4,0.071418003,-4297.541,24.604055,-0.91805398,-4272.0188
1,4,0.18122739,2,4,1.0033132,3,4,0.040621705,-4297.5586,24.503246,-0.85065881,-4272.2047
1,4,0.23476185,2,4,0.97214001,3,4,0.020115846,-4299.5532,24.540354,-3.1314062,-4271.8815
1,4,0.14115194,2,4,0.87095023,3,4,0.089888132,-4299.2482,22.039806,-2.2204973,-4274.9879
1,4,0.19646552,2,4,1.0054792,3,4,0.046904798,-4297.2699,24.97699,-0.62988897,-4271.663
1,4,0.20805162,2,4,1.0364035,3,4,0.012897118,-4299.8797,25.147046,-3.0783939,-4271.6543
1,4,0.19332674,2,4,0.95756116,3,4,0.055939678,-4297.1561,24.136552,-0.49655333,-4272.523
1,4,0.15581234,2,4,0.92433582,3,4,0.06730461,-4297.3827,22.949055,-0.65227107,-4273.7814
1,4,0.17715881,2,4,0.94327773,3,4,0.080503445,-4297.9654,24.0188,-1.3989314,-4272.5476
1,4,0.14850543,2,4,1.0409282,3,4,0.10051451,-4299.5801,25.798963,-3.5325356,-4270.2486
1,4,0.20277934,2,4,0.92976045,3,4,0.058399315,-4298.2939,23.818782,-1.7311324,-4272.744
1,4,0.19157986,2,4,0.91414984,3,4,0.051352068,-4297.3897,23.141635,-0.67554808,-4273.5725
1,4,0.19532325,2,4,0.91609032,3,4,0.049493151,-4297.4982,23.218134,-0.78926375,-4273.4908
1,4,0.18274291,2,4,0.94698207,3,4,0.04228879,-4297.2679,23.440275,-0.53495681,-4273.2927
1,4,0.1734148,2,4,0.98028587,3,4,0.070057964,-4296.9859,24.475173,-0.31808295,-4272.1926
1,4,0.21993724,2,4,0.96533025,3,4,0.032519598,-4298.3437,24.355742,-1.7962163,-4272.1917
1,4,0.20287981,2,4,0.91420272,3,4,0.0348495,-4298.1068,23.038641,-1.2838321,-4273.7843
1,4,0.22174163,2,4,0.97465255,3,4,0.028004121,-4298.4412,24.487966,-1.8899313,-4272.0633
1,4,0.14269955,2,4,0.91314899,3,4,0.081764913,-4298.0822,22.752269,-1.2508898,-4274.0791
1,4,0.17375835,2,4,0.86608875,3,4,0.070262504,-4298.5083,22.202192,-1.6416359,-4274.6645
1,4,0.20672605,2,4,0.92330099,3,4,0.054380284,-4298.4732,23.688146,-1.9122798,-4272.8727
1,4,0.17201158,2,4,0.92402935,3,4,0.08802006,-4298.5594,23.68122,-2.0497892,-4272.8283
1,4,0.16715863,2,4,0.96133835,3,4,0.066482496,-4296.7589,23.899589,-0.074273025,-4272.7851
1,4,0.13625108,2,4,0.8326038,3,4,0.099636793,-4301.468,21.369834,-3.9840749,-4276.1141
1,4,0.18350594,2,4,1.0591449,3,4,0.067522164,-4298.6627,26.203461,-2.1979899,-4270.2613
1,4,0.1479705,2,4,0.92696224,3,4,0.094677578,-4298.145,23.392206,-1.4978066,-4273.255
1,4,0.15313544,2,4,0.99032644,3,4,0.076432073,-4297.345,24.397879,-0.68068131,-4272.2665
1,4,0.17082324,2,4,0.94353713,3,4,0.067633417,-4296.8123,23.639876,-0.1273176,-4273.0452
1,4,0.18240416,2,4,0.87437715,3,4,0.064403913,-4298.3285,22.423705,-1.5133316,-4274.3915
1,4,0.20670518,2,4,0.93575843,3,4,0.053581032,-4298.253,23.920893,-1.6945587,-4272.6376
1,4,0.16001489,2,4,0.97359677,3,4,0.065786438,-4297.0174,23.987962,-0.32269189,-4272.7067
1,4,0.1820411,2,4,0.99398315,3,4,0.05811699,-4296.8991,24.682825,-0.22224229,-4271.994
1,4,0.18245736,2,4,0.98438916,3,4,0.052327265,-4296.7991,24.383476,-0.11800512,-4272.2976
1,4,0.19718738,2,4,0.93809918,3,4,0.053445658,-4297.4066,23.774644,-0.75206128,-4272.8799
1,4,0.20552583,2,4,0.94892831,3,4,0.027694438,-4298.0461,23.642972,-1.2309222,-4273.1722
1,4,0.21295654,2,4,0.92134101,3,4,0.033428827,-4298.4086,23.354528,-1.6650152,-4273.3891
1,4,0.16193515,2,4,0.94772968,3,4,0.052362977,-4297.7544,23.240556,-0.9969948,-4273.5169
1,4,0.14927465,2,4,0.94795742,3,4,0.068006023,-4297.6929,23.304762,-0.92693508,-4273.4612
1,4,0.16366018,2,4,1.0067368,3,4,0.062728152,-4297.2347,24.662503,-0.56482499,-4272.0074
1,4,0.12698728,2,4,0.93500017,3,4,0.092065168,-4299.1662,23.081052,-2.1934079,-4273.8918
1,4,0.1775143,2,4,0.957247,3,4,0.076771363,-4297.5879,24.230653,-0.97942884,-4272.3778
1,4,0.17485824,2,4,0.95153344,3,4,0.071556619,-4297.0498,23.958966,-0.38353274,-4272.7073
1,4,0.19743395,2,4,0.92358795,3,4,0.051158714,-4297.5191,23.443612,-0.84017265,-4273.2354
1,4,0.18482689,2,4,0.92363872,3,4,0.031421597,-4298.7532,22.797744,-1.7717455,-4274.1837
1,4,0.18749557,2,4,1.0338579,3,4,0.074843302,-4299.0935,25.923935,-2.6607645,-4270.5088
1,4,0.20367153,2,4,0.96334686,3,4,0.047415262,-4297.4782,24.288673,-0.85217338,-4272.3373
1,4,0.18634092,2,4,1.0235429,3,4,0.058902662,-4297.4732,25.375729,-0.84111214,-4271.2564
1,4,0.16340323,2,4,0.95336661,3,4,0.065234038,-4296.8595,23.640078,-0.16866452,-4273.0508
1,4,0.17116215,2,4,0.86842709,3,4,0.054212438,-4298.5811,21.876033,-1.6952688,-4275.0098
1,4,0.13311329,2,4,0.89142338,3,4,0.10469852,-4299.6958,22.584704,-2.796721,-4274.3144
1,4,0.17610999,2,4,1.068656,3,4,0.053823765,-4298.3485,25.971796,-1.8805499,-4270.4961
1,4,0.15691588,2,4,1.0251411,3,4,0.096335222,-4299.1167,25.567844,-2.9008711,-4270.648
1,4,0.2012872,2,4,0.94105756,3,4,0.049094367,-4297.4922,23.828782,-0.8437882,-4272.8196
1,4,0.20343514,2,4,0.95445577,3,4,0.036128598,-4297.4716,23.88039,-0.7710366,-4272.8201
1,4,0.16700446,2,4,0.93550704,3,4,0.061330351,-4296.9165,23.276837,-0.22458969,-4273.4151
1,4,0.17284181,2,4,0.96019333,3,4,0.046826494,-4297.3396,23.597233,-0.61231228,-4273.1301
1,4,0.16022725,2,4,0.95435463,3,4,0.087719529,-4297.6763,24.046028,-1.090922,-4272.5394
1,4,0.16952636,2,4,1.0751262,3,4,0.060656188,-4298.6055,26.106174,-2.1934593,-4270.3059
1,4,0.14572673,2,4,0.89984997,3,4,0.10119039,-4299.0842,22.935342,-2.4025141,-4273.7463
1,4,0.15981159,2,4,0.90700002,3,4,0.089432257,-4298.2213,23.124877,-1.5595685,-4273.5369
1,4,0.18537052,2,4,0.92806547,3,4,0.073078046,-4297.9913,23.730281,-1.3944496,-4272.8666
1,4,0.16058514,2,4,0.92727479,3,4,0.067036896,-4297.1033,23.097936,-0.39567492,-4273.6097
1,4,0.15130502,2,4,0.9325018,3,4,0.082353296,-4297.4285,23.323202,-0.71444028,-4273.3909
1,4,0.17088144,2,4,0.9695999,3,4,0.059166391,-4296.7553,23.992955,-0.069913269,-4272.6925
1,4,0.17740342,2,4,1.0046508,3,4,0.027270125,-4299.9483,24.186487,-2.8632455,-4272.8986
1,4,0.16248102,2,4,0.97378471,3,4,0.053558552,-4297.559,23.796486,-0.81994005,-4272.9426
1,4,0.16974136,2,4,0.99906529,3,4,0.071197932,-4297.1346,24.800092,-0.48294459,-4271.8515
1,4,0.17618366,2,4,0.90621284,3,4,0.060680537,-4297.2272,22.861541,-0.50651475,-4273.8591
1,4,0.18152054,2,4,1.0286971,3,4,0.072337669,-4298.2148,25.651106,-1.6672019,-4270.8965
1,4,0.17577758,2,4,1.0627984,3,4,0.060863138,-4298.1828,25.988782,-1.6929896,-4270.501
1,4,0.17436041,2,4,0.96323559,3,4,0.070056006,-4296.9439,24.15304,-0.27244838,-4272.5184
1,4,0.1801314,2,4,0.92686113,3,4,0.066348068,-4297.1563,23.466812,-0.47470228,-4273.2148
1,4,0.18036964,2,4,0.93065716,3,4,0.058783856,-4296.8913,23.396213,-0.20074648,-4273.2944
1,4,0.2014221,2,4,1.0490193,3,4,0.028207562,-4298.5306,25.57298,-2.0060745,-4270.9515
1,4,0.19922592,2,4,1.0260316,3,4,0.031050901,-4297.9754,25.126168,-1.3558672,-4271.4934
1,4,0.19043852,2,4,0.988907,3,4,0.056437738,-4297.1088,24.715665,-0.44360326,-4271.9496
1,4,0.18908558,2,4,0.94141446,3,4,0.046924556,-4296.9878,23.548492,-0.28923048,-4273.15
1,4,0.15096496,2,4,0.92890373,3,4,0.081016275,-4297.4405,23.217699,-0.71319435,-4273.5096
1,4,0.18248738,2,4,0.9478092,3,4,0.052291254,-4296.7888,23.651757,-0.10090415,-4273.0361
1,4,0.16916299,2,4,1.0549827,3,4,0.055324311,-4298.187,25.589401,-1.6396834,-4270.9579
1,4,0.15286997,2,4,0.93254675,3,4,0.072549347,-4297.3237,23.159321,-0.59292547,-4273.5715
1,4,0.18508066,2,4,0.96684336,3,4,0.031309985,-4298.2666,23.66468,-1.3894304,-4273.2125
1,4,0.22314938,2,4,0.96482452,3,4,0.016238891,-4299.1367,24.084256,-2.3297087,-4272.7227
1,4,0.15358614,2,4,0.88710791,3,4,0.080855066,-4298.0992,22.430982,-1.2720859,-4274.3962
1,4,0.17161821,2,4,0.94322891,3,4,0.071402804,-4296.9633,23.724999,-0.28611632,-4272.9522
1,4,0.18040565,2,4,1.0683017,3,4,0.054334297,-4298.2826,26.060832,-1.8150975,-4270.4067
1,4,0.16580898,2,4,0.90385242,3,4,0.055054798,-4297.7701,22.494324,-1.0188645,-4274.2569
1,4,0.19659859,2,4,0.95853132,3,4,0.083563294,-4300.6493,24.773864,-4.6047,-4271.2707
1,4,0.197421,2,4,1.0088515,3,4,0.053631226,-4297.5984,25.198075,-0.97736188,-4271.423
1,4,0.15831636,2,4,0.92714212,3,4,0.074410288,-4297.149,23.197375,-0.43844061,-4273.5132
1,4,0.19989525,2,4,0.99364158,3,4,0.034105444,-4297.4708,24.552846,-0.79606084,-4272.1219
1,4,0.23340615,2,4,0.97762309,3,4,0.022958435,-4299.3909,24.679754,-3.0127217,-4271.6985
1,4,0.18762888,2,4,1.0517449,3,4,0.044917432,-4297.9363,25.685823,-1.3947272,-4270.8557
1,4,0.16546341,2,4,1.0078119,3,4,0.068138725,-4297.1602,24.828281,-0.50801272,-4271.8239
1,4,0.18548381,2,4,0.98148139,3,4,0.051712541,-4296.8088,24.373555,-0.1285753,-4272.3067
1,4,0.17697289,2,4,0.97315806,3,4,0.082573974,-4298.2009,24.654099,-1.6909656,-4271.8559
1,4,0.15995053,2,4,0.9355997,3,4,0.079041237,-4297.1843,23.491829,-0.49950631,-4273.193
1,4,0.1144757,2,4,0.94543187,3,4,0.10017842,-4300.6058,23.20172,-3.4156899,-4273.9884
1,4,0.14215263,2,4,0.9998539,3,4,0.068722035,-4298.7124,24.214571,-1.8861292,-4272.6117
1,4,0.1732592,2,4,0.90247122,3,4,0.045426864,-4298.1871,22.423146,-1.3718906,-4274.3921
1,4,0.20397546,2,4,0.88872701,3,4,0.026048215,-4299.6442,22.375014,-2.4474189,-4274.8217
1,4,0.18236512,2,4,0.96260286,3,4,0.079040662,-4298.226,24.480173,-1.7046107,-4272.0412
1,4,0.20706035,2,4,1.0400351,3,4,0.033889853,-4298.1621,25.619707,-1.6633292,-4270.8791
1,4,0.14491435,2,4,0.95912103,3,4,0.08324732,-4297.6057,23.745654,-0.89283779,-4272.9672
1,4,0.19060117,2,4,0.93545362,3,4,0.035273908,-4297.7413,23.226574,-0.93273926,-4273.582
1,4,0.20069526,2,4,1.0140842,3,4,0.03417345,-4297.6434,24.979057,-1.0170381,-4271.6473
1,4,0.1525514,2,4,0.9280921,3,4,0.069891726,-4297.463,23.010704,-0.72041466,-4273.7319
1,4,0.17183636,2,4,0.9312233,3,4,0.077632634,-4297.4409,23.613846,-0.79001215,-4273.0371
1,4,0.16761013,2,4,0.99287148,3,4,0.081262945,-4297.6329,24.834891,-1.053302,-4271.7448
1,4,0.19407587,2,4,0.89700073,3,4,0.039616352,-4298.1536,22.613859,-1.2971338,-4274.2426
1,4,0.16401769,2,4,0.99818176,3,4,0.061160721,-4297.1563,24.467203,-0.47379645,-4272.2153
1,4,0.16722451,2,4,0.94571994,3,4,0.074013875,-4296.977,23.739167,-0.3006512,-4272.9372
1,4,0.16566002,2,4,0.90661385,3,4,0.083566641,-4297.956,23.11681,-1.2775365,-4273.5617
1,4,0.19047505,2,4,0.92606468,3,4,0.045858299,-4297.2171,23.247961,-0.49786509,-4273.4713
1,4,0.15666279,2,4,0.93282862,3,4,0.0608532,-4297.593,23.006892,-0.85256678,-4273.7335
1,4,0.17725079,2,4,0.87089976,3,4,0.077885448,-4299.0258,22.52072,-2.2509198,-4274.2542
1,4,0.16107502,2,4,0.89575908,3,4,0.053306373,-4298.5136,22.202809,-1.6919968,-4274.6188
1,4,0.16031571,2,4,0.96106636,3,4,0.066194405,-4296.9605,23.751529,-0.26470099,-4272.9443
1,4,0.17458026,2,4,0.97717133,3,4,0.063579757,-4296.7629,24.306627,-0.080566885,-4272.3757
1,4,0.1857226,2,4,0.88441507,3,4,0.06905651,-4298.4999,22.783883,-1.7749215,-4273.9411
1,4,0.14265208,2,4,0.94472366,3,4,0.084340976,-4297.7684,23.434334,-1.0176245,-4273.3165
1,4,0.16329965,2,4,0.91059273,3,4,0.07889661,-4297.5032,23.05578,-0.79155816,-4273.6558
1,4,0.18586027,2,4,0.88287329,3,4,0.048534436,-4298.1021,22.34536,-1.2637843,-4274.4929
1,4,0.153572,2,4,1.0497051,3,4,0.07462543,-4298.3965,25.558051,-1.9063132,-4270.9322
1,4,0.18669045,2,4,1.0060582,3,4,0.063123273,-4297.4438,25.117439,-0.79893116,-4271.5275
1,4,0.14231241,2,4,0.89383394,3,4,0.072568712,-4298.8595,22.174301,-1.9318153,-4274.7534
1,4,0.19759768,2,4,0.92154359,3,4,0.058267181,-4297.9008,23.548169,-1.2675825,-4273.0851
1,4,0.1685515,2,4,0.91867657,3,4,0.081718034,-4297.7475,23.378922,-1.0969292,-4273.2717
1,4,0.1894433,2,4,0.90826297,3,4,0.039394518,-4297.9093,22.742016,-1.084461,-4274.0829
1,4,0.19646922,2,4,0.96177828,3,4,0.049422387,-4297.1022,24.153398,-0.43876663,-4272.51
1,4,0.19479944,2,4,0.98980276,3,4,0.046708673,-4297.0661,24.626218,-0.40477352,-4272.0351
1,4,0.16081114,2,4,0.89532459,3,4,0.078411189,-4297.7541,22.690938,-0.99070922,-4274.0724
1,4,0.21669531,2,4,0.94943299,3,4,0.047114583,-4298.7503,24.264858,-2.2954435,-4272.19
1,4,0.18369803,2,4,0.9977143,3,4,0.067108485,-4297.4314,24.970416,-0.78825315,-4271.6728
1,4,0.19943513,2,4,0.93715194,3,4,0.05484924,-4297.6529,23.828726,-1.0228608,-4272.8013
1,4,0.16390011,2,4,0.89959255,3,4,0.050916387,-4298.4149,22.288181,-1.6007387,-4274.526
1,4,0.18206132,2,4,1.004951,3,4,0.058642808,-4297.0355,24.913103,-0.36781462,-4271.7546
1,4,0.18672139,2,4,0.99617856,3,4,0.085236863,-4299.8012,25.362736,-3.5644122,-4270.874
1,4,0.183751,2,4,1.0460614,3,4,0.070237056,-4298.5694,26.00099,-2.072011,-4270.4964
1,4,0.14889462,2,4,1.0218129,3,4,0.0716567,-4298.1354,24.847284,-1.4793704,-4271.8087
1,4,0.17509477,2,4,0.91622292,3,4,0.059853824,-4297.0431,23.02343,-0.33869519,-4273.681
1,4,0.20293408,2,4,1.0349715,3,4,0.016983957,-4299.5199,25.09779,-2.7403313,-4271.6818
1,4,0.15460593,2,4,0.88174716,3,4,0.090930854,-4298.7707,22.545679,-1.969328,-4274.2557
1,4,0.1888266,2,4,0.95513851,3,4,0.042008302,-4297.082,23.719468,-0.37076434,-4272.9918
1,4,0.13623532,2,4,1.0783019,3,4,0.061717886,-4302.3778,25.525102,-5.5323228,-4271.3204
1,4,0.14019927,2,4,0.96085542,3,4,0.056788511,-4300.4317,23.156864,-3.2558896,-4274.019
1,4,0.18581691,2,4,0.9540891,3,4,0.024189278,-4299.5532,23.281906,-2.3918522,-4273.8794
1,4,0.14170643,2,4,0.96901553,3,4,0.067025169,-4298.6934,23.554942,-1.803793,-4273.3346
1,4,0.16085713,2,4,0.97704873,3,4,0.070692429,-4296.953,24.171966,-0.27260517,-4272.5084
1,4,0.15372723,2,4,1.0008634,3,4,0.076013771,-4297.4419,24.612088,-0.79474473,-4272.035
1,4,0.18736112,2,4,0.92287436,3,4,0.064083616,-4297.4792,23.486382,-0.81340294,-4273.1794
1,4,0.15230836,2,4,0.98576622,3,4,0.065756978,-4297.6377,24.076631,-0.90379811,-4272.6573
1,4,0.18665815,2,4,0.86429915,3,4,0.033135965,-4300.2412,21.681865,-2.9640055,-4275.5953
1,4,0.18183345,2,4,1.0001293,3,4,0.068917333,-4297.4813,25.017602,-0.84507831,-4271.6186
1,4,0.17246095,2,4,1.0428414,3,4,0.074384157,-4298.1959,25.79373,-1.6885279,-4270.7136
1,4,0.19237172,2,4,1.0063397,3,4,0.049776181,-4297.1721,24.969751,-0.52043331,-4271.6819
1,4,0.16966994,2,4,0.90679888,3,4,0.080609424,-4297.8944,23.141565,-1.2175739,-4273.5353
1,4,0.16709185,2,4,1.0427492,3,4,0.057043522,-4297.9259,25.337691,-1.3295199,-4271.2587
1,4,0.17383781,2,4,0.98372008,3,4,0.046426382,-4297.3463,24.079685,-0.62818429,-4272.6384
1,4,0.21322987,2,4,1.0005233,3,4,0.049947602,-4298.6752,25.274016,-2.2183803,-4271.1828
1,4,0.13292255,2,4,1.0511344,3,4,0.085118296,-4299.852,25.383505,-3.3637991,-4271.1047
1,4,0.12493238,2,4,0.86265064,3,4,0.091276245,-4301.0441,21.577185,-3.5814025,-4275.8855
1,4,0.16779419,2,4,0.90015746,3,4,0.065510164,-4297.3715,22.669236,-0.63460773,-4274.0676
1,4,0.17390311,2,4,1.0232009,3,4,0.067007911,-4297.4145,25.282239,-0.79023459,-4271.342
1,4,0.17057088,2,4,1.0992877,3,4,0.052051387,-4299.6037,26.4382,-3.3547331,-4269.8108
1,4,0.18885003,2,4,1.0112075,3,4,0.034188103,-4297.846,24.684913,-1.138542,-4272.0226
1,4,0.18616153,2,4,0.95220885,3,4,0.056433141,-4296.8473,23.896071,-0.16648558,-4272.7847
1,4,0.19577037,2,4,1.0250053,3,4,0.062283473,-4298.3604,25.661183,-1.8069504,-4270.8923
1,4,0.22319606,2,4,0.86444736,3,4,0.019904345,-4301.7602,22.150955,-4.2345571,-4275.3747
1,4,0.19390764,2,4,0.89344903,3,4,0.055839237,-4298.0759,22.863918,-1.3382677,-4273.8737
1,4,0.16817702,2,4,0.96289832,3,4,0.085320639,-4297.8299,24.32792,-1.2761159,-4272.2259
1,4,0.18183428,2,4,0.87313949,3,4,0.074778473,-4299.0165,22.595045,-2.2639198,-4274.1575
1,4,0.17746052,2,4,1.0122025,3,4,0.055359618,-4297.0765,24.900453,-0.41586546,-4271.7602
1,4,0.18314877,2,4,0.91726593,3,4,0.068931612,-4297.6052,23.386926,-0.93966196,-4273.2786
1,4,0.18298851,2,4,0.99837557,3,4,0.044714204,-4297.146,24.521566,-0.46351289,-4272.161
1,4,0.18157696,2,4,1.0447825,3,4,0.055066489,-4297.6869,25.62852,-1.1075652,-4270.9508
1,4,0.14229775,2,4,0.975681,3,4,0.094183521,-4298.0918,24.243245,-1.519114,-4272.3294
1,4,0.20497652,2,4,1.0236889,3,4,0.021122297,-4298.7256,24.995754,-2.0257482,-4271.7041
1,4,0.19172867,2,4,0.87916398,3,4,0.057707687,-4298.4266,22.572007,-1.6330046,-4274.2216
1,4,0.21263551,2,4,0.90809278,3,4,0.023213741,-4299.3467,22.878841,-2.2814023,-4274.1865
1,4,0.18481471,2,4,1.0265247,3,4,0.056022959,-4297.3782,25.347247,-0.74700932,-4271.284
1,4,0.1661189,2,4,1.0152429,3,4,0.080441357,-4297.8289,25.236063,-1.2812618,-4271.3116
1,4,0.17382959,2,4,0.95321475,3,4,0.067958463,-4296.8369,23.900056,-0.15708052,-4272.7798
1,4,0.13638574,2,4,0.9163339,3,4,0.082108497,-4298.5983,22.696563,-1.6810957,-4274.2207
1,4,0.16245816,2,4,0.93519543,3,4,0.063533371,-4297.0357,23.223739,-0.33603998,-4273.4759
1,4,0.21575537,2,4,0.92401954,3,4,0.016986329,-4299.6665,23.135225,-2.5087661,-4274.0226
1,4,0.17992256,2,4,0.90014322,3,4,0.069933628,-4297.7873,22.999988,-1.080418,-4273.7069
1,4,0.17482317,2,4,1.0528949,3,4,0.042601032,-4298.6502,25.406382,-2.046704,-4271.1971
1,4,0.17776581,2,4,0.96501509,3,4,0.074282418,-4297.3943,24.341266,-0.76336795,-4272.2897
1,4,0.17088927,2,4,0.96599015,3,4,0.060333938,-4296.7283,23.944267,-0.043324444,-4272.7407
1,4,0.17144943,2,4,1.0121752,3,4,0.056094405,-4297.1931,24.794381,-0.52890587,-4271.8698
1,4,0.17622537,2,4,0.9179432,3,4,0.062620532,-4297.0375,23.135782,-0.33619939,-4273.5655
1,4,0.14178679,2,4,0.90011827,3,4,0.096063002,-4298.7067,22.759361,-1.8985701,-4274.0488
1,4,0.18514791,2,4,0.99115939,3,4,0.069828946,-4297.6788,24.922725,-1.0624921,-4271.6936
1,4,0.16032008,2,4,0.98093651,3,4,0.093579131,-4298.3579,24.696714,-1.9355279,-4271.7257
1,4,0.13847476,2,4,0.91553659,3,4,0.099852649,-4298.7484,23.07728,-2.0123887,-4273.6588
1,4,0.19707938,2,4,0.99694112,3,4,0.039722576,-4297.2456,24.674861,-0.58844698,-4271.9823
1,4,0.15008794,2,4,0.91137655,3,4,0.066467263,-4298.0878,22.558635,-1.2877461,-4274.2414
1,4,0.21502227,2,4,0.99505005,3,4,0.037994515,-4298.0914,24.961337,-1.5683183,-4271.5618
1,4,0.19301956,2,4,0.99567807,3,4,0.054442381,-4297.2196,24.8628,-0.56410546,-4271.7926
1,4,0.21039264,2,4,0.95056685,3,4,0.03509924,-4297.8097,23.921175,-1.1434906,-4272.745
1,4,0.14387272,2,4,0.96884782,3,4,0.099810466,-4298.4178,24.25062,-1.9487299,-4272.2184
1,4,0.19119864,2,4,0.89461995,3,4,0.046987331,-4297.8671,22.656118,-1.0726255,-4274.1383
1,4,0.16663668,2,4,0.97221108,3,4,0.074898097,-4297.0194,24.274917,-0.35859509,-4272.3859
1,4,0.1385388,2,4,0.88295515,3,4,0.095550149,-4299.1995,22.340882,-2.2407715,-4274.6178
1,4,0.1748058,2,4,0.90078114,3,4,0.063355913,-4297.3466,22.778857,-0.6149636,-4273.9528
1,4,0.162299,2,4,0.98968643,3,4,0.076763304,-4297.1864,24.574975,-0.5448321,-4272.0666
1,4,0.20967471,2,4,0.92733587,3,4,0.051046597,-4298.4847,23.761144,-1.9324657,-4272.7911
1,4,0.17436085,2,4,0.90656404,3,4,0.060205364,-4297.2167,22.822605,-0.49655867,-4273.8976
1,4,0.18754021,2,4,0.97418239,3,4,0.056413968,-4296.8942,24.362731,-0.21729394,-4272.3142
1,4,0.19842515,2,4,1.0133097,3,4,0.029216485,-4297.9808,24.819027,-1.2972377,-4271.8645
1,4,0.17915612,2,4,0.92753719,3,4,0.069942915,-4297.3059,23.532724,-0.6362652,-4273.1369
1,4,0.15974144,2,4,0.95103557,3,4,0.076862253,-4297.0328,23.752785,-0.35287948,-4272.9272
1,4,0.19605336,2,4,0.95685121,3,4,0.042445539,-4297.0982,23.907002,-0.40891594,-4272.7823
1,4,0.18556959,2,4,0.97904547,3,4,0.036564604,-4297.5679,24.023593,-0.81446604,-4272.7299
1,4,0.15852591,2,4,0.93980752,3,4,0.082629639,-4297.3256,23.619261,-0.65945684,-4273.0469
1,4,0.16925119,2,4,0.94978374,3,4,0.054114396,-4297.0385,23.462987,-0.34021291,-4273.2353
1,4,0.15870859,2,4,1.0301535,3,4,0.070850609,-4297.7375,25.194254,-1.1443901,-4271.3989
1,4,0.13996735,2,4,0.9425906,3,4,0.081918063,-4298.0011,23.28952,-1.1982305,-4273.5133
1,4,0.19460986,2,4,0.89927854,3,4,0.059270368,-4298.1436,23.063175,-1.4523386,-4273.6281
1,4,0.18272656,2,4,0.95860735,3,4,0.087603075,-4299.4174,24.57874,-3.1302545,-4271.7084
1,4,0.14356867,2,4,0.93014486,3,4,0.0843692,-4297.8095,23.161655,-1.0395963,-4273.6083
1,4,0.20925275,2,4,1.007846,3,4,0.028681208,-4297.9486,24.915599,-1.3380287,-4271.695
1,4,0.17336565,2,4,0.95707674,3,4,0.04928284,-4297.1129,23.594505,-0.40577269,-4273.1127
1,4,0.16212639,2,4,0.98065062,3,4,0.069729,-4296.9403,24.25012,-0.26164482,-4272.4286
1,4,0.14862291,2,4,1.0073282,3,4,0.093526003,-4298.3216,24.989543,-1.8933898,-4271.4386
1,4,0.12462577,2,4,0.93387512,3,4,0.091970943,-4299.4754,23.009437,-2.4322632,-4274.0337
1,4,0.12609249,2,4,1.0595846,3,4,0.094100156,-4300.5997,25.595545,-4.3033026,-4270.7008
1,4,0.16927227,2,4,0.89856085,3,4,0.066392424,-4297.3982,22.684511,-0.65828327,-4274.0554
1,4,0.20415069,2,4,0.97783579,3,4,0.052369439,-4297.7875,24.687118,-1.1993734,-4271.901
1,4,0.18897481,2,4,1.0014342,3,4,0.05598467,-4297.1439,24.927875,-0.48159151,-4271.7344
1,4,0.15435135,2,4,0.93363757,3,4,0.097263905,-4298.4545,23.705056,-1.9417804,-4272.8077
1,4,0.17469197,2,4,0.88164031,3,4,0.028121405,-4301.8097,21.689074,-4.2394769,-4275.8811
1,4,0.18201432,2,4,0.9881347,3,4,0.068087274,-4297.3032,24.764726,-0.65222617,-4271.8862
1,4,0.19763972,2,4,0.97013979,3,4,0.045093267,-4297.0929,24.257456,-0.42701337,-4272.4084
1,4,0.17345474,2,4,0.88122806,3,4,0.067789149,-4297.9162,22.449439,-1.1226561,-4274.3441
1,4,0.18544668,2,4,0.99613409,3,4,0.052368162,-4296.9158,24.678979,-0.24264872,-4271.9942
1,4,0.15574409,2,4,1.0293208,3,4,0.077174166,-4297.8769,25.244781,-1.3227576,-4271.3094
1,4,0.17709032,2,4,0.95571344,3,4,0.061038464,-4296.7096,23.876844,-0.025337207,-4272.8074
1,4,0.19807898,2,4,0.99293794,3,4,0.034946797,-4297.4194,24.519274,-0.73904791,-4272.1611
1,4,0.16872869,2,4,0.92387528,3,4,0.08083128,-4297.6193,23.468705,-0.96951944,-4273.1811
1,4,0.19792453,2,4,0.93870791,3,4,0.018285762,-4299.8256,23.098364,-2.5303326,-4274.1969
1,4,0.16255322,2,4,0.98968239,3,4,0.082998595,-4297.5529,24.704684,-0.96932214,-4271.8789
1,4,0.20487916,2,4,1.0160997,3,4,0.065905862,-4299.6306,25.737695,-3.274917,-4270.618
1,4,0.19178286,2,4,0.9391039,3,4,0.060390858,-4297.3826,23.825552,-0.73125241,-4272.8258
1,4,0.14319882,2,4,0.94885956,3,4,0.05957516,-4299.4013,23.032671,-2.4082292,-4273.9604
1,4,0.17510006,2,4,0.92920753,3,4,0.047700292,-4297.3625,23.040158,-0.63484191,-4273.6875
1,4,0.16173015,2,4,1.034807,3,4,0.07117461,-4297.7559,25.354235,-1.1841382,-4271.2175
1,4,0.15795984,2,4,1.034882,3,4,0.055410691,-4298.6018,24.96505,-1.9061488,-4271.7306
1,4,0.1977805,2,4,0.91268286,3,4,0.065158709,-4298.629,23.512441,-2.0664357,-4273.0501
1,4,0.17006399,2,4,0.90759632,3,4,0.06951461,-4297.2747,22.943499,-0.55595899,-4273.7752
1,4,0.20020619,2,4,0.97081242,3,4,0.066673848,-4298.686,24.753849,-2.2133797,-4271.7188
1,4,0.22335852,2,4,0.96896365,3,4,0.041029863,-4299.0149,24.667041,-2.6414906,-4271.7063
1,4,0.21779018,2,4,0.96444438,3,4,0.058733156,-4300.0725,24.819354,-3.8841109,-4271.3691
1,4,0.18812585,2,4,0.91541523,3,4,0.034073202,-4298.3339,22.752286,-1.4277258,-4274.1539
1,4,0.17595656,2,4,1.0046758,3,4,0.061503289,-4296.9931,24.842714,-0.32535388,-4271.8251
1,4,0.16131709,2,4,0.89625875,3,4,0.079727722,-4297.7951,22.746071,-1.0399735,-4274.009
1,4,0.20811421,2,4,1.0332976,3,4,0.036265409,-4298.0719,25.553545,-1.5593336,-4270.959
1,4,0.16891164,2,4,0.92430117,3,4,0.048180721,-4297.7983,22.827871,-1.0380633,-4273.9324
1,4,0.17661931,2,4,1.0135214,3,4,0.052258568,-4297.1768,24.847986,-0.51568558,-4271.8131
1,4,0.19673233,2,4,1.0814608,3,4,0.047437662,-4298.901,26.512615,-2.5545894,-4269.8338
1,4,0.16561697,2,4,0.87969681,3,4,0.061794852,-4298.0363,22.142173,-1.2266422,-4274.6674
1,4,0.19969268,2,4,0.97492806,3,4,0.044262065,-4297.1778,24.377656,-0.52169611,-4272.2785
1,4,0.21326448,2,4,0.90232659,3,4,0.041097481,-4298.8756,23.133771,-2.1777924,-4273.564
1,4,0.15859854,2,4,1.0216681,3,4,0.079586519,-4297.768,25.197062,-1.2144773,-4271.3564
1,4,0.12200695,2,4,0.86067463,3,4,0.11370452,-4301.8239,21.927722,-4.4692274,-4275.4269
1,4,0.1601927,2,4,0.94702471,3,4,0.050153554,-4298.2149,23.147419,-1.4047608,-4273.6627
1,4,0.16156524,2,4,1.0103227,3,4,0.070501897,-4297.2939,24.847797,-0.6517543,-4271.7944
1,4,0.19106963,2,4,0.92852525,3,4,0.03670874,-4297.699,23.126072,-0.89938795,-4273.6736
1,4,0.13713577,2,4,0.93491237,3,4,0.11278772,-4299.6954,23.696717,-3.3476216,-4272.651
1,4,0.14656066,2,4,0.99677561,3,4,0.10191619,-4298.8724,24.905049,-2.5974699,-4271.3699
1,4,0.16619586,2,4,1.000729,3,4,0.068769653,-4297.0646,24.71389,-0.40449667,-4271.9462
1,4,0.20583472,2,4,0.91429095,3,4,0.059296256,-4298.9411,23.588438,-2.4244513,-4272.9282
1,4,0.16608196,2,4,0.87159145,3,4,0.079972345,-4298.5854,22.352915,-1.74816,-4274.4843
1,4,0.18631596,2,4,0.92006332,3,4,0.03272699,-4298.5187,22.782126,-1.5799308,-4274.1567
1,4,0.21847259,2,4,1.0143711,3,4,0.038245413,-4298.5735,25.421782,-2.1418464,-4271.0099
1,4,0.17037672,2,4,0.97765167,3,4,0.082579196,-4297.7559,24.612152,-1.1903245,-4271.9535
1,4,0.11651376,2,4,0.8504976,3,4,0.10686938,-4302.4843,21.477615,-4.6800226,-4276.3267
1,4,0.13893391,2,4,0.87013047,3,4,0.085322946,-4299.3829,21.887746,-2.3078767,-4275.1872
1,4,0.19994169,2,4,1.033747,3,4,0.043271032,-4297.7802,25.539194,-1.2147326,-4271.0263
1,4,0.19611725,2,4,1.0618179,3,4,0.05534391,-4298.679,26.26558,-2.2159026,-4270.1975
1,4,0.1858781,2,4,1.0155178,3,4,0.036446736,-4297.8289,24.756853,-1.1335043,-4271.9385
1,4,0.15735608,2,4,0.82534241,3,4,0.065302035,-4300.6612,20.96001,-3.3665371,-4276.3346
1,4,0.21529054,2,4,1.0576664,3,4,0.041785159,-4299.2516,26.294842,-2.934335,-4270.0224
1,4,0.20142979,2,4,0.94049278,3,4,0.056808429,-4297.9271,23.97462,-1.3352294,-4272.6172
1,4,0.17306382,2,4,1.0055587,3,4,0.047627515,-4297.4864,24.525,-0.7887014,-4272.1727
1,4,0.15807588,2,4,0.97746505,3,4,0.072660369,-4297.0439,24.164026,-0.36371852,-4272.5162
1,4,0.14114182,2,4,0.92105985,3,4,0.077914141,-4298.2026,22.802316,-1.3537121,-4274.0466
1,4,0.14587006,2,4,0.90381879,3,4,0.086777668,-4298.1108,22.72933,-1.3012839,-4274.0802
1,4,0.15178545,2,4,1.0009417,3,4,0.06470161,-4297.9133,24.348575,-1.1800664,-4272.3847
1,4,0.18036954,2,4,0.97035609,3,4,0.0708642,-4297.2965,24.431797,-0.65123589,-4272.2134
1,4,0.16822967,2,4,1.011791,3,4,0.069542765,-4297.2371,24.991269,-0.59722371,-4271.6486
1,4,0.18120438,2,4,0.89239256,3,4,0.071479171,-4298.1509,22.901522,-1.4402043,-4273.8092
1,4,0.15087458,2,4,1.0873267,3,4,0.061025587,-4300.3275,25.984537,-3.9112562,-4270.4317
1,4,0.15690402,2,4,1.0452987,3,4,0.068694728,-4298.1777,25.417949,-1.6250177,-4271.1347
1,4,0.15845113,2,4,0.87696596,3,4,0.078490955,-4298.248,22.278161,-1.3985543,-4274.5713
1,4,0.19745949,2,4,0.95611559,3,4,0.049765501,-4297.1785,24.066812,-0.51868854,-4272.593
1,4,0.18900544,2,4,0.90971679,3,4,0.048097222,-4297.4334,22.936389,-0.69168924,-4273.8053
1,4,0.17369495,2,4,0.9393169,3,4,0.062867774,-4296.7772,23.517592,-0.090349238,-4273.1692
1,4,0.12675416,2,4,0.93945791,3,4,0.12426757,-4300.9424,23.809593,-4.8516526,-4272.2812
1,4,0.22899465,2,4,0.94597468,3,4,0.014908869,-4299.7223,23.797564,-2.8770746,-4273.0477
1,4,0.17902571,2,4,0.89571115,3,4,0.060307247,-4297.4966,22.700882,-0.75053713,-4274.0452
1,4,0.17505213,2,4,0.98504997,3,4,0.055062507,-4296.8262,24.303292,-0.1429722,-4272.3799
1,4,0.21200276,2,4,1.0287386,3,4,0.016176571,-4299.1647,25.138358,-2.490835,-4271.5355
1,4,0.14899863,2,4,0.86652031,3,4,0.071703844,-4299.0536,21.744456,-2.0855876,-4275.2235
1,4,0.15183465,2,4,0.94325553,3,4,0.080753742,-4297.3064,23.516878,-0.6037951,-4273.1857
1,4,0.13593256,2,4,0.87604238,3,4,0.086177479,-4299.4441,21.963048,-2.3564473,-4275.1246
1,4,0.19825593,2,4,0.98445184,3,4,0.041568191,-4297.1612,24.485519,-0.49937308,-4272.1763
1,4,0.15514051,2,4,1.0411415,3,4,0.046470422,-4300.337,24.855049,-3.4233921,-4272.0585
1,4,0.16564315,2,4,0.76412209,3,4,0.066346688,-4304.8744,19.922239,-6.3128368,-4278.6393
1,4,0.19302653,2,4,1.0299318,3,4,0.051122849,-4297.5883,25.481623,-0.98157479,-4271.1251
1,4,0.22934093,2,4,1.0299672,3,4,0.032296097,-4299.5735,25.832085,-3.3779896,-4270.3634
1,4,0.15796392,2,4,0.91474712,3,4,0.080173899,-4297.4612,23.057699,-0.74067602,-4273.6628
1,4,0.18957979,2,4,0.84048744,3,4,0.046026072,-4300.0509,21.521866,-2.8344729,-4275.6945
1,4,0.19400059,2,4,1.0243323,3,4,0.076461251,-4299.8464,25.895882,-3.5395818,-4270.411
1,4,0.1732633,2,4,0.93051163,3,4,0.058100624,-4296.8876,23.237511,-0.19610364,-4273.454
1,4,0.1863463,2,4,0.86351574,3,4,0.073689483,-4299.6365,22.47103,-2.8661781,-4274.2993
1,4,0.15368881,2,4,0.95408051,3,4,0.077294301,-4297.1615,23.701272,-0.46537253,-4272.9948
1,4,0.18044455,2,4,1.0171715,3,4,0.053870169,-4297.1478,25.029724,-0.49559624,-4271.6224
1,4,0.16709662,2,4,0.94722931,3,4,0.077283131,-4297.1399,23.832181,-0.4790076,-4272.8287
1,4,0.18284361,2,4,0.94212061,3,4,0.075441196,-4297.9037,24.008108,-1.3196844,-4272.5759
1,4,0.16657539,2,4,0.95114682,3,4,0.091276931,-4298.3781,24.179983,-1.9129546,-4272.2852
1,4,0.15226754,2,4,1.0148631,3,4,0.066085487,-4297.9845,24.664323,-1.2899019,-4272.0303
1,4,0.14768539,2,4,0.96438093,3,4,0.072933867,-4297.5781,23.700004,-0.83293609,-4273.0451
1,4,0.15593264,2,4,0.85514013,3,4,0.050392713,-4300.935,21.22931,-3.7631514,-4275.9425
1,4,0.21232089,2,4,0.93909909,3,4,0.048865416,-4298.474,24.005708,-1.9508692,-4272.5174
1,4,0.18961965,2,4,1.0836536,3,4,0.047147912,-4298.7764,26.408424,-2.4249049,-4269.9431
1,4,0.19215492,2,4,0.97108995,3,4,0.040469791,-4297.0929,24.074293,-0.39470386,-4272.6239
1,4,0.18910092,2,4,0.90040615,3,4,0.061410748,-4297.8425,23.018356,-1.1345099,-4273.6896
1,4,0.19163915,2,4,0.8660255,3,4,0.045818333,-4298.8883,22.06966,-1.9201476,-4274.8984
1,4,0.15729495,2,4,0.97252951,3,4,0.042796693,-4299.8218,23.452423,-2.7574087,-4273.6119
1,4,0.18924936,2,4,0.9662945,3,4,0.045172237,-4296.9137,24.014322,-0.22439732,-4272.6749
1,4,0.18639058,2,4,0.82626697,3,4,0.047487512,-4300.7597,21.202901,-3.3756006,-4276.1812
1,4,0.17382677,2,4,1.0378186,3,4,0.068226202,-4297.7641,25.597431,-1.1889842,-4270.9777
1,4,0.19099245,2,4,0.96569417,3,4,0.046350032,-4296.9041,24.060733,-0.22040289,-4272.6229
1,4,0.19379612,2,4,1.0112819,3,4,0.042690655,-4297.2762,24.955373,-0.63412446,-4271.6867
1,4,0.18547887,2,4,1.0120423,3,4,0.045207167,-4297.2227,24.854566,-0.56449428,-4271.8037
1,4,0.17635951,2,4,0.98423827,3,4,0.044332901,-4297.3711,24.098614,-0.64991119,-4272.6226
1,4,0.18701592,2,4,0.94823569,3,4,0.053111666,-4296.8451,23.767266,-0.16092633,-4272.9169
1,4,0.16997994,2,4,0.99164411,3,4,0.047572085,-4297.5765,24.183923,-0.84742394,-4272.5451
1,4,0.18995751,2,4,0.98533201,3,4,0.067708646,-4297.8215,24.859963,-1.2199932,-4271.7416
1,4,0.16069479,2,4,0.94123026,3,4,0.096859688,-4298.6919,23.975695,-2.271436,-4272.4448
1,4,0.1710304,2,4,0.95844983,3,4,0.068487301,-4296.7983,23.959351,-0.11753309,-4272.7214
1,4,0.16364253,2,4,1.0148527,3,4,0.070785161,-4297.3345,24.985609,-0.70440391,-4271.6445
1,4,0.20503723,2,4,0.98995459,3,4,0.033386835,-4297.5547,24.567573,-0.90132558,-4272.0858
1,4,0.15468398,2,4,0.88643823,3,4,0.085814462,-4298.3054,22.538733,-1.4948198,-4274.2719
1,4,0.18495308,2,4,0.9395235,3,4,0.040631464,-4297.3926,23.302161,-0.64182908,-4273.4486
1,4,0.15654081,2,4,0.9739164,3,4,0.077237139,-4297.1257,24.153887,-0.45695093,-4272.5148
1,4,0.19366123,2,4,0.92321118,3,4,0.061264322,-4297.752,23.562735,-1.1103315,-4273.079
1,4,0.17574547,2,4,0.87657387,3,4,0.045236853,-4298.8168,21.951124,-1.8951897,-4274.9704
1,4,0.21150432,2,4,1.0658479,3,4,0.046327524,-4299.4126,26.473594,-3.0979643,-4269.8411
1,4,0.18837018,2,4,1.0119694,3,4,0.054063927,-4297.198,25.08807,-0.54498337,-4271.565
1,4,0.18991444,2,4,1.0520481,3,4,0.052762587,-4297.9917,25.894502,-1.4512767,-4270.6459
1,4,0.17705265,2,4,0.87025834,3,4,0.044315493,-4299.0758,21.83253,-2.1024123,-4275.1408
1,4,0.24729724,2,4,1.0780997,3,4,0.034047757,-4303.2598,27.188894,-8.0438121,-4268.0271
1,4,0.18983445,2,4,0.92710299,3,4,0.051489621,-4297.1199,23.368541,-0.42253762,-4273.3288
1,4,0.14791444,2,4,0.93791495,3,4,0.076442477,-4297.5195,23.245437,-0.76900511,-4273.5051
1,4,0.20303557,2,4,0.91955394,3,4,0.039918519,-4297.8166,23.250161,-1.0769903,-4273.4894
1,4,0.17919533,2,4,0.97791957,3,4,0.06248718,-4296.8234,24.392042,-0.14225319,-4272.2891
1,4,0.17824284,2,4,1.0050897,3,4,0.072824004,-4297.6398,25.123132,-1.0281806,-4271.4885
1,4,0.17442698,2,4,1.0440094,3,4,0.067804851,-4297.9022,25.724825,-1.3487433,-4270.8286
1,4,0.17815714,2,4,0.93878111,3,4,0.067075701,-4296.999,23.680279,-0.32092484,-4272.9977
1,4,0.17857652,2,4,0.96437698,3,4,0.052293447,-4296.7665,23.904939,-0.079788273,-4272.7818
1,4,0.17404008,2,4,0.86689742,3,4,0.054926046,-4298.5048,21.917271,-1.6154135,-4274.9721
1,4,0.16629767,2,4,0.99433776,3,4,0.047886686,-4297.8977,24.170442,-1.1407327,-4272.5865
1,4,0.1154476,2,4,1.0037325,3,4,0.11624605,-4300.8378,24.708522,-4.6068187,-4271.5224
1,4,0.18925368,2,4,1.0084122,3,4,0.022944556,-4299.3681,24.412208,-2.3978813,-4272.558
1,4,0.22861393,2,4,0.88840364,3,4,0.02295607,-4300.7873,22.799473,-3.7864873,-4274.2014
1,4,0.17851396,2,4,1.0245773,3,4,0.075186043,-4298.1906,25.565547,-1.6510347,-4270.974
1,4,0.1985065,2,4,0.97866343,3,4,0.047884191,-4297.1853,24.501082,-0.53395212,-4272.1502
1,4,0.14281554,2,4,0.96027215,3,4,0.10177495,-4298.5587,24.097253,-2.0934047,-4272.3681
1,4,0.17568915,2,4,0.90517241,3,4,0.057863783,-4297.2676,22.774507,-0.54273349,-4273.9503
1,4,0.16908207,2,4,0.93433239,3,4,0.10266891,-4300.3277,24.121667,-4.2742981,-4271.9317
1,4,0.17520801,2,4,1.050865,3,4,0.067276965,-4298.0661,25.866999,-1.5400996,-4270.659
1,4,0.19004022,2,4,0.96938072,3,4,0.042765024,-4296.9981,24.043719,-0.30382645,-4272.6505
1,4,0.18121712,2,4,0.96044062,3,4,0.076933163,-4297.886,24.371818,-1.3135681,-4272.2006
1,4,0.16441495,2,4,0.99502098,3,4,0.064482572,-4297.0251,24.47837,-0.34829652,-4272.1984
1,4,0.15343548,2,4,1.0681231,3,4,0.045257535,-4301.5407,25.336322,-4.652705,-4271.5517
1,4,0.15586242,2,4,1.0912974,3,4,0.069729492,-4299.5686,26.337786,-3.3402711,-4269.8906
1,4,0.18105793,2,4,0.969076,3,4,0.072635736,-4297.4808,24.455393,-0.85509125,-4272.1703
1,4,0.19852334,2,4,0.93722311,3,4,0.051915533,-4297.4432,23.75324,-0.78869945,-4272.9013
1,4,0.17267806,2,4,0.91491177,3,4,0.040629907,-4298.5815,22.564395,-1.7028185,-4274.3143
1,4,0.18433139,2,4,0.95607371,3,4,0.051487395,-4296.7726,23.83785,-0.086541689,-4272.8482
1,4,0.17157976,2,4,0.95984229,3,4,0.064797222,-4296.7191,23.924386,-0.035162396,-4272.7596
1,4,0.16642619,2,4,0.9560815,3,4,0.076048203,-4297.0383,23.971118,-0.37396564,-4272.6932
1,4,0.14686629,2,4,0.93069518,3,4,0.082365857,-4297.6116,23.198547,-0.86359478,-4273.5495
1,4,0.15988258,2,4,1.0608965,3,4,0.11395721,-4302.854,26.694726,-7.8812959,-4268.278
1,4,0.16980967,2,4,0.93514901,3,4,0.075897658,-4297.2043,23.617127,-0.53629586,-4273.0508
1,4,0.17831982,2,4,0.96774944,3,4,0.061987317,-4296.7502,24.161132,-0.066926919,-4272.5221
1,4,0.14434355,2,4,1.0438013,3,4,0.080255665,-4298.7495,25.368009,-2.2519179,-4271.1296
1,4,0.20292797,2,4,1.0694985,3,4,0.049384934,-4298.9981,26.436227,-2.6130587,-4269.9488
1,4,0.15363386,2,4,0.91446781,3,4,0.084723716,-4297.6843,23.056508,-0.95849376,-4273.6693
1,4,0.21930893,2,4,1.0061478,3,4,0.05604518,-4300.2094,25.630038,-4.0208276,-4270.5585
1,4,0.22548619,2,4,0.95881394,3,4,0.033564754,-4298.908,24.357298,-2.4631105,-4272.0876
1,4,0.18500163,2,4,1.0203309,3,4,0.063534437,-4297.5965,25.377339,-0.96961811,-4271.2496
1,4,0.18853004,2,4,0.96704997,3,4,0.04844755,-4296.8375,24.080551,-0.1541259,-4272.6028
1,4,0.13526051,2,4,1.0545074,3,4,0.097151008,-4299.7904,25.738378,-3.6532438,-4270.3987
1,4,0.13511266,2,4,0.98575152,3,4,0.088021559,-4298.4275,24.177715,-1.7139055,-4272.5359
1,4,0.19225709,2,4,0.93823719,3,4,0.044235123,-4297.1293,23.494588,-0.42104804,-4273.2136
1,4,0.13449685,2,4,0.97054169,3,4,0.098638023,-4298.5583,24.073531,-1.959184,-4272.5256
1,4,0.18426204,2,4,0.99754686,3,4,0.045991475,-4297.0496,24.556007,-0.37252239,-4272.121
1,4,0.18840465,2,4,0.94452061,3,4,0.053088956,-4296.9075,23.720284,-0.22389239,-4272.9634
1,4,0.16208008,2,4,0.9766305,3,4,0.098338906,-4299.0247,24.74099,-2.7532763,-4271.5304
1,4,0.19779237,2,4,1.0324361,3,4,0.044522909,-4297.6889,25.495028,-1.1087889,-4271.0851
1,4,0.17369044,2,4,1.0254716,3,4,0.066080294,-4297.4197,25.304847,-0.79763015,-4271.3172
1,4,0.19547185,2,4,0.95282014,3,4,0.04699177,-4297.0593,23.905675,-0.38166491,-4272.7719
1,4,0.20930051,2,4,1.043986,3,4,0.0095966711,-4300.4692,25.257663,-3.6225877,-4271.5889
1,4,0.12129601,2,4,0.95166461,3,4,0.083127809,-4300.5226,23.121769,-3.2562998,-4274.1445
1,4,0.16775578,2,4,0.93715705,3,4,0.084763572,-4297.8008,23.793528,-1.2067157,-4272.8006
1,4,0.13497563,2,4,0.92045821,3,4,0.061186779,-4301.0212,22.332412,-3.7475768,-4274.9413
1,4,0.15891935,2,4,0.99077823,3,4,0.096915988,-4298.7578,24.932271,-2.4396513,-4271.3859
1,4,0.17279055,2,4,0.94316135,3,4,0.0580081,-4296.7878,23.4792,-0.10131119,-4273.2073
1,4,0.15479257,2,4,0.91398236,3,4,0.078605164,-4297.4686,22.947602,-0.72863463,-4273.7924
1,4,0.21045174,2,4,0.97800411,3,4,0.056382507,-4298.8045,24.896767,-2.3630928,-4271.5446
1,4,0.16752523,2,4,0.92230438,3,4,0.053142873,-4297.4708,22.85945,-0.74605735,-4273.8653
1,4,0.19228294,2,4,0.96172543,3,4,0.058633318,-4297.2213,24.252834,-0.56691813,-4272.4015
1,4,0.18119822,2,4,0.93720274,3,4,0.054445416,-4296.8344,23.456927,-0.14446289,-4273.233
1,4,0.14663207,2,4,0.88177873,3,4,0.074309674,-4298.6483,22.05441,-1.7390372,-4274.8549
1,4,0.19239471,2,4,0.94661817,3,4,0.055001933,-4297.1091,23.880296,-0.44053832,-4272.7883
1,4,0.21367804,2,4,0.95539189,3,4,0.00095318282,-4302.4187,23.400462,-4.3027217,-4274.7155
1,4,0.14415078,2,4,0.93618734,3,4,0.095477011,-4298.1423,23.516303,-1.4939574,-4273.1321
1,4,0.18429292,2,4,0.96350386,3,4,0.035904648,-4297.726,23.674029,-0.93500208,-4273.117
1,4,0.17352146,2,4,0.97173326,3,4,0.04826041,-4297.1734,23.870303,-0.46318963,-4272.8399
1,4,0.22736822,2,4,0.875598,3,4,0.036441607,-4301.0964,22.788157,-4.3901581,-4273.9181
1,4,0.172827,2,4,0.93098971,3,4,0.074862679,-4297.2895,23.573588,-0.62377794,-4273.0922
1,4,0.19415604,2,4,0.9169653,3,4,0.048666422,-4297.427,23.195755,-0.71222014,-4273.5191
1,4,0.19462977,2,4,0.94473103,3,4,0.039438861,-4297.2716,23.575993,-0.54608273,-4273.1495
1,4,0.194993,2,4,0.90443063,3,4,0.050061941,-4297.7292,22.989711,-0.99480644,-4273.7447
1,4,0.16217487,2,4,0.93903506,3,4,0.056902282,-4297.3777,23.162244,-0.6580622,-4273.5574
1,4,0.17023025,2,4,0.98395036,3,4,0.066638754,-4296.8415,24.416387,-0.16406438,-4272.261
1,4,0.17375308,2,4,1.0490744,3,4,0.029774467,-4300.6075,25.052038,-3.6813988,-4271.874
1,4,0.1455847,2,4,1.0321287,3,4,0.10088429,-4299.3526,25.571955,-3.2321096,-4270.5486
1,4,0.21231132,2,4,1.0810176,3,4,0.026408038,-4299.3965,26.39474,-3.1885621,-4269.8132
1,4,0.20910043,2,4,1.069602,3,4,0.024842266,-4299.1406,26.070895,-2.8022218,-4270.2674
1,4,0.20514028,2,4,1.0864715,3,4,0.045050206,-4299.415,26.73324,-3.1627255,-4269.519
1,4,0.11620063,2,4,0.91244735,3,4,0.10392558,-4300.646,22.651471,-3.4023137,-4274.5922
1,4,0.16768805,2,4,0.93812352,3,4,0.057263999,-4297.0198,23.261511,-0.3243585,-4273.4339
1,4,0.16945716,2,4,1.022199,3,4,0.076425575,-4297.7828,25.361636,-1.2163049,-4271.2049
1,4,0.17636261,2,4,0.95407607,3,4,0.054295162,-4296.7625,23.694677,-0.07607028,-4272.9917
1,4,0.17601291,2,4,1.012458,3,4,0.043018065,-4297.7737,24.62978,-1.0671494,-4272.0768
1,4,0.16256295,2,4,0.86463095,3,4,0.083294382,-4298.9375,22.209766,-2.0500208,-4274.6778
1,4,0.19043988,2,4,1.0197926,3,4,0.026814206,-4298.7312,24.740933,-1.9391919,-4272.0511
1,4,0.15378248,2,4,0.98149475,3,4,0.067181352,-4297.4072,24.049172,-0.69074961,-4272.6673
1,4,0.14156309,2,4,1.1075756,3,4,0.10874659,-4302.3009,27.157706,-7.3422731,-4267.8009
1,4,0.18689871,2,4,1.0593948,3,4,0.072985892,-4299.451,26.385589,-3.0893756,-4269.976
1,4,0.22060722,2,4,0.92960181,3,4,0.024078511,-4299.0064,23.485751,-2.1999534,-4273.3207
1,4,0.20678168,2,4,1.059875,3,4,0.035814941,-4298.5516,26.049433,-2.1451959,-4270.357
1,4,0.17144847,2,4,1.0073618,3,4,0.08523013,-4298.435,25.280808,-1.9802618,-4271.1739
1,4,0.17326863,2,4,0.86184669,3,4,0.081784012,-4299.4282,22.337987,-2.6008472,-4274.4894
1,4,0.17509069,2,4,1.090041,3,4,0.060087095,-4299.0037,26.504376,-2.7046967,-4269.7947
1,4,0.1785214,2,4,1.0401739,3,4,0.066792991,-4297.8907,25.709766,-1.3205947,-4270.8603
1,4,0.17488206,2,4,0.91121014,3,4,0.024431553,-4301.8423,22.210475,-4.2035393,-4275.4283
1,4,0.20940179,2,4,0.94113685,3,4,0.039887522,-4297.8376,23.808523,-1.1904005,-4272.8386
1,4,0.18438696,2,4,0.91630358,3,4,0.042617557,-4297.601,22.866162,-0.82826502,-4273.9066
1,4,0.14874611,2,4,0.95391839,3,4,0.069556067,-4297.6377,23.444411,-0.87776071,-4273.3155
1,4,0.16886953,2,4,0.99876007,3,4,0.071855826,-4297.1448,24.789708,-0.49513042,-4271.8599
1,4,0.18117649,2,4,0.98761643,3,4,0.050012746,-4296.8755,24.376113,-0.19347685,-4272.3059
1,4,0.19028613,2,4,0.94313933,3,4,0.061497762,-4297.3174,23.898464,-0.66425272,-4272.7547
1,4,0.18223106,2,4,0.88215925,3,4,0.067525297,-4298.2289,22.638312,-1.4627465,-4274.1279
1,4,0.15770776,2,4,0.95594285,3,4,0.079021192,-4297.1149,23.853436,-0.44211002,-4272.8194
1,4,0.18955022,2,4,0.98638417,3,4,0.033690415,-4297.6858,24.192496,-0.93093237,-4272.5624
1,4,0.14281313,2,4,0.95173383,3,4,0.082119051,-4297.7421,23.53332,-0.99000546,-4273.2188
1,4,0.16874128,2,4,0.94394677,3,4,0.076466623,-4297.1515,23.783093,-0.48917912,-4272.8792
1,4,0.19053825,2,4,1.0085734,3,4,0.044210376,-4297.1841,24.866441,-0.53024026,-4271.7874
1,4,0.1414899,2,4,0.99024987,3,4,0.077847743,-4298.1118,24.19175,-1.3699137,-4272.5501
1,4,0.17879331,2,4,0.92041023,3,4,0.051777805,-4297.1227,23.019627,-0.4120618,-4273.691
1,4,0.15419317,2,4,0.99501343,3,4,0.068076966,-4297.4638,24.345671,-0.76586813,-4272.3522
1,4,0.15000537,2,4,0.99544401,3,4,0.073575767,-4297.5951,24.380503,-0.9050963,-4272.3095
1,4,0.12989233,2,4,0.95269406,3,4,0.074862494,-4299.7763,23.148978,-2.672891,-4273.9545
1,4,0.15411199,2,4,0.98453268,3,4,0.055500241,-4298.3405,23.882898,-1.5219495,-4272.9356
1,4,0.14273656,2,4,0.93010898,3,4,0.07686136,-4297.9894,22.994138,-1.1742061,-4273.8211
1,4,0.15124338,2,4,0.91750313,3,4,0.054200757,-4299.1907,22.458945,-2.2730736,-4274.4587
1,4,0.14735572,2,4,0.88901474,3,4,0.082316743,-4298.2908,22.373744,-1.4257469,-4274.4913
1,4,0.18345325,2,4,0.88284836,3,4,0.059700604,-4297.9606,22.520044,-1.1709259,-4274.2696
1,4,0.16962582,2,4,0.85926667,3,4,0.054837573,-4298.9686,21.674601,-2.0210034,-4275.273
1,4,0.14369249,2,4,0.91916475,3,4,0.11770157,-4300.7432,23.611176,-4.6615061,-4272.4705
1,4,0.18688053,2,4,0.87029085,3,4,0.052402737,-4298.4563,22.191482,-1.5726858,-4274.6921
1,4,0.17137777,2,4,1.009773,3,4,0.06631884,-4297.1336,24.949391,-0.48035173,-4271.7038
1,4,0.15989827,2,4,0.89632286,3,4,0.056806635,-4298.2546,22.260555,-1.459147,-4274.5349
1,4,0.17820754,2,4,1.0132145,3,4,0.05272784,-4297.1252,24.882999,-0.46553066,-4271.7767
1,4,0.20373767,2,4,0.9463111,3,4,0.032512904,-4297.7163,23.651233,-0.9613069,-4273.1037
1,4,0.16645552,2,4,0.90320813,3,4,0.064559487,-4297.3376,22.684463,-0.60680664,-4274.0463
1,4,0.16378585,2,4,0.91469429,3,4,0.059153839,-4297.4173,22.75268,-0.69566075,-4273.969
1,4,0.22056735,2,4,0.91888485,3,4,0.050710329,-4299.9339,23.803251,-3.6030525,-4272.5276
1,4,0.17374729,2,4,0.94493272,3,4,0.049350141,-4297.1479,23.360603,-0.43896844,-4273.3484
1,4,0.18168679,2,4,0.99221348,3,4,0.0408738,-4297.4187,24.295481,-0.70253686,-4272.4207
1,4,0.17537586,2,4,0.90875603,3,4,0.04894087,-4297.5997,22.661455,-0.84879533,-4274.0894
1,4,0.1479132,2,4,0.9909569,3,4,0.071031201,-4297.8033,24.198026,-1.071657,-4272.5336
1,4,0.14992931,2,4,0.94488328,3,4,0.067840987,-4297.6529,23.253072,-0.89162776,-4273.5082
1,4,0.17093019,2,4,1.0518679,3,4,0.064548053,-4297.9531,25.746922,-1.4201797,-4270.786
1,4,0.15362291,2,4,1.0251419,3,4,0.081586407,-4297.9603,25.207024,-1.4312505,-4271.3221
1,4,0.18226323,2,4,0.92884801,3,4,0.038347944,-4297.8868,22.989184,-1.0719039,-4273.8257
1,4,0.14669951,2,4,1.0448995,3,4,0.08999737,-4298.8724,25.631928,-2.5574531,-4270.683
1,4,0.17647923,2,4,0.82504528,3,4,0.058689208,-4300.3625,21.204274,-3.0783072,-4276.08
1,4,0.21714302,2,4,0.91334129,3,4,0.038853131,-4298.9028,23.386749,-2.2665119,-4273.2495
1,4,0.19644401,2,4,0.9462561,3,4,0.026256784,-4298.4366,23.379138,-1.4933834,-4273.5641
1,4,0.20683685,2,4,1.0319799,3,4,0.06476956,-4300.0301,26.071726,-3.7313391,-4270.2271
1,4,0.17434599,2,4,0.91675489,3,4,0.061635507,-4297.031,23.054728,-0.32757909,-4273.6486
1,4,0.14906942,2,4,1.0101848,3,4,0.062647817,-4298.5101,24.43804,-1.7329099,-4272.3391
1,4,0.12267709,2,4,0.80744787,3,4,0.11390431,-4304.5709,20.880585,-6.3214878,-4277.3688
1,4,0.16829047,2,4,0.95593472,3,4,0.08774029,-4298.0847,24.23931,-1.5682921,-4272.2771
1,4,0.17439045,2,4,0.93671323,3,4,0.062686341,-4296.7993,23.4758,-0.11169326,-4273.2118
1,4,0.14096324,2,4,0.98135808,3,4,0.094323675,-4298.1747,24.3329,-1.6099833,-4272.2318
1,4,0.15069712,2,4,0.98253798,3,4,0.077739037,-4297.3867,24.219483,-0.70845167,-4272.4587
1,4,0.1396498,2,4,0.8448154,3,4,0.056280385,-4303.2266,20.814912,-5.6480557,-4276.7636
1,4,0.17683717,2,4,0.94829545,3,4,0.064585476,-4296.8065,23.794362,-0.12381275,-4272.8883
1,4,0.20159017,2,4,0.94259841,3,4,0.034321507,-4297.6248,23.570202,-0.87225516,-4273.1823
1,4,0.17189986,2,4,0.99961201,3,4,0.064333339,-4296.957,24.716904,-0.2873185,-4271.9528
1,4,0.17737612,2,4,0.96008042,3,4,0.066846901,-4296.8871,24.086069,-0.21043107,-4272.5906
1,4,0.16978146,2,4,0.94735302,3,4,0.038830005,-4298.7403,23.11929,-1.8267058,-4273.7943
1,4,0.19099814,2,4,0.8813622,3,4,0.036997746,-4298.8908,22.187162,-1.8907488,-4274.8129
1,4,0.17328647,2,4,0.94093174,3,4,0.074952218,-4297.2431,23.783409,-0.58647586,-4272.8732
1,4,0.16920057,2,4,1.0284809,3,4,0.068872557,-4297.5214,25.33108,-0.91828159,-4271.272
1,4,0.15442817,2,4,0.88313553,3,4,0.05904167,-4298.9351,21.932108,-2.0571888,-4274.9458
1,4,0.17256198,2,4,0.99597108,3,4,0.085092151,-4298.3438,25.072504,-1.8711995,-4271.4001
1,4,0.17302613,2,4,1.0098701,3,4,0.074613262,-4297.5823,25.15019,-0.97701906,-4271.4551
1,4,0.18307727,2,4,0.94707831,3,4,0.054742161,-4296.7779,23.697955,-0.09216327,-4272.9877
1,4,0.15771309,2,4,0.94896929,3,4,0.066219657,-4297.1151,23.458041,-0.40689138,-4273.2501
1,4,0.17786165,2,4,0.92616954,3,4,0.046992788,-4297.3307,23.02048,-0.60160481,-4273.7086
1,4,0.15186286,2,4,0.97576551,3,4,0.069878148,-4297.4057,23.95013,-0.68618559,-4272.7694
1,4,0.1645763,2,4,0.88984864,3,4,0.071355174,-4297.6825,22.515602,-0.90832092,-4274.2586
1,4,0.15214108,2,4,1.0032832,3,4,0.053844172,-4299.016,24.185369,-2.1405931,-4272.6901
1,4,0.16011595,2,4,0.95350672,3,4,0.065875995,-4296.9832,23.589973,-0.28480293,-4273.1084
1,4,0.16188632,2,4,1.0743841,3,4,0.060925863,-4298.9109,25.943926,-2.4828458,-4270.4841
1,4,0.18253381,2,4,0.98955773,3,4,0.056351592,-4296.8399,24.568863,-0.16067875,-4272.1103
1,4,0.18082565,2,4,0.96943109,3,4,0.017264329,-4301.9526,23.350421,-4.2205983,-4274.3816
1,4,0.18030604,2,4,0.95564844,3,4,0.077827365,-4297.9037,24.275637,-1.3339588,-4272.2941
1,4,0.17089753,2,4,0.93039743,3,4,0.05033546,-4297.3722,23.032608,-0.65044587,-4273.6891
1,4,0.17082788,2,4,1.0622076,3,4,0.06091181,-4298.2009,25.878945,-1.7092895,-4270.6127
1,4,0.18903844,2,4,0.96536031,3,4,0.086164199,-4300.0097,24.811259,-3.8362447,-4271.3622
1,4,0.14375885,2,4,0.88833529,3,4,0.077096543,-4298.6143,22.183814,-1.7015925,-4274.7289
1,4,0.15224153,2,4,1.0264312,3,4,0.08258997,-4298.0464,25.225254,-1.5309269,-4271.2902
1,4,0.1819929,2,4,1.0098182,3,4,0.056518047,-4297.0587,24.966582,-0.39595363,-4271.6961
1,4,0.17085571,2,4,1.0114694,3,4,0.060361568,-4297.113,24.853733,-0.45282772,-4271.8064
1,4,0.1150502,2,4,0.96034069,3,4,0.10048785,-4300.4653,23.517575,-3.3867921,-4273.5609
1,4,0.18342215,2,4,0.99482478,3,4,0.0904081,-4300.1971,25.373101,-4.0843536,-4270.7396
1,4,0.14595321,2,4,0.94678567,3,4,0.049074927,-4300.8023,22.836276,-3.5728181,-4274.3932
1,4,0.17704924,2,4,1.0778704,3,4,0.088418696,-4301.0364,26.866767,-5.1291753,-4269.0405
1,4,0.22541666,2,4,0.96728889,3,4,0.023136592,-4298.8141,24.316843,-2.226884,-4272.2704
1,4,0.1921381,2,4,0.91258239,3,4,0.038132711,-4297.8692,22.857064,-1.0485593,-4273.9636
1,4,0.15965647,2,4,1.046163,3,4,0.075222814,-4298.1388,25.620845,-1.6449212,-4270.8731
1,4,0.19691488,2,4,0.93300616,3,4,0.026020995,-4298.6486,23.118841,-1.6534256,-4273.8763
1,4,0.14971591,2,4,1.0241412,3,4,0.076933066,-4298.0105,25.015804,-1.4162812,-4271.5784
1,4,0.20275667,2,4,0.95292784,3,4,0.030370614,-4297.7851,23.721103,-1.007807,-4273.0562
1,4,0.16852877,2,4,1.0000622,3,4,0.069406944,-4297.0681,24.759959,-0.409959,-4271.8982
1,4,0.17524085,2,4,0.99984628,3,4,0.05338355,-4297.0022,24.569414,-0.32548609,-4272.1073
1,4,0.20049648,2,4,0.95674471,3,4,0.044138561,-4297.2406,24.027595,-0.57576714,-4272.6372
1,4,0.20260136,2,4,0.9718313,3,4,0.060448193,-4298.284,24.697617,-1.7532586,-4271.8331
1,4,0.15282807,2,4,0.91184055,3,4,0.049480149,-4299.8188,22.282976,-2.8121091,-4274.7237
1,4,0.17592858,2,4,0.97983463,3,4,0.050943559,-4296.9212,24.134135,-0.23139365,-4272.5557
1,4,0.18310292,2,4,0.97946511,3,4,0.070567932,-4297.4979,24.662719,-0.86858723,-4271.9666
1,4,0.13987886,2,4,0.98057101,3,4,0.10235249,-4298.6979,24.456047,-2.2912861,-4271.9506
1,4,0.16548841,2,4,1.0137785,3,4,0.077176214,-4297.5706,25.128863,-0.98143857,-4271.4603
1,4,0.16654297,2,4,1.0048321,3,4,0.059302468,-4297.1818,24.61355,-0.50683221,-4272.0615
1,4,0.20063731,2,4,0.97876323,3,4,0.028393356,-4297.8426,24.155878,-1.0779718,-4272.6087
1,4,0.18873473,2,4,0.99019962,3,4,0.041368021,-4297.1363,24.406047,-0.44903546,-4272.2812
1,4,0.17500214,2,4,0.95023939,3,4,0.054805763,-4296.789,23.600946,-0.10208813,-4273.086
1,4,0.19785242,2,4,0.8601908,3,4,0.054480487,-4299.4348,22.250474,-2.528633,-4274.6557
1,4,0.17435645,2,4,1.007167,3,4,0.04225026,-4297.9152,24.475475,-1.1791213,-4272.2606
1,4,0.18175468,2,4,0.97491788,3,4,0.047536607,-4296.8984,24.084183,-0.2077031,-4272.6065
1,4,0.14277341,2,4,0.91078573,3,4,0.110613,-4299.848,23.283443,-3.4093223,-4273.1552
1,4,0.1815987,2,4,0.95267471,3,4,0.072724625,-4297.5118,24.139961,-0.88726126,-4272.4846
1,4,0.1859322,2,4,1.0638616,3,4,0.041657617,-4298.3874,25.829028,-1.8977093,-4270.6607
1,4,0.23222535,2,4,0.95781627,3,4,0.027503594,-4299.4507,24.350904,-3.0609521,-4272.0389
1,4,0.16813339,2,4,0.89341409,3,4,0.050893824,-4298.2193,22.248826,-1.415866,-4274.5546
1,4,0.15891287,2,4,0.92955981,3,4,0.051681383,-4298.3254,22.803081,-1.5138579,-4274.0084
1,4,0.14718289,2,4,0.96186086,3,4,0.073939737,-4297.5787,23.65967,-0.83259547,-4273.0865
1,4,0.19313553,2,4,0.90247476,3,4,0.067847112,-4298.6037,23.269148,-1.9956114,-4273.3389
1,4,0.15695298,2,4,0.97355699,3,4,0.093651279,-4298.1579,24.483225,-1.6887146,-4271.9859
1,4,0.20325537,2,4,0.83761142,3,4,0.019052683,-4303.4413,21.198389,-5.1249902,-4277.1179
1,4,0.18531916,2,4,0.92311695,3,4,0.061161345,-4297.2098,23.391949,-0.523782,-4273.294
1,4,0.18749867,2,4,0.99698864,3,4,0.05579149,-4297.0308,24.805576,-0.36142057,-4271.8638
1,4,0.16282736,2,4,0.99452408,3,4,0.07529832,-4297.1809,24.652995,-0.53759176,-4271.9903
1,4,0.1623873,2,4,0.96845823,3,4,0.045722228,-4298.5078,23.531355,-1.6506264,-4273.3258
1,4,0.16087579,2,4,0.99319938,3,4,0.087433928,-4297.8929,24.830182,-1.3742281,-4271.6885
1,4,0.17902865,2,4,0.97174343,3,4,0.057427005,-4296.7064,24.163982,-0.022263896,-4272.5201
1,4,0.19674764,2,4,0.8534734,3,4,0.02991275,-4300.8211,21.602676,-3.3540109,-4275.8644
1,4,0.16925364,2,4,0.97357383,3,4,0.050519482,-4297.2731,23.866939,-0.55755127,-4272.8487
1,4,0.16368141,2,4,0.85909311,3,4,0.064716747,-4298.741,21.749825,-1.8104262,-4275.1808
1,4,0.16689266,2,4,0.88322679,3,4,0.056489093,-4298.1377,22.132171,-1.3319146,-4274.6736
1,4,0.14705801,2,4,0.99563966,3,4,0.070408956,-4297.9667,24.262133,-1.2269657,-4272.4776
1,4,0.12502086,2,4,0.94259071,3,4,0.10433122,-4299.3836,23.438856,-2.5999674,-4273.3447
1,4,0.20472762,2,4,0.90786752,3,4,0.04470947,-4298.147,23.146092,-1.4305075,-4273.5704
1,4,0.21123951,2,4,1.0067572,3,4,0.035755455,-4297.8819,25.075043,-1.3253981,-4271.4814
1,4,0.16637074,2,4,0.93735448,3,4,0.072316325,-4296.948,23.520831,-0.26122013,-4273.166
1,4,0.16406963,2,4,0.94041597,3,4,0.054449834,-4297.4133,23.178709,-0.69069048,-4273.5439
1,4,0.17300251,2,4,0.98932027,3,4,0.070882761,-4297.0899,24.664111,-0.43079182,-4271.995
1,4,0.18984547,2,4,1.0793433,3,4,0.034603523,-4299.1152,26.075846,-2.7221483,-4270.3172
1,4,0.18290075,2,4,0.94722277,3,4,0.063140414,-4296.9652,23.865279,-0.28936636,-4272.8105
1,4,0.18477302,2,4,0.87957845,3,4,0.025140508,-4301.2941,21.78984,-3.7357999,-4275.7685
1,4,0.1416566,2,4,0.95718893,3,4,0.085822826,-4297.8135,23.693367,-1.087181,-4273.033
1,4,0.17404431,2,4,1.0414151,3,4,0.04059448,-4298.6825,25.121079,-2.002186,-4271.5593
1,4,0.1999225,2,4,0.89824543,3,4,0.057513753,-4298.5118,23.113634,-1.8495799,-4273.5486
1,4,0.18976618,2,4,0.99739841,3,4,0.054000726,-4297.0697,24.823306,-0.40434035,-4271.8421
1,4,0.15758438,2,4,0.90384178,3,4,0.080660445,-4297.6667,22.841732,-0.91960961,-4273.9054
1,4,0.20880859,2,4,0.91590327,3,4,0.053214433,-4298.7317,23.558526,-2.1768356,-4272.9963
1,4,0.19747458,2,4,0.95362187,3,4,0.045701139,-4297.1297,23.935952,-0.45533487,-4272.7384
1,4,0.18821659,2,4,0.98386438,3,4,0.050769392,-4296.8677,24.457007,-0.1910223,-4272.2197
1,4,0.16065379,2,4,0.97911328,3,4,0.056855783,-4297.4643,23.932457,-0.73696419,-4272.7949
1,4,0.1184263,2,4,0.93928985,3,4,0.11572452,-4300.4222,23.468813,-3.7440905,-4273.2093
1,4,0.14818512,2,4,0.86015159,3,4,0.086183873,-4299.2455,21.890412,-2.2164903,-4275.1386
1,4,0.14975525,2,4,0.94544462,3,4,0.066283381,-4297.7698,23.229665,-0.99751872,-4273.5426
1,4,0.16788932,2,4,1.0255712,3,4,0.060749584,-4297.4238,25.084201,-0.78923063,-4271.5504
1,4,0.13584689,2,4,0.97806439,3,4,0.071742634,-4299.1495,23.713078,-2.2008589,-4273.2355
1,4,0.2139419,2,4,0.88374991,3,4,0.043001584,-4299.5465,22.813868,-2.7953896,-4273.9372
1,4,0.17109698,2,4,0.97194668,3,4,0.068812272,-4296.8371,24.237119,-0.15983022,-4272.4402
1,4,0.17097317,2,4,1.0139767,3,4,0.066924807,-4297.2124,25.037493,-0.56791077,-4271.607
1,4,0.15263635,2,4,0.90958859,3,4,0.068976925,-4297.7532,22.624037,-0.98276855,-4274.1464
1,4,0.18025529,2,4,1.0441731,3,4,0.055926032,-4297.671,25.607088,-1.0893045,-4270.9746
1,4,0.16688292,2,4,0.8661685,3,4,0.066190152,-4298.367,21.984831,-1.4885346,-4274.8937
1,4,0.18110998,2,4,1.0387042,3,4,0.050187578,-4297.5909,25.400034,-0.9904691,-4271.2004
1,4,0.22209625,2,4,0.91300788,3,4,0.036945357,-4299.3443,23.44099,-2.7584962,-4273.1448
1,4,0.16562446,2,4,0.93885915,3,4,0.068603443,-4296.8611,23.461741,-0.17056584,-4273.2288
1,4,0.17302856,2,4,0.98122511,3,4,0.049607333,-4297.1354,24.07722,-0.43322038,-4272.625
1,4,0.15082133,2,4,0.91964889,3,4,0.070478535,-4297.6702,22.818975,-0.90504139,-4273.9462
1,4,0.18294969,2,4,0.91460343,3,4,0.050676306,-4297.2246,22.964589,-0.50193728,-4273.7581
1,4,0.14537716,2,4,0.89917901,3,4,0.085713011,-4298.1979,22.605384,-1.3623757,-4274.2301
1,4,0.21392166,2,4,1.0097506,3,4,0.0051518521,-4300.8003,24.576482,-3.5729896,-4272.6508
1,4,0.19012719,2,4,0.99081029,3,4,0.050472959,-4296.9584,24.628209,-0.28815995,-4272.042
1,4,0.18288621,2,4,0.9684038,3,4,0.052718766,-4296.7379,24.080176,-0.053761571,-4272.6039
1,4,0.18699768,2,4,1.0319452,3,4,0.039374204,-4297.7946,25.166342,-1.169037,-4271.4592
1,4,0.18309811,2,4,0.97966058,3,4,0.055783015,-4296.7775,24.370834,-0.095521786,-4272.3111
1,4,0.13287336,2,4,0.9127995,3,4,0.096116213,-4298.887,22.835782,-1.9981058,-4274.0531
1,4,0.20304856,2,4,0.94522786,3,4,0.037967105,-4297.4853,23.72487,-0.78308609,-4272.9773
1,4,0.179828,2,4,0.94764784,3,4,0.027886873,-4299.561,23.107254,-2.4296779,-4274.024
1,4,0.1615737,2,4,0.97508433,3,4,0.061640231,-4297.0844,23.965965,-0.3846349,-4272.7338
1,4,0.18429787,2,4,0.89999533,3,4,0.064832985,-4297.7396,22.982524,-1.0264052,-4273.7307
1,4,0.17751084,2,4,0.99286642,3,4,0.049828813,-4297.0064,24.404122,-0.32205074,-4272.2802
1,4,0.16017978,2,4,0.9620869,3,4,0.082032601,-4297.2696,24.085986,-0.63063099,-4272.553
1,4,0.18863583,2,4,0.96936552,3,4,0.077812416,-4298.7375,24.716275,-2.2892593,-4271.732
1,4,0.18620491,2,4,0.99163131,3,4,0.041362753,-4297.1998,24.38398,-0.50586352,-4272.31
1,4,0.16498625,2,4,0.83526153,3,4,0.077951943,-4299.9458,21.563994,-2.7982706,-4275.5835
1,4,0.16764641,2,4,0.91866911,3,4,0.04026821,-4299.1378,22.531675,-2.1866577,-4274.4195
1,4,0.15748719,2,4,0.91606762,3,4,0.071109677,-4297.313,22.89329,-0.58296875,-4273.8368
1,4,0.15938979,2,4,0.96274074,3,4,0.097791585,-4298.7037,24.398442,-2.3416592,-4271.9636
1,4,0.1921812,2,4,0.94914018,3,4,0.068025171,-4297.9692,24.186931,-1.3917666,-4272.3905
1,4,0.19053814,2,4,0.99947363,3,4,0.037539578,-4297.3971,24.551027,-0.70746668,-4272.1386
1,4,0.19798534,2,4,0.93313929,3,4,0.050917295,-4297.4177,23.640839,-0.75153102,-4273.0254
1,4,0.21623818,2,4,1.1014566,3,4,0.020371068,-4300.2844,26.761317,-4.3143253,-4269.2088
1,4,0.16538052,2,4,1.0264635,3,4,0.083677981,-4298.2728,25.510439,-1.809195,-4270.9532
1,4,0.19825519,2,4,0.92560819,3,4,0.052791921,-4297.5999,23.533106,-0.93756313,-4273.1292
1,4,0.18700899,2,4,0.88893232,3,4,0.062883825,-4298.0714,22.776503,-1.3277302,-4273.9672
1,4,0.19199448,2,4,0.92183801,3,4,0.050966951,-4297.2704,23.295989,-0.5685536,-4273.4058
1,4,0.15272215,2,4,0.97855592,3,4,0.06782277,-4297.4413,23.982017,-0.71894633,-4272.7403
1,4,0.17419996,2,4,0.97373606,3,4,0.04330763,-4297.5888,23.824873,-0.83725364,-4272.9267
1,4,0.19282096,2,4,0.88393777,3,4,0.039082625,-4298.5988,22.316827,-1.6607692,-4274.6212
1,4,0.1952315,2,4,0.8990386,3,4,0.020833782,-4300.535,22.302078,-3.0662915,-4275.1666
1,4,0.20385016,2,4,0.96421979,3,4,0.028690023,-4297.833,23.9352,-1.0646329,-4272.8332
1,4,0.21575614,2,4,0.99684399,3,4,0.018452248,-4298.6872,24.621048,-1.9665854,-4272.0996
1,4,0.14424591,2,4,0.91809584,3,4,0.067850353,-4298.5348,22.603842,-1.6684382,-4274.2625
1,4,0.18663069,2,4,0.85523894,3,4,0.056685101,-4299.0507,21.971095,-2.0831639,-4274.9964
1,4,0.2086808,2,4,0.93089865,3,4,0.04203988,-4297.9491,23.632387,-1.2965587,-4273.0201
1,4,0.17918277,2,4,0.99488859,3,4,0.047799271,-4297.0682,24.437413,-0.38335883,-4272.2475
1,4,0.1895319,2,4,0.91106044,3,4,0.041673681,-4297.6815,22.84532,-0.89458405,-4273.9416
1,4,0.18532431,2,4,0.9824674,3,4,0.046866528,-4296.9001,24.293165,-0.21613349,-4272.3908
1,4,0.20364211,2,4,0.98101154,3,4,0.025392864,-4298.0789,24.20093,-1.2938729,-4272.5841
1,4,0.19052223,2,4,0.90322169,3,4,0.058748806,-4297.7438,23.049855,-1.0350252,-4273.6589
1,4,0.16259695,2,4,0.9396202,3,4,0.063706048,-4296.9897,23.318464,-0.29241727,-4273.3788
1,4,0.18230041,2,4,0.92361532,3,4,0.064950545,-4297.2277,23.417326,-0.54525152,-4273.2652
1,4,0.15997592,2,4,0.85034962,3,4,0.063168356,-4299.3501,21.469878,-2.3364564,-4275.5438
1,4,0.18431662,2,4,0.9251031,3,4,0.039222201,-4297.7465,22.972838,-0.94919534,-4273.8245
1,4,0.19831391,2,4,0.94564656,3,4,0.08450565,-4301.0996,24.569323,-5.1590749,-4271.3712
1,4,0.13727082,2,4,0.91367897,3,4,0.091622008,-4298.4857,22.851436,-1.6343896,-4273.9998
1,4,0.13517522,2,4,1.004092,3,4,0.097790591,-4298.7955,24.741157,-2.3327128,-4271.7216
1,4,0.19156627,2,4,0.97686694,3,4,0.035067078,-4297.4613,24.070006,-0.72293446,-4272.6683
1,4,0.12521926,2,4,0.87863694,3,4,0.099760771,-4300.3778,22.072339,-3.1255066,-4275.1799
1,4,0.16633231,2,4,0.97221204,3,4,0.063672075,-4296.8085,24.044329,-0.12268139,-4272.6415
1,4,0.20895004,2,4,0.99430601,3,4,0.034630462,-4297.677,24.75773,-1.0693895,-4271.8499
1,4,0.1855629,2,4,0.9560132,3,4,0.065988875,-4297.248,24.1513,-0.59491004,-4272.5018
1,4,0.14299774,2,4,1.0814772,3,4,0.082934643,-4299.8954,26.148193,-3.7237203,-4270.0235
1,4,0.17290846,2,4,0.87172261,3,4,0.071417169,-4298.3342,22.320965,-1.4998203,-4274.5134
1,4,0.1743709,2,4,0.96701813,3,4,0.064768162,-4296.7486,24.123144,-0.065927301,-4272.5595
1,4,0.16723007,2,4,0.94497386,3,4,0.071685944,-4296.8904,23.677798,-0.20763267,-4273.0049
1,4,0.16345812,2,4,1.0183561,3,4,0.058951329,-4297.565,24.81531,-0.89936649,-4271.8504
1,4,0.17743233,2,4,0.93536081,3,4,0.074784709,-4297.4898,23.751557,-0.85005598,-4272.8882
1,4,0.17155288,2,4,0.94767723,3,4,0.082782691,-4297.7856,24.040256,-1.2050575,-4272.5402
1,4,0.17738332,2,4,0.91509495,3,4,0.055467024,-4297.1138,22.958906,-0.4038075,-4273.751
1,4,0.16179193,2,4,1.009186,3,4,0.076387069,-4297.4185,24.9473,-0.80709784,-4271.6641
1,4,0.20997655,2,4,0.98701818,3,4,0.014300618,-4299.323,24.225907,-2.3241974,-4272.7729
1,4,0.17977019,2,4,0.94104296,3,4,0.051210662,-4296.8806,23.440476,-0.18717934,-4273.2529
1,4,0.16294288,2,4,0.88020627,3,4,0.049976298,-4299.1725,21.862509,-2.2604036,-4275.0496
1,4,0.14437197,2,4,0.9633054,3,4,0.065514238,-4298.4549,23.463832,-1.5975386,-4273.3936
1,4,0.19752328,2,4,0.94752691,3,4,0.047940341,-4297.1895,23.859811,-0.51943822,-4272.8103
1,4,0.17523261,2,4,1.0277003,3,4,0.079079797,-4298.4093,25.640254,-1.9205874,-4270.8485
1,4,0.19005499,2,4,1.0355448,3,4,0.076346835,-4299.5931,26.038933,-3.2409124,-4270.3132
1,4,0.11602522,2,4,0.93702734,3,4,0.082752799,-4301.7874,22.716107,-4.1999698,-4274.8714
1,4,0.1470302,2,4,0.9485401,3,4,0.08178132,-4297.4943,23.547032,-0.77321334,-4273.174
1,4,0.19935642,2,4,1.0058957,3,4,0.044531324,-4297.3619,24.995668,-0.73382589,-4271.6324
1,4,0.16768272,2,4,1.0523406,3,4,0.0585078,-4298.0752,25.570622,-1.5242912,-4270.9803
1,4,0.22070777,2,4,0.97280924,3,4,0.014341058,-4299.2156,24.157161,-2.343503,-4272.7149
1,4,0.15671047,2,4,0.94833091,3,4,0.075296418,-4297.0573,23.606756,-0.36202422,-4273.0885
1,4,0.16690271,2,4,0.96105881,3,4,0.07771194,-4297.1476,24.113469,-0.4975259,-4272.5366
1,4,0.17130539,2,4,0.98988947,3,4,0.093916844,-4299.3158,25.102234,-3.0700209,-4271.1435
1,4,0.17530809,2,4,0.96338172,3,4,0.065873898,-4296.7918,24.091274,-0.11075145,-4272.5898
1,4,0.18158672,2,4,0.91128466,3,4,0.069370894,-4297.6328,23.244846,-0.95298842,-4273.435
1,4,0.18648361,2,4,0.90321668,3,4,0.054353133,-4297.4591,22.881068,-0.72424649,-4273.8538
1,4,0.17964742,2,4,0.94570276,3,4,0.04645682,-4297.0868,23.43614,-0.37644441,-4273.2743
1,4,0.16572901,2,4,0.87716112,3,4,0.07959911,-4298.3757,22.449785,-1.5644127,-4274.3615
1,4,0.15648621,2,4,1.069587,3,4,0.063639035,-4299.0278,25.794245,-2.5650978,-4270.6684
1,4,0.1834881,2,4,0.92773804,3,4,0.050663793,-4297.0162,23.237799,-0.31266947,-4273.4657
1,4,0.20362429,2,4,1.1022466,3,4,0.055951674,-4300.603,27.236452,-4.5217922,-4268.8448
1,4,0.19347039,2,4,0.98330136,3,4,0.057752702,-4297.3144,24.690489,-0.66531568,-4271.9586
1,4,0.15559758,2,4,0.93238261,3,4,0.046875811,-4299.5187,22.69712,-2.5313706,-4274.2902
1,4,0.16892887,2,4,0.84836335,3,4,0.10245623,-4302.2881,22.394969,-5.762549,-4274.1306
1,4,0.16203201,2,4,0.99038417,3,4,0.065045644,-4297.0595,24.349236,-0.37628774,-4272.334
1,4,0.17340117,2,4,0.97823372,3,4,0.060605073,-4296.7367,24.244799,-0.053295251,-4272.4386
1,4,0.17945573,2,4,0.81008398,3,4,0.049856065,-4301.7038,20.787916,-4.0947029,-4276.8212
1,4,0.19338062,2,4,0.87433648,3,4,0.067757752,-4299.3751,22.709497,-2.6716768,-4273.9939
1,4,0.17290811,2,4,1.0452678,3,4,0.073991528,-4298.2449,25.843349,-1.7451053,-4270.6565
1,4,0.16786373,2,4,0.99386414,3,4,0.081071889,-4297.6395,24.855995,-1.0600389,-4271.7234
1,4,0.17517314,2,4,0.92569907,3,4,0.083091582,-4298.2212,23.679276,-1.6589374,-4272.883
1,4,0.16704291,2,4,0.94458581,3,4,0.075633907,-4297.0562,23.745253,-0.38506713,-4272.9259
1,4,0.19257691,2,4,0.96916742,3,4,0.048675781,-4296.9282,24.208402,-0.25304282,-4272.4668
1,4,0.14520884,2,4,1.0405271,3,4,0.095879082,-4299.1319,25.6323,-2.9183496,-4270.5812
1,4,0.21162668,2,4,0.99351245,3,4,0.014430162,-4299.2298,24.391386,-2.302917,-4272.5355
1,4,0.15397998,2,4,1.0522368,3,4,0.071623706,-4298.4633,25.556809,-1.9594103,-4270.9471
1,4,0.15247591,2,4,0.95654375,3,4,0.073727548,-4297.2185,23.654944,-0.5065499,-4273.057
1,4,0.16426297,2,4,0.98239025,3,4,0.052128957,-4297.5695,23.975644,-0.83398443,-4272.7599
1,4,0.19730745,2,4,0.91803858,3,4,0.040464673,-4297.6483,23.116214,-0.88676777,-4273.6453
1,4,0.14143349,2,4,0.943692,3,4,0.084435448,-4297.8531,23.391219,-1.0877693,-4273.3741
1,4,0.15069047,2,4,0.97171432,3,4,0.076122344,-4297.3234,23.970543,-0.62342527,-4272.7294
1,4,0.1997755,2,4,0.95331311,3,4,0.058041663,-4297.7919,24.222605,-1.1952974,-4272.374
1,4,0.1522753,2,4,0.91434104,3,4,0.070031769,-4297.6571,22.732962,-0.89441841,-4274.0297
1,4,0.18445968,2,4,0.96231264,3,4,0.037698612,-4297.524,23.689419,-0.76067031,-4273.074
1,4,0.19943631,2,4,0.96666317,3,4,0.046040841,-4297.182,24.242806,-0.52489025,-4272.4144
1,4,0.16252546,2,4,0.91096682,3,4,0.081248669,-4297.616,23.094819,-0.91247219,-4273.6087
1,4,0.19049942,2,4,1.0004524,3,4,0.056475437,-4297.224,24.948544,-0.56624588,-4271.7092
1,4,0.19967982,2,4,0.97442143,3,4,0.055215589,-4297.5801,24.586337,-0.96329936,-4272.0305
1,4,0.18728876,2,4,0.90772802,3,4,0.058779118,-4297.475,23.075918,-0.76502087,-4273.6341
1,4,0.20925293,2,4,0.95469639,3,4,0.031816071,-4297.8083,23.915308,-1.1045546,-4272.7884
1,4,0.20230384,2,4,1.005931,3,4,0.017215524,-4299.2711,24.509008,-2.3335545,-4272.4285
1,4,0.17794158,2,4,0.92364162,3,4,0.072105302,-4297.4303,23.47377,-0.76416693,-4273.1924
1,4,0.21796785,2,4,0.97702051,3,4,0.014230107,-4299.1947,24.184369,-2.2902864,-4272.72
1,4,0.16951354,2,4,0.98081072,3,4,0.076670037,-4297.2507,24.539886,-0.61464839,-4272.0962
1,4,0.19952498,2,4,1.0055863,3,4,0.03422459,-4297.5491,24.786717,-0.89639936,-4271.866
1,4,0.15433162,2,4,0.94563097,3,4,0.076492571,-4297.1523,23.529103,-0.44910412,-4273.1741
1,4,0.14682372,2,4,0.95730856,3,4,0.081579185,-4297.4918,23.714229,-0.78029233,-4272.9973
1,4,0.17440151,2,4,0.99067328,3,4,0.071893052,-4297.2103,24.739357,-0.56079769,-4271.9101
1,4,0.16171648,2,4,1.0101262,3,4,0.079951812,-4297.6052,25.035889,-1.0274117,-4271.5419
1,4,0.14350123,2,4,0.95674034,3,4,0.09310815,-4297.9496,23.866994,-1.318795,-4272.7638
1,4,0.14686084,2,4,0.92723332,3,4,0.081359706,-4297.6384,23.109077,-0.8798858,-4273.6494
1,4,0.18933404,2,4,1.0465581,3,4,0.06261751,-4298.3393,25.970194,-1.8037618,-4270.5653
1,4,0.16888942,2,4,0.98128721,3,4,0.039584243,-4298.6548,23.795217,-1.7716466,-4273.0879
1,4,0.17262916,2,4,0.9445057,3,4,0.064758424,-4296.7629,23.637866,-0.077490951,-4273.0476
1,4,0.20184209,2,4,0.89524571,3,4,0.046662508,-4298.3048,22.875006,-1.543406,-4273.8864
1,4,0.1543459,2,4,0.94822255,3,4,0.057277946,-4298.0562,23.196928,-1.2632352,-4273.596
1,4,0.15181695,2,4,0.96823683,3,4,0.070882135,-4297.3413,23.818718,-0.62170631,-4272.9009
1,4,0.13130295,2,4,0.93493204,3,4,0.060711717,-4301.8269,22.538934,-4.3609042,-4274.927
1,4,0.20555273,2,4,1.0095893,3,4,0.045167011,-4297.7692,25.206182,-1.1897914,-4271.3733
1,4,0.20487855,2,4,0.9477836,3,4,0.03178665,-4297.7609,23.688976,-1.0069999,-4273.0649
1,4,0.15709595,2,4,0.90585252,3,4,0.079285386,-4297.5829,22.844677,-0.8358274,-4273.9024
1,4,0.19525379,2,4,1.0311568,3,4,0.036375915,-4297.7828,25.255731,-1.1825997,-4271.3444
1,4,0.16011857,2,4,0.95910202,3,4,0.072673832,-4296.9297,23.837888,-0.24366526,-4272.8481
1,4,0.16187416,2,4,0.90731927,3,4,0.057283604,-4297.807,22.529541,-1.0553392,-4274.2221
1,4,0.18369738,2,4,0.98486854,3,4,0.05213739,-4296.8088,24.414066,-0.12848222,-4272.2662
1,4,0.16470366,2,4,0.97376854,3,4,0.06941016,-4296.8512,24.157647,-0.17127497,-4272.5222
1,4,0.1789286,2,4,0.93157716,3,4,0.077118436,-4297.8321,23.752484,-1.2260656,-4272.8536
1,4,0.16722483,2,4,0.9746161,3,4,0.049550722,-4297.5205,23.827833,-0.78358896,-4272.9091
1,4,0.21979451,2,4,0.99845819,3,4,0.016999331,-4298.8622,24.705041,-2.1818763,-4271.9753
1,4,0.19987726,2,4,0.98241084,3,4,0.04303698,-4297.1998,24.506502,-0.54693927,-4272.1463
1,4,0.20983421,2,4,0.99311424,3,4,0.02393345,-4298.1766,24.537638,-1.4695035,-4272.1695
1,4,0.14977552,2,4,0.97048607,3,4,0.058615242,-4298.4826,23.577537,-1.6324081,-4273.2726
1,4,0.19092798,2,4,0.94926705,3,4,0.036790647,-4297.4409,23.539714,-0.6819435,-4273.2192
1,4,0.15487744,2,4,1.0620383,3,4,0.058456037,-4299.3206,25.507435,-2.739927,-4271.0732
1,4,0.14010716,2,4,0.96358026,3,4,0.084971885,-4297.9234,23.773186,-1.1848341,-4272.9653
1,4,0.18019585,2,4,0.9788502,3,4,0.076568069,-4297.8393,24.712282,-1.2602042,-4271.8669
1,4,0.17130138,2,4,0.95538092,3,4,0.04642518,-4297.506,23.462149,-0.76341657,-4273.2805
1,4,0.122986,2,4,1.0260996,3,4,0.10713355,-4300.2351,25.124382,-4.0104335,-4271.1003
1,4,0.1638721,2,4,0.94084919,3,4,0.069662922,-4296.8809,23.487684,-0.18960247,-4273.2036
1,4,0.10843763,2,4,0.93968456,3,4,0.097849704,-4301.8926,22.919438,-4.3106081,-4274.6625
1,4,0.19937521,2,4,0.98027717,3,4,0.040214225,-4297.1986,24.397332,-0.53335354,-4272.2679
1,4,0.1805233,2,4,0.9618127,3,4,0.058567063,-4296.7206,24.018061,-0.036659853,-4272.6658
1,4,0.1580504,2,4,0.87416759,3,4,0.078477029,-4298.338,22.2139,-1.471771,-4274.6523
1,4,0.15752605,2,4,1.0159596,3,4,0.067951705,-4297.5546,24.828748,-0.90432051,-4271.8215
1,4,0.13006961,2,4,0.95728961,3,4,0.11013356,-4299.3982,23.949856,-2.9480637,-4272.5003
1,4,0.16427144,2,4,0.95599318,3,4,0.043911029,-4298.5594,23.283513,-1.6905951,-4273.5853
1,4,0.20424838,2,4,1.0727586,3,4,0.017079488,-4300.0958,25.881729,-3.6148149,-4270.5993
1,4,0.19934915,2,4,0.97353638,3,4,0.042601255,-4297.1604,24.309736,-0.49699369,-4272.3537
1,4,0.21753758,2,4,0.83977375,3,4,0.036354915,-4301.8182,21.873325,-4.5203156,-4275.4246
1,4,0.13527066,2,4,0.93189404,3,4,0.071779918,-4299.295,22.778892,-2.2838821,-4274.2322
1,4,0.14375034,2,4,0.8959835,3,4,0.092430175,-4298.5533,22.64328,-1.7191851,-4274.1909
1,4,0.1620737,2,4,1.0941009,3,4,0.077263068,-4299.6476,26.668753,-3.5418693,-4269.437
1,4,0.13928762,2,4,1.0848962,3,4,0.067990956,-4301.1785,25.843496,-4.6795769,-4270.6554
1,4,0.15683278,2,4,0.87597875,3,4,0.077674951,-4298.278,22.20973,-1.4156261,-4274.6526
1,4,0.20514206,2,4,0.88712122,3,4,0.053732501,-4299.0718,22.919916,-2.3855847,-4273.7663
1,4,0.19617294,2,4,0.98663699,3,4,0.039283541,-4297.1867,24.441869,-0.51171503,-4272.2331
1,4,0.11456731,2,4,0.90192546,3,4,0.11270215,-4301.169,22.583898,-3.9624594,-4274.6226
1,4,0.17540478,2,4,0.96707071,3,4,0.079866455,-4297.7585,24.446839,-1.1802961,-4272.1313
1,4,0.16976918,2,4,0.87780765,3,4,0.05864619,-4298.0755,22.12446,-1.2577077,-4274.6933
1,4,0.17645269,2,4,1.0637324,3,4,0.05791102,-4298.1759,25.961923,-1.6853498,-4270.5286
1,4,0.1651261,2,4,0.97383722,3,4,0.072805605,-4296.9274,24.235378,-0.25662174,-4272.4354
1,4,0.16766801,2,4,0.98109627,3,4,0.07152458,-4296.9434,24.405777,-0.27507185,-4272.2626
1,4,0.15817031,2,4,1.0184243,3,4,0.081847157,-4297.8171,25.168835,-1.2772411,-4271.371
1,4,0.1987187,2,4,0.97524812,3,4,0.048797641,-4297.211,24.455289,-0.56144308,-4272.1942
1,4,0.15390218,2,4,0.95400977,3,4,0.091317617,-4297.8081,23.984591,-1.2300554,-4272.5935
1,4,0.13746116,2,4,0.87095333,3,4,0.092811615,-4299.5235,22.024522,-2.446833,-4275.0522
1,4,0.20260369,2,4,0.90393842,3,4,0.06818325,-4299.7098,23.494507,-3.286581,-4272.9287
1,4,0.12523286,2,4,0.88852641,3,4,0.09162429,-4300.1744,22.107671,-2.9253961,-4275.1413
1,4,0.15549731,2,4,0.87443951,3,4,0.078996495,-4298.3794,22.178666,-1.5013375,-4274.6994
1,4,0.17136298,2,4,0.85504661,3,4,0.036813282,-4301.3964,21.264457,-4.0109342,-4276.121
1,4,0.17210784,2,4,0.87901737,3,4,0.064187175,-4297.9085,22.306248,-1.1022587,-4274.5
1,4,0.20464601,2,4,1.0107628,3,4,0.050829752,-4298.0098,25.324772,-1.4435595,-4271.2414
1,4,0.20333489,2,4,0.95251052,3,4,0.037084379,-4297.4539,23.858596,-0.75775088,-4272.8375
1,4,0.15993035,2,4,0.94946471,3,4,0.083108743,-4297.3338,23.850076,-0.68915378,-4272.7946
1,4,0.17368493,2,4,1.0043642,3,4,0.052888583,-4297.1241,24.618753,-0.44836365,-4272.057
1,4,0.22475365,2,4,1.0180585,3,4,0.023314604,-4298.8459,25.322535,-2.435579,-4271.0878
1,4,0.15971962,2,4,0.99087021,3,4,0.081216423,-4297.3981,24.636125,-0.78797135,-4271.974
1,4,0.20700672,2,4,0.99323806,3,4,0.039313111,-4297.5689,24.791158,-0.96268571,-4271.8151
1,4,0.18260424,2,4,1.0112464,3,4,0.073828207,-4298.1212,25.353578,-1.5597851,-4271.2079
1,4,0.21876638,2,4,0.95929767,3,4,0.028236898,-4298.3293,24.126019,-1.6943732,-4272.5089
1,4,0.16777636,2,4,0.99592078,3,4,0.047393855,-4297.8232,24.22182,-1.0761901,-4272.5251
1,4,0.15000879,2,4,0.87179815,3,4,0.0851779,-4298.7557,22.139697,-1.8259664,-4274.79
1,4,0.16423538,2,4,0.8845433,3,4,0.063598694,-4297.8832,22.247547,-1.0924822,-4274.5432
1,4,0.15890243,2,4,0.97284199,3,4,0.078615651,-4297.1332,24.207201,-0.47713249,-4272.4489
1,4,0.14045243,2,4,0.89050729,3,4,0.068846597,-4299.5031,21.996126,-2.4984469,-4275.0085
1,4,0.14121282,2,4,0.98994953,3,4,0.098409038,-4298.478,24.591428,-2.0284335,-4271.8581
1,4,0.18161294,2,4,1.0034784,3,4,0.048038737,-4297.0784,24.662602,-0.40627254,-4272.0096
1,4,0.18878937,2,4,0.94192691,3,4,0.065965172,-4297.5281,23.933629,-0.8943787,-4272.7001
1,4,0.18284365,2,4,0.93430785,3,4,0.040613713,-4297.5412,23.155304,-0.77450194,-4273.6114
1,4,0.17569798,2,4,0.97357345,3,4,0.060167365,-4296.7093,24.188776,-0.025283564,-4272.4953
1,4,0.20740901,2,4,0.99988019,3,4,0.03030741,-4297.7804,24.751932,-1.1445701,-4271.8839
1,4,0.19148701,2,4,0.87542181,3,4,0.05465094,-4298.4529,22.431195,-1.6193794,-4274.4023
1,4,0.180835,2,4,0.975666,3,4,0.069161257,-4297.2227,24.513245,-0.56876516,-4272.1407
1,4,0.16800633,2,4,0.95859217,3,4,0.056560465,-4296.9424,23.663179,-0.24891642,-4273.0303
1,4,0.15907697,2,4,0.95809834,3,4,0.05495354,-4297.7424,23.442577,-0.9833144,-4273.3165
1,4,0.1921813,2,4,1.0041654,3,4,0.043665012,-4297.1581,24.800233,-0.50158889,-4271.8562
1,4,0.20192153,2,4,0.9140348,3,4,0.037333853,-4297.9682,23.065804,-1.175894,-4273.7265
1,4,0.16409139,2,4,0.95295085,3,4,0.064097111,-4296.8572,23.622787,-0.16660488,-4273.0678
1,4,0.18731404,2,4,0.99516164,3,4,0.056758991,-4297.0356,24.784693,-0.36548768,-4271.8854
1,4,0.14426475,2,4,0.92228792,3,4,0.095861786,-4298.2953,23.248289,-1.6082722,-4273.4387
1,4,0.15812183,2,4,0.86714355,3,4,0.098119916,-4300.0648,22.467706,-3.3193755,-4274.2777
1,4,0.15954308,2,4,0.97572259,3,4,0.069028651,-4296.9912,24.085886,-0.30341186,-4272.6019
1,4,0.19446928,2,4,0.93483033,3,4,0.062938662,-4297.8131,23.844765,-1.2011008,-4272.7672
1,4,0.162289,2,4,0.81185317,3,4,0.069752512,-4301.123,20.877894,-3.6503748,-4276.5948
1,4,0.17020654,2,4,0.89561181,3,4,0.059340069,-4297.534,22.503168,-0.7855114,-4274.2453
1,4,0.16051164,2,4,1.0491353,3,4,0.086629249,-4298.8641,25.925523,-2.552365,-4270.3862
1,4,0.16318615,2,4,0.99141551,3,4,0.082242895,-4297.5341,24.736891,-0.94669241,-4271.8505
1,4,0.16968377,2,4,0.93444329,3,4,0.076665206,-4297.254,23.615845,-0.58941305,-4273.0488
1,4,0.19215335,2,4,0.95204521,3,4,0.042719549,-4297.0599,23.738362,-0.35749366,-4272.964
1,4,0.17891989,2,4,0.98186211,3,4,0.063297325,-4296.8669,24.481586,-0.18750687,-4272.1978
1,4,0.15199592,2,4,0.936818,3,4,0.081780761,-4297.3628,23.411894,-0.65685959,-4273.2941
1,4,0.16266698,2,4,0.91303679,3,4,0.082638349,-4297.6767,23.166842,-0.98699211,-4273.5228
1,4,0.20034242,2,4,1.0064752,3,4,0.020579257,-4298.8631,24.547937,-2.0059036,-4272.3092
1,4,0.15835589,2,4,0.97123127,3,4,0.09035537,-4297.8827,24.398851,-1.3543848,-4272.1295
1,4,0.20654637,2,4,0.99594901,3,4,0.030490914,-4297.7337,24.659726,-1.0826522,-4271.9913
1,4,0.16231277,2,4,0.87858463,3,4,0.096121452,-4299.7203,22.740377,-3.0803942,-4273.8996
1,4,0.19403772,2,4,0.91499963,3,4,0.02930898,-4298.6906,22.766927,-1.6950403,-4274.2286
1,4,0.19073833,2,4,0.91977367,3,4,0.072075783,-4298.4964,23.651756,-1.9457139,-4272.899
1,4,0.17818879,2,4,0.81087128,3,4,0.053914604,-4301.4207,20.859494,-3.8784769,-4276.6828
1,4,0.15164883,2,4,0.95794678,3,4,0.091004849,-4297.7561,24.012009,-1.1649401,-4272.5791
1,4,0.1978823,2,4,0.91285039,3,4,0.065714283,-4298.6925,23.528939,-2.140477,-4273.0231
1,4,0.16560009,2,4,0.99009577,3,4,0.075360267,-4297.1581,24.621122,-0.51341239,-4272.0235
1,4,0.17418707,2,4,0.87468716,3,4,0.080684122,-4298.9488,22.591167,-2.1947474,-4274.1629
1,4,0.18177144,2,4,0.93596872,3,4,0.051733686,-4296.8945,23.389477,-0.20003313,-4273.3049
1,4,0.14325034,2,4,1.0251761,3,4,0.092047539,-4298.609,25.209479,-2.2008937,-4271.1986
1,4,0.1240678,2,4,1.0866013,3,4,0.10030124,-4301.5785,26.219406,-5.7741956,-4269.5849
1,4,0.18501351,2,4,0.97360436,3,4,0.047115388,-4296.8647,24.114665,-0.17709074,-4272.573
1,4,0.18269895,2,4,1.0170322,3,4,0.055362864,-4297.1626,25.10188,-0.51094078,-4271.5498
1,4,0.189374,2,4,1.0020442,3,4,0.068775061,-4298.0488,25.203866,-1.4665054,-4271.3784
1,4,0.17710442,2,4,1.0119246,3,4,0.060863462,-4297.0951,24.997849,-0.43608427,-4271.6612
1,4,0.17459725,2,4,0.90803814,3,4,0.065690812,-4297.2382,22.966524,-0.52281065,-4273.7489
1,4,0.17057597,2,4,1.0296638,3,4,0.051073168,-4297.7699,25.026258,-1.1211973,-4271.6224
1,4,0.19481382,2,4,0.90838348,3,4,0.02527064,-4299.4343,22.569359,-2.2609889,-4274.604
1,4,0.15097734,2,4,1.0277918,3,4,0.080353638,-4298.0494,25.182456,-1.5091877,-4271.3578
1,4,0.17511574,2,4,0.88275499,3,4,0.07208116,-4298.1103,22.599038,-1.3372555,-4274.174
1,4,0.19012913,2,4,0.94052622,3,4,0.03894336,-4297.376,23.391974,-0.62558822,-4273.3584
1,4,0.18771997,2,4,1.0089936,3,4,0.042122094,-4297.2825,24.776713,-0.61838588,-4271.8874
1,4,0.19673591,2,4,0.94407168,3,4,0.036495295,-4297.4458,23.546058,-0.6987189,-4273.201
1,4,0.20704349,2,4,1.0448015,3,4,0.01894617,-4299.1929,25.415823,-2.5936558,-4271.1834
1,4,0.19123521,2,4,0.9446474,3,4,0.047039579,-4296.9907,23.658444,-0.29810732,-4273.0342
1,4,0.23589057,2,4,1.0221244,3,4,0.029397295,-4300.0607,25.748245,-3.9953734,-4270.3171
1,4,0.18000183,2,4,0.91876491,3,4,0.062577441,-4297.1107,23.226884,-0.41314525,-4273.4707
1,4,0.17173943,2,4,0.96446286,3,4,0.062738529,-4296.7039,23.978816,-0.019551946,-4272.7055
1,4,0.17414679,2,4,0.93656844,3,4,0.044591957,-4297.6224,23.106144,-0.86534397,-4273.6509
1,4,0.18728988,2,4,0.9723309,3,4,0.073375105,-4298.0758,24.659918,-1.5187216,-4271.8971
1,4,0.18176623,2,4,0.99079829,3,4,0.069827771,-4297.4424,24.847846,-0.80486737,-4271.7897
1,4,0.16319766,2,4,0.95263989,3,4,0.065975227,-4296.8569,23.636256,-0.16606451,-4273.0545
1,4,0.17810673,2,4,1.039254,3,4,0.040520039,-4298.3077,25.157614,-1.65853,-4271.4915
1,4,0.19368569,2,4,0.89696994,3,4,0.047328718,-4297.8642,22.759687,-1.0848791,-4274.0197
1,4,0.17634132,2,4,0.98408202,3,4,0.067983038,-4297.0028,24.568128,-0.33326837,-4272.1014
1,4,0.17576578,2,4,0.89337425,3,4,0.063389759,-4297.534,22.650596,-0.78282197,-4274.1006
1,4,0.18155292,2,4,0.86190696,3,4,0.060034654,-4298.6346,22.069891,-1.7283851,-4274.8363
1,4,0.19704982,2,4,1.0738817,3,4,0.056313287,-4299.1511,26.544896,-2.7704147,-4269.8358
1,4,0.14924856,2,4,0.94559582,3,4,0.079824169,-4297.383,23.493371,-0.66419585,-4273.2254
1,4,0.17706007,2,4,0.90389764,3,4,0.071530378,-4297.6593,23.049762,-0.95612525,-4273.6534
1,4,0.18829554,2,4,1.0211282,3,4,0.052981633,-4297.3126,25.248108,-0.67460494,-4271.3899
1,4,0.22359943,2,4,0.96372812,3,4,0.023339736,-4298.7224,24.213346,-2.0935618,-4272.4155
1,4,0.12563572,2,4,0.98387916,3,4,0.10241914,-4299.3273,24.23868,-2.7237535,-4272.3649
1,4,0.10909024,2,4,0.97888168,3,4,0.11629805,-4301.2604,24.085399,-4.6032251,-4272.5717
1,4,0.18686331,2,4,0.95498878,3,4,0.041024278,-4297.1791,23.657527,-0.45541415,-4273.0662
1,4,0.1846021,2,4,0.94019743,3,4,0.048641415,-4296.9332,23.468819,-0.23523725,-4273.2292
