tree logl logTop logProp logPrior logWt parsimonyScore
(1,((2,(5,6)),3),4); -211.266 -3.75157 25.5533 12.8562 -227.714 29
(1,(2,((4,6),5)),3); -199.871 -1.71506 28.0024 16.7084 -212.88 27
(1,2,(3,(4,(5,6)))); -197.582 -2.83111 inf 16.8646 -inf 27
(1,(2,((4,6),5)),3); -196.899 -1.71506 inf 16.3609 -inf 27
(1,(2,((4,6),5)),3); -195.647 -1.71506 46.5749 15.4969 -228.44 27
(1,(2,5),(3,(4,6))); -202.301 -4.90351 17.7126 14.7954 -210.122 28
(1,((2,5),(4,6)),3); -199.587 -2.37731 18.7386 13.323 -207.38 27
(1,(((2,5),6),4),3); -199.181 -3.29261 31.6142 16.0968 -217.991 28
(1,((2,3),(5,6)),4); -202.464 -4.29036 32.8717 14.7532 -224.873 29
(1,((2,(5,6)),4),3); -202.513 -3.10915 22.7808 15.1942 -213.208 28
(1,((2,5),(4,6)),3); -198.304 -2.37731 19.12 14.9338 -204.867 27
(1,(2,(4,(5,6))),3); -198.951 -2.47062 32.6479 16.5923 -217.478 28
(1,(2,3),(4,(5,6))); -197.008 -2.64762 30.5858 16.9773 -213.264 27
(1,(((2,5),6),4),3); -202.679 -3.29261 21.8338 12.693 -215.113 28
(1,((2,5),(4,6)),3); -202.023 -2.37731 23.1476 17.4937 -210.054 27
(1,(2,3),(4,(5,6))); -200.001 -2.64762 69.0856 15.3127 -256.422 27
(1,(2,3),(4,(5,6))); -198.076 -2.64762 489.346 15.9118 -674.158 27
(1,2,(3,((4,6),5))); -202.906 -2.07555 23.2532 17.1757 -211.059 27
(1,(2,(4,(5,6))),3); -206.711 -2.47062 18.6892 10.7534 -217.118 28
(1,(2,(4,(5,6))),3); -197.117 -2.47062 36.8853 16.2113 -220.262 28
(1,2,(3,((4,6),5))); -196.999 -2.07555 25.4313 14.8769 -209.629 27
(1,(2,3),((4,6),5)); -200.031 -1.89206 21.6037 14.955 -208.572 27
(1,(2,3),((4,6),5)); -199.564 -1.89206 31.9803 16.6412 -216.795 27
(1,2,(3,(4,(5,6)))); -197.375 -2.83111 26.668 16.2368 -210.637 27
(1,(2,(4,(5,6))),3); -196.761 -2.47062 33.9129 14.1438 -219.001 28
(1,2,(3,((4,6),5))); -196.368 -2.07555 24.0163 16.6146 -205.845 27
(1,(2,((4,6),5)),3); -199.045 -1.71506 33.1831 15.0832 -218.86 27
(1,2,(3,(4,(5,6)))); -198.106 -2.83111 26.9565 15.459 -212.434 27
(1,(2,3),((4,6),5)); -199.076 -1.89206 27.5332 15.9448 -212.557 27
(1,(2,3),((4,6),5)); -198.523 -1.89206 24.466 15.7842 -209.097 27
(1,(2,(4,(5,6))),3); -197.206 -2.47062 127.64 16.6203 -310.696 28
(1,(2,3),((4,6),5)); -197.498 -1.89206 30.7094 16.8654 -213.234 27
(1,(2,((4,6),5)),3); -198.627 -1.71506 27.2924 16.2323 -211.402 27
(1,(2,(4,(5,6))),3); -201.19 -2.47062 24.1758 14.8198 -213.017 28
(1,(2,3),(4,(5,6))); -196.402 -2.64762 27.0134 15.2362 -210.827 27
(1,(2,(4,(5,6))),3); -204.224 -2.47062 34.1716 17.3977 -223.469 28
(1,(2,(4,(5,6))),3); -196.039 -2.47062 39.1592 15.794 -221.875 28
(1,(2,3),(4,(5,6))); -198.409 -2.64762 30.0738 16.665 -214.465 27
(1,(2,((4,6),5)),3); -196.066 -1.71506 26.8524 14.1412 -210.493 27
(1,(2,3),(4,(5,6))); -200.93 -2.64762 10.9583 13.7717 -200.764 27
(1,(2,3),(4,(5,6))); -198.565 -2.64762 21.8047 17.1076 -205.91 27
(1,((2,5),(4,6)),3); -200.652 -2.37731 18.543 15.0788 -206.493 27
(1,(2,3),(4,(5,6))); -196.617 -2.64762 25.6336 16.3845 -208.514 27
(1,(2,3),((4,6),5)); -195.592 -1.89206 124.172 15.1845 -306.472 27
(1,(2,((4,6),5)),3); -205.076 -1.71506 19.3325 17.0715 -209.052 27
(1,(2,3),(4,(5,6))); -197.77 -2.64762 30.9561 17.0434 -214.33 27
(1,2,(3,((4,6),5))); -195.821 -2.07555 28.4137 15.4475 -210.863 27
(1,(2,3),((4,6),5)); -195.998 -1.89206 31.9174 16.2475 -213.56 27
(1,2,(3,(4,(5,6)))); -195.948 -2.83111 28.2618 14.1708 -212.87 27
(1,(2,((4,6),5)),3); -202.629 -1.71506 18.6441 12.2696 -210.719 27
(1,((2,5),(4,6)),3); -203.059 -2.37731 9.95479 13.3507 -202.04 27
(1,(2,(4,(5,6))),3); -198.026 -2.47062 36.6635 16.0057 -221.154 28
(1,2,((3,4),(5,6))); -203.331 -6.1193 29.2604 15.7886 -222.922 29
(1,(2,((4,6),5)),3); -200.326 -1.71506 16.9437 15.9567 -203.028 27
(1,(2,((4,6),5)),3); -198.3 -1.71506 31.9627 17.5235 -214.454 27
(1,((2,5),3),(4,6)); -243.729 -4.01772 inf 17.0916 -inf 28
(1,(2,((4,6),5)),3); -198.782 -1.71506 27.3651 16.1123 -211.75 27
(1,(2,3),((4,6),5)); -201.4 -1.89206 13.0503 14.4866 -201.856 27
(1,(((2,5),6),4),3); -204.024 -3.29261 25.0363 13.6258 -218.727 28
(1,(2,((4,6),5)),3); -194.606 -1.71506 30.6483 16.0215 -210.947 27
(1,(2,3),(4,(5,6))); -197.632 -2.64762 40.3505 15.4694 -225.161 27
(1,2,(3,((4,6),5))); -194.683 -2.07555 414.349 15.6933 -595.415 27
(1,2,(3,((4,6),5))); -196.831 -2.07555 419.13 16.3352 -601.702 27
(1,(2,((4,6),5)),3); -195.262 -1.71506 30.6689 14.7629 -212.883 27
(1,2,(3,((4,6),5))); -199.001 -2.07555 25.0983 13.983 -212.192 27
(1,(2,3),((4,6),5)); -195.243 -1.89206 28.6611 14.9979 -210.798 27
(1,(2,((4,6),5)),3); -195.69 -1.71506 22.8012 16.4612 -203.745 27
(1,(2,3),(4,(5,6))); -197.023 -2.64762 28.7223 15.1672 -213.226 27
(1,(((2,5),6),4),3); -201.186 -3.29261 27.6669 14.5522 -217.593 28
(1,(2,3),((4,6),5)); -199.849 -1.89206 25.527 15.2259 -212.042 27
(1,(((2,5),6),4),3); -204.454 -3.29261 25.8499 16.4848 -217.111 28
(1,(2,3),((4,6),5)); -196.572 -1.89206 29.45 17.0474 -210.867 27
(1,((2,5),(4,6)),3); -199.02 -2.37731 22.8899 15.2552 -209.032 27
(1,2,(3,((4,6),5))); -196.508 -2.07555 31.5715 16.5958 -213.559 27
(1,((2,(5,6)),4),3); -202.321 -3.10915 23.5101 15.3464 -213.594 28
(1,((2,5),(4,6)),3); -198.402 -2.37731 26.1289 15.5844 -211.323 27
(1,(2,((4,6),5)),3); -198.014 -1.71506 20.9699 15.1773 -205.522 27
(1,((2,5),(4,6)),3); -202.819 -2.37731 18.9328 14.7891 -209.34 27
(1,2,(3,((4,6),5))); -194.235 -2.07555 inf 14.8484 -inf 27
(1,(((2,6),5),4),3); -202.704 -3.73369 33.4839 13.4435 -226.478 28
(1,(2,3),((4,6),5)); -196.678 -1.89206 26.9924 15.3889 -210.174 27
(1,(((2,5),3),6),4); -205.944 -6.3166 46.3065 14.2599 -244.307 31
(1,2,(3,(4,(5,6)))); -198.657 -2.83111 29.3333 15.0832 -215.738 27
(1,(2,3),((4,6),5)); -197.061 -1.89206 inf 16.8874 -inf 27
(1,(((2,6),5),4),3); -202.336 -3.73369 35.8494 14.3576 -227.562 28
(1,(2,3),((4,6),5)); -198.714 -1.89206 23.9476 14.1659 -210.388 27
(1,(2,(4,(5,6))),3); -200.439 -2.47062 20.1693 14.5341 -208.544 28
(1,(2,3),((4,6),5)); -198.11 -1.89206 27.7413 14.7724 -212.971 27
(1,2,(3,((4,6),5))); -198.564 -2.07555 25.0493 16.2171 -209.472 27
(1,2,(3,(4,(5,6)))); -200.297 -2.83111 inf 15.4961 -inf 27
(1,(2,(4,(5,6))),3); -197.261 -2.47062 32.8779 15.3932 -217.217 28
(1,(2,((4,6),5)),3); -196.828 -1.71506 27.7241 16.1923 -210.075 27
(1,(2,((4,6),5)),3); -197.003 -1.71506 29.6097 14.9433 -213.385 27
(1,(2,5),(3,(4,6))); -201.569 -4.90351 27.8559 15.1519 -219.177 28
(1,2,(3,(4,(5,6)))); -198.491 -2.83111 24.1937 15.4573 -210.059 27
(1,(2,3),((4,6),5)); -195.72 -1.89206 26.1035 15.1585 -208.557 27
(1,2,(3,((4,6),5))); -197.153 -2.07555 28.8119 15.0523 -212.989 27
(1,((2,3),5),(4,6)); -199.101 -4.73128 inf 15.1754 -inf 29
(1,2,(3,((4,6),5))); -196.623 -2.07555 inf 16.6179 -inf 27
(1,(2,3),((4,6),5)); -201.896 -1.89206 17.7871 14.569 -207.007 27
