0.289492 0.274357 0.143905 0.292246 0.208212 0.154102 0.0709996 0.0244093 0.533876 0.0084005
0.289492 0.274357 0.143905 0.292246 0.208212 0.154102 0.0709996 0.0244093 0.533876 0.0084005
0.289492 0.274357 0.143905 0.292246 0.208861 0.15566 0.0678416 0.028864 0.530799 0.00797405
0.289492 0.274357 0.143905 0.292246 0.202035 0.163706 0.0776836 0.0336998 0.519222 0.00365317
0.283475 0.265291 0.15587 0.295365 0.202035 0.163706 0.0776836 0.0336998 0.519222 0.00365317
0.283475 0.265291 0.15587 0.295365 0.216267 0.156517 0.0813956 0.0292629 0.514663 0.00189474
0.28478 0.275384 0.15079 0.289046 0.220838 0.151291 0.0773518 0.0259774 0.524314 0.000227178
0.286411 0.27181 0.144415 0.297364 0.21801 0.169643 0.067562 0.0225551 0.52191 0.000319558
0.286411 0.27181 0.144415 0.297364 0.21801 0.169643 0.067562 0.0225551 0.52191 0.000319558
0.286411 0.27181 0.144415 0.297364 0.21801 0.169643 0.067562 0.0225551 0.52191 0.000319558
0.286411 0.27181 0.144415 0.297364 0.221855 0.165887 0.0686606 0.0252842 0.517489 0.000824548
0.286411 0.27181 0.144415 0.297364 0.238671 0.159523 0.0635524 0.0184405 0.518325 0.00148732
0.286411 0.27181 0.144415 0.297364 0.229321 0.15618 0.0748188 0.0123827 0.526078 0.00121932
0.286411 0.27181 0.144415 0.297364 0.229321 0.15618 0.0748188 0.0123827 0.526078 0.00121932
0.286411 0.27181 0.144415 0.297364 0.229321 0.15618 0.0748188 0.0123827 0.526078 0.00121932
0.286411 0.27181 0.144415 0.297364 0.245982 0.160995 0.0680432 0.0161323 0.508292 0.000555995
0.280769 0.274655 0.150053 0.294524 0.236424 0.138116 0.0778603 0.0168518 0.52979 0.000957108
0.280769 0.274655 0.150053 0.294524 0.236424 0.138116 0.0778603 0.0168518 0.52979 0.000957108
0.280769 0.274655 0.150053 0.294524 0.236424 0.138116 0.0778603 0.0168518 0.52979 0.000957108
0.283011 0.268283 0.149838 0.298869 0.231402 0.137806 0.0753232 0.0194966 0.533997 0.00197612
0.283011 0.268283 0.149838 0.298869 0.224686 0.157497 0.0703479 0.0231984 0.521437 0.00283445
0.283011 0.268283 0.149838 0.298869 0.224686 0.157497 0.0703479 0.0231984 0.521437 0.00283445
0.283011 0.268283 0.149838 0.298869 0.224686 0.157497 0.0703479 0.0231984 0.521437 0.00283445
0.281455 0.273871 0.144979 0.299695 0.230822 0.142444 0.0807301 0.0213641 0.52031 0.0043301
0.281455 0.273871 0.144979 0.299695 0.242951 0.155073 0.071708 0.0203276 0.502672 0.00726783
0.281455 0.273871 0.144979 0.299695 0.242951 0.155073 0.071708 0.0203276 0.502672 0.00726783
0.281455 0.273871 0.144979 0.299695 0.242951 0.155073 0.071708 0.0203276 0.502672 0.00726783
0.292635 0.269758 0.143666 0.293941 0.245804 0.167126 0.0765587 0.0240181 0.479174 0.0073185
0.292635 0.269758 0.143666 0.293941 0.253104 0.150337 0.084407 0.0217499 0.485811 0.00459237
0.292635 0.269758 0.143666 0.293941 0.253104 0.150337 0.084407 0.0217499 0.485811 0.00459237
0.292635 0.269758 0.143666 0.293941 0.253104 0.150337 0.084407 0.0217499 0.485811 0.00459237
0.292635 0.269758 0.143666 0.293941 0.257302 0.127925 0.0832167 0.0188234 0.506496 0.0062374
0.292635 0.269758 0.143666 0.293941 0.257302 0.127925 0.0832167 0.0188234 0.506496 0.0062374
0.292635 0.269758 0.143666 0.293941 0.258355 0.11765 0.077919 0.0211145 0.521173 0.00378929
0.292635 0.269758 0.143666 0.293941 0.258355 0.11765 0.077919 0.0211145 0.521173 0.00378929
0.292635 0.269758 0.143666 0.293941 0.241593 0.12757 0.0906788 0.0260093 0.51204 0.00210884
0.284575 0.271464 0.143916 0.300045 0.238256 0.132759 0.0803123 0.0196253 0.52734 0.00170821
0.284575 0.271464 0.143916 0.300045 0.238256 0.132759 0.0803123 0.0196253 0.52734 0.00170821
0.274584 0.268298 0.137267 0.319851 0.238256 0.132759 0.0803123 0.0196253 0.52734 0.00170821
0.274584 0.268298 0.137267 0.319851 0.245359 0.138522 0.0744712 0.0257875 0.514094 0.00176555
0.274584 0.268298 0.137267 0.319851 0.245359 0.138522 0.0744712 0.0257875 0.514094 0.00176555
0.289477 0.268687 0.130569 0.311267 0.245359 0.138522 0.0744712 0.0257875 0.514094 0.00176555
0.30625 0.262364 0.130027 0.301359 0.258838 0.152467 0.069911 0.0228169 0.493407 0.00256018
0.30625 0.262364 0.130027 0.301359 0.272934 0.151886 0.0832607 0.0244582 0.462501 0.004959
0.317848 0.26668 0.136055 0.279416 0.272934 0.151886 0.0832607 0.0244582 0.462501 0.004959
0.304165 0.282211 0.132576 0.281047 0.264148 0.148206 0.0856789 0.024836 0.472636 0.00449435
0.304165 0.282211 0.132576 0.281047 0.264148 0.148206 0.0856789 0.024836 0.472636 0.00449435
0.304165 0.282211 0.132576 0.281047 0.259816 0.162778 0.0884783 0.0203327 0.465679 0.00291707
0.304165 0.282211 0.132576 0.281047 0.252824 0.175017 0.0859869 0.0161365 0.467905 0.00213063
0.304165 0.282211 0.132576 0.281047 0.252824 0.175017 0.0859869 0.0161365 0.467905 0.00213063
0.296733 0.27456 0.141547 0.28716 0.264277 0.166728 0.0867422 0.0197679 0.460412 0.00207287
0.296733 0.27456 0.141547 0.28716 0.24704 0.168349 0.0776116 0.0158136 0.488345 0.00284074
0.296733 0.27456 0.141547 0.28716 0.24704 0.168349 0.0776116 0.0158136 0.488345 0.00284074
0.296733 0.27456 0.141547 0.28716 0.24704 0.168349 0.0776116 0.0158136 0.488345 0.00284074
0.296733 0.27456 0.141547 0.28716 0.240215 0.174963 0.0885507 0.018202 0.476434 0.00163612
0.296733 0.27456 0.141547 0.28716 0.240215 0.174963 0.0885507 0.018202 0.476434 0.00163612
0.296733 0.27456 0.141547 0.28716 0.240215 0.174963 0.0885507 0.018202 0.476434 0.00163612
0.296733 0.27456 0.141547 0.28716 0.255065 0.173868 0.0987037 0.0196601 0.45154 0.00116374
0.296733 0.27456 0.141547 0.28716 0.255065 0.173868 0.0987037 0.0196601 0.45154 0.00116374
0.296733 0.27456 0.141547 0.28716 0.24813 0.175964 0.101917 0.020249 0.452876 0.000863082
0.285721 0.27309 0.145237 0.295953 0.256979 0.175163 0.0995679 0.0162419 0.450023 0.00202495
0.285721 0.27309 0.145237 0.295953 0.241976 0.173974 0.0957413 0.0175135 0.467781 0.00301432
0.285721 0.27309 0.145237 0.295953 0.247124 0.16403 0.0859793 0.0170729 0.481545 0.00424835
0.30067 0.283153 0.13733 0.278848 0.261745 0.14354 0.0965259 0.0173528 0.474937 0.00589956
0.30067 0.283153 0.13733 0.278848 0.261745 0.14354 0.0965259 0.0173528 0.474937 0.00589956
0.30067 0.283153 0.13733 0.278848 0.241631 0.146515 0.0937048 0.0203927 0.489464 0.00829219
0.30067 0.283153 0.13733 0.278848 0.24556 0.143998 0.0804262 0.0268725 0.496121 0.00702267
0.30067 0.283153 0.13733 0.278848 0.24556 0.143998 0.0804262 0.0268725 0.496121 0.00702267
0.295057 0.27478 0.155986 0.274176 0.24556 0.143998 0.0804262 0.0268725 0.496121 0.00702267
0.295057 0.27478 0.155986 0.274176 0.24556 0.143998 0.0804262 0.0268725 0.496121 0.00702267
0.304195 0.273737 0.13796 0.284108 0.24556 0.143998 0.0804262 0.0268725 0.496121 0.00702267
0.304195 0.273737 0.13796 0.284108 0.24556 0.143998 0.0804262 0.0268725 0.496121 0.00702267
0.284421 0.27626 0.142982 0.296338 0.24556 0.143998 0.0804262 0.0268725 0.496121 0.00702267
0.284421 0.27626 0.142982 0.296338 0.24556 0.143998 0.0804262 0.0268725 0.496121 0.00702267
0.284421 0.27626 0.142982 0.296338 0.24556 0.143998 0.0804262 0.0268725 0.496121 0.00702267
0.284421 0.27626 0.142982 0.296338 0.24556 0.143998 0.0804262 0.0268725 0.496121 0.00702267
0.284421 0.27626 0.142982 0.296338 0.24556 0.143998 0.0804262 0.0268725 0.496121 0.00702267
0.284421 0.27626 0.142982 0.296338 0.24556 0.143998 0.0804262 0.0268725 0.496121 0.00702267
0.283043 0.289679 0.128209 0.29907 0.24556 0.143998 0.0804262 0.0268725 0.496121 0.00702267
0.29281 0.270981 0.128538 0.307671 0.24556 0.143998 0.0804262 0.0268725 0.496121 0.00702267
0.292463 0.262839 0.134181 0.310516 0.258094 0.138905 0.0829353 0.0281335 0.486476 0.00545638
0.292463 0.262839 0.134181 0.310516 0.225514 0.140937 0.0986809 0.0369212 0.494037 0.0039095
0.293869 0.255773 0.139878 0.310479 0.215053 0.138349 0.0971756 0.0289696 0.511219 0.00923442
0.293869 0.255773 0.139878 0.310479 0.221184 0.131203 0.0898999 0.034311 0.514839 0.00856331
0.293869 0.255773 0.139878 0.310479 0.221184 0.131203 0.0898999 0.034311 0.514839 0.00856331
0.291729 0.260901 0.137568 0.309803 0.221184 0.131203 0.0898999 0.034311 0.514839 0.00856331
0.291729 0.260901 0.137568 0.309803 0.221184 0.131203 0.0898999 0.034311 0.514839 0.00856331
0.291729 0.260901 0.137568 0.309803 0.221184 0.131203 0.0898999 0.034311 0.514839 0.00856331
0.291729 0.260901 0.137568 0.309803 0.221184 0.131203 0.0898999 0.034311 0.514839 0.00856331
0.291729 0.260901 0.137568 0.309803 0.23392 0.14115 0.07124 0.0329105 0.514006 0.00677392
0.290444 0.275338 0.133948 0.30027 0.209707 0.136093 0.0707792 0.0283036 0.549565 0.00555197
0.290444 0.275338 0.133948 0.30027 0.209707 0.136093 0.0707792 0.0283036 0.549565 0.00555197
0.283931 0.26793 0.150614 0.297525 0.224071 0.12709 0.0783826 0.0199196 0.54606 0.00447655
0.283931 0.26793 0.150614 0.297525 0.23924 0.129454 0.0726621 0.0149041 0.538912 0.00482806
0.280739 0.26217 0.13624 0.320852 0.24967 0.134521 0.0639978 0.0132935 0.533838 0.00467967
0.280739 0.26217 0.13624 0.320852 0.241405 0.13356 0.0661263 0.0129129 0.539756 0.00623931
0.281774 0.261481 0.135034 0.321711 0.253357 0.137222 0.0611678 0.0120152 0.527509 0.00872856
0.281774 0.261481 0.135034 0.321711 0.257847 0.136978 0.061264 0.0125461 0.525893 0.00547248
0.296666 0.2564 0.136955 0.309979 0.261086 0.137735 0.062333 0.010973 0.523431 0.00444233
0.296666 0.2564 0.136955 0.309979 0.26677 0.14349 0.0643086 0.00793053 0.513012 0.0044891
0.296666 0.2564 0.136955 0.309979 0.26677 0.14349 0.0643086 0.00793053 0.513012 0.0044891
0.296666 0.2564 0.136955 0.309979 0.260122 0.125859 0.0789677 0.0130782 0.518726 0.00324683
0.296666 0.2564 0.136955 0.309979 0.267029 0.117302 0.0774189 0.0133961 0.522458 0.00239634
0.296666 0.2564 0.136955 0.309979 0.267029 0.117302 0.0774189 0.0133961 0.522458 0.00239634
0.296666 0.2564 0.136955 0.309979 0.267029 0.117302 0.0774189 0.0133961 0.522458 0.00239634
0.298249 0.262263 0.138015 0.301473 0.267029 0.117302 0.0774189 0.0133961 0.522458 0.00239634
0.298249 0.262263 0.138015 0.301473 0.267029 0.117302 0.0774189 0.0133961 0.522458 0.00239634
0.298249 0.262263 0.138015 0.301473 0.266703 0.114725 0.0735325 0.0153096 0.523471 0.00625862
0.298249 0.262263 0.138015 0.301473 0.252996 0.116089 0.0680227 0.0156049 0.54157 0.00571794
0.283147 0.25989 0.134221 0.322743 0.252996 0.116089 0.0680227 0.0156049 0.54157 0.00571794
0.283147 0.25989 0.134221 0.322743 0.243824 0.126622 0.0689719 0.0297254 0.526573 0.00428335
0.272386 0.2788 0.123922 0.324892 0.240763 0.121127 0.0772733 0.0275406 0.531242 0.00205369
0.272386 0.2788 0.123922 0.324892 0.240763 0.121127 0.0772733 0.0275406 0.531242 0.00205369
0.271174 0.288311 0.129199 0.311316 0.240763 0.121127 0.0772733 0.0275406 0.531242 0.00205369
0.269325 0.292596 0.127128 0.310951 0.240763 0.121127 0.0772733 0.0275406 0.531242 0.00205369
0.278579 0.27862 0.137253 0.305548 0.237716 0.13652 0.0639117 0.0280596 0.527528 0.00626472
0.27647 0.278469 0.127934 0.317127 0.237716 0.13652 0.0639117 0.0280596 0.527528 0.00626472
0.275059 0.273591 0.128288 0.323062 0.237716 0.13652 0.0639117 0.0280596 0.527528 0.00626472
0.275059 0.273591 0.128288 0.323062 0.237716 0.13652 0.0639117 0.0280596 0.527528 0.00626472
0.275059 0.273591 0.128288 0.323062 0.23036 0.147559 0.0677501 0.0279498 0.521179 0.00520206
0.275059 0.273591 0.128288 0.323062 0.242609 0.127456 0.0786446 0.023965 0.52397 0.00335599
0.275059 0.273591 0.128288 0.323062 0.242609 0.127456 0.0786446 0.023965 0.52397 0.00335599
0.280022 0.269527 0.130641 0.31981 0.236723 0.142923 0.0761446 0.0237313 0.517818 0.00266076
0.280022 0.269527 0.130641 0.31981 0.236723 0.142923 0.0761446 0.0237313 0.517818 0.00266076
0.273645 0.276657 0.131831 0.317867 0.236723 0.142923 0.0761446 0.0237313 0.517818 0.00266076
0.273645 0.276657 0.131831 0.317867 0.246411 0.150362 0.0851822 0.0204797 0.495165 0.00239992
0.273645 0.276657 0.131831 0.317867 0.242635 0.14911 0.0838238 0.0226147 0.498312 0.00350488
0.273645 0.276657 0.131831 0.317867 0.242635 0.14911 0.0838238 0.0226147 0.498312 0.00350488
0.291818 0.272808 0.135006 0.300369 0.244493 0.148368 0.0928572 0.0279646 0.485039 0.00127739
0.291818 0.272808 0.135006 0.300369 0.253787 0.157847 0.0897712 0.0253056 0.471407 0.00188219
0.292538 0.270444 0.144185 0.292833 0.253787 0.157847 0.0897712 0.0253056 0.471407 0.00188219
0.292538 0.270444 0.144185 0.292833 0.253787 0.157847 0.0897712 0.0253056 0.471407 0.00188219
0.292538 0.270444 0.144185 0.292833 0.253787 0.157847 0.0897712 0.0253056 0.471407 0.00188219
0.292538 0.270444 0.144185 0.292833 0.253787 0.157847 0.0897712 0.0253056 0.471407 0.00188219
0.292538 0.270444 0.144185 0.292833 0.253787 0.157847 0.0897712 0.0253056 0.471407 0.00188219
0.292538 0.270444 0.144185 0.292833 0.237378 0.147295 0.0904835 0.0244509 0.49703 0.00336269
0.282762 0.266058 0.146091 0.305089 0.237378 0.147295 0.0904835 0.0244509 0.49703 0.00336269
0.282762 0.266058 0.146091 0.305089 0.237378 0.147295 0.0904835 0.0244509 0.49703 0.00336269
0.282762 0.266058 0.146091 0.305089 0.237378 0.147295 0.0904835 0.0244509 0.49703 0.00336269
0.28481 0.256239 0.160068 0.298884 0.237378 0.147295 0.0904835 0.0244509 0.49703 0.00336269
0.279381 0.277895 0.159186 0.283539 0.237378 0.147295 0.0904835 0.0244509 0.49703 0.00336269
0.279381 0.277895 0.159186 0.283539 0.23935 0.154676 0.0926192 0.0215709 0.488639 0.00314409
0.262408 0.283366 0.143812 0.310414 0.236435 0.14752 0.0980504 0.0176222 0.494193 0.00617999
0.262408 0.283366 0.143812 0.310414 0.236435 0.14752 0.0980504 0.0176222 0.494193 0.00617999
0.288503 0.274656 0.147611 0.28923 0.231841 0.162657 0.0962927 0.0172728 0.488303 0.00363383
0.288503 0.274656 0.147611 0.28923 0.236592 0.155078 0.0994769 0.0167421 0.489169 0.00294267
0.288503 0.274656 0.147611 0.28923 0.234471 0.152024 0.0955176 0.0204177 0.495746 0.00182374
0.288503 0.274656 0.147611 0.28923 0.234471 0.152024 0.0955176 0.0204177 0.495746 0.00182374
0.288503 0.274656 0.147611 0.28923 0.234471 0.152024 0.0955176 0.0204177 0.495746 0.00182374
0.302034 0.255372 0.149415 0.293179 0.234471 0.152024 0.0955176 0.0204177 0.495746 0.00182374
0.297672 0.25573 0.148292 0.298306 0.219686 0.172525 0.0971646 0.0141426 0.494957 0.00152531
0.297672 0.25573 0.148292 0.298306 0.228534 0.16784 0.0945645 0.0169117 0.48864 0.00351051
0.297672 0.25573 0.148292 0.298306 0.238748 0.166693 0.0956255 0.0229751 0.474335 0.00162378
0.297672 0.25573 0.148292 0.298306 0.237491 0.187381 0.0960095 0.0264098 0.452456 0.000252675
0.307368 0.258106 0.148826 0.2857 0.224053 0.161087 0.115072 0.0281 0.470454 0.00123424
0.307368 0.258106 0.148826 0.2857 0.222869 0.167539 0.10339 0.0280717 0.47628 0.00185024
0.307368 0.258106 0.148826 0.2857 0.222869 0.167539 0.10339 0.0280717 0.47628 0.00185024
0.307368 0.258106 0.148826 0.2857 0.25494 0.167828 0.0937601 0.0313666 0.449952 0.00215366
0.308451 0.260465 0.147689 0.283395 0.25494 0.167828 0.0937601 0.0313666 0.449952 0.00215366
0.308451 0.260465 0.147689 0.283395 0.246248 0.172909 0.0969754 0.0317114 0.449783 0.00237373
0.308451 0.260465 0.147689 0.283395 0.246248 0.172909 0.0969754 0.0317114 0.449783 0.00237373
0.295939 0.268505 0.156603 0.278953 0.246464 0.164856 0.102295 0.0282806 0.455401 0.00270391
0.295939 0.268505 0.156603 0.278953 0.24053 0.161913 0.100511 0.032076 0.461065 0.00390502
0.297421 0.269383 0.144855 0.28834 0.24053 0.161913 0.100511 0.032076 0.461065 0.00390502
0.297421 0.269383 0.144855 0.28834 0.24053 0.161913 0.100511 0.032076 0.461065 0.00390502
0.297421 0.269383 0.144855 0.28834 0.223055 0.17553 0.0944488 0.0269391 0.474219 0.00580897
0.297421 0.269383 0.144855 0.28834 0.223055 0.17553 0.0944488 0.0269391 0.474219 0.00580897
0.297421 0.269383 0.144855 0.28834 0.223055 0.17553 0.0944488 0.0269391 0.474219 0.00580897
0.301064 0.267639 0.146021 0.285276 0.235791 0.179234 0.0859533 0.0255034 0.465374 0.00814469
0.301064 0.267639 0.146021 0.285276 0.235791 0.179234 0.0859533 0.0255034 0.465374 0.00814469
0.301064 0.267639 0.146021 0.285276 0.235791 0.179234 0.0859533 0.0255034 0.465374 0.00814469
0.301064 0.267639 0.146021 0.285276 0.238249 0.177727 0.0954517 0.0244943 0.459517 0.00456172
0.301064 0.267639 0.146021 0.285276 0.238249 0.177727 0.0954517 0.0244943 0.459517 0.00456172
0.298277 0.243481 0.152571 0.305671 0.241458 0.183686 0.0860472 0.0197186 0.463764 0.00532641
0.276662 0.250565 0.15769 0.315083 0.241458 0.183686 0.0860472 0.0197186 0.463764 0.00532641
0.276662 0.250565 0.15769 0.315083 0.241458 0.183686 0.0860472 0.0197186 0.463764 0.00532641
0.26732 0.266974 0.147622 0.318084 0.241458 0.183686 0.0860472 0.0197186 0.463764 0.00532641
0.26732 0.266974 0.147622 0.318084 0.246139 0.181297 0.0867695 0.0209097 0.45995 0.00493514
0.26732 0.266974 0.147622 0.318084 0.227121 0.185135 0.0821983 0.0207305 0.479649 0.00516488
0.282444 0.267121 0.152715 0.29772 0.227121 0.185135 0.0821983 0.0207305 0.479649 0.00516488
0.282444 0.267121 0.152715 0.29772 0.234347 0.175251 0.0807724 0.0182543 0.486628 0.00474772
0.282444 0.267121 0.152715 0.29772 0.251364 0.160017 0.0729947 0.0176893 0.490673 0.00726211
0.282444 0.267121 0.152715 0.29772 0.251364 0.160017 0.0729947 0.0176893 0.490673 0.00726211
0.282444 0.267121 0.152715 0.29772 0.251364 0.160017 0.0729947 0.0176893 0.490673 0.00726211
0.282444 0.267121 0.152715 0.29772 0.243997 0.145213 0.0796584 0.0186209 0.508572 0.00393929
0.282444 0.267121 0.152715 0.29772 0.243997 0.145213 0.0796584 0.0186209 0.508572 0.00393929
0.285834 0.265377 0.141962 0.306828 0.243997 0.145213 0.0796584 0.0186209 0.508572 0.00393929
0.285834 0.265377 0.141962 0.306828 0.243997 0.145213 0.0796584 0.0186209 0.508572 0.00393929
0.285834 0.265377 0.141962 0.306828 0.24719 0.154534 0.0732176 0.0248622 0.496099 0.00409638
0.285834 0.265377 0.141962 0.306828 0.251709 0.15021 0.0710452 0.0204359 0.503285 0.00331502
0.285834 0.265377 0.141962 0.306828 0.254828 0.164548 0.0634158 0.0188358 0.495362 0.00300976
0.282962 0.250313 0.161466 0.305259 0.254828 0.164548 0.0634158 0.0188358 0.495362 0.00300976
0.263924 0.25968 0.161672 0.314724 0.254828 0.164548 0.0634158 0.0188358 0.495362 0.00300976
0.274125 0.262768 0.167443 0.295664 0.254828 0.164548 0.0634158 0.0188358 0.495362 0.00300976
0.274125 0.262768 0.167443 0.295664 0.252723 0.155561 0.0656574 0.0238002 0.499625 0.00263367
0.274125 0.262768 0.167443 0.295664 0.240089 0.16403 0.0716219 0.0304475 0.490646 0.00316601
0.274125 0.262768 0.167443 0.295664 0.240089 0.16403 0.0716219 0.0304475 0.490646 0.00316601
0.282717 0.257402 0.165061 0.29482 0.240089 0.16403 0.0716219 0.0304475 0.490646 0.00316601
0.276846 0.264795 0.162852 0.295507 0.245151 0.172991 0.0632595 0.0262427 0.488762 0.00359366
0.257742 0.261051 0.168403 0.312804 0.245151 0.172991 0.0632595 0.0262427 0.488762 0.00359366
0.270789 0.251708 0.17794 0.299563 0.229157 0.189393 0.0732371 0.0236297 0.47729 0.00729339
0.270789 0.251708 0.17794 0.299563 0.229157 0.189393 0.0732371 0.0236297 0.47729 0.00729339
0.271667 0.248286 0.18159 0.298457 0.235553 0.191822 0.067977 0.0188784 0.477507 0.00826278
0.276877 0.264116 0.184082 0.274924 0.22669 0.180421 0.0619275 0.0196652 0.506144 0.00515188
0.276877 0.264116 0.184082 0.274924 0.22669 0.180421 0.0619275 0.0196652 0.506144 0.00515188
0.267159 0.261281 0.175262 0.296298 0.22669 0.180421 0.0619275 0.0196652 0.506144 0.00515188
0.267159 0.261281 0.175262 0.296298 0.22669 0.180421 0.0619275 0.0196652 0.506144 0.00515188
0.273557 0.28695 0.166833 0.272659 0.22669 0.180421 0.0619275 0.0196652 0.506144 0.00515188
0.273557 0.28695 0.166833 0.272659 0.230614 0.170321 0.0591957 0.0207385 0.512995 0.0061354
0.280196 0.287966 0.145389 0.286449 0.235149 0.158635 0.0631452 0.0259207 0.506621 0.0105305
0.280196 0.287966 0.145389 0.286449 0.235149 0.158635 0.0631452 0.0259207 0.506621 0.0105305
0.280196 0.287966 0.145389 0.286449 0.235149 0.158635 0.0631452 0.0259207 0.506621 0.0105305
0.280264 0.291248 0.136341 0.292148 0.230713 0.168047 0.0659682 0.0272417 0.498535 0.00949461
0.276583 0.291964 0.135067 0.296387 0.229695 0.167521 0.0628062 0.0245891 0.505955 0.0094339
0.276583 0.291964 0.135067 0.296387 0.229695 0.167521 0.0628062 0.0245891 0.505955 0.0094339
0.276583 0.291964 0.135067 0.296387 0.229695 0.167521 0.0628062 0.0245891 0.505955 0.0094339
0.276583 0.291964 0.135067 0.296387 0.224925 0.170911 0.0640931 0.020187 0.505178 0.014706
0.276583 0.291964 0.135067 0.296387 0.224925 0.170911 0.0640931 0.020187 0.505178 0.014706
0.276583 0.291964 0.135067 0.296387 0.224925 0.170911 0.0640931 0.020187 0.505178 0.014706
0.276583 0.291964 0.135067 0.296387 0.224925 0.170911 0.0640931 0.020187 0.505178 0.014706
0.276583 0.291964 0.135067 0.296387 0.237718 0.169866 0.0676522 0.017633 0.493968 0.0131627
0.276583 0.291964 0.135067 0.296387 0.231423 0.176093 0.0662728 0.0190272 0.495255 0.0119288
0.287093 0.284249 0.156609 0.272049 0.231423 0.176093 0.0662728 0.0190272 0.495255 0.0119288
0.287093 0.284249 0.156609 0.272049 0.231423 0.176093 0.0662728 0.0190272 0.495255 0.0119288
0.285566 0.280718 0.152116 0.2816 0.231423 0.176093 0.0662728 0.0190272 0.495255 0.0119288
0.285566 0.280718 0.152116 0.2816 0.227127 0.165795 0.0723289 0.0185505 0.506392 0.00980594
0.296044 0.267267 0.15567 0.281019 0.235217 0.179806 0.0752205 0.014703 0.481165 0.0138889
0.296044 0.267267 0.15567 0.281019 0.24331 0.186248 0.0813938 0.016783 0.46253 0.0097351
0.296044 0.267267 0.15567 0.281019 0.24331 0.186248 0.0813938 0.016783 0.46253 0.0097351
0.296044 0.267267 0.15567 0.281019 0.219318 0.181562 0.0879893 0.0147805 0.486818 0.00953167
0.296044 0.267267 0.15567 0.281019 0.231899 0.185883 0.101154 0.0158289 0.459768 0.00546729
0.296044 0.267267 0.15567 0.281019 0.253177 0.168084 0.0720161 0.0191984 0.481897 0.00562722
0.296044 0.267267 0.15567 0.281019 0.253177 0.168084 0.0720161 0.0191984 0.481897 0.00562722
0.301523 0.276311 0.135334 0.286833 0.234273 0.173004 0.0797582 0.0150288 0.49211 0.00582643
0.301523 0.276311 0.135334 0.286833 0.234273 0.173004 0.0797582 0.0150288 0.49211 0.00582643
0.301523 0.276311 0.135334 0.286833 0.234273 0.173004 0.0797582 0.0150288 0.49211 0.00582643
0.300787 0.27533 0.143349 0.280534 0.237951 0.172394 0.0796789 0.0158471 0.484606 0.0095228
0.300787 0.27533 0.143349 0.280534 0.237951 0.172394 0.0796789 0.0158471 0.484606 0.0095228
0.294085 0.284428 0.143459 0.278028 0.240093 0.15842 0.0685049 0.0199157 0.504433 0.00863351
0.273588 0.300416 0.14839 0.277606 0.240093 0.15842 0.0685049 0.0199157 0.504433 0.00863351
0.273588 0.300416 0.14839 0.277606 0.240093 0.15842 0.0685049 0.0199157 0.504433 0.00863351
0.272225 0.283136 0.153051 0.291588 0.235734 0.14887 0.070389 0.0274516 0.512241 0.00531475
0.272225 0.283136 0.153051 0.291588 0.235734 0.14887 0.070389 0.0274516 0.512241 0.00531475
0.272225 0.283136 0.153051 0.291588 0.240149 0.149599 0.0699739 0.0263478 0.506921 0.00700953
0.298711 0.266721 0.155869 0.278699 0.223616 0.150199 0.0780974 0.0314733 0.508995 0.00761949
0.302005 0.264978 0.153705 0.279312 0.223616 0.150199 0.0780974 0.0314733 0.508995 0.00761949
0.302005 0.264978 0.153705 0.279312 0.223616 0.150199 0.0780974 0.0314733 0.508995 0.00761949
0.29727 0.27275 0.150531 0.279449 0.223616 0.150199 0.0780974 0.0314733 0.508995 0.00761949
0.279083 0.272065 0.148792 0.30006 0.223616 0.150199 0.0780974 0.0314733 0.508995 0.00761949
0.279083 0.272065 0.148792 0.30006 0.223616 0.150199 0.0780974 0.0314733 0.508995 0.00761949
0.279083 0.272065 0.148792 0.30006 0.223616 0.150199 0.0780974 0.0314733 0.508995 0.00761949
0.279083 0.272065 0.148792 0.30006 0.216648 0.15969 0.0747575 0.0286262 0.514623 0.00565521
0.279083 0.272065 0.148792 0.30006 0.237167 0.14922 0.0731162 0.0276778 0.50759 0.00522856
0.279083 0.272065 0.148792 0.30006 0.237167 0.14922 0.0731162 0.0276778 0.50759 0.00522856
0.278226 0.26796 0.157648 0.296166 0.237167 0.14922 0.0731162 0.0276778 0.50759 0.00522856
0.288197 0.277314 0.145992 0.288498 0.237167 0.14922 0.0731162 0.0276778 0.50759 0.00522856
0.288197 0.277314 0.145992 0.288498 0.237167 0.14922 0.0731162 0.0276778 0.50759 0.00522856
0.288197 0.277314 0.145992 0.288498 0.237167 0.14922 0.0731162 0.0276778 0.50759 0.00522856
0.277967 0.279831 0.14317 0.299032 0.221691 0.166797 0.0747382 0.0223517 0.507994 0.0064279
0.279735 0.27941 0.14671 0.294145 0.21812 0.180199 0.0808732 0.0228939 0.489873 0.00804077
0.279735 0.27941 0.14671 0.294145 0.233171 0.171497 0.0764523 0.029777 0.484566 0.0045364
0.279735 0.27941 0.14671 0.294145 0.231483 0.178166 0.0699545 0.0293155 0.488415 0.00266633
0.281276 0.289586 0.148439 0.280699 0.241862 0.1787 0.0721523 0.0204328 0.483957 0.00289624
0.275673 0.276679 0.161204 0.286444 0.241862 0.1787 0.0721523 0.0204328 0.483957 0.00289624
0.275673 0.276679 0.161204 0.286444 0.241862 0.1787 0.0721523 0.0204328 0.483957 0.00289624
0.275673 0.276679 0.161204 0.286444 0.241862 0.1787 0.0721523 0.0204328 0.483957 0.00289624
0.275673 0.276679 0.161204 0.286444 0.23591 0.170634 0.0777683 0.0190134 0.494504 0.0021711
0.277842 0.262944 0.168621 0.290593 0.236775 0.175712 0.0828936 0.0307925 0.471468 0.00235836
0.277842 0.262944 0.168621 0.290593 0.240138 0.165049 0.0861938 0.0307285 0.47351 0.00438025
0.267745 0.278967 0.160192 0.293096 0.240138 0.165049 0.0861938 0.0307285 0.47351 0.00438025
0.267745 0.278967 0.160192 0.293096 0.240138 0.165049 0.0861938 0.0307285 0.47351 0.00438025
0.267745 0.278967 0.160192 0.293096 0.240138 0.165049 0.0861938 0.0307285 0.47351 0.00438025
0.268911 0.284998 0.146042 0.300049 0.240138 0.165049 0.0861938 0.0307285 0.47351 0.00438025
0.280183 0.265257 0.146246 0.308314 0.240138 0.165049 0.0861938 0.0307285 0.47351 0.00438025
0.280183 0.265257 0.146246 0.308314 0.234562 0.167109 0.0792735 0.0260681 0.490295 0.00269159
0.280183 0.265257 0.146246 0.308314 0.234562 0.167109 0.0792735 0.0260681 0.490295 0.00269159
0.280183 0.265257 0.146246 0.308314 0.234562 0.167109 0.0792735 0.0260681 0.490295 0.00269159
0.280183 0.265257 0.146246 0.308314 0.224565 0.171162 0.089886 0.0220837 0.490723 0.0015795
0.287532 0.252953 0.152578 0.306937 0.224565 0.171162 0.089886 0.0220837 0.490723 0.0015795
0.287532 0.252953 0.152578 0.306937 0.216749 0.151419 0.0968929 0.0238716 0.510009 0.00105772
0.300588 0.258853 0.149162 0.291397 0.216749 0.151419 0.0968929 0.0238716 0.510009 0.00105772
0.300588 0.258853 0.149162 0.291397 0.204446 0.170549 0.104007 0.017533 0.501666 0.00179928
0.300588 0.258853 0.149162 0.291397 0.204446 0.170549 0.104007 0.017533 0.501666 0.00179928
0.300588 0.258853 0.149162 0.291397 0.211046 0.163019 0.104084 0.0182761 0.498885 0.00469061
0.297179 0.255037 0.154349 0.293435 0.211046 0.163019 0.104084 0.0182761 0.498885 0.00469061
0.297179 0.255037 0.154349 0.293435 0.224834 0.171657 0.118396 0.0123987 0.468323 0.00438993
0.285346 0.26758 0.148606 0.298468 0.224834 0.171657 0.118396 0.0123987 0.468323 0.00438993
0.285346 0.26758 0.148606 0.298468 0.227984 0.170656 0.104389 0.0128064 0.479105 0.00505968
0.285346 0.26758 0.148606 0.298468 0.227984 0.170656 0.104389 0.0128064 0.479105 0.00505968
0.285346 0.26758 0.148606 0.298468 0.223973 0.174526 0.0888729 0.0126822 0.49562 0.00432587
0.285346 0.26758 0.148606 0.298468 0.238643 0.179319 0.0880912 0.0106667 0.477678 0.0056029
0.285346 0.26758 0.148606 0.298468 0.238643 0.179319 0.0880912 0.0106667 0.477678 0.0056029
0.285346 0.26758 0.148606 0.298468 0.250303 0.182705 0.088956 0.0117676 0.457764 0.00850416
0.285346 0.26758 0.148606 0.298468 0.247722 0.183575 0.0869067 0.0159415 0.456745 0.00910924
0.285346 0.26758 0.148606 0.298468 0.248942 0.165112 0.087347 0.0162207 0.468273 0.014105
0.285346 0.26758 0.148606 0.298468 0.248942 0.165112 0.087347 0.0162207 0.468273 0.014105
0.285346 0.26758 0.148606 0.298468 0.248942 0.165112 0.087347 0.0162207 0.468273 0.014105
0.285346 0.26758 0.148606 0.298468 0.248942 0.165112 0.087347 0.0162207 0.468273 0.014105
0.285346 0.26758 0.148606 0.298468 0.248942 0.165112 0.087347 0.0162207 0.468273 0.014105
0.285346 0.26758 0.148606 0.298468 0.248942 0.165112 0.087347 0.0162207 0.468273 0.014105
0.285346 0.26758 0.148606 0.298468 0.248942 0.165112 0.087347 0.0162207 0.468273 0.014105
0.285346 0.26758 0.148606 0.298468 0.248942 0.165112 0.087347 0.0162207 0.468273 0.014105
0.283164 0.262948 0.152149 0.301739 0.248942 0.165112 0.087347 0.0162207 0.468273 0.014105
0.283164 0.262948 0.152149 0.301739 0.241722 0.166714 0.0929932 0.0180152 0.468179 0.012377
0.28547 0.259129 0.149181 0.30622 0.241722 0.166714 0.0929932 0.0180152 0.468179 0.012377
0.28547 0.259129 0.149181 0.30622 0.241722 0.166714 0.0929932 0.0180152 0.468179 0.012377
0.28547 0.259129 0.149181 0.30622 0.241722 0.166714 0.0929932 0.0180152 0.468179 0.012377
0.282469 0.271871 0.151864 0.293795 0.246796 0.159228 0.0966624 0.0197736 0.462555 0.014985
0.282469 0.271871 0.151864 0.293795 0.244731 0.154546 0.0973007 0.021138 0.464234 0.0180506
0.282469 0.271871 0.151864 0.293795 0.244731 0.154546 0.0973007 0.021138 0.464234 0.0180506
0.287951 0.276975 0.143436 0.291638 0.244731 0.154546 0.0973007 0.021138 0.464234 0.0180506
0.296299 0.27362 0.1511 0.27898 0.244731 0.154546 0.0973007 0.021138 0.464234 0.0180506
0.296299 0.27362 0.1511 0.27898 0.244731 0.154546 0.0973007 0.021138 0.464234 0.0180506
0.280025 0.275095 0.166398 0.278482 0.239452 0.151972 0.0856497 0.0263309 0.480651 0.015945
0.280025 0.275095 0.166398 0.278482 0.250018 0.152642 0.0934213 0.0217021 0.465195 0.0170215
0.298747 0.256939 0.154457 0.289857 0.250018 0.152642 0.0934213 0.0217021 0.465195 0.0170215
0.298747 0.256939 0.154457 0.289857 0.250018 0.152642 0.0934213 0.0217021 0.465195 0.0170215
0.298747 0.256939 0.154457 0.289857 0.24327 0.151366 0.095141 0.0152868 0.479014 0.0159219
0.298747 0.256939 0.154457 0.289857 0.24327 0.151366 0.095141 0.0152868 0.479014 0.0159219
0.298747 0.256939 0.154457 0.289857 0.24327 0.151366 0.095141 0.0152868 0.479014 0.0159219
0.298747 0.256939 0.154457 0.289857 0.24327 0.151366 0.095141 0.0152868 0.479014 0.0159219
0.293128 0.261724 0.15741 0.287739 0.24327 0.151366 0.095141 0.0152868 0.479014 0.0159219
0.293128 0.261724 0.15741 0.287739 0.23462 0.148146 0.0968297 0.0170377 0.490225 0.0131412
0.293128 0.261724 0.15741 0.287739 0.23462 0.148146 0.0968297 0.0170377 0.490225 0.0131412
0.293128 0.261724 0.15741 0.287739 0.233969 0.165907 0.0928263 0.0125514 0.484905 0.00984036
0.298344 0.270734 0.135442 0.29548 0.239189 0.158178 0.0906854 0.0137143 0.490764 0.00746884
0.280955 0.269438 0.147068 0.302539 0.239189 0.158178 0.0906854 0.0137143 0.490764 0.00746884
0.280955 0.269438 0.147068 0.302539 0.239189 0.158178 0.0906854 0.0137143 0.490764 0.00746884
0.280955 0.269438 0.147068 0.302539 0.249456 0.151962 0.0862463 0.0104914 0.494819 0.007026
0.280955 0.269438 0.147068 0.302539 0.249456 0.151962 0.0862463 0.0104914 0.494819 0.007026
0.280955 0.269438 0.147068 0.302539 0.249456 0.151962 0.0862463 0.0104914 0.494819 0.007026
0.280955 0.269438 0.147068 0.302539 0.249456 0.151962 0.0862463 0.0104914 0.494819 0.007026
0.280955 0.269438 0.147068 0.302539 0.259493 0.162155 0.081691 0.0135096 0.478904 0.00424616
0.280955 0.269438 0.147068 0.302539 0.259493 0.162155 0.081691 0.0135096 0.478904 0.00424616
0.280955 0.269438 0.147068 0.302539 0.259493 0.162155 0.081691 0.0135096 0.478904 0.00424616
0.280955 0.269438 0.147068 0.302539 0.259493 0.162155 0.081691 0.0135096 0.478904 0.00424616
0.277693 0.27093 0.153315 0.298062 0.260361 0.157358 0.0837146 0.0121043 0.481928 0.00453377
0.277693 0.27093 0.153315 0.298062 0.260361 0.157358 0.0837146 0.0121043 0.481928 0.00453377
0.273881 0.276852 0.137117 0.31215 0.274235 0.141919 0.0904548 0.0112138 0.477767 0.00441098
0.277349 0.267427 0.14711 0.308114 0.251939 0.154941 0.0963927 0.0140688 0.479198 0.00345987
0.277349 0.267427 0.14711 0.308114 0.251939 0.154941 0.0963927 0.0140688 0.479198 0.00345987
0.277349 0.267427 0.14711 0.308114 0.251939 0.154941 0.0963927 0.0140688 0.479198 0.00345987
0.284634 0.259406 0.153824 0.302135 0.251939 0.154941 0.0963927 0.0140688 0.479198 0.00345987
0.284634 0.259406 0.153824 0.302135 0.240963 0.15451 0.0964112 0.015481 0.489116 0.0035192
0.284634 0.259406 0.153824 0.302135 0.235015 0.176308 0.0942275 0.0204307 0.46966 0.00435936
0.284634 0.259406 0.153824 0.302135 0.230547 0.179877 0.075553 0.0223239 0.487736 0.00396341
0.284634 0.259406 0.153824 0.302135 0.229039 0.164794 0.0753162 0.0216119 0.501946 0.00729372
0.284634 0.259406 0.153824 0.302135 0.224656 0.16735 0.0791054 0.0220925 0.501177 0.00561911
0.284634 0.259406 0.153824 0.302135 0.224656 0.16735 0.0791054 0.0220925 0.501177 0.00561911
0.284634 0.259406 0.153824 0.302135 0.224656 0.16735 0.0791054 0.0220925 0.501177 0.00561911
0.284634 0.259406 0.153824 0.302135 0.220266 0.157689 0.0934412 0.0252183 0.498756 0.00462983
0.284634 0.259406 0.153824 0.302135 0.220266 0.157689 0.0934412 0.0252183 0.498756 0.00462983
0.284634 0.259406 0.153824 0.302135 0.204355 0.150772 0.10183 0.0267486 0.509968 0.00632671
0.284634 0.259406 0.153824 0.302135 0.211187 0.160876 0.103934 0.0258299 0.48962 0.00855356
0.284634 0.259406 0.153824 0.302135 0.204358 0.175668 0.101893 0.0285033 0.482142 0.0074356
0.28275 0.267226 0.148811 0.301213 0.21215 0.166945 0.105211 0.021658 0.487108 0.00692758
0.28275 0.267226 0.148811 0.301213 0.21215 0.166945 0.105211 0.021658 0.487108 0.00692758
0.297413 0.260104 0.156553 0.28593 0.21215 0.166945 0.105211 0.021658 0.487108 0.00692758
0.297413 0.260104 0.156553 0.28593 0.222007 0.163136 0.109439 0.0186044 0.478006 0.00880734
0.278538 0.267074 0.147576 0.306813 0.222007 0.163136 0.109439 0.0186044 0.478006 0.00880734
0.278538 0.267074 0.147576 0.306813 0.222007 0.163136 0.109439 0.0186044 0.478006 0.00880734
0.278538 0.267074 0.147576 0.306813 0.222007 0.163136 0.109439 0.0186044 0.478006 0.00880734
0.278538 0.267074 0.147576 0.306813 0.222007 0.163136 0.109439 0.0186044 0.478006 0.00880734
0.278538 0.267074 0.147576 0.306813 0.222007 0.163136 0.109439 0.0186044 0.478006 0.00880734
0.293211 0.266579 0.13917 0.30104 0.222007 0.163136 0.109439 0.0186044 0.478006 0.00880734
0.293211 0.266579 0.13917 0.30104 0.222007 0.163136 0.109439 0.0186044 0.478006 0.00880734
0.293211 0.266579 0.13917 0.30104 0.222007 0.163136 0.109439 0.0186044 0.478006 0.00880734
0.293211 0.266579 0.13917 0.30104 0.240367 0.163738 0.0951607 0.0128035 0.484386 0.0035442
0.293211 0.266579 0.13917 0.30104 0.238544 0.166139 0.110037 0.0165142 0.462822 0.00594397
0.293211 0.266579 0.13917 0.30104 0.223591 0.161403 0.111822 0.017716 0.477096 0.00837218
0.301012 0.263201 0.14389 0.291897 0.228314 0.152457 0.115845 0.0161192 0.481475 0.00579049
0.301012 0.263201 0.14389 0.291897 0.228314 0.152457 0.115845 0.0161192 0.481475 0.00579049
0.301012 0.263201 0.14389 0.291897 0.228644 0.139844 0.11733 0.0137162 0.495512 0.0049541
0.311584 0.276175 0.12135 0.290891 0.234628 0.137444 0.111644 0.0111783 0.497448 0.0076587
0.296955 0.289863 0.118277 0.294905 0.234628 0.137444 0.111644 0.0111783 0.497448 0.0076587
0.296955 0.289863 0.118277 0.294905 0.234628 0.137444 0.111644 0.0111783 0.497448 0.0076587
0.296955 0.289863 0.118277 0.294905 0.23578 0.13582 0.103587 0.0144473 0.503485 0.00688
0.296955 0.289863 0.118277 0.294905 0.23578 0.13582 0.103587 0.0144473 0.503485 0.00688
0.269272 0.281122 0.147137 0.302468 0.23578 0.13582 0.103587 0.0144473 0.503485 0.00688
0.290146 0.269921 0.156726 0.283207 0.23578 0.13582 0.103587 0.0144473 0.503485 0.00688
0.290146 0.269921 0.156726 0.283207 0.210014 0.151414 0.10425 0.0231366 0.504826 0.0063587
0.290146 0.269921 0.156726 0.283207 0.210014 0.151414 0.10425 0.0231366 0.504826 0.0063587
0.290146 0.269921 0.156726 0.283207 0.210014 0.151414 0.10425 0.0231366 0.504826 0.0063587
0.290146 0.269921 0.156726 0.283207 0.210014 0.151414 0.10425 0.0231366 0.504826 0.0063587
0.290146 0.269921 0.156726 0.283207 0.210014 0.151414 0.10425 0.0231366 0.504826 0.0063587
0.290146 0.269921 0.156726 0.283207 0.210014 0.151414 0.10425 0.0231366 0.504826 0.0063587
0.290146 0.269921 0.156726 0.283207 0.209527 0.160849 0.104529 0.0206404 0.498658 0.00579696
0.290146 0.269921 0.156726 0.283207 0.235525 0.146851 0.102111 0.021007 0.487616 0.00689012
0.300074 0.253232 0.159687 0.287006 0.235525 0.146851 0.102111 0.021007 0.487616 0.00689012
0.300074 0.253232 0.159687 0.287006 0.230465 0.147529 0.0951368 0.022685 0.495659 0.00852483
0.300074 0.253232 0.159687 0.287006 0.230465 0.147529 0.0951368 0.022685 0.495659 0.00852483
0.300074 0.253232 0.159687 0.287006 0.236086 0.150039 0.0921848 0.0196124 0.49484 0.00723775
0.289756 0.253666 0.160864 0.295715 0.236086 0.150039 0.0921848 0.0196124 0.49484 0.00723775
0.289756 0.253666 0.160864 0.295715 0.236086 0.150039 0.0921848 0.0196124 0.49484 0.00723775
0.289756 0.253666 0.160864 0.295715 0.248493 0.158777 0.0797102 0.0208565 0.483717 0.00844571
0.300211 0.253048 0.136973 0.309768 0.248493 0.158777 0.0797102 0.0208565 0.483717 0.00844571
0.300211 0.253048 0.136973 0.309768 0.248493 0.158777 0.0797102 0.0208565 0.483717 0.00844571
0.300211 0.253048 0.136973 0.309768 0.242073 0.148919 0.0871865 0.0151288 0.496411 0.0102816
0.300211 0.253048 0.136973 0.309768 0.242073 0.148919 0.0871865 0.0151288 0.496411 0.0102816
0.309781 0.251431 0.137045 0.301742 0.242073 0.148919 0.0871865 0.0151288 0.496411 0.0102816
0.309781 0.251431 0.137045 0.301742 0.242073 0.148919 0.0871865 0.0151288 0.496411 0.0102816
0.309781 0.251431 0.137045 0.301742 0.269268 0.152427 0.0772831 0.012056 0.482848 0.00611798
0.297862 0.249021 0.145267 0.30785 0.269268 0.152427 0.0772831 0.012056 0.482848 0.00611798
0.266767 0.280408 0.143414 0.309411 0.255728 0.143357 0.0739834 0.0147657 0.507878 0.00428837
0.293693 0.273036 0.137484 0.295788 0.255728 0.143357 0.0739834 0.0147657 0.507878 0.00428837
0.293693 0.273036 0.137484 0.295788 0.255728 0.143357 0.0739834 0.0147657 0.507878 0.00428837
0.293693 0.273036 0.137484 0.295788 0.255728 0.143357 0.0739834 0.0147657 0.507878 0.00428837
0.293693 0.273036 0.137484 0.295788 0.270963 0.138629 0.0752577 0.0160894 0.496032 0.00302781
0.293693 0.273036 0.137484 0.295788 0.253329 0.141578 0.0645895 0.0164748 0.519246 0.00478352
0.284661 0.277034 0.144392 0.293913 0.253329 0.141578 0.0645895 0.0164748 0.519246 0.00478352
0.284661 0.277034 0.144392 0.293913 0.253329 0.141578 0.0645895 0.0164748 0.519246 0.00478352
0.284661 0.277034 0.144392 0.293913 0.253329 0.141578 0.0645895 0.0164748 0.519246 0.00478352
0.284661 0.277034 0.144392 0.293913 0.253329 0.141578 0.0645895 0.0164748 0.519246 0.00478352
0.284661 0.277034 0.144392 0.293913 0.259818 0.129378 0.0652444 0.0166349 0.52237 0.00655422
0.284661 0.277034 0.144392 0.293913 0.28281 0.133223 0.0643292 0.0113184 0.502099 0.00621942
0.289649 0.273337 0.1486 0.288414 0.269756 0.139124 0.0713933 0.0127343 0.499322 0.00767081
0.289649 0.273337 0.1486 0.288414 0.269756 0.139124 0.0713933 0.0127343 0.499322 0.00767081
0.289649 0.273337 0.1486 0.288414 0.255845 0.150505 0.0729065 0.0157776 0.499694 0.00527171
0.291014 0.26811 0.142478 0.298397 0.236489 0.160186 0.0755167 0.017577 0.505497 0.00473429
0.291014 0.26811 0.142478 0.298397 0.2544 0.160183 0.0731857 0.0180953 0.486776 0.00736048
0.291014 0.26811 0.142478 0.298397 0.2473 0.164995 0.0735516 0.0207861 0.487133 0.00623444
0.284493 0.267996 0.153165 0.294346 0.2473 0.164995 0.0735516 0.0207861 0.487133 0.00623444
0.284493 0.267996 0.153165 0.294346 0.2473 0.164995 0.0735516 0.0207861 0.487133 0.00623444
0.284493 0.267996 0.153165 0.294346 0.23846 0.180374 0.0665128 0.0202226 0.490009 0.00442199
0.284493 0.267996 0.153165 0.294346 0.23846 0.180374 0.0665128 0.0202226 0.490009 0.00442199
0.284493 0.267996 0.153165 0.294346 0.229509 0.153324 0.0641114 0.0221783 0.527638 0.00323946
0.284493 0.267996 0.153165 0.294346 0.229509 0.153324 0.0641114 0.0221783 0.527638 0.00323946
0.284493 0.267996 0.153165 0.294346 0.244715 0.140942 0.0700497 0.0164203 0.524418 0.00345505
0.282907 0.266182 0.151321 0.29959 0.244715 0.140942 0.0700497 0.0164203 0.524418 0.00345505
0.277222 0.274457 0.134763 0.313558 0.236939 0.150513 0.0749702 0.0212428 0.513543 0.00279165
0.27506 0.277439 0.130765 0.316736 0.239635 0.144315 0.0860307 0.0170082 0.510327 0.0026847
0.27506 0.277439 0.130765 0.316736 0.239635 0.144315 0.0860307 0.0170082 0.510327 0.0026847
0.27506 0.277439 0.130765 0.316736 0.239635 0.144315 0.0860307 0.0170082 0.510327 0.0026847
0.285449 0.280198 0.147681 0.286672 0.224836 0.154829 0.0891833 0.0155814 0.512223 0.00334693
0.280099 0.281009 0.146501 0.292392 0.224836 0.154829 0.0891833 0.0155814 0.512223 0.00334693
0.280099 0.281009 0.146501 0.292392 0.224836 0.154829 0.0891833 0.0155814 0.512223 0.00334693
0.280099 0.281009 0.146501 0.292392 0.224836 0.154829 0.0891833 0.0155814 0.512223 0.00334693
0.280099 0.281009 0.146501 0.292392 0.224836 0.154829 0.0891833 0.0155814 0.512223 0.00334693
0.280099 0.281009 0.146501 0.292392 0.224836 0.154829 0.0891833 0.0155814 0.512223 0.00334693
0.280099 0.281009 0.146501 0.292392 0.224836 0.154829 0.0891833 0.0155814 0.512223 0.00334693
0.280099 0.281009 0.146501 0.292392 0.224836 0.154829 0.0891833 0.0155814 0.512223 0.00334693
0.280099 0.281009 0.146501 0.292392 0.225159 0.150356 0.0836799 0.0147183 0.521967 0.00411999
0.280099 0.281009 0.146501 0.292392 0.225159 0.150356 0.0836799 0.0147183 0.521967 0.00411999
0.280099 0.281009 0.146501 0.292392 0.235014 0.152224 0.0812987 0.0185645 0.507065 0.00583339
0.280099 0.281009 0.146501 0.292392 0.250413 0.146438 0.0867254 0.0135546 0.493672 0.00919745
0.280099 0.281009 0.146501 0.292392 0.239904 0.164079 0.0797253 0.0111898 0.497324 0.00777859
0.280099 0.281009 0.146501 0.292392 0.229787 0.149727 0.0809245 0.0194284 0.511187 0.00894648
0.271295 0.286668 0.149473 0.292564 0.229787 0.149727 0.0809245 0.0194284 0.511187 0.00894648
0.271295 0.286668 0.149473 0.292564 0.229787 0.149727 0.0809245 0.0194284 0.511187 0.00894648
0.27305 0.282226 0.147238 0.297486 0.229787 0.149727 0.0809245 0.0194284 0.511187 0.00894648
0.27305 0.282226 0.147238 0.297486 0.229787 0.149727 0.0809245 0.0194284 0.511187 0.00894648
0.279671 0.273617 0.140059 0.306654 0.225932 0.14525 0.0768938 0.018434 0.528127 0.00536318
0.279671 0.273617 0.140059 0.306654 0.223127 0.144001 0.0763345 0.0193323 0.533506 0.00369886
0.279671 0.273617 0.140059 0.306654 0.228473 0.152658 0.0775792 0.0152627 0.52378 0.00224726
0.279671 0.273617 0.140059 0.306654 0.228473 0.152658 0.0775792 0.0152627 0.52378 0.00224726
0.279671 0.273617 0.140059 0.306654 0.228473 0.152658 0.0775792 0.0152627 0.52378 0.00224726
0.279671 0.273617 0.140059 0.306654 0.228473 0.152658 0.0775792 0.0152627 0.52378 0.00224726
0.279671 0.273617 0.140059 0.306654 0.228473 0.152658 0.0775792 0.0152627 0.52378 0.00224726
0.279671 0.273617 0.140059 0.306654 0.233249 0.153826 0.0823883 0.0195428 0.510448 0.000545522
0.279671 0.273617 0.140059 0.306654 0.233249 0.153826 0.0823883 0.0195428 0.510448 0.000545522
0.279671 0.273617 0.140059 0.306654 0.233249 0.153826 0.0823883 0.0195428 0.510448 0.000545522
0.279671 0.273617 0.140059 0.306654 0.233249 0.153826 0.0823883 0.0195428 0.510448 0.000545522
0.27697 0.294456 0.13686 0.291714 0.233249 0.153826 0.0823883 0.0195428 0.510448 0.000545522
0.27697 0.294456 0.13686 0.291714 0.233249 0.153826 0.0823883 0.0195428 0.510448 0.000545522
0.27697 0.294456 0.13686 0.291714 0.233249 0.153826 0.0823883 0.0195428 0.510448 0.000545522
0.27697 0.294456 0.13686 0.291714 0.233249 0.153826 0.0823883 0.0195428 0.510448 0.000545522
0.27697 0.294456 0.13686 0.291714 0.233249 0.153826 0.0823883 0.0195428 0.510448 0.000545522
0.27697 0.294456 0.13686 0.291714 0.233249 0.153826 0.0823883 0.0195428 0.510448 0.000545522
0.27697 0.294456 0.13686 0.291714 0.233249 0.153826 0.0823883 0.0195428 0.510448 0.000545522
0.27697 0.294456 0.13686 0.291714 0.233249 0.153826 0.0823883 0.0195428 0.510448 0.000545522
0.27697 0.294456 0.13686 0.291714 0.23133 0.157966 0.0821376 0.016748 0.511273 0.000545504
0.27697 0.294456 0.13686 0.291714 0.217842 0.15401 0.0985629 0.0231631 0.504953 0.00146959
0.254753 0.304877 0.144752 0.295617 0.217842 0.15401 0.0985629 0.0231631 0.504953 0.00146959
0.261375 0.301726 0.143694 0.293205 0.217842 0.15401 0.0985629 0.0231631 0.504953 0.00146959
0.261375 0.301726 0.143694 0.293205 0.217842 0.15401 0.0985629 0.0231631 0.504953 0.00146959
0.286421 0.283149 0.138539 0.291891 0.217842 0.15401 0.0985629 0.0231631 0.504953 0.00146959
0.286421 0.283149 0.138539 0.291891 0.217842 0.15401 0.0985629 0.0231631 0.504953 0.00146959
0.286421 0.283149 0.138539 0.291891 0.212826 0.158826 0.102403 0.0213265 0.503528 0.00109047
0.286421 0.283149 0.138539 0.291891 0.212826 0.158826 0.102403 0.0213265 0.503528 0.00109047
0.286421 0.283149 0.138539 0.291891 0.212826 0.158826 0.102403 0.0213265 0.503528 0.00109047
0.286421 0.283149 0.138539 0.291891 0.212826 0.158826 0.102403 0.0213265 0.503528 0.00109047
0.270597 0.283718 0.144517 0.301169 0.212826 0.158826 0.102403 0.0213265 0.503528 0.00109047
0.270597 0.283718 0.144517 0.301169 0.221476 0.147663 0.0962869 0.0173689 0.514924 0.00228107
0.286843 0.259356 0.144531 0.30927 0.221476 0.147663 0.0962869 0.0173689 0.514924 0.00228107
0.286843 0.259356 0.144531 0.30927 0.20476 0.140939 0.0902191 0.023762 0.539761 0.000559586
0.295152 0.268462 0.147678 0.288708 0.20476 0.140939 0.0902191 0.023762 0.539761 0.000559586
0.295152 0.268462 0.147678 0.288708 0.220415 0.138954 0.0787248 0.019451 0.540796 0.00165965
0.295152 0.268462 0.147678 0.288708 0.220745 0.125814 0.0973334 0.0185079 0.533216 0.00438418
0.295152 0.268462 0.147678 0.288708 0.220745 0.125814 0.0973334 0.0185079 0.533216 0.00438418
0.296682 0.259501 0.143155 0.300662 0.220745 0.125814 0.0973334 0.0185079 0.533216 0.00438418
0.296682 0.259501 0.143155 0.300662 0.236508 0.126008 0.0921424 0.0228664 0.517605 0.00487084
0.296682 0.259501 0.143155 0.300662 0.236508 0.126008 0.0921424 0.0228664 0.517605 0.00487084
0.296682 0.259501 0.143155 0.300662 0.250901 0.127384 0.102862 0.0227631 0.490119 0.0059706
0.280514 0.26592 0.135144 0.318423 0.250901 0.127384 0.102862 0.0227631 0.490119 0.0059706
0.280514 0.26592 0.135144 0.318423 0.250901 0.127384 0.102862 0.0227631 0.490119 0.0059706
0.285317 0.255052 0.134305 0.325327 0.250901 0.127384 0.102862 0.0227631 0.490119 0.0059706
0.285317 0.255052 0.134305 0.325327 0.244509 0.130406 0.105854 0.0288973 0.487106 0.00322759
0.285585 0.255761 0.151602 0.307052 0.237481 0.132546 0.117647 0.02471 0.486511 0.00110484
0.285108 0.261377 0.134285 0.319231 0.237481 0.132546 0.117647 0.02471 0.486511 0.00110484
0.285108 0.261377 0.134285 0.319231 0.237481 0.132546 0.117647 0.02471 0.486511 0.00110484
0.28478 0.258746 0.157373 0.299101 0.2369 0.134016 0.102444 0.0284939 0.496913 0.00123265
0.28478 0.258746 0.157373 0.299101 0.22041 0.152429 0.1104 0.0294326 0.485594 0.00173432
0.28478 0.258746 0.157373 0.299101 0.22816 0.145407 0.106817 0.0263716 0.488598 0.00464692
0.28478 0.258746 0.157373 0.299101 0.22816 0.145407 0.106817 0.0263716 0.488598 0.00464692
0.306429 0.254415 0.155218 0.283938 0.22816 0.145407 0.106817 0.0263716 0.488598 0.00464692
0.306429 0.254415 0.155218 0.283938 0.252763 0.136942 0.091803 0.0264423 0.488515 0.00353586
0.302995 0.254924 0.157011 0.28507 0.252763 0.136942 0.091803 0.0264423 0.488515 0.00353586
0.302995 0.254924 0.157011 0.28507 0.252887 0.156465 0.0965808 0.0331679 0.457002 0.00389728
0.302995 0.254924 0.157011 0.28507 0.243591 0.161147 0.0908587 0.032602 0.46873 0.00307214
0.283307 0.261254 0.15888 0.296558 0.221716 0.169612 0.0972641 0.0286024 0.47821 0.00459536
0.283307 0.261254 0.15888 0.296558 0.221716 0.169612 0.0972641 0.0286024 0.47821 0.00459536
0.283307 0.261254 0.15888 0.296558 0.229371 0.176429 0.0894716 0.0259475 0.474915 0.00386587
0.283307 0.261254 0.15888 0.296558 0.229371 0.176429 0.0894716 0.0259475 0.474915 0.00386587
0.283307 0.261254 0.15888 0.296558 0.232714 0.155715 0.0992434 0.0258826 0.48502 0.00142443
0.284936 0.271649 0.157654 0.28576 0.219542 0.167151 0.0974899 0.0276421 0.487802 0.000372062
0.284936 0.271649 0.157654 0.28576 0.219542 0.167151 0.0974899 0.0276421 0.487802 0.000372062
0.284936 0.271649 0.157654 0.28576 0.219542 0.167151 0.0974899 0.0276421 0.487802 0.000372062
0.286465 0.263815 0.161964 0.287755 0.219542 0.167151 0.0974899 0.0276421 0.487802 0.000372062
0.276195 0.274288 0.160409 0.289108 0.217397 0.172449 0.0935612 0.0263746 0.489745 0.000473653
0.276195 0.274288 0.160409 0.289108 0.226247 0.161149 0.0961595 0.0272109 0.48703 0.00220306
0.276195 0.274288 0.160409 0.289108 0.226247 0.161149 0.0961595 0.0272109 0.48703 0.00220306
0.286251 0.268421 0.166486 0.278842 0.226247 0.161149 0.0961595 0.0272109 0.48703 0.00220306
0.288363 0.255195 0.170063 0.286379 0.240409 0.169868 0.0936995 0.0299467 0.463723 0.00235405
0.288363 0.255195 0.170063 0.286379 0.240409 0.169868 0.0936995 0.0299467 0.463723 0.00235405
0.288363 0.255195 0.170063 0.286379 0.240409 0.169868 0.0936995 0.0299467 0.463723 0.00235405
0.283177 0.271077 0.149322 0.296424 0.233164 0.154566 0.103755 0.0315628 0.473974 0.00297888
0.283177 0.271077 0.149322 0.296424 0.233164 0.154566 0.103755 0.0315628 0.473974 0.00297888
0.283177 0.271077 0.149322 0.296424 0.233164 0.154566 0.103755 0.0315628 0.473974 0.00297888
0.279234 0.272185 0.14679 0.30179 0.233164 0.154566 0.103755 0.0315628 0.473974 0.00297888
0.276069 0.267438 0.146149 0.310344 0.233164 0.154566 0.103755 0.0315628 0.473974 0.00297888
0.276069 0.267438 0.146149 0.310344 0.234533 0.151807 0.102643 0.0338626 0.475164 0.00199002
0.282066 0.272463 0.147047 0.298424 0.229278 0.167985 0.0953262 0.0273151 0.478231 0.00186407
0.279811 0.265481 0.141547 0.313161 0.244402 0.156849 0.0815985 0.0284563 0.484557 0.00413661
0.284783 0.268489 0.150599 0.29613 0.243024 0.165777 0.0709344 0.0211437 0.496236 0.00288519
0.284783 0.268489 0.150599 0.29613 0.243024 0.165777 0.0709344 0.0211437 0.496236 0.00288519
0.293721 0.255143 0.155644 0.295492 0.250108 0.15799 0.067033 0.0221922 0.497214 0.00546373
0.293721 0.255143 0.155644 0.295492 0.250108 0.15799 0.067033 0.0221922 0.497214 0.00546373
0.293721 0.255143 0.155644 0.295492 0.250108 0.15799 0.067033 0.0221922 0.497214 0.00546373
0.293721 0.255143 0.155644 0.295492 0.250108 0.15799 0.067033 0.0221922 0.497214 0.00546373
0.289568 0.268564 0.142413 0.299456 0.250108 0.15799 0.067033 0.0221922 0.497214 0.00546373
0.289568 0.268564 0.142413 0.299456 0.256817 0.152983 0.0617904 0.0221238 0.501809 0.00447688
0.289568 0.268564 0.142413 0.299456 0.233812 0.154034 0.069877 0.0199634 0.514746 0.00756779
0.289568 0.268564 0.142413 0.299456 0.232846 0.154316 0.0668985 0.0108563 0.529112 0.00597157
0.280722 0.262581 0.145853 0.310844 0.232846 0.154316 0.0668985 0.0108563 0.529112 0.00597157
0.280722 0.262581 0.145853 0.310844 0.232846 0.154316 0.0668985 0.0108563 0.529112 0.00597157
0.285082 0.268531 0.141769 0.304618 0.232846 0.154316 0.0668985 0.0108563 0.529112 0.00597157
0.285368 0.264745 0.159443 0.290443 0.232846 0.154316 0.0668985 0.0108563 0.529112 0.00597157
0.275019 0.260235 0.154363 0.310383 0.232846 0.154316 0.0668985 0.0108563 0.529112 0.00597157
0.280024 0.253016 0.15624 0.31072 0.234864 0.152651 0.0611459 0.00948882 0.536156 0.00569431
0.280024 0.253016 0.15624 0.31072 0.228198 0.153544 0.0648501 0.0160019 0.532767 0.00463996
0.281626 0.263184 0.142467 0.312723 0.213895 0.15752 0.0752526 0.0192328 0.525502 0.00859822
0.281626 0.263184 0.142467 0.312723 0.213895 0.15752 0.0752526 0.0192328 0.525502 0.00859822
0.281626 0.263184 0.142467 0.312723 0.213895 0.15752 0.0752526 0.0192328 0.525502 0.00859822
0.281626 0.263184 0.142467 0.312723 0.202006 0.161708 0.0789224 0.0217836 0.530043 0.00553703
0.304147 0.257905 0.141433 0.296516 0.193917 0.158406 0.0758568 0.0250982 0.539532 0.00719016
0.304147 0.257905 0.141433 0.296516 0.193917 0.158406 0.0758568 0.0250982 0.539532 0.00719016
0.304147 0.257905 0.141433 0.296516 0.193917 0.158406 0.0758568 0.0250982 0.539532 0.00719016
0.292225 0.266758 0.141635 0.299382 0.193917 0.158406 0.0758568 0.0250982 0.539532 0.00719016
0.292225 0.266758 0.141635 0.299382 0.207273 0.157456 0.0614626 0.0187006 0.549569 0.00553957
0.292225 0.266758 0.141635 0.299382 0.209564 0.169502 0.0709348 0.0178103 0.52568 0.00650884
0.292225 0.266758 0.141635 0.299382 0.212567 0.157716 0.0784797 0.0188025 0.524826 0.00760918
0.292225 0.266758 0.141635 0.299382 0.223802 0.149835 0.069476 0.0189006 0.528346 0.0096399
0.292225 0.266758 0.141635 0.299382 0.223802 0.149835 0.069476 0.0189006 0.528346 0.0096399
0.28738 0.275206 0.13563 0.301784 0.239864 0.146314 0.0617997 0.0181662 0.516623 0.0172332
0.28738 0.275206 0.13563 0.301784 0.233411 0.144952 0.0615847 0.0149933 0.526554 0.0185063
0.28738 0.275206 0.13563 0.301784 0.243208 0.156241 0.064532 0.0144403 0.505357 0.016222
0.279798 0.274769 0.150678 0.294756 0.248445 0.16342 0.0696189 0.0119544 0.489157 0.0174041
0.279798 0.274769 0.150678 0.294756 0.248445 0.16342 0.0696189 0.0119544 0.489157 0.0174041
0.279798 0.274769 0.150678 0.294756 0.252049 0.150927 0.0734661 0.0119057 0.4973 0.014352
0.279798 0.274769 0.150678 0.294756 0.252049 0.150927 0.0734661 0.0119057 0.4973 0.014352
0.279798 0.274769 0.150678 0.294756 0.252049 0.150927 0.0734661 0.0119057 0.4973 0.014352
0.279798 0.274769 0.150678 0.294756 0.242842 0.157092 0.0774711 0.0128686 0.491886 0.0178405
0.279798 0.274769 0.150678 0.294756 0.239735 0.152333 0.063305 0.0148314 0.509338 0.020457
0.288235 0.253256 0.162168 0.296341 0.233226 0.146869 0.0713666 0.0163992 0.515022 0.017116
0.288235 0.253256 0.162168 0.296341 0.246986 0.149649 0.0679818 0.0129275 0.507663 0.0147925
0.27432 0.264256 0.168574 0.292849 0.261778 0.171466 0.0718695 0.0110211 0.468399 0.0154668
0.277448 0.262985 0.167845 0.291722 0.261778 0.171466 0.0718695 0.0110211 0.468399 0.0154668
0.277448 0.262985 0.167845 0.291722 0.261778 0.171466 0.0718695 0.0110211 0.468399 0.0154668
0.299441 0.26337 0.1402 0.296989 0.261778 0.171466 0.0718695 0.0110211 0.468399 0.0154668
0.299441 0.26337 0.1402 0.296989 0.246559 0.17216 0.0658891 0.012743 0.489076 0.0135723
0.299441 0.26337 0.1402 0.296989 0.249176 0.165908 0.0812277 0.00851982 0.481093 0.014076
0.302739 0.252696 0.147791 0.296774 0.231721 0.161097 0.0838341 0.010747 0.497309 0.0152923
0.292464 0.264542 0.137544 0.30545 0.237356 0.142561 0.092159 0.0146292 0.499888 0.0134063
0.292464 0.264542 0.137544 0.30545 0.237356 0.142561 0.092159 0.0146292 0.499888 0.0134063
0.285363 0.281678 0.13021 0.30275 0.237356 0.142561 0.092159 0.0146292 0.499888 0.0134063
0.283624 0.277734 0.125686 0.312956 0.239514 0.140144 0.0942973 0.0130181 0.503263 0.00976366
0.277974 0.267171 0.138445 0.31641 0.239514 0.140144 0.0942973 0.0130181 0.503263 0.00976366
0.292326 0.254099 0.141394 0.312181 0.236479 0.131778 0.098427 0.0117595 0.504607 0.0169496
0.277019 0.258506 0.144778 0.319698 0.238137 0.141918 0.0977066 0.0170526 0.491415 0.013772
0.277019 0.258506 0.144778 0.319698 0.248589 0.152782 0.093005 0.0147567 0.476447 0.01442
0.277019 0.258506 0.144778 0.319698 0.239898 0.158848 0.0918199 0.0152802 0.480028 0.0141256
0.277019 0.258506 0.144778 0.319698 0.239898 0.158848 0.0918199 0.0152802 0.480028 0.0141256
0.277019 0.258506 0.144778 0.319698 0.239898 0.158848 0.0918199 0.0152802 0.480028 0.0141256
0.2736 0.272851 0.141309 0.312241 0.239898 0.158848 0.0918199 0.0152802 0.480028 0.0141256
0.289135 0.263032 0.147262 0.30057 0.239898 0.158848 0.0918199 0.0152802 0.480028 0.0141256
0.289135 0.263032 0.147262 0.30057 0.239898 0.158848 0.0918199 0.0152802 0.480028 0.0141256
0.289135 0.263032 0.147262 0.30057 0.239898 0.158848 0.0918199 0.0152802 0.480028 0.0141256
0.289135 0.263032 0.147262 0.30057 0.224506 0.148855 0.086341 0.0136884 0.511459 0.0151504
0.280895 0.268148 0.145986 0.304971 0.239987 0.149192 0.0782454 0.0172757 0.504618 0.0106814
0.280895 0.268148 0.145986 0.304971 0.246684 0.144928 0.0734461 0.0133279 0.513253 0.00836133
0.280895 0.268148 0.145986 0.304971 0.246684 0.144928 0.0734461 0.0133279 0.513253 0.00836133
0.280895 0.268148 0.145986 0.304971 0.246684 0.144928 0.0734461 0.0133279 0.513253 0.00836133
0.280895 0.268148 0.145986 0.304971 0.246684 0.144928 0.0734461 0.0133279 0.513253 0.00836133
0.280895 0.268148 0.145986 0.304971 0.246684 0.144928 0.0734461 0.0133279 0.513253 0.00836133
0.280895 0.268148 0.145986 0.304971 0.246684 0.144928 0.0734461 0.0133279 0.513253 0.00836133
0.280895 0.268148 0.145986 0.304971 0.247968 0.142274 0.0711225 0.0139781 0.51393 0.0107275
0.280895 0.268148 0.145986 0.304971 0.247968 0.142274 0.0711225 0.0139781 0.51393 0.0107275
0.295922 0.266325 0.142285 0.295468 0.247968 0.142274 0.0711225 0.0139781 0.51393 0.0107275
0.295922 0.266325 0.142285 0.295468 0.244972 0.143062 0.0713574 0.0124911 0.51628 0.0118372
0.277413 0.268345 0.144331 0.309911 0.244972 0.143062 0.0713574 0.0124911 0.51628 0.0118372
0.277413 0.268345 0.144331 0.309911 0.244972 0.143062 0.0713574 0.0124911 0.51628 0.0118372
0.281747 0.279223 0.138184 0.300846 0.244972 0.143062 0.0713574 0.0124911 0.51628 0.0118372
0.281747 0.279223 0.138184 0.300846 0.238171 0.136554 0.0800511 0.0120784 0.520593 0.0125523
0.26525 0.281217 0.146486 0.307047 0.238171 0.136554 0.0800511 0.0120784 0.520593 0.0125523
0.26525 0.281217 0.146486 0.307047 0.238171 0.136554 0.0800511 0.0120784 0.520593 0.0125523
0.26525 0.281217 0.146486 0.307047 0.238171 0.136554 0.0800511 0.0120784 0.520593 0.0125523
0.269799 0.286881 0.145199 0.298122 0.238171 0.136554 0.0800511 0.0120784 0.520593 0.0125523
0.269799 0.286881 0.145199 0.298122 0.239297 0.12412 0.0852864 0.0120707 0.532146 0.00707987
0.269799 0.286881 0.145199 0.298122 0.261627 0.126284 0.0923607 0.0121503 0.500839 0.00673844
0.269799 0.286881 0.145199 0.298122 0.261627 0.126284 0.0923607 0.0121503 0.500839 0.00673844
0.269799 0.286881 0.145199 0.298122 0.261627 0.126284 0.0923607 0.0121503 0.500839 0.00673844
0.262667 0.28265 0.14585 0.308834 0.261627 0.126284 0.0923607 0.0121503 0.500839 0.00673844
0.257421 0.281912 0.146739 0.313928 0.261627 0.126284 0.0923607 0.0121503 0.500839 0.00673844
0.257421 0.281912 0.146739 0.313928 0.261627 0.126284 0.0923607 0.0121503 0.500839 0.00673844
0.275885 0.285762 0.139387 0.298966 0.250914 0.134047 0.084264 0.00993592 0.510077 0.0107624
0.275885 0.285762 0.139387 0.298966 0.262818 0.143852 0.0879809 0.0113923 0.484714 0.0092424
0.275885 0.285762 0.139387 0.298966 0.234785 0.161506 0.0789893 0.0124111 0.504697 0.00761186
0.275885 0.285762 0.139387 0.298966 0.236591 0.15253 0.0894536 0.00983033 0.502708 0.00888725
0.277644 0.284355 0.123844 0.314157 0.236591 0.15253 0.0894536 0.00983033 0.502708 0.00888725
0.272894 0.290554 0.129178 0.307374 0.239568 0.171253 0.0861106 0.0145761 0.484745 0.00374779
0.272894 0.290554 0.129178 0.307374 0.231846 0.157128 0.0923623 0.0169121 0.494059 0.00769324
0.281983 0.275497 0.125093 0.317427 0.231846 0.157128 0.0923623 0.0169121 0.494059 0.00769324
0.281983 0.275497 0.125093 0.317427 0.231846 0.157128 0.0923623 0.0169121 0.494059 0.00769324
0.281983 0.275497 0.125093 0.317427 0.231846 0.157128 0.0923623 0.0169121 0.494059 0.00769324
0.281983 0.275497 0.125093 0.317427 0.225629 0.142713 0.103472 0.014402 0.508852 0.00493151
0.26914 0.278403 0.126829 0.325628 0.222306 0.133895 0.0880312 0.013635 0.534995 0.00713723
0.271718 0.2657 0.133265 0.329318 0.224034 0.139273 0.0937875 0.022206 0.510736 0.00996305
0.271718 0.2657 0.133265 0.329318 0.224034 0.139273 0.0937875 0.022206 0.510736 0.00996305
0.289881 0.270016 0.120932 0.319171 0.213802 0.136346 0.105177 0.0206881 0.518143 0.00584434
0.289881 0.270016 0.120932 0.319171 0.216849 0.123411 0.108007 0.0205358 0.528371 0.00282625
0.289881 0.270016 0.120932 0.319171 0.22102 0.120081 0.092484 0.0211177 0.543249 0.00204794
0.289881 0.270016 0.120932 0.319171 0.22102 0.120081 0.092484 0.0211177 0.543249 0.00204794
0.289542 0.27529 0.118665 0.316504 0.22102 0.120081 0.092484 0.0211177 0.543249 0.00204794
0.289542 0.27529 0.118665 0.316504 0.242639 0.123283 0.0802111 0.0196359 0.532178 0.00205329
0.288483 0.264264 0.126532 0.32072 0.240641 0.131435 0.086939 0.0219564 0.516794 0.00223499
0.288483 0.264264 0.126532 0.32072 0.250576 0.129663 0.0847257 0.0195031 0.512543 0.00298985
0.288483 0.264264 0.126532 0.32072 0.239954 0.146177 0.0796959 0.019401 0.509312 0.00545936
0.280437 0.277349 0.13633 0.305883 0.239954 0.146177 0.0796959 0.019401 0.509312 0.00545936
0.280437 0.277349 0.13633 0.305883 0.239954 0.146177 0.0796959 0.019401 0.509312 0.00545936
0.286031 0.276542 0.1333 0.304128 0.253424 0.143582 0.0773541 0.0148203 0.506478 0.00434189
0.286031 0.276542 0.1333 0.304128 0.244717 0.147348 0.0827263 0.0189643 0.501616 0.00462741
0.286031 0.276542 0.1333 0.304128 0.244717 0.147348 0.0827263 0.0189643 0.501616 0.00462741
0.286031 0.276542 0.1333 0.304128 0.244717 0.147348 0.0827263 0.0189643 0.501616 0.00462741
0.286031 0.276542 0.1333 0.304128 0.240292 0.152262 0.077038 0.0140616 0.512656 0.0036908
0.286031 0.276542 0.1333 0.304128 0.244303 0.151838 0.0799914 0.0170183 0.501142 0.00570758
0.285188 0.28669 0.137909 0.290213 0.244303 0.151838 0.0799914 0.0170183 0.501142 0.00570758
0.285188 0.28669 0.137909 0.290213 0.244303 0.151838 0.0799914 0.0170183 0.501142 0.00570758
0.291637 0.279404 0.14005 0.288909 0.244303 0.151838 0.0799914 0.0170183 0.501142 0.00570758
0.291637 0.279404 0.14005 0.288909 0.244303 0.151838 0.0799914 0.0170183 0.501142 0.00570758
0.291637 0.279404 0.14005 0.288909 0.244303 0.151838 0.0799914 0.0170183 0.501142 0.00570758
0.291637 0.279404 0.14005 0.288909 0.244303 0.151838 0.0799914 0.0170183 0.501142 0.00570758
0.291637 0.279404 0.14005 0.288909 0.228916 0.155373 0.0719135 0.0120663 0.524382 0.00734901
0.291637 0.279404 0.14005 0.288909 0.237509 0.160507 0.063345 0.0157762 0.516008 0.00685493
0.291637 0.279404 0.14005 0.288909 0.237509 0.160507 0.063345 0.0157762 0.516008 0.00685493
0.291637 0.279404 0.14005 0.288909 0.237509 0.160507 0.063345 0.0157762 0.516008 0.00685493
0.291637 0.279404 0.14005 0.288909 0.249766 0.141036 0.072492 0.0150783 0.51598 0.00564761
0.290613 0.284071 0.145637 0.279678 0.268072 0.137054 0.0713855 0.0143006 0.498865 0.0103228
0.296266 0.275892 0.149296 0.278546 0.265576 0.148832 0.062745 0.0153086 0.495074 0.0124638
0.282435 0.273767 0.135315 0.308483 0.265576 0.148832 0.062745 0.0153086 0.495074 0.0124638
0.282435 0.273767 0.135315 0.308483 0.265576 0.148832 0.062745 0.0153086 0.495074 0.0124638
0.276361 0.283522 0.14586 0.294257 0.265576 0.148832 0.062745 0.0153086 0.495074 0.0124638
0.276361 0.283522 0.14586 0.294257 0.265576 0.148832 0.062745 0.0153086 0.495074 0.0124638
0.276361 0.283522 0.14586 0.294257 0.265576 0.148832 0.062745 0.0153086 0.495074 0.0124638
0.276361 0.283522 0.14586 0.294257 0.265576 0.148832 0.062745 0.0153086 0.495074 0.0124638
0.276361 0.283522 0.14586 0.294257 0.25235 0.158905 0.0813577 0.0128885 0.480915 0.0135834
0.276361 0.283522 0.14586 0.294257 0.268582 0.167078 0.0820803 0.0110116 0.462642 0.00860629
0.276361 0.283522 0.14586 0.294257 0.268582 0.167078 0.0820803 0.0110116 0.462642 0.00860629
0.276361 0.283522 0.14586 0.294257 0.268321 0.169038 0.0841776 0.0103346 0.457837 0.0102925
0.276361 0.283522 0.14586 0.294257 0.264403 0.17131 0.0903241 0.00802768 0.45537 0.0105653
0.276361 0.283522 0.14586 0.294257 0.264403 0.17131 0.0903241 0.00802768 0.45537 0.0105653
0.276361 0.283522 0.14586 0.294257 0.256581 0.157947 0.101967 0.0103392 0.461775 0.0113901
0.293867 0.279964 0.145124 0.281045 0.259234 0.15869 0.0950252 0.00833537 0.469568 0.00914692
0.293867 0.279964 0.145124 0.281045 0.252453 0.161712 0.0901168 0.0110421 0.475287 0.00938933
0.293867 0.279964 0.145124 0.281045 0.252453 0.161712 0.0901168 0.0110421 0.475287 0.00938933
0.293867 0.279964 0.145124 0.281045 0.252453 0.161712 0.0901168 0.0110421 0.475287 0.00938933
0.293867 0.279964 0.145124 0.281045 0.252453 0.161712 0.0901168 0.0110421 0.475287 0.00938933
0.299131 0.266441 0.14911 0.285317 0.252453 0.161712 0.0901168 0.0110421 0.475287 0.00938933
0.299131 0.266441 0.14911 0.285317 0.252453 0.161712 0.0901168 0.0110421 0.475287 0.00938933
0.299131 0.266441 0.14911 0.285317 0.252453 0.161712 0.0901168 0.0110421 0.475287 0.00938933
0.294208 0.25991 0.148913 0.296968 0.252453 0.161712 0.0901168 0.0110421 0.475287 0.00938933
0.294208 0.25991 0.148913 0.296968 0.26017 0.145057 0.0905384 0.0146016 0.481436 0.00819711
0.289969 0.259335 0.14527 0.305426 0.249381 0.142666 0.0958742 0.0112024 0.493004 0.00787365
0.289969 0.259335 0.14527 0.305426 0.236069 0.155128 0.104932 0.00915431 0.488374 0.00634396
0.289969 0.259335 0.14527 0.305426 0.236069 0.155128 0.104932 0.00915431 0.488374 0.00634396
0.289969 0.259335 0.14527 0.305426 0.248351 0.156832 0.105067 0.0144427 0.472236 0.00307187
0.289969 0.259335 0.14527 0.305426 0.248351 0.156832 0.105067 0.0144427 0.472236 0.00307187
0.289969 0.259335 0.14527 0.305426 0.240259 0.16718 0.104959 0.01106 0.47487 0.00167265
0.289969 0.259335 0.14527 0.305426 0.240259 0.16718 0.104959 0.01106 0.47487 0.00167265
0.286691 0.257701 0.157559 0.298049 0.245676 0.171876 0.0970814 0.00846048 0.472138 0.00476813
0.286691 0.257701 0.157559 0.298049 0.236566 0.162707 0.0992853 0.0133132 0.48521 0.00291883
0.286691 0.257701 0.157559 0.298049 0.238801 0.178755 0.0987111 0.0148914 0.464971 0.00387066
0.286691 0.257701 0.157559 0.298049 0.236443 0.173237 0.0947619 0.0132837 0.479296 0.00297797
0.286691 0.257701 0.157559 0.298049 0.236443 0.173237 0.0947619 0.0132837 0.479296 0.00297797
0.285895 0.268807 0.149019 0.296279 0.236443 0.173237 0.0947619 0.0132837 0.479296 0.00297797
0.285895 0.268807 0.149019 0.296279 0.236443 0.173237 0.0947619 0.0132837 0.479296 0.00297797
0.285895 0.268807 0.149019 0.296279 0.236443 0.173237 0.0947619 0.0132837 0.479296 0.00297797
0.285895 0.268807 0.149019 0.296279 0.219389 0.171675 0.0970585 0.0138448 0.49089 0.00714294
0.285895 0.268807 0.149019 0.296279 0.23358 0.158529 0.0886231 0.00988126 0.501611 0.0077747
0.292219 0.267446 0.15198 0.288354 0.23358 0.158529 0.0886231 0.00988126 0.501611 0.0077747
0.292219 0.267446 0.15198 0.288354 0.23358 0.158529 0.0886231 0.00988126 0.501611 0.0077747
0.292219 0.267446 0.15198 0.288354 0.23358 0.158529 0.0886231 0.00988126 0.501611 0.0077747
0.292219 0.267446 0.15198 0.288354 0.247535 0.155006 0.101352 0.00959291 0.475548 0.0109671
0.303042 0.253321 0.147531 0.296105 0.238525 0.172348 0.101416 0.00794184 0.474717 0.00505268
0.283604 0.256279 0.156376 0.303741 0.238525 0.172348 0.101416 0.00794184 0.474717 0.00505268
0.283604 0.256279 0.156376 0.303741 0.238525 0.172348 0.101416 0.00794184 0.474717 0.00505268
0.295714 0.257478 0.151019 0.29579 0.238198 0.166249 0.103638 0.0118936 0.474718 0.00530472
0.295714 0.257478 0.151019 0.29579 0.2268 0.179393 0.108614 0.0190676 0.461985 0.00414046
0.295714 0.257478 0.151019 0.29579 0.22675 0.182508 0.104107 0.0184549 0.462585 0.00559422
0.295714 0.257478 0.151019 0.29579 0.22675 0.182508 0.104107 0.0184549 0.462585 0.00559422
0.295714 0.257478 0.151019 0.29579 0.234647 0.17782 0.100982 0.0188758 0.464859 0.00281627
0.297051 0.261292 0.144115 0.297542 0.248458 0.165302 0.105347 0.0212252 0.454604 0.005063
0.297051 0.261292 0.144115 0.297542 0.249288 0.162007 0.102233 0.0243791 0.455593 0.0065006
0.297051 0.261292 0.144115 0.297542 0.249288 0.162007 0.102233 0.0243791 0.455593 0.0065006
0.293988 0.263859 0.138281 0.303872 0.263335 0.164961 0.0963278 0.0204682 0.451422 0.00348507
0.293988 0.263859 0.138281 0.303872 0.265945 0.162104 0.0934367 0.0169987 0.459177 0.00233898
0.290133 0.253424 0.164263 0.29218 0.249707 0.158651 0.099528 0.0221356 0.466264 0.00371414
0.291221 0.251418 0.157646 0.299715 0.249707 0.158651 0.099528 0.0221356 0.466264 0.00371414
0.284594 0.267716 0.14264 0.30505 0.249707 0.158651 0.099528 0.0221356 0.466264 0.00371414
0.284594 0.267716 0.14264 0.30505 0.23712 0.156686 0.108896 0.0232583 0.471221 0.00281874
0.281593 0.26228 0.157535 0.298592 0.22991 0.168062 0.123519 0.0285375 0.447776 0.00219477
0.289367 0.267676 0.156366 0.286592 0.224156 0.160542 0.124131 0.0200884 0.468131 0.00295138
0.289367 0.267676 0.156366 0.286592 0.219531 0.158035 0.118547 0.0204506 0.481052 0.00238487
0.289367 0.267676 0.156366 0.286592 0.224688 0.157428 0.126619 0.0193283 0.468263 0.00367402
0.295646 0.257247 0.160851 0.286257 0.21827 0.175936 0.119045 0.0206357 0.459142 0.00697104
0.296577 0.263327 0.149588 0.290508 0.212737 0.187012 0.10671 0.0225106 0.464682 0.00634926
0.296198 0.268845 0.145726 0.289231 0.212737 0.187012 0.10671 0.0225106 0.464682 0.00634926
0.296198 0.268845 0.145726 0.289231 0.206439 0.170852 0.109371 0.029624 0.477675 0.00603872
0.296198 0.268845 0.145726 0.289231 0.208303 0.165037 0.105985 0.027732 0.488399 0.00454355
0.292473 0.273348 0.134676 0.299503 0.208303 0.165037 0.105985 0.027732 0.488399 0.00454355
0.289061 0.264203 0.148905 0.297832 0.208303 0.165037 0.105985 0.027732 0.488399 0.00454355
0.289061 0.264203 0.148905 0.297832 0.222356 0.158542 0.098368 0.0283803 0.484142 0.00821257
0.279839 0.266312 0.154207 0.299641 0.22759 0.173175 0.0957828 0.0262852 0.467521 0.00964672
0.275815 0.262239 0.143226 0.318721 0.219447 0.174848 0.0992646 0.0229858 0.467691 0.0157633
0.280294 0.264715 0.141239 0.313753 0.219447 0.174848 0.0992646 0.0229858 0.467691 0.0157633
0.280294 0.264715 0.141239 0.313753 0.209207 0.181186 0.105246 0.0216066 0.464067 0.0186881
0.280294 0.264715 0.141239 0.313753 0.209207 0.181186 0.105246 0.0216066 0.464067 0.0186881
0.292023 0.267627 0.1473 0.29305 0.209207 0.181186 0.105246 0.0216066 0.464067 0.0186881
0.292023 0.267627 0.1473 0.29305 0.208012 0.182627 0.10119 0.0183812 0.470477 0.0193127
0.292103 0.270038 0.153854 0.284006 0.221632 0.180294 0.0993271 0.0158774 0.463034 0.0198356
0.292103 0.270038 0.153854 0.284006 0.221632 0.180294 0.0993271 0.0158774 0.463034 0.0198356
0.292103 0.270038 0.153854 0.284006 0.221632 0.180294 0.0993271 0.0158774 0.463034 0.0198356
0.293109 0.2704 0.154669 0.281822 0.221632 0.180294 0.0993271 0.0158774 0.463034 0.0198356
0.293109 0.2704 0.154669 0.281822 0.229971 0.17679 0.0906876 0.0123145 0.46831 0.0219267
0.293109 0.2704 0.154669 0.281822 0.229971 0.17679 0.0906876 0.0123145 0.46831 0.0219267
0.296557 0.268114 0.136142 0.299186 0.232504 0.157883 0.1056 0.0198446 0.466064 0.018104
0.301976 0.268826 0.144043 0.285155 0.232504 0.157883 0.1056 0.0198446 0.466064 0.018104
0.301976 0.268826 0.144043 0.285155 0.232504 0.157883 0.1056 0.0198446 0.466064 0.018104
0.301976 0.268826 0.144043 0.285155 0.232504 0.157883 0.1056 0.0198446 0.466064 0.018104
0.301976 0.268826 0.144043 0.285155 0.232504 0.157883 0.1056 0.0198446 0.466064 0.018104
0.301976 0.268826 0.144043 0.285155 0.232504 0.157883 0.1056 0.0198446 0.466064 0.018104
0.301976 0.268826 0.144043 0.285155 0.226317 0.171823 0.0999785 0.0237616 0.462179 0.0159405
0.301976 0.268826 0.144043 0.285155 0.226317 0.171823 0.0999785 0.0237616 0.462179 0.0159405
0.301976 0.268826 0.144043 0.285155 0.226317 0.171823 0.0999785 0.0237616 0.462179 0.0159405
0.301976 0.268826 0.144043 0.285155 0.228691 0.166317 0.105431 0.0177216 0.463028 0.0188113
0.296206 0.269815 0.135064 0.298915 0.228691 0.166317 0.105431 0.0177216 0.463028 0.0188113
0.286919 0.255341 0.139907 0.317833 0.228691 0.166317 0.105431 0.0177216 0.463028 0.0188113
0.29911 0.254423 0.141829 0.304639 0.220954 0.161728 0.0968317 0.0138055 0.484525 0.0221551
0.297414 0.27352 0.140805 0.288261 0.220954 0.161728 0.0968317 0.0138055 0.484525 0.0221551
0.297414 0.27352 0.140805 0.288261 0.220954 0.161728 0.0968317 0.0138055 0.484525 0.0221551
0.306509 0.262035 0.14753 0.283926 0.21845 0.15619 0.103653 0.0171201 0.486453 0.0181341
0.305955 0.263418 0.146771 0.283856 0.21845 0.15619 0.103653 0.0171201 0.486453 0.0181341
0.305955 0.263418 0.146771 0.283856 0.21845 0.15619 0.103653 0.0171201 0.486453 0.0181341
0.298188 0.262343 0.147657 0.291812 0.225305 0.140623 0.108466 0.0172337 0.493506 0.0148658
0.298188 0.262343 0.147657 0.291812 0.225305 0.140623 0.108466 0.0172337 0.493506 0.0148658
0.298188 0.262343 0.147657 0.291812 0.225305 0.140623 0.108466 0.0172337 0.493506 0.0148658
0.298188 0.262343 0.147657 0.291812 0.225305 0.140623 0.108466 0.0172337 0.493506 0.0148658
0.297625 0.274342 0.134294 0.293739 0.231952 0.144327 0.0947122 0.0231154 0.492254 0.0136395
0.297625 0.274342 0.134294 0.293739 0.254712 0.131421 0.090414 0.024634 0.486332 0.0124878
0.300291 0.262765 0.149287 0.287657 0.254685 0.128872 0.09109 0.0206517 0.497082 0.00761927
0.301256 0.268779 0.139752 0.290213 0.254685 0.128872 0.09109 0.0206517 0.497082 0.00761927
0.301256 0.268779 0.139752 0.290213 0.254026 0.15449 0.0858707 0.0226267 0.474236 0.00875084
0.290005 0.274654 0.141249 0.294092 0.254026 0.15449 0.0858707 0.0226267 0.474236 0.00875084
0.290005 0.274654 0.141249 0.294092 0.254026 0.15449 0.0858707 0.0226267 0.474236 0.00875084
0.29877 0.272844 0.136454 0.291932 0.254026 0.15449 0.0858707 0.0226267 0.474236 0.00875084
0.29877 0.272844 0.136454 0.291932 0.254026 0.15449 0.0858707 0.0226267 0.474236 0.00875084
0.29877 0.272844 0.136454 0.291932 0.254026 0.15449 0.0858707 0.0226267 0.474236 0.00875084
0.29877 0.272844 0.136454 0.291932 0.254026 0.15449 0.0858707 0.0226267 0.474236 0.00875084
0.29877 0.272844 0.136454 0.291932 0.254026 0.15449 0.0858707 0.0226267 0.474236 0.00875084
0.29877 0.272844 0.136454 0.291932 0.253483 0.151415 0.0881608 0.0205233 0.477207 0.00921099
0.295152 0.26747 0.149296 0.288082 0.253483 0.151415 0.0881608 0.0205233 0.477207 0.00921099
0.295152 0.26747 0.149296 0.288082 0.234751 0.166348 0.0917673 0.0231123 0.478604 0.00541684
0.295152 0.26747 0.149296 0.288082 0.234751 0.166348 0.0917673 0.0231123 0.478604 0.00541684
0.295152 0.26747 0.149296 0.288082 0.252511 0.142541 0.0857356 0.0198117 0.493186 0.00621395
0.305731 0.267457 0.133762 0.29305 0.24583 0.146821 0.0875941 0.0240909 0.488695 0.00696987
0.305731 0.267457 0.133762 0.29305 0.241036 0.162077 0.0870027 0.0230904 0.479196 0.00759741
0.305731 0.267457 0.133762 0.29305 0.241036 0.162077 0.0870027 0.0230904 0.479196 0.00759741
0.305731 0.267457 0.133762 0.29305 0.252517 0.164635 0.0830126 0.0159623 0.474344 0.00952933
0.305731 0.267457 0.133762 0.29305 0.255812 0.16545 0.0756212 0.01978 0.47688 0.0064561
0.305731 0.267457 0.133762 0.29305 0.276192 0.163435 0.0795886 0.0193556 0.454017 0.00741216
0.305731 0.267457 0.133762 0.29305 0.276192 0.163435 0.0795886 0.0193556 0.454017 0.00741216
0.295322 0.26401 0.134635 0.306032 0.276192 0.163435 0.0795886 0.0193556 0.454017 0.00741216
0.315352 0.260715 0.130114 0.293819 0.276192 0.163435 0.0795886 0.0193556 0.454017 0.00741216
0.300346 0.274563 0.131 0.294091 0.271315 0.157436 0.0869471 0.020717 0.456308 0.00727633
0.300346 0.274563 0.131 0.294091 0.271315 0.157436 0.0869471 0.020717 0.456308 0.00727633
0.308349 0.265438 0.132886 0.293326 0.269528 0.152275 0.0830392 0.021339 0.46311 0.0107084
0.302991 0.253982 0.144675 0.298351 0.260864 0.151151 0.074886 0.0284179 0.471879 0.0128022
0.302991 0.253982 0.144675 0.298351 0.260864 0.151151 0.074886 0.0284179 0.471879 0.0128022
0.298748 0.272775 0.133378 0.295099 0.258728 0.153933 0.0661778 0.029612 0.482321 0.009228
0.288179 0.273263 0.138415 0.300142 0.248128 0.142801 0.0736176 0.0344267 0.492088 0.00893965
0.283056 0.277935 0.138726 0.300282 0.248128 0.142801 0.0736176 0.0344267 0.492088 0.00893965
0.283056 0.277935 0.138726 0.300282 0.248128 0.142801 0.0736176 0.0344267 0.492088 0.00893965
0.283056 0.277935 0.138726 0.300282 0.248128 0.142801 0.0736176 0.0344267 0.492088 0.00893965
0.283056 0.277935 0.138726 0.300282 0.237078 0.150681 0.0829028 0.0312103 0.491676 0.00645171
0.283056 0.277935 0.138726 0.300282 0.240612 0.149372 0.0906972 0.037796 0.472384 0.00913991
0.283056 0.277935 0.138726 0.300282 0.240612 0.149372 0.0906972 0.037796 0.472384 0.00913991
0.283056 0.277935 0.138726 0.300282 0.240612 0.149372 0.0906972 0.037796 0.472384 0.00913991
0.307711 0.261712 0.136138 0.29444 0.21361 0.149185 0.0929115 0.0346769 0.496732 0.0128839
0.307711 0.261712 0.136138 0.29444 0.202615 0.167195 0.102035 0.0285514 0.490603 0.00900025
0.307711 0.261712 0.136138 0.29444 0.205324 0.155419 0.108819 0.0304423 0.492985 0.00701101
0.307711 0.261712 0.136138 0.29444 0.205324 0.155419 0.108819 0.0304423 0.492985 0.00701101
0.316695 0.259876 0.144173 0.279257 0.205324 0.155419 0.108819 0.0304423 0.492985 0.00701101
0.316695 0.259876 0.144173 0.279257 0.205324 0.155419 0.108819 0.0304423 0.492985 0.00701101
0.316782 0.270278 0.141034 0.271906 0.207245 0.152125 0.111951 0.03371 0.488153 0.00681544
0.303825 0.280795 0.138151 0.277229 0.215782 0.147713 0.108342 0.031296 0.49061 0.00625589
0.303825 0.280795 0.138151 0.277229 0.215782 0.147713 0.108342 0.031296 0.49061 0.00625589
0.29851 0.282901 0.137798 0.280792 0.215782 0.147713 0.108342 0.031296 0.49061 0.00625589
0.29851 0.282901 0.137798 0.280792 0.215782 0.147713 0.108342 0.031296 0.49061 0.00625589
0.286606 0.286638 0.133023 0.293732 0.215782 0.147713 0.108342 0.031296 0.49061 0.00625589
0.282906 0.28761 0.133128 0.296356 0.220341 0.155527 0.0982827 0.0326844 0.484366 0.00879951
0.282906 0.28761 0.133128 0.296356 0.220341 0.155527 0.0982827 0.0326844 0.484366 0.00879951
0.282906 0.28761 0.133128 0.296356 0.220341 0.155527 0.0982827 0.0326844 0.484366 0.00879951
0.289354 0.275484 0.13765 0.297512 0.219269 0.159651 0.107804 0.023803 0.483366 0.00610603
0.274718 0.284452 0.139476 0.301354 0.231045 0.154805 0.108085 0.0215212 0.479188 0.00535441
0.298977 0.261268 0.146261 0.293494 0.226252 0.162078 0.106947 0.023901 0.474175 0.00664833
0.298977 0.261268 0.146261 0.293494 0.226252 0.162078 0.106947 0.023901 0.474175 0.00664833
0.298977 0.261268 0.146261 0.293494 0.226252 0.162078 0.106947 0.023901 0.474175 0.00664833
0.298977 0.261268 0.146261 0.293494 0.226252 0.162078 0.106947 0.023901 0.474175 0.00664833
0.298977 0.261268 0.146261 0.293494 0.226252 0.162078 0.106947 0.023901 0.474175 0.00664833
0.298977 0.261268 0.146261 0.293494 0.226252 0.162078 0.106947 0.023901 0.474175 0.00664833
0.299244 0.272096 0.142817 0.285842 0.239341 0.142456 0.106541 0.0223748 0.483876 0.00541188
0.299244 0.272096 0.142817 0.285842 0.239341 0.142456 0.106541 0.0223748 0.483876 0.00541188
0.279316 0.281942 0.142318 0.296424 0.239341 0.142456 0.106541 0.0223748 0.483876 0.00541188
0.273941 0.279572 0.144235 0.302252 0.229451 0.149266 0.100738 0.0222883 0.493357 0.00489939
0.273941 0.279572 0.144235 0.302252 0.229451 0.149266 0.100738 0.0222883 0.493357 0.00489939
0.273941 0.279572 0.144235 0.302252 0.233059 0.160025 0.0999911 0.0199154 0.481305 0.00570371
0.270415 0.28929 0.140311 0.299983 0.233059 0.160025 0.0999911 0.0199154 0.481305 0.00570371
0.270415 0.28929 0.140311 0.299983 0.233059 0.160025 0.0999911 0.0199154 0.481305 0.00570371
0.270415 0.28929 0.140311 0.299983 0.233059 0.160025 0.0999911 0.0199154 0.481305 0.00570371
0.27441 0.277881 0.149505 0.298204 0.233059 0.160025 0.0999911 0.0199154 0.481305 0.00570371
0.27441 0.277881 0.149505 0.298204 0.233059 0.160025 0.0999911 0.0199154 0.481305 0.00570371
0.277249 0.269427 0.147984 0.30534 0.236305 0.145139 0.104743 0.0168085 0.492154 0.00485053
0.277249 0.269427 0.147984 0.30534 0.236305 0.145139 0.104743 0.0168085 0.492154 0.00485053
0.277249 0.269427 0.147984 0.30534 0.236305 0.145139 0.104743 0.0168085 0.492154 0.00485053
0.277249 0.269427 0.147984 0.30534 0.236305 0.145139 0.104743 0.0168085 0.492154 0.00485053
0.277249 0.269427 0.147984 0.30534 0.236305 0.145139 0.104743 0.0168085 0.492154 0.00485053
0.277249 0.269427 0.147984 0.30534 0.236305 0.145139 0.104743 0.0168085 0.492154 0.00485053
0.277249 0.269427 0.147984 0.30534 0.226658 0.170705 0.0916762 0.012962 0.494313 0.00368604
0.277249 0.269427 0.147984 0.30534 0.235992 0.15729 0.0916429 0.00844725 0.503696 0.00293172
0.277249 0.269427 0.147984 0.30534 0.245364 0.143437 0.0873809 0.00755776 0.513445 0.00281587
0.277249 0.269427 0.147984 0.30534 0.247827 0.146875 0.0948107 0.00934065 0.494613 0.00653375
0.273745 0.265339 0.145153 0.315764 0.247827 0.146875 0.0948107 0.00934065 0.494613 0.00653375
0.285984 0.260579 0.152755 0.300682 0.237387 0.155855 0.101055 0.00807406 0.489187 0.00844261
0.285984 0.260579 0.152755 0.300682 0.237387 0.155855 0.101055 0.00807406 0.489187 0.00844261
0.285984 0.260579 0.152755 0.300682 0.241136 0.145453 0.105381 0.0117542 0.492641 0.00363457
0.287938 0.273428 0.146855 0.291779 0.241136 0.145453 0.105381 0.0117542 0.492641 0.00363457
0.287938 0.273428 0.146855 0.291779 0.241136 0.145453 0.105381 0.0117542 0.492641 0.00363457
0.287938 0.273428 0.146855 0.291779 0.241136 0.145453 0.105381 0.0117542 0.492641 0.00363457
0.287938 0.273428 0.146855 0.291779 0.243484 0.138836 0.100157 0.0127112 0.49875 0.00606201
0.287938 0.273428 0.146855 0.291779 0.243484 0.138836 0.100157 0.0127112 0.49875 0.00606201
0.287938 0.273428 0.146855 0.291779 0.243484 0.138836 0.100157 0.0127112 0.49875 0.00606201
0.287938 0.273428 0.146855 0.291779 0.243484 0.138836 0.100157 0.0127112 0.49875 0.00606201
0.287938 0.273428 0.146855 0.291779 0.243484 0.138836 0.100157 0.0127112 0.49875 0.00606201
0.293215 0.271876 0.144588 0.290321 0.258513 0.139869 0.0977643 0.0114705 0.488684 0.00369988
0.293215 0.271876 0.144588 0.290321 0.258513 0.139869 0.0977643 0.0114705 0.488684 0.00369988
0.293215 0.271876 0.144588 0.290321 0.258513 0.139869 0.0977643 0.0114705 0.488684 0.00369988
0.286029 0.27551 0.156403 0.282058 0.260303 0.152132 0.105495 0.0120522 0.46753 0.00248776
0.286029 0.27551 0.156403 0.282058 0.260303 0.152132 0.105495 0.0120522 0.46753 0.00248776
0.286029 0.27551 0.156403 0.282058 0.260303 0.152132 0.105495 0.0120522 0.46753 0.00248776
0.286029 0.27551 0.156403 0.282058 0.237706 0.169948 0.103895 0.0133204 0.473415 0.00171627
0.28431 0.28394 0.147884 0.283866 0.239545 0.171321 0.089334 0.0159634 0.481426 0.00241071
0.28431 0.28394 0.147884 0.283866 0.239545 0.171321 0.089334 0.0159634 0.481426 0.00241071
0.28431 0.28394 0.147884 0.283866 0.239545 0.171321 0.089334 0.0159634 0.481426 0.00241071
0.283891 0.266865 0.152968 0.296275 0.239545 0.171321 0.089334 0.0159634 0.481426 0.00241071
0.283891 0.266865 0.152968 0.296275 0.239545 0.171321 0.089334 0.0159634 0.481426 0.00241071
0.283891 0.266865 0.152968 0.296275 0.233336 0.178242 0.07491 0.0134195 0.497796 0.00229677
0.297234 0.258241 0.144978 0.299546 0.233336 0.178242 0.07491 0.0134195 0.497796 0.00229677
0.297234 0.258241 0.144978 0.299546 0.243266 0.169324 0.0788726 0.00992264 0.496023 0.00259135
0.297234 0.258241 0.144978 0.299546 0.247471 0.166088 0.0839929 0.010234 0.49093 0.0012846
0.281278 0.288408 0.131366 0.298948 0.247471 0.166088 0.0839929 0.010234 0.49093 0.0012846
0.311128 0.269231 0.145032 0.274609 0.22521 0.181053 0.0845607 0.0155194 0.493342 0.000315525
0.303196 0.257818 0.135367 0.303619 0.207067 0.168127 0.0893559 0.0165373 0.518066 0.000846224
0.279804 0.257821 0.143571 0.318804 0.207067 0.168127 0.0893559 0.0165373 0.518066 0.000846224
0.265644 0.273026 0.143633 0.317698 0.219564 0.171176 0.0903074 0.0185199 0.499971 0.000461423
0.265644 0.273026 0.143633 0.317698 0.219564 0.171176 0.0903074 0.0185199 0.499971 0.000461423
0.277739 0.263015 0.152931 0.306315 0.219564 0.171176 0.0903074 0.0185199 0.499971 0.000461423
0.277739 0.263015 0.152931 0.306315 0.219564 0.171176 0.0903074 0.0185199 0.499971 0.000461423
0.277739 0.263015 0.152931 0.306315 0.219564 0.171176 0.0903074 0.0185199 0.499971 0.000461423
0.277739 0.263015 0.152931 0.306315 0.228938 0.170669 0.0887147 0.0163816 0.493224 0.00207192
0.277739 0.263015 0.152931 0.306315 0.228938 0.170669 0.0887147 0.0163816 0.493224 0.00207192
0.277739 0.263015 0.152931 0.306315 0.225745 0.183201 0.0847464 0.0156757 0.487858 0.00277366
0.276485 0.276282 0.139969 0.307265 0.221704 0.177486 0.0812713 0.0178945 0.49781 0.00383427
0.294525 0.270061 0.152955 0.282459 0.215385 0.160563 0.0908105 0.0201569 0.510779 0.00230601
0.294525 0.270061 0.152955 0.282459 0.215385 0.160563 0.0908105 0.0201569 0.510779 0.00230601
0.292327 0.271106 0.141723 0.294844 0.215385 0.160563 0.0908105 0.0201569 0.510779 0.00230601
0.292327 0.271106 0.141723 0.294844 0.223843 0.159269 0.0943067 0.0216621 0.498458 0.00246104
0.292173 0.274504 0.145299 0.288024 0.223843 0.159269 0.0943067 0.0216621 0.498458 0.00246104
0.292173 0.274504 0.145299 0.288024 0.223843 0.159269 0.0943067 0.0216621 0.498458 0.00246104
0.292173 0.274504 0.145299 0.288024 0.223843 0.159269 0.0943067 0.0216621 0.498458 0.00246104
0.292173 0.274504 0.145299 0.288024 0.223843 0.159269 0.0943067 0.0216621 0.498458 0.00246104
0.292173 0.274504 0.145299 0.288024 0.223843 0.159269 0.0943067 0.0216621 0.498458 0.00246104
0.296948 0.274651 0.154025 0.274376 0.223843 0.159269 0.0943067 0.0216621 0.498458 0.00246104
0.287243 0.28345 0.139985 0.289322 0.228314 0.166348 0.0733009 0.0205115 0.510884 0.000642253
0.292273 0.278109 0.131501 0.298116 0.232042 0.162836 0.0741698 0.0246643 0.505192 0.00109566
0.275004 0.273974 0.150702 0.300321 0.232042 0.162836 0.0741698 0.0246643 0.505192 0.00109566
0.275004 0.273974 0.150702 0.300321 0.232042 0.162836 0.0741698 0.0246643 0.505192 0.00109566
0.275004 0.273974 0.150702 0.300321 0.242267 0.15584 0.0727007 0.0265156 0.500664 0.00201236
0.275004 0.273974 0.150702 0.300321 0.258316 0.161319 0.0767404 0.0176948 0.484321 0.0016078
0.277019 0.275685 0.145006 0.30229 0.249271 0.175321 0.0872308 0.019283 0.463171 0.00572296
0.274239 0.268396 0.140663 0.316702 0.249271 0.175321 0.0872308 0.019283 0.463171 0.00572296
0.274239 0.268396 0.140663 0.316702 0.232298 0.179548 0.0980269 0.0191962 0.462403 0.00852817
0.279109 0.265823 0.144131 0.310937 0.229398 0.183019 0.0816964 0.0134568 0.483474 0.00895544
0.279109 0.265823 0.144131 0.310937 0.229398 0.183019 0.0816964 0.0134568 0.483474 0.00895544
0.279109 0.265823 0.144131 0.310937 0.229398 0.183019 0.0816964 0.0134568 0.483474 0.00895544
0.274538 0.263874 0.144492 0.317096 0.222892 0.165059 0.0723603 0.012504 0.516459 0.0107262
0.284654 0.273288 0.142975 0.299082 0.222892 0.165059 0.0723603 0.012504 0.516459 0.0107262
0.284654 0.273288 0.142975 0.299082 0.219353 0.163431 0.0747044 0.0120834 0.518956 0.0114728
0.284654 0.273288 0.142975 0.299082 0.219353 0.163431 0.0747044 0.0120834 0.518956 0.0114728
0.284654 0.273288 0.142975 0.299082 0.219353 0.163431 0.0747044 0.0120834 0.518956 0.0114728
0.284654 0.273288 0.142975 0.299082 0.215974 0.155111 0.0782431 0.00930485 0.531884 0.00948295
0.284654 0.273288 0.142975 0.299082 0.231403 0.168643 0.0668094 0.010272 0.509398 0.0134756
0.284654 0.273288 0.142975 0.299082 0.231403 0.168643 0.0668094 0.010272 0.509398 0.0134756
0.284654 0.273288 0.142975 0.299082 0.236036 0.167814 0.0619751 0.0161918 0.502317 0.015666
0.278456 0.281042 0.152549 0.287953 0.23391 0.158353 0.0682079 0.0258793 0.496615 0.0170352
0.278456 0.281042 0.152549 0.287953 0.23391 0.158353 0.0682079 0.0258793 0.496615 0.0170352
0.277556 0.281336 0.144043 0.297065 0.238703 0.154147 0.0729508 0.0285938 0.482578 0.0230281
0.277556 0.281336 0.144043 0.297065 0.240631 0.147376 0.0727918 0.0284128 0.491081 0.0197071
0.277556 0.281336 0.144043 0.297065 0.2425 0.13596 0.0681545 0.0240405 0.509352 0.0199935
0.279715 0.279497 0.143132 0.297656 0.252391 0.153009 0.0692348 0.0253886 0.484505 0.015471
0.279715 0.279497 0.143132 0.297656 0.235333 0.161207 0.0710651 0.0198924 0.492749 0.0197539
0.279715 0.279497 0.143132 0.297656 0.235333 0.161207 0.0710651 0.0198924 0.492749 0.0197539
0.279715 0.279497 0.143132 0.297656 0.235333 0.161207 0.0710651 0.0198924 0.492749 0.0197539
0.282969 0.27514 0.142882 0.299008 0.240162 0.164218 0.0712869 0.0210964 0.481326 0.0219099
0.282969 0.27514 0.142882 0.299008 0.240162 0.164218 0.0712869 0.0210964 0.481326 0.0219099
0.289494 0.271389 0.134979 0.304137 0.224139 0.161507 0.0732278 0.0168467 0.496382 0.0278979
0.284224 0.273144 0.134217 0.308416 0.192988 0.157716 0.0714766 0.0220038 0.535758 0.0200574
0.262696 0.273928 0.150198 0.313178 0.192988 0.157716 0.0714766 0.0220038 0.535758 0.0200574
0.262696 0.273928 0.150198 0.313178 0.192988 0.157716 0.0714766 0.0220038 0.535758 0.0200574
0.262696 0.273928 0.150198 0.313178 0.192988 0.157716 0.0714766 0.0220038 0.535758 0.0200574
0.262696 0.273928 0.150198 0.313178 0.192988 0.157716 0.0714766 0.0220038 0.535758 0.0200574
0.262696 0.273928 0.150198 0.313178 0.192988 0.157716 0.0714766 0.0220038 0.535758 0.0200574
0.276206 0.276999 0.152852 0.293944 0.197938 0.154107 0.0754238 0.0242859 0.526113 0.0221323
0.276206 0.276999 0.152852 0.293944 0.197938 0.154107 0.0754238 0.0242859 0.526113 0.0221323
0.276206 0.276999 0.152852 0.293944 0.203853 0.151177 0.0739567 0.0270721 0.526441 0.0174992
0.276206 0.276999 0.152852 0.293944 0.203853 0.151177 0.0739567 0.0270721 0.526441 0.0174992
0.276206 0.276999 0.152852 0.293944 0.220622 0.160277 0.0713692 0.0258142 0.510173 0.0117444
0.276206 0.276999 0.152852 0.293944 0.219045 0.160907 0.0758674 0.0265473 0.509104 0.00852958
0.276027 0.288382 0.151231 0.284359 0.219045 0.160907 0.0758674 0.0265473 0.509104 0.00852958
0.276027 0.288382 0.151231 0.284359 0.21355 0.147938 0.0732405 0.0270114 0.531648 0.00661235
0.276027 0.288382 0.151231 0.284359 0.21355 0.147938 0.0732405 0.0270114 0.531648 0.00661235
0.276027 0.288382 0.151231 0.284359 0.21355 0.147938 0.0732405 0.0270114 0.531648 0.00661235
0.277633 0.294467 0.136936 0.290964 0.21355 0.147938 0.0732405 0.0270114 0.531648 0.00661235
0.277633 0.294467 0.136936 0.290964 0.21355 0.147938 0.0732405 0.0270114 0.531648 0.00661235
0.277633 0.294467 0.136936 0.290964 0.21355 0.147938 0.0732405 0.0270114 0.531648 0.00661235
0.264221 0.294734 0.141926 0.29912 0.217326 0.145746 0.0753221 0.0234024 0.531815 0.00638885
0.264221 0.294734 0.141926 0.29912 0.217326 0.145746 0.0753221 0.0234024 0.531815 0.00638885
0.276472 0.289684 0.14592 0.287924 0.218816 0.151009 0.0801758 0.0226988 0.51864 0.00866102
0.276472 0.289684 0.14592 0.287924 0.218816 0.151009 0.0801758 0.0226988 0.51864 0.00866102
0.276472 0.289684 0.14592 0.287924 0.218816 0.151009 0.0801758 0.0226988 0.51864 0.00866102
0.276472 0.289684 0.14592 0.287924 0.218816 0.151009 0.0801758 0.0226988 0.51864 0.00866102
0.276472 0.289684 0.14592 0.287924 0.218816 0.151009 0.0801758 0.0226988 0.51864 0.00866102
0.276472 0.289684 0.14592 0.287924 0.225429 0.139285 0.0893407 0.0239832 0.5127 0.0092621
0.276472 0.289684 0.14592 0.287924 0.225429 0.139285 0.0893407 0.0239832 0.5127 0.0092621
0.276472 0.289684 0.14592 0.287924 0.238764 0.146358 0.0845453 0.0182915 0.49892 0.0131202
0.27842 0.289261 0.14912 0.283199 0.238764 0.146358 0.0845453 0.0182915 0.49892 0.0131202
0.27842 0.289261 0.14912 0.283199 0.238764 0.146358 0.0845453 0.0182915 0.49892 0.0131202
0.289801 0.27562 0.139338 0.295241 0.238764 0.146358 0.0845453 0.0182915 0.49892 0.0131202
0.296159 0.260813 0.141417 0.30161 0.238764 0.146358 0.0845453 0.0182915 0.49892 0.0131202
0.301638 0.268117 0.135784 0.294462 0.238764 0.146358 0.0845453 0.0182915 0.49892 0.0131202
0.301638 0.268117 0.135784 0.294462 0.246431 0.154614 0.085711 0.0191011 0.48195 0.0121929
0.301638 0.268117 0.135784 0.294462 0.246431 0.154614 0.085711 0.0191011 0.48195 0.0121929
0.283542 0.277908 0.149245 0.289304 0.246899 0.150539 0.0950545 0.0224542 0.469306 0.0157481
0.285404 0.271143 0.156351 0.287102 0.220091 0.155278 0.0966926 0.0231197 0.490444 0.0143744
0.285404 0.271143 0.156351 0.287102 0.213746 0.166245 0.0952463 0.0285102 0.484011 0.0122422
0.284419 0.277967 0.154456 0.283158 0.213746 0.166245 0.0952463 0.0285102 0.484011 0.0122422
0.276325 0.280824 0.154967 0.287884 0.196562 0.179841 0.0863129 0.0232824 0.510583 0.00341857
0.276325 0.280824 0.154967 0.287884 0.223434 0.160628 0.0783763 0.0204922 0.515203 0.0018659
0.278722 0.288686 0.140205 0.292387 0.223434 0.160628 0.0783763 0.0204922 0.515203 0.0018659
0.278722 0.288686 0.140205 0.292387 0.223434 0.160628 0.0783763 0.0204922 0.515203 0.0018659
0.278722 0.288686 0.140205 0.292387 0.223434 0.160628 0.0783763 0.0204922 0.515203 0.0018659
0.278722 0.288686 0.140205 0.292387 0.236044 0.162051 0.0719787 0.0222602 0.504657 0.00300831
0.278722 0.288686 0.140205 0.292387 0.236044 0.162051 0.0719787 0.0222602 0.504657 0.00300831
0.278722 0.288686 0.140205 0.292387 0.224998 0.169499 0.0730078 0.0194318 0.507999 0.00506373
0.278722 0.288686 0.140205 0.292387 0.224998 0.169499 0.0730078 0.0194318 0.507999 0.00506373
0.28374 0.264882 0.142784 0.308594 0.233408 0.153735 0.0761137 0.018163 0.51436 0.00422043
0.294103 0.264813 0.141709 0.299375 0.233408 0.153735 0.0761137 0.018163 0.51436 0.00422043
0.294103 0.264813 0.141709 0.299375 0.233769 0.144528 0.0761935 0.019372 0.520021 0.00611621
0.2905 0.273163 0.143166 0.293171 0.230252 0.139651 0.083768 0.0212998 0.519 0.00602869
0.2905 0.273163 0.143166 0.293171 0.230252 0.139651 0.083768 0.0212998 0.519 0.00602869
0.2905 0.273163 0.143166 0.293171 0.2396 0.142944 0.0793917 0.0232898 0.505646 0.00912881
0.28605 0.280924 0.144077 0.288949 0.247716 0.151315 0.0821894 0.0159633 0.495872 0.0069446
