0.299613 0.259265 0.145004 0.296117 0.237529 0.173495 0.0845697 0.0138115 0.485285 0.00531072
0.294717 0.280948 0.141428 0.282908 0.232314 0.173007 0.093944 0.0134787 0.483216 0.00404107
0.299656 0.275352 0.145601 0.279392 0.232314 0.173007 0.093944 0.0134787 0.483216 0.00404107
0.299656 0.275352 0.145601 0.279392 0.226793 0.156164 0.0911271 0.0131487 0.507521 0.00524622
0.299656 0.275352 0.145601 0.279392 0.223642 0.166256 0.0891794 0.0139575 0.499854 0.00711134
0.285666 0.287218 0.140537 0.286579 0.22642 0.169233 0.0843651 0.0123447 0.496758 0.0108799
0.286245 0.287619 0.135046 0.29109 0.22642 0.169233 0.0843651 0.0123447 0.496758 0.0108799
0.286245 0.287619 0.135046 0.29109 0.222764 0.16265 0.0910755 0.011649 0.496685 0.0151767
0.286245 0.287619 0.135046 0.29109 0.222764 0.16265 0.0910755 0.011649 0.496685 0.0151767
0.286245 0.287619 0.135046 0.29109 0.242232 0.159202 0.0941527 0.0129918 0.479543 0.011878
0.286245 0.287619 0.135046 0.29109 0.243936 0.152455 0.0922374 0.0160866 0.482522 0.0127623
0.306206 0.272501 0.136471 0.284822 0.243936 0.152455 0.0922374 0.0160866 0.482522 0.0127623
0.306206 0.272501 0.136471 0.284822 0.24382 0.151301 0.095368 0.0133382 0.483242 0.0129318
0.296689 0.288217 0.130602 0.284491 0.2448 0.162776 0.0953384 0.0166295 0.467662 0.0127937
0.300508 0.274964 0.136206 0.288321 0.241843 0.179471 0.0813078 0.0130099 0.471322 0.0130463
0.286592 0.280418 0.147935 0.285055 0.244518 0.168896 0.0700108 0.0164667 0.487559 0.0125486
0.286592 0.280418 0.147935 0.285055 0.239721 0.170817 0.0696871 0.0189466 0.488959 0.011869
0.288252 0.259498 0.151352 0.300899 0.239721 0.170817 0.0696871 0.0189466 0.488959 0.011869
0.288252 0.259498 0.151352 0.300899 0.222312 0.163678 0.0788817 0.0205472 0.502113 0.012468
0.288252 0.259498 0.151352 0.300899 0.215053 0.168645 0.0857131 0.0184574 0.50287 0.00926192
0.288252 0.259498 0.151352 0.300899 0.215053 0.168645 0.0857131 0.0184574 0.50287 0.00926192
0.288538 0.2657 0.147806 0.297956 0.215053 0.168645 0.0857131 0.0184574 0.50287 0.00926192
0.288538 0.2657 0.147806 0.297956 0.215053 0.168645 0.0857131 0.0184574 0.50287 0.00926192
0.288538 0.2657 0.147806 0.297956 0.215053 0.168645 0.0857131 0.0184574 0.50287 0.00926192
0.288538 0.2657 0.147806 0.297956 0.219823 0.157414 0.087553 0.0125747 0.511633 0.0110024
0.288538 0.2657 0.147806 0.297956 0.223386 0.149804 0.0962049 0.00969597 0.508615 0.012294
0.288538 0.2657 0.147806 0.297956 0.223386 0.149804 0.0962049 0.00969597 0.508615 0.012294
0.284267 0.278521 0.13784 0.299372 0.223386 0.149804 0.0962049 0.00969597 0.508615 0.012294
0.284267 0.278521 0.13784 0.299372 0.223386 0.149804 0.0962049 0.00969597 0.508615 0.012294
0.284267 0.278521 0.13784 0.299372 0.223386 0.149804 0.0962049 0.00969597 0.508615 0.012294
0.284267 0.278521 0.13784 0.299372 0.224596 0.172658 0.0872045 0.0139308 0.490845 0.0107653
0.284267 0.278521 0.13784 0.299372 0.224596 0.172658 0.0872045 0.0139308 0.490845 0.0107653
0.284267 0.278521 0.13784 0.299372 0.224977 0.155806 0.0867699 0.0151649 0.507653 0.00963006
0.284267 0.278521 0.13784 0.299372 0.224977 0.155806 0.0867699 0.0151649 0.507653 0.00963006
0.284267 0.278521 0.13784 0.299372 0.224977 0.155806 0.0867699 0.0151649 0.507653 0.00963006
0.284267 0.278521 0.13784 0.299372 0.224977 0.155806 0.0867699 0.0151649 0.507653 0.00963006
0.284267 0.278521 0.13784 0.299372 0.224977 0.155806 0.0867699 0.0151649 0.507653 0.00963006
0.275761 0.282998 0.141956 0.299284 0.215509 0.145217 0.0949896 0.0121934 0.52348 0.00861152
0.275761 0.282998 0.141956 0.299284 0.215509 0.145217 0.0949896 0.0121934 0.52348 0.00861152
0.275761 0.282998 0.141956 0.299284 0.239324 0.151398 0.0835254 0.0122961 0.50438 0.0090762
0.275761 0.282998 0.141956 0.299284 0.239324 0.151398 0.0835254 0.0122961 0.50438 0.0090762
0.275761 0.282998 0.141956 0.299284 0.235779 0.161697 0.0841699 0.00926602 0.500953 0.00813573
0.275761 0.282998 0.141956 0.299284 0.235779 0.161697 0.0841699 0.00926602 0.500953 0.00813573
0.275761 0.282998 0.141956 0.299284 0.235779 0.161697 0.0841699 0.00926602 0.500953 0.00813573
0.275761 0.282998 0.141956 0.299284 0.235779 0.161697 0.0841699 0.00926602 0.500953 0.00813573
0.265797 0.276255 0.15173 0.306218 0.235779 0.161697 0.0841699 0.00926602 0.500953 0.00813573
0.266463 0.285651 0.153079 0.294807 0.242977 0.154004 0.0821087 0.0141776 0.500041 0.00669136
0.273803 0.280365 0.151486 0.294346 0.261857 0.150441 0.0838319 0.0106263 0.483922 0.00932237
0.273803 0.280365 0.151486 0.294346 0.263838 0.165621 0.0806458 0.00845935 0.472964 0.00847253
0.273803 0.280365 0.151486 0.294346 0.2826 0.168224 0.0743919 0.00970565 0.457243 0.00783487
0.282795 0.274065 0.158767 0.284373 0.278387 0.162992 0.0702039 0.0139734 0.462042 0.0124026
0.282795 0.274065 0.158767 0.284373 0.272935 0.163278 0.0797363 0.0174881 0.454514 0.0120484
0.297128 0.260746 0.161217 0.280909 0.272935 0.163278 0.0797363 0.0174881 0.454514 0.0120484
0.291026 0.268188 0.159734 0.281052 0.272935 0.163278 0.0797363 0.0174881 0.454514 0.0120484
0.293264 0.256656 0.157056 0.293024 0.272788 0.172093 0.0812729 0.015125 0.44765 0.0110712
0.296901 0.267846 0.149732 0.285521 0.268574 0.152076 0.0806773 0.0205272 0.466557 0.0115884
0.296901 0.267846 0.149732 0.285521 0.268574 0.152076 0.0806773 0.0205272 0.466557 0.0115884
0.296901 0.267846 0.149732 0.285521 0.268574 0.152076 0.0806773 0.0205272 0.466557 0.0115884
0.296901 0.267846 0.149732 0.285521 0.268574 0.152076 0.0806773 0.0205272 0.466557 0.0115884
0.296901 0.267846 0.149732 0.285521 0.268574 0.152076 0.0806773 0.0205272 0.466557 0.0115884
0.296901 0.267846 0.149732 0.285521 0.258809 0.150939 0.0834761 0.0231773 0.472863 0.0107348
0.296901 0.267846 0.149732 0.285521 0.255997 0.144689 0.0913217 0.024367 0.47469 0.00893489
0.287092 0.277851 0.156546 0.278511 0.262229 0.146716 0.0751979 0.0307453 0.479297 0.00581564
0.287092 0.277851 0.156546 0.278511 0.253675 0.137706 0.0818726 0.0278527 0.491239 0.00765435
0.287092 0.277851 0.156546 0.278511 0.253675 0.137706 0.0818726 0.0278527 0.491239 0.00765435
0.294818 0.268154 0.142389 0.294639 0.253675 0.137706 0.0818726 0.0278527 0.491239 0.00765435
0.294818 0.268154 0.142389 0.294639 0.253675 0.137706 0.0818726 0.0278527 0.491239 0.00765435
0.294818 0.268154 0.142389 0.294639 0.253675 0.137706 0.0818726 0.0278527 0.491239 0.00765435
0.288423 0.274162 0.144985 0.29243 0.244912 0.140328 0.0772852 0.0289188 0.500432 0.00812422
0.288423 0.274162 0.144985 0.29243 0.228796 0.143684 0.0739464 0.0263868 0.51932 0.00786714
0.284471 0.253977 0.145215 0.316337 0.228796 0.143684 0.0739464 0.0263868 0.51932 0.00786714
0.273161 0.263532 0.139162 0.324144 0.228796 0.143684 0.0739464 0.0263868 0.51932 0.00786714
0.278072 0.270373 0.138661 0.312895 0.228796 0.143684 0.0739464 0.0263868 0.51932 0.00786714
0.279182 0.270439 0.143381 0.306998 0.232613 0.142584 0.0634852 0.0179211 0.541445 0.00195228
0.279182 0.270439 0.143381 0.306998 0.232613 0.142584 0.0634852 0.0179211 0.541445 0.00195228
0.276992 0.26398 0.141681 0.317347 0.232613 0.142584 0.0634852 0.0179211 0.541445 0.00195228
0.276992 0.26398 0.141681 0.317347 0.243263 0.135988 0.0731217 0.0136739 0.530177 0.00377689
0.271282 0.266739 0.142038 0.319941 0.251871 0.137241 0.0715368 0.0140566 0.521585 0.00370907
0.271282 0.266739 0.142038 0.319941 0.251871 0.137241 0.0715368 0.0140566 0.521585 0.00370907
0.287731 0.278626 0.133821 0.299822 0.251871 0.137241 0.0715368 0.0140566 0.521585 0.00370907
0.287731 0.278626 0.133821 0.299822 0.251871 0.137241 0.0715368 0.0140566 0.521585 0.00370907
0.287731 0.278626 0.133821 0.299822 0.251871 0.137241 0.0715368 0.0140566 0.521585 0.00370907
0.28628 0.288858 0.129078 0.295784 0.246711 0.136491 0.0761733 0.0240884 0.51171 0.00482626
0.296466 0.276184 0.131501 0.295848 0.260672 0.128622 0.0826428 0.0178366 0.507211 0.00301567
0.29019 0.267039 0.149553 0.293218 0.260672 0.128622 0.0826428 0.0178366 0.507211 0.00301567
0.286026 0.281045 0.148783 0.284145 0.260672 0.128622 0.0826428 0.0178366 0.507211 0.00301567
0.286026 0.281045 0.148783 0.284145 0.260672 0.128622 0.0826428 0.0178366 0.507211 0.00301567
0.286026 0.281045 0.148783 0.284145 0.265948 0.137068 0.0883546 0.0197867 0.48597 0.00287287
0.297983 0.274815 0.133732 0.29347 0.265948 0.137068 0.0883546 0.0197867 0.48597 0.00287287
0.297983 0.274815 0.133732 0.29347 0.254481 0.154346 0.0851901 0.0206044 0.477396 0.00798248
0.297983 0.274815 0.133732 0.29347 0.254481 0.154346 0.0851901 0.0206044 0.477396 0.00798248
0.291725 0.290059 0.143598 0.274618 0.254824 0.148317 0.0923566 0.013562 0.485163 0.00577794
0.291725 0.290059 0.143598 0.274618 0.262021 0.142149 0.0880127 0.0140689 0.488724 0.0050245
0.291805 0.289108 0.133611 0.285477 0.254621 0.144885 0.096525 0.0174411 0.483393 0.0031343
0.287243 0.274143 0.145953 0.292661 0.252956 0.15048 0.0834881 0.0155695 0.49616 0.00134608
0.287243 0.274143 0.145953 0.292661 0.252956 0.15048 0.0834881 0.0155695 0.49616 0.00134608
0.287243 0.274143 0.145953 0.292661 0.252956 0.15048 0.0834881 0.0155695 0.49616 0.00134608
0.287243 0.274143 0.145953 0.292661 0.238708 0.159069 0.0826515 0.0201547 0.498527 0.000890301
0.287243 0.274143 0.145953 0.292661 0.238708 0.159069 0.0826515 0.0201547 0.498527 0.000890301
0.267105 0.27929 0.149164 0.304441 0.238708 0.159069 0.0826515 0.0201547 0.498527 0.000890301
0.267105 0.27929 0.149164 0.304441 0.248904 0.155911 0.0805599 0.0182991 0.494535 0.00179019
0.267105 0.27929 0.149164 0.304441 0.248904 0.155911 0.0805599 0.0182991 0.494535 0.00179019
0.267105 0.27929 0.149164 0.304441 0.248904 0.155911 0.0805599 0.0182991 0.494535 0.00179019
0.267105 0.27929 0.149164 0.304441 0.248904 0.155911 0.0805599 0.0182991 0.494535 0.00179019
0.267105 0.27929 0.149164 0.304441 0.237837 0.165582 0.0845058 0.017512 0.492726 0.00183726
0.28631 0.271557 0.13185 0.310282 0.237837 0.165582 0.0845058 0.017512 0.492726 0.00183726
0.28631 0.271557 0.13185 0.310282 0.229501 0.154448 0.0887574 0.0156227 0.510349 0.00132169
0.28631 0.271557 0.13185 0.310282 0.222216 0.145758 0.0935441 0.0160906 0.520751 0.00164054
0.2923 0.268829 0.134788 0.304083 0.222216 0.145758 0.0935441 0.0160906 0.520751 0.00164054
0.275536 0.260963 0.142447 0.321054 0.244373 0.141663 0.0927922 0.0235071 0.495638 0.00202574
0.275536 0.260963 0.142447 0.321054 0.246877 0.139736 0.0893244 0.0255644 0.49489 0.00360866
0.270093 0.264411 0.154642 0.310854 0.226146 0.135505 0.0952352 0.031242 0.509099 0.00277239
0.276547 0.263986 0.146772 0.312696 0.226146 0.135505 0.0952352 0.031242 0.509099 0.00277239
0.275856 0.275787 0.151079 0.297277 0.235098 0.137152 0.0876757 0.0290627 0.505598 0.00541282
0.275856 0.275787 0.151079 0.297277 0.234688 0.146575 0.105091 0.0229615 0.485113 0.00557164
0.285154 0.281154 0.145779 0.287913 0.234688 0.146575 0.105091 0.0229615 0.485113 0.00557164
0.285154 0.281154 0.145779 0.287913 0.22683 0.140255 0.0979548 0.0263496 0.504755 0.00385554
0.285154 0.281154 0.145779 0.287913 0.22683 0.140255 0.0979548 0.0263496 0.504755 0.00385554
0.285154 0.281154 0.145779 0.287913 0.22683 0.140255 0.0979548 0.0263496 0.504755 0.00385554
0.285154 0.281154 0.145779 0.287913 0.22683 0.140255 0.0979548 0.0263496 0.504755 0.00385554
0.285154 0.281154 0.145779 0.287913 0.228543 0.156516 0.096798 0.026657 0.485346 0.00613976
0.285154 0.281154 0.145779 0.287913 0.228543 0.156516 0.096798 0.026657 0.485346 0.00613976
0.285154 0.281154 0.145779 0.287913 0.228543 0.156516 0.096798 0.026657 0.485346 0.00613976
0.285154 0.281154 0.145779 0.287913 0.228543 0.156516 0.096798 0.026657 0.485346 0.00613976
0.285154 0.281154 0.145779 0.287913 0.228179 0.158703 0.112445 0.0243064 0.469278 0.00708846
0.285154 0.281154 0.145779 0.287913 0.229621 0.158062 0.11675 0.0225316 0.463217 0.00981908
0.285154 0.281154 0.145779 0.287913 0.229621 0.158062 0.11675 0.0225316 0.463217 0.00981908
0.292349 0.259152 0.138782 0.309717 0.229621 0.158062 0.11675 0.0225316 0.463217 0.00981908
0.292349 0.259152 0.138782 0.309717 0.229621 0.158062 0.11675 0.0225316 0.463217 0.00981908
0.292349 0.259152 0.138782 0.309717 0.229621 0.158062 0.11675 0.0225316 0.463217 0.00981908
0.283783 0.266659 0.145925 0.303633 0.229621 0.158062 0.11675 0.0225316 0.463217 0.00981908
0.283783 0.266659 0.145925 0.303633 0.229621 0.158062 0.11675 0.0225316 0.463217 0.00981908
0.283783 0.266659 0.145925 0.303633 0.223705 0.16001 0.11676 0.0226143 0.465675 0.0112366
0.283783 0.266659 0.145925 0.303633 0.223705 0.16001 0.11676 0.0226143 0.465675 0.0112366
0.283783 0.266659 0.145925 0.303633 0.233927 0.161477 0.108179 0.0244766 0.460713 0.0112287
0.283783 0.266659 0.145925 0.303633 0.233927 0.161477 0.108179 0.0244766 0.460713 0.0112287
0.293058 0.264166 0.144207 0.29857 0.251596 0.171449 0.0889479 0.0189197 0.457217 0.011869
0.293058 0.264166 0.144207 0.29857 0.251596 0.171449 0.0889479 0.0189197 0.457217 0.011869
0.311029 0.240348 0.142556 0.306066 0.251596 0.171449 0.0889479 0.0189197 0.457217 0.011869
0.305511 0.251519 0.138254 0.304716 0.251596 0.171449 0.0889479 0.0189197 0.457217 0.011869
0.305511 0.251519 0.138254 0.304716 0.257149 0.162978 0.0818543 0.0198121 0.469175 0.0090313
0.305511 0.251519 0.138254 0.304716 0.257149 0.162978 0.0818543 0.0198121 0.469175 0.0090313
0.310101 0.251913 0.138023 0.299963 0.257149 0.162978 0.0818543 0.0198121 0.469175 0.0090313
0.310101 0.251913 0.138023 0.299963 0.244685 0.168917 0.0980514 0.0166112 0.466815 0.00491994
0.302907 0.256171 0.141253 0.299669 0.232984 0.16657 0.0882034 0.0201657 0.482261 0.00981497
0.300928 0.263662 0.144498 0.290912 0.232984 0.16657 0.0882034 0.0201657 0.482261 0.00981497
0.285584 0.275114 0.155922 0.28338 0.232984 0.16657 0.0882034 0.0201657 0.482261 0.00981497
0.285584 0.275114 0.155922 0.28338 0.226776 0.166613 0.0921302 0.0243156 0.480957 0.00920887
0.295247 0.276332 0.13697 0.291452 0.226776 0.166613 0.0921302 0.0243156 0.480957 0.00920887
0.295247 0.276332 0.13697 0.291452 0.226776 0.166613 0.0921302 0.0243156 0.480957 0.00920887
0.295247 0.276332 0.13697 0.291452 0.226776 0.166613 0.0921302 0.0243156 0.480957 0.00920887
0.295247 0.276332 0.13697 0.291452 0.226776 0.166613 0.0921302 0.0243156 0.480957 0.00920887
0.295247 0.276332 0.13697 0.291452 0.226776 0.166613 0.0921302 0.0243156 0.480957 0.00920887
0.295247 0.276332 0.13697 0.291452 0.226776 0.166613 0.0921302 0.0243156 0.480957 0.00920887
0.295247 0.276332 0.13697 0.291452 0.226776 0.166613 0.0921302 0.0243156 0.480957 0.00920887
0.310056 0.2577 0.143739 0.288505 0.226776 0.166613 0.0921302 0.0243156 0.480957 0.00920887
0.310056 0.2577 0.143739 0.288505 0.226776 0.166613 0.0921302 0.0243156 0.480957 0.00920887
0.297399 0.280005 0.140581 0.282015 0.226776 0.166613 0.0921302 0.0243156 0.480957 0.00920887
0.297399 0.280005 0.140581 0.282015 0.235175 0.18377 0.0847638 0.0203037 0.466926 0.00906126
0.308685 0.266822 0.151569 0.272925 0.231685 0.171159 0.0909004 0.0181449 0.478699 0.00941116
0.308685 0.266822 0.151569 0.272925 0.231685 0.171159 0.0909004 0.0181449 0.478699 0.00941116
0.308685 0.266822 0.151569 0.272925 0.241978 0.164322 0.0876476 0.0169737 0.484436 0.00464216
0.295471 0.283932 0.140706 0.279892 0.241978 0.164322 0.0876476 0.0169737 0.484436 0.00464216
0.295471 0.283932 0.140706 0.279892 0.241978 0.164322 0.0876476 0.0169737 0.484436 0.00464216
0.295471 0.283932 0.140706 0.279892 0.241978 0.164322 0.0876476 0.0169737 0.484436 0.00464216
0.287776 0.272882 0.140296 0.299046 0.241978 0.164322 0.0876476 0.0169737 0.484436 0.00464216
0.287776 0.272882 0.140296 0.299046 0.24917 0.166667 0.094161 0.0150228 0.469422 0.00555669
0.287776 0.272882 0.140296 0.299046 0.265321 0.162065 0.0835014 0.0163024 0.464998 0.0078122
0.287776 0.272882 0.140296 0.299046 0.249044 0.155093 0.0936295 0.0138693 0.477077 0.011287
0.287776 0.272882 0.140296 0.299046 0.249044 0.155093 0.0936295 0.0138693 0.477077 0.011287
0.289237 0.275314 0.145695 0.289753 0.239495 0.152339 0.100779 0.0156425 0.481067 0.0106771
0.289237 0.275314 0.145695 0.289753 0.237288 0.147565 0.100925 0.0265542 0.482087 0.00558084
0.275435 0.278952 0.151374 0.294239 0.237288 0.147565 0.100925 0.0265542 0.482087 0.00558084
0.282348 0.277936 0.155501 0.284214 0.244582 0.148099 0.0975383 0.017902 0.487502 0.00437746
0.292558 0.263696 0.150029 0.293717 0.244582 0.148099 0.0975383 0.017902 0.487502 0.00437746
0.292558 0.263696 0.150029 0.293717 0.244582 0.148099 0.0975383 0.017902 0.487502 0.00437746
0.292558 0.263696 0.150029 0.293717 0.257965 0.152486 0.0860045 0.0164027 0.48549 0.00165159
0.292558 0.263696 0.150029 0.293717 0.245303 0.161474 0.10144 0.0181582 0.470911 0.00271466
0.292558 0.263696 0.150029 0.293717 0.222249 0.166054 0.0986527 0.0153078 0.494912 0.00282508
0.292558 0.263696 0.150029 0.293717 0.222249 0.166054 0.0986527 0.0153078 0.494912 0.00282508
0.292558 0.263696 0.150029 0.293717 0.23572 0.173773 0.0942494 0.0132296 0.476766 0.00626169
0.292558 0.263696 0.150029 0.293717 0.23572 0.173773 0.0942494 0.0132296 0.476766 0.00626169
0.292558 0.263696 0.150029 0.293717 0.242165 0.163261 0.0915728 0.0170483 0.47822 0.00773258
0.292794 0.256548 0.142175 0.308483 0.24543 0.172186 0.080307 0.0154318 0.479245 0.00740009
0.292794 0.256548 0.142175 0.308483 0.24543 0.172186 0.080307 0.0154318 0.479245 0.00740009
0.292794 0.256548 0.142175 0.308483 0.240864 0.164403 0.0850447 0.014182 0.48959 0.00591672
0.30323 0.242185 0.150672 0.303913 0.234631 0.169295 0.0863337 0.0110747 0.493242 0.00542337
0.30323 0.242185 0.150672 0.303913 0.234631 0.169295 0.0863337 0.0110747 0.493242 0.00542337
0.292591 0.234007 0.155571 0.317831 0.234631 0.169295 0.0863337 0.0110747 0.493242 0.00542337
0.292591 0.234007 0.155571 0.317831 0.234631 0.169295 0.0863337 0.0110747 0.493242 0.00542337
0.272076 0.24139 0.163262 0.323272 0.241534 0.162127 0.0741652 0.0111022 0.502615 0.00845662
0.272076 0.24139 0.163262 0.323272 0.235049 0.152712 0.0820376 0.0120057 0.506415 0.0117804
0.272076 0.24139 0.163262 0.323272 0.235049 0.152712 0.0820376 0.0120057 0.506415 0.0117804
0.26882 0.260009 0.158196 0.312975 0.235049 0.152712 0.0820376 0.0120057 0.506415 0.0117804
0.26882 0.260009 0.158196 0.312975 0.235049 0.152712 0.0820376 0.0120057 0.506415 0.0117804
0.275304 0.254077 0.15861 0.31201 0.252048 0.153638 0.0838337 0.0109881 0.488361 0.011131
0.273989 0.266421 0.162393 0.297198 0.236724 0.177381 0.0805664 0.0208275 0.473638 0.0108631
0.273989 0.266421 0.162393 0.297198 0.241183 0.167309 0.0842486 0.0226961 0.473297 0.0112665
0.295935 0.259636 0.156261 0.288168 0.232175 0.152557 0.0992567 0.0209156 0.486329 0.00876683
0.295935 0.259636 0.156261 0.288168 0.232175 0.152557 0.0992567 0.0209156 0.486329 0.00876683
0.295935 0.259636 0.156261 0.288168 0.232175 0.152557 0.0992567 0.0209156 0.486329 0.00876683
0.289249 0.256507 0.146146 0.308098 0.232175 0.152557 0.0992567 0.0209156 0.486329 0.00876683
0.289387 0.266768 0.154222 0.289622 0.231651 0.146776 0.0964345 0.0182552 0.498054 0.00882852
0.289387 0.266768 0.154222 0.289622 0.23814 0.136485 0.0897266 0.0164137 0.513839 0.00539614
0.289387 0.266768 0.154222 0.289622 0.251554 0.147273 0.0810202 0.0117634 0.499939 0.00845046
0.292329 0.265203 0.154042 0.288426 0.251554 0.147273 0.0810202 0.0117634 0.499939 0.00845046
0.292329 0.265203 0.154042 0.288426 0.251554 0.147273 0.0810202 0.0117634 0.499939 0.00845046
0.292329 0.265203 0.154042 0.288426 0.251554 0.147273 0.0810202 0.0117634 0.499939 0.00845046
0.292329 0.265203 0.154042 0.288426 0.251554 0.147273 0.0810202 0.0117634 0.499939 0.00845046
0.292329 0.265203 0.154042 0.288426 0.251554 0.147273 0.0810202 0.0117634 0.499939 0.00845046
0.286735 0.258378 0.15241 0.302477 0.254396 0.147529 0.0698834 0.0143651 0.50182 0.0120071
0.286735 0.258378 0.15241 0.302477 0.254396 0.147529 0.0698834 0.0143651 0.50182 0.0120071
0.286735 0.258378 0.15241 0.302477 0.262939 0.136283 0.0693591 0.0171386 0.500577 0.0137028
0.290303 0.258245 0.160288 0.291164 0.250212 0.134136 0.0713714 0.0174185 0.516327 0.0105361
0.290303 0.258245 0.160288 0.291164 0.250212 0.134136 0.0713714 0.0174185 0.516327 0.0105361
0.290303 0.258245 0.160288 0.291164 0.235416 0.135916 0.0760286 0.0137286 0.529345 0.00956588
0.271802 0.288408 0.154571 0.285219 0.235416 0.135916 0.0760286 0.0137286 0.529345 0.00956588
0.271802 0.288408 0.154571 0.285219 0.241325 0.130815 0.0696514 0.0170192 0.53016 0.0110285
0.278772 0.278 0.148309 0.294919 0.236771 0.147773 0.0622661 0.0197244 0.522415 0.0110513
0.278772 0.278 0.148309 0.294919 0.25472 0.153815 0.0607159 0.017831 0.50477 0.00814805
0.278772 0.278 0.148309 0.294919 0.262066 0.152294 0.0756128 0.0266989 0.474913 0.00841494
0.278772 0.278 0.148309 0.294919 0.259099 0.143664 0.0752354 0.0247414 0.485518 0.0117417
0.276876 0.286807 0.149422 0.286894 0.259099 0.143664 0.0752354 0.0247414 0.485518 0.0117417
0.276876 0.286807 0.149422 0.286894 0.259099 0.143664 0.0752354 0.0247414 0.485518 0.0117417
0.276876 0.286807 0.149422 0.286894 0.259099 0.143664 0.0752354 0.0247414 0.485518 0.0117417
0.276876 0.286807 0.149422 0.286894 0.236913 0.150796 0.0770668 0.0230216 0.503743 0.00845939
0.276876 0.286807 0.149422 0.286894 0.236913 0.150796 0.0770668 0.0230216 0.503743 0.00845939
0.276876 0.286807 0.149422 0.286894 0.236913 0.150796 0.0770668 0.0230216 0.503743 0.00845939
0.270456 0.282466 0.156493 0.290585 0.216447 0.153526 0.0792844 0.0280167 0.517129 0.00559722
0.270456 0.282466 0.156493 0.290585 0.208719 0.15397 0.0799693 0.0274942 0.527387 0.00246091
0.270456 0.282466 0.156493 0.290585 0.208719 0.15397 0.0799693 0.0274942 0.527387 0.00246091
0.270456 0.282466 0.156493 0.290585 0.208719 0.15397 0.0799693 0.0274942 0.527387 0.00246091
0.270456 0.282466 0.156493 0.290585 0.209602 0.155785 0.0826593 0.0205548 0.528418 0.00298091
0.270456 0.282466 0.156493 0.290585 0.209602 0.155785 0.0826593 0.0205548 0.528418 0.00298091
0.270456 0.282466 0.156493 0.290585 0.209602 0.155785 0.0826593 0.0205548 0.528418 0.00298091
0.270456 0.282466 0.156493 0.290585 0.209602 0.155785 0.0826593 0.0205548 0.528418 0.00298091
0.27547 0.277166 0.161606 0.285758 0.214629 0.149874 0.0787384 0.0257197 0.529614 0.0014252
0.275195 0.288996 0.156948 0.278861 0.222428 0.167122 0.0780936 0.0289361 0.501535 0.00188609
0.266131 0.275722 0.150255 0.307892 0.222428 0.167122 0.0780936 0.0289361 0.501535 0.00188609
0.266131 0.275722 0.150255 0.307892 0.222428 0.167122 0.0780936 0.0289361 0.501535 0.00188609
0.266131 0.275722 0.150255 0.307892 0.2113 0.16794 0.092352 0.020117 0.507248 0.00104325
0.266131 0.275722 0.150255 0.307892 0.212167 0.178792 0.0857812 0.0238398 0.498764 0.000655885
0.266131 0.275722 0.150255 0.307892 0.212167 0.178792 0.0857812 0.0238398 0.498764 0.000655885
0.266131 0.275722 0.150255 0.307892 0.212167 0.178792 0.0857812 0.0238398 0.498764 0.000655885
0.274555 0.279582 0.153464 0.292398 0.224051 0.17281 0.0797015 0.0237705 0.499362 0.000304611
0.274555 0.279582 0.153464 0.292398 0.234739 0.158397 0.0865596 0.024526 0.495221 0.000558125
0.270241 0.282726 0.148089 0.298944 0.234739 0.158397 0.0865596 0.024526 0.495221 0.000558125
0.270241 0.282726 0.148089 0.298944 0.234739 0.158397 0.0865596 0.024526 0.495221 0.000558125
0.270241 0.282726 0.148089 0.298944 0.234739 0.158397 0.0865596 0.024526 0.495221 0.000558125
0.270241 0.282726 0.148089 0.298944 0.234739 0.158397 0.0865596 0.024526 0.495221 0.000558125
0.270241 0.282726 0.148089 0.298944 0.234739 0.158397 0.0865596 0.024526 0.495221 0.000558125
0.270241 0.282726 0.148089 0.298944 0.234739 0.158397 0.0865596 0.024526 0.495221 0.000558125
0.270241 0.282726 0.148089 0.298944 0.234739 0.158397 0.0865596 0.024526 0.495221 0.000558125
0.261807 0.281996 0.152251 0.303946 0.253924 0.152699 0.0823609 0.0198138 0.490598 0.000603756
0.261807 0.281996 0.152251 0.303946 0.244823 0.150954 0.0878012 0.0191262 0.497114 0.000181908
0.261807 0.281996 0.152251 0.303946 0.249657 0.148962 0.0828366 0.0200502 0.498228 0.000266396
0.261807 0.281996 0.152251 0.303946 0.249657 0.148962 0.0828366 0.0200502 0.498228 0.000266396
0.260406 0.288719 0.157074 0.293801 0.252264 0.135899 0.0761504 0.0160611 0.518489 0.00113686
0.279149 0.286208 0.159492 0.275151 0.241823 0.129719 0.0824321 0.0140452 0.529896 0.00208593
0.279149 0.286208 0.159492 0.275151 0.241823 0.129719 0.0824321 0.0140452 0.529896 0.00208593
0.279149 0.286208 0.159492 0.275151 0.251769 0.128335 0.0741887 0.0163715 0.527462 0.0018734
0.274376 0.275244 0.15737 0.29301 0.251769 0.128335 0.0741887 0.0163715 0.527462 0.0018734
0.274376 0.275244 0.15737 0.29301 0.251769 0.128335 0.0741887 0.0163715 0.527462 0.0018734
0.274376 0.275244 0.15737 0.29301 0.251769 0.128335 0.0741887 0.0163715 0.527462 0.0018734
0.274376 0.275244 0.15737 0.29301 0.243871 0.13337 0.0641479 0.0146508 0.540309 0.00365107
0.274376 0.275244 0.15737 0.29301 0.275614 0.134688 0.0699987 0.0134662 0.502923 0.00331025
0.259261 0.300446 0.139944 0.300349 0.275614 0.134688 0.0699987 0.0134662 0.502923 0.00331025
0.258761 0.298666 0.144334 0.298238 0.259467 0.131941 0.0686325 0.0142589 0.522208 0.0034934
0.2685 0.280419 0.141747 0.309333 0.252621 0.148009 0.0641914 0.0127851 0.519396 0.0029982
0.2685 0.280419 0.141747 0.309333 0.251474 0.150498 0.0521355 0.0119274 0.531569 0.00239652
0.2685 0.280419 0.141747 0.309333 0.258671 0.135696 0.0484011 0.0171026 0.538867 0.00126333
0.2685 0.280419 0.141747 0.309333 0.258671 0.135696 0.0484011 0.0171026 0.538867 0.00126333
0.2685 0.280419 0.141747 0.309333 0.24572 0.12687 0.0479072 0.0247063 0.551972 0.00282521
0.2685 0.280419 0.141747 0.309333 0.234023 0.132268 0.0625994 0.0275052 0.541354 0.00224977
0.2685 0.280419 0.141747 0.309333 0.234023 0.132268 0.0625994 0.0275052 0.541354 0.00224977
0.2685 0.280419 0.141747 0.309333 0.234023 0.132268 0.0625994 0.0275052 0.541354 0.00224977
0.277257 0.266286 0.147616 0.308842 0.230808 0.131695 0.0717664 0.0357235 0.527297 0.00271096
0.277257 0.266286 0.147616 0.308842 0.215179 0.13151 0.0754049 0.0374184 0.536404 0.00408356
0.277257 0.266286 0.147616 0.308842 0.222439 0.135299 0.0735554 0.0312852 0.533269 0.00415249
0.275568 0.286198 0.144134 0.2941 0.222439 0.135299 0.0735554 0.0312852 0.533269 0.00415249
0.275568 0.286198 0.144134 0.2941 0.222439 0.135299 0.0735554 0.0312852 0.533269 0.00415249
0.275568 0.286198 0.144134 0.2941 0.222439 0.135299 0.0735554 0.0312852 0.533269 0.00415249
0.266728 0.282897 0.139265 0.31111 0.219734 0.140281 0.0750045 0.0226682 0.535122 0.00719052
0.266728 0.282897 0.139265 0.31111 0.220732 0.157204 0.0694323 0.0181394 0.528151 0.00634084
0.260759 0.281057 0.146437 0.311746 0.230061 0.152302 0.0693399 0.0174623 0.522672 0.00816213
0.26477 0.279193 0.155038 0.300998 0.230061 0.152302 0.0693399 0.0174623 0.522672 0.00816213
0.26477 0.279193 0.155038 0.300998 0.230674 0.14101 0.0742462 0.0176696 0.528723 0.0076769
0.286585 0.26181 0.149678 0.301928 0.230674 0.14101 0.0742462 0.0176696 0.528723 0.0076769
0.286585 0.26181 0.149678 0.301928 0.230674 0.14101 0.0742462 0.0176696 0.528723 0.0076769
0.286585 0.26181 0.149678 0.301928 0.245448 0.134119 0.0726481 0.0164453 0.52216 0.00918028
0.286585 0.26181 0.149678 0.301928 0.242675 0.137772 0.0898857 0.0201142 0.499257 0.0102956
0.286585 0.26181 0.149678 0.301928 0.242675 0.137772 0.0898857 0.0201142 0.499257 0.0102956
0.286585 0.26181 0.149678 0.301928 0.238118 0.147448 0.0894552 0.0184802 0.497727 0.008772
0.286585 0.26181 0.149678 0.301928 0.238118 0.147448 0.0894552 0.0184802 0.497727 0.008772
0.276683 0.269483 0.141866 0.311968 0.238659 0.150294 0.0961903 0.0131858 0.495655 0.00601599
0.276683 0.269483 0.141866 0.311968 0.236088 0.157897 0.0953598 0.0146853 0.487945 0.00802501
0.276683 0.269483 0.141866 0.311968 0.236088 0.157897 0.0953598 0.0146853 0.487945 0.00802501
0.281712 0.276385 0.137575 0.304328 0.236088 0.157897 0.0953598 0.0146853 0.487945 0.00802501
0.281712 0.276385 0.137575 0.304328 0.236088 0.157897 0.0953598 0.0146853 0.487945 0.00802501
0.288907 0.268907 0.137043 0.305143 0.246554 0.161079 0.0830036 0.0123774 0.49299 0.00399503
0.288907 0.268907 0.137043 0.305143 0.246554 0.161079 0.0830036 0.0123774 0.49299 0.00399503
0.288907 0.268907 0.137043 0.305143 0.233679 0.154625 0.0841363 0.0143065 0.506192 0.00706097
0.288907 0.268907 0.137043 0.305143 0.248217 0.133083 0.0871105 0.0145673 0.510452 0.00657098
0.294177 0.276744 0.13835 0.290728 0.246972 0.132202 0.0920214 0.0174233 0.504484 0.00689759
0.294177 0.276744 0.13835 0.290728 0.253603 0.136536 0.0927536 0.0187299 0.492167 0.0062101
0.294177 0.276744 0.13835 0.290728 0.253603 0.136536 0.0927536 0.0187299 0.492167 0.0062101
0.294177 0.276744 0.13835 0.290728 0.253603 0.136536 0.0927536 0.0187299 0.492167 0.0062101
0.294177 0.276744 0.13835 0.290728 0.253603 0.136536 0.0927536 0.0187299 0.492167 0.0062101
0.294198 0.265525 0.146631 0.293646 0.245017 0.143793 0.0817011 0.0229411 0.496854 0.00969361
0.294198 0.265525 0.146631 0.293646 0.240739 0.143366 0.0868642 0.0292125 0.483638 0.0161804
0.294198 0.265525 0.146631 0.293646 0.240739 0.143366 0.0868642 0.0292125 0.483638 0.0161804
0.294198 0.265525 0.146631 0.293646 0.240739 0.143366 0.0868642 0.0292125 0.483638 0.0161804
0.294198 0.265525 0.146631 0.293646 0.240739 0.143366 0.0868642 0.0292125 0.483638 0.0161804
0.294198 0.265525 0.146631 0.293646 0.240739 0.143366 0.0868642 0.0292125 0.483638 0.0161804
0.27807 0.268389 0.148945 0.304595 0.240739 0.143366 0.0868642 0.0292125 0.483638 0.0161804
0.27807 0.268389 0.148945 0.304595 0.238176 0.15458 0.0800216 0.026115 0.483239 0.0178681
0.27807 0.268389 0.148945 0.304595 0.238176 0.15458 0.0800216 0.026115 0.483239 0.0178681
0.27807 0.268389 0.148945 0.304595 0.238176 0.15458 0.0800216 0.026115 0.483239 0.0178681
0.27807 0.268389 0.148945 0.304595 0.214982 0.158581 0.0887047 0.027883 0.492434 0.0174154
0.280779 0.271966 0.149182 0.298073 0.222886 0.145016 0.0818876 0.0257618 0.506387 0.0180627
0.271305 0.266647 0.152937 0.309111 0.222886 0.145016 0.0818876 0.0257618 0.506387 0.0180627
0.271305 0.266647 0.152937 0.309111 0.231028 0.162303 0.073882 0.0230123 0.495049 0.014726
0.271305 0.266647 0.152937 0.309111 0.231028 0.162303 0.073882 0.0230123 0.495049 0.014726
0.271305 0.266647 0.152937 0.309111 0.241221 0.172872 0.0743524 0.0174938 0.482933 0.011128
0.271305 0.266647 0.152937 0.309111 0.241221 0.172872 0.0743524 0.0174938 0.482933 0.011128
0.271305 0.266647 0.152937 0.309111 0.254576 0.166533 0.0640598 0.021386 0.479505 0.0139399
0.271305 0.266647 0.152937 0.309111 0.267026 0.172916 0.0635856 0.0214477 0.46419 0.0108345
0.285211 0.252888 0.13884 0.323061 0.270413 0.168182 0.0673737 0.0225753 0.464271 0.00718513
0.285211 0.252888 0.13884 0.323061 0.262616 0.177468 0.0570934 0.0267227 0.468268 0.00783195
0.285211 0.252888 0.13884 0.323061 0.262616 0.177468 0.0570934 0.0267227 0.468268 0.00783195
0.285211 0.252888 0.13884 0.323061 0.262616 0.177468 0.0570934 0.0267227 0.468268 0.00783195
0.299526 0.251912 0.145077 0.303485 0.262616 0.177468 0.0570934 0.0267227 0.468268 0.00783195
0.299526 0.251912 0.145077 0.303485 0.262616 0.177468 0.0570934 0.0267227 0.468268 0.00783195
0.317143 0.26373 0.132436 0.286691 0.262616 0.177468 0.0570934 0.0267227 0.468268 0.00783195
0.303042 0.263488 0.138467 0.295003 0.257625 0.168685 0.062263 0.0330131 0.473534 0.00488031
0.304949 0.259719 0.144023 0.291309 0.257625 0.168685 0.062263 0.0330131 0.473534 0.00488031
0.301138 0.256154 0.151998 0.290709 0.257625 0.168685 0.062263 0.0330131 0.473534 0.00488031
0.301138 0.256154 0.151998 0.290709 0.257625 0.168685 0.062263 0.0330131 0.473534 0.00488031
0.283204 0.268438 0.155155 0.293203 0.240701 0.164619 0.0536229 0.0385354 0.495161 0.0073615
0.283204 0.268438 0.155155 0.293203 0.238647 0.161508 0.0531023 0.0365559 0.50119 0.00899659
0.283204 0.268438 0.155155 0.293203 0.238647 0.161508 0.0531023 0.0365559 0.50119 0.00899659
0.286071 0.273196 0.153301 0.287431 0.225763 0.147905 0.0678489 0.0371005 0.513394 0.00798868
0.286071 0.273196 0.153301 0.287431 0.233057 0.146848 0.0716262 0.0342974 0.501259 0.0129128
0.279151 0.282505 0.149582 0.288762 0.233057 0.146848 0.0716262 0.0342974 0.501259 0.0129128
0.279151 0.282505 0.149582 0.288762 0.230843 0.141676 0.0774129 0.0371644 0.503638 0.00926588
0.276433 0.272841 0.166391 0.284335 0.230843 0.141676 0.0774129 0.0371644 0.503638 0.00926588
0.272149 0.292822 0.151858 0.283171 0.230843 0.141676 0.0774129 0.0371644 0.503638 0.00926588
0.272511 0.282832 0.161314 0.283342 0.260706 0.136671 0.0740751 0.0347683 0.484997 0.00878225
0.272511 0.282832 0.161314 0.283342 0.260706 0.136671 0.0740751 0.0347683 0.484997 0.00878225
0.272511 0.282832 0.161314 0.283342 0.255907 0.149483 0.0785164 0.0282482 0.477895 0.00995053
0.272511 0.282832 0.161314 0.283342 0.245734 0.154985 0.0811439 0.0286996 0.480649 0.00878877
0.272511 0.282832 0.161314 0.283342 0.229832 0.167294 0.0778925 0.0232509 0.492794 0.00893689
0.272511 0.282832 0.161314 0.283342 0.229832 0.167294 0.0778925 0.0232509 0.492794 0.00893689
0.272511 0.282832 0.161314 0.283342 0.229832 0.167294 0.0778925 0.0232509 0.492794 0.00893689
0.272511 0.282832 0.161314 0.283342 0.229832 0.167294 0.0778925 0.0232509 0.492794 0.00893689
0.272511 0.282832 0.161314 0.283342 0.229832 0.167294 0.0778925 0.0232509 0.492794 0.00893689
0.272511 0.282832 0.161314 0.283342 0.244397 0.159428 0.0830881 0.0208108 0.483187 0.00908886
0.272511 0.282832 0.161314 0.283342 0.244397 0.159428 0.0830881 0.0208108 0.483187 0.00908886
0.272511 0.282832 0.161314 0.283342 0.244397 0.159428 0.0830881 0.0208108 0.483187 0.00908886
0.272511 0.282832 0.161314 0.283342 0.244397 0.159428 0.0830881 0.0208108 0.483187 0.00908886
0.272511 0.282832 0.161314 0.283342 0.244397 0.159428 0.0830881 0.0208108 0.483187 0.00908886
0.272681 0.278399 0.164095 0.284826 0.244397 0.159428 0.0830881 0.0208108 0.483187 0.00908886
0.272681 0.278399 0.164095 0.284826 0.244397 0.159428 0.0830881 0.0208108 0.483187 0.00908886
0.26655 0.281802 0.152781 0.298867 0.234708 0.154575 0.0911433 0.026501 0.481263 0.0118098
0.26655 0.281802 0.152781 0.298867 0.234708 0.154575 0.0911433 0.026501 0.481263 0.0118098
0.26655 0.281802 0.152781 0.298867 0.234708 0.154575 0.0911433 0.026501 0.481263 0.0118098
0.260764 0.275712 0.1529 0.310624 0.234708 0.154575 0.0911433 0.026501 0.481263 0.0118098
0.260764 0.275712 0.1529 0.310624 0.228344 0.158567 0.0798299 0.0200675 0.499624 0.0135678
0.264658 0.269253 0.149461 0.316628 0.228344 0.158567 0.0798299 0.0200675 0.499624 0.0135678
0.264658 0.269253 0.149461 0.316628 0.228344 0.158567 0.0798299 0.0200675 0.499624 0.0135678
0.264658 0.269253 0.149461 0.316628 0.247846 0.143783 0.0868666 0.0184329 0.488341 0.0147306
0.287986 0.253747 0.16049 0.297777 0.249901 0.143073 0.0785671 0.0191528 0.495879 0.0134268
0.287986 0.253747 0.16049 0.297777 0.228265 0.14954 0.0749652 0.0182921 0.514801 0.0141367
0.287986 0.253747 0.16049 0.297777 0.212506 0.157321 0.0818796 0.0246587 0.508607 0.0150284
0.267979 0.265955 0.168009 0.298057 0.212506 0.157321 0.0818796 0.0246587 0.508607 0.0150284
0.267979 0.265955 0.168009 0.298057 0.212506 0.157321 0.0818796 0.0246587 0.508607 0.0150284
0.267979 0.265955 0.168009 0.298057 0.227368 0.147583 0.0765113 0.0269463 0.508024 0.0135671
0.267979 0.265955 0.168009 0.298057 0.227368 0.147583 0.0765113 0.0269463 0.508024 0.0135671
0.267979 0.265955 0.168009 0.298057 0.227368 0.147583 0.0765113 0.0269463 0.508024 0.0135671
0.267979 0.265955 0.168009 0.298057 0.220354 0.143228 0.0783185 0.0181723 0.523124 0.0168028
0.266394 0.285125 0.150893 0.297589 0.220354 0.143228 0.0783185 0.0181723 0.523124 0.0168028
0.266394 0.285125 0.150893 0.297589 0.220354 0.143228 0.0783185 0.0181723 0.523124 0.0168028
0.266394 0.285125 0.150893 0.297589 0.220354 0.143228 0.0783185 0.0181723 0.523124 0.0168028
0.266394 0.285125 0.150893 0.297589 0.220354 0.143228 0.0783185 0.0181723 0.523124 0.0168028
0.266394 0.285125 0.150893 0.297589 0.239935 0.141391 0.0818928 0.0155524 0.505498 0.0157304
0.266394 0.285125 0.150893 0.297589 0.239935 0.141391 0.0818928 0.0155524 0.505498 0.0157304
0.294336 0.295977 0.141948 0.267738 0.247934 0.138141 0.0999175 0.0147913 0.483676 0.0155403
0.287927 0.280912 0.142073 0.289087 0.246735 0.136521 0.0929945 0.0176437 0.491099 0.0150071
0.287927 0.280912 0.142073 0.289087 0.245993 0.137415 0.0782179 0.018599 0.509836 0.00993928
0.285565 0.270194 0.143803 0.300439 0.245993 0.137415 0.0782179 0.018599 0.509836 0.00993928
0.285565 0.270194 0.143803 0.300439 0.245993 0.137415 0.0782179 0.018599 0.509836 0.00993928
0.285565 0.270194 0.143803 0.300439 0.245993 0.137415 0.0782179 0.018599 0.509836 0.00993928
0.285565 0.270194 0.143803 0.300439 0.21253 0.141005 0.0831866 0.0205226 0.528475 0.0142806
0.285565 0.270194 0.143803 0.300439 0.21253 0.141005 0.0831866 0.0205226 0.528475 0.0142806
0.285565 0.270194 0.143803 0.300439 0.202783 0.136597 0.0812438 0.0131875 0.554352 0.0118366
0.298041 0.270048 0.14545 0.286462 0.215651 0.140945 0.0766514 0.0101433 0.545384 0.0112258
0.281122 0.288042 0.136789 0.294048 0.215651 0.140945 0.0766514 0.0101433 0.545384 0.0112258
0.281122 0.288042 0.136789 0.294048 0.231365 0.140373 0.0644334 0.0134825 0.543353 0.0069923
0.281122 0.288042 0.136789 0.294048 0.221418 0.155364 0.074393 0.0147525 0.529053 0.00501933
0.281122 0.288042 0.136789 0.294048 0.221418 0.155364 0.074393 0.0147525 0.529053 0.00501933
0.281122 0.288042 0.136789 0.294048 0.229912 0.141376 0.0684227 0.0119904 0.543306 0.00499351
0.281122 0.288042 0.136789 0.294048 0.228785 0.142491 0.06427 0.00936692 0.547899 0.0071889
0.282113 0.265363 0.142517 0.310007 0.237437 0.144162 0.070452 0.0157943 0.523608 0.0085471
0.289554 0.260883 0.151795 0.297768 0.237437 0.144162 0.070452 0.0157943 0.523608 0.0085471
0.294793 0.272004 0.133856 0.299347 0.237437 0.144162 0.070452 0.0157943 0.523608 0.0085471
0.294793 0.272004 0.133856 0.299347 0.232055 0.147427 0.068806 0.0163683 0.520123 0.0152203
0.294793 0.272004 0.133856 0.299347 0.223329 0.141363 0.0671075 0.0167409 0.543619 0.00783973
0.294793 0.272004 0.133856 0.299347 0.223329 0.141363 0.0671075 0.0167409 0.543619 0.00783973
0.294793 0.272004 0.133856 0.299347 0.223329 0.141363 0.0671075 0.0167409 0.543619 0.00783973
0.294793 0.272004 0.133856 0.299347 0.223329 0.141363 0.0671075 0.0167409 0.543619 0.00783973
0.294793 0.272004 0.133856 0.299347 0.223329 0.141363 0.0671075 0.0167409 0.543619 0.00783973
0.294793 0.272004 0.133856 0.299347 0.227926 0.142467 0.0665643 0.0249417 0.529244 0.00885657
0.294793 0.272004 0.133856 0.299347 0.227926 0.142467 0.0665643 0.0249417 0.529244 0.00885657
0.294793 0.272004 0.133856 0.299347 0.227048 0.150446 0.0723988 0.0289953 0.5151 0.00601208
0.294793 0.272004 0.133856 0.299347 0.227048 0.150446 0.0723988 0.0289953 0.5151 0.00601208
0.294793 0.272004 0.133856 0.299347 0.227048 0.150446 0.0723988 0.0289953 0.5151 0.00601208
0.294793 0.272004 0.133856 0.299347 0.233959 0.159688 0.070183 0.0261386 0.504146 0.00588485
0.281932 0.262093 0.144843 0.311132 0.233844 0.155946 0.0707184 0.0260082 0.5086 0.00488365
0.281932 0.262093 0.144843 0.311132 0.233844 0.155946 0.0707184 0.0260082 0.5086 0.00488365
0.281932 0.262093 0.144843 0.311132 0.236652 0.159266 0.0630242 0.0214652 0.513897 0.00569473
0.281932 0.262093 0.144843 0.311132 0.236652 0.159266 0.0630242 0.0214652 0.513897 0.00569473
0.276014 0.276901 0.138214 0.308872 0.222965 0.134377 0.069008 0.0199572 0.549244 0.00444947
0.275917 0.276608 0.138537 0.308937 0.224228 0.150935 0.0650319 0.0169546 0.53836 0.00449091
0.275917 0.276608 0.138537 0.308937 0.225979 0.146928 0.0810841 0.0171447 0.522285 0.00657983
0.275917 0.276608 0.138537 0.308937 0.225979 0.146928 0.0810841 0.0171447 0.522285 0.00657983
0.275917 0.276608 0.138537 0.308937 0.225979 0.146928 0.0810841 0.0171447 0.522285 0.00657983
0.280785 0.263063 0.133383 0.322769 0.225979 0.146928 0.0810841 0.0171447 0.522285 0.00657983
0.280785 0.263063 0.133383 0.322769 0.225979 0.146928 0.0810841 0.0171447 0.522285 0.00657983
0.280785 0.263063 0.133383 0.322769 0.225979 0.146928 0.0810841 0.0171447 0.522285 0.00657983
0.280785 0.263063 0.133383 0.322769 0.225979 0.146928 0.0810841 0.0171447 0.522285 0.00657983
0.283466 0.262418 0.13676 0.317356 0.233432 0.135668 0.0775271 0.0209875 0.526387 0.00599865
0.269585 0.286771 0.124177 0.319468 0.23028 0.135172 0.0873902 0.0219617 0.518352 0.00684449
0.269585 0.286771 0.124177 0.319468 0.23028 0.135172 0.0873902 0.0219617 0.518352 0.00684449
0.286138 0.278581 0.123803 0.311477 0.23028 0.135172 0.0873902 0.0219617 0.518352 0.00684449
0.286138 0.278581 0.123803 0.311477 0.252867 0.130526 0.0989834 0.0196046 0.492474 0.00554509
0.286138 0.278581 0.123803 0.311477 0.241415 0.125973 0.107064 0.0208203 0.499085 0.00564273
0.286138 0.278581 0.123803 0.311477 0.253425 0.121057 0.0994674 0.0123961 0.507229 0.00642514
0.275613 0.289242 0.128873 0.306272 0.253425 0.121057 0.0994674 0.0123961 0.507229 0.00642514
0.275613 0.289242 0.128873 0.306272 0.272334 0.130341 0.101023 0.011163 0.480357 0.00478275
0.286409 0.283148 0.143719 0.286723 0.272334 0.130341 0.101023 0.011163 0.480357 0.00478275
0.286409 0.283148 0.143719 0.286723 0.257794 0.131187 0.107799 0.011355 0.487352 0.00451347
0.286409 0.283148 0.143719 0.286723 0.257794 0.131187 0.107799 0.011355 0.487352 0.00451347
0.286409 0.283148 0.143719 0.286723 0.257794 0.131187 0.107799 0.011355 0.487352 0.00451347
0.286409 0.283148 0.143719 0.286723 0.257794 0.131187 0.107799 0.011355 0.487352 0.00451347
0.286409 0.283148 0.143719 0.286723 0.254269 0.136282 0.0915391 0.0147281 0.500417 0.00276484
0.286409 0.283148 0.143719 0.286723 0.269389 0.142629 0.07767 0.0130127 0.4944 0.00289907
0.286409 0.283148 0.143719 0.286723 0.262388 0.142527 0.0916736 0.0155897 0.485023 0.00279864
0.286409 0.283148 0.143719 0.286723 0.262388 0.142527 0.0916736 0.0155897 0.485023 0.00279864
0.287798 0.272141 0.144944 0.295117 0.262388 0.142527 0.0916736 0.0155897 0.485023 0.00279864
0.287798 0.272141 0.144944 0.295117 0.262388 0.142527 0.0916736 0.0155897 0.485023 0.00279864
0.287463 0.284971 0.143302 0.284264 0.238237 0.144062 0.097781 0.0138287 0.504407 0.00168382
0.295474 0.289687 0.132684 0.282155 0.235705 0.141049 0.0909177 0.0141927 0.516375 0.00176031
0.295474 0.289687 0.132684 0.282155 0.235705 0.141049 0.0909177 0.0141927 0.516375 0.00176031
0.285118 0.269375 0.153427 0.292079 0.250636 0.142508 0.0779195 0.0132796 0.513432 0.00222493
0.285118 0.269375 0.153427 0.292079 0.261235 0.150737 0.0868217 0.00972909 0.488003 0.00347457
0.28073 0.27692 0.150438 0.291912 0.261235 0.150737 0.0868217 0.00972909 0.488003 0.00347457
0.280872 0.281164 0.156641 0.281322 0.252547 0.172009 0.0909241 0.0112833 0.468221 0.00501594
0.292455 0.26566 0.143305 0.29858 0.245763 0.174607 0.0852049 0.0143033 0.478212 0.00190992
0.292455 0.26566 0.143305 0.29858 0.244207 0.168276 0.0860892 0.0136184 0.485463 0.00234529
0.292455 0.26566 0.143305 0.29858 0.250358 0.161873 0.0861797 0.0171797 0.480132 0.00427804
0.309224 0.251087 0.143196 0.296494 0.222053 0.165794 0.0936416 0.0206487 0.494889 0.00297496
0.29083 0.265016 0.157164 0.28699 0.236403 0.152536 0.0940853 0.0267703 0.488383 0.00182235
0.29083 0.265016 0.157164 0.28699 0.228073 0.164241 0.0916176 0.0215153 0.493131 0.00142124
0.276018 0.280668 0.141603 0.301712 0.228073 0.164241 0.0916176 0.0215153 0.493131 0.00142124
0.276018 0.280668 0.141603 0.301712 0.228073 0.164241 0.0916176 0.0215153 0.493131 0.00142124
0.276018 0.280668 0.141603 0.301712 0.228073 0.164241 0.0916176 0.0215153 0.493131 0.00142124
0.276018 0.280668 0.141603 0.301712 0.228073 0.164241 0.0916176 0.0215153 0.493131 0.00142124
0.276018 0.280668 0.141603 0.301712 0.228073 0.164241 0.0916176 0.0215153 0.493131 0.00142124
0.281732 0.273211 0.15012 0.294937 0.228073 0.164241 0.0916176 0.0215153 0.493131 0.00142124
0.281732 0.273211 0.15012 0.294937 0.228073 0.164241 0.0916176 0.0215153 0.493131 0.00142124
0.281732 0.273211 0.15012 0.294937 0.2282 0.158913 0.0885488 0.0275149 0.493956 0.00286783
0.283442 0.262754 0.157012 0.296793 0.2282 0.158913 0.0885488 0.0275149 0.493956 0.00286783
0.289022 0.266052 0.14556 0.299366 0.2282 0.158913 0.0885488 0.0275149 0.493956 0.00286783
0.289022 0.266052 0.14556 0.299366 0.2282 0.158913 0.0885488 0.0275149 0.493956 0.00286783
0.289022 0.266052 0.14556 0.299366 0.2282 0.158913 0.0885488 0.0275149 0.493956 0.00286783
0.289022 0.266052 0.14556 0.299366 0.2282 0.158913 0.0885488 0.0275149 0.493956 0.00286783
0.295027 0.256665 0.136662 0.311646 0.2282 0.158913 0.0885488 0.0275149 0.493956 0.00286783
0.295027 0.256665 0.136662 0.311646 0.232275 0.146912 0.093933 0.0286467 0.494499 0.00373456
0.295027 0.256665 0.136662 0.311646 0.234557 0.154149 0.0908964 0.0247484 0.493315 0.00233386
0.295027 0.256665 0.136662 0.311646 0.234557 0.154149 0.0908964 0.0247484 0.493315 0.00233386
0.295027 0.256665 0.136662 0.311646 0.234557 0.154149 0.0908964 0.0247484 0.493315 0.00233386
0.295027 0.256665 0.136662 0.311646 0.234557 0.154149 0.0908964 0.0247484 0.493315 0.00233386
0.29598 0.262888 0.140849 0.300282 0.240428 0.137939 0.094767 0.0243089 0.499533 0.0030243
0.29598 0.262888 0.140849 0.300282 0.240428 0.137939 0.094767 0.0243089 0.499533 0.0030243
0.29598 0.262888 0.140849 0.300282 0.240428 0.137939 0.094767 0.0243089 0.499533 0.0030243
0.306811 0.257632 0.137743 0.297814 0.240428 0.137939 0.094767 0.0243089 0.499533 0.0030243
0.296039 0.266525 0.150035 0.287401 0.240428 0.137939 0.094767 0.0243089 0.499533 0.0030243
0.296039 0.266525 0.150035 0.287401 0.261513 0.139456 0.0934751 0.0215147 0.478921 0.00512085
0.296039 0.266525 0.150035 0.287401 0.261513 0.139456 0.0934751 0.0215147 0.478921 0.00512085
0.296039 0.266525 0.150035 0.287401 0.261513 0.139456 0.0934751 0.0215147 0.478921 0.00512085
0.296039 0.266525 0.150035 0.287401 0.261513 0.139456 0.0934751 0.0215147 0.478921 0.00512085
0.296039 0.266525 0.150035 0.287401 0.256027 0.146166 0.0943826 0.018205 0.476839 0.00838024
0.29761 0.263486 0.146727 0.292177 0.256027 0.146166 0.0943826 0.018205 0.476839 0.00838024
0.287658 0.264528 0.143921 0.303893 0.251583 0.149444 0.105922 0.0146306 0.468251 0.0101695
0.287658 0.264528 0.143921 0.303893 0.233929 0.149777 0.112385 0.0192292 0.476503 0.00817781
0.279482 0.262458 0.160938 0.297121 0.24338 0.141206 0.106764 0.0146716 0.487845 0.00613326
0.279482 0.262458 0.160938 0.297121 0.237008 0.146053 0.107135 0.0198091 0.485331 0.00466356
0.278221 0.273291 0.147791 0.300698 0.215563 0.146852 0.101398 0.0205748 0.513757 0.00185572
0.264909 0.285589 0.14332 0.306182 0.223569 0.145834 0.0978212 0.0286901 0.502329 0.00175569
0.242842 0.291197 0.157604 0.308357 0.232072 0.130635 0.0968646 0.024906 0.514678 0.000844167
0.242842 0.291197 0.157604 0.308357 0.215763 0.124931 0.102265 0.0228722 0.532275 0.00189334
0.259038 0.273341 0.160165 0.307456 0.215763 0.124931 0.102265 0.0228722 0.532275 0.00189334
0.259038 0.273341 0.160165 0.307456 0.215763 0.124931 0.102265 0.0228722 0.532275 0.00189334
0.262203 0.280446 0.143231 0.31412 0.221013 0.124467 0.0980859 0.026166 0.527975 0.00229335
0.265664 0.275975 0.147733 0.310628 0.219286 0.128343 0.107002 0.0211622 0.523374 0.000831933
0.296913 0.281015 0.139191 0.282881 0.225696 0.135367 0.113067 0.0348654 0.490604 0.000400066
0.306438 0.2728 0.133215 0.287547 0.225696 0.135367 0.113067 0.0348654 0.490604 0.000400066
0.306438 0.2728 0.133215 0.287547 0.225696 0.135367 0.113067 0.0348654 0.490604 0.000400066
0.303445 0.266843 0.138272 0.29144 0.227443 0.134347 0.107655 0.0357819 0.492858 0.00191374
0.303445 0.266843 0.138272 0.29144 0.224678 0.138271 0.110632 0.0296269 0.490015 0.00677646
0.303445 0.266843 0.138272 0.29144 0.224678 0.138271 0.110632 0.0296269 0.490015 0.00677646
0.303445 0.266843 0.138272 0.29144 0.224678 0.138271 0.110632 0.0296269 0.490015 0.00677646
0.303445 0.266843 0.138272 0.29144 0.240828 0.143892 0.112815 0.0244235 0.47101 0.00703176
0.303445 0.266843 0.138272 0.29144 0.231544 0.144333 0.111309 0.0216937 0.485618 0.00550237
0.303445 0.266843 0.138272 0.29144 0.231544 0.144333 0.111309 0.0216937 0.485618 0.00550237
0.296039 0.266679 0.128959 0.308323 0.231544 0.144333 0.111309 0.0216937 0.485618 0.00550237
0.296039 0.266679 0.128959 0.308323 0.231544 0.144333 0.111309 0.0216937 0.485618 0.00550237
0.285168 0.264692 0.135822 0.314318 0.226708 0.159071 0.103127 0.0268249 0.476459 0.00781038
0.285168 0.264692 0.135822 0.314318 0.226708 0.159071 0.103127 0.0268249 0.476459 0.00781038
0.285168 0.264692 0.135822 0.314318 0.230759 0.163241 0.102417 0.0257843 0.471413 0.00638517
0.285168 0.264692 0.135822 0.314318 0.230759 0.163241 0.102417 0.0257843 0.471413 0.00638517
0.298487 0.260132 0.152124 0.289257 0.238872 0.158809 0.102441 0.0168288 0.476731 0.00631914
0.298487 0.260132 0.152124 0.289257 0.236025 0.160048 0.100405 0.0160947 0.479958 0.00746852
0.298487 0.260132 0.152124 0.289257 0.236025 0.160048 0.100405 0.0160947 0.479958 0.00746852
0.298487 0.260132 0.152124 0.289257 0.236025 0.160048 0.100405 0.0160947 0.479958 0.00746852
0.298487 0.260132 0.152124 0.289257 0.236025 0.160048 0.100405 0.0160947 0.479958 0.00746852
0.298487 0.260132 0.152124 0.289257 0.236025 0.160048 0.100405 0.0160947 0.479958 0.00746852
0.298487 0.260132 0.152124 0.289257 0.236025 0.160048 0.100405 0.0160947 0.479958 0.00746852
0.298487 0.260132 0.152124 0.289257 0.236025 0.160048 0.100405 0.0160947 0.479958 0.00746852
0.298487 0.260132 0.152124 0.289257 0.236666 0.174855 0.0863582 0.0199268 0.474253 0.0079401
0.298487 0.260132 0.152124 0.289257 0.236666 0.174855 0.0863582 0.0199268 0.474253 0.0079401
0.298487 0.260132 0.152124 0.289257 0.221123 0.16991 0.0838695 0.0217238 0.497836 0.00553751
0.300984 0.269345 0.158668 0.271003 0.249734 0.155178 0.0966139 0.0202142 0.471937 0.00632306
0.300984 0.269345 0.158668 0.271003 0.249734 0.155178 0.0966139 0.0202142 0.471937 0.00632306
0.293012 0.283388 0.152813 0.270787 0.249734 0.155178 0.0966139 0.0202142 0.471937 0.00632306
0.293012 0.283388 0.152813 0.270787 0.249734 0.155178 0.0966139 0.0202142 0.471937 0.00632306
0.29133 0.270887 0.155864 0.281919 0.249734 0.155178 0.0966139 0.0202142 0.471937 0.00632306
0.29133 0.270887 0.155864 0.281919 0.249734 0.155178 0.0966139 0.0202142 0.471937 0.00632306
0.29133 0.270887 0.155864 0.281919 0.249734 0.155178 0.0966139 0.0202142 0.471937 0.00632306
0.29133 0.270887 0.155864 0.281919 0.249734 0.155178 0.0966139 0.0202142 0.471937 0.00632306
0.29133 0.270887 0.155864 0.281919 0.249734 0.155178 0.0966139 0.0202142 0.471937 0.00632306
0.29133 0.270887 0.155864 0.281919 0.249734 0.155178 0.0966139 0.0202142 0.471937 0.00632306
0.29133 0.270887 0.155864 0.281919 0.249734 0.155178 0.0966139 0.0202142 0.471937 0.00632306
0.29133 0.270887 0.155864 0.281919 0.249734 0.155178 0.0966139 0.0202142 0.471937 0.00632306
0.29133 0.270887 0.155864 0.281919 0.246534 0.15108 0.0828235 0.0232423 0.486607 0.00971295
0.303213 0.258612 0.155134 0.28304 0.246534 0.15108 0.0828235 0.0232423 0.486607 0.00971295
0.287264 0.277272 0.142374 0.29309 0.246534 0.15108 0.0828235 0.0232423 0.486607 0.00971295
0.287728 0.280585 0.15131 0.280377 0.246534 0.15108 0.0828235 0.0232423 0.486607 0.00971295
0.282056 0.278623 0.155521 0.2838 0.249081 0.143025 0.0789994 0.0222858 0.498362 0.00824649
0.282056 0.278623 0.155521 0.2838 0.249081 0.143025 0.0789994 0.0222858 0.498362 0.00824649
0.282056 0.278623 0.155521 0.2838 0.249282 0.151385 0.0697602 0.0229742 0.498755 0.00784373
0.282056 0.278623 0.155521 0.2838 0.255989 0.166123 0.0752142 0.0215321 0.475394 0.00574777
0.282056 0.278623 0.155521 0.2838 0.255989 0.166123 0.0752142 0.0215321 0.475394 0.00574777
0.290604 0.265168 0.162149 0.282078 0.255989 0.166123 0.0752142 0.0215321 0.475394 0.00574777
0.290604 0.265168 0.162149 0.282078 0.255989 0.166123 0.0752142 0.0215321 0.475394 0.00574777
0.271049 0.276187 0.159245 0.293519 0.230177 0.171638 0.0771095 0.0186323 0.496562 0.00588147
0.278032 0.260283 0.150659 0.311026 0.230177 0.171638 0.0771095 0.0186323 0.496562 0.00588147
0.292146 0.2719 0.138817 0.297137 0.230177 0.171638 0.0771095 0.0186323 0.496562 0.00588147
0.292146 0.2719 0.138817 0.297137 0.230177 0.171638 0.0771095 0.0186323 0.496562 0.00588147
0.291195 0.265073 0.151614 0.292119 0.225281 0.173306 0.0776675 0.0190058 0.498273 0.00646654
0.291195 0.265073 0.151614 0.292119 0.241161 0.17346 0.0800867 0.016996 0.480425 0.00787011
0.291195 0.265073 0.151614 0.292119 0.232992 0.166598 0.0808941 0.0172037 0.491542 0.0107709
0.291195 0.265073 0.151614 0.292119 0.253178 0.159183 0.077564 0.0154255 0.479087 0.015562
0.291195 0.265073 0.151614 0.292119 0.25666 0.160587 0.0732166 0.0127127 0.482334 0.01449
0.291195 0.265073 0.151614 0.292119 0.253947 0.147416 0.072998 0.020992 0.490627 0.0140202
0.276704 0.276252 0.151381 0.295663 0.256594 0.155211 0.0688036 0.0198688 0.486451 0.013071
0.282383 0.259534 0.162338 0.295745 0.24135 0.173879 0.0713694 0.015931 0.47949 0.0179811
0.282383 0.259534 0.162338 0.295745 0.24135 0.173879 0.0713694 0.015931 0.47949 0.0179811
0.282383 0.259534 0.162338 0.295745 0.233569 0.168025 0.0770389 0.0155857 0.4844 0.021381
0.282383 0.259534 0.162338 0.295745 0.233569 0.168025 0.0770389 0.0155857 0.4844 0.021381
0.275387 0.255805 0.169769 0.299038 0.233864 0.183901 0.0782399 0.01464 0.474722 0.014634
0.275387 0.255805 0.169769 0.299038 0.203635 0.184562 0.098559 0.0210362 0.476833 0.0153753
0.275387 0.255805 0.169769 0.299038 0.203635 0.184562 0.098559 0.0210362 0.476833 0.0153753
0.275387 0.255805 0.169769 0.299038 0.203312 0.184064 0.10779 0.0195723 0.472215 0.0130471
0.286562 0.268937 0.151057 0.293444 0.203312 0.184064 0.10779 0.0195723 0.472215 0.0130471
0.286562 0.268937 0.151057 0.293444 0.203312 0.184064 0.10779 0.0195723 0.472215 0.0130471
0.28757 0.262833 0.147304 0.302293 0.203312 0.184064 0.10779 0.0195723 0.472215 0.0130471
0.28757 0.262833 0.147304 0.302293 0.227264 0.181306 0.103584 0.0141552 0.463846 0.00984563
0.28757 0.262833 0.147304 0.302293 0.231164 0.161051 0.111499 0.0189444 0.464547 0.0127937
0.28757 0.262833 0.147304 0.302293 0.229334 0.152612 0.113428 0.0132675 0.479192 0.0121653
0.28757 0.262833 0.147304 0.302293 0.231175 0.153867 0.114096 0.0125952 0.481165 0.00710059
0.28757 0.262833 0.147304 0.302293 0.245233 0.156486 0.0954793 0.0132961 0.482023 0.0074824
0.28757 0.262833 0.147304 0.302293 0.245233 0.156486 0.0954793 0.0132961 0.482023 0.0074824
0.28757 0.262833 0.147304 0.302293 0.245233 0.156486 0.0954793 0.0132961 0.482023 0.0074824
0.291492 0.267281 0.146224 0.295003 0.244842 0.162239 0.0925216 0.0172273 0.471802 0.0113679
0.291492 0.267281 0.146224 0.295003 0.244842 0.162239 0.0925216 0.0172273 0.471802 0.0113679
0.291492 0.267281 0.146224 0.295003 0.223191 0.174974 0.101279 0.0129926 0.471263 0.0163007
0.291492 0.267281 0.146224 0.295003 0.215881 0.166024 0.107602 0.0151888 0.48123 0.0140743
0.281554 0.259249 0.150935 0.308263 0.198624 0.173646 0.103951 0.0150991 0.499322 0.00935829
0.297888 0.258637 0.143233 0.300242 0.226098 0.169476 0.10551 0.0202875 0.47114 0.00748773
0.297888 0.258637 0.143233 0.300242 0.229002 0.158422 0.102738 0.0231492 0.479192 0.00749712
0.289559 0.251713 0.149206 0.309522 0.215636 0.163604 0.106291 0.0281951 0.482521 0.00375195
0.289559 0.251713 0.149206 0.309522 0.214024 0.167148 0.102495 0.0225064 0.489807 0.00401897
0.289559 0.251713 0.149206 0.309522 0.214024 0.167148 0.102495 0.0225064 0.489807 0.00401897
0.289559 0.251713 0.149206 0.309522 0.214024 0.167148 0.102495 0.0225064 0.489807 0.00401897
0.285451 0.260337 0.147734 0.306479 0.214024 0.167148 0.102495 0.0225064 0.489807 0.00401897
0.291218 0.254055 0.148187 0.30654 0.220361 0.159451 0.0954247 0.0225104 0.498633 0.0036197
0.291218 0.254055 0.148187 0.30654 0.240876 0.154146 0.0867826 0.0238758 0.489685 0.00463451
0.291218 0.254055 0.148187 0.30654 0.25173 0.15937 0.100935 0.0200741 0.463041 0.00484962
0.291218 0.254055 0.148187 0.30654 0.25173 0.15937 0.100935 0.0200741 0.463041 0.00484962
0.291218 0.254055 0.148187 0.30654 0.25173 0.15937 0.100935 0.0200741 0.463041 0.00484962
0.291218 0.254055 0.148187 0.30654 0.253651 0.17394 0.0788883 0.0209276 0.464034 0.00855838
0.278532 0.244944 0.164667 0.311857 0.253651 0.17394 0.0788883 0.0209276 0.464034 0.00855838
0.274476 0.261497 0.163303 0.300724 0.253651 0.17394 0.0788883 0.0209276 0.464034 0.00855838
0.274476 0.261497 0.163303 0.300724 0.253651 0.17394 0.0788883 0.0209276 0.464034 0.00855838
0.289246 0.278021 0.149897 0.282836 0.253651 0.17394 0.0788883 0.0209276 0.464034 0.00855838
0.289246 0.278021 0.149897 0.282836 0.262731 0.176853 0.0740082 0.0206613 0.458988 0.00675897
0.289246 0.278021 0.149897 0.282836 0.268914 0.153283 0.0731023 0.0188458 0.476061 0.00979447
0.28124 0.27901 0.148567 0.291183 0.268914 0.153283 0.0731023 0.0188458 0.476061 0.00979447
0.28124 0.27901 0.148567 0.291183 0.268914 0.153283 0.0731023 0.0188458 0.476061 0.00979447
0.28124 0.27901 0.148567 0.291183 0.268914 0.153283 0.0731023 0.0188458 0.476061 0.00979447
0.28124 0.27901 0.148567 0.291183 0.2586 0.156837 0.0778902 0.0241516 0.47326 0.00926108
0.278688 0.272157 0.151111 0.298044 0.2586 0.156837 0.0778902 0.0241516 0.47326 0.00926108
0.278688 0.272157 0.151111 0.298044 0.2586 0.156837 0.0778902 0.0241516 0.47326 0.00926108
0.291322 0.255164 0.152102 0.301413 0.26384 0.160277 0.0676356 0.0258315 0.474858 0.00755762
0.292183 0.258557 0.156253 0.293007 0.273724 0.168237 0.0631523 0.0150916 0.47249 0.00730539
0.309054 0.260105 0.142777 0.288063 0.273724 0.168237 0.0631523 0.0150916 0.47249 0.00730539
0.293561 0.255707 0.152673 0.298058 0.272905 0.170353 0.063916 0.0160206 0.468952 0.00785367
0.293561 0.255707 0.152673 0.298058 0.272905 0.170353 0.063916 0.0160206 0.468952 0.00785367
0.293561 0.255707 0.152673 0.298058 0.272905 0.170353 0.063916 0.0160206 0.468952 0.00785367
0.293561 0.255707 0.152673 0.298058 0.269212 0.167222 0.0696313 0.0154884 0.469834 0.00861255
0.293561 0.255707 0.152673 0.298058 0.27133 0.172303 0.064418 0.0174087 0.466188 0.00835206
0.289498 0.266361 0.149777 0.294364 0.27133 0.172303 0.064418 0.0174087 0.466188 0.00835206
0.289498 0.266361 0.149777 0.294364 0.27133 0.172303 0.064418 0.0174087 0.466188 0.00835206
0.289498 0.266361 0.149777 0.294364 0.27133 0.172303 0.064418 0.0174087 0.466188 0.00835206
0.289498 0.266361 0.149777 0.294364 0.27133 0.172303 0.064418 0.0174087 0.466188 0.00835206
0.272859 0.263309 0.148279 0.315553 0.274255 0.173537 0.0596668 0.0146447 0.467281 0.0106159
0.272859 0.263309 0.148279 0.315553 0.259773 0.181254 0.0627113 0.0192292 0.468118 0.00891411
0.272859 0.263309 0.148279 0.315553 0.259773 0.181254 0.0627113 0.0192292 0.468118 0.00891411
0.272859 0.263309 0.148279 0.315553 0.259773 0.181254 0.0627113 0.0192292 0.468118 0.00891411
0.272859 0.263309 0.148279 0.315553 0.259773 0.181254 0.0627113 0.0192292 0.468118 0.00891411
0.272859 0.263309 0.148279 0.315553 0.259773 0.181254 0.0627113 0.0192292 0.468118 0.00891411
0.273346 0.272929 0.154169 0.299556 0.259773 0.181254 0.0627113 0.0192292 0.468118 0.00891411
0.273346 0.272929 0.154169 0.299556 0.259773 0.181254 0.0627113 0.0192292 0.468118 0.00891411
0.273346 0.272929 0.154169 0.299556 0.254383 0.169798 0.0554314 0.0207908 0.490066 0.00953144
0.273346 0.272929 0.154169 0.299556 0.254383 0.169798 0.0554314 0.0207908 0.490066 0.00953144
0.273346 0.272929 0.154169 0.299556 0.254383 0.169798 0.0554314 0.0207908 0.490066 0.00953144
0.273346 0.272929 0.154169 0.299556 0.238416 0.151761 0.0723967 0.0267474 0.500959 0.00971972
0.273346 0.272929 0.154169 0.299556 0.238416 0.151761 0.0723967 0.0267474 0.500959 0.00971972
0.289242 0.278484 0.138513 0.293762 0.238416 0.151761 0.0723967 0.0267474 0.500959 0.00971972
0.289242 0.278484 0.138513 0.293762 0.238416 0.151761 0.0723967 0.0267474 0.500959 0.00971972
0.289242 0.278484 0.138513 0.293762 0.238416 0.151761 0.0723967 0.0267474 0.500959 0.00971972
0.289242 0.278484 0.138513 0.293762 0.244667 0.148065 0.0799085 0.0190685 0.49397 0.0143216
0.289242 0.278484 0.138513 0.293762 0.258652 0.147182 0.0800081 0.0196426 0.480713 0.0138021
0.289242 0.278484 0.138513 0.293762 0.258652 0.147182 0.0800081 0.0196426 0.480713 0.0138021
0.289242 0.278484 0.138513 0.293762 0.24783 0.142367 0.0951085 0.0174298 0.488258 0.00900659
0.289242 0.278484 0.138513 0.293762 0.255798 0.133413 0.0900308 0.0165791 0.497234 0.00694466
0.289242 0.278484 0.138513 0.293762 0.255798 0.133413 0.0900308 0.0165791 0.497234 0.00694466
0.289242 0.278484 0.138513 0.293762 0.255798 0.133413 0.0900308 0.0165791 0.497234 0.00694466
0.289242 0.278484 0.138513 0.293762 0.255798 0.133413 0.0900308 0.0165791 0.497234 0.00694466
0.289242 0.278484 0.138513 0.293762 0.255798 0.133413 0.0900308 0.0165791 0.497234 0.00694466
0.289242 0.278484 0.138513 0.293762 0.228806 0.128304 0.0951488 0.0162822 0.523342 0.00811688
0.289242 0.278484 0.138513 0.293762 0.233912 0.142022 0.0921615 0.0152456 0.512357 0.00430164
0.289242 0.278484 0.138513 0.293762 0.234623 0.140557 0.0832583 0.0137933 0.523296 0.00447222
0.289242 0.278484 0.138513 0.293762 0.234623 0.140557 0.0832583 0.0137933 0.523296 0.00447222
0.294719 0.271483 0.138672 0.295126 0.22398 0.159953 0.10178 0.0156305 0.49421 0.00444567
0.294719 0.271483 0.138672 0.295126 0.226971 0.154091 0.11372 0.0171688 0.486482 0.00156646
0.294719 0.271483 0.138672 0.295126 0.226971 0.154091 0.11372 0.0171688 0.486482 0.00156646
0.285149 0.277458 0.132854 0.304539 0.226971 0.154091 0.11372 0.0171688 0.486482 0.00156646
0.285149 0.277458 0.132854 0.304539 0.226971 0.154091 0.11372 0.0171688 0.486482 0.00156646
0.285149 0.277458 0.132854 0.304539 0.234196 0.149824 0.110753 0.0191205 0.484426 0.00168033
0.285149 0.277458 0.132854 0.304539 0.234196 0.149824 0.110753 0.0191205 0.484426 0.00168033
0.285149 0.277458 0.132854 0.304539 0.234196 0.149824 0.110753 0.0191205 0.484426 0.00168033
0.277242 0.269714 0.15592 0.297124 0.247199 0.140761 0.106288 0.0206735 0.481742 0.00333569
0.298174 0.253467 0.145295 0.303064 0.259983 0.131408 0.0980043 0.0213873 0.487813 0.00140404
0.298174 0.253467 0.145295 0.303064 0.270661 0.128924 0.098761 0.0164469 0.484192 0.00101496
0.298174 0.253467 0.145295 0.303064 0.255977 0.127636 0.0932399 0.0164385 0.504725 0.00198363
0.298174 0.253467 0.145295 0.303064 0.255977 0.127636 0.0932399 0.0164385 0.504725 0.00198363
0.298174 0.253467 0.145295 0.303064 0.255977 0.127636 0.0932399 0.0164385 0.504725 0.00198363
0.274329 0.280781 0.139833 0.305057 0.255977 0.127636 0.0932399 0.0164385 0.504725 0.00198363
0.274329 0.280781 0.139833 0.305057 0.257715 0.141837 0.0869171 0.0146419 0.496562 0.00232696
0.288168 0.279892 0.131956 0.299985 0.257715 0.141837 0.0869171 0.0146419 0.496562 0.00232696
0.288168 0.279892 0.131956 0.299985 0.241794 0.142321 0.0784241 0.015347 0.516914 0.00520035
0.288168 0.279892 0.131956 0.299985 0.241794 0.142321 0.0784241 0.015347 0.516914 0.00520035
0.269458 0.277663 0.144368 0.308511 0.241794 0.142321 0.0784241 0.015347 0.516914 0.00520035
0.269458 0.277663 0.144368 0.308511 0.241794 0.142321 0.0784241 0.015347 0.516914 0.00520035
0.274028 0.260976 0.145275 0.31972 0.241794 0.142321 0.0784241 0.015347 0.516914 0.00520035
0.282504 0.269204 0.142004 0.306288 0.241794 0.142321 0.0784241 0.015347 0.516914 0.00520035
0.282504 0.269204 0.142004 0.306288 0.241794 0.142321 0.0784241 0.015347 0.516914 0.00520035
0.282504 0.269204 0.142004 0.306288 0.241794 0.142321 0.0784241 0.015347 0.516914 0.00520035
0.294573 0.269184 0.128052 0.308192 0.242633 0.132662 0.0837766 0.0154569 0.51853 0.0069422
0.276416 0.279216 0.133446 0.310922 0.242633 0.132662 0.0837766 0.0154569 0.51853 0.0069422
0.276416 0.279216 0.133446 0.310922 0.242633 0.132662 0.0837766 0.0154569 0.51853 0.0069422
0.281968 0.285984 0.145651 0.286396 0.242515 0.127571 0.0899617 0.0162359 0.520287 0.00342859
0.281968 0.285984 0.145651 0.286396 0.242515 0.127571 0.0899617 0.0162359 0.520287 0.00342859
0.281968 0.285984 0.145651 0.286396 0.242515 0.127571 0.0899617 0.0162359 0.520287 0.00342859
0.281968 0.285984 0.145651 0.286396 0.242515 0.127571 0.0899617 0.0162359 0.520287 0.00342859
0.288995 0.28296 0.150711 0.277334 0.21715 0.139574 0.100422 0.0117514 0.52532 0.00578272
0.288995 0.28296 0.150711 0.277334 0.217844 0.147832 0.10457 0.00756171 0.516615 0.00557639
0.264489 0.289708 0.156189 0.289614 0.217844 0.147832 0.10457 0.00756171 0.516615 0.00557639
0.275883 0.279478 0.162543 0.282096 0.217844 0.147832 0.10457 0.00756171 0.516615 0.00557639
0.273709 0.285128 0.159487 0.281676 0.217844 0.147832 0.10457 0.00756171 0.516615 0.00557639
0.277641 0.285167 0.158076 0.279116 0.216876 0.153922 0.0952614 0.00915072 0.514558 0.0102316
0.277641 0.285167 0.158076 0.279116 0.216876 0.153922 0.0952614 0.00915072 0.514558 0.0102316
0.277641 0.285167 0.158076 0.279116 0.216876 0.153922 0.0952614 0.00915072 0.514558 0.0102316
0.277641 0.285167 0.158076 0.279116 0.219459 0.15352 0.103466 0.0131359 0.499451 0.0109686
0.288922 0.28152 0.167167 0.262391 0.227277 0.159116 0.0936549 0.0137698 0.491004 0.0151781
0.288922 0.28152 0.167167 0.262391 0.226436 0.154419 0.0950243 0.0127328 0.494023 0.0173654
0.288922 0.28152 0.167167 0.262391 0.226436 0.154419 0.0950243 0.0127328 0.494023 0.0173654
0.292913 0.253973 0.179523 0.273591 0.226436 0.154419 0.0950243 0.0127328 0.494023 0.0173654
0.301188 0.254173 0.156589 0.28805 0.206743 0.164398 0.0850363 0.0135198 0.511617 0.0186865
0.301188 0.254173 0.156589 0.28805 0.206743 0.164398 0.0850363 0.0135198 0.511617 0.0186865
0.301188 0.254173 0.156589 0.28805 0.222155 0.162461 0.0879101 0.0190069 0.493771 0.0146967
0.283259 0.282164 0.148353 0.286223 0.222155 0.162461 0.0879101 0.0190069 0.493771 0.0146967
0.285234 0.28239 0.159537 0.272839 0.21242 0.160645 0.0941103 0.0239459 0.497142 0.0117373
0.285234 0.28239 0.159537 0.272839 0.21242 0.160645 0.0941103 0.0239459 0.497142 0.0117373
0.30138 0.277723 0.149188 0.271708 0.21242 0.160645 0.0941103 0.0239459 0.497142 0.0117373
0.30138 0.277723 0.149188 0.271708 0.21242 0.160645 0.0941103 0.0239459 0.497142 0.0117373
0.295382 0.267165 0.148055 0.289397 0.21242 0.160645 0.0941103 0.0239459 0.497142 0.0117373
0.295382 0.267165 0.148055 0.289397 0.21242 0.160645 0.0941103 0.0239459 0.497142 0.0117373
0.295382 0.267165 0.148055 0.289397 0.21242 0.160645 0.0941103 0.0239459 0.497142 0.0117373
0.295325 0.264054 0.14103 0.299591 0.21242 0.160645 0.0941103 0.0239459 0.497142 0.0117373
0.308085 0.255718 0.149752 0.286445 0.206033 0.184398 0.102276 0.0203198 0.468429 0.0185449
0.308085 0.255718 0.149752 0.286445 0.221751 0.195977 0.109812 0.0256754 0.43441 0.0123742
0.308085 0.255718 0.149752 0.286445 0.221751 0.195977 0.109812 0.0256754 0.43441 0.0123742
0.308085 0.255718 0.149752 0.286445 0.221751 0.195977 0.109812 0.0256754 0.43441 0.0123742
0.305609 0.256499 0.152007 0.285886 0.20143 0.187983 0.108539 0.0320135 0.462119 0.00791458
0.306265 0.258096 0.143539 0.292099 0.20143 0.187983 0.108539 0.0320135 0.462119 0.00791458
0.32199 0.244817 0.141668 0.291526 0.20143 0.187983 0.108539 0.0320135 0.462119 0.00791458
0.276577 0.258923 0.151378 0.313122 0.201741 0.195111 0.111047 0.0292259 0.457699 0.00517655
0.276577 0.258923 0.151378 0.313122 0.201741 0.195111 0.111047 0.0292259 0.457699 0.00517655
0.276577 0.258923 0.151378 0.313122 0.201741 0.195111 0.111047 0.0292259 0.457699 0.00517655
0.290899 0.255414 0.159937 0.29375 0.204091 0.196332 0.106887 0.0236709 0.464941 0.00407839
0.290899 0.255414 0.159937 0.29375 0.204091 0.196332 0.106887 0.0236709 0.464941 0.00407839
0.290899 0.255414 0.159937 0.29375 0.204091 0.196332 0.106887 0.0236709 0.464941 0.00407839
0.290899 0.255414 0.159937 0.29375 0.204091 0.196332 0.106887 0.0236709 0.464941 0.00407839
0.290899 0.255414 0.159937 0.29375 0.204091 0.196332 0.106887 0.0236709 0.464941 0.00407839
0.290899 0.255414 0.159937 0.29375 0.205381 0.206184 0.106812 0.0141476 0.458392 0.00908275
0.290899 0.255414 0.159937 0.29375 0.205381 0.206184 0.106812 0.0141476 0.458392 0.00908275
0.301669 0.246764 0.154246 0.297321 0.223987 0.204728 0.112688 0.0133984 0.438952 0.00624734
0.319171 0.24613 0.145785 0.288914 0.214659 0.206271 0.100254 0.0143241 0.458383 0.00610859
0.319171 0.24613 0.145785 0.288914 0.231297 0.202583 0.090368 0.0149039 0.452096 0.00875189
0.319171 0.24613 0.145785 0.288914 0.235775 0.203329 0.0978617 0.0129634 0.442459 0.00761189
0.3115 0.25655 0.139789 0.292161 0.235775 0.203329 0.0978617 0.0129634 0.442459 0.00761189
0.3115 0.25655 0.139789 0.292161 0.235775 0.203329 0.0978617 0.0129634 0.442459 0.00761189
0.3115 0.25655 0.139789 0.292161 0.235775 0.203329 0.0978617 0.0129634 0.442459 0.00761189
0.3115 0.25655 0.139789 0.292161 0.235775 0.203329 0.0978617 0.0129634 0.442459 0.00761189
0.3115 0.25655 0.139789 0.292161 0.235775 0.203329 0.0978617 0.0129634 0.442459 0.00761189
0.3115 0.25655 0.139789 0.292161 0.235775 0.203329 0.0978617 0.0129634 0.442459 0.00761189
0.3115 0.25655 0.139789 0.292161 0.235775 0.203329 0.0978617 0.0129634 0.442459 0.00761189
0.3115 0.25655 0.139789 0.292161 0.235775 0.203329 0.0978617 0.0129634 0.442459 0.00761189
0.3115 0.25655 0.139789 0.292161 0.244538 0.192659 0.0834186 0.0128718 0.455503 0.0110087
0.300659 0.254252 0.153157 0.291932 0.244538 0.192659 0.0834186 0.0128718 0.455503 0.0110087
0.300659 0.254252 0.153157 0.291932 0.2385 0.178598 0.100456 0.0130621 0.45516 0.0142238
0.300422 0.247557 0.162701 0.28932 0.233945 0.177302 0.100381 0.0181364 0.454605 0.01563
0.300422 0.247557 0.162701 0.28932 0.233945 0.177302 0.100381 0.0181364 0.454605 0.01563
0.300422 0.247557 0.162701 0.28932 0.233945 0.177302 0.100381 0.0181364 0.454605 0.01563
0.300422 0.247557 0.162701 0.28932 0.233945 0.177302 0.100381 0.0181364 0.454605 0.01563
0.300422 0.247557 0.162701 0.28932 0.233945 0.177302 0.100381 0.0181364 0.454605 0.01563
0.300422 0.247557 0.162701 0.28932 0.233945 0.177302 0.100381 0.0181364 0.454605 0.01563
0.300422 0.247557 0.162701 0.28932 0.233945 0.177302 0.100381 0.0181364 0.454605 0.01563
0.277911 0.271726 0.145425 0.304938 0.246736 0.159153 0.0884191 0.0162371 0.470452 0.0190034
0.28551 0.278649 0.143646 0.292195 0.246736 0.159153 0.0884191 0.0162371 0.470452 0.0190034
0.28551 0.278649 0.143646 0.292195 0.240279 0.166912 0.0871697 0.0162668 0.472155 0.0172176
0.28551 0.278649 0.143646 0.292195 0.240279 0.166912 0.0871697 0.0162668 0.472155 0.0172176
0.28551 0.278649 0.143646 0.292195 0.240279 0.166912 0.0871697 0.0162668 0.472155 0.0172176
0.28551 0.278649 0.143646 0.292195 0.240279 0.166912 0.0871697 0.0162668 0.472155 0.0172176
0.28551 0.278649 0.143646 0.292195 0.219724 0.158686 0.106653 0.0140271 0.485242 0.0156679
0.28551 0.278649 0.143646 0.292195 0.219724 0.158686 0.106653 0.0140271 0.485242 0.0156679
0.28551 0.278649 0.143646 0.292195 0.219724 0.158686 0.106653 0.0140271 0.485242 0.0156679
0.276326 0.268978 0.153135 0.301561 0.213059 0.160279 0.106261 0.0133515 0.491663 0.0153864
0.289116 0.277487 0.142791 0.290605 0.213059 0.160279 0.106261 0.0133515 0.491663 0.0153864
0.289116 0.277487 0.142791 0.290605 0.213605 0.16992 0.111185 0.0164396 0.478301 0.0105493
0.289116 0.277487 0.142791 0.290605 0.213605 0.16992 0.111185 0.0164396 0.478301 0.0105493
0.30043 0.278709 0.149288 0.271573 0.221756 0.173853 0.10426 0.0185112 0.467228 0.0143912
0.30043 0.278709 0.149288 0.271573 0.221756 0.173853 0.10426 0.0185112 0.467228 0.0143912
0.307355 0.265047 0.155794 0.271805 0.221756 0.173853 0.10426 0.0185112 0.467228 0.0143912
0.307355 0.265047 0.155794 0.271805 0.233748 0.152842 0.111821 0.0230227 0.465486 0.0130798
0.307708 0.251953 0.15109 0.289249 0.233748 0.152842 0.111821 0.0230227 0.465486 0.0130798
0.288533 0.260264 0.15884 0.292363 0.233748 0.152842 0.111821 0.0230227 0.465486 0.0130798
0.288533 0.260264 0.15884 0.292363 0.233748 0.152842 0.111821 0.0230227 0.465486 0.0130798
0.288533 0.260264 0.15884 0.292363 0.233748 0.152842 0.111821 0.0230227 0.465486 0.0130798
0.296827 0.261741 0.1563 0.285132 0.233748 0.152842 0.111821 0.0230227 0.465486 0.0130798
0.280665 0.286581 0.145503 0.287252 0.244606 0.15511 0.116692 0.0172687 0.453504 0.0128186
0.276676 0.266436 0.157786 0.299102 0.244606 0.15511 0.116692 0.0172687 0.453504 0.0128186
0.269724 0.279214 0.147945 0.303117 0.236609 0.145685 0.108658 0.0135987 0.490196 0.00525368
0.269724 0.279214 0.147945 0.303117 0.236609 0.145685 0.108658 0.0135987 0.490196 0.00525368
0.277054 0.259359 0.14942 0.314167 0.250915 0.139644 0.110341 0.0158401 0.480988 0.00227176
0.270882 0.270925 0.14365 0.314543 0.251211 0.134332 0.111929 0.0198303 0.480573 0.00212604
0.270882 0.270925 0.14365 0.314543 0.251211 0.134332 0.111929 0.0198303 0.480573 0.00212604
0.270882 0.270925 0.14365 0.314543 0.242787 0.155744 0.0847887 0.0187331 0.494296 0.00365147
0.270882 0.270925 0.14365 0.314543 0.242787 0.155744 0.0847887 0.0187331 0.494296 0.00365147
0.270882 0.270925 0.14365 0.314543 0.261569 0.143936 0.0835008 0.0213523 0.487354 0.00228743
0.270882 0.270925 0.14365 0.314543 0.2688 0.145141 0.0574351 0.0201722 0.50617 0.00228253
0.270882 0.270925 0.14365 0.314543 0.261387 0.145165 0.0593738 0.0241469 0.508864 0.00106346
0.268546 0.279726 0.149816 0.301911 0.26092 0.166952 0.0485224 0.0267415 0.495382 0.00148281
0.285039 0.269642 0.142586 0.302733 0.252588 0.14746 0.0536746 0.0198334 0.52583 0.000613907
0.285039 0.269642 0.142586 0.302733 0.226363 0.158066 0.0584864 0.0216399 0.534923 0.000522243
0.278627 0.271828 0.150911 0.298634 0.226363 0.158066 0.0584864 0.0216399 0.534923 0.000522243
0.278627 0.271828 0.150911 0.298634 0.226363 0.158066 0.0584864 0.0216399 0.534923 0.000522243
0.278627 0.271828 0.150911 0.298634 0.223668 0.140952 0.0601601 0.0291352 0.542963 0.00312225
0.278627 0.271828 0.150911 0.298634 0.223668 0.140952 0.0601601 0.0291352 0.542963 0.00312225
0.278627 0.271828 0.150911 0.298634 0.234737 0.135857 0.0694201 0.0337135 0.522018 0.0042534
0.293063 0.27443 0.133322 0.299185 0.234737 0.135857 0.0694201 0.0337135 0.522018 0.0042534
0.293063 0.27443 0.133322 0.299185 0.234737 0.135857 0.0694201 0.0337135 0.522018 0.0042534
0.28965 0.283903 0.12533 0.301116 0.234737 0.135857 0.0694201 0.0337135 0.522018 0.0042534
0.271668 0.293521 0.136297 0.298515 0.24011 0.128815 0.0645495 0.0262137 0.534057 0.00625498
0.271668 0.293521 0.136297 0.298515 0.227858 0.134351 0.0729567 0.0318831 0.526708 0.00624329
0.270753 0.287439 0.135324 0.306484 0.227858 0.134351 0.0729567 0.0318831 0.526708 0.00624329
0.272105 0.284261 0.139991 0.303643 0.227858 0.134351 0.0729567 0.0318831 0.526708 0.00624329
0.287794 0.278703 0.13241 0.301094 0.229393 0.137399 0.083981 0.0325435 0.509487 0.00719582
0.287794 0.278703 0.13241 0.301094 0.233765 0.144588 0.0907594 0.0294594 0.491831 0.00959701
0.286153 0.262157 0.140665 0.311025 0.233765 0.144588 0.0907594 0.0294594 0.491831 0.00959701
0.286153 0.262157 0.140665 0.311025 0.233765 0.144588 0.0907594 0.0294594 0.491831 0.00959701
0.286153 0.262157 0.140665 0.311025 0.243557 0.151919 0.089263 0.0297805 0.47433 0.0111513
0.286153 0.262157 0.140665 0.311025 0.243557 0.151919 0.089263 0.0297805 0.47433 0.0111513
0.286153 0.262157 0.140665 0.311025 0.243557 0.151919 0.089263 0.0297805 0.47433 0.0111513
0.286153 0.262157 0.140665 0.311025 0.243557 0.151919 0.089263 0.0297805 0.47433 0.0111513
0.286153 0.262157 0.140665 0.311025 0.244682 0.144624 0.0827319 0.0282853 0.488782 0.0108946
0.284678 0.260402 0.143733 0.311188 0.244682 0.144624 0.0827319 0.0282853 0.488782 0.0108946
0.2847 0.265244 0.14054 0.309516 0.244682 0.144624 0.0827319 0.0282853 0.488782 0.0108946
0.2847 0.265244 0.14054 0.309516 0.234453 0.150075 0.0763695 0.0293019 0.495029 0.0147723
0.2847 0.265244 0.14054 0.309516 0.234453 0.150075 0.0763695 0.0293019 0.495029 0.0147723
0.2847 0.265244 0.14054 0.309516 0.252651 0.154372 0.0784361 0.0229831 0.478233 0.0133258
0.283112 0.260629 0.151626 0.304634 0.270832 0.135722 0.0878624 0.0235292 0.470496 0.0115578
0.283112 0.260629 0.151626 0.304634 0.270832 0.135722 0.0878624 0.0235292 0.470496 0.0115578
0.283112 0.260629 0.151626 0.304634 0.259574 0.128525 0.0812805 0.0295472 0.485194 0.0158792
0.298831 0.256165 0.156603 0.288402 0.259574 0.128525 0.0812805 0.0295472 0.485194 0.0158792
0.298831 0.256165 0.156603 0.288402 0.254846 0.144113 0.0799324 0.0300456 0.474186 0.016877
0.298831 0.256165 0.156603 0.288402 0.256903 0.144625 0.0800113 0.0369867 0.468673 0.0128016
0.298831 0.256165 0.156603 0.288402 0.256903 0.144625 0.0800113 0.0369867 0.468673 0.0128016
0.298831 0.256165 0.156603 0.288402 0.256903 0.144625 0.0800113 0.0369867 0.468673 0.0128016
0.288561 0.269606 0.158046 0.283787 0.238329 0.145103 0.0807564 0.0324642 0.491863 0.0114847
0.288561 0.269606 0.158046 0.283787 0.238329 0.145103 0.0807564 0.0324642 0.491863 0.0114847
0.288561 0.269606 0.158046 0.283787 0.23859 0.172612 0.0824845 0.0289763 0.468573 0.00876348
0.288561 0.269606 0.158046 0.283787 0.23859 0.172612 0.0824845 0.0289763 0.468573 0.00876348
0.288561 0.269606 0.158046 0.283787 0.23859 0.172612 0.0824845 0.0289763 0.468573 0.00876348
0.288561 0.269606 0.158046 0.283787 0.23859 0.172612 0.0824845 0.0289763 0.468573 0.00876348
0.288561 0.269606 0.158046 0.283787 0.23859 0.172612 0.0824845 0.0289763 0.468573 0.00876348
0.288561 0.269606 0.158046 0.283787 0.23859 0.172612 0.0824845 0.0289763 0.468573 0.00876348
0.288561 0.269606 0.158046 0.283787 0.230745 0.171738 0.0891117 0.0255349 0.473987 0.00888368
0.288561 0.269606 0.158046 0.283787 0.231981 0.153748 0.0938252 0.0174413 0.49337 0.00963427
0.28708 0.267859 0.155563 0.289498 0.231981 0.153748 0.0938252 0.0174413 0.49337 0.00963427
0.297079 0.279868 0.140761 0.282292 0.231981 0.153748 0.0938252 0.0174413 0.49337 0.00963427
0.286408 0.268422 0.138358 0.306812 0.231981 0.153748 0.0938252 0.0174413 0.49337 0.00963427
0.286408 0.268422 0.138358 0.306812 0.231981 0.153748 0.0938252 0.0174413 0.49337 0.00963427
0.286408 0.268422 0.138358 0.306812 0.231981 0.153748 0.0938252 0.0174413 0.49337 0.00963427
0.286408 0.268422 0.138358 0.306812 0.231981 0.153748 0.0938252 0.0174413 0.49337 0.00963427
0.286408 0.268422 0.138358 0.306812 0.231981 0.153748 0.0938252 0.0174413 0.49337 0.00963427
0.286408 0.268422 0.138358 0.306812 0.231981 0.153748 0.0938252 0.0174413 0.49337 0.00963427
0.286408 0.268422 0.138358 0.306812 0.224944 0.147863 0.0931588 0.0193518 0.504066 0.0106167
0.286408 0.268422 0.138358 0.306812 0.218416 0.163871 0.0896738 0.0173169 0.499437 0.0112856
0.26376 0.273088 0.151771 0.311381 0.218416 0.163871 0.0896738 0.0173169 0.499437 0.0112856
0.26376 0.273088 0.151771 0.311381 0.218416 0.163871 0.0896738 0.0173169 0.499437 0.0112856
0.2748 0.274698 0.151568 0.298935 0.218416 0.163871 0.0896738 0.0173169 0.499437 0.0112856
0.2748 0.274698 0.151568 0.298935 0.218416 0.163871 0.0896738 0.0173169 0.499437 0.0112856
0.2748 0.274698 0.151568 0.298935 0.218416 0.163871 0.0896738 0.0173169 0.499437 0.0112856
0.2748 0.274698 0.151568 0.298935 0.212783 0.144198 0.0967032 0.012881 0.522952 0.0104832
0.2748 0.274698 0.151568 0.298935 0.226667 0.137883 0.0928735 0.0100216 0.520248 0.0123062
0.2748 0.274698 0.151568 0.298935 0.227272 0.136977 0.098329 0.0124712 0.512493 0.012458
0.295304 0.269693 0.138882 0.296122 0.227272 0.136977 0.098329 0.0124712 0.512493 0.012458
0.295304 0.269693 0.138882 0.296122 0.227272 0.136977 0.098329 0.0124712 0.512493 0.012458
0.295304 0.269693 0.138882 0.296122 0.227272 0.136977 0.098329 0.0124712 0.512493 0.012458
0.295304 0.269693 0.138882 0.296122 0.223607 0.143373 0.0978092 0.0148007 0.511593 0.00881661
0.278731 0.271023 0.154413 0.295834 0.220649 0.141435 0.098362 0.0145775 0.516457 0.00851977
0.278731 0.271023 0.154413 0.295834 0.221934 0.147951 0.102223 0.0174195 0.503125 0.00734724
0.278731 0.271023 0.154413 0.295834 0.221934 0.147951 0.102223 0.0174195 0.503125 0.00734724
0.278731 0.271023 0.154413 0.295834 0.221934 0.147951 0.102223 0.0174195 0.503125 0.00734724
0.278731 0.271023 0.154413 0.295834 0.221934 0.147951 0.102223 0.0174195 0.503125 0.00734724
0.2856 0.27561 0.148083 0.290707 0.221934 0.147951 0.102223 0.0174195 0.503125 0.00734724
0.284788 0.274007 0.150303 0.290903 0.24161 0.156114 0.0764766 0.0134141 0.506484 0.00590139
0.284788 0.274007 0.150303 0.290903 0.24161 0.156114 0.0764766 0.0134141 0.506484 0.00590139
0.284788 0.274007 0.150303 0.290903 0.215693 0.160629 0.0783696 0.0168547 0.523415 0.00503756
0.284788 0.274007 0.150303 0.290903 0.215693 0.160629 0.0783696 0.0168547 0.523415 0.00503756
0.284788 0.274007 0.150303 0.290903 0.215693 0.160629 0.0783696 0.0168547 0.523415 0.00503756
0.284788 0.274007 0.150303 0.290903 0.215693 0.160629 0.0783696 0.0168547 0.523415 0.00503756
0.295885 0.258247 0.154876 0.290992 0.205681 0.171873 0.0798842 0.0162 0.522131 0.00423096
0.290416 0.257968 0.162618 0.288998 0.205681 0.171873 0.0798842 0.0162 0.522131 0.00423096
0.290416 0.257968 0.162618 0.288998 0.205681 0.171873 0.0798842 0.0162 0.522131 0.00423096
0.286468 0.271987 0.16127 0.280276 0.206352 0.18023 0.0768794 0.0162373 0.517087 0.00321498
0.286104 0.277962 0.154431 0.281503 0.22184 0.176902 0.0836003 0.0137418 0.500888 0.00302818
0.286104 0.277962 0.154431 0.281503 0.212548 0.167044 0.0786863 0.0123276 0.521754 0.00764041
0.286104 0.277962 0.154431 0.281503 0.217685 0.17434 0.0718994 0.0110022 0.519238 0.00583532
0.286104 0.277962 0.154431 0.281503 0.217685 0.17434 0.0718994 0.0110022 0.519238 0.00583532
0.286104 0.277962 0.154431 0.281503 0.231783 0.159975 0.0827329 0.00991902 0.508989 0.00660125
0.286104 0.277962 0.154431 0.281503 0.240103 0.160688 0.0658605 0.0126366 0.513099 0.00761315
0.286104 0.277962 0.154431 0.281503 0.240103 0.160688 0.0658605 0.0126366 0.513099 0.00761315
0.286104 0.277962 0.154431 0.281503 0.240103 0.160688 0.0658605 0.0126366 0.513099 0.00761315
0.286104 0.277962 0.154431 0.281503 0.262106 0.137905 0.0740291 0.0152638 0.504493 0.00620285
0.266435 0.287942 0.140711 0.304913 0.261936 0.151517 0.0739348 0.0109791 0.492064 0.00956932
0.266435 0.287942 0.140711 0.304913 0.256456 0.151116 0.074793 0.0105004 0.49806 0.00907468
0.272522 0.272724 0.14378 0.310974 0.265537 0.139204 0.076789 0.014343 0.492123 0.0120045
0.26393 0.281268 0.15187 0.302931 0.265537 0.139204 0.076789 0.014343 0.492123 0.0120045
0.26393 0.281268 0.15187 0.302931 0.265537 0.139204 0.076789 0.014343 0.492123 0.0120045
0.26393 0.281268 0.15187 0.302931 0.265537 0.139204 0.076789 0.014343 0.492123 0.0120045
0.26393 0.281268 0.15187 0.302931 0.259781 0.139653 0.0703302 0.0222987 0.495859 0.0120781
0.26393 0.281268 0.15187 0.302931 0.259781 0.139653 0.0703302 0.0222987 0.495859 0.0120781
0.26393 0.281268 0.15187 0.302931 0.259781 0.139653 0.0703302 0.0222987 0.495859 0.0120781
0.26393 0.281268 0.15187 0.302931 0.259781 0.139653 0.0703302 0.0222987 0.495859 0.0120781
0.26393 0.281268 0.15187 0.302931 0.259781 0.139653 0.0703302 0.0222987 0.495859 0.0120781
0.26393 0.281268 0.15187 0.302931 0.258333 0.144463 0.0714247 0.0312604 0.483831 0.0106879
0.26393 0.281268 0.15187 0.302931 0.259853 0.14889 0.0742271 0.0260189 0.483301 0.00771064
0.26393 0.281268 0.15187 0.302931 0.259853 0.14889 0.0742271 0.0260189 0.483301 0.00771064
0.276842 0.27739 0.134087 0.31168 0.259853 0.14889 0.0742271 0.0260189 0.483301 0.00771064
0.280967 0.28667 0.134966 0.297397 0.256969 0.155252 0.0653506 0.0262388 0.490457 0.00573193
0.280967 0.28667 0.134966 0.297397 0.241311 0.170403 0.0664292 0.01521 0.497053 0.00959401
0.280967 0.28667 0.134966 0.297397 0.247588 0.17193 0.0765894 0.021686 0.4736 0.00860664
0.293201 0.27249 0.145123 0.289186 0.247588 0.17193 0.0765894 0.021686 0.4736 0.00860664
0.293201 0.27249 0.145123 0.289186 0.23956 0.173539 0.0766737 0.0220596 0.477898 0.0102694
0.302008 0.273724 0.144606 0.279661 0.23956 0.173539 0.0766737 0.0220596 0.477898 0.0102694
0.302008 0.273724 0.144606 0.279661 0.23956 0.173539 0.0766737 0.0220596 0.477898 0.0102694
0.302008 0.273724 0.144606 0.279661 0.23956 0.173539 0.0766737 0.0220596 0.477898 0.0102694
0.302008 0.273724 0.144606 0.279661 0.23956 0.173539 0.0766737 0.0220596 0.477898 0.0102694
0.303331 0.268654 0.142909 0.285107 0.218719 0.182526 0.0786785 0.0210432 0.493427 0.00560607
0.303331 0.268654 0.142909 0.285107 0.235696 0.175094 0.0841444 0.0223365 0.470893 0.0118356
0.303331 0.268654 0.142909 0.285107 0.235696 0.175094 0.0841444 0.0223365 0.470893 0.0118356
0.303331 0.268654 0.142909 0.285107 0.225082 0.168643 0.0933656 0.0279037 0.47078 0.0142261
0.303331 0.268654 0.142909 0.285107 0.225082 0.168643 0.0933656 0.0279037 0.47078 0.0142261
0.298832 0.264535 0.157572 0.279061 0.225082 0.168643 0.0933656 0.0279037 0.47078 0.0142261
0.293558 0.271014 0.14884 0.286587 0.209787 0.175999 0.0940249 0.0259359 0.48141 0.0128438
0.293558 0.271014 0.14884 0.286587 0.214301 0.167319 0.0989016 0.0235283 0.483108 0.0128428
0.293558 0.271014 0.14884 0.286587 0.214301 0.167319 0.0989016 0.0235283 0.483108 0.0128428
0.293558 0.271014 0.14884 0.286587 0.214301 0.167319 0.0989016 0.0235283 0.483108 0.0128428
0.293558 0.271014 0.14884 0.286587 0.212135 0.177744 0.0919787 0.0228708 0.485704 0.0095666
0.296528 0.268921 0.14147 0.293081 0.217106 0.168184 0.0881307 0.0290539 0.487215 0.0103104
0.296528 0.268921 0.14147 0.293081 0.217106 0.168184 0.0881307 0.0290539 0.487215 0.0103104
0.292528 0.253542 0.151626 0.302305 0.217106 0.168184 0.0881307 0.0290539 0.487215 0.0103104
0.292528 0.253542 0.151626 0.302305 0.21635 0.180363 0.0807737 0.0242699 0.490203 0.0080406
0.292528 0.253542 0.151626 0.302305 0.220335 0.1811 0.0771462 0.0240116 0.488064 0.00934334
0.297774 0.255066 0.159392 0.287767 0.220335 0.1811 0.0771462 0.0240116 0.488064 0.00934334
0.297774 0.255066 0.159392 0.287767 0.234547 0.192843 0.080715 0.0251665 0.460683 0.00604497
0.282582 0.271341 0.160203 0.285874 0.234547 0.192843 0.080715 0.0251665 0.460683 0.00604497
0.282582 0.271341 0.160203 0.285874 0.238665 0.187139 0.08482 0.0146419 0.469261 0.00547261
0.299158 0.263841 0.154391 0.282611 0.238665 0.187139 0.08482 0.0146419 0.469261 0.00547261
0.282753 0.253037 0.158768 0.305443 0.238665 0.187139 0.08482 0.0146419 0.469261 0.00547261
0.293277 0.256929 0.156787 0.293007 0.238665 0.187139 0.08482 0.0146419 0.469261 0.00547261
0.294491 0.264465 0.16042 0.280625 0.238665 0.187139 0.08482 0.0146419 0.469261 0.00547261
0.294491 0.264465 0.16042 0.280625 0.245251 0.179771 0.0953377 0.0199125 0.454115 0.00561226
0.294491 0.264465 0.16042 0.280625 0.245251 0.179771 0.0953377 0.0199125 0.454115 0.00561226
0.294491 0.264465 0.16042 0.280625 0.245251 0.179771 0.0953377 0.0199125 0.454115 0.00561226
0.285198 0.275904 0.159942 0.278956 0.245251 0.179771 0.0953377 0.0199125 0.454115 0.00561226
0.281757 0.283009 0.152897 0.282337 0.245251 0.179771 0.0953377 0.0199125 0.454115 0.00561226
0.302072 0.275149 0.142112 0.280667 0.245815 0.183542 0.075639 0.0187534 0.470136 0.00611462
0.290482 0.273351 0.152918 0.28325 0.254416 0.17494 0.0768364 0.0170187 0.468078 0.00871145
0.290482 0.273351 0.152918 0.28325 0.254416 0.17494 0.0768364 0.0170187 0.468078 0.00871145
0.288809 0.268892 0.139782 0.302517 0.254416 0.17494 0.0768364 0.0170187 0.468078 0.00871145
0.288809 0.268892 0.139782 0.302517 0.254416 0.17494 0.0768364 0.0170187 0.468078 0.00871145
0.288809 0.268892 0.139782 0.302517 0.254416 0.17494 0.0768364 0.0170187 0.468078 0.00871145
0.281795 0.284247 0.148286 0.285672 0.262608 0.171936 0.0862803 0.0168338 0.452917 0.00942389
0.305509 0.273864 0.145234 0.275394 0.262608 0.171936 0.0862803 0.0168338 0.452917 0.00942389
0.305509 0.273864 0.145234 0.275394 0.262608 0.171936 0.0862803 0.0168338 0.452917 0.00942389
0.305509 0.273864 0.145234 0.275394 0.262608 0.171936 0.0862803 0.0168338 0.452917 0.00942389
0.305509 0.273864 0.145234 0.275394 0.262608 0.171936 0.0862803 0.0168338 0.452917 0.00942389
0.305509 0.273864 0.145234 0.275394 0.252979 0.171194 0.0991902 0.0150408 0.452301 0.00929557
0.276709 0.271277 0.138022 0.313992 0.252979 0.171194 0.0991902 0.0150408 0.452301 0.00929557
0.303133 0.261494 0.127185 0.308188 0.252979 0.171194 0.0991902 0.0150408 0.452301 0.00929557
0.280736 0.267232 0.142133 0.309899 0.256277 0.171077 0.0927576 0.014284 0.455181 0.0104229
0.280736 0.267232 0.142133 0.309899 0.256277 0.171077 0.0927576 0.014284 0.455181 0.0104229
0.281074 0.26228 0.140475 0.316171 0.256277 0.171077 0.0927576 0.014284 0.455181 0.0104229
0.29695 0.26566 0.13885 0.298541 0.256277 0.171077 0.0927576 0.014284 0.455181 0.0104229
0.29695 0.26566 0.13885 0.298541 0.256277 0.171077 0.0927576 0.014284 0.455181 0.0104229
0.29695 0.26566 0.13885 0.298541 0.254111 0.173993 0.0884868 0.0134349 0.461376 0.00859924
0.29695 0.26566 0.13885 0.298541 0.252264 0.166003 0.0876474 0.0194912 0.467577 0.00701726
0.287433 0.275576 0.138705 0.298286 0.252264 0.166003 0.0876474 0.0194912 0.467577 0.00701726
0.287433 0.275576 0.138705 0.298286 0.241296 0.174828 0.0893441 0.0205072 0.465675 0.00835011
0.287433 0.275576 0.138705 0.298286 0.227704 0.158468 0.0994645 0.0238639 0.485029 0.00547071
0.287433 0.275576 0.138705 0.298286 0.227704 0.158468 0.0994645 0.0238639 0.485029 0.00547071
0.287433 0.275576 0.138705 0.298286 0.227704 0.158468 0.0994645 0.0238639 0.485029 0.00547071
0.287433 0.275576 0.138705 0.298286 0.227704 0.158468 0.0994645 0.0238639 0.485029 0.00547071
0.287433 0.275576 0.138705 0.298286 0.227704 0.158468 0.0994645 0.0238639 0.485029 0.00547071
0.287433 0.275576 0.138705 0.298286 0.226024 0.148685 0.0905687 0.0170029 0.509479 0.00824
0.280812 0.295389 0.137507 0.286292 0.223966 0.146555 0.0794735 0.0238274 0.51789 0.00828756
0.280812 0.295389 0.137507 0.286292 0.224182 0.149971 0.0782673 0.0169417 0.52263 0.00800848
0.280812 0.295389 0.137507 0.286292 0.226379 0.157168 0.078624 0.0199952 0.508068 0.00976574
0.280812 0.295389 0.137507 0.286292 0.226379 0.157168 0.078624 0.0199952 0.508068 0.00976574
0.280812 0.295389 0.137507 0.286292 0.226379 0.157168 0.078624 0.0199952 0.508068 0.00976574
0.285266 0.290646 0.141744 0.282343 0.229268 0.162578 0.0827699 0.0141228 0.500708 0.0105531
0.281359 0.29113 0.135635 0.291876 0.229433 0.164777 0.0842813 0.0150707 0.496471 0.00996703
0.281359 0.29113 0.135635 0.291876 0.229433 0.164777 0.0842813 0.0150707 0.496471 0.00996703
0.284262 0.280609 0.145856 0.289273 0.236312 0.165976 0.0845724 0.0166045 0.485996 0.0105391
0.296452 0.268939 0.151161 0.283448 0.236312 0.165976 0.0845724 0.0166045 0.485996 0.0105391
0.296452 0.268939 0.151161 0.283448 0.236312 0.165976 0.0845724 0.0166045 0.485996 0.0105391
0.296452 0.268939 0.151161 0.283448 0.236312 0.165976 0.0845724 0.0166045 0.485996 0.0105391
0.296452 0.268939 0.151161 0.283448 0.236312 0.165976 0.0845724 0.0166045 0.485996 0.0105391
0.296452 0.268939 0.151161 0.283448 0.236312 0.165976 0.0845724 0.0166045 0.485996 0.0105391
0.296452 0.268939 0.151161 0.283448 0.246128 0.159043 0.0785535 0.0112581 0.492537 0.0124806
0.296452 0.268939 0.151161 0.283448 0.246128 0.159043 0.0785535 0.0112581 0.492537 0.0124806
0.296452 0.268939 0.151161 0.283448 0.224996 0.157852 0.0855487 0.00968587 0.512212 0.00970567
0.296452 0.268939 0.151161 0.283448 0.224996 0.157852 0.0855487 0.00968587 0.512212 0.00970567
0.296452 0.268939 0.151161 0.283448 0.224996 0.157852 0.0855487 0.00968587 0.512212 0.00970567
0.296452 0.268939 0.151161 0.283448 0.229204 0.169221 0.0864697 0.00904066 0.496073 0.0099917
0.298557 0.267248 0.151966 0.282228 0.232413 0.177749 0.092398 0.0103357 0.474901 0.0122039
0.298557 0.267248 0.151966 0.282228 0.225508 0.183548 0.0896871 0.0149786 0.477186 0.00909313
0.298557 0.267248 0.151966 0.282228 0.225961 0.181966 0.0903335 0.0175261 0.472221 0.0119918
0.298557 0.267248 0.151966 0.282228 0.243186 0.177187 0.0688119 0.0166505 0.481054 0.0131101
0.294992 0.279317 0.151393 0.274299 0.243186 0.177187 0.0688119 0.0166505 0.481054 0.0131101
0.294992 0.279317 0.151393 0.274299 0.243186 0.177187 0.0688119 0.0166505 0.481054 0.0131101
0.294992 0.279317 0.151393 0.274299 0.264619 0.153633 0.0692818 0.0167064 0.481363 0.0143973
0.283873 0.270709 0.157245 0.288172 0.264619 0.153633 0.0692818 0.0167064 0.481363 0.0143973
0.283873 0.270709 0.157245 0.288172 0.264619 0.153633 0.0692818 0.0167064 0.481363 0.0143973
0.288941 0.260027 0.158537 0.292495 0.246906 0.176143 0.0693994 0.0233544 0.469447 0.014751
0.29081 0.264074 0.144179 0.300937 0.246906 0.176143 0.0693994 0.0233544 0.469447 0.014751
0.29081 0.264074 0.144179 0.300937 0.23786 0.177559 0.075419 0.0208711 0.474997 0.0132943
0.29081 0.264074 0.144179 0.300937 0.23786 0.177559 0.075419 0.0208711 0.474997 0.0132943
0.29081 0.264074 0.144179 0.300937 0.23786 0.177559 0.075419 0.0208711 0.474997 0.0132943
0.29081 0.264074 0.144179 0.300937 0.209201 0.174096 0.0823955 0.0253976 0.495832 0.0130773
0.296756 0.258878 0.141151 0.303214 0.223961 0.162752 0.0804635 0.0196245 0.499077 0.0141216
0.296756 0.258878 0.141151 0.303214 0.223961 0.162752 0.0804635 0.0196245 0.499077 0.0141216
0.296756 0.258878 0.141151 0.303214 0.225802 0.173418 0.0800102 0.0152124 0.484861 0.0206964
0.296756 0.258878 0.141151 0.303214 0.231224 0.173638 0.0949299 0.0108742 0.469819 0.0195144
