tree logl logTop logProp logPrior logWt parsimonyScore
(1,(2,(4,(5,6))),3); -4538.74 -2.01396 29.0291 13.8273 -4555.96 739
(1,2,(3,(4,(5,6)))); -4534.25 -1.5024 29.1338 13.5265 -4551.36 732
(1,2,(3,(4,(5,6)))); -4533.36 -1.5024 30.2575 13.6175 -4551.5 732
(1,2,(3,((4,6),5))); -4532.5 -1.74054 31.4916 13.6868 -4552.04 731
(1,(2,3),((4,6),5)); -4541.81 -1.90922 29.8913 13.38 -4560.23 739
(1,(2,3),((4,6),5)); -4540.93 -1.90922 31.7725 13.6137 -4561 739
(1,2,(3,((4,6),5))); -4533.98 -1.74054 30.0431 13.5134 -4552.25 731
(1,2,(3,(4,(5,6)))); -4536.65 -1.5024 27.1158 13.5979 -4551.67 732
(1,(2,3),(4,(5,6))); -4539.45 -1.67108 27.5291 13.5047 -4555.15 731
(1,(2,(4,(5,6))),3); -4542.92 -2.01396 23.4997 13.1034 -4555.33 739
(1,(2,((4,6),5)),3); -4541.44 -2.2521 28.3714 13.5763 -4558.49 738
(1,2,(3,(4,(5,6)))); -4534.49 -1.5024 29.6117 13.8345 -4551.77 732
(1,2,(3,(4,(5,6)))); -4533.92 -1.5024 29.4008 13.5596 -4551.26 732
(1,2,(3,((4,6),5))); -4533.11 -1.74054 30.5392 13.3585 -4552.03 731
(1,(2,3),(4,(5,6))); -4535.55 -1.67108 31.8858 13.715 -4555.39 731
(1,2,(3,(4,(5,6)))); -4533.71 -1.5024 30.413 13.7644 -4551.86 732
(1,2,(3,((4,6),5))); -4534.47 -1.74054 28.8145 13.2766 -4551.75 731
(1,(2,3),(4,(5,6))); -4540.95 -1.67108 26.4492 13.8971 -4555.18 731
(1,(2,3),((4,6),5)); -4543.14 -1.90922 29.3137 13.8366 -4560.53 739
(1,2,(3,(4,(5,6)))); -4536.92 -1.5024 27.3249 13.7611 -4551.99 732
(1,2,(3,((4,6),5))); -4533.9 -1.74054 30.4516 13.6975 -4552.39 731
(1,(2,3),(4,(5,6))); -4539.76 -1.67108 26.5559 13.1614 -4554.83 731
(1,(2,3),(4,(5,6))); -4536.31 -1.67108 30.6326 13.6495 -4554.96 731
(1,(2,(4,(5,6))),3); -4535.95 -2.01396 31.4097 13.6028 -4555.77 739
(1,(2,3),(4,(5,6))); -4544.67 -1.67108 21.9407 13.5573 -4554.73 731
(1,(2,3),(4,(5,6))); -4536.79 -1.67108 30.2155 13.452 -4555.22 731
(1,(2,((4,6),5)),3); -4540.59 -2.2521 29.5562 13.5875 -4558.81 738
(1,2,(3,(4,(5,6)))); -4534.91 -1.5024 28.0825 13.3198 -4551.17 732
(1,(2,3),((4,6),5)); -4545.89 -1.90922 26.411 13.5254 -4560.69 739
(1,(2,3),((4,6),5)); -4542.36 -1.90922 29.8032 13.4397 -4560.64 739
(1,2,(3,((4,6),5))); -4536.13 -1.74054 27.4711 13.62 -4551.72 731
(1,(2,3),((4,6),5)); -4541.19 -1.90922 30.741 13.198 -4560.64 739
(1,(2,3),((4,6),5)); -4540.45 -1.90922 31.8128 13.5964 -4560.58 739
(1,2,(3,(4,(5,6)))); -4533.77 -1.5024 30.4982 13.9656 -4551.81 732
(1,2,(3,((4,6),5))); -4535.82 -1.74054 28.6225 13.8688 -4552.32 731
(1,(2,3),(4,(5,6))); -4538.49 -1.67108 29.2594 13.992 -4555.43 731
(1,(2,3),(4,(5,6))); -4539.5 -1.67108 28.2931 14.1293 -4555.34 731
(1,2,(3,((4,6),5))); -4532.79 -1.74054 31.1812 13.6628 -4552.05 731
(1,(2,(4,(5,6))),3); -4536.56 -2.01396 30.3467 13.3299 -4555.59 739
(1,2,(3,(4,(5,6)))); -4536.16 -1.5024 27.5569 13.2298 -4551.99 732
(1,(2,((4,5),6)),3); -4546.06 -5.13921 31.9225 12.9709 -4570.15 750
(1,2,(3,((4,6),5))); -4535.26 -1.74054 28.6496 13.2058 -4552.44 731
(1,2,(3,((4,6),5))); -4540.32 -1.74054 23.3832 13.1773 -4552.27 731
(1,2,(3,(4,(5,6)))); -4534.78 -1.5024 28.1478 13.3517 -4551.08 732
(1,(2,3),(4,(5,6))); -4541.16 -1.67108 26.0924 13.1373 -4555.78 731
(1,(2,3),((4,6),5)); -4543.93 -1.90922 28.359 13.5793 -4560.62 739
(1,(2,3),(4,(5,6))); -4538.29 -1.67108 28.8423 13.3073 -4555.5 731
(1,2,(3,(4,(5,6)))); -4533.46 -1.5024 29.7763 13.1966 -4551.54 732
(1,(2,(4,(5,6))),3); -4542.24 -2.01396 24.9979 13.5675 -4555.68 739
(1,2,(3,(4,(5,6)))); -4534.71 -1.5024 28.4091 13.5026 -4551.12 732
(1,2,(3,((4,6),5))); -4532.35 -1.74054 31.4356 13.3983 -4552.12 731
(1,2,(3,((4,6),5))); -4531.98 -1.74054 31.9557 13.6794 -4551.99 731
(1,(2,((4,6),5)),3); -4543.52 -2.2521 25.9313 13.3442 -4558.36 738
(1,2,(3,(4,(5,6)))); -4537.22 -1.5024 26.1301 13.1846 -4551.67 732
(1,(2,3),((4,6),5)); -4541.23 -1.90922 30.7952 13.4885 -4560.45 739
(1,(2,((4,6),5)),3); -4539.28 -2.2521 29.9163 13.1049 -4558.35 738
(1,2,(3,((4,6),5))); -4534.49 -1.74054 29.8889 13.7595 -4552.36 731
(1,(2,3),(4,(5,6))); -4540.63 -1.67108 26.9561 13.9102 -4555.35 731
(1,(2,3),((4,6),5)); -4542.66 -1.90922 30.2394 13.9036 -4560.9 739
(1,2,(3,(4,(5,6)))); -4533.64 -1.5024 30.0182 13.581 -4551.58 732
(1,(2,3),((4,6),5)); -4543.58 -1.90922 27.9197 12.9119 -4560.5 739
(1,(2,3),((4,6),5)); -4543.01 -1.90922 28.8561 13.2933 -4560.48 739
(1,(2,((4,5),6)),3); -4548.63 -5.13921 28.4142 13.5528 -4568.63 750
(1,2,(3,(4,(5,6)))); -4534.53 -1.5024 29.0928 13.4549 -4551.67 732
(1,(2,3),((4,6),5)); -4544.66 -1.90922 27.6993 13.9932 -4560.28 739
(1,2,(3,((4,6),5))); -4535.58 -1.74054 28.2171 13.5613 -4551.97 731
(1,(2,(4,(5,6))),3); -4539.07 -2.01396 28.2064 13.4996 -4555.79 739
(1,2,(3,((4,6),5))); -4534.19 -1.74054 30.4763 14.0455 -4552.36 731
(1,(2,(4,(5,6))),3); -4539 -2.01396 29.1616 13.9351 -4556.24 739
(1,2,(3,(4,(5,6)))); -4534.45 -1.5024 29.1282 13.5614 -4551.52 732
(1,(2,3),(4,(5,6))); -4536.92 -1.67108 30.4165 13.6593 -4555.35 731
(1,(2,3),((4,6),5)); -4546.59 -1.90922 24.208 12.5563 -4560.15 739
(1,2,(3,(4,(5,6)))); -4537.61 -1.5024 25.9985 13.715 -4551.39 732
(1,2,(3,(4,(5,6)))); -4538.9 -1.5024 24.5524 13.3492 -4551.6 732
(1,(2,3),(4,(5,6))); -4534.05 -1.67108 32.7188 13.389 -4555.05 731
(1,(2,3),(4,(5,6))); -4536.35 -1.67108 30.739 13.3993 -4555.36 731
(1,(2,3),(4,(5,6))); -4538.56 -1.67108 27.8352 12.941 -4555.13 731
(1,2,(3,(4,(5,6)))); -4533.33 -1.5024 30.242 13.6591 -4551.41 732
(1,(2,3),(4,(5,6))); -4535.93 -1.67108 31.0368 13.376 -4555.27 731
(1,(2,(4,(5,6))),3); -4540.05 -2.01396 28.04 13.9817 -4556.12 739
(1,(2,3),((4,6),5)); -4546.32 -1.90922 26.2988 13.561 -4560.97 739
(1,(2,((4,6),5)),3); -4541.39 -2.2521 28.051 13.2601 -4558.43 738
(1,(2,3),(4,(5,6))); -4535.22 -1.67108 32.1131 13.697 -4555.3 731
(1,(2,3),((4,6),5)); -4542.71 -1.90922 28.5053 13.0839 -4560.04 739
(1,(2,(4,(5,6))),3); -4539.51 -2.01396 26.8309 13.0646 -4555.29 739
(1,(2,3),(4,(5,6))); -4537.23 -1.67108 29.6762 13.4362 -4555.14 731
(1,(2,(4,(5,6))),3); -4539.19 -2.01396 28.3061 13.743 -4555.77 739
(1,(2,3),((4,6),5)); -4545.12 -1.90922 27.0114 13.2915 -4560.75 739
(1,2,(3,((4,6),5))); -4535.65 -1.74054 27.8993 13.6513 -4551.64 731
(1,2,(3,((4,6),5))); -4533.92 -1.74054 29.4443 13.2172 -4551.88 731
(1,(2,((4,6),5)),3); -4542.88 -2.2521 27.656 13.8472 -4558.94 738
(1,2,(3,(4,(5,6)))); -4534.5 -1.5024 29.3729 13.6851 -4551.69 732
(1,2,(3,(4,(5,6)))); -4533.04 -1.5024 29.9939 13.0455 -4551.49 732
(1,(2,3),((4,6),5)); -4544.02 -1.90922 27.6876 13.4945 -4560.12 739
(1,2,(3,(4,(5,6)))); -4536.33 -1.5024 27.9287 13.9683 -4551.79 732
(1,(2,((4,6),5)),3); -4538.1 -2.2521 31.939 13.5418 -4558.75 738
(1,(2,3),(4,(5,6))); -4538.03 -1.67108 28.8222 13.3816 -4555.14 731
(1,(2,(4,(5,6))),3); -4538.67 -2.01396 29.3892 13.6514 -4556.42 739
(1,2,(3,(4,(5,6)))); -4531.51 -1.5024 31.9545 13.5223 -4551.45 732
(1,(2,3),((4,6),5)); -4543.94 -1.90922 28.1472 13.6257 -4560.37 739
(1,(2,3),((4,6),5)); -4542.01 -1.90922 30.602 13.8609 -4560.66 739
(1,(2,3),((4,6),5)); -4545.32 -1.90922 28.0511 14.0658 -4561.21 739
(1,2,(3,((4,6),5))); -4532.11 -1.74054 32.4081 14.0119 -4552.25 731
(1,(2,3),(4,(5,6))); -4538.25 -1.67108 28.5729 13.4467 -4555.05 731
(1,((2,5),(3,6)),4); -4620.89 -9.21034 30.7622 13.2883 -4647.57 769
(1,(2,3),((4,6),5)); -4539.99 -1.90922 32.3611 13.5292 -4560.73 739
(1,(2,3),((4,6),5)); -4544.29 -1.90922 27.7368 13.415 -4560.52 739
(1,(2,(4,(5,6))),3); -4534.87 -2.01396 32.662 13.7931 -4555.76 739
(1,(2,((4,6),5)),3); -4541.91 -2.2521 28.6703 13.6711 -4559.16 738
(1,(2,3),(4,(5,6))); -4538.59 -1.67108 29.0158 13.5014 -4555.77 731
(1,(2,(4,(5,6))),3); -4537.46 -2.01396 29.9419 13.417 -4556 739
(1,(2,3),((4,6),5)); -4543.22 -1.90922 29.9686 13.8405 -4561.25 739
(1,(2,3),((4,6),5)); -4541.42 -1.90922 30.3893 13.4014 -4560.32 739
(1,(2,3),((4,6),5)); -4546.26 -1.90922 25.725 13.5646 -4560.33 739
(1,(2,3),((4,6),5)); -4544.64 -1.90922 26.5789 13.1961 -4559.93 739
(1,(2,((4,6),5)),3); -4540.96 -2.2521 29.5277 13.5053 -4559.23 738
(1,(2,((4,6),5)),3); -4541.1 -2.2521 29.0144 13.6693 -4558.7 738
(1,2,(3,(4,(5,6)))); -4532.11 -1.5024 30.9839 13.5074 -4551.09 732
(1,2,(3,(4,(5,6)))); -4532.67 -1.5024 30.7093 13.3928 -4551.49 732
(1,2,(3,(4,(5,6)))); -4533.45 -1.5024 30.4159 13.9247 -4551.44 732
(1,2,(3,(4,(5,6)))); -4535.9 -1.5024 27.9654 13.4748 -4551.9 732
(1,(2,(4,(5,6))),3); -4537.04 -2.01396 30.3608 13.7074 -4555.7 739
(1,(2,((4,6),5)),3); -4543.34 -2.2521 26.3036 13.0447 -4558.85 738
(1,(2,3),((4,6),5)); -4541.59 -1.90922 31.2038 13.7243 -4560.98 739
(1,(2,3),(4,(5,6))); -4536.27 -1.67108 30.8037 13.5694 -4555.18 731
(1,2,(3,((4,6),5))); -4533.42 -1.74054 30.5469 13.5167 -4552.19 731
(1,(2,((4,6),5)),3); -4540.61 -2.2521 29.463 13.4738 -4558.85 738
(1,2,(3,(4,(5,6)))); -4534.84 -1.5024 29.8034 14.2654 -4551.88 732
(1,(2,(4,(5,6))),3); -4536.59 -2.01396 30.789 13.4317 -4555.96 739
(1,(2,3),(4,(5,6))); -4535.22 -1.67108 31.678 13.4364 -4555.13 731
(1,2,(3,(4,(5,6)))); -4533.11 -1.5024 31.072 13.9292 -4551.76 732
(1,2,(3,((4,6),5))); -4533.44 -1.74054 30.8352 13.8173 -4552.2 731
(1,(2,3),(4,(5,6))); -4534.92 -1.67108 32.2217 13.6927 -4555.12 731
(1,(2,(4,(5,6))),3); -4537.03 -2.01396 30.3255 13.4838 -4555.88 739
(1,(2,3),(4,(5,6))); -4539.23 -1.67108 28.3791 13.564 -4555.72 731
(1,2,(3,(4,(5,6)))); -4532.63 -1.5024 31.1678 13.7108 -4551.59 732
(1,2,(3,(4,(5,6)))); -4538.8 -1.5024 24.7137 13.6259 -4551.39 732
(1,2,(3,(4,(5,6)))); -4536.19 -1.5024 27.34 13.2066 -4551.83 732
(1,2,(3,(4,(5,6)))); -4536.58 -1.5024 27.2996 13.7015 -4551.68 732
(1,(2,3),((4,6),5)); -4545.33 -1.90922 27.6794 13.934 -4560.99 739
(1,(2,((4,6),5)),3); -4545.98 -2.2521 22.8983 13.1953 -4557.94 738
(1,2,(3,(4,(5,6)))); -4535.01 -1.5024 29.0266 13.6485 -4551.89 732
(1,2,(3,((4,6),5))); -4535.91 -1.74054 27.489 13.4239 -4551.72 731
(1,(2,((4,6),5)),3); -4539.37 -2.2521 29.9791 13.2134 -4558.39 738
(1,(2,3),(4,(5,6))); -4536.4 -1.67108 30.3735 13.5507 -4554.89 731
(1,(2,(4,(5,6))),3); -4539.59 -2.01396 27.0589 12.9578 -4555.71 739
(1,(2,3),(4,(5,6))); -4541.21 -1.67108 25.4129 13.1677 -4555.12 731
(1,(2,3),((4,6),5)); -4542.76 -1.90922 29.3061 13.4963 -4560.48 739
(1,2,(3,(4,(5,6)))); -4531.69 -1.5024 31.509 13.2859 -4551.42 732
(1,(2,(4,(5,6))),3); -4534.71 -2.01396 32.5189 13.4645 -4555.78 739
(1,(2,(4,(5,6))),3); -4536.4 -2.01396 31.1035 13.6546 -4555.86 739
(1,(2,(4,(5,6))),3); -4537.06 -2.01396 30.0217 13.4759 -4555.62 739
(1,(2,3),((4,6),5)); -4543.18 -1.90922 29.3083 13.5065 -4560.89 739
(1,2,(3,((4,6),5))); -4534.39 -1.74054 28.5857 13.1561 -4551.56 731
(1,(2,3),(4,(5,6))); -4543.33 -1.67108 24.0251 13.5169 -4555.51 731
(1,(2,(4,(5,6))),3); -4538.15 -2.01396 28.7243 13.2239 -4555.66 739
(1,(2,3),(4,(5,6))); -4536.35 -1.67108 31.0077 13.7783 -4555.25 731
(1,2,(3,((4,6),5))); -4533.7 -1.74054 30.2333 13.9019 -4551.77 731
(1,2,(3,(4,(5,6)))); -4532.84 -1.5024 30.3383 13.5977 -4551.08 732
(1,(2,3),((4,6),5)); -4542.96 -1.90922 29.4194 13.5064 -4560.78 739
(1,2,(3,(4,(5,6)))); -4534.18 -1.5024 29.759 13.648 -4551.79 732
(1,2,(3,((4,6),5))); -4532.58 -1.74054 31.6725 13.7604 -4552.23 731
(1,2,(3,((4,6),5))); -4532.42 -1.74054 31.2939 13.4633 -4551.99 731
(1,2,(3,(4,(5,6)))); -4536.58 -1.5024 27.5217 13.8137 -4551.79 732
(1,2,(3,(4,(5,6)))); -4533.5 -1.5024 30.5102 13.6505 -4551.86 732
(1,(2,3),(4,(5,6))); -4537.22 -1.67108 29.7829 13.5526 -4555.13 731
(1,(2,3),(4,(5,6))); -4539.82 -1.67108 27.4302 13.4343 -4555.49 731
(1,(2,((4,6),5)),3); -4540.72 -2.2521 28.2791 13.0663 -4558.18 738
(1,(2,3),((4,6),5)); -4543.09 -1.90922 29.3872 14.0124 -4560.38 739
(1,(2,(4,(5,6))),3); -4538.56 -2.01396 29.2767 13.8464 -4556.01 739
(1,2,(3,(4,(5,6)))); -4534.34 -1.5024 29.5468 13.5966 -4551.79 732
(1,(2,3),(4,(5,6))); -4536.96 -1.67108 30.7991 13.7481 -4555.69 731
(1,2,(3,(4,(5,6)))); -4532.89 -1.5024 31.3432 13.779 -4551.95 732
(1,(2,((4,6),5)),3); -4540.57 -2.2521 29.818 13.4377 -4559.21 738
(1,(2,3),(4,(5,6))); -4537.58 -1.67108 30.0004 13.5432 -4555.71 731
(1,(2,((4,6),5)),3); -4538.59 -2.2521 31.5049 13.7324 -4558.61 738
(1,(2,(4,(5,6))),3); -4539.14 -2.01396 27.3758 13.1559 -4555.38 739
(1,(2,((4,6),5)),3); -4543.5 -2.2521 26.3196 13.3974 -4558.68 738
(1,2,(3,((4,6),5))); -4535.99 -1.74054 28.0821 13.7142 -4552.1 731
(1,(2,3),((4,6),5)); -4544.79 -1.90922 27.6208 13.7464 -4560.57 739
(1,(2,(4,(5,6))),3); -4537.76 -2.01396 29.3206 13.3475 -4555.74 739
(1,2,(3,(4,(5,6)))); -4532.96 -1.5024 30.8501 13.3463 -4551.96 732
(1,(2,3),(4,(5,6))); -4536.68 -1.67108 29.9169 13.5271 -4554.74 731
(1,2,(3,(4,(5,6)))); -4533.44 -1.5024 29.5671 13.3587 -4551.15 732
(1,(2,3),(4,(5,6))); -4538.72 -1.67108 27.7256 13.0301 -4555.09 731
(1,(2,3),((4,6),5)); -4542.88 -1.90922 29.9809 13.8703 -4560.9 739
(1,(2,3),(4,(5,6))); -4542.67 -1.67108 24.0894 13.5217 -4554.91 731
(1,(2,((4,6),5)),3); -4539.06 -2.2521 31.0906 13.7516 -4558.65 738
(1,(2,((4,6),5)),3); -4539.52 -2.2521 30.7347 13.4957 -4559.01 738
(1,2,(3,(4,(5,6)))); -4532.71 -1.5024 30.9193 13.4364 -4551.7 732
(1,(2,3),((4,6),5)); -4541.33 -1.90922 31.3754 13.5339 -4561.08 739
(1,(2,3),((4,6),5)); -4541.17 -1.90922 30.3964 13.2404 -4560.23 739
(1,2,(3,(4,(5,6)))); -4534.25 -1.5024 29.8206 13.7341 -4551.84 732
(1,(2,3),(4,(5,6))); -4535.2 -1.67108 32.144 13.4284 -4555.58 731
(1,(2,3),(4,(5,6))); -4536.35 -1.67108 30.6015 13.1969 -4555.43 731
(1,2,(3,(4,(5,6)))); -4536.68 -1.5024 26.3946 13.1226 -4551.45 732
(1,(2,(4,(5,6))),3); -4537.66 -2.01396 29.0864 13.5221 -4555.24 739
(1,(2,3),((4,6),5)); -4546.82 -1.90922 25.7665 13.5627 -4560.93 739
(1,(2,(4,(5,6))),3); -4542.68 -2.01396 24.7592 13.5266 -4555.93 739
(1,(2,3),((4,5),6)); -4548.69 -4.79633 28.768 13.7956 -4568.46 745
(1,2,(3,(4,(5,6)))); -4533.05 -1.5024 30.6113 13.4762 -4551.69 732
(1,(2,3),(4,(5,6))); -4534.64 -1.67108 32.618 13.7449 -4555.18 731
(1,(2,3),(4,(5,6))); -4538.78 -1.67108 28.8436 13.6228 -4555.68 731
(1,2,(3,(4,(5,6)))); -4533.27 -1.5024 30.9765 13.9552 -4551.79 732
(1,(2,((4,6),5)),3); -4542.2 -2.2521 28.5585 14.099 -4558.92 738
(1,2,(3,((4,6),5))); -4532.19 -1.74054 31.5244 13.5524 -4551.9 731
(1,(2,3),((4,6),5)); -4540.51 -1.90922 31.7269 13.2506 -4560.9 739
(1,(2,(4,(5,6))),3); -4538.81 -2.01396 27.4501 12.9738 -4555.3 739
(1,2,(3,(4,(5,6)))); -4534.44 -1.5024 28.8903 13.3478 -4551.49 732
(1,2,(3,((4,6),5))); -4537.23 -1.74054 26.7597 13.7241 -4552 731
(1,2,(3,(4,(5,6)))); -4532.72 -1.5024 31.3352 13.7744 -4551.79 732
(1,2,(3,(4,(5,6)))); -4531.62 -1.5024 32.0339 13.3997 -4551.75 732
(1,(2,3),(4,(5,6))); -4537.18 -1.67108 29.6694 13.5822 -4554.94 731
(1,(2,3),(4,(5,6))); -4537.67 -1.67108 29.341 13.4006 -4555.28 731
(1,(2,3),(4,(5,6))); -4543.36 -1.67108 22.767 12.8714 -4554.92 731
(1,2,(3,((4,6),5))); -4537.26 -1.74054 27.4737 14.0576 -4552.41 731
(1,2,(3,(4,(5,6)))); -4533.85 -1.5024 28.9866 13.2788 -4551.06 732
(1,(2,((4,5),6)),3); -4546.55 -5.13921 30.6958 13.7372 -4568.65 750
(1,(2,3),(4,(5,6))); -4536.68 -1.67108 30.9879 13.8791 -4555.46 731
(1,2,(3,(4,(5,6)))); -4537.99 -1.5024 24.9124 13.3751 -4551.03 732
(1,2,(3,(4,(5,6)))); -4532.5 -1.5024 31.5712 13.9842 -4551.59 732
(1,(2,3),(4,(5,6))); -4544.45 -1.67108 22.4895 13.1712 -4555.44 731
(1,(2,3),(4,(5,6))); -4536.97 -1.67108 30.0411 13.5098 -4555.17 731
(1,(2,3),(4,(5,6))); -4540.21 -1.67108 26.5545 13.2838 -4555.15 731
(1,2,(3,((4,6),5))); -4533.55 -1.74054 30.1101 13.5165 -4551.89 731
(1,2,(3,(4,(5,6)))); -4534.25 -1.5024 29.9683 13.9966 -4551.73 732
(1,2,(3,(4,(5,6)))); -4536.26 -1.5024 28.3393 14.2411 -4551.86 732
(1,(2,3),(4,(5,6))); -4536.31 -1.67108 30.9697 13.6514 -4555.3 731
(1,2,(3,(4,(5,6)))); -4536.11 -1.5024 27.4002 13.3196 -4551.69 732
(1,2,(3,(4,(5,6)))); -4537.88 -1.5024 26.1343 13.623 -4551.9 732
(1,2,(3,(4,(5,6)))); -4535.39 -1.5024 28.1632 13.6587 -4551.4 732
(1,2,(3,((4,6),5))); -4533.5 -1.74054 29.8388 13.1847 -4551.9 731
(1,2,(3,((4,6),5))); -4532.12 -1.74054 32.0622 13.6745 -4552.25 731
(1,2,(3,((4,6),5))); -4535.81 -1.74054 28.2237 13.7509 -4552.02 731
(1,2,(3,((4,6),5))); -4533.39 -1.74054 30.746 13.8216 -4552.05 731
(1,(2,3),((4,6),5)); -4542.53 -1.90922 29.2686 13.4319 -4560.27 739
(1,(2,3),((4,6),5)); -4545.46 -1.90922 27.5319 13.8719 -4561.03 739
(1,2,(3,((4,6),5))); -4537.41 -1.74054 26.898 13.9281 -4552.12 731
(1,2,(3,(4,(5,6)))); -4537.22 -1.5024 26.4787 13.694 -4551.51 732
(1,(2,(4,(5,6))),3); -4539.41 -2.01396 27.2894 13.3721 -4555.35 739
(1,2,(3,(4,(5,6)))); -4533.69 -1.5024 29.9357 13.7398 -4551.38 732
(1,(2,3),(4,(5,6))); -4538.6 -1.67108 28.4922 13.2655 -4555.5 731
(1,(2,(4,(5,6))),3); -4542.98 -2.01396 24.1626 13.718 -4555.44 739
(1,2,(3,((4,6),5))); -4534.17 -1.74054 28.7697 13.149 -4551.53 731
(1,(2,((4,6),5)),3); -4539.94 -2.2521 30.3116 13.5441 -4558.96 738
(1,2,(3,(4,(5,6)))); -4533.5 -1.5024 30.576 13.9056 -4551.68 732
(1,(2,3),((4,6),5)); -4543.95 -1.90922 28.0178 13.184 -4560.69 739
(1,(2,(4,(5,6))),3); -4540.78 -2.01396 25.923 12.942 -4555.78 739
(1,(2,3),(4,(5,6))); -4539.78 -1.67108 27.6218 13.586 -4555.49 731
(1,(2,(4,(5,6))),3); -4536.87 -2.01396 30.7561 13.8093 -4555.83 739
(1,2,(3,(4,(5,6)))); -4533.17 -1.5024 30.3081 13.4982 -4551.48 732
(1,(2,(4,(5,6))),3); -4541.3 -2.01396 25.73 12.9808 -4556.07 739
(1,2,(3,((4,6),5))); -4532.59 -1.74054 31.2751 13.4245 -4552.18 731
(1,(2,3),(4,(5,6))); -4540.59 -1.67108 25.6457 12.8867 -4555.02 731
(1,(2,(4,(5,6))),3); -4538.45 -2.01396 29.5545 13.6815 -4556.34 739
(1,2,(3,((4,6),5))); -4536.35 -1.74054 27.8724 13.5599 -4552.4 731
(1,2,(3,(4,(5,6)))); -4533.62 -1.5024 29.6714 13.4025 -4551.39 732
(1,(2,3),((4,6),5)); -4541.97 -1.90922 29.7832 13.3487 -4560.32 739
(1,(2,(4,(5,6))),3); -4536.87 -2.01396 30.6818 13.8022 -4555.76 739
(1,(2,3),((4,6),5)); -4544.24 -1.90922 27.2724 13.3358 -4560.09 739
(1,(2,3),(4,(5,6))); -4541.97 -1.67108 25.3857 14.0984 -4554.93 731
(1,2,(3,((4,6),5))); -4534.21 -1.74054 29.9673 13.7341 -4552.18 731
(1,(2,(4,(5,6))),3); -4536.21 -2.01396 31.0538 13.5886 -4555.69 739
(1,(2,3),(4,(5,6))); -4541.81 -1.67108 24.6745 12.9038 -4555.25 731
(1,2,(3,(4,(5,6)))); -4533.17 -1.5024 30.7163 13.6773 -4551.71 732
(1,(2,(4,(5,6))),3); -4537.13 -2.01396 29.8481 13.4791 -4555.51 739
(1,2,(3,((4,6),5))); -4536.24 -1.74054 27.4126 13.417 -4551.98 731
(1,(2,3),(4,(5,6))); -4536.84 -1.67108 29.9163 13.5866 -4554.84 731
(1,(2,(4,(5,6))),3); -4539.48 -2.01396 28.1761 13.779 -4555.89 739
(1,(2,3),(4,(5,6))); -4536.86 -1.67108 29.9556 13.3631 -4555.13 731
(1,(2,((4,6),5)),3); -4542.5 -2.2521 27.9347 13.8873 -4558.8 738
(1,(2,3),(4,(5,6))); -4538.56 -1.67108 28.6217 13.6956 -4555.16 731
(1,(2,3),((4,6),5)); -4541.87 -1.90922 30.1751 13.4739 -4560.48 739
(1,2,(3,(4,(5,6)))); -4536.1 -1.5024 27.297 13.4058 -4551.49 732
(1,2,(3,(4,(5,6)))); -4533.59 -1.5024 29.1885 13.1703 -4551.12 732
(1,(2,3),((4,6),5)); -4540.25 -1.90922 32.3021 13.6973 -4560.77 739
(1,(2,3),(4,(5,6))); -4541.67 -1.67108 26.4469 14.2084 -4555.58 731
(1,2,(3,(4,(5,6)))); -4537.03 -1.5024 26.0266 13.3223 -4551.23 732
(1,(2,(4,(5,6))),3); -4537.8 -2.01396 30.3275 13.9245 -4556.22 739
(1,(2,3),(4,(5,6))); -4535.61 -1.67108 31.221 13.4327 -4555.07 731
(1,(2,((4,6),5)),3); -4539.53 -2.2521 29.8843 13.147 -4558.52 738
(1,(2,3),((4,6),5)); -4539.89 -1.90922 32.2 13.1997 -4560.8 739
(1,2,(3,(4,(5,6)))); -4534.9 -1.5024 28.654 13.3078 -4551.75 732
(1,(2,3),(4,(5,6))); -4539.31 -1.67108 27.9186 13.7758 -4555.13 731
(1,2,(3,((4,6),5))); -4534.08 -1.74054 30.2396 13.5261 -4552.53 731
(1,2,(3,((4,6),5))); -4532.41 -1.74054 31.6614 13.5745 -4552.24 731
(1,2,(3,(4,(5,6)))); -4535.86 -1.5024 27.9719 13.8316 -4551.5 732
(1,(2,3),(4,(5,6))); -4534.73 -1.67108 31.9629 13.3719 -4555 731
(1,2,(3,(4,(5,6)))); -4536.57 -1.5024 27.3941 13.6686 -4551.8 732
(1,(2,3),((4,5),6)); -4552.58 -4.79633 24.29 13.7021 -4567.96 745
(1,(2,3),(4,(5,6))); -4537.78 -1.67108 29.4021 13.4509 -4555.4 731
(1,2,(3,((4,6),5))); -4533.03 -1.74054 30.8382 13.8357 -4551.77 731
(1,2,(3,((4,6),5))); -4532.99 -1.74054 30.3431 13.3252 -4551.75 731
(1,2,(3,(4,(5,6)))); -4531.3 -1.5024 31.85 13.5026 -4551.15 732
(1,2,(3,(4,(5,6)))); -4535.81 -1.5024 28.7396 14.2768 -4551.78 732
(1,2,(3,((4,6),5))); -4533.24 -1.74054 30.2508 13.372 -4551.86 731
(1,2,(3,((4,6),5))); -4534.42 -1.74054 29.5577 13.5185 -4552.2 731
(1,(2,3),(4,(5,6))); -4539.04 -1.67108 27.4492 13.0474 -4555.11 731
(1,2,(3,((4,6),5))); -4532.88 -1.74054 31.229 13.9365 -4551.91 731
(1,(2,3),((4,6),5)); -4546.74 -1.90922 26.3384 14.1084 -4560.88 739
(1,2,(3,((4,6),5))); -4532.98 -1.74054 30.3768 13.2934 -4551.8 731
(1,(2,3),(4,(5,6))); -4536.95 -1.67108 30.9555 13.9833 -4555.6 731
(1,(2,3),((4,6),5)); -4544.16 -1.90922 27.5066 13.5793 -4560 739
(1,(2,3),(4,(5,6))); -4537.76 -1.67108 29.8661 13.636 -4555.66 731
(1,2,(3,((4,6),5))); -4531.81 -1.74054 32.1737 13.7041 -4552.02 731
(1,2,(3,(4,(5,6)))); -4534.39 -1.5024 29.7472 13.9836 -4551.65 732
(1,(2,3),((4,6),5)); -4543.14 -1.90922 29.6794 13.8061 -4560.92 739
(1,(2,3),((4,6),5)); -4541.86 -1.90922 29.59 13.2773 -4560.08 739
(1,(2,3),((4,6),5)); -4544.09 -1.90922 28.9002 13.9168 -4560.98 739
(1,(2,(4,(5,6))),3); -4538.65 -2.01396 28.4889 13.5095 -4555.64 739
(1,(2,(4,(5,6))),3); -4537.24 -2.01396 29.668 13.4498 -4555.47 739
(1,(2,(4,(5,6))),3); -4547.89 -2.01396 20.4999 13.6001 -4556.8 739
(1,2,(3,(4,(5,6)))); -4534.28 -1.5024 28.7112 13.1546 -4551.33 732
(1,2,(3,(4,(5,6)))); -4533.39 -1.5024 30.9658 14.0839 -4551.78 732
(1,(2,(4,(5,6))),3); -4543.53 -2.01396 24.5473 13.6193 -4556.47 739
(1,2,(3,((4,6),5))); -4542.22 -1.74054 21.495 13.0844 -4552.37 731
(1,2,(3,((4,6),5))); -4533.8 -1.74054 30.1084 13.6073 -4552.04 731
(1,2,(3,((4,6),5))); -4534.43 -1.74054 28.9936 13.2994 -4551.87 731
(1,(2,(4,(5,6))),3); -4537.03 -2.01396 30.3344 13.65 -4555.73 739
(1,(2,(4,(5,6))),3); -4539.81 -2.01396 27.6708 13.7639 -4555.73 739
(1,(2,3),((4,6),5)); -4542.73 -1.90922 29.6162 13.4705 -4560.79 739
(1,2,(3,((4,6),5))); -4533.53 -1.74054 30.0448 13.4326 -4551.89 731
(1,2,(3,((4,6),5))); -4538.14 -1.74054 25.7036 13.5348 -4552.05 731
(1,(2,3),((4,6),5)); -4541.58 -1.90922 30.1524 13.366 -4560.27 739
(1,2,(3,((4,6),5))); -4534.76 -1.74054 29.1264 13.7364 -4551.89 731
(1,2,(3,(4,(5,6)))); -4535.48 -1.5024 28.7962 13.8902 -4551.89 732
(1,2,(3,(4,(5,6)))); -4535.57 -1.5024 28.1729 13.7169 -4551.53 732
(1,(2,3),((4,5),6)); -4545.8 -4.79633 31.3903 13.5121 -4568.47 745
(1,2,(3,(4,(5,6)))); -4534.22 -1.5024 30.0068 14.0379 -4551.69 732
(1,2,(3,(4,(5,6)))); -4531.75 -1.5024 31.949 13.4796 -4551.72 732
(1,(2,3),((4,6),5)); -4541.2 -1.90922 31.2009 13.7125 -4560.6 739
(1,(2,3),((4,6),5)); -4540.58 -1.90922 31.625 13.3174 -4560.79 739
(1,(2,3),((4,6),5)); -4542.69 -1.90922 29.644 13.5829 -4560.67 739
(1,(2,((4,6),5)),3); -4544.05 -2.2521 26.4098 13.7441 -4558.97 738
(1,2,(3,((4,6),5))); -4534.2 -1.74054 29.7598 13.4256 -4552.27 731
(1,(2,(4,(5,6))),3); -4537.4 -2.01396 29.7113 13.5449 -4555.58 739
(1,(2,3),(4,(5,6))); -4539.8 -1.67108 28.181 13.7699 -4555.88 731
(1,(2,3),(4,(5,6))); -4538.93 -1.67108 27.834 13.2795 -4555.16 731
(1,(2,3),(4,(5,6))); -4537.79 -1.67108 29.5119 13.7369 -4555.24 731
(1,(2,(4,(5,6))),3); -4543.18 -2.01396 23.3015 13.391 -4555.11 739
(1,(2,3),((4,6),5)); -4541.96 -1.90922 30.3594 13.5008 -4560.73 739
(1,(2,((4,6),5)),3); -4541.38 -2.2521 28.3055 13.3816 -4558.56 738
(1,(2,(4,(5,6))),3); -4539.53 -2.01396 27.2647 13.1471 -4555.66 739
(1,(2,(4,(5,6))),3); -4540.56 -2.01396 26.602 13.9301 -4555.25 739
(1,(2,((4,6),5)),3); -4539.35 -2.2521 30.4377 13.1656 -4558.88 738
(1,(2,(4,(5,6))),3); -4537.09 -2.01396 30.6133 13.8343 -4555.88 739
(1,2,(3,(4,(5,6)))); -4534.2 -1.5024 29.8103 13.7116 -4551.81 732
(1,2,(3,(4,(5,6)))); -4532.79 -1.5024 30.8394 13.451 -4551.68 732
(1,(2,3),(4,(5,6))); -4539.72 -1.67108 28.0963 13.8687 -4555.62 731
(1,(2,(4,(5,6))),3); -4537.14 -2.01396 29.6519 13.1329 -4555.67 739
(1,(2,((4,6),5)),3); -4541.06 -2.2521 28.4235 13.326 -4558.41 738
(1,(2,3),(4,(5,6))); -4541.16 -1.67108 26.3593 13.9222 -4555.27 731
(1,(2,(4,(5,6))),3); -4539.99 -2.01396 27.3716 13.5492 -4555.83 739
(1,(2,((4,6),5)),3); -4540.57 -2.2521 29.008 12.9533 -4558.88 738
(1,(2,3),((4,6),5)); -4546.9 -1.90922 24.6475 13.3863 -4560.07 739
(1,(2,((4,6),5)),3); -4542.27 -2.2521 27.7158 13.6405 -4558.6 738
(1,2,(3,(4,(5,6)))); -4539.16 -1.5024 24.1939 13.4288 -4551.43 732
(1,(2,((4,6),5)),3); -4544.64 -2.2521 25.7144 14.0767 -4558.53 738
(1,(2,3),((4,6),5)); -4546.15 -1.90922 25.0662 12.8418 -4560.28 739
(1,(2,3),(4,(5,6))); -4537.14 -1.67108 30.0978 13.4103 -4555.5 731
(1,(2,3),(4,(5,6))); -4535.58 -1.67108 31.5589 13.5612 -4555.25 731
(1,(2,3),((4,6),5)); -4542.22 -1.90922 29.5979 13.1245 -4560.6 739
(1,2,(3,((4,6),5))); -4533.48 -1.74054 29.9586 13.3725 -4551.81 731
(1,(2,3),(4,(5,6))); -4538.92 -1.67108 27.5428 13.4452 -4554.69 731
(1,(2,3),((4,6),5)); -4543.02 -1.90922 29.4524 13.4853 -4560.89 739
(1,(2,3),(4,(5,6))); -4538.63 -1.67108 28.2883 13.5783 -4555.01 731
(1,2,(3,((4,6),5))); -4535.34 -1.74054 28.4213 13.1702 -4552.33 731
(1,(2,3),(4,(5,6))); -4537.45 -1.67108 29.5074 13.4376 -4555.19 731
(1,(2,((4,6),5)),3); -4540.23 -2.2521 30.1163 13.4754 -4559.13 738
(1,(2,3),((4,6),5)); -4541.29 -1.90922 31.2623 13.8417 -4560.62 739
(1,2,(3,(4,(5,6)))); -4532.96 -1.5024 30.3951 13.467 -4551.39 732
(1,(2,3),(4,(5,6))); -4536.75 -1.67108 30.4743 13.4057 -4555.49 731
(1,(2,3),(4,(5,6))); -4537.21 -1.67108 29.3356 13.4442 -4554.78 731
(1,(2,3),(4,(5,6))); -4539.69 -1.67108 27.8368 13.6232 -4555.57 731
(1,(2,3),((4,6),5)); -4542.9 -1.90922 29.4102 13.7041 -4560.51 739
(1,(2,3),(4,(5,6))); -4542.49 -1.67108 24.3446 13.3098 -4555.2 731
(1,2,(3,(4,(5,6)))); -4532.96 -1.5024 30.287 13.1838 -4551.56 732
(1,2,(3,(4,(5,6)))); -4533.41 -1.5024 30.0555 13.3614 -4551.61 732
(1,(2,3),((4,5),6)); -4547.63 -4.79633 30.5732 13.0944 -4569.9 745
(1,(2,3),((4,5),6)); -4545.68 -4.79633 33.6941 13.3821 -4570.78 745
(1,(2,(4,(5,6))),3); -4537.51 -2.01396 29.3173 13.1612 -4555.68 739
(1,(2,(4,(5,6))),3); -4535.15 -2.01396 31.7029 13.2431 -4555.62 739
(1,(2,3),((4,6),5)); -4541.67 -1.90922 31.2187 13.6926 -4561.11 739
(1,2,(3,(4,(5,6)))); -4532.29 -1.5024 32.029 13.9046 -4551.91 732
(1,(2,(4,(5,6))),3); -4536.79 -2.01396 30.6645 13.8041 -4555.67 739
(1,2,(3,(4,(5,6)))); -4534.71 -1.5024 29.0277 13.7221 -4551.52 732
(1,(2,3),(4,(5,6))); -4536.4 -1.67108 30.7281 13.691 -4555.11 731
(1,2,(3,(4,(5,6)))); -4534.26 -1.5024 29.4427 13.7123 -4551.49 732
(1,(2,3),((4,6),5)); -4540.9 -1.90922 30.98 13.4795 -4560.31 739
(1,(2,(4,(5,6))),3); -4536.39 -2.01396 31.4684 13.8306 -4556.05 739
(1,2,(3,((4,6),5))); -4536.43 -1.74054 28.1595 14.1165 -4552.22 731
(1,(2,3),((4,6),5)); -4543.44 -1.90922 29.1638 13.5745 -4560.94 739
(1,(2,3),((4,6),5)); -4545.14 -1.90922 27.315 13.8235 -4560.54 739
(1,(2,(4,(5,6))),3); -4541.02 -2.01396 26.2373 13.4627 -4555.81 739
(1,(2,3),(4,(5,6))); -4535.63 -1.67108 31.1952 13.2418 -4555.25 731
(1,(2,3),((4,6),5)); -4546.94 -1.90922 25.6999 13.8975 -4560.65 739
(1,(2,((4,6),5)),3); -4541.72 -2.2521 27.8471 13.5251 -4558.29 738
(1,(2,3),((4,6),5)); -4544.86 -1.90922 27.6541 13.582 -4560.84 739
(1,(2,(4,(5,6))),3); -4539.18 -2.01396 28.2404 13.4184 -4556.02 739
(1,2,(3,(4,(5,6)))); -4534.39 -1.5024 29.356 13.7227 -4551.53 732
(1,(2,3),((4,6),5)); -4541.67 -1.90922 30.7491 13.3244 -4561 739
(1,(2,3),(4,(5,6))); -4536.65 -1.67108 30.4018 13.6152 -4555.1 731
(1,2,(3,(4,(5,6)))); -4539 -1.5024 25.4712 14.2105 -4551.76 732
(1,(2,(4,(5,6))),3); -4540.17 -2.01396 27.0196 13.4386 -4555.76 739
(1,2,(3,(4,(5,6)))); -4539.75 -1.5024 24.0395 13.9545 -4551.34 732
(1,(2,3),(4,(5,6))); -4542.26 -1.67108 25.4446 14.2272 -4555.15 731
(1,(2,3),((4,6),5)); -4543.99 -1.90922 28.4782 13.4748 -4560.9 739
(1,2,(3,(4,(5,6)))); -4533.51 -1.5024 30.6202 13.7119 -4551.92 732
(1,2,(3,(4,(5,6)))); -4540.19 -1.5024 23.7328 13.6466 -4551.78 732
(1,(2,3),(4,(5,6))); -4537.15 -1.67108 30.1908 13.6073 -4555.4 731
(1,2,(3,((4,6),5))); -4532.91 -1.74054 30.8667 13.2874 -4552.23 731
(1,2,(3,((4,6),5))); -4532.7 -1.74054 31.3757 13.7748 -4552.04 731
(1,2,(3,((4,6),5))); -4531.64 -1.74054 32.1999 13.6415 -4551.94 731
(1,(2,3),(4,(5,6))); -4537.41 -1.67108 28.9669 12.981 -4555.06 731
(1,2,(3,(4,(5,6)))); -4536.25 -1.5024 27.2158 13.3573 -4551.61 732
(1,2,(3,((4,6),5))); -4533.87 -1.74054 30.1462 13.6724 -4552.09 731
(1,(2,(4,(5,6))),3); -4537.2 -2.01396 29.9169 13.5677 -4555.56 739
(1,(2,(4,(5,6))),3); -4544.32 -2.01396 22.3593 12.6907 -4556 739
(1,(2,3),(4,(5,6))); -4538.43 -1.67108 28.2942 13.3096 -4555.09 731
(1,(2,((4,6),5)),3); -4539.18 -2.2521 30.2056 13.3754 -4558.27 738
(1,(2,3),(4,(5,6))); -4535.08 -1.67108 32.4444 13.6752 -4555.53 731
(1,(2,((4,6),5)),3); -4542.6 -2.2521 27.6113 13.8505 -4558.62 738
(1,(2,3),(4,(5,6))); -4535.18 -1.67108 31.5154 13.3499 -4555.02 731
(1,2,(3,((4,6),5))); -4534.86 -1.74054 28.6028 13.5344 -4551.67 731
(1,(2,((4,6),5)),3); -4539.83 -2.2521 29.9832 13.3103 -4558.75 738
(1,2,(3,((4,5),6))); -4541.35 -4.62765 28.7016 12.8303 -4561.85 738
(1,2,(3,(4,(5,6)))); -4534.82 -1.5024 27.5959 12.9196 -4550.99 732
(1,2,(3,(4,(5,6)))); -4534.65 -1.5024 28.7507 13.3378 -4551.57 732
(1,(2,3),((4,6),5)); -4543.44 -1.90922 29.0266 13.9453 -4560.43 739
(1,(2,3),((4,6),5)); -4540.36 -1.90922 31.6449 13.6387 -4560.27 739
(1,(2,3),(4,(5,6))); -4535.39 -1.67108 31.4318 13.3486 -4555.14 731
(1,(2,3),(4,(5,6))); -4537.29 -1.67108 29.891 13.5559 -4555.3 731
(1,(2,3),((4,6),5)); -4541.29 -1.90922 30.3961 13.2752 -4560.32 739
(1,(2,3),((4,6),5)); -4541.94 -1.90922 29.7305 13.4242 -4560.16 739
(1,2,(3,(4,(5,6)))); -4536.16 -1.5024 27.5383 13.7571 -4551.44 732
(1,2,(3,(4,(5,6)))); -4537.27 -1.5024 26.5375 13.286 -4552.02 732
(1,2,(3,(4,(5,6)))); -4533.27 -1.5024 30.3815 13.6225 -4551.53 732
(1,(2,3),((4,6),5)); -4541.43 -1.90922 30.3145 13.1005 -4560.55 739
(1,(2,3),((4,6),5)); -4546.09 -1.90922 25.5816 13.478 -4560.1 739
(1,2,(3,(4,(5,6)))); -4537.08 -1.5024 26.3444 13.3175 -4551.61 732
(1,(2,((4,6),5)),3); -4541.15 -2.2521 29.0936 13.3837 -4559.12 738
(1,2,(3,((4,5),6))); -4539.53 -4.62765 30.5806 13.5538 -4561.18 738
(1,(2,3),((4,6),5)); -4542.48 -1.90922 29.8618 13.585 -4560.67 739
(1,(2,3),((4,6),5)); -4541.22 -1.90922 30.5462 13.2877 -4560.38 739
(1,2,(3,((4,6),5))); -4534.06 -1.74054 29.927 13.5753 -4552.15 731
(1,(2,3),((4,6),5)); -4547.78 -1.90922 24.4049 13.5176 -4560.57 739
(1,(2,3),(4,(5,6))); -4535.87 -1.67108 31.4693 13.8612 -4555.15 731
(1,(2,(4,(5,6))),3); -4537.2 -2.01396 29.4619 13.2397 -4555.43 739
(1,(2,3),((4,6),5)); -4544.03 -1.90922 27.879 13.485 -4560.33 739
(1,2,(3,((4,6),5))); -4536.89 -1.74054 26.4701 13.2513 -4551.85 731
(1,(2,(4,(5,6))),3); -4540.97 -2.01396 26.2801 13.3838 -4555.88 739
(1,(2,3),((4,6),5)); -4545.35 -1.90922 27.3228 13.688 -4560.89 739
(1,(2,3),(4,(5,6))); -4539.09 -1.67108 27.4567 13.0242 -4555.19 731
(1,(2,((4,6),5)),3); -4540.67 -2.2521 29.5365 13.4919 -4558.96 738
(1,(2,(4,(5,6))),3); -4542.77 -2.01396 24.6805 13.7652 -4555.7 739
(1,2,(3,(4,(5,6)))); -4534.26 -1.5024 29.3884 13.2899 -4551.87 732
(1,2,(3,(4,(5,6)))); -4534.67 -1.5024 28.3338 13.3683 -4551.14 732
(1,2,(3,((4,6),5))); -4537.7 -1.74054 26.6108 13.8346 -4552.22 731
(1,(2,3),(4,(5,6))); -4541.18 -1.67108 25.5207 13.1428 -4555.23 731
(1,(2,3),((4,6),5)); -4542.46 -1.90922 29.9379 13.5151 -4560.79 739
(1,2,(3,(4,(5,6)))); -4537.14 -1.5024 25.969 13.1665 -4551.44 732
(1,(2,3),(4,(5,6))); -4541.34 -1.67108 25.8663 13.5125 -4555.37 731
(1,(2,((4,6),5)),3); -4542.45 -2.2521 28.2038 13.8892 -4559.02 738
(1,(2,3),(4,(5,6))); -4536.53 -1.67108 29.8171 13.2999 -4554.72 731
(1,(2,((4,6),5)),3); -4541.31 -2.2521 28.2609 13.1003 -4558.72 738
(1,(2,((4,6),5)),3); -4541.73 -2.2521 28.1454 13.1076 -4559.02 738
(1,(2,3),((4,6),5)); -4545.05 -1.90922 27.5595 13.612 -4560.91 739
(1,(2,3),(4,(5,6))); -4539.41 -1.67108 28.0104 13.6895 -4555.4 731
(1,(2,(4,(5,6))),3); -4540.16 -2.01396 28.0622 13.8482 -4556.38 739
(1,2,(3,((4,6),5))); -4536.46 -1.74054 26.048 12.8002 -4551.45 731
(1,(2,3),(4,(5,6))); -4541.37 -1.67108 25.8184 13.464 -4555.4 731
(1,(2,3),((4,6),5)); -4542.39 -1.90922 29.7194 13.4542 -4560.56 739
(1,(2,((4,6),5)),3); -4540 -2.2521 30.1243 13.5 -4558.88 738
(1,2,(3,((4,6),5))); -4536.12 -1.74054 26.8665 13.2768 -4551.45 731
(1,2,(3,(4,(5,6)))); -4531.68 -1.5024 31.5756 13.5491 -4551.2 732
(1,(2,((4,6),5)),3); -4538.32 -2.2521 31.7974 13.6736 -4558.69 738
(1,(2,(4,(5,6))),3); -4536.12 -2.01396 30.9708 13.5 -4555.6 739
(1,(2,(4,(5,6))),3); -4540.87 -2.01396 26.2769 13.6857 -4555.47 739
(1,(2,((4,5),6)),3); -4547.29 -5.13921 38.6713 13.2201 -4577.88 750
(1,2,(3,((4,5),6))); -4538.57 -4.62765 31.9487 13.8096 -4561.34 738
(1,(2,((4,6),5)),3); -4540.56 -2.2521 29.7157 13.621 -4558.9 738
(1,(2,((4,6),5)),3); -4537.98 -2.2521 32.3095 13.5499 -4558.99 738
(1,2,(3,((4,6),5))); -4532.17 -1.74054 31.5348 13.5912 -4551.85 731
(1,(2,((4,6),5)),3); -4542.07 -2.2521 27.9258 13.1363 -4559.12 738
(1,2,(3,((4,6),5))); -4535.4 -1.74054 28.5491 13.6911 -4552 731
(1,2,(3,(4,(5,6)))); -4535.88 -1.5024 27.552 13.6319 -4551.3 732
(1,2,(3,((4,6),5))); -4534.91 -1.74054 28.6302 13.5015 -4551.77 731
(1,(2,3),(4,(5,6))); -4538.24 -1.67108 28.8575 13.2046 -4555.56 731
(1,(2,3),(4,(5,6))); -4538.2 -1.67108 29.193 13.691 -4555.37 731
(1,(2,3),(4,(5,6))); -4540.93 -1.67108 25.7729 13.4998 -4554.87 731
(1,2,(3,((4,6),5))); -4539.76 -1.74054 24.8451 13.8899 -4552.46 731
(1,(2,3),((4,6),5)); -4540.22 -1.90922 31.708 13.4069 -4560.43 739
(1,2,(3,(4,(5,6)))); -4534.83 -1.5024 29.185 13.8002 -4551.72 732
(1,(2,3),(4,(5,6))); -4534.88 -1.67108 32.3602 13.4707 -4555.44 731
(1,(2,(4,(5,6))),3); -4537.61 -2.01396 29.7152 13.4757 -4555.86 739
(1,2,(3,(4,(5,6)))); -4531.7 -1.5024 31.7237 13.4143 -4551.51 732
(1,(2,3),(4,(5,6))); -4539.54 -1.67108 27.9513 14.0587 -4555.11 731
(1,2,(3,((4,6),5))); -4535.28 -1.74054 28.497 13.613 -4551.9 731
(1,(2,3),(4,(5,6))); -4534.95 -1.67108 32.1545 13.3648 -4555.41 731
(1,(2,(4,(5,6))),3); -4536.66 -2.01396 31.3609 13.9448 -4556.09 739
(1,2,(3,((4,6),5))); -4533.8 -1.74054 29.8654 13.5035 -4551.91 731
(1,(2,3),(4,(5,6))); -4538.24 -1.67108 28.8137 13.4739 -4555.25 731
(1,(2,3),((4,6),5)); -4540.3 -1.90922 32.0524 13.7774 -4560.48 739
(1,2,(3,((4,6),5))); -4533.76 -1.74054 30.011 13.6144 -4551.89 731
(1,2,(3,((4,6),5))); -4534.7 -1.74054 28.3175 12.9543 -4551.8 731
(1,(2,3),(4,(5,6))); -4536.74 -1.67108 30.2827 13.7152 -4554.98 731
(1,2,(3,((4,6),5))); -4531.45 -1.74054 32.1944 13.4939 -4551.89 731
(1,(2,3),(4,(5,6))); -4541.79 -1.67108 25.3012 13.6125 -4555.15 731
(1,(2,3),(4,(5,6))); -4539.96 -1.67108 26.5584 13.3022 -4554.88 731
(1,2,(3,(4,(5,6)))); -4534.75 -1.5024 28.6018 13.3524 -4551.5 732
(1,(2,(4,(5,6))),3); -4539.41 -2.01396 28.2993 13.708 -4556.02 739
(1,2,(3,(4,(5,6)))); -4532.77 -1.5024 29.8724 13.0149 -4551.13 732
(1,2,(3,((4,6),5))); -4533.6 -1.74054 30.0776 13.524 -4551.89 731
(1,(2,((4,6),5)),3); -4541.06 -2.2521 29.7222 13.6661 -4559.36 738
(1,(2,3),((4,6),5)); -4546.75 -1.90922 25.9056 13.8079 -4560.76 739
(1,(2,((4,6),5)),3); -4539.06 -2.2521 31.4917 13.7785 -4559.03 738
(1,2,(3,((4,6),5))); -4535.5 -1.74054 29.1608 14.052 -4552.35 731
(1,2,(3,(4,(5,6)))); -4532.44 -1.5024 31.4538 13.8593 -4551.53 732
(1,2,(3,(4,(5,6)))); -4532.62 -1.5024 31.7327 13.7182 -4552.14 732
(1,2,(3,(4,(5,6)))); -4535.22 -1.5024 28.1066 13.2602 -4551.57 732
(1,2,(3,(4,(5,6)))); -4534.72 -1.5024 28.4814 13.263 -4551.44 732
(1,(2,3),((4,6),5)); -4539.3 -1.90922 32.6057 13.3615 -4560.45 739
(1,(2,((4,5),6)),3); -4546.81 -5.13921 31.9893 13.547 -4570.39 750
(1,(2,3),((4,6),5)); -4544.78 -1.90922 26.4997 12.8127 -4560.38 739
(1,(2,3),((4,6),5)); -4544.13 -1.90922 28.5432 13.5606 -4561.02 739
(1,2,(3,(4,(5,6)))); -4532.69 -1.5024 30.7925 13.6143 -4551.37 732
(1,(2,(4,(5,6))),3); -4536.83 -2.01396 30.663 13.38 -4556.13 739
(1,(2,((4,6),5)),3); -4539.93 -2.2521 29.713 13.4022 -4558.49 738
(1,(2,(4,(5,6))),3); -4537.86 -2.01396 29.4328 13.3049 -4556 739
(1,2,(3,(4,(5,6)))); -4536.2 -1.5024 27.323 13.7399 -4551.28 732
(1,(2,3),(4,(5,6))); -4535.78 -1.67108 31.372 13.7172 -4555.1 731
(1,2,(3,(4,(5,6)))); -4534.17 -1.5024 30.1971 13.9433 -4551.93 732
(1,(2,3),(4,(5,6))); -4539.43 -1.67108 27.2744 13.469 -4554.91 731
(1,2,(3,((4,6),5))); -4534.34 -1.74054 29.4189 13.58 -4551.92 731
(1,(2,3),((4,6),5)); -4543.39 -1.90922 29.1317 13.656 -4560.77 739
(1,(2,3),(4,(5,6))); -4539.64 -1.67108 28.2134 13.9127 -4555.61 731
(1,(2,3),(4,(5,6))); -4538.77 -1.67108 28.3268 13.7394 -4555.03 731
(1,2,(3,((4,6),5))); -4531.66 -1.74054 32.2807 13.6806 -4552 731
(1,(2,((4,6),5)),3); -4543.89 -2.2521 26.2198 13.3212 -4559.04 738
(1,2,(3,((4,6),5))); -4533.34 -1.74054 29.9637 13.1409 -4551.9 731
(1,2,(3,(4,(5,6)))); -4532.48 -1.5024 31.6815 13.8065 -4551.86 732
(1,(2,3),((4,6),5)); -4544.41 -1.90922 28.1236 13.7205 -4560.72 739
(1,(2,((4,6),5)),3); -4543.07 -2.2521 27.056 13.7824 -4558.59 738
(1,(2,3),(4,(5,6))); -4539.75 -1.67108 27.7473 13.3789 -4555.79 731
(1,(2,3),(4,(5,6))); -4539.15 -1.67108 27.9637 13.8371 -4554.95 731
(1,2,(3,((4,6),5))); -4537.06 -1.74054 27.1995 13.7689 -4552.23 731
(1,(2,3),((4,6),5)); -4542.43 -1.90922 30.6025 14.0912 -4560.85 739
(1,(2,3),(4,(5,6))); -4535.5 -1.67108 31.3462 13.3551 -4555.16 731
(1,(2,(4,(5,6))),3); -4539.1 -2.01396 28.4758 13.6092 -4555.98 739
(1,(2,3),((4,6),5)); -4542.37 -1.90922 29.912 13.5921 -4560.6 739
(1,(2,((4,6),5)),3); -4541.79 -2.2521 27.7055 12.8782 -4558.87 738
(1,2,(3,((4,6),5))); -4537.79 -1.74054 25.9691 13.4056 -4552.09 731
(1,(2,3),((4,6),5)); -4546.51 -1.90922 25.0569 13.3702 -4560.1 739
(1,(2,3),(4,(5,6))); -4536.39 -1.67108 30.7069 13.4296 -4555.33 731
(1,(2,((4,6),5)),3); -4538.7 -2.2521 31.1182 13.513 -4558.56 738
(1,2,(3,((4,6),5))); -4533.35 -1.74054 30.6884 13.7964 -4551.98 731
(1,2,(3,(4,(5,6)))); -4533.94 -1.5024 29.741 13.6985 -4551.49 732
(1,(2,((4,6),5)),3); -4542.32 -2.2521 28.2382 14.0398 -4558.77 738
(1,(2,3),(4,(5,6))); -4537.55 -1.67108 29.324 13.6821 -4554.86 731
(1,(2,(4,(5,6))),3); -4536.27 -2.01396 31.6522 13.8306 -4556.11 739
(1,(2,3),((4,6),5)); -4542.35 -1.90922 28.7013 12.8987 -4560.07 739
(1,2,(3,((4,6),5))); -4534.4 -1.74054 29.6895 13.3914 -4552.44 731
(1,(2,((4,6),5)),3); -4542.01 -2.2521 27.6449 13.3655 -4558.54 738
(1,2,(3,(4,(5,6)))); -4533.28 -1.5024 30.8492 13.7087 -4551.92 732
(1,2,(3,(4,(5,6)))); -4533.6 -1.5024 29.8474 13.5636 -4551.39 732
(1,(2,3),((4,6),5)); -4545.39 -1.90922 26.133 13.1806 -4560.25 739
(1,2,(3,((4,6),5))); -4533.14 -1.74054 31.3205 13.7982 -4552.4 731
(1,2,(3,((4,6),5))); -4534.2 -1.74054 29.1972 13.6721 -4551.46 731
(1,(2,3),(4,(5,6))); -4536.12 -1.67108 31.2798 13.8962 -4555.18 731
(1,(2,3),((4,6),5)); -4544.25 -1.90922 27.6313 13.3701 -4560.42 739
(1,2,(3,((4,6),5))); -4534.76 -1.74054 29.2792 13.5636 -4552.22 731
(1,(2,((4,6),5)),3); -4539.41 -2.2521 31 13.6555 -4559 738
(1,(2,3),(4,(5,6))); -4535.33 -1.67108 31.511 13.4163 -4555.1 731
(1,(2,3),((4,6),5)); -4539.6 -1.90922 33.0716 13.6212 -4560.96 739
(1,(2,3),(4,(5,6))); -4539.24 -1.67108 28.4392 13.8547 -4555.49 731
(1,2,(3,(4,(5,6)))); -4539.67 -1.5024 24.3001 13.4275 -4552.04 732
(1,2,(3,((4,6),5))); -4531.2 -1.74054 33.0382 13.8904 -4552.09 731
(1,2,(3,((4,6),5))); -4535.15 -1.74054 28.6832 13.7031 -4551.87 731
(1,2,(3,(4,(5,6)))); -4532.63 -1.5024 31.5083 13.8291 -4551.81 732
(1,2,(3,((4,6),5))); -4533.32 -1.74054 30.5302 13.4181 -4552.17 731
(1,2,(3,((4,6),5))); -4536 -1.74054 27.9667 13.827 -4551.88 731
(1,2,(3,((4,6),5))); -4541.32 -1.74054 22.9128 13.7118 -4552.26 731
(1,2,(3,(4,(5,6)))); -4533.1 -1.5024 31.0569 13.6986 -4551.96 732
(1,2,(3,((4,6),5))); -4535.11 -1.74054 29.2431 13.8634 -4552.23 731
(1,2,(3,(4,(5,6)))); -4533.09 -1.5024 31.1047 13.9753 -4551.72 732
(1,2,(3,((4,6),5))); -4534.84 -1.74054 29.4224 13.873 -4552.13 731
(1,2,(3,((4,6),5))); -4533.79 -1.74054 30.056 13.5703 -4552.02 731
(1,(((2,3),5),6),4); -4585.53 -8.11173 26.9598 13.3026 -4607.3 746
(1,(2,3),(4,(5,6))); -4535.71 -1.67108 31.3542 13.5022 -4555.24 731
(1,(2,3),(4,(5,6))); -4536.48 -1.67108 30.0022 13.2337 -4554.92 731
(1,2,(3,(4,(5,6)))); -4536.33 -1.5024 26.9595 13.3454 -4551.45 732
(1,(2,3),(4,(5,6))); -4537.54 -1.67108 30.1823 13.9602 -4555.44 731
(1,2,(3,((4,6),5))); -4533.55 -1.74054 30.2646 13.6617 -4551.9 731
(1,(2,3),(4,(5,6))); -4537.02 -1.67108 30.498 13.6127 -4555.57 731
(1,(2,3),((4,6),5)); -4543.7 -1.90922 28.8404 13.7855 -4560.66 739
(1,2,(3,((4,6),5))); -4534.24 -1.74054 29.6729 13.784 -4551.87 731
(1,(2,(4,(5,6))),3); -4538.71 -2.01396 28.2297 13.4213 -4555.53 739
(1,(2,3),(4,(5,6))); -4536.77 -1.67108 30.1296 13.5854 -4554.99 731
(1,2,(3,(4,(5,6)))); -4531.67 -1.5024 32.0104 13.6422 -4551.54 732
(1,(2,3),((4,6),5)); -4544.75 -1.90922 27.6481 13.7428 -4560.57 739
(1,(2,3),(4,(5,6))); -4539.38 -1.67108 27.9231 13.4984 -4555.47 731
(1,2,(3,(4,(5,6)))); -4534.94 -1.5024 28.7802 13.6292 -4551.6 732
(1,(2,3),(4,(5,6))); -4537.95 -1.67108 29.7062 14.1135 -4555.22 731
(1,(2,3),((4,6),5)); -4540.57 -1.90922 31.6241 13.4363 -4560.67 739
(1,2,(3,((4,6),5))); -4535.44 -1.74054 29.0163 13.9781 -4552.22 731
(1,(2,3),((4,6),5)); -4542.92 -1.90922 29.8029 13.6573 -4560.98 739
(1,2,(3,(4,(5,6)))); -4532.5 -1.5024 31.6407 13.7281 -4551.92 732
(1,(2,(4,(5,6))),3); -4537.86 -2.01396 28.8595 13.1691 -4555.56 739
(1,2,(3,((4,6),5))); -4532.97 -1.74054 30.7218 13.377 -4552.05 731
(1,(2,(4,(5,6))),3); -4538.47 -2.01396 29.3349 13.5549 -4556.26 739
(1,2,(3,(4,(5,6)))); -4533.39 -1.5024 30.4692 13.571 -4551.79 732
(1,2,(3,((4,5),6))); -4541.01 -4.62765 29.1743 13.7471 -4561.07 738
(1,2,(3,(4,(5,6)))); -4533.33 -1.5024 29.9185 13.4261 -4551.33 732
(1,(2,((4,6),5)),3); -4539.71 -2.2521 29.2215 12.9505 -4558.24 738
(1,2,(3,(4,(5,6)))); -4536.1 -1.5024 27.0571 13.1487 -4551.51 732
(1,(2,((4,6),5)),3); -4539.44 -2.2521 30.119 13.4914 -4558.32 738
(1,(2,((4,6),5)),3); -4544.48 -2.2521 25.7318 13.3871 -4559.08 738
(1,(2,(4,(5,6))),3); -4540.7 -2.01396 25.6775 13.223 -4555.17 739
(1,(2,((4,6),5)),3); -4540 -2.2521 29.9025 13.475 -4558.68 738
(1,(2,((4,6),5)),3); -4544.49 -2.2521 25.337 13.2894 -4558.79 738
(1,(2,((4,6),5)),3); -4537.96 -2.2521 31.339 13.112 -4558.44 738
(1,2,(3,(4,(5,6)))); -4532.96 -1.5024 31.0041 13.6929 -4551.77 732
(1,(2,3),((4,6),5)); -4544.41 -1.90922 27.9563 13.4523 -4560.83 739
(1,(2,((4,6),5)),3); -4541.72 -2.2521 28.4431 13.6386 -4558.77 738
(1,2,(3,((4,6),5))); -4533.51 -1.74054 30.6025 13.419 -4552.44 731
(1,(2,3),((4,6),5)); -4546.83 -1.90922 25.0875 13.6873 -4560.14 739
(1,(2,3),((4,6),5)); -4545.15 -1.90922 26.2766 12.719 -4560.62 739
(1,(2,3),(4,(5,6))); -4541.56 -1.67108 25.788 13.963 -4555.06 731
(1,(2,((4,6),5)),3); -4541.43 -2.2521 28.6296 13.5082 -4558.8 738
(1,(2,((4,6),5)),3); -4542.36 -2.2521 27.0535 13.2511 -4558.42 738
(1,2,(3,(4,(5,6)))); -4532.36 -1.5024 31.6777 13.7643 -4551.77 732
(1,(2,((4,6),5)),3); -4542.18 -2.2521 28.0682 13.5665 -4558.93 738
(1,(2,(4,(5,6))),3); -4539.67 -2.01396 28.2774 13.7805 -4556.18 739
(1,2,(3,(4,(5,6)))); -4533.58 -1.5024 30.6133 13.6769 -4552.02 732
(1,(2,((4,6),5)),3); -4540.64 -2.2521 29.2505 13.6844 -4558.46 738
(1,(2,3),(4,(5,6))); -4538.72 -1.67108 28.4143 13.5351 -4555.27 731
(1,(2,3),(4,(5,6))); -4535.51 -1.67108 31.4757 13.5148 -4555.14 731
(1,2,(3,(4,(5,6)))); -4532.57 -1.5024 30.7798 13.3078 -4551.54 732
(1,(2,(4,(5,6))),3); -4534.96 -2.01396 31.9975 13.3561 -4555.62 739
(1,(2,3),(4,(5,6))); -4537.16 -1.67108 30.1287 13.5312 -4555.43 731
(1,2,(3,(4,(5,6)))); -4533.34 -1.5024 30.3862 13.7539 -4551.48 732
(1,(2,(4,(5,6))),3); -4538.82 -2.01396 28.8177 13.5226 -4556.13 739
(1,(2,((4,6),5)),3); -4541.09 -2.2521 29.0512 13.5234 -4558.87 738
(1,(2,((4,6),5)),3); -4538.76 -2.2521 31.6385 13.6228 -4559.03 738
(1,(2,3),(4,(5,6))); -4538.93 -1.67108 27.6846 13.19 -4555.09 731
(1,(2,3),(4,(5,6))); -4538.77 -1.67108 28.8886 13.6057 -4555.73 731
(1,(2,3),((4,6),5)); -4544.83 -1.90922 27.477 13.1247 -4561.09 739
(1,2,(3,(4,(5,6)))); -4534.71 -1.5024 29.6592 14.1084 -4551.76 732
(1,2,(3,(4,(5,6)))); -4532.79 -1.5024 30.2556 13.292 -4551.26 732
(1,(2,3),(4,(5,6))); -4535.56 -1.67108 31.6844 13.6071 -4555.31 731
(1,(2,3),(4,(5,6))); -4537.67 -1.67108 29.0735 13.3714 -4555.04 731
(1,(2,3),((4,6),5)); -4544.59 -1.90922 27.9184 13.4121 -4561.01 739
(1,(2,3),((4,6),5)); -4544.22 -1.90922 28.2328 13.6922 -4560.67 739
(1,(2,3),(4,(5,6))); -4536.53 -1.67108 30.5273 13.4238 -4555.31 731
(1,2,(3,((4,6),5))); -4537.44 -1.74054 25.0832 12.8129 -4551.45 731
(1,(2,3),((4,6),5)); -4543.06 -1.90922 29.3012 13.5926 -4560.67 739
(1,(2,3),((4,6),5)); -4540.84 -1.90922 31.5047 13.3745 -4560.88 739
(1,(2,((4,6),5)),3); -4541.52 -2.2521 28.8329 13.8128 -4558.79 738
(1,2,(3,(4,(5,6)))); -4533.23 -1.5024 29.6061 13.2705 -4551.06 732
(1,2,(3,(4,(5,6)))); -4533.51 -1.5024 30.5788 13.698 -4551.89 732
(1,(2,3),(4,(5,6))); -4536.67 -1.67108 30.2052 13.3462 -4555.2 731
(1,2,(3,((4,6),5))); -4533.07 -1.74054 30.2381 13.4136 -4551.64 731
(1,(2,3),((4,6),5)); -4541.05 -1.90922 30.8661 13.3336 -4560.49 739
(1,2,(3,(4,(5,6)))); -4533.55 -1.5024 30.6883 14.025 -4551.71 732
(1,(2,(4,(5,6))),3); -4538.34 -2.01396 28.8862 13.4809 -4555.76 739
(1,2,(3,(4,(5,6)))); -4534.72 -1.5024 28.8183 13.4365 -4551.61 732
(1,2,(3,((4,5),6))); -4538.07 -4.62765 32.0513 13.5248 -4561.22 738
(1,2,(3,(4,(5,6)))); -4532.41 -1.5024 31.5878 13.6089 -4551.89 732
(1,2,(3,(4,(5,6)))); -4534.01 -1.5024 29.3335 13.4521 -4551.4 732
(1,2,(3,(4,(5,6)))); -4531.06 -1.5024 32.814 13.7424 -4551.63 732
(1,2,(3,(4,(5,6)))); -4532.96 -1.5024 30.8877 13.6052 -4551.74 732
(1,2,(3,(4,(5,6)))); -4536.17 -1.5024 26.7585 12.9958 -4551.43 732
(1,2,(3,(4,(5,6)))); -4533.26 -1.5024 30.5254 13.5373 -4551.75 732
(1,2,(3,(4,(5,6)))); -4531.45 -1.5024 32.1787 13.7174 -4551.41 732
(1,(2,3),(4,(5,6))); -4535.83 -1.67108 31.0175 13.3447 -4555.17 731
(1,2,(3,(4,(5,6)))); -4533.55 -1.5024 29.9322 13.4005 -4551.58 732
(1,(2,3),(4,(5,6))); -4539.42 -1.67108 28.1012 13.8469 -4555.35 731
(1,(2,(4,(5,6))),3); -4538.07 -2.01396 28.9835 13.7375 -4555.33 739
(1,2,(3,(4,(5,6)))); -4534.34 -1.5024 28.6184 13.2444 -4551.22 732
(1,2,(3,((4,6),5))); -4535.55 -1.74054 28.3974 13.7827 -4551.91 731
(1,((2,(3,5)),6),4); -4626.95 -9.90349 30.3549 12.5074 -4654.7 775
(1,(2,((4,6),5)),3); -4538.55 -2.2521 31.3118 13.6413 -4558.47 738
(1,2,(3,(4,(5,6)))); -4534.11 -1.5024 29.3258 13.5537 -4551.39 732
(1,2,(3,((4,5),6))); -4542.58 -4.62765 27.597 13.4423 -4561.36 738
(1,(2,3),(4,(5,6))); -4540.19 -1.67108 26.7153 13.4055 -4555.17 731
(1,2,(3,((4,5),6))); -4543.79 -4.62765 25.1957 12.9975 -4560.61 738
(1,(2,((4,6),5)),3); -4537.71 -2.2521 31.987 13.3489 -4558.6 738
(1,(2,(4,(5,6))),3); -4538.7 -2.01396 29.0581 13.971 -4555.8 739
(1,(2,(4,(5,6))),3); -4543.36 -2.01396 24.5642 13.8759 -4556.07 739
(1,(((2,5),4),6),3); -4587.43 -9.21034 31.6213 13.3718 -4614.89 757
(1,2,(3,(4,(5,6)))); -4532.7 -1.5024 30.8528 13.4441 -4551.61 732
(1,(2,3),(4,(5,6))); -4539.28 -1.67108 27.9767 13.6297 -4555.3 731
(1,(2,3),(4,(5,6))); -4542.66 -1.67108 25.1179 14.2059 -4555.25 731
(1,2,(3,(4,(5,6)))); -4533.16 -1.5024 30.6509 13.8371 -4551.48 732
(1,(2,((4,6),5)),3); -4538.88 -2.2521 30.7343 13.2934 -4558.57 738
(1,(2,(4,(5,6))),3); -4537.3 -2.01396 29.4087 13.5139 -4555.21 739
(1,2,(3,(4,(5,6)))); -4538.03 -1.5024 25.4779 13.4777 -4551.53 732
(1,(2,((4,6),5)),3); -4539.27 -2.2521 31.1691 13.8187 -4558.87 738
(1,2,(3,(4,(5,6)))); -4532.93 -1.5024 30.5812 13.5965 -4551.42 732
(1,2,(3,((4,6),5))); -4539.84 -1.74054 24.9563 14.4469 -4552.09 731
(1,2,(3,((4,6),5))); -4532.95 -1.74054 30.6287 13.417 -4551.9 731
(1,(2,(4,(5,6))),3); -4536.62 -2.01396 31.3233 13.8773 -4556.08 739
(1,(2,(4,(5,6))),3); -4535.68 -2.01396 31.5722 13.4467 -4555.82 739
(1,2,(3,(4,(5,6)))); -4542.01 -1.5024 21.4724 13.2328 -4551.75 732
(1,2,(3,(4,(5,6)))); -4533.33 -1.5024 30.7888 13.788 -4551.83 732
(1,(2,(4,(5,6))),3); -4538.48 -2.01396 27.8157 13.0835 -4555.22 739
(1,2,(3,((4,6),5))); -4537.46 -1.74054 26.2323 13.5769 -4551.85 731
(1,2,(3,((4,6),5))); -4532.05 -1.74054 31.7233 13.403 -4552.11 731
(1,2,(3,(4,(5,6)))); -4536.35 -1.5024 27.7587 13.7529 -4551.86 732
(1,(2,(4,(5,6))),3); -4537.52 -2.01396 30.0049 13.7264 -4555.81 739
(1,2,(3,((4,6),5))); -4535.57 -1.74054 28.4795 13.3349 -4552.46 731
(1,2,(3,((4,6),5))); -4533.02 -1.74054 31.4969 13.7896 -4552.47 731
(1,2,(3,(4,(5,6)))); -4532.93 -1.5024 30.0906 13.1747 -4551.34 732
(1,2,(3,((4,6),5))); -4532.88 -1.74054 31.6543 13.8751 -4552.4 731
(1,2,(3,(4,(5,6)))); -4532.73 -1.5024 30.572 13.4882 -4551.32 732
(1,(2,((4,6),5)),3); -4539.8 -2.2521 29.6621 13.3334 -4558.38 738
(1,(2,((4,6),5)),3); -4541.07 -2.2521 29.2672 13.574 -4559.02 738
(1,(2,3),(4,(5,6))); -4536.54 -1.67108 30.5119 13.3137 -4555.41 731
(1,(2,(4,(5,6))),3); -4538.19 -2.01396 28.9505 13.7183 -4555.44 739
(1,(2,(4,(5,6))),3); -4537.51 -2.01396 29.7273 13.5845 -4555.67 739
(1,2,(3,((4,6),5))); -4534.17 -1.74054 29.6235 13.4009 -4552.13 731
(1,(2,((4,6),5)),3); -4539.39 -2.2521 30.9215 13.6553 -4558.91 738
(1,(2,3),((4,6),5)); -4544.94 -1.90922 26.6793 13.3975 -4560.13 739
(1,2,(3,((4,6),5))); -4535.97 -1.74054 27.1814 13.0213 -4551.87 731
(1,(2,(4,(5,6))),3); -4535.49 -2.01396 31.1572 13.2417 -4555.42 739
(1,2,(3,(4,(5,6)))); -4531.54 -1.5024 31.926 13.6757 -4551.29 732
(1,(2,3),((4,6),5)); -4544.39 -1.90922 27.6565 12.9743 -4560.98 739
(1,2,(3,(4,(5,6)))); -4534.74 -1.5024 28.9506 13.7109 -4551.48 732
(1,(2,3),((4,6),5)); -4540.36 -1.90922 31.3614 13.1674 -4560.46 739
(1,2,(3,(4,(5,6)))); -4532.3 -1.5024 31.2418 13.5195 -4551.52 732
(1,(2,((4,6),5)),3); -4539.94 -2.2521 29.5902 13.2393 -4558.54 738
(1,(2,(4,(5,6))),3); -4538.29 -2.01396 29.6613 14.1505 -4555.81 739
(1,2,(3,(4,(5,6)))); -4531.76 -1.5024 31.7459 13.5573 -4551.45 732
(1,(2,((4,6),5)),3); -4542.43 -2.2521 27.1013 13.4983 -4558.28 738
(1,2,(3,(4,(5,6)))); -4535.53 -1.5024 28.2089 13.73 -4551.51 732
(1,2,(3,(4,(5,6)))); -4534.49 -1.5024 29.2329 13.576 -4551.65 732
(1,(2,(4,(5,6))),3); -4538.1 -2.01396 28.8783 13.23 -4555.77 739
(1,(2,3),((4,6),5)); -4544.8 -1.90922 27.0166 13.6787 -4560.05 739
(1,(2,3),(4,(5,6))); -4534.46 -1.67108 32.9215 13.7708 -4555.29 731
(1,2,(3,((4,6),5))); -4532.87 -1.74054 31.1956 13.6752 -4552.14 731
(1,2,(3,(4,(5,6)))); -4535.54 -1.5024 28.339 13.7939 -4551.59 732
(1,(2,3),((4,6),5)); -4542.13 -1.90922 30.5901 13.5653 -4561.07 739
(1,2,(3,((4,6),5))); -4533.56 -1.74054 30.4542 13.4161 -4552.34 731
(1,2,(3,((4,6),5))); -4541.95 -1.74054 21.4121 13.0908 -4552.01 731
(1,2,(3,((4,6),5))); -4534.76 -1.74054 29.287 13.885 -4551.9 731
(1,(2,(4,(5,6))),3); -4539.81 -2.01396 27.6974 13.8689 -4555.66 739
(1,2,(3,(4,(5,6)))); -4534.03 -1.5024 29.7455 13.5468 -4551.73 732
(1,2,(3,((4,6),5))); -4537.91 -1.74054 26.4852 13.973 -4552.16 731
(1,2,(3,((4,6),5))); -4532.25 -1.74054 31.3735 13.4724 -4551.9 731
(1,2,(3,(4,(5,6)))); -4533.01 -1.5024 30.9087 13.5658 -4551.86 732
(1,(2,3),(4,(5,6))); -4535.86 -1.67108 31.3173 13.7324 -4555.11 731
(1,2,(3,(4,(5,6)))); -4532.55 -1.5024 31.629 13.9397 -4551.74 732
(1,(2,3),(4,(5,6))); -4535.84 -1.67108 31.5309 13.8519 -4555.19 731
(1,2,(3,((4,6),5))); -4533.56 -1.74054 30.1988 13.4117 -4552.09 731
(1,2,(3,((4,6),5))); -4534.56 -1.74054 28.9255 13.4274 -4551.8 731
(1,(2,3),(4,(5,6))); -4537.66 -1.67108 30.143 14.0431 -4555.43 731
(1,(2,3),((4,6),5)); -4541.35 -1.90922 30.0591 13.3558 -4559.96 739
(1,(2,(4,(5,6))),3); -4540.19 -2.01396 26.543 13.1751 -4555.57 739
(1,(2,3),(4,(5,6))); -4543.63 -1.67108 24.3479 14.2877 -4555.36 731
(1,2,(3,((4,6),5))); -4533.04 -1.74054 30.8215 13.8393 -4551.76 731
(1,2,(3,((4,6),5))); -4535.73 -1.74054 27.7688 13.6394 -4551.6 731
(1,2,(3,((4,6),5))); -4533.85 -1.74054 30.0521 13.6675 -4551.98 731
(1,((2,3),(5,6)),4); -4575.95 -7.1309 30.2319 13.7425 -4599.57 748
(1,2,(3,(4,(5,6)))); -4537.47 -1.5024 25.5535 13.5584 -4550.97 732
(1,2,(3,((4,6),5))); -4534.4 -1.74054 30.0334 13.7209 -4552.45 731
(1,2,(3,(4,(5,6)))); -4533.31 -1.5024 31.0814 13.871 -4552.02 732
(1,2,(3,((4,6),5))); -4531.09 -1.74054 32.1436 13.3382 -4551.63 731
(1,2,(3,(4,(5,6)))); -4535.81 -1.5024 26.952 13.2034 -4551.06 732
(1,(2,3),((4,6),5)); -4540.7 -1.90922 31.4187 13.4549 -4560.57 739
(1,(2,(4,(5,6))),3); -4538.37 -2.01396 29.0453 13.5575 -4555.87 739
(1,2,(3,(4,(5,6)))); -4535.81 -1.5024 27.2893 13.4563 -4551.15 732
(1,(2,((4,6),5)),3); -4542.72 -2.2521 27.0277 13.3704 -4558.63 738
(1,(2,((4,6),5)),3); -4542.27 -2.2521 27.4448 13.2183 -4558.74 738
(1,2,(3,(4,(5,6)))); -4533.24 -1.5024 30.7681 13.7344 -4551.78 732
(1,(2,3),((4,6),5)); -4546.32 -1.90922 26.5473 13.5352 -4561.24 739
(1,2,(3,((4,6),5))); -4536.68 -1.74054 26.5413 13.1855 -4551.78 731
(1,2,(3,(4,(5,6)))); -4535.29 -1.5024 28.2331 13.8482 -4551.17 732
(1,2,(3,(4,(5,6)))); -4533.39 -1.5024 29.8094 13.4241 -4551.28 732
(1,2,(3,(4,(5,6)))); -4533.18 -1.5024 30.4506 13.7985 -4551.33 732
(1,2,(3,((4,6),5))); -4531.77 -1.74054 31.9395 13.485 -4551.97 731
(1,(2,3),(4,(5,6))); -4539.95 -1.67108 27.4742 13.8045 -4555.29 731
(1,2,(3,(4,(5,6)))); -4532.05 -1.5024 31.505 13.6382 -4551.42 732
(1,(2,3),((4,6),5)); -4541.19 -1.90922 30.8091 13.3205 -4560.59 739
(1,(2,3),(4,(5,6))); -4535.56 -1.67108 31.6474 13.684 -4555.2 731
(1,(2,(4,(5,6))),3); -4535.27 -2.01396 32.2586 13.7536 -4555.79 739
(1,(2,3),(4,(5,6))); -4537.61 -1.67108 29.4387 13.7165 -4555 731
(1,(2,3),((4,6),5)); -4541.78 -1.90922 30.4509 13.5295 -4560.61 739
(1,2,(3,((4,6),5))); -4532.68 -1.74054 31.7384 13.7378 -4552.43 731
(1,2,(3,((4,5),6))); -4543.46 -4.62765 25.5683 12.9576 -4560.7 738
(1,2,(3,((4,6),5))); -4531.56 -1.74054 32.8203 13.7033 -4552.42 731
(1,2,(3,(4,(5,6)))); -4535.19 -1.5024 28.2917 13.4344 -4551.55 732
(1,(2,3),((4,6),5)); -4540.42 -1.90922 31.2998 13.226 -4560.4 739
(1,2,(3,((4,6),5))); -4535.86 -1.74054 27.794 13.39 -4552 731
(1,(2,((4,6),5)),3); -4542.82 -2.2521 27.7423 13.96 -4558.86 738
(1,2,(3,(4,(5,6)))); -4535.23 -1.5024 28.7797 13.9467 -4551.56 732
(1,(2,3),(4,(5,6))); -4539.12 -1.67108 28.1962 13.5722 -4555.42 731
(1,2,(3,(4,(5,6)))); -4533.59 -1.5024 30.4445 13.901 -4551.64 732
(1,(2,3),((4,6),5)); -4544.26 -1.90922 28.0263 13.6386 -4560.56 739
(1,(2,((4,6),5)),3); -4542.92 -2.2521 26.1817 12.9276 -4558.42 738
(1,2,(3,(4,(5,6)))); -4533.81 -1.5024 30.29 13.631 -4551.97 732
(1,(2,(4,(5,6))),3); -4535.32 -2.01396 31.8433 13.3362 -4555.85 739
(1,(2,(4,(5,6))),3); -4538.84 -2.01396 28.7895 13.5057 -4556.14 739
(1,2,(3,(4,(5,6)))); -4532.98 -1.5024 31.1696 13.7065 -4551.95 732
(1,(2,((4,6),5)),3); -4539.27 -2.2521 30.9552 13.2766 -4559.2 738
(1,(2,(4,(5,6))),3); -4541.16 -2.01396 26.3178 13.4748 -4556.02 739
(1,2,(3,(4,(5,6)))); -4535.26 -1.5024 28.3814 13.4871 -4551.66 732
(1,(2,((4,6),5)),3); -4539.21 -2.2521 30.2106 13.1808 -4558.49 738
(1,(2,3),((4,5),6)); -4546.16 -4.79633 32.5319 13.2467 -4570.24 745
(1,(2,3),(4,(5,6))); -4538.04 -1.67108 28.6074 13.12 -4555.2 731
(1,2,(3,(4,(5,6)))); -4540.42 -1.5024 23.9947 13.9112 -4552 732
(1,(2,((4,6),5)),3); -4537.95 -2.2521 32.3947 13.6648 -4558.93 738
(1,(2,3),((4,6),5)); -4540.03 -1.90922 32.4432 13.4166 -4560.96 739
(1,(2,3),((4,6),5)); -4544.36 -1.90922 28.2543 13.9214 -4560.6 739
(1,2,(3,(4,(5,6)))); -4533.16 -1.5024 30.6935 13.5137 -4551.84 732
(1,(2,((4,6),5)),3); -4540.51 -2.2521 29.7917 13.3908 -4559.17 738
(1,(2,((4,6),5)),3); -4540.11 -2.2521 29.9587 13.5052 -4558.81 738
(1,(2,3),((4,6),5)); -4543.6 -1.90922 29.4978 13.9612 -4561.05 739
(1,(2,((4,6),5)),3); -4540.06 -2.2521 29.7755 13.4304 -4558.66 738
(1,(2,(4,(5,6))),3); -4538.37 -2.01396 28.9184 13.8196 -4555.48 739
(1,2,(3,((4,5),6))); -4541.51 -4.62765 28.0255 13.5933 -4560.57 738
(1,2,(3,((4,6),5))); -4533.98 -1.74054 29.2805 13.295 -4551.7 731
(1,2,(3,((4,6),5))); -4537.8 -1.74054 25.7631 13.3397 -4551.96 731
(1,2,(3,((4,6),5))); -4534.87 -1.74054 29.4967 13.9741 -4552.13 731
(1,2,(3,(4,(5,6)))); -4535.94 -1.5024 27.855 13.4698 -4551.82 732
(1,2,(3,((4,6),5))); -4536.42 -1.74054 27.3505 13.5809 -4551.93 731
(1,2,(3,((4,6),5))); -4536.6 -1.74054 27.1712 13.4081 -4552.1 731
(1,(2,3),((4,6),5)); -4541.05 -1.90922 31.2046 13.7238 -4560.44 739
(1,(2,3),((4,6),5)); -4542.52 -1.90922 29.8829 13.4259 -4560.88 739
(1,(2,((4,6),5)),3); -4540.76 -2.2521 29.6683 13.6621 -4559.02 738
(1,2,(3,((4,6),5))); -4535.02 -1.74054 28.4616 13.29 -4551.93 731
(1,(2,(4,(5,6))),3); -4538.13 -2.01396 29.1144 13.5997 -4555.66 739
(1,((2,3),(5,6)),4); -4576.91 -7.1309 28.9706 13.6106 -4599.4 748
(1,(2,3),(4,(5,6))); -4541.66 -1.67108 25.705 13.8123 -4555.22 731
(1,(2,3),(4,(5,6))); -4545.12 -1.67108 21.8886 13.2931 -4555.39 731
(1,(2,3),((4,6),5)); -4543.6 -1.90922 28.533 13.7541 -4560.29 739
(1,2,(3,(4,(5,6)))); -4531.66 -1.5024 32.1896 13.4736 -4551.88 732
(1,(2,(4,(5,6))),3); -4539.8 -2.01396 27.5906 13.4268 -4555.98 739
(1,(2,3),((4,6),5)); -4544.29 -1.90922 27.3525 13.3382 -4560.21 739
(1,2,(3,(4,(5,6)))); -4533.57 -1.5024 29.7952 13.4837 -4551.38 732
(1,2,(3,((4,6),5))); -4536.25 -1.74054 26.9017 12.9909 -4551.91 731
(1,(2,3),((4,6),5)); -4545.59 -1.90922 26.9392 13.2728 -4561.17 739
(1,2,(3,((4,6),5))); -4536.5 -1.74054 27.251 13.6511 -4551.84 731
(1,2,(3,((4,6),5))); -4537.48 -1.74054 26.9866 13.8194 -4552.39 731
(1,2,(3,(4,(5,6)))); -4535.06 -1.5024 28.4395 13.3633 -4551.64 732
(1,(2,3),(4,(5,6))); -4536.45 -1.67108 30.5136 13.4627 -4555.18 731
(1,(2,(4,(5,6))),3); -4539.98 -2.01396 27.9425 13.7271 -4556.21 739
(1,(2,((4,6),5)),3); -4538.69 -2.2521 31.8677 13.857 -4558.95 738
(1,2,(3,(4,(5,6)))); -4532.26 -1.5024 32.012 13.8533 -4551.93 732
(1,(2,(4,(5,6))),3); -4537.85 -2.01396 29.1158 13.1923 -4555.79 739
(1,(2,3),((4,6),5)); -4548.08 -1.90922 23.7529 12.8825 -4560.85 739
(1,2,(3,(4,(5,6)))); -4534.39 -1.5024 28.7831 13.4444 -4551.23 732
(1,2,(3,((4,6),5))); -4535.66 -1.74054 28.7579 14.0749 -4552.09 731
(1,(2,3),((4,6),5)); -4543.06 -1.90922 29.242 13.4016 -4560.81 739
(1,2,(3,((4,6),5))); -4532.33 -1.74054 31.9309 13.9667 -4552.03 731
(1,(2,3),(4,(5,6))); -4535.8 -1.67108 32.0832 13.9177 -4555.64 731
(1,2,(3,((4,6),5))); -4531.99 -1.74054 32.078 13.7328 -4552.08 731
(1,2,(3,((4,6),5))); -4537.08 -1.74054 26.5739 13.3981 -4552 731
(1,(2,3),(4,(5,6))); -4539.66 -1.67108 26.9564 13.1756 -4555.12 731
(1,2,(3,((4,6),5))); -4535.96 -1.74054 27.5898 13.3435 -4551.95 731
(1,2,(3,(4,(5,6)))); -4538.38 -1.5024 24.829 13.7518 -4550.96 732
(1,(2,3),((4,6),5)); -4540.92 -1.90922 31.6566 13.5755 -4560.92 739
(1,2,(3,(4,(5,6)))); -4536.69 -1.5024 27.4889 13.9425 -4551.74 732
(1,2,(3,(4,(5,6)))); -4534.15 -1.5024 29.0478 13.3822 -4551.32 732
(1,(2,3),(4,(5,6))); -4539.04 -1.67108 28.3866 13.5676 -4555.53 731
(1,(2,3),((4,6),5)); -4543.77 -1.90922 28.513 13.666 -4560.53 739
(1,(2,(4,(5,6))),3); -4539.78 -2.01396 27.8348 13.8818 -4555.75 739
(1,2,(3,((4,6),5))); -4532.53 -1.74054 31.9243 13.807 -4552.39 731
(1,(2,(4,(5,6))),3); -4536.8 -2.01396 29.9037 13.1371 -4555.58 739
(1,(2,3),(4,(5,6))); -4541.27 -1.67108 26.3432 13.4547 -4555.83 731
(1,2,(3,(4,(5,6)))); -4533.89 -1.5024 29.1935 13.2534 -4551.33 732
(1,2,(3,((4,6),5))); -4534.34 -1.74054 29.1934 13.5467 -4551.72 731
(1,(2,(4,(5,6))),3); -4539.39 -2.01396 28.7761 14.195 -4555.99 739
(1,2,(3,(4,(5,6)))); -4538.28 -1.5024 26.0374 14.2514 -4551.57 732
(1,(2,3),((4,6),5)); -4543.67 -1.90922 28.579 13.4227 -4560.74 739
(1,(2,3),(4,(5,6))); -4536.07 -1.67108 30.7433 13.4557 -4555.03 731
(1,(2,3),((4,6),5)); -4543.44 -1.90922 29.423 13.7867 -4560.99 739
(1,2,(3,(4,(5,6)))); -4532.4 -1.5024 30.8246 13.4659 -4551.27 732
(1,(2,(4,(5,6))),3); -4537.01 -2.01396 30.2215 13.794 -4555.45 739
(1,(2,((4,6),5)),3); -4539.34 -2.2521 30.4386 13.3657 -4558.66 738
(1,2,(3,(4,(5,6)))); -4536.08 -1.5024 27.9831 13.865 -4551.7 732
(1,2,(3,(4,(5,6)))); -4533.34 -1.5024 30.4698 13.5739 -4551.73 732
(1,2,(3,(4,(5,6)))); -4539.58 -1.5024 24.1534 13.8992 -4551.34 732
(1,(2,((4,6),5)),3); -4543.51 -2.2521 26.7496 13.5249 -4558.99 738
(1,2,(3,(4,(5,6)))); -4532.74 -1.5024 30.9848 13.2896 -4551.94 732
(1,2,(3,(4,(5,6)))); -4537.28 -1.5024 26.3089 13.3252 -4551.76 732
(1,2,(3,((4,6),5))); -4531.94 -1.74054 32.1767 13.5604 -4552.3 731
(1,(2,3),(4,(5,6))); -4539.5 -1.67108 26.6125 13.1004 -4554.68 731
(1,2,(3,(4,(5,6)))); -4533.46 -1.5024 29.7415 13.2594 -4551.44 732
(1,(2,(4,(5,6))),3); -4538.34 -2.01396 28.8345 13.5006 -4555.69 739
(1,2,(3,((4,6),5))); -4533.42 -1.74054 30.4602 13.5803 -4552.04 731
(1,(2,(4,(5,6))),3); -4537.77 -2.01396 29.3769 13.1626 -4556 739
(1,2,(3,(4,(5,6)))); -4537.19 -1.5024 26.3234 13.6671 -4551.35 732
(1,(2,3),(4,(5,6))); -4536.53 -1.67108 31.187 13.633 -4555.75 731
(1,2,(3,(4,(5,6)))); -4537.32 -1.5024 27.2177 14.0356 -4552 732
(1,2,(3,((4,6),5))); -4537.95 -1.74054 25.9109 13.3517 -4552.25 731
(1,2,(3,(4,(5,6)))); -4531.25 -1.5024 32.7063 13.8073 -4551.65 732
(1,(2,((4,6),5)),3); -4538.27 -2.2521 31.7263 13.6978 -4558.55 738
(1,2,(3,(4,(5,6)))); -4539.42 -1.5024 23.2464 13.1361 -4551.03 732
(1,2,(3,((4,6),5))); -4533.04 -1.74054 31.2763 13.7981 -4552.26 731
(1,2,(3,(4,(5,6)))); -4536.8 -1.5024 26.6064 13.3182 -4551.59 732
(1,(2,(4,(5,6))),3); -4535.97 -2.01396 31.3195 13.5748 -4555.72 739
(1,((2,5),(3,6)),4); -4626.14 -9.21034 26.0856 13.5061 -4647.93 769
(1,(2,3),(4,(5,6))); -4536.33 -1.67108 31.198 13.7364 -4555.46 731
(1,(2,3),((4,6),5)); -4544.83 -1.90922 27.524 13.4584 -4560.81 739
(1,(2,(4,(5,6))),3); -4537.28 -2.01396 30.1225 13.5234 -4555.89 739
(1,(2,3),(4,(5,6))); -4540.87 -1.67108 26.25 13.7638 -4555.03 731
(1,(2,3),(4,(5,6))); -4536.22 -1.67108 30.7608 13.5897 -4555.06 731
(1,(2,3),(4,(5,6))); -4537.5 -1.67108 29.8657 13.6592 -4555.37 731
(1,(2,(4,(5,6))),3); -4537.74 -2.01396 30.2622 13.6398 -4556.38 739
(1,(2,3),((4,6),5)); -4543.84 -1.90922 27.5597 12.8176 -4560.49 739
(1,2,(3,(4,(5,6)))); -4537.68 -1.5024 25.0961 12.8304 -4551.45 732
(1,2,(3,(4,(5,6)))); -4536.55 -1.5024 26.9937 13.6334 -4551.41 732
(1,(2,((4,6),5)),3); -4539.25 -2.2521 30.8359 13.6376 -4558.7 738
(1,(2,3),((4,6),5)); -4540.35 -1.90922 31.7789 13.471 -4560.57 739
(1,(2,(4,(5,6))),3); -4545.66 -2.01396 22.0626 13.4435 -4556.3 739
(1,(2,(4,(5,6))),3); -4537.48 -2.01396 30.4002 13.6004 -4556.3 739
(1,(2,(4,(5,6))),3); -4541.31 -2.01396 25.041 12.9168 -4555.45 739
(1,(2,(4,(5,6))),3); -4536.84 -2.01396 30.046 13.2064 -4555.69 739
(1,(2,((4,6),5)),3); -4538.83 -2.2521 31.6689 13.7196 -4559.03 738
(1,(2,(4,(5,6))),3); -4540.9 -2.01396 27.0936 14.0513 -4555.96 739
(1,(2,3),(4,(5,6))); -4538.63 -1.67108 28.2537 13.1302 -4555.42 731
(1,(2,(4,(5,6))),3); -4539.41 -2.01396 28.1471 13.6077 -4555.97 739
(1,(2,3),(4,(5,6))); -4537.75 -1.67108 29.1173 13.3569 -4555.18 731
(1,(2,((4,5),6)),3); -4547.77 -5.13921 30.9645 13.108 -4570.76 750
(1,(2,3),(4,(5,6))); -4537.52 -1.67108 30.1604 13.7839 -4555.57 731
(1,(2,3),(4,(5,6))); -4536.86 -1.67108 30.8589 13.7895 -4555.6 731
(1,2,(3,((4,6),5))); -4536.35 -1.74054 27.5549 13.3551 -4552.29 731
(1,(2,(4,(5,6))),3); -4540.29 -2.01396 26.4211 13.4917 -4555.23 739
(1,2,(3,((4,6),5))); -4536.56 -1.74054 27.2572 13.6775 -4551.88 731
(1,2,(3,((4,6),5))); -4533.51 -1.74054 30.3949 13.4737 -4552.17 731
(1,2,(3,(4,(5,6)))); -4532.27 -1.5024 31.6117 13.8369 -4551.55 732
(1,(2,((4,6),5)),3); -4541.9 -2.2521 28.7131 14.0661 -4558.8 738
(1,(2,3),((4,6),5)); -4543.4 -1.90922 28.1655 13.4442 -4560.03 739
(1,(2,3),((4,6),5)); -4546.67 -1.90922 25.3262 13.5358 -4560.37 739
(1,(2,3),(4,(5,6))); -4540.77 -1.67108 26.3829 13.5378 -4555.29 731
(1,(2,((4,6),5)),3); -4538.37 -2.2521 31.8208 13.7834 -4558.66 738
(1,(2,3),((4,6),5)); -4542.47 -1.90922 29.9166 13.6498 -4560.65 739
(1,(2,3),(4,(5,6))); -4539.55 -1.67108 28.3631 14.0783 -4555.5 731
(1,2,(3,((4,6),5))); -4535.25 -1.74054 28.7976 13.6847 -4552.11 731
(1,(2,3),(4,(5,6))); -4534.96 -1.67108 32.1845 13.442 -4555.37 731
(1,2,(3,(4,(5,6)))); -4533.43 -1.5024 30.6157 13.8845 -4551.66 732
(1,2,(3,(4,(5,6)))); -4533.26 -1.5024 29.446 13.0784 -4551.13 732
(1,2,(3,((4,5),6))); -4538.43 -4.62765 32.5382 13.2169 -4562.38 738
(1,2,(3,((4,6),5))); -4536.11 -1.74054 27.6047 13.3027 -4552.16 731
(1,(2,3),(4,(5,6))); -4539.33 -1.67108 26.8196 12.8749 -4554.94 731
(1,(2,3),((4,6),5)); -4544.04 -1.90922 28.2642 13.768 -4560.44 739
(1,(2,3),((4,6),5)); -4541.32 -1.90922 30.7952 13.6335 -4560.4 739
(1,(2,3),(4,(5,6))); -4538.88 -1.67108 28.2404 13.3777 -4555.41 731
(1,(2,(4,(5,6))),3); -4538.92 -2.01396 28.9673 13.7386 -4556.16 739
(1,(2,3),(4,(5,6))); -4539.46 -1.67108 27.8091 13.732 -4555.21 731
(1,(2,3),(4,(5,6))); -4536.08 -1.67108 30.8942 13.3817 -4555.27 731
(1,2,(3,(4,(5,6)))); -4533.85 -1.5024 29.7602 13.6126 -4551.5 732
(1,(2,3),((4,6),5)); -4542.97 -1.90922 29.129 13.232 -4560.78 739
(1,(2,(4,(5,6))),3); -4538.02 -2.01396 28.9125 13.5281 -4555.42 739
(1,2,(3,(4,(5,6)))); -4535.47 -1.5024 27.9591 13.4915 -4551.44 732
(1,2,(3,(4,(5,6)))); -4531.63 -1.5024 32.3196 13.7712 -4551.68 732
(1,2,(3,(4,(5,6)))); -4533.03 -1.5024 29.9239 13.253 -4551.2 732
(1,(2,((4,6),5)),3); -4543.14 -2.2521 25.7109 12.768 -4558.33 738
(1,(2,3),(4,(5,6))); -4541.09 -1.67108 26.0588 13.6457 -4555.18 731
(1,(2,(4,(5,6))),3); -4539.06 -2.01396 28.3802 13.4074 -4556.04 739
(1,2,(3,(4,(5,6)))); -4535.93 -1.5024 27.7042 13.5794 -4551.55 732
(1,(2,3),(4,(5,6))); -4541.49 -1.67108 25.419 13.6668 -4554.91 731
(1,2,(3,((4,6),5))); -4535.33 -1.74054 27.8755 13.1524 -4551.79 731
(1,(2,(3,(5,6))),4); -4598.3 -8.51719 27.0217 13.0356 -4620.8 755
(1,2,(3,((4,6),5))); -4535.48 -1.74054 27.2661 13.1576 -4551.33 731
(1,2,(3,(4,(5,6)))); -4534 -1.5024 28.8969 13.1337 -4551.27 732
(1,2,(3,((4,6),5))); -4536.52 -1.74054 27.7786 13.9648 -4552.07 731
(1,(2,3),(4,(5,6))); -4537.72 -1.67108 29.4208 13.4682 -4555.35 731
(1,(2,3),((4,6),5)); -4541.17 -1.90922 30.4588 13.1008 -4560.43 739
(1,2,(3,(4,(5,6)))); -4532.58 -1.5024 30.8836 13.6797 -4551.28 732
(1,(2,3),(4,(5,6))); -4539.13 -1.67108 28.2171 13.507 -4555.52 731
(1,2,(3,((4,6),5))); -4531.86 -1.74054 32.1074 13.6221 -4552.09 731
(1,2,(3,((4,6),5))); -4532.12 -1.74054 31.3061 13.246 -4551.92 731
(1,(2,(4,(5,6))),3); -4538.29 -2.01396 28.0041 12.9836 -4555.32 739
(1,(2,3),(4,(5,6))); -4538.61 -1.67108 28.8923 14.0352 -4555.14 731
(1,2,(3,(4,(5,6)))); -4532.09 -1.5024 31.9915 13.832 -4551.75 732
(1,(2,((4,6),5)),3); -4543.41 -2.2521 26.9145 13.5722 -4559.01 738
(1,2,(3,(4,(5,6)))); -4533.86 -1.5024 29.3778 13.2613 -4551.48 732
(1,2,(3,((4,6),5))); -4534.42 -1.74054 29.9982 14.0283 -4552.13 731
(1,(2,((4,6),5)),3); -4542.47 -2.2521 27.2961 13.2963 -4558.72 738
(1,(2,3),((4,5),6)); -4549.1 -4.79633 27.7831 13.3729 -4568.3 745
(1,2,(3,((4,6),5))); -4538.47 -1.74054 25.3554 13.7433 -4551.82 731
(1,2,(3,((4,5),6))); -4541.48 -4.62765 28.2852 13.9695 -4560.43 738
(1,(2,3),((4,6),5)); -4544.96 -1.90922 27.4157 13.5812 -4560.7 739
(1,(2,3),(4,(5,6))); -4538.26 -1.67108 28.8556 13.6905 -4555.09 731
(1,(2,((4,6),5)),3); -4541.63 -2.2521 27.8947 13.1898 -4558.59 738
(1,(2,(4,(5,6))),3); -4536.13 -2.01396 31.5109 13.7134 -4555.94 739
(1,2,(3,(4,(5,6)))); -4534.65 -1.5024 28.7829 13.3481 -4551.59 732
(1,(2,((4,6),5)),3); -4540.16 -2.2521 29.8543 13.7451 -4558.52 738
(1,2,(3,(4,(5,6)))); -4537.01 -1.5024 26.2663 13.5411 -4551.24 732
(1,2,(3,(4,(5,6)))); -4533.18 -1.5024 29.7753 13.2815 -4551.18 732
(1,(2,((4,6),5)),3); -4540.4 -2.2521 29.4659 13.1856 -4558.93 738
(1,2,(3,((4,6),5))); -4535.69 -1.74054 28.7458 13.8443 -4552.33 731
(1,2,(3,(4,(5,6)))); -4536.31 -1.5024 27.3503 13.4201 -4551.74 732
(1,(2,3),(4,(5,6))); -4538.42 -1.67108 29.2767 13.673 -4555.69 731
(1,(2,3),(4,(5,6))); -4541.09 -1.67108 26.7348 14.0054 -4555.49 731
(1,(2,(4,(5,6))),3); -4537.11 -2.01396 31.0881 13.9154 -4556.29 739
(1,(2,3),((4,6),5)); -4543.38 -1.90922 28.7962 13.3977 -4560.69 739
(1,(2,3),(4,(5,6))); -4536.26 -1.67108 30.5671 13.6651 -4554.84 731
(1,(2,((4,6),5)),3); -4540.75 -2.2521 29.3953 13.6155 -4558.78 738
