tree logl logTop logProp logPrior logWt
(1,(2,3),(4,(5,6))); -4541.29 -1.23576 25.7962 13.6623 -4554.66
(1,2,(3,((4,6),5))); -4534.7 -1.67767 28.919 13.1183 -4552.18
(1,(2,3),(4,(5,6))); -4540.41 -1.23576 27.3959 13.7214 -4555.32
(1,(2,3),(4,(5,6))); -4541.36 -1.23576 26.0473 13.4265 -4555.22
(1,(2,3),(4,(5,6))); -4539.55 -1.23576 28.1882 13.9115 -4555.06
(1,2,(3,((4,6),5))); -4531.33 -1.67767 32.3827 13.6032 -4551.79
(1,2,(3,((4,6),5))); -4533.07 -1.67767 31.2047 13.7886 -4552.16
(1,2,(3,(4,(5,6)))); -4532.45 -1.02135 30.8888 13.1899 -4551.17
(1,2,(3,(4,(5,6)))); -4532.82 -1.02135 30.8023 13.6136 -4551.03
(1,2,(3,(4,(5,6)))); -4531.62 -1.02135 32.3153 13.7255 -4551.23
(1,(2,3),(4,(5,6))); -4535.12 -1.23576 32.0899 13.7886 -4554.66
(1,(2,3),(4,(5,6))); -4537.71 -1.23576 29.1096 13.2436 -4554.81
(1,2,(3,((4,6),5))); -4537.47 -1.67767 25.9154 13.212 -4551.86
(1,(2,3),((4,6),5)); -4540.79 -1.89208 31.3483 13.3986 -4560.63
(1,2,(3,((4,6),5))); -4533.42 -1.67767 31.088 13.8385 -4552.35
(1,2,(3,((4,6),5))); -4531.28 -1.67767 32.3306 13.347 -4551.94
(1,(2,3),(4,(5,6))); -4534.94 -1.23576 32.3206 13.7264 -4554.77
(1,(2,3),(4,(5,6))); -4535.62 -1.23576 32.0528 13.9568 -4554.95
(1,2,(3,(4,(5,6)))); -4536.41 -1.02135 26.6829 13.4437 -4550.68
(1,(2,3),(4,(5,6))); -4540.43 -1.23576 26.5763 13.3746 -4554.86
(1,2,(3,((4,6),5))); -4536.09 -1.67767 28.3209 13.9929 -4552.09
(1,(2,3),(4,(5,6))); -4536.26 -1.23576 30.878 13.615 -4554.76
(1,2,(3,(4,(5,6)))); -4534.29 -1.02135 29.4799 13.3985 -4551.4
(1,2,(3,(4,(5,6)))); -4533.21 -1.02135 30.3212 13.5556 -4551
(1,2,(3,(4,(5,6)))); -4533.83 -1.02135 29.3457 13.3564 -4550.84
(1,(2,((4,6),5)),3); -4539.82 -5.58491 30.4883 13.7472 -4562.14
(1,(2,3),((4,6),5)); -4540.16 -1.89208 32.062 13.4102 -4560.7
(1,(2,3),((4,6),5)); -4541.71 -1.89208 29.7191 13.1224 -4560.2
(1,2,(3,((4,6),5))); -4534.07 -1.67767 29.5957 13.6409 -4551.71
(1,2,(3,((4,6),5))); -4531.99 -1.67767 31.8345 13.6415 -4551.86
(1,(2,3),(4,(5,6))); -4535.79 -1.23576 31.5743 13.6983 -4554.9
(1,2,(3,(4,(5,6)))); -4533.36 -1.02135 30.7587 13.6257 -4551.52
(1,(2,3),((4,6),5)); -4546.96 -1.89208 25.1685 13.1232 -4560.9
(1,2,(3,((4,6),5))); -4538.43 -1.67767 25.7902 13.9587 -4551.94
(1,2,(3,(4,(5,6)))); -4535.31 -1.02135 27.4364 13.2045 -4550.56
(1,2,(3,((4,6),5))); -4532.74 -1.67767 30.8471 13.5735 -4551.69
(1,2,(3,((4,6),5))); -4536.6 -1.67767 27.8916 13.9473 -4552.22
(1,(2,(4,(5,6))),3); -4538.65 -4.9286 28.4188 13.4932 -4558.5
(1,(2,3),(4,(5,6))); -4539.1 -1.23576 28.5761 13.8558 -4555.05
(1,2,(3,((4,6),5))); -4536.62 -1.67767 27.6239 13.8338 -4552.09
(1,(2,3),((4,6),5)); -4541.6 -1.89208 30.9276 13.7113 -4560.71
(1,2,(3,((4,6),5))); -4534.99 -1.67767 28.7192 13.626 -4551.76
(1,2,(3,((4,6),5))); -4535.24 -1.67767 28.7944 13.7896 -4551.92
(1,2,(3,((4,6),5))); -4537.09 -1.67767 26.7685 13.6325 -4551.91
(1,2,(3,((4,6),5))); -4538.4 -1.67767 25.6039 13.6398 -4552.04
(1,2,(3,((4,6),5))); -4532.96 -1.67767 31.0349 13.4473 -4552.23
(1,(2,3),(4,(5,6))); -4542.39 -1.23576 25.3524 13.719 -4555.26
(1,2,(3,(4,(5,6)))); -4531.65 -1.02135 32.1486 13.6591 -4551.16
(1,2,(3,(4,(5,6)))); -4536.17 -1.02135 27.5848 13.4502 -4551.32
(1,(2,3),(4,(5,6))); -4540.38 -1.23576 27.2429 13.8505 -4555.01
(1,(2,3),((4,6),5)); -4542.62 -1.89208 29.9099 13.9239 -4560.49
(1,2,(3,((4,6),5))); -4535.55 -1.67767 27.4482 12.8046 -4551.87
(1,2,(3,(4,(5,6)))); -4537.27 -1.02135 24.7427 13.6826 -4549.35
(1,(2,3),((4,6),5)); -4542.34 -1.89208 30.0519 13.2827 -4561
(1,(2,3),((4,6),5)); -4539.66 -1.89208 32.7488 13.405 -4560.9
(1,2,(3,(4,(5,6)))); -4536.51 -1.02135 26.9457 13.3864 -4551.09
(1,2,(3,(4,(5,6)))); -4533.78 -1.02135 29.4919 13.3287 -4550.96
(1,(2,3),(4,(5,6))); -4537.76 -1.23576 28.8917 13.4651 -4554.42
(1,2,(3,(4,(5,6)))); -4533.91 -1.02135 29.8352 13.9041 -4550.86
(1,2,(3,(4,(5,6)))); -4531.51 -1.02135 32.4705 13.6634 -4551.33
(1,(2,3),(4,(5,6))); -4536.76 -1.23576 30.3833 13.4408 -4554.93
(1,(2,3),(4,(5,6))); -4540.54 -1.23576 25.7296 13.1653 -4554.34
(1,2,(3,(4,(5,6)))); -4533.25 -1.02135 30.8138 13.4698 -4551.61
(1,2,(3,((4,6),5))); -4532.03 -1.67767 31.8841 13.4418 -4552.15
(1,2,(3,((4,6),5))); -4536.19 -1.67767 27.3783 13.3839 -4551.86
(1,2,(3,((4,6),5))); -4534.35 -1.67767 28.8118 13.1679 -4551.67
(1,2,(3,(4,(5,6)))); -4535.51 -1.02135 28.3889 13.5379 -4551.38
(1,2,(3,((4,6),5))); -4534.55 -1.67767 28.9047 13.1035 -4552.03
(1,(2,3),((4,6),5)); -4542.67 -1.89208 28.9181 13.5587 -4559.93
(1,2,(3,(4,(5,6)))); -4533.07 -1.02135 30.1682 13.1123 -4551.14
(1,2,(3,(4,(5,6)))); -4532.28 -1.02135 31.0018 13.4843 -4550.82
(1,(2,3),(4,(5,6))); -4538.58 -1.23576 28.9847 13.664 -4555.14
(1,(2,3),((4,6),5)); -4543.07 -1.89208 29.3569 13.6628 -4560.65
(1,2,(3,(4,(5,6)))); -4537.34 -1.02135 26.9013 13.7419 -4551.52
(1,2,(3,(4,(5,6)))); -4533.06 -1.02135 30.6134 13.707 -4550.99
(1,(2,3),((4,6),5)); -4543.53 -1.89208 27.835 13.0615 -4560.2
(1,2,(3,(4,(5,6)))); -4533.32 -1.02135 30.6555 13.8432 -4551.15
(1,2,(3,(4,(5,6)))); -4534.85 -1.02135 29.4912 14.0157 -4551.35
(1,2,(3,((4,6),5))); -4532.69 -1.67767 30.677 13.3661 -4551.68
(1,2,(3,(4,(5,6)))); -4532.22 -1.02135 31.0546 13.6452 -4550.65
(1,2,(3,(4,(5,6)))); -4532.8 -1.02135 31.0907 13.5654 -4551.35
(1,(2,3),(4,(5,6))); -4539.34 -1.23576 27.4359 13.1458 -4554.87
(1,(2,3),((4,6),5)); -4540.56 -1.89208 32.1533 13.5266 -4561.08
(1,2,(3,((4,6),5))); -4535.09 -1.67767 29.0626 13.9959 -4551.84
(1,2,(3,(4,(5,6)))); -4538.08 -1.02135 25.1101 13.0465 -4551.17
(1,2,(3,(4,(5,6)))); -4534.37 -1.02135 29.4589 13.6919 -4551.16
(1,2,(3,((4,6),5))); -4534.17 -1.67767 30.2593 13.7725 -4552.34
(1,(2,3),(4,(5,6))); -4535.31 -1.23576 31.0203 13.2296 -4554.34
(1,(2,3),((4,6),5)); -4544.95 -1.89208 27.0753 13.1157 -4560.8
(1,2,(3,(4,(5,6)))); -4535.46 -1.02135 27.4042 13.0938 -4550.79
(1,2,(3,(4,(5,6)))); -4533.38 -1.02135 29.6629 13.2351 -4550.83
(1,2,(3,(4,(5,6)))); -4532.97 -1.02135 30.9607 13.9203 -4551.04
(1,2,(3,((4,6),5))); -4531.99 -1.67767 32.3032 13.6962 -4552.28
(1,(2,3),(4,(5,6))); -4538.53 -1.23576 28.7877 13.552 -4555.01
(1,(2,3),((4,6),5)); -4545.79 -1.89208 25.7514 13.1743 -4560.26
(1,(2,3),(4,(5,6))); -4536.06 -1.23576 31.0435 13.2865 -4555.06
(1,(2,3),(4,(5,6))); -4535.91 -1.23576 31.3371 13.5371 -4554.95
(1,(2,3),(4,(5,6))); -4540.77 -1.23576 27.4477 14.299 -4555.16
(1,2,(3,(4,(5,6)))); -4533.72 -1.02135 30.1505 13.5714 -4551.32
(1,(2,3),(4,(5,6))); -4538.88 -1.23576 28.4704 13.8212 -4554.76
(1,2,(3,(4,(5,6)))); -4534.04 -1.02135 29.5397 13.1802 -4551.42
(1,(2,3),((4,6),5)); -4541.31 -1.89208 31.4235 13.6385 -4560.99
(1,(2,3),(4,(5,6))); -4537.86 -1.23576 29.7436 13.7298 -4555.11
(1,(2,3),(4,(5,6))); -4540.59 -1.23576 26.0797 13.6805 -4554.22
(1,2,(3,(4,(5,6)))); -4532.99 -1.02135 31.0475 13.5305 -4551.53
(1,(2,3),(4,(5,6))); -4536.7 -1.23576 30.8921 13.5438 -4555.28
(1,2,(3,((4,6),5))); -4531.7 -1.67767 32.3669 13.7426 -4552
(1,(2,3),(4,(5,6))); -4538.21 -1.23576 28.3094 13.3654 -4554.39
(1,(2,3),(4,(5,6))); -4540.15 -1.23576 27.0294 13.8036 -4554.61
(1,2,(3,(4,(5,6)))); -4537.15 -1.02135 27.5511 13.9058 -4551.82
(1,(2,(4,(5,6))),3); -4536.4 -4.9286 30.7571 13.6674 -4558.42
(1,(2,3),(4,(5,6))); -4536.87 -1.23576 30.6165 13.8308 -4554.89
(1,(2,3),(4,(5,6))); -4539.94 -1.23576 26.2311 13.1844 -4554.22
(1,(2,3),((4,6),5)); -4544.85 -1.89208 27.3898 13.7129 -4560.42
(1,(2,3),((4,6),5)); -4544.58 -1.89208 27.285 12.9726 -4560.78
(1,2,(3,(4,(5,6)))); -4532.04 -1.02135 31.5723 13.812 -4550.83
(1,2,(3,((4,6),5))); -4535.23 -1.67767 28.7476 13.8004 -4551.86
(1,2,(3,(4,(5,6)))); -4531.67 -1.02135 31.5628 13.4858 -4550.77
(1,2,(3,(4,(5,6)))); -4533.94 -1.02135 29.9383 13.7339 -4551.16
(1,2,(3,(4,(5,6)))); -4535.02 -1.02135 28.1239 13.4085 -4550.76
(1,(2,(4,(5,6))),3); -4538.41 -4.9286 28.7387 13.3715 -4558.7
(1,(2,3),(4,(5,6))); -4539.78 -1.23576 27.6913 13.7887 -4554.92
(1,2,(3,(4,(5,6)))); -4539.27 -1.02135 23.9947 13.3984 -4550.89
(1,(2,3),((4,6),5)); -4541.52 -1.89208 29.5156 12.9741 -4559.95
(1,(2,3),(4,(5,6))); -4536.1 -1.23576 31.0351 13.7115 -4554.66
(1,2,(3,(4,(5,6)))); -4533.18 -1.02135 30.5891 13.4087 -4551.38
(1,(2,3),(4,(5,6))); -4534.95 -1.23576 32.2744 13.6004 -4554.86
(1,(2,3),((4,6),5)); -4542.68 -1.89208 29.3539 13.4363 -4560.49
(1,2,(3,(4,(5,6)))); -4537.64 -1.02135 25.3086 13.1852 -4550.78
(1,(2,3),((4,6),5)); -4542.71 -1.89208 29.1186 13.5941 -4560.13
(1,(2,3),((4,6),5)); -4541.53 -1.89208 30.8895 13.4557 -4560.85
(1,(2,3),(4,(5,6))); -4539.34 -1.23576 27.3679 13.2008 -4554.74
(1,2,(3,(4,(5,6)))); -4533.92 -1.02135 29.9503 13.589 -4551.3
(1,2,(3,(4,(5,6)))); -4536.55 -1.02135 26.5613 13.3422 -4550.79
(1,(2,3),((4,6),5)); -4539.69 -1.89208 32.5079 13.4761 -4560.62
(1,(2,3),(4,(5,6))); -4535.53 -1.23576 31.6003 13.3865 -4554.98
(1,(2,3),(4,(5,6))); -4535.84 -1.23576 31.1148 13.4908 -4554.7
(1,(2,3),(4,(5,6))); -4536.52 -1.23576 30.9006 13.6979 -4554.96
(1,2,(3,(4,(5,6)))); -4533.17 -1.02135 30.3009 13.3934 -4551.1
(1,(2,3),((4,6),5)); -4543.61 -1.89208 28.1872 13.4194 -4560.27
(1,2,(3,((4,6),5))); -4535.15 -1.67767 29.2706 14.0202 -4552.08
(1,(2,3),(4,(5,6))); -4538.97 -1.23576 28.2453 13.8037 -4554.65
(1,2,(3,((4,6),5))); -4536.04 -1.67767 28.2946 14.2323 -4551.78
(1,2,(3,(4,(5,6)))); -4536.56 -1.02135 27.6098 13.4743 -4551.72
(1,(2,3),((4,6),5)); -4543.06 -1.89208 29.0324 13.5281 -4560.46
(1,(2,3),(4,(5,6))); -4546.86 -1.23576 19.3959 12.8138 -4554.67
(1,(2,3),(4,(5,6))); -4535.94 -1.23576 31.242 13.4877 -4554.93
(1,2,(3,(4,(5,6)))); -4533.3 -1.02135 30.6663 13.8501 -4551.14
(1,(2,3),((4,6),5)); -4539.98 -1.89208 31.6707 13.2858 -4560.26
(1,(2,3),((4,6),5)); -4544.8 -1.89208 27.1249 13.0214 -4560.8
(1,(2,3),((4,6),5)); -4544.85 -1.89208 27.6882 13.6656 -4560.77
(1,2,(3,(4,(5,6)))); -4531.94 -1.02135 31.9604 13.8814 -4551.04
(1,(2,3),(4,(5,6))); -4536.08 -1.23576 31.0779 13.4825 -4554.91
(1,2,(3,(4,(5,6)))); -4534.78 -1.02135 29.392 14.0106 -4551.18
(1,2,(3,(4,(5,6)))); -4535.44 -1.02135 28.486 13.4705 -4551.47
(1,(2,3),(4,(5,6))); -4538.19 -1.23576 29.7233 13.741 -4555.41
(1,2,(3,(4,(5,6)))); -4532.19 -1.02135 30.9364 13.5161 -4550.63
(1,(2,(4,(5,6))),3); -4540.98 -4.9286 26.2793 13.1348 -4559.06
(1,(2,3),(4,(5,6))); -4537.02 -1.23576 30.0314 13.4271 -4554.86
(1,(2,3),((4,6),5)); -4543.72 -1.89208 28.2859 13.6437 -4560.26
(1,2,(3,((4,6),5))); -4535.31 -1.67767 28.0453 13.1278 -4551.9
(1,(2,3),(4,(5,6))); -4541.14 -1.23576 26.3087 14.0002 -4554.69
(1,2,(3,(4,(5,6)))); -4534.61 -1.02135 29.5294 13.6017 -4551.56
(1,2,(3,(4,(5,6)))); -4535.85 -1.02135 27.5176 13.0584 -4551.33
(1,(2,3),((4,6),5)); -4544.3 -1.89208 27.4024 13.3474 -4560.24
(1,2,(3,(4,(5,6)))); -4532.1 -1.02135 30.7519 13.2469 -4550.63
(1,(2,3),(4,(5,6))); -4538.36 -1.23576 28.7965 13.2877 -4555.1
(1,2,(3,((4,6),5))); -4534.13 -1.67767 30.2606 13.8963 -4552.17
(1,(2,3),(4,(5,6))); -4541.53 -1.23576 25.4207 13.6891 -4554.5
(1,2,(3,(4,(5,6)))); -4536.26 -1.02135 27.5248 14.0609 -4550.75
(1,2,(3,(4,(5,6)))); -4533.56 -1.02135 29.6968 13.3649 -4550.91
(1,(2,3),(4,(5,6))); -4540.14 -1.23576 27.5202 13.616 -4555.28
(1,(2,3),((4,6),5)); -4541.21 -1.89208 30.7049 13.2602 -4560.55
(1,2,(3,(4,(5,6)))); -4533.1 -1.02135 31.2401 13.9412 -4551.42
(1,(2,3),(4,(5,6))); -4538.03 -1.23576 29.4484 14.0831 -4554.63
(1,2,(3,((4,6),5))); -4533.7 -1.67767 29.8087 13.4349 -4551.75
(1,2,(3,(4,(5,6)))); -4534.85 -1.02135 28.6092 13.3636 -4551.11
(1,(2,3),(4,(5,6))); -4535.69 -1.23576 30.887 13.4697 -4554.35
(1,(2,3),((4,6),5)); -4546.56 -1.89208 25.4217 13.5091 -4560.36
(1,2,(3,(4,(5,6)))); -4533.57 -1.02135 29.9327 13.4355 -4551.09
(1,2,(3,(4,(5,6)))); -4532.93 -1.02135 30.2331 13.4028 -4550.78
(1,2,(3,(4,(5,6)))); -4536.88 -1.02135 26.1936 13.1583 -4550.93
(1,2,(3,((4,6),5))); -4535.05 -1.67767 29.655 13.9918 -4552.39
(1,2,(3,(4,(5,6)))); -4535.13 -1.02135 28.8536 14.0021 -4551
(1,(2,3),((4,6),5)); -4542.2 -1.89208 29.8721 13.2569 -4560.71
(1,2,(3,((4,6),5))); -4534.73 -1.67767 29.3313 13.62 -4552.12
(1,(2,3),((4,6),5)); -4540.89 -1.89208 31.2031 13.4481 -4560.54
(1,(2,3),(4,(5,6))); -4536.04 -1.23576 30.8185 13.4703 -4554.62
(1,2,(3,(4,(5,6)))); -4535.84 -1.02135 27.828 13.8765 -4550.81
(1,(2,3),(4,(5,6))); -4536.59 -1.23576 30.5523 13.7466 -4554.63
(1,(2,3),((4,6),5)); -4543.61 -1.89208 29.219 13.7085 -4561.01
(1,2,(3,(4,(5,6)))); -4536.32 -1.02135 28.2437 14.0894 -4551.5
(1,2,(3,(4,(5,6)))); -4539.16 -1.02135 23.8336 13.4763 -4550.54
(1,2,(3,(4,(5,6)))); -4534.57 -1.02135 29.1475 13.5926 -4551.14
(1,(2,3),((4,6),5)); -4541.97 -1.89208 30.2302 13.5203 -4560.57
(1,2,(3,((4,6),5))); -4534.73 -1.67767 29.0616 13.537 -4551.93
(1,2,(3,((4,6),5))); -4536.98 -1.67767 26.9197 13.3654 -4552.21
(1,(2,3),(4,(5,6))); -4535.34 -1.23576 32.4987 13.8757 -4555.2
(1,2,(3,(4,(5,6)))); -4534.17 -1.02135 29.5934 13.4715 -4551.31
(1,(2,3),(4,(5,6))); -4536.26 -1.23576 30.9677 13.5189 -4554.94
(1,2,(3,(4,(5,6)))); -4540.6 -1.02135 22.8681 13.2976 -4551.19
(1,2,(3,(4,(5,6)))); -4534.65 -1.02135 30.065 14.005 -4551.73
(1,(2,3),(4,(5,6))); -4537.64 -1.23576 30.2637 13.8971 -4555.24
(1,2,(3,(4,(5,6)))); -4536.1 -1.02135 27.4686 13.6343 -4550.95
(1,2,(3,((4,6),5))); -4537.76 -1.67767 26.2991 13.4138 -4552.33
(1,(2,3),((4,6),5)); -4542.57 -1.89208 30.1825 13.8458 -4560.79
(1,2,(3,((4,6),5))); -4532.06 -1.67767 31.7368 13.6892 -4551.78
(1,(2,3),(4,(5,6))); -4535.9 -1.23576 30.8812 13.5438 -4554.48
(1,(2,3),(4,(5,6))); -4536.38 -1.23576 31.1294 13.7572 -4554.99
(1,2,(3,((4,6),5))); -4531.96 -1.67767 32.2623 13.6004 -4552.3
(1,2,(3,(4,(5,6)))); -4534.36 -1.02135 29.703 13.8335 -4551.25
(1,(2,3),((4,6),5)); -4544.46 -1.89208 28.0457 13.7968 -4560.61
(1,2,(3,((4,6),5))); -4538.38 -1.67767 26.1006 13.8581 -4552.3
(1,(2,3),((4,6),5)); -4543.05 -1.89208 30.1217 14.1061 -4560.96
(1,2,(3,(4,(5,6)))); -4532.41 -1.02135 30.7316 13.4592 -4550.7
(1,2,(3,(4,(5,6)))); -4534.28 -1.02135 29.6974 13.3041 -4551.7
(1,2,(3,(4,(5,6)))); -4532.6 -1.02135 30.1769 13.1642 -4550.64
(1,2,(3,((4,6),5))); -4535.04 -1.67767 28.7678 13.5026 -4551.98
(1,2,(3,((4,6),5))); -4535.25 -1.67767 27.8995 13.0599 -4551.77
(1,2,(3,(4,(5,6)))); -4537.58 -1.02135 26.2294 13.5916 -4551.24
(1,(2,3),(4,(5,6))); -4539.2 -1.23576 28.5041 14.0516 -4554.89
(1,(2,3),(4,(5,6))); -4537.78 -1.23576 29.5654 13.7889 -4554.79
(1,(2,3),(4,(5,6))); -4537.23 -1.23576 29.9767 13.3723 -4555.07
(1,(2,3),(4,(5,6))); -4536.2 -1.23576 30.6681 13.579 -4554.53
(1,(2,3),(4,(5,6))); -4536.25 -1.23576 31.2062 13.5139 -4555.17
(1,2,(3,(4,(5,6)))); -4533.26 -1.02135 29.3144 13.0692 -4550.53
(1,(2,3),((4,6),5)); -4542 -1.89208 30.2307 13.1126 -4561.01
(1,(2,3),(4,(5,6))); -4538.03 -1.23576 29.503 13.8587 -4554.91
(1,2,(3,(4,(5,6)))); -4536.28 -1.02135 25.7165 12.7435 -4550.27
(1,(2,3),((4,6),5)); -4543.19 -1.89208 28.6412 13.5177 -4560.2
(1,(2,3),(4,(5,6))); -4536.39 -1.23576 30.4848 13.6685 -4554.44
(1,(2,((4,6),5)),3); -4545.88 -5.58491 23.5049 13.1673 -4561.8
(1,2,(3,(4,(5,6)))); -4535.38 -1.02135 28.1209 13.6649 -4550.86
(1,2,(3,(4,(5,6)))); -4533.4 -1.02135 29.7245 13.253 -4550.9
(1,(2,3),(4,(5,6))); -4537.64 -1.23576 29.6415 13.4261 -4555.09
(1,2,(3,(4,(5,6)))); -4533.33 -1.02135 30.538 13.6761 -4551.21
(1,2,(3,(4,(5,6)))); -4534.37 -1.02135 28.6352 13.3292 -4550.69
(1,(2,3),(4,(5,6))); -4539.39 -1.23576 27.9681 13.715 -4554.88
(1,2,(3,(4,(5,6)))); -4532.63 -1.02135 31.2942 13.56 -4551.39
(1,(2,3),((4,6),5)); -4540.88 -1.89208 31.4306 13.2557 -4560.95
(1,(2,3),(4,(5,6))); -4538.96 -1.23576 28.0983 13.5159 -4554.78
(1,(2,3),(4,(5,6))); -4536.65 -1.23576 30.6282 13.6756 -4554.84
(1,2,(3,(4,(5,6)))); -4536.32 -1.02135 26.8744 13.2171 -4551
(1,2,(3,((4,6),5))); -4534.8 -1.67767 29.6564 13.9565 -4552.18
(1,2,(3,((4,6),5))); -4537.18 -1.67767 27.0837 13.6539 -4552.29
(1,2,(3,((4,6),5))); -4534.22 -1.67767 29.5349 13.6546 -4551.78
(1,2,(3,(4,(5,6)))); -4536.34 -1.02135 26.8302 13.0307 -4551.16
(1,2,(3,(4,(5,6)))); -4537.33 -1.02135 26.6002 13.629 -4551.33
(1,2,(3,(4,(5,6)))); -4536.51 -1.02135 26.7832 13.3184 -4551
(1,(2,3),(4,(5,6))); -4542.01 -1.23576 25.0749 13.5118 -4554.81
(1,(2,3),(4,(5,6))); -4537.66 -1.23576 28.9813 13.1814 -4554.69
(1,2,(3,(4,(5,6)))); -4532.78 -1.02135 31.3993 13.9037 -4551.3
(1,(2,3),(4,(5,6))); -4535.64 -1.23576 31.2458 13.6065 -4554.51
(1,(2,3),(4,(5,6))); -4539.32 -1.23576 27.5505 13.1262 -4554.98
(1,2,(3,(4,(5,6)))); -4533.76 -1.02135 29.5754 13.5731 -4550.78
(1,(2,3),(4,(5,6))); -4538.8 -1.23576 28.2547 13.5168 -4554.77
(1,(2,3),(4,(5,6))); -4541.09 -1.23576 25.5981 13.5997 -4554.32
(1,2,(3,(4,(5,6)))); -4534.82 -1.02135 28.6172 13.6249 -4550.83
(1,(2,3),(4,(5,6))); -4540.53 -1.23576 26.8484 13.7284 -4554.89
(1,2,(3,(4,(5,6)))); -4532.07 -1.02135 31.7371 13.486 -4551.34
(1,(2,3),(4,(5,6))); -4536.9 -1.23576 29.8799 13.2492 -4554.77
(1,2,(3,(4,(5,6)))); -4533.94 -1.02135 29.5884 13.2138 -4551.33
(1,2,(3,(4,(5,6)))); -4532.59 -1.02135 30.5706 13.4421 -4550.74
(1,(2,3),(4,(5,6))); -4538.99 -1.23576 28.4035 13.7031 -4554.92
(1,(2,3),((4,6),5)); -4542.65 -1.89208 28.4858 13.0571 -4559.97
(1,(2,3),(4,(5,6))); -4539.5 -1.23576 26.9064 13.2562 -4554.39
(1,2,(3,(4,(5,6)))); -4532.69 -1.02135 31.6102 13.7433 -4551.58
(1,(2,3),((4,6),5)); -4544.3 -1.89208 28.0458 13.4595 -4560.78
(1,2,(3,(4,(5,6)))); -4531.25 -1.02135 32.37 13.6895 -4550.95
(1,2,(3,((4,6),5))); -4532.86 -1.67767 31.1604 13.5355 -4552.16
(1,2,(3,(4,(5,6)))); -4534.19 -1.02135 29.6562 13.8406 -4551.03
(1,(2,3),((4,6),5)); -4543.12 -1.89208 29.5669 13.7603 -4560.82
(1,2,(3,((4,6),5))); -4535.96 -1.67767 27.7353 13.2525 -4552.13
(1,2,(3,(4,(5,6)))); -4532.49 -1.02135 31.6656 13.8221 -4551.36
(1,(2,3),(4,(5,6))); -4538.16 -1.23576 29.5381 14.1711 -4554.76
(1,(2,3),((4,6),5)); -4545.56 -1.89208 26.2264 13.4217 -4560.26
(1,(2,3),((4,6),5)); -4541.4 -1.89208 31.0326 13.6135 -4560.71
(1,(2,3),((4,6),5)); -4541.54 -1.89208 31.1785 13.745 -4560.86
(1,(2,3),(4,(5,6))); -4536.67 -1.23576 30.7511 13.8077 -4554.85
(1,2,(3,(4,(5,6)))); -4534.1 -1.02135 30.165 13.9467 -4551.34
(1,(2,3),((4,6),5)); -4543.26 -1.89208 29.1176 13.7332 -4560.53
(1,(2,3),(4,(5,6))); -4537.44 -1.23576 30.5851 14.0908 -4555.17
(1,2,(3,(4,(5,6)))); -4531.46 -1.02135 31.6123 13.3527 -4550.74
(1,2,(3,((4,6),5))); -4532.2 -1.67767 31.932 13.7221 -4552.09
(1,2,(3,((4,6),5))); -4530.8 -1.67767 32.912 13.5702 -4551.82
(1,2,(3,(4,(5,6)))); -4534.88 -1.02135 29.4139 13.6006 -4551.71
(1,(2,(4,(5,6))),3); -4545.49 -4.9286 21.1678 13.4401 -4558.14
(1,(2,3),((4,6),5)); -4543.13 -1.89208 29.018 13.5 -4560.54
(1,2,(3,(4,(5,6)))); -4534.67 -1.02135 28.2956 13.0856 -4550.91
(1,(2,3),((4,6),5)); -4543.17 -1.89208 28.0823 13.0297 -4560.12
(1,2,(3,(4,(5,6)))); -4533.54 -1.02135 30.3681 13.7618 -4551.17
(1,(2,3),((4,6),5)); -4541.15 -1.89208 31.5094 13.5814 -4560.97
(1,2,(3,(4,(5,6)))); -4535.44 -1.02135 28.2755 13.5664 -4551.18
(1,2,(3,(4,(5,6)))); -4534.88 -1.02135 28.298 13.0438 -4551.16
(1,2,(3,((4,6),5))); -4533.74 -1.67767 29.5378 13.2934 -4551.66
(1,(2,3),(4,(5,6))); -4537.08 -1.23576 29.7268 13.5229 -4554.52
(1,(2,3),((4,6),5)); -4542.49 -1.89208 30.0318 13.7278 -4560.69
(1,2,(3,(4,(5,6)))); -4533.03 -1.02135 29.8825 13.3801 -4550.56
(1,(2,3),(4,(5,6))); -4538.67 -1.23576 28.3055 13.2716 -4554.94
(1,(2,3),((4,6),5)); -4547.16 -1.89208 23.8481 13.3319 -4559.57
(1,2,(3,(4,(5,6)))); -4531.24 -1.02135 31.9016 13.3606 -4550.8
(1,(2,3),((4,6),5)); -4542.83 -1.89208 28.7465 13.1453 -4560.33
(1,2,(3,(4,(5,6)))); -4537.16 -1.02135 27.0345 13.7157 -4551.5
(1,2,(3,(4,(5,6)))); -4533.38 -1.02135 29.8851 13.3705 -4550.91
(1,2,(3,(4,(5,6)))); -4535.31 -1.02135 28.4134 13.8665 -4550.88
(1,(2,3),(4,(5,6))); -4539.76 -1.23576 27.2123 13.3953 -4554.81
(1,2,(3,(4,(5,6)))); -4531.62 -1.02135 32.2366 13.631 -4551.25
(1,2,(3,((4,6),5))); -4533.62 -1.67767 29.6329 13.5014 -4551.43
(1,(2,3),(4,(5,6))); -4540.97 -1.23576 26.1838 13.4795 -4554.91
(1,(2,3),((4,6),5)); -4540.98 -1.89208 30.3753 13.1767 -4560.08
(1,(2,3),(4,(5,6))); -4538.83 -1.23576 28.8215 13.947 -4554.94
(1,2,(3,(4,(5,6)))); -4534.22 -1.02135 29.3847 13.5966 -4551.03
(1,(2,3),(4,(5,6))); -4536.43 -1.23576 30.8723 13.7087 -4554.83
(1,2,(3,(4,(5,6)))); -4539.32 -1.02135 23.9294 13.1985 -4551.07
(1,(2,3),((4,6),5)); -4543.04 -1.89208 28.7669 13.7063 -4559.99
(1,(2,3),((4,6),5)); -4541.27 -1.89208 31.0411 13.2706 -4560.93
(1,(2,3),((4,6),5)); -4541.44 -1.89208 31.1255 13.6117 -4560.85
(1,(2,3),(4,(5,6))); -4539.33 -1.23576 27.4118 13.3167 -4554.66
(1,(2,3),((4,6),5)); -4545.15 -1.89208 26.8512 13.523 -4560.37
(1,(2,3),((4,6),5)); -4543.51 -1.89208 28.8383 13.7033 -4560.54
(1,2,(3,(4,(5,6)))); -4537.2 -1.02135 26.5002 13.8546 -4550.87
(1,(2,3),((4,6),5)); -4541.1 -1.89208 31.1718 13.4441 -4560.72
(1,(2,3),(4,(5,6))); -4535.11 -1.23576 32.4197 13.7832 -4554.99
(1,(2,3),(4,(5,6))); -4538.27 -1.23576 28.1296 13.1614 -4554.47
(1,(2,3),(4,(5,6))); -4540.62 -1.23576 27.3188 13.6819 -4555.5
(1,2,(3,((4,6),5))); -4535.91 -1.67767 28.4471 13.7144 -4552.32
(1,2,(3,((4,6),5))); -4534.84 -1.67767 29.2234 13.6978 -4552.04
(1,2,(3,(4,(5,6)))); -4533.31 -1.02135 30.2353 13.5681 -4551
(1,(2,3),(4,(5,6))); -4539.61 -1.23576 26.7774 13.3035 -4554.32
(1,(2,3),((4,6),5)); -4542.26 -1.89208 30.4423 13.8348 -4560.76
(1,(2,3),((4,6),5)); -4543.87 -1.89208 29.4018 13.9064 -4561.25
(1,2,(3,(4,(5,6)))); -4534.94 -1.02135 29.2373 13.7914 -4551.41
(1,2,(3,(4,(5,6)))); -4532.31 -1.02135 31.1386 13.4159 -4551.06
(1,(2,3),(4,(5,6))); -4537.99 -1.23576 28.9073 13.6163 -4554.52
(1,2,(3,((4,6),5))); -4535.82 -1.67767 28.1444 13.6602 -4551.99
(1,2,(3,(4,(5,6)))); -4534.42 -1.02135 29.6738 13.5396 -4551.57
(1,2,(3,(4,(5,6)))); -4535.14 -1.02135 28.3009 13.5024 -4550.96
(1,2,(3,(4,(5,6)))); -4533.29 -1.02135 29.6669 13.2742 -4550.71
(1,(2,3),(4,(5,6))); -4538.92 -1.23576 29.0183 13.8234 -4555.35
(1,(2,3),(4,(5,6))); -4535.49 -1.23576 31.7145 13.5485 -4554.89
(1,(2,3),(4,(5,6))); -4539.61 -1.23576 26.6541 13.1455 -4554.35
(1,2,(3,((4,6),5))); -4534.49 -1.67767 28.9998 13.2461 -4551.92
(1,2,(3,(4,(5,6)))); -4531.77 -1.02135 31.3586 13.5428 -4550.6
(1,2,(3,(4,(5,6)))); -4533.74 -1.02135 30.1993 13.7183 -4551.24
(1,2,(3,(4,(5,6)))); -4536.72 -1.02135 27.2386 13.7228 -4551.26
(1,(2,3),(4,(5,6))); -4537.34 -1.23576 29.8438 13.9211 -4554.5
(1,(2,3),(4,(5,6))); -4536.53 -1.23576 30.6221 13.3408 -4555.05
(1,2,(3,(4,(5,6)))); -4537.27 -1.02135 25.9357 13.0544 -4551.18
(1,(2,3),(4,(5,6))); -4536.55 -1.23576 29.8538 12.9526 -4554.68
(1,2,(3,(4,(5,6)))); -4534.66 -1.02135 28.9108 13.7447 -4550.85
(1,(2,3),(4,(5,6))); -4536.36 -1.23576 30.2225 13.5023 -4554.32
(1,(2,3),(4,(5,6))); -4536.72 -1.23576 31.1159 13.9905 -4555.08
(1,(2,3),(4,(5,6))); -4537.92 -1.23576 28.7092 13.2941 -4554.58
(1,2,(3,(4,(5,6)))); -4533.1 -1.02135 30.4263 13.4118 -4551.14
(1,(2,3),(4,(5,6))); -4537.12 -1.23576 30.7719 13.7989 -4555.33
(1,2,(3,(4,(5,6)))); -4536.29 -1.02135 27.1847 13.3093 -4551.19
(1,2,(3,((4,6),5))); -4534.47 -1.67767 29.4064 13.3704 -4552.18
(1,2,(3,(4,(5,6)))); -4533.37 -1.02135 30.1412 13.6534 -4550.87
(1,2,(3,(4,(5,6)))); -4534.33 -1.02135 29.3519 13.442 -4551.26
(1,(2,3),((4,6),5)); -4542.38 -1.89208 29.6787 13.4099 -4560.54
(1,2,(3,(4,(5,6)))); -4535.38 -1.02135 28.8328 13.7728 -4551.46
(1,(2,3),(4,(5,6))); -4535.16 -1.23576 32.1448 13.6689 -4554.87
(1,2,(3,(4,(5,6)))); -4531.15 -1.02135 32.5564 13.43 -4551.3
(1,2,(3,(4,(5,6)))); -4534.83 -1.02135 28.3237 13.3904 -4550.78
(1,2,(3,(4,(5,6)))); -4534.55 -1.02135 28.5257 13.0697 -4551.02
(1,(2,3),(4,(5,6))); -4535.74 -1.23576 31.2917 13.3072 -4554.96
(1,2,(3,(4,(5,6)))); -4536.36 -1.02135 28.3958 14.2742 -4551.5
(1,(2,3),((4,6),5)); -4541.93 -1.89208 30.7928 13.8848 -4560.73
(1,2,(3,((4,6),5))); -4536.06 -1.67767 28.2301 14.039 -4551.92
(1,(2,3),(4,(5,6))); -4538.89 -1.23576 28.7279 13.8215 -4555.03
(1,2,(3,((4,6),5))); -4532.15 -1.67767 31.6578 13.7025 -4551.78
(1,(2,3),(4,(5,6))); -4536.71 -1.23576 29.8083 13.2692 -4554.48
(1,(2,3),(4,(5,6))); -4535.6 -1.23576 31.9679 13.5553 -4555.25
(1,(2,3),((4,6),5)); -4542.75 -1.89208 30.3333 14.0609 -4560.91
(1,(2,3),(4,(5,6))); -4538.08 -1.23576 28.447 13.4598 -4554.31
(1,(2,3),((4,6),5)); -4541.73 -1.89208 30.9435 13.6456 -4560.92
(1,(2,3),((4,6),5)); -4542.77 -1.89208 30.385 13.6974 -4561.35
(1,2,(3,(4,(5,6)))); -4539.19 -1.02135 25.0217 13.7327 -4551.5
(1,(2,3),((4,6),5)); -4545.89 -1.89208 26.0633 13.168 -4560.68
(1,(2,3),(4,(5,6))); -4538.8 -1.23576 28.4702 13.8296 -4554.68
(1,(2,3),(4,(5,6))); -4540.05 -1.23576 27.1442 13.3336 -4555.1
(1,(2,3),(4,(5,6))); -4538.78 -1.23576 27.8902 13.2748 -4554.64
(1,2,(3,(4,(5,6)))); -4532.52 -1.02135 30.9338 13.4146 -4551.06
(1,2,(3,(4,(5,6)))); -4534.2 -1.02135 29.9639 13.7917 -4551.39
(1,(2,3),(4,(5,6))); -4538.98 -1.23576 28.7864 14.0265 -4554.98
(1,(2,3),(4,(5,6))); -4538.56 -1.23576 28.3874 13.3536 -4554.83
(1,(2,3),((4,6),5)); -4542.63 -1.89208 29.1011 13.1298 -4560.49
(1,(2,3),(4,(5,6))); -4538.41 -1.23576 28.7111 13.392 -4554.96
(1,2,(3,(4,(5,6)))); -4532.77 -1.02135 30.8777 13.5647 -4551.1
(1,(2,3),(4,(5,6))); -4541.44 -1.23576 25.578 13.2405 -4555.02
(1,(2,3),(4,(5,6))); -4539.76 -1.23576 27.0914 13.4825 -4554.6
(1,2,(3,(4,(5,6)))); -4534.02 -1.02135 29.3603 13.6251 -4550.78
(1,(2,3),(4,(5,6))); -4536.77 -1.23576 30.661 13.6128 -4555.06
(1,2,(3,((4,6),5))); -4533.22 -1.67767 31.3462 13.9519 -4552.29
(1,2,(3,((4,6),5))); -4533.37 -1.67767 29.9874 13.4787 -4551.56
(1,(2,3),((4,6),5)); -4542.37 -1.89208 29.664 13.1394 -4560.78
(1,(2,3),(4,(5,6))); -4535.15 -1.23576 31.5336 13.427 -4554.49
(1,(2,3),((4,6),5)); -4539.8 -1.89208 32.5184 13.4858 -4560.72
(1,(2,3),(4,(5,6))); -4540.32 -1.23576 26.1729 13.3711 -4554.36
(1,(2,3),(4,(5,6))); -4536.78 -1.23576 30.3412 13.6573 -4554.7
(1,(2,3),(4,(5,6))); -4537.48 -1.23576 30.1017 13.5936 -4555.22
(1,2,(3,((4,6),5))); -4533.88 -1.67767 29.1443 13.29 -4551.41
(1,(2,(4,(5,6))),3); -4539.95 -4.9286 27.8678 13.9177 -4558.83
(1,(2,3),(4,(5,6))); -4539.37 -1.23576 27.8173 13.329 -4555.09
(1,2,(3,(4,(5,6)))); -4532.14 -1.02135 31.8114 13.7936 -4551.18
(1,2,(3,(4,(5,6)))); -4537.92 -1.02135 25.2244 13.2579 -4550.91
(1,2,(3,(4,(5,6)))); -4531.64 -1.02135 31.779 13.5097 -4550.93
(1,(2,3),(4,(5,6))); -4539.78 -1.23576 27.6677 13.9364 -4554.74
(1,(2,3),(4,(5,6))); -4537.96 -1.23576 29.3236 13.7329 -4554.78
(1,2,(3,(4,(5,6)))); -4533.78 -1.02135 29.6819 13.6742 -4550.81
(1,2,(3,(4,(5,6)))); -4539.09 -1.02135 23.6208 12.9183 -4550.82
(1,2,(3,(4,(5,6)))); -4532.62 -1.02135 31.0035 13.5201 -4551.13
(1,2,(3,((4,6),5))); -4531.24 -1.67767 32.7672 13.8312 -4551.86
(1,(2,(4,(5,6))),3); -4537.02 -4.9286 30.4981 13.7281 -4558.72
(1,2,(3,(4,(5,6)))); -4532.82 -1.02135 30.6827 13.5832 -4550.94
(1,2,(3,(4,(5,6)))); -4536.61 -1.02135 26.829 13.4828 -4550.98
(1,2,(3,((4,6),5))); -4532.03 -1.67767 31.7491 13.7375 -4551.72
(1,2,(3,(4,(5,6)))); -4531.61 -1.02135 32.1197 13.5235 -4551.22
(1,2,(3,(4,(5,6)))); -4532.31 -1.02135 31.1607 13.2812 -4551.21
(1,(2,3),((4,6),5)); -4542.51 -1.89208 29.5785 13.7919 -4560.19
(1,2,(3,(4,(5,6)))); -4531.99 -1.02135 31.3999 13.5621 -4550.85
(1,2,(3,((4,6),5))); -4532.42 -1.67767 31.6229 13.8215 -4551.9
(1,(2,3),(4,(5,6))); -4536.99 -1.23576 30.0807 13.5999 -4554.71
(1,2,(3,(4,(5,6)))); -4533.81 -1.02135 30.2739 14.0227 -4551.08
(1,2,(3,(4,(5,6)))); -4535.16 -1.02135 28.5351 13.4801 -4551.23
(1,2,(3,(4,(5,6)))); -4535.16 -1.02135 28.7813 13.882 -4551.08
(1,(2,3),((4,6),5)); -4542.15 -1.89208 30.5857 13.3632 -4561.26
(1,2,(3,((4,6),5))); -4533.83 -1.67767 29.8743 13.2952 -4552.09
(1,2,(3,((4,6),5))); -4534.01 -1.67767 29.9736 13.7386 -4551.92
(1,2,(3,(4,(5,6)))); -4537.45 -1.02135 26.0993 13.5579 -4551.02
(1,(2,3),(4,(5,6))); -4537.16 -1.23576 30.3005 13.6835 -4555.01
(1,(2,3),(4,(5,6))); -4535.3 -1.23576 31.9555 13.4125 -4555.08
(1,(2,3),(4,(5,6))); -4545.85 -1.23576 20.8319 13.5018 -4554.42
(1,2,(3,(4,(5,6)))); -4538.46 -1.02135 25.6689 13.9499 -4551.2
(1,2,(3,(4,(5,6)))); -4531.78 -1.02135 32.1301 13.5275 -4551.4
(1,2,(3,((4,6),5))); -4532.57 -1.67767 31.4374 13.895 -4551.79
(1,2,(3,(4,(5,6)))); -4531.55 -1.02135 32.49 13.7497 -4551.32
(1,2,(3,(4,(5,6)))); -4535.86 -1.02135 27.6102 13.6654 -4550.83
(1,2,(3,((4,6),5))); -4537.37 -1.67767 26.7443 13.6169 -4552.17
(1,2,(3,(4,(5,6)))); -4536.82 -1.02135 26.9955 13.688 -4551.15
(1,(2,3),((4,6),5)); -4541.14 -1.89208 30.6908 13.499 -4560.23
(1,2,(3,((4,6),5))); -4535.2 -1.67767 29.351 13.9552 -4552.27
(1,2,(3,((4,6),5))); -4532.94 -1.67767 31.0443 13.5596 -4552.1
(1,2,(3,((4,6),5))); -4544.76 -1.67767 18.784 13.737 -4551.49
(1,(2,3),(4,(5,6))); -4543.56 -1.23576 22.5299 12.9624 -4554.36
(1,2,(3,(4,(5,6)))); -4535.4 -1.02135 27.9411 13.2509 -4551.11
(1,2,(3,((4,6),5))); -4532.87 -1.67767 31.0743 13.5361 -4552.08
(1,(2,3),((4,6),5)); -4541.91 -1.89208 30.3135 13.708 -4560.41
(1,(2,3),(4,(5,6))); -4538.91 -1.23576 28.263 13.4185 -4554.99
(1,2,(3,(4,(5,6)))); -4533.7 -1.02135 30.3534 14.0499 -4551.03
(1,2,(3,(4,(5,6)))); -4532.55 -1.02135 31.4446 13.9746 -4551.05
(1,2,(3,((4,6),5))); -4535.8 -1.67767 28.3112 13.8327 -4551.95
(1,2,(3,(4,(5,6)))); -4537.01 -1.02135 26.363 13.2804 -4551.12
(1,2,(3,((4,6),5))); -4539.67 -1.67767 24.6094 14.1162 -4551.84
(1,(2,3),(4,(5,6))); -4539.52 -1.23576 26.6145 13.0006 -4554.37
(1,(2,3),(4,(5,6))); -4537.93 -1.23576 28.8492 13.4842 -4554.53
(1,(2,3),((4,6),5)); -4541.87 -1.89208 30.1875 13.0648 -4560.89
(1,(2,3),((4,6),5)); -4539.58 -1.89208 32.2323 13.4468 -4560.26
(1,(2,3),((4,6),5)); -4542.77 -1.89208 28.8201 13.362 -4560.12
(1,(2,3),(4,(5,6))); -4538.02 -1.23576 29.6684 13.88 -4555.04
(1,(2,3),(4,(5,6))); -4537.99 -1.23576 28.6601 13.3921 -4554.5
(1,2,(3,((4,6),5))); -4533.53 -1.67767 30.5462 13.7668 -4551.99
(1,2,(3,((4,6),5))); -4535.92 -1.67767 28.9096 14.0648 -4552.44
(1,2,(3,(4,(5,6)))); -4533.23 -1.02135 29.6724 13.2371 -4550.68
(1,(2,3),(4,(5,6))); -4540.27 -1.23576 25.9815 13.2769 -4554.21
(1,2,(3,(4,(5,6)))); -4532.94 -1.02135 29.9746 13.2893 -4550.65
(1,2,(3,(4,(5,6)))); -4533.78 -1.02135 29.6515 13.3317 -4551.12
(1,(2,3),(4,(5,6))); -4542.64 -1.23576 24.9029 14.069 -4554.71
(1,(2,3),((4,6),5)); -4544.54 -1.89208 27.9892 13.8233 -4560.59
(1,2,(3,(4,(5,6)))); -4532.78 -1.02135 30.7819 13.611 -4550.97
(1,(2,3),(4,(5,6))); -4535.2 -1.23576 32.2359 13.8452 -4554.83
(1,2,(3,(4,(5,6)))); -4534.86 -1.02135 28.9497 13.5753 -4551.25
(1,2,(3,(4,(5,6)))); -4533.26 -1.02135 30.2505 13.4687 -4551.06
(1,(2,3),((4,6),5)); -4543.66 -1.89208 29.0199 13.8415 -4560.73
(1,(2,3),((4,6),5)); -4541.75 -1.89208 31.0612 13.578 -4561.12
(1,2,(3,(4,(5,6)))); -4534.78 -1.02135 28.7317 13.4646 -4551.06
(1,(2,3),(4,(5,6))); -4536.37 -1.23576 31.2466 13.8827 -4554.97
(1,(2,3),(4,(5,6))); -4539.52 -1.23576 27.1702 13.3572 -4554.57
(1,2,(3,(4,(5,6)))); -4534.16 -1.02135 29.6317 13.3763 -4551.44
(1,2,(3,(4,(5,6)))); -4535.42 -1.02135 28.9019 14.0959 -4551.25
(1,(2,3),(4,(5,6))); -4540.33 -1.23576 26.7622 13.8431 -4554.48
(1,(2,3),(4,(5,6))); -4535.08 -1.23576 31.9339 13.392 -4554.86
(1,2,(3,((4,6),5))); -4534.82 -1.67767 28.4754 13.4063 -4551.57
(1,2,(3,((4,6),5))); -4533.31 -1.67767 31.1761 13.7856 -4552.38
(1,(2,3),(4,(5,6))); -4535.34 -1.23576 31.7861 13.4372 -4554.92
(1,(2,3),((4,6),5)); -4543.65 -1.89208 28.9111 13.307 -4561.15
(1,2,(3,(4,(5,6)))); -4535.97 -1.02135 27.0648 13.1457 -4550.91
(1,2,(3,(4,(5,6)))); -4535.41 -1.02135 27.3156 13.0753 -4550.67
(1,(2,3),((4,6),5)); -4540.3 -1.89208 31.8705 13.4856 -4560.58
(1,2,(3,(4,(5,6)))); -4533.26 -1.02135 30.3349 13.4279 -4551.19
(1,2,(3,(4,(5,6)))); -4534.04 -1.02135 29.8265 13.7322 -4551.16
(1,(2,3),(4,(5,6))); -4535.36 -1.23576 31.901 13.6621 -4554.84
(1,(2,3),(4,(5,6))); -4536.57 -1.23576 30.0828 13.2113 -4554.68
(1,2,(3,((4,6),5))); -4533.7 -1.67767 30.5557 13.7029 -4552.23
(1,2,(3,(4,(5,6)))); -4534.8 -1.02135 29.8448 14.1289 -4551.54
(1,2,(3,(4,(5,6)))); -4533.36 -1.02135 29.9775 13.5043 -4550.85
(1,2,(3,(4,(5,6)))); -4534.27 -1.02135 30.221 13.8893 -4551.62
(1,2,(3,(4,(5,6)))); -4531.42 -1.02135 31.8344 13.4064 -4550.87
(1,(2,3),(4,(5,6))); -4540.21 -1.23576 26.9863 13.4312 -4555
(1,2,(3,(4,(5,6)))); -4532.35 -1.02135 31.4758 13.5453 -4551.31
(1,2,(3,((4,6),5))); -4535.76 -1.67767 27.7931 13.1078 -4552.12
(1,2,(3,((4,6),5))); -4532.08 -1.67767 31.4108 13.5169 -4551.65
(1,(2,3),(4,(5,6))); -4537.96 -1.23576 29.5472 13.4498 -4555.29
(1,(2,3),(4,(5,6))); -4545.04 -1.23576 22.9026 14.2096 -4554.97
(1,2,(3,((4,6),5))); -4533.69 -1.67767 30.7723 13.7217 -4552.42
(1,2,(3,((4,6),5))); -4536.84 -1.67767 26.2655 13.15 -4551.63
(1,(2,3),(4,(5,6))); -4536.29 -1.23576 30.8833 13.4049 -4555
(1,2,(3,(4,(5,6)))); -4534.34 -1.02135 29.7669 13.7444 -4551.38
(1,2,(3,((4,6),5))); -4533.22 -1.67767 30.3716 13.4825 -4551.79
(1,(2,3),(4,(5,6))); -4538.52 -1.23576 27.4984 13.1571 -4554.1
(1,(2,(4,(5,6))),3); -4537 -4.9286 29.8137 13.0707 -4558.67
(1,(2,3),(4,(5,6))); -4540.56 -1.23576 27.3228 14.0158 -4555.11
(1,(2,3),(4,(5,6))); -4535.81 -1.23576 30.7585 13.3726 -4554.43
(1,2,(3,(4,(5,6)))); -4533.78 -1.02135 29.2209 13.2728 -4550.75
(1,(2,3),(4,(5,6))); -4536.27 -1.23576 30.9031 13.5611 -4554.85
(1,(2,3),((4,6),5)); -4541.93 -1.89208 30.825 13.856 -4560.79
(1,2,(3,((4,6),5))); -4531.46 -1.67767 32.5493 13.6639 -4552.02
(1,(2,3),(4,(5,6))); -4538.7 -1.23576 27.8258 13.4465 -4554.31
(1,2,(3,((4,6),5))); -4531.66 -1.67767 32.0195 13.4594 -4551.9
(1,(2,3),(4,(5,6))); -4537.04 -1.23576 30.0162 13.4355 -4554.86
(1,2,(3,(4,(5,6)))); -4545.63 -1.02135 18.9446 13.6877 -4551.91
(1,2,(3,((4,6),5))); -4535.39 -1.67767 28.9145 13.5364 -4552.45
(1,(2,3),((4,6),5)); -4542.91 -1.89208 29.1839 13.2635 -4560.72
(1,(2,3),((4,6),5)); -4541.85 -1.89208 29.7795 13.4008 -4560.12
(1,2,(3,(4,(5,6)))); -4535.85 -1.02135 27.7303 13.8158 -4550.79
(1,2,(3,(4,(5,6)))); -4533.29 -1.02135 29.5999 13.2266 -4550.68
(1,(2,3),(4,(5,6))); -4539.06 -1.23576 27.9284 13.2225 -4555
(1,2,(3,(4,(5,6)))); -4534.91 -1.02135 29.5214 13.8075 -4551.64
(1,2,(3,(4,(5,6)))); -4535.18 -1.02135 28.3964 13.5242 -4551.07
(1,2,(3,(4,(5,6)))); -4539.3 -1.02135 25.2064 14.0872 -4551.44
(1,2,(3,(4,(5,6)))); -4535.57 -1.02135 27.1733 12.9339 -4550.83
(1,2,(3,(4,(5,6)))); -4536.2 -1.02135 27.3534 13.4417 -4551.13
(1,2,(3,(4,(5,6)))); -4534.34 -1.02135 29.0873 13.209 -4551.24
(1,(2,3),(4,(5,6))); -4538.45 -1.23576 29.0438 13.6336 -4555.09
(1,2,(3,(4,(5,6)))); -4536.89 -1.02135 26.998 13.7859 -4551.12
(1,2,(3,(4,(5,6)))); -4537.05 -1.02135 26.7412 13.5349 -4551.27
(1,(2,3),((4,6),5)); -4542.22 -1.89208 29.8605 13.1982 -4560.78
(1,2,(3,(4,(5,6)))); -4538.7 -1.02135 24.1455 12.9505 -4550.91
(1,(2,3),(4,(5,6))); -4535.08 -1.23576 32.0162 13.4458 -4554.88
(1,(2,3),((4,6),5)); -4542.54 -1.89208 29.5142 13.7853 -4560.16
(1,2,(3,(4,(5,6)))); -4534.7 -1.02135 28.6036 13.1221 -4551.2
(1,2,(3,(4,(5,6)))); -4537.02 -1.02135 26.8586 13.8875 -4551.02
(1,(2,3),(4,(5,6))); -4538.14 -1.23576 29.0886 13.6302 -4554.84
(1,(2,3),(4,(5,6))); -4536.06 -1.23576 31.1654 13.586 -4554.88
(1,2,(3,((4,6),5))); -4532.68 -1.67767 31.5057 13.9199 -4551.95
(1,2,(3,(4,(5,6)))); -4534.5 -1.02135 28.8419 13.4522 -4550.91
(1,2,(3,(4,(5,6)))); -4535.77 -1.02135 27.5556 13.746 -4550.6
(1,2,(3,((4,6),5))); -4534.35 -1.67767 29.6704 13.7868 -4551.91
(1,(2,(4,(5,6))),3); -4536.54 -4.9286 31.2525 13.56 -4559.16
(1,2,(3,((4,6),5))); -4535.33 -1.67767 28.9465 13.8734 -4552.08
(1,2,(3,(4,(5,6)))); -4533.88 -1.02135 30.1671 13.9368 -4551.13
(1,2,(3,(4,(5,6)))); -4536.85 -1.02135 27.4333 13.4832 -4551.82
(1,2,(3,(4,(5,6)))); -4535.01 -1.02135 29.2779 13.7829 -4551.53
(1,2,(3,((4,6),5))); -4533.25 -1.67767 30.872 13.6874 -4552.12
(1,(2,3),(4,(5,6))); -4538.01 -1.23576 28.4824 13.2405 -4554.48
(1,(2,3),((4,6),5)); -4540.68 -1.89208 32.2366 13.9234 -4560.89
(1,2,(3,(4,(5,6)))); -4530.93 -1.02135 32.9291 13.638 -4551.25
(1,2,(3,((4,6),5))); -4532.68 -1.67767 31.0273 13.7112 -4551.67
(1,(2,3),((4,6),5)); -4544.22 -1.89208 28.2372 13.8299 -4560.52
(1,2,(3,(4,(5,6)))); -4534.19 -1.02135 28.8622 13.2922 -4550.79
(1,2,(3,(4,(5,6)))); -4532.82 -1.02135 31.1107 13.7632 -4551.19
(1,(2,3),(4,(5,6))); -4536.82 -1.23576 30.8165 13.6396 -4555.23
(1,(2,3),((4,6),5)); -4541.12 -1.89208 30.1605 13.0427 -4560.13
(1,2,(3,(4,(5,6)))); -4536.3 -1.02135 26.6956 13.1499 -4550.87
(1,2,(3,((4,6),5))); -4532.6 -1.67767 31.5395 13.8063 -4552.02
(1,(2,3),((4,6),5)); -4543.93 -1.89208 28.7268 13.7894 -4560.76
(1,(2,3),((4,6),5)); -4541.25 -1.89208 31.6611 13.9712 -4560.83
(1,(2,3),((4,6),5)); -4541.43 -1.89208 30.8678 13.759 -4560.43
(1,2,(3,((4,6),5))); -4534.51 -1.67767 29.6677 13.7593 -4552.1
(1,2,(3,((4,6),5))); -4534.7 -1.67767 29.4686 14.1646 -4551.69
(1,(2,3),(4,(5,6))); -4537.16 -1.23576 29.9396 13.3356 -4555
(1,(2,3),((4,6),5)); -4544.03 -1.89208 27.7592 12.9867 -4560.69
(1,2,(3,((4,6),5))); -4535.49 -1.67767 27.928 13.1167 -4551.98
(1,2,(3,(4,(5,6)))); -4531.44 -1.02135 32.6002 13.811 -4551.25
(1,(2,3),(4,(5,6))); -4540.84 -1.23576 27.1553 14.1362 -4555.09
(1,(2,3),(4,(5,6))); -4546 -1.23576 21.1159 13.1831 -4555.17
(1,2,(3,((4,6),5))); -4538.05 -1.67767 25.983 13.2828 -4552.43
(1,2,(3,(4,(5,6)))); -4532.74 -1.02135 30.5527 13.185 -4551.13
(1,2,(3,(4,(5,6)))); -4535.12 -1.02135 28.9938 13.9969 -4551.13
(1,2,(3,(4,(5,6)))); -4535.92 -1.02135 28.1673 13.9745 -4551.13
(1,(2,3),(4,(5,6))); -4538.4 -1.23576 29.0034 13.6663 -4554.97
(1,2,(3,((4,6),5))); -4537.28 -1.67767 27.1511 13.773 -4552.33
(1,2,(3,(4,(5,6)))); -4531.98 -1.02135 31.0675 13.2861 -4550.79
(1,(2,3),(4,(5,6))); -4535.24 -1.23576 31.7678 13.487 -4554.75
(1,(2,3),(4,(5,6))); -4539.51 -1.23576 27.5886 13.3609 -4554.97
(1,(2,3),((4,6),5)); -4544.07 -1.89208 27.1983 12.8479 -4560.31
(1,(2,3),(4,(5,6))); -4539.16 -1.23576 27.1854 12.9856 -4554.59
(1,2,(3,(4,(5,6)))); -4542.03 -1.02135 20.9934 13.655 -4550.39
(1,(2,3),(4,(5,6))); -4534.84 -1.23576 32.2475 13.4477 -4554.88
(1,(2,3),(4,(5,6))); -4539.04 -1.23576 27.6002 13.6534 -4554.23
(1,2,(3,((4,6),5))); -4532.86 -1.67767 30.8763 13.5505 -4551.86
(1,2,(3,(4,(5,6)))); -4532.65 -1.02135 31.0965 13.6022 -4551.17
(1,2,(3,((4,6),5))); -4535.35 -1.67767 27.6054 13.2527 -4551.38
(1,(2,3),(4,(5,6))); -4545.29 -1.23576 20.4869 13.0805 -4553.93
(1,(2,3),(4,(5,6))); -4539.2 -1.23576 28.6571 14.1413 -4554.95
(1,(2,3),((4,6),5)); -4540.11 -1.89208 32.1382 13.4047 -4560.73
(1,(2,3),(4,(5,6))); -4537.03 -1.23576 30.0455 13.6142 -4554.7
(1,2,(3,((4,6),5))); -4533.04 -1.67767 29.8609 13.134 -4551.44
(1,2,(3,(4,(5,6)))); -4535.06 -1.02135 29.0412 13.7497 -4551.38
(1,2,(3,(4,(5,6)))); -4534.53 -1.02135 29.3439 13.478 -4551.42
(1,2,(3,(4,(5,6)))); -4532.27 -1.02135 31.4137 13.5345 -4551.17
(1,2,(3,(4,(5,6)))); -4533.56 -1.02135 30.5079 13.5966 -4551.49
(1,(2,3),((4,6),5)); -4541.2 -1.89208 31.3044 13.3259 -4561.07
(1,(2,3),(4,(5,6))); -4535.22 -1.23576 31.9618 13.4595 -4554.96
(1,(2,3),(4,(5,6))); -4537.05 -1.23576 30.0026 13.398 -4554.89
(1,(2,3),((4,6),5)); -4544.61 -1.89208 27.6005 13.7268 -4560.37
(1,2,(3,(4,(5,6)))); -4536.83 -1.02135 26.8774 13.3608 -4551.36
(1,(2,3),(4,(5,6))); -4540.57 -1.23576 27.5814 14.0489 -4555.33
(1,(2,3),(4,(5,6))); -4537.34 -1.23576 29.3958 13.4804 -4554.49
(1,2,(3,(4,(5,6)))); -4535.21 -1.02135 28.751 13.8292 -4551.15
(1,(2,3),(4,(5,6))); -4536.08 -1.23576 30.7137 13.5081 -4554.52
(1,(2,3),(4,(5,6))); -4537.23 -1.23576 29.8377 13.5454 -4554.76
(1,2,(3,(4,(5,6)))); -4535.29 -1.02135 28.4497 13.6641 -4551.09
(1,(2,3),(4,(5,6))); -4537.09 -1.23576 29.7601 13.7061 -4554.38
(1,2,(3,((4,6),5))); -4534.49 -1.67767 29.2841 13.3528 -4552.1
(1,(2,3),((4,6),5)); -4541.16 -1.89208 30.2402 13.3072 -4559.98
(1,2,(3,((4,6),5))); -4534.45 -1.67767 29.8676 13.8821 -4552.12
(1,2,(3,(4,(5,6)))); -4532.97 -1.02135 29.9723 13.2042 -4550.76
(1,(2,3),(4,(5,6))); -4536.14 -1.23576 31.5725 13.8329 -4555.11
(1,2,(3,(4,(5,6)))); -4534.71 -1.02135 28.9923 13.2992 -4551.43
(1,2,(3,((4,6),5))); -4535.94 -1.67767 26.9434 13.0957 -4551.47
(1,2,(3,((4,6),5))); -4533.34 -1.67767 31.0301 13.8366 -4552.21
(1,(2,3),((4,6),5)); -4543.01 -1.89208 28.876 13.1631 -4560.62
(1,(2,3),(4,(5,6))); -4538.74 -1.23576 28.0433 13.2054 -4554.82
(1,(2,3),(4,(5,6))); -4536.65 -1.23576 30.4154 13.2923 -4555.01
(1,2,(3,(4,(5,6)))); -4536.06 -1.02135 27.7845 13.5268 -4551.34
(1,2,(3,((4,6),5))); -4534.34 -1.67767 29.1869 13.4595 -4551.75
(1,2,(3,(4,(5,6)))); -4533.39 -1.02135 30.5003 13.7369 -4551.17
(1,(2,3),(4,(5,6))); -4536.71 -1.23576 30.4978 13.6534 -4554.79
(1,(2,3),(4,(5,6))); -4539.18 -1.23576 29.0045 13.9256 -4555.49
(1,2,(3,(4,(5,6)))); -4532.58 -1.02135 31.6549 14.0751 -4551.18
(1,2,(3,((4,6),5))); -4532.43 -1.67767 31.3777 13.6742 -4551.81
(1,(2,3),(4,(5,6))); -4538.29 -1.23576 28.7457 13.7882 -4554.48
(1,2,(3,(4,(5,6)))); -4534.65 -1.02135 28.8924 13.3562 -4551.21
(1,(2,3),(4,(5,6))); -4537.14 -1.23576 29.9066 13.5639 -4554.72
(1,2,(3,(4,(5,6)))); -4531.9 -1.02135 32.0026 13.6281 -4551.29
(1,2,(3,(4,(5,6)))); -4534.96 -1.02135 29.0606 13.7909 -4551.25
(1,(2,3),(4,(5,6))); -4538.97 -1.23576 27.4275 13.2351 -4554.39
(1,(2,3),(4,(5,6))); -4536.05 -1.23576 31.1101 13.6333 -4554.76
(1,(2,3),(4,(5,6))); -4544.92 -1.23576 22.0019 13.0789 -4555.08
(1,2,(3,((4,6),5))); -4533.68 -1.67767 29.7332 13.2208 -4551.87
(1,(2,3),(4,(5,6))); -4538.78 -1.23576 28.2687 13.4697 -4554.81
(1,(2,3),(4,(5,6))); -4540.03 -1.23576 27.5602 13.6175 -4555.21
(1,(2,3),(4,(5,6))); -4535.69 -1.23576 31.8381 13.9297 -4554.84
(1,2,(3,((4,6),5))); -4535.81 -1.67767 28.3527 13.8773 -4551.96
(1,2,(3,(4,(5,6)))); -4533.19 -1.02135 30.3806 13.6473 -4550.95
(1,(2,3),(4,(5,6))); -4542.04 -1.23576 25.2396 13.7355 -4554.78
(1,2,(3,(4,(5,6)))); -4535.87 -1.02135 28.7102 14.0131 -4551.58
(1,(2,3),(4,(5,6))); -4536.7 -1.23576 30.179 13.2805 -4554.83
(1,2,(3,(4,(5,6)))); -4533.89 -1.02135 29.8065 13.4602 -4551.26
(1,(2,3),((4,6),5)); -4542.31 -1.89208 29.4987 13.5419 -4560.16
(1,(2,3),((4,6),5)); -4542.1 -1.89208 30.907 13.7892 -4561.11
(1,(2,((4,6),5)),3); -4541.56 -5.58491 27.6285 13.1163 -4561.66
(1,2,(3,(4,(5,6)))); -4533.42 -1.02135 30.2284 13.612 -4551.06
(1,(2,3),(4,(5,6))); -4538.56 -1.23576 28.4638 13.3646 -4554.9
(1,(2,3),((4,6),5)); -4543.45 -1.89208 28.8392 13.5059 -4560.67
(1,2,(3,((4,6),5))); -4532.05 -1.67767 32.1587 13.7489 -4552.14
(1,2,(3,(4,(5,6)))); -4535.11 -1.02135 29.0553 13.7375 -4551.45
(1,2,(3,((4,6),5))); -4534.76 -1.67767 28.5253 13.5103 -4551.45
(1,2,(3,((4,6),5))); -4533.56 -1.67767 30.5449 13.4801 -4552.3
(1,2,(3,(4,(5,6)))); -4532.25 -1.02135 31.6879 13.7211 -4551.23
(1,2,(3,((4,6),5))); -4531.61 -1.67767 31.7429 13.4263 -4551.6
(1,(2,3),((4,6),5)); -4544.81 -1.89208 27.5365 12.9996 -4561.24
(1,(2,3),(4,(5,6))); -4537.16 -1.23576 30.0511 13.8309 -4554.61
(1,2,(3,((4,6),5))); -4533.19 -1.67767 30.5551 13.4593 -4551.96
(1,(2,3),(4,(5,6))); -4535.86 -1.23576 31.6194 13.6689 -4555.04
(1,(2,3),(4,(5,6))); -4539.58 -1.23576 28.0257 13.5832 -4555.26
(1,2,(3,((4,6),5))); -4539.24 -1.67767 25.2225 13.8531 -4552.28
(1,2,(3,(4,(5,6)))); -4533.25 -1.02135 29.991 13.6242 -4550.63
(1,2,(3,(4,(5,6)))); -4533.75 -1.02135 30.1102 13.7817 -4551.1
(1,(2,3),((4,6),5)); -4544.14 -1.89208 27.5639 13.1048 -4560.49
(1,(2,3),(4,(5,6))); -4540.31 -1.23576 27.0975 13.9491 -4554.69
(1,2,(3,(4,(5,6)))); -4531.35 -1.02135 32.4681 13.7075 -4551.13
(1,(2,3),((4,6),5)); -4546.6 -1.89208 25.7988 13.2061 -4561.08
(1,(2,3),(4,(5,6))); -4538.3 -1.23576 28.0024 13.2394 -4554.3
(1,(2,3),(4,(5,6))); -4539.47 -1.23576 27.4466 13.4513 -4554.7
(1,(2,3),((4,6),5)); -4543.93 -1.89208 28.9606 13.7485 -4561.03
(1,(2,3),((4,6),5)); -4540.78 -1.89208 31.8018 13.504 -4560.97
(1,(2,3),(4,(5,6))); -4538.98 -1.23576 27.8269 13.7825 -4554.26
(1,(2,3),(4,(5,6))); -4535.54 -1.23576 31.3078 13.2352 -4554.84
(1,(2,3),((4,6),5)); -4542.6 -1.89208 29.6542 13.929 -4560.22
(1,(2,3),((4,6),5)); -4544.48 -1.89208 27.1864 13.1581 -4560.4
(1,(2,3),((4,6),5)); -4541.85 -1.89208 30.1037 13.5344 -4560.31
(1,(2,(4,(5,6))),3); -4540.9 -4.9286 26.4309 13.3846 -4558.88
(1,(2,3),(4,(5,6))); -4538.32 -1.23576 28.3914 13.4554 -4554.49
(1,2,(3,(4,(5,6)))); -4534.25 -1.02135 28.8998 13.4267 -4550.75
(1,2,(3,(4,(5,6)))); -4533.09 -1.02135 30.6506 13.5306 -4551.23
(1,(2,3),(4,(5,6))); -4541.8 -1.23576 25.4175 13.8747 -4554.58
(1,(2,3),(4,(5,6))); -4535.23 -1.23576 32.103 13.8024 -4554.77
(1,2,(3,(4,(5,6)))); -4537 -1.02135 27.0435 13.6422 -4551.43
(1,2,(3,((4,6),5))); -4538.97 -1.67767 24.4759 13.0464 -4552.08
(1,(2,3),((4,6),5)); -4540.58 -1.89208 31.6171 13.3254 -4560.77
(1,2,(3,(4,(5,6)))); -4536.77 -1.02135 26.1346 13.3005 -4550.63
(1,(2,3),(4,(5,6))); -4537.72 -1.23576 29.3639 13.4427 -4554.87
(1,2,(3,(4,(5,6)))); -4537.63 -1.02135 25.9179 13.324 -4551.24
(1,(2,3),(4,(5,6))); -4538.37 -1.23576 28.9761 13.6173 -4554.96
(1,(2,3),((4,6),5)); -4543.93 -1.89208 28.676 13.7685 -4560.73
(1,2,(3,(4,(5,6)))); -4533.25 -1.02135 30.485 13.8479 -4550.91
(1,2,(3,((4,6),5))); -4539.02 -1.67767 23.6701 12.9673 -4551.4
(1,2,(3,((4,6),5))); -4536.58 -1.67767 28.1438 13.7517 -4552.65
(1,2,(3,(4,(5,6)))); -4532.75 -1.02135 30.8942 13.6542 -4551.01
(1,(2,3),(4,(5,6))); -4539 -1.23576 27.9392 13.502 -4554.68
(1,2,(3,((4,6),5))); -4534.64 -1.67767 29.4487 13.6509 -4552.11
(1,(2,3),(4,(5,6))); -4538.08 -1.23576 28.388 13.1154 -4554.59
(1,(2,3),(4,(5,6))); -4539.68 -1.23576 27.1705 13.6014 -4554.48
(1,2,(3,((4,6),5))); -4535.59 -1.67767 28.1045 13.4512 -4551.92
(1,2,(3,(4,(5,6)))); -4536.03 -1.02135 27.4712 13.3689 -4551.16
(1,2,(3,(4,(5,6)))); -4532.71 -1.02135 30.9965 13.3584 -4551.37
(1,(2,3),(4,(5,6))); -4534.09 -1.23576 32.9293 13.5189 -4554.74
(1,(2,3),(4,(5,6))); -4537.48 -1.23576 29.5387 13.7625 -4554.49
(1,2,(3,((4,6),5))); -4534.12 -1.67767 29.3433 13.2624 -4551.88
(1,2,(3,(4,(5,6)))); -4533.16 -1.02135 29.9915 13.101 -4551.08
(1,2,(3,(4,(5,6)))); -4536.71 -1.02135 27.4371 13.6929 -4551.47
(1,(2,(4,(5,6))),3); -4538.93 -4.9286 27.6362 13.4456 -4558.05
(1,(2,3),((4,6),5)); -4542.61 -1.89208 29.8045 13.5561 -4560.75
(1,2,(3,((4,6),5))); -4532.8 -1.67767 30.3258 13.2954 -4551.51
(1,(2,3),((4,6),5)); -4545.32 -1.89208 26.1859 12.9317 -4560.46
(1,2,(3,((4,6),5))); -4535.93 -1.67767 28.3668 13.851 -4552.12
(1,2,(3,(4,(5,6)))); -4538.13 -1.02135 25.6782 13.5834 -4551.25
(1,(2,3),((4,6),5)); -4544.27 -1.89208 28.2162 13.5618 -4560.82
(1,(2,3),((4,6),5)); -4543.71 -1.89208 28.5655 13.391 -4560.77
(1,2,(3,((4,6),5))); -4531.87 -1.67767 32.1452 13.7396 -4551.96
(1,2,(3,((4,6),5))); -4537.63 -1.67767 26.0831 13.1056 -4552.28
(1,2,(3,(4,(5,6)))); -4533.5 -1.02135 30.1604 13.3693 -4551.31
(1,2,(3,(4,(5,6)))); -4534.92 -1.02135 29.1109 13.734 -4551.32
(1,(2,3),((4,6),5)); -4542.56 -1.89208 29.0685 13.0632 -4560.45
(1,(2,3),(4,(5,6))); -4537.99 -1.23576 29.3451 13.7197 -4554.85
(1,2,(3,((4,6),5))); -4537.04 -1.67767 26.4042 13.2174 -4551.91
(1,2,(3,(4,(5,6)))); -4534.23 -1.02135 29.3112 13.383 -4551.18
(1,(2,3),((4,6),5)); -4543.65 -1.89208 28.5748 13.3009 -4560.81
(1,2,(3,(4,(5,6)))); -4533.96 -1.02135 30.4473 14.0531 -4551.38
(1,2,(3,(4,(5,6)))); -4533.31 -1.02135 30.3968 13.6298 -4551.09
(1,(2,((4,6),5)),3); -4540.13 -5.58491 29.5985 13.19 -4562.13
(1,(2,3),((4,6),5)); -4539.79 -1.89208 32.0226 13.3514 -4560.35
(1,(2,3),(4,(5,6))); -4539.69 -1.23576 27.8693 13.6995 -4555.1
(1,(2,3),(4,(5,6))); -4541.98 -1.23576 24.3105 13.1627 -4554.37
(1,(2,3),(4,(5,6))); -4539.48 -1.23576 27.0517 13.5193 -4554.25
(1,2,(3,((4,6),5))); -4531.49 -1.67767 32.4523 13.4898 -4552.13
(1,(2,3),((4,6),5)); -4543.63 -1.89208 28.3881 13.5728 -4560.33
(1,2,(3,((4,6),5))); -4534.33 -1.67767 29.8916 13.7721 -4552.13
(1,2,(3,(4,(5,6)))); -4532.81 -1.02135 31.2034 13.7983 -4551.24
(1,(2,3),((4,6),5)); -4541.51 -1.89208 30.377 13.3159 -4560.46
(1,2,(3,(4,(5,6)))); -4538.45 -1.02135 24.3457 12.7205 -4551.09
(1,2,(3,((4,6),5))); -4535.52 -1.67767 27.7879 13.3201 -4551.67
(1,2,(3,((4,6),5))); -4536.1 -1.67767 27.9297 13.5358 -4552.17
(1,(2,3),(4,(5,6))); -4539.25 -1.23576 28.444 13.9472 -4554.98
(1,(2,3),(4,(5,6))); -4540.27 -1.23576 26.4686 13.5359 -4554.44
(1,(2,3),((4,6),5)); -4546.51 -1.89208 25.7153 13.2723 -4560.84
(1,(2,3),(4,(5,6))); -4538.41 -1.23576 29.8858 14.1368 -4555.39
(1,(2,3),((4,6),5)); -4544.17 -1.89208 28.8518 13.9894 -4560.92
(1,2,(3,(4,(5,6)))); -4533.41 -1.02135 30.9352 13.6876 -4551.68
(1,(2,3),(4,(5,6))); -4538.73 -1.23576 27.8615 13.0484 -4554.78
(1,2,(3,(4,(5,6)))); -4532.3 -1.02135 31.5812 13.7758 -4551.13
(1,2,(3,(4,(5,6)))); -4534.43 -1.02135 29.6411 13.6854 -4551.41
(1,2,(3,(4,(5,6)))); -4533.17 -1.02135 31.2111 13.8935 -4551.51
(1,2,(3,((4,6),5))); -4534.8 -1.67767 29.1608 13.6082 -4552.03
(1,2,(3,(4,(5,6)))); -4532.71 -1.02135 30.7145 13.3415 -4551.1
(1,2,(3,(4,(5,6)))); -4538.59 -1.02135 25.1817 13.8106 -4550.99
(1,2,(3,(4,(5,6)))); -4531.51 -1.02135 32.2771 13.714 -4551.09
(1,2,(3,((4,6),5))); -4536.3 -1.67767 27.1932 13.4213 -4551.75
(1,2,(3,(4,(5,6)))); -4535.5 -1.02135 27.7523 13.3249 -4550.95
(1,2,(3,(4,(5,6)))); -4536.03 -1.02135 26.4487 12.8781 -4550.62
(1,(2,3),(4,(5,6))); -4536.92 -1.23576 30.6947 14.0143 -4554.84
(1,(2,3),(4,(5,6))); -4537.13 -1.23576 29.406 13.1099 -4554.67
(1,2,(3,(4,(5,6)))); -4533.57 -1.02135 30.4157 13.5139 -4551.49
(1,(2,3),(4,(5,6))); -4538.8 -1.23576 28.272 13.575 -4554.74
(1,(2,3),((4,6),5)); -4544.62 -1.89208 27.5044 13.2852 -4560.73
(1,2,(3,(4,(5,6)))); -4533.01 -1.02135 30.3555 13.4718 -4550.91
(1,(2,3),(4,(5,6))); -4538.32 -1.23576 28.5562 13.0965 -4555.01
(1,(2,3),(4,(5,6))); -4538.82 -1.23576 28.3253 13.8177 -4554.56
(1,(2,3),((4,6),5)); -4540.73 -1.89208 31.9836 13.7761 -4560.83
(1,(2,3),(4,(5,6))); -4537.33 -1.23576 29.4433 13.3663 -4554.65
(1,(2,3),(4,(5,6))); -4535.96 -1.23576 31.4249 13.5298 -4555.09
(1,2,(3,(4,(5,6)))); -4533.59 -1.02135 29.3272 13.3539 -4550.58
(1,2,(3,(4,(5,6)))); -4531.35 -1.02135 32.0048 13.5144 -4550.86
(1,2,(3,((4,6),5))); -4533.87 -1.67767 30.548 13.8777 -4552.22
(1,2,(3,(4,(5,6)))); -4535.21 -1.02135 28.9693 13.5087 -4551.7
(1,2,(3,((4,6),5))); -4534.95 -1.67767 29.5698 13.8865 -4552.31
(1,(2,3),(4,(5,6))); -4538.37 -1.23576 28.33 13.3646 -4554.57
(1,(2,3),((4,6),5)); -4542.19 -1.89208 29.583 13.3984 -4560.27
(1,2,(3,((4,6),5))); -4535.54 -1.67767 28.9802 14.1745 -4552.03
(1,2,(3,(4,(5,6)))); -4533.99 -1.02135 30.2684 13.9924 -4551.29
(1,2,(3,(4,(5,6)))); -4533.53 -1.02135 30.1982 13.7272 -4551.03
(1,(2,3),((4,6),5)); -4539.71 -1.89208 32.626 13.5719 -4560.66
(1,(2,3),((4,6),5)); -4542.53 -1.89208 28.9858 13.4902 -4559.91
(1,2,(3,((4,6),5))); -4533.73 -1.67767 30.56 13.9056 -4552.06
(1,2,(3,(4,(5,6)))); -4536.99 -1.02135 26.5398 13.7987 -4550.75
(1,2,(3,((4,6),5))); -4534.34 -1.67767 29.5637 13.5094 -4552.07
(1,2,(3,((4,6),5))); -4535.17 -1.67767 28.5523 13.3802 -4552.02
(1,2,(3,(4,(5,6)))); -4530.96 -1.02135 32.3343 13.4027 -4550.91
(1,(2,3),(4,(5,6))); -4538.32 -1.23576 28.9697 13.8905 -4554.63
(1,(2,3),(4,(5,6))); -4537.27 -1.23576 30.0635 13.2858 -4555.28
(1,(2,3),((4,6),5)); -4543.95 -1.89208 28.1021 13.3544 -4560.59
(1,2,(3,((4,6),5))); -4536.5 -1.67767 28.2903 14.2688 -4552.2
(1,(2,3),((4,6),5)); -4544.57 -1.89208 28.0333 13.86 -4560.64
(1,2,(3,(4,(5,6)))); -4534.6 -1.02135 28.8765 13.4198 -4551.08
(1,(2,3),(4,(5,6))); -4536.98 -1.23576 30.5021 13.7321 -4554.99
(1,2,(3,(4,(5,6)))); -4533.6 -1.02135 29.2338 13.138 -4550.72
(1,2,(3,((4,6),5))); -4534.7 -1.67767 28.8581 13.4563 -4551.78
(1,(2,3),(4,(5,6))); -4537.39 -1.23576 29.8659 13.6814 -4554.81
(1,2,(3,(4,(5,6)))); -4532.43 -1.02135 30.8261 13.3313 -4550.95
(1,(2,3),((4,6),5)); -4543.2 -1.89208 28.3534 13.2396 -4560.2
(1,(2,3),(4,(5,6))); -4538.11 -1.23576 29.6922 13.6823 -4555.35
(1,2,(3,((4,6),5))); -4534.16 -1.67767 28.762 13.1242 -4551.48
(1,2,(3,(4,(5,6)))); -4537.16 -1.02135 27.6345 14.321 -4551.49
(1,(2,3),(4,(5,6))); -4539.91 -1.23576 26.6798 13.2078 -4554.61
(1,2,(3,(4,(5,6)))); -4535.58 -1.02135 27.6467 13.272 -4550.98
(1,(2,3),((4,6),5)); -4544.71 -1.89208 28.1135 13.7397 -4560.97
(1,(2,3),((4,6),5)); -4539.94 -1.89208 32.1461 13.4098 -4560.57
(1,2,(3,(4,(5,6)))); -4533.82 -1.02135 29.2787 13.2167 -4550.9
(1,2,(3,(4,(5,6)))); -4537.59 -1.02135 26.0282 13.3963 -4551.24
(1,(2,3),(4,(5,6))); -4536.18 -1.23576 31.374 13.6816 -4555.1
(1,(2,3),(4,(5,6))); -4537.35 -1.23576 29.8171 13.3755 -4555.03
(1,2,(3,(4,(5,6)))); -4533.63 -1.02135 29.7604 13.5562 -4550.85
(1,2,(3,(4,(5,6)))); -4534.22 -1.02135 29.3815 13.3267 -4551.29
(1,(2,3),(4,(5,6))); -4537.18 -1.23576 30.3213 14.0015 -4554.74
(1,(2,3),(4,(5,6))); -4542.24 -1.23576 25.0244 13.8023 -4554.7
(1,2,(3,(4,(5,6)))); -4533.19 -1.02135 31.015 13.9497 -4551.28
(1,(2,3),(4,(5,6))); -4540.32 -1.23576 26.2378 13.2416 -4554.55
(1,(2,3),((4,6),5)); -4550.47 -1.89208 22.6401 14.1895 -4560.82
(1,2,(3,(4,(5,6)))); -4535.95 -1.02135 28.4657 14.0273 -4551.41
(1,(2,3),(4,(5,6))); -4537.97 -1.23576 29.8563 14.0445 -4555.01
(1,2,(3,(4,(5,6)))); -4532.7 -1.02135 30.8578 13.6048 -4550.97
(1,2,(3,((4,6),5))); -4532.03 -1.67767 31.6421 13.6193 -4551.73
(1,(2,3),((4,6),5)); -4541.84 -1.89208 29.8747 13.1105 -4560.49
(1,2,(3,(4,(5,6)))); -4534.91 -1.02135 28.4283 13.0066 -4551.35
(1,2,(3,((4,6),5))); -4534.53 -1.67767 29.2581 13.7242 -4551.74
(1,(2,3),(4,(5,6))); -4538.7 -1.23576 27.9185 13.2907 -4554.56
(1,2,(3,((4,6),5))); -4533.83 -1.67767 30.1519 13.695 -4551.97
(1,(2,3),(4,(5,6))); -4535.75 -1.23576 31.8511 13.6261 -4555.21
(1,2,(3,(4,(5,6)))); -4531.95 -1.02135 31.97 13.746 -4551.2
(1,2,(3,((4,6),5))); -4532.9 -1.67767 30.0877 13.0111 -4551.66
(1,(2,3),(4,(5,6))); -4539.46 -1.23576 26.9281 13.2587 -4554.37
(1,2,(3,(4,(5,6)))); -4538.76 -1.02135 23.8722 12.7897 -4550.86
(1,(2,3),(4,(5,6))); -4540.05 -1.23576 26.6902 13.4962 -4554.48
(1,(2,3),(4,(5,6))); -4537.68 -1.23576 29.0641 13.1701 -4554.81
(1,2,(3,((4,6),5))); -4534.15 -1.67767 29.8301 13.4302 -4552.23
(1,(2,3),(4,(5,6))); -4538.45 -1.23576 29.8393 14.2132 -4555.31
(1,(2,3),(4,(5,6))); -4537.31 -1.23576 29.1604 13.199 -4554.51
(1,(2,3),((4,6),5)); -4542.54 -1.89208 30.7876 14.0913 -4561.12
(1,(2,3),((4,6),5)); -4545.57 -1.89208 26.9972 13.7663 -4560.7
(1,2,(3,(4,(5,6)))); -4536.14 -1.02135 26.9644 13.2284 -4550.89
(1,2,(3,(4,(5,6)))); -4533.88 -1.02135 30.3445 13.7945 -4551.45
(1,(2,3),(4,(5,6))); -4535.86 -1.23576 31.379 13.7709 -4554.71
(1,2,(3,((4,6),5))); -4532.71 -1.67767 31.1509 13.5341 -4552
(1,(2,3),(4,(5,6))); -4539.06 -1.23576 27.3529 12.9956 -4554.66
(1,2,(3,((4,6),5))); -4535.03 -1.67767 29.207 13.6695 -4552.25
(1,(2,3),((4,6),5)); -4543.02 -1.89208 29.2441 13.2588 -4560.9
(1,(2,3),(4,(5,6))); -4535.49 -1.23576 31.4189 13.5632 -4554.58
(1,(2,3),(4,(5,6))); -4537.81 -1.23576 30.2132 13.986 -4555.27
(1,(2,3),((4,6),5)); -4545.18 -1.89208 26.5235 13.4571 -4560.14
(1,2,(3,(4,(5,6)))); -4535.46 -1.02135 28.3867 13.8447 -4551.02
(1,(2,3),((4,6),5)); -4543.88 -1.89208 27.9503 13.2502 -4560.48
(1,2,(3,(4,(5,6)))); -4534.6 -1.02135 29.3161 13.6873 -4551.25
(1,(2,3),(4,(5,6))); -4542.19 -1.23576 25.335 13.6238 -4555.14
(1,2,(3,(4,(5,6)))); -4540.61 -1.02135 23.5156 13.5345 -4551.62
(1,(2,3),((4,6),5)); -4545.48 -1.89208 27.3475 13.5748 -4561.14
(1,(2,3),(4,(5,6))); -4538.01 -1.23576 29.3799 13.6139 -4555.02
(1,(2,3),(4,(5,6))); -4534.63 -1.23576 32.5575 13.561 -4554.86
(1,(2,3),((4,6),5)); -4543.46 -1.89208 28.8341 13.4848 -4560.7
(1,2,(3,(4,(5,6)))); -4533.28 -1.02135 30.1137 13.586 -4550.83
(1,2,(3,(4,(5,6)))); -4533 -1.02135 30.3844 13.401 -4551
(1,(2,3),(4,(5,6))); -4537.74 -1.23576 29.3118 13.2028 -4555.08
(1,2,(3,(4,(5,6)))); -4534.5 -1.02135 29.395 13.8752 -4551.04
(1,(2,3),(4,(5,6))); -4535.97 -1.23576 31.5568 13.7441 -4555.02
(1,2,(3,((4,6),5))); -4539.15 -1.67767 24.9604 13.9539 -4551.83
(1,(2,3),(4,(5,6))); -4541.81 -1.23576 24.6882 13.3833 -4554.35
(1,(2,3),(4,(5,6))); -4537.89 -1.23576 29.156 13.7387 -4554.54
(1,(2,3),((4,6),5)); -4541.37 -1.89208 30.3786 13.1712 -4560.47
(1,2,(3,(4,(5,6)))); -4534.49 -1.02135 29.5025 13.8275 -4551.18
(1,(2,3),(4,(5,6))); -4535.16 -1.23576 32.5103 13.926 -4554.98
(1,(2,3),(4,(5,6))); -4540.51 -1.23576 26.5785 13.6494 -4554.67
(1,2,(3,(4,(5,6)))); -4532.62 -1.02135 30.8505 13.5556 -4550.94
(1,2,(3,((4,6),5))); -4536.75 -1.67767 25.822 12.7243 -4551.53
(1,(2,3),((4,6),5)); -4541.62 -1.89208 30.6078 13.2682 -4560.86
(1,(2,3),((4,6),5)); -4549.74 -1.89208 21.7988 13.4999 -4559.93
(1,(2,3),((4,6),5)); -4542.5 -1.89208 29.2474 13.1042 -4560.54
(1,(2,3),((4,6),5)); -4545.11 -1.89208 27.7433 13.7923 -4560.95
(1,(2,3),(4,(5,6))); -4537.67 -1.23576 29.0363 13.1096 -4554.84
(1,2,(3,(4,(5,6)))); -4533.69 -1.02135 29.7237 13.6121 -4550.83
(1,(2,3),(4,(5,6))); -4539.26 -1.23576 27.4648 13.3119 -4554.65
(1,2,(3,(4,(5,6)))); -4534.16 -1.02135 29.0533 13.4318 -4550.8
(1,2,(3,((4,6),5))); -4537.94 -1.67767 26.222 13.8182 -4552.02
(1,(2,3),(4,(5,6))); -4538.03 -1.23576 29.0137 13.3783 -4554.9
(1,(2,3),(4,(5,6))); -4541.39 -1.23576 25.6776 13.5797 -4554.73
(1,(2,3),(4,(5,6))); -4536.74 -1.23576 30.6259 13.7196 -4554.88
(1,(2,3),(4,(5,6))); -4536.57 -1.23576 30.6782 13.54 -4554.94
(1,2,(3,((4,6),5))); -4534.6 -1.67767 29.0522 13.5638 -4551.76
(1,2,(3,(4,(5,6)))); -4535.17 -1.02135 28.0187 13.0108 -4551.2
(1,(2,3),(4,(5,6))); -4539.21 -1.23576 28.333 13.5451 -4555.23
(1,(2,3),(4,(5,6))); -4541.24 -1.23576 25.6678 13.4809 -4554.66
(1,(2,3),((4,6),5)); -4545.12 -1.89208 26.9457 13.3522 -4560.61
(1,(2,3),(4,(5,6))); -4537.71 -1.23576 28.8098 13.3422 -4554.42
(1,2,(3,(4,(5,6)))); -4534.66 -1.02135 29.1902 14.0402 -4550.83
(1,2,(3,((4,6),5))); -4533.35 -1.67767 30.1124 13.3236 -4551.81
(1,(2,3),((4,6),5)); -4544.78 -1.89208 26.8492 13.4112 -4560.11
(1,(2,3),(4,(5,6))); -4536.48 -1.23576 30.3874 13.0882 -4555.01
(1,2,(3,(4,(5,6)))); -4531.87 -1.02135 31.5869 13.2991 -4551.18
(1,(2,(4,(5,6))),3); -4536.44 -4.9286 30.5456 13.3626 -4558.55
(1,(2,3),(4,(5,6))); -4539.08 -1.23576 27.9317 13.6847 -4554.56
(1,2,(3,(4,(5,6)))); -4532.57 -1.02135 30.6018 13.2994 -4550.9
(1,(2,3),((4,6),5)); -4541.44 -1.89208 31.0327 13.5336 -4560.84
(1,(2,3),(4,(5,6))); -4537.59 -1.23576 30.2405 13.8146 -4555.26
(1,2,(3,(4,(5,6)))); -4533.89 -1.02135 29.4352 13.6885 -4550.66
(1,2,(3,(4,(5,6)))); -4534.31 -1.02135 29.7085 13.8902 -4551.15
(1,(2,3),(4,(5,6))); -4538.09 -1.23576 28.7965 13.3872 -4554.74
(1,2,(3,(4,(5,6)))); -4533.2 -1.02135 30.4583 13.7 -4550.98
(1,2,(3,((4,6),5))); -4534.73 -1.67767 28.7832 13.6391 -4551.55
(1,2,(3,((4,6),5))); -4534.07 -1.67767 30.2375 13.7916 -4552.19
(1,(2,3),(4,(5,6))); -4538.53 -1.23576 28.9848 13.4852 -4555.27
(1,2,(3,((4,6),5))); -4533.51 -1.67767 29.1322 12.8919 -4551.43
(1,(2,3),(4,(5,6))); -4541.61 -1.23576 25.3428 13.2628 -4554.92
(1,(2,3),(4,(5,6))); -4538.39 -1.23576 28.4038 13.482 -4554.55
(1,2,(3,(4,(5,6)))); -4534.91 -1.02135 28.4878 13.3298 -4551.09
(1,2,(3,((4,6),5))); -4535.55 -1.67767 28.2652 13.758 -4551.74
(1,2,(3,((4,6),5))); -4534.1 -1.67767 29.7542 13.4534 -4552.08
(1,2,(3,(4,(5,6)))); -4533.18 -1.02135 30.2228 13.5048 -4550.92
(1,(2,3),(4,(5,6))); -4536.89 -1.23576 30.1124 13.3841 -4554.85
(1,2,(3,((4,6),5))); -4532.5 -1.67767 31.4154 13.4169 -4552.17
(1,(2,3),((4,6),5)); -4544.04 -1.89208 27.7638 13.3646 -4560.33
(1,(2,3),((4,6),5)); -4540.98 -1.89208 31.1847 13.6873 -4560.37
(1,2,(3,((4,6),5))); -4535.93 -1.67767 27.5585 13.7043 -4551.46
(1,(2,3),((4,6),5)); -4541.32 -1.89208 31.2938 13.5276 -4560.97
(1,2,(3,(4,(5,6)))); -4534.65 -1.02135 28.8872 13.6545 -4550.9
(1,2,(3,(4,(5,6)))); -4537.82 -1.02135 25.7263 13.0914 -4551.47
(1,2,(3,(4,(5,6)))); -4536.26 -1.02135 27.907 13.6073 -4551.58
(1,2,(3,((4,6),5))); -4537.1 -1.67767 26.3725 13.3528 -4551.8
(1,2,(3,((4,6),5))); -4533.96 -1.67767 29.1113 13.0968 -4551.65
(1,(2,3),((4,6),5)); -4547.2 -1.89208 24.2628 13.4674 -4559.88
(1,2,(3,(4,(5,6)))); -4533.52 -1.02135 30.1756 13.6299 -4551.08
(1,2,(3,(4,(5,6)))); -4531.14 -1.02135 32.482 13.5573 -4551.08
(1,2,(3,(4,(5,6)))); -4532.24 -1.02135 31.5562 13.6226 -4551.2
(1,2,(3,(4,(5,6)))); -4535.72 -1.02135 27.9954 13.4399 -4551.3
(1,2,(3,(4,(5,6)))); -4536.11 -1.02135 27.5912 13.7602 -4550.96
(1,2,(3,(4,(5,6)))); -4533.36 -1.02135 30.8604 13.8376 -4551.41
(1,2,(3,(4,(5,6)))); -4538.19 -1.02135 25.0013 13.0604 -4551.15
(1,(2,3),(4,(5,6))); -4534.62 -1.23576 32.2693 13.4441 -4554.68
(1,(2,3),((4,6),5)); -4542.74 -1.89208 28.8088 13.0996 -4560.34
(1,(2,3),((4,6),5)); -4545.94 -1.89208 26.3523 13.7024 -4560.48
(1,2,(3,((4,6),5))); -4535.07 -1.67767 29.0875 13.5444 -4552.29
(1,2,(3,(4,(5,6)))); -4533.22 -1.02135 31.3353 13.8332 -4551.74
(1,2,(3,((4,6),5))); -4532.48 -1.67767 31.3828 13.4357 -4552.11
(1,2,(3,(4,(5,6)))); -4534.38 -1.02135 28.7375 13.1542 -4550.98
(1,(2,3),(4,(5,6))); -4538.74 -1.23576 28.3145 13.7333 -4554.55
(1,(2,3),((4,6),5)); -4544.68 -1.89208 27.7915 13.4502 -4560.91
(1,2,(3,(4,(5,6)))); -4532.4 -1.02135 31.8366 13.7674 -4551.49
(1,2,(3,(4,(5,6)))); -4533.22 -1.02135 30.8797 13.6037 -4551.51
(1,(2,3),(4,(5,6))); -4539.37 -1.23576 28.0036 13.5667 -4555.04
(1,2,(3,(4,(5,6)))); -4533.81 -1.02135 29.5983 13.5827 -4550.85
(1,(2,3),(4,(5,6))); -4538.7 -1.23576 29.0512 14.0087 -4554.98
(1,(2,3),(4,(5,6))); -4537.76 -1.23576 28.053 12.956 -4554.1
(1,(2,3),(4,(5,6))); -4536.39 -1.23576 30.814 13.5766 -4554.86
(1,2,(3,(4,(5,6)))); -4535.32 -1.02135 28.1729 13.7351 -4550.78
(1,2,(3,(4,(5,6)))); -4535.31 -1.02135 28.1377 13.5287 -4550.94
(1,(2,3),(4,(5,6))); -4540.21 -1.23576 26.7978 13.6377 -4554.61
(1,2,(3,((4,6),5))); -4533.43 -1.67767 30.3676 13.5109 -4551.96
(1,(2,3),((4,6),5)); -4540.77 -1.89208 31.2302 13.4989 -4560.39
(1,(2,3),((4,6),5)); -4544.83 -1.89208 27.2853 13.1707 -4560.83
(1,2,(3,(4,(5,6)))); -4537.26 -1.02135 26.386 13.0991 -4551.57
(1,2,(3,(4,(5,6)))); -4535.18 -1.02135 28.9356 13.8235 -4551.32
(1,2,(3,(4,(5,6)))); -4532.43 -1.02135 31.1221 13.4259 -4551.14
(1,(2,3),(4,(5,6))); -4538.6 -1.23576 28.4298 13.4138 -4554.85
(1,(2,3),((4,6),5)); -4539.57 -1.89208 33.0036 13.7299 -4560.73
(1,2,(3,(4,(5,6)))); -4533.8 -1.02135 29.9156 13.5834 -4551.15
(1,(2,3),((4,6),5)); -4542.7 -1.89208 28.98 13.2358 -4560.34
(1,(2,3),(4,(5,6))); -4540.3 -1.23576 25.7283 13.075 -4554.19
(1,(2,3),(4,(5,6))); -4536.28 -1.23576 30.751 13.5577 -4554.7
(1,(2,3),(4,(5,6))); -4538.03 -1.23576 28.9791 13.2468 -4554.99
(1,(2,3),(4,(5,6))); -4535.32 -1.23576 31.6728 13.2404 -4554.98
(1,2,(3,((4,6),5))); -4538.57 -1.67767 25.1626 13.6626 -4551.75
(1,(2,3),((4,6),5)); -4540.53 -1.89208 32.0031 13.6949 -4560.73
(1,2,(3,((4,6),5))); -4533.73 -1.67767 29.9592 13.3571 -4552.01
(1,(2,3),((4,6),5)); -4543.2 -1.89208 29.3435 13.899 -4560.54
(1,(2,3),(4,(5,6))); -4541.23 -1.23576 25.6307 13.1819 -4554.91
(1,2,(3,((4,6),5))); -4534.32 -1.67767 29.326 13.3663 -4551.96
(1,(2,(4,(5,6))),3); -4536.75 -4.9286 30.3535 13.2672 -4558.76
(1,2,(3,((4,6),5))); -4532.67 -1.67767 31.3411 13.592 -4552.1
(1,2,(3,(4,(5,6)))); -4533.11 -1.02135 30.3035 13.3801 -4551.05
(1,2,(3,(4,(5,6)))); -4532.9 -1.02135 30.595 13.3972 -4551.12
(1,(2,3),((4,6),5)); -4543.93 -1.89208 27.8155 13.407 -4560.23
(1,(2,3),((4,6),5)); -4544.46 -1.89208 27.0106 13.2918 -4560.07
(1,2,(3,((4,6),5))); -4535.77 -1.67767 27.7636 13.5186 -4551.69
(1,2,(3,(4,(5,6)))); -4532.65 -1.02135 31.1254 13.5455 -4551.26
(1,2,(3,((4,6),5))); -4537.42 -1.67767 26.821 13.9877 -4551.93
(1,(2,3),(4,(5,6))); -4539.06 -1.23576 27.6783 13.2347 -4554.74
(1,2,(3,((4,6),5))); -4538.69 -1.67767 24.736 13.3032 -4551.8
(1,2,(3,((4,6),5))); -4539.53 -1.67767 24.7961 14.0702 -4551.93
(1,2,(3,(4,(5,6)))); -4533.4 -1.02135 30.357 13.6403 -4551.14
(1,2,(3,(4,(5,6)))); -4539.92 -1.02135 23.8228 13.3521 -4551.41
(1,2,(3,((4,6),5))); -4532.95 -1.67767 31.0791 13.6313 -4552.08
(1,2,(3,(4,(5,6)))); -4537.41 -1.02135 26.6958 13.9684 -4551.16
(1,(2,3),(4,(5,6))); -4539.44 -1.23576 26.8479 12.9397 -4554.58
(1,(2,3),((4,6),5)); -4545.28 -1.89208 26.9017 13.4214 -4560.65
(1,2,(3,((4,6),5))); -4534.04 -1.67767 30.0628 13.8522 -4551.93
(1,(2,3),((4,6),5)); -4540.03 -1.89208 32.8213 13.8039 -4560.94
(1,(2,3),(4,(5,6))); -4539.86 -1.23576 27.6968 13.4956 -4555.3
(1,2,(3,((4,6),5))); -4534.05 -1.67767 28.8155 13.1281 -4551.42
(1,2,(3,((4,6),5))); -4532.52 -1.67767 31.2893 13.6243 -4551.86
(1,2,(3,(4,(5,6)))); -4534.63 -1.02135 29.2263 13.7518 -4551.12
(1,(2,3),((4,6),5)); -4542.49 -1.89208 30.2486 13.8389 -4560.8
