tree logl logTop logProp logPrior logWt
(1,(2,(4,(5,6))),3); -4539.76 -2.00825 27.0567 13.158 -4551.65
(1,(2,3),((4,6),5)); -4542.2 -1.88743 30.2122 13.6026 -4556.92
(1,(2,3),((4,6),5)); -4543.69 -1.88743 28.485 13.8959 -4556.39
(1,2,(3,((4,5),6))); -4542.08 -4.61435 32.0093 12.9815 -4556.49
(1,(2,(4,(5,6))),3); -4536.86 -2.00825 30.6271 13.7761 -4551.7
(1,2,(3,(4,(5,6)))); -4536.12 -1.52549 27.8576 13.6927 -4548.76
(1,2,(3,((4,6),5))); -4533.66 -1.7887 30.6479 13.7118 -4548.81
(1,(2,3),((4,6),5)); -4540.81 -1.88743 30.9334 13.2524 -4556.6
(1,(2,3),((4,5),6)); -4547.37 -4.71309 32.0557 13.4737 -4561.24
(1,2,(3,((4,6),5))); -4534.31 -1.7887 30.2874 14.0645 -4548.74
(1,(2,(4,(5,6))),3); -4539.07 -2.00825 27.6084 13.2653 -4551.41
(1,(2,3),((4,6),5)); -4543.15 -1.88743 29.7333 13.857 -4557.14
(1,2,(3,(4,(5,6)))); -4534.51 -1.52549 29.2459 13.7835 -4548.44
(1,(2,3),((4,6),5)); -4545.67 -1.88743 25.169 13.0084 -4555.95
(1,(2,3),((4,6),5)); -4540.18 -1.88743 31.8161 13.4893 -4556.62
(1,2,(3,((4,6),5))); -4538.85 -1.7887 24.6583 13.5496 -4548.17
(1,2,(3,((4,6),5))); -4533.59 -1.7887 30.3248 13.8336 -4548.29
(1,(2,3),(4,(5,6))); -4543.3 -1.62423 23.2237 13.1398 -4551.76
(1,2,(3,((4,6),5))); -4534.87 -1.7887 28.459 13.3534 -4548.19
(1,(2,((4,6),5)),3); -4538.05 -2.27145 32.2959 13.7536 -4554.32
(1,(2,3),((4,6),5)); -4543.01 -1.88743 29.2618 13.6117 -4556.77
(1,2,(3,(4,(5,6)))); -4535.4 -1.52549 27.8997 13.3699 -4548.4
(1,(2,((4,6),5)),3); -4544.86 -2.27145 25.3404 13.3014 -4554.62
(1,(2,3),(4,(5,6))); -4538.1 -1.62423 28.6738 13.6121 -4551.54
(1,(2,3),((4,6),5)); -4540.9 -1.88743 31.9052 13.6555 -4557.27
(1,(2,((4,6),5)),3); -4542.66 -2.27145 27.0941 13.2967 -4554.18
(1,(2,3),((4,6),5)); -4540.87 -1.88743 31.0544 13.4481 -4556.59
(1,2,(3,(4,(5,6)))); -4537 -1.52549 26.668 13.9805 -4548.16
(1,(2,3),(4,(5,6))); -4540.18 -1.62423 26.9546 13.659 -4551.85
(1,2,(3,(4,(5,6)))); -4539.48 -1.52549 23.9426 13.4836 -4548.41
(1,2,(3,(4,(5,6)))); -4532.33 -1.52549 31.6245 13.6333 -4548.8
(1,2,(3,(4,(5,6)))); -4533.98 -1.52549 29.3021 13.3147 -4548.44
(1,2,(3,((4,6),5))); -4537.24 -1.7887 26.1059 13.2919 -4548.27
(1,(2,3),((4,6),5)); -4541.83 -1.88743 29.8072 13.0314 -4556.72
(1,(2,((4,6),5)),3); -4539.4 -2.27145 30.9529 13.512 -4554.57
(1,2,(3,((4,6),5))); -4534.53 -1.7887 29.9527 14.1139 -4548.58
(1,2,(3,(4,(5,6)))); -4531.37 -1.52549 32.1875 13.5625 -4548.47
(1,(2,((4,6),5)),3); -4541.18 -2.27145 28.1401 13.3615 -4553.69
(1,2,(3,(4,(5,6)))); -4535.64 -1.52549 28.5427 13.8075 -4548.85
(1,2,(3,(4,(5,6)))); -4538.39 -1.52549 25.8171 13.9906 -4548.69
(1,2,(3,((4,6),5))); -4532.8 -1.7887 30.9229 13.6595 -4548.27
(1,2,(3,((4,6),5))); -4530.7 -1.7887 33.1575 13.6526 -4548.41
(1,(2,3),((4,6),5)); -4541.73 -1.88743 30.2839 13.4829 -4556.64
(1,(2,((4,6),5)),3); -4542.87 -2.27145 27.9371 13.6582 -4554.88
(1,(2,3),((4,5),6)); -4545.29 -4.71309 31.7873 13.5247 -4558.84
(1,(2,3),(4,(5,6))); -4537.6 -1.62423 29.8422 13.7199 -4552.1
(1,(2,(4,(5,6))),3); -4540.08 -2.00825 27.7023 13.9164 -4551.86
(1,2,(3,((4,6),5))); -4533.63 -1.7887 29.7637 13.4925 -4548.12
(1,2,(3,((4,6),5))); -4538 -1.7887 25.4466 13.4658 -4548.19
(1,2,(3,((4,6),5))); -4534.45 -1.7887 29.7716 13.843 -4548.59
(1,(2,3),((4,6),5)); -4539.81 -1.88743 31.9397 13.333 -4556.53
(1,2,(3,(4,(5,6)))); -4531.51 -1.52549 31.8368 13.684 -4548.14
(1,2,(3,(4,(5,6)))); -4537.01 -1.52549 26.4389 13.3965 -4548.53
(1,2,(3,(4,(5,6)))); -4534.92 -1.52549 28.3949 13.5713 -4548.22
(1,(2,3),(4,(5,6))); -4536.1 -1.62423 30.5688 13.3438 -4551.7
(1,(2,(4,(5,6))),3); -4543.47 -2.00825 22.823 13.3873 -4550.9
(1,2,(3,((4,6),5))); -4532.49 -1.7887 31.1318 13.3559 -4548.48
(1,(2,3),((4,6),5)); -4544.58 -1.88743 26.7008 13.0252 -4556.37
(1,2,(3,((4,6),5))); -4536.26 -1.7887 26.9744 13.186 -4548.26
(1,2,(3,((4,5),6))); -4541.14 -4.61435 28.6979 13.7418 -4551.48
(1,2,(3,((4,6),5))); -4532.79 -1.7887 30.7413 13.4231 -4548.32
(1,2,(3,(4,(5,6)))); -4531.46 -1.52549 32.2648 13.6712 -4548.53
(1,(2,3),((4,6),5)); -4545.91 -1.88743 26.099 13.4824 -4556.64
(1,(2,(4,(5,6))),3); -4536.99 -2.00825 29.9908 13.4508 -4551.52
(1,2,(3,(4,(5,6)))); -4532.71 -1.52549 31.4306 13.8965 -4548.72
(1,2,(3,(4,(5,6)))); -4535.54 -1.52549 28.591 13.9284 -4548.67
(1,(2,3),(4,(5,6))); -4540.74 -1.62423 25.8608 13.2725 -4551.7
(1,2,(3,(4,(5,6)))); -4532.71 -1.52549 30.677 13.5507 -4548.31
(1,(2,3),((4,6),5)); -4541.64 -1.88743 30.2773 13.2826 -4556.75
(1,(2,((4,6),5)),3); -4538.62 -2.27145 31.1997 13.3259 -4554.22
(1,(2,3),(4,(5,6))); -4535.42 -1.62423 31.1406 13.2371 -4551.69
(1,(2,3),((4,5),6)); -4550.19 -4.71309 26.2336 13.3424 -4558.37
(1,(2,((4,6),5)),3); -4540.37 -2.27145 29.5085 13.6963 -4553.91
(1,(2,3),(4,(5,6))); -4537.6 -1.62423 29.9296 13.6808 -4552.23
(1,2,(3,((4,6),5))); -4535.22 -1.7887 27.7878 13.1668 -4548.05
(1,(2,3),(4,(5,6))); -4538.59 -1.62423 27.424 13.0629 -4551.33
(1,(2,3),(4,(5,6))); -4535.31 -1.62423 31.8145 13.408 -4552.09
(1,2,(3,(4,(5,6)))); -4533.39 -1.52549 29.7421 13.2721 -4548.34
(1,(2,3),((4,6),5)); -4540.38 -1.88743 30.8206 13.1683 -4556.15
(1,(2,3),((4,6),5)); -4543.14 -1.88743 29.0074 13.6703 -4556.59
(1,(2,(4,(5,6))),3); -4541.75 -2.00825 25.4161 13.2859 -4551.87
(1,2,(3,(4,(5,6)))); -4533.95 -1.52549 29.7264 13.4291 -4548.72
(1,2,(3,((4,6),5))); -4536.29 -1.7887 27.8326 14.0863 -4548.25
(1,(2,(4,(5,6))),3); -4545.28 -2.00825 22.6925 14.3569 -4551.61
(1,2,(3,((4,6),5))); -4532.82 -1.7887 30.7732 13.5404 -4548.27
(1,2,(3,(4,(5,6)))); -4536.59 -1.52549 26.1866 13.0786 -4548.18
(1,(2,((4,6),5)),3); -4539.47 -2.27145 30.8103 13.5459 -4554.47
(1,(2,3),(4,(5,6))); -4538.72 -1.62423 28.1096 13.475 -4551.73
(1,(2,3),(4,(5,6))); -4537.93 -1.62423 29.1922 13.3301 -4552.16
(1,2,(3,((4,6),5))); -4535.04 -1.7887 29.2123 13.5367 -4548.93
(1,2,(3,(4,(5,6)))); -4531.35 -1.52549 31.745 13.3924 -4548.18
(1,(2,3),((4,6),5)); -4543.16 -1.88743 29.3756 13.7939 -4556.85
(1,(2,(4,(5,6))),3); -4538.12 -2.00825 29.4587 13.7497 -4551.82
(1,(2,3),((4,6),5)); -4544.32 -1.88743 27.4877 13.2587 -4556.66
(1,(2,3),((4,6),5)); -4540.12 -1.88743 32.0748 13.7406 -4556.56
(1,(2,3),(4,(5,6))); -4541.72 -1.62423 25.9773 13.7241 -4552.35
(1,(2,(4,(5,6))),3); -4538.76 -2.00825 27.5495 12.9035 -4551.4
(1,(2,((4,6),5)),3); -4539.17 -2.27145 31.1607 13.4908 -4554.56
(1,(2,3),((4,6),5)); -4543.19 -1.88743 29.436 13.6392 -4557.1
(1,2,(3,((4,6),5))); -4534.74 -1.7887 29.1852 13.4007 -4548.73
(1,(2,3),(4,(5,6))); -4538.09 -1.62423 28.0268 12.9523 -4551.54
(1,(2,3),((4,6),5)); -4543.55 -1.88743 28.8967 13.4266 -4557.13
(1,(2,3),((4,6),5)); -4543.88 -1.88743 28.2677 13.1959 -4557.07
(1,(2,3),((4,6),5)); -4543.64 -1.88743 28.0047 13.2529 -4556.5
(1,2,(3,((4,6),5))); -4534.02 -1.7887 29.3498 13.301 -4548.28
(1,2,(3,((4,6),5))); -4534.43 -1.7887 29.9666 13.587 -4549.02
(1,(2,3),(4,(5,6))); -4534.44 -1.62423 32.7764 13.7315 -4551.86
(1,2,(3,((4,6),5))); -4535.69 -1.7887 27.5562 13.4735 -4547.98
(1,2,(3,(4,(5,6)))); -4534.45 -1.52549 29.6336 13.7307 -4548.82
(1,(2,3),(4,(5,6))); -4537.68 -1.62423 30.0574 13.7378 -4552.38
(1,(2,3),(4,(5,6))); -4537.81 -1.62423 29.6816 13.9447 -4551.92
(1,2,(3,(4,(5,6)))); -4534.14 -1.52549 29.4831 13.4172 -4548.68
(1,2,(3,((4,6),5))); -4534.2 -1.7887 29.9246 13.6797 -4548.65
(1,(2,3),(4,(5,6))); -4536.48 -1.62423 30.4122 13.505 -4551.77
(1,(2,3),(4,(5,6))); -4536.01 -1.62423 31.2165 13.3756 -4552.23
(1,(2,3),(4,(5,6))); -4538.57 -1.62423 28.8679 13.886 -4551.93
(1,(2,3),(4,(5,6))); -4537.36 -1.62423 29.1533 13.0181 -4551.87
(1,(2,3),(4,(5,6))); -4538.66 -1.62423 28.7288 13.8442 -4551.92
(1,2,(3,(4,(5,6)))); -4532.9 -1.52549 30.5225 13.6028 -4548.29
(1,2,(3,(4,(5,6)))); -4537.67 -1.52549 25.7338 13.1889 -4548.69
(1,(2,(4,(5,6))),3); -4537.43 -2.00825 29.6097 13.4418 -4551.58
(1,2,(3,((4,6),5))); -4533.45 -1.7887 30.2231 13.7248 -4548.16
(1,2,(3,((4,6),5))); -4533.89 -1.7887 30.0041 13.8266 -4548.28
(1,2,(3,(4,(5,6)))); -4534.85 -1.52549 28.2454 13.3402 -4548.23
(1,(2,3),(4,(5,6))); -4539.39 -1.62423 27.0949 13.0741 -4551.79
(1,2,(3,((4,6),5))); -4533.13 -1.7887 31.0932 13.6481 -4548.79
(1,(2,3),((4,6),5)); -4543.15 -1.88743 29.1692 13.5622 -4556.87
(1,(2,3),((4,6),5)); -4541.62 -1.88743 30.6591 13.7382 -4556.66
(1,(2,((4,6),5)),3); -4539.57 -2.27145 30.1912 13.5664 -4553.92
(1,(2,3),(4,(5,6))); -4542.56 -1.62423 23.5226 13.1649 -4551.3
(1,(2,3),(4,(5,6))); -4538.06 -1.62423 29.1295 13.6122 -4551.95
(1,(2,3),(4,(5,6))); -4537.95 -1.62423 29.268 13.5033 -4552.09
(1,2,(3,((4,6),5))); -4532.07 -1.7887 32.026 13.6015 -4548.71
(1,(2,((4,6),5)),3); -4538.56 -2.27145 30.9955 13.2734 -4554.01
(1,(2,3),((4,6),5)); -4542.94 -1.88743 29.7736 13.7299 -4557.1
(1,(2,(4,(5,6))),3); -4537.37 -2.00825 30.6934 13.8524 -4552.2
(1,(2,(4,(5,6))),3); -4542.41 -2.00825 24.1194 13.1316 -4551.39
(1,2,(3,((4,6),5))); -4534.76 -1.7887 29.2287 13.5087 -4548.69
(1,2,(3,(4,(5,6)))); -4532.67 -1.52549 30.8262 13.3884 -4548.59
(1,2,(3,((4,6),5))); -4535.32 -1.7887 28.1603 13.1529 -4548.53
(1,(2,((4,6),5)),3); -4541.79 -2.27145 27.4063 13.257 -4553.67
(1,2,(3,(4,(5,6)))); -4534.18 -1.52549 29.7069 13.8076 -4548.56
(1,(2,3),(4,(5,6))); -4536.75 -1.62423 30.0478 13.3357 -4551.83
(1,2,(3,(4,(5,6)))); -4537.66 -1.52549 25.3122 13.1704 -4548.28
(1,2,(3,((4,6),5))); -4532.97 -1.7887 30.7381 13.6771 -4548.24
(1,(2,((4,6),5)),3); -4545.34 -2.27145 24.8312 14.1489 -4553.75
(1,(2,3),((4,6),5)); -4540.06 -1.88743 32.4321 13.5703 -4557.04
(1,(2,3),((4,5),6)); -4548.39 -4.71309 29.1053 13.2659 -4559.51
(1,(2,3),(4,(5,6))); -4540.25 -1.62423 27.2989 13.6413 -4552.29
(1,(2,3),(4,(5,6))); -4539.06 -1.62423 28.0416 13.8145 -4551.66
(1,(2,3),((4,6),5)); -4548.56 -1.88743 24.4124 13.8974 -4557.19
(1,(2,(4,(5,6))),3); -4538.93 -2.00825 27.6453 13.0964 -4551.47
(1,(2,(4,(5,6))),3); -4541.02 -2.00825 25.3097 13.0505 -4551.27
(1,(2,3),((4,6),5)); -4541.03 -1.88743 30.5085 13.3821 -4556.27
(1,2,(3,((4,6),5))); -4539.4 -1.7887 24.2801 13.6048 -4548.29
(1,(2,((4,5),6)),3); -4547.37 -5.09711 32.6485 13.4415 -4561.48
(1,(2,(4,(5,6))),3); -4535.78 -2.00825 31.3661 13.5928 -4551.54
(1,2,(3,(4,(5,6)))); -4532.32 -1.52549 31.3857 13.6151 -4548.57
(1,(2,(4,(5,6))),3); -4538.16 -2.00825 29.6348 13.7899 -4552
(1,(2,(4,(5,6))),3); -4536.73 -2.00825 31.0749 13.9269 -4551.87
(1,2,(3,((4,6),5))); -4536.8 -1.7887 26.9824 13.3287 -4548.67
(1,(2,3),(4,(5,6))); -4543.76 -1.62423 23.6264 13.6433 -4552.11
(1,2,(3,(4,(5,6)))); -4534.36 -1.52549 29.397 13.8436 -4548.39
(1,(2,((4,6),5)),3); -4538.55 -2.27145 31.4257 13.5485 -4554.16
(1,(2,3),((4,6),5)); -4542.51 -1.88743 29.7229 13.6441 -4556.7
(1,(2,(4,(5,6))),3); -4535.5 -2.00825 31.6083 13.4847 -4551.62
(1,(2,3),((4,6),5)); -4545.84 -1.88743 25.8964 13.0566 -4556.79
(1,2,(3,((4,5),6))); -4538.95 -4.61435 30.0446 13.1324 -4551.25
(1,(2,((4,6),5)),3); -4542.1 -2.27145 28.2947 13.8128 -4554.31
(1,(2,3),(4,(5,6))); -4540.6 -1.62423 25.585 13.0229 -4551.54
(1,2,(3,(4,(5,6)))); -4536.57 -1.52549 26.5531 13.227 -4548.37
(1,(2,(4,(5,6))),3); -4538.35 -2.00825 28.697 13.8003 -4551.24
(1,2,(3,((4,6),5))); -4534.97 -1.7887 29.133 13.7328 -4548.58
(1,2,(3,(4,(5,6)))); -4530.66 -1.52549 32.4591 13.3769 -4548.21
(1,2,(3,(4,(5,6)))); -4534.65 -1.52549 28.2005 12.9353 -4548.39
(1,2,(3,((4,6),5))); -4537.3 -1.7887 26.9393 13.8526 -4548.6
(1,(2,3),((4,6),5)); -4544.23 -1.88743 27.62 13.5522 -4556.41
(1,(2,3),(4,(5,6))); -4537.28 -1.62423 30.0418 13.7136 -4551.98
(1,(2,3),(4,(5,6))); -4538.07 -1.62423 29.6289 13.8372 -4552.24
(1,(2,((4,6),5)),3); -4540.65 -2.27145 28.594 13.0623 -4553.91
(1,2,(3,(4,(5,6)))); -4533.45 -1.52549 29.3629 13.3252 -4547.97
(1,2,(3,(4,(5,6)))); -4536.01 -1.52549 27.3857 13.7082 -4548.16
(1,(2,(4,(5,6))),3); -4536.01 -2.00825 30.8375 13.3946 -4551.45
(1,2,(3,(4,(5,6)))); -4534.69 -1.52549 28.6465 13.361 -4548.45
(1,2,(3,((4,6),5))); -4540.23 -1.7887 22.513 13.047 -4547.91
(1,(2,3),(4,(5,6))); -4539.76 -1.62423 27.627 13.667 -4552.1
(1,(2,(4,(5,6))),3); -4538.9 -2.00825 27.3491 13.0141 -4551.22
(1,(2,((4,6),5)),3); -4543.05 -2.27145 27.1131 13.2195 -4554.68
(1,2,(3,(4,(5,6)))); -4538.13 -1.52549 24.4784 13.0565 -4548.02
(1,(2,3),((4,6),5)); -4547.86 -1.88743 24.3073 12.9124 -4557.37
(1,2,(3,(4,(5,6)))); -4534.61 -1.52549 28.5575 13.1463 -4548.5
(1,(2,((4,6),5)),3); -4545.72 -2.27145 23.4477 13.0056 -4553.89
(1,(2,(4,(5,6))),3); -4536.02 -2.00825 30.9793 13.7374 -4551.26
(1,2,(3,((4,6),5))); -4537.27 -1.7887 25.835 13.1443 -4548.17
(1,2,(3,((4,6),5))); -4534.8 -1.7887 29.299 13.6123 -4548.7
(1,(2,3),((4,6),5)); -4542.64 -1.88743 29.057 13.4108 -4556.4
(1,(2,3),(4,(5,6))); -4539.26 -1.62423 27.9842 13.6901 -4551.93
(1,(2,((4,6),5)),3); -4540.49 -2.27145 29.0051 13.3707 -4553.86
(1,(2,(4,(5,6))),3); -4535.87 -2.00825 31.101 13.7684 -4551.2
(1,(2,3),((4,6),5)); -4543.48 -1.88743 28.0441 13.4479 -4556.18
(1,(2,3),((4,6),5)); -4542.4 -1.88743 29.3734 13.1107 -4556.78
(1,(2,((4,6),5)),3); -4539.16 -2.27145 31.0117 13.7696 -4554.13
(1,2,(3,(4,(5,6)))); -4537.15 -1.52549 26.2545 13.3969 -4548.48
(1,(2,3),(4,(5,6))); -4538.98 -1.62423 27.9695 13.381 -4551.95
(1,2,(3,((4,6),5))); -4535.94 -1.7887 27.5134 13.4775 -4548.19
(1,2,(3,(4,(5,6)))); -4531.98 -1.52549 31.4714 13.3586 -4548.57
(1,(2,((4,6),5)),3); -4539.35 -2.27145 30.7268 13.773 -4554.03
(1,(2,3),((4,6),5)); -4542.16 -1.88743 29.5753 13.3733 -4556.48
(1,2,(3,(4,(5,6)))); -4535.33 -1.52549 28.1563 13.452 -4548.51
(1,2,(3,(4,(5,6)))); -4530.69 -1.52549 32.7277 13.6289 -4548.26
(1,(2,3),(4,(5,6))); -4537.47 -1.62423 29.8231 13.9146 -4551.75
(1,(2,3),((4,5),6)); -4553.79 -4.71309 23.4694 13.2759 -4559.27
(1,(2,3),(4,(5,6))); -4536.87 -1.62423 29.7973 13.6427 -4551.4
(1,2,(3,(4,(5,6)))); -4540.35 -1.52549 21.8361 12.8891 -4547.77
(1,(2,(4,(5,6))),3); -4539.82 -2.00825 27.4972 13.5491 -4551.76
(1,(2,((4,6),5)),3); -4543.07 -2.27145 26.437 12.8727 -4554.36
(1,2,(3,(4,(5,6)))); -4534.68 -1.52549 28.971 13.9718 -4548.16
(1,(2,3),(4,(5,6))); -4535.28 -1.62423 31.1647 13.4245 -4551.4
(1,(2,((4,5),6)),3); -4548.95 -5.09711 28.0973 13.2554 -4558.7
(1,2,(3,((4,5),6))); -4539.07 -4.61435 30.1674 13.5259 -4551.09
(1,2,(3,(4,(5,6)))); -4537.85 -1.52549 26.3304 13.8363 -4548.82
(1,(2,3),(4,(5,6))); -4537.46 -1.62423 29.2489 13.4915 -4551.59
(1,2,(3,((4,6),5))); -4534.99 -1.7887 29.0265 13.7776 -4548.45
(1,(2,((4,6),5)),3); -4542.54 -2.27145 27.6719 13.7325 -4554.21
(1,(2,3),((4,6),5)); -4543.02 -1.88743 29.876 13.8908 -4557.12
(1,2,(3,(4,(5,6)))); -4533.22 -1.52549 30.2882 13.6364 -4548.35
(1,(2,3),((4,6),5)); -4541.43 -1.88743 31.0247 13.703 -4556.87
(1,(2,3),(4,(5,6))); -4538.16 -1.62423 27.8589 13.0629 -4551.33
(1,(2,3),(4,(5,6))); -4535.96 -1.62423 30.7987 13.3169 -4551.81
(1,(2,3),((4,6),5)); -4543.58 -1.88743 28.9217 13.8905 -4556.72
(1,2,(3,(4,(5,6)))); -4533.97 -1.52549 29.6422 13.5323 -4548.56
(1,(2,3),((4,6),5)); -4540.17 -1.88743 31.5493 13.4671 -4556.36
(1,(2,(4,(5,6))),3); -4538.39 -2.00825 29.2394 13.8248 -4551.8
(1,(2,3),(4,(5,6))); -4538.72 -1.62423 28.608 13.5871 -4552.12
(1,2,(3,(4,(5,6)))); -4534.67 -1.52549 28.2295 13.2924 -4548.08
(1,(2,3),((4,6),5)); -4540.64 -1.88743 31.2827 13.4813 -4556.55
(1,(2,3),(4,(5,6))); -4535.7 -1.62423 31.7752 13.717 -4552.13
(1,(2,(4,(5,6))),3); -4537.96 -2.00825 29.1349 13.6669 -4551.42
(1,(2,(4,(5,6))),3); -4538.53 -2.00825 28.3226 13.2321 -4551.62
(1,(2,3),(4,(5,6))); -4540.4 -1.62423 26.4586 13.5156 -4551.72
(1,(2,3),((4,6),5)); -4542.45 -1.88743 29.4142 13.4883 -4556.49
(1,2,(3,(4,(5,6)))); -4531.68 -1.52549 31.5822 13.3954 -4548.35
(1,2,(3,(4,(5,6)))); -4532.71 -1.52549 30.6607 13.719 -4548.12
(1,2,(3,(4,(5,6)))); -4543.16 -1.52549 21.4183 13.9416 -4549.12
(1,(2,3),(4,(5,6))); -4538.79 -1.62423 27.6711 13.0957 -4551.74
(1,(2,(4,(5,6))),3); -4541.83 -2.00825 25.7931 13.9198 -4551.7
(1,(2,3),((4,6),5)); -4540.14 -1.88743 32.4141 13.6144 -4557.06
(1,(2,(4,(5,6))),3); -4536.97 -2.00825 30.2483 13.6686 -4551.54
(1,2,(3,(4,(5,6)))); -4532.14 -1.52549 31.3643 13.5844 -4548.39
(1,(2,(4,(5,6))),3); -4536.2 -2.00825 30.4264 13.3148 -4551.3
(1,2,(3,(4,(5,6)))); -4533.15 -1.52549 30.102 13.5126 -4548.22
(1,(2,3),((4,6),5)); -4544.68 -1.88743 27.7528 13.6709 -4556.88
(1,(2,3),(4,(5,6))); -4540.03 -1.62423 26.5297 13.3837 -4551.56
(1,(2,((4,6),5)),3); -4538.75 -2.27145 31.5297 13.5205 -4554.48
(1,(2,3),(4,(5,6))); -4545.32 -1.62423 21.2401 13.0264 -4551.91
(1,2,(3,((4,6),5))); -4539.88 -1.7887 24.3115 13.859 -4548.55
(1,(2,3),(4,(5,6))); -4538.96 -1.62423 28.6175 13.6561 -4552.3
(1,(2,3),(4,(5,6))); -4537.28 -1.62423 29.5564 13.3529 -4551.86
(1,2,(3,((4,6),5))); -4536.04 -1.7887 27.4989 13.5377 -4548.21
(1,2,(3,(4,(5,6)))); -4534.99 -1.52549 28.073 13.2435 -4548.3
(1,(2,3),(4,(5,6))); -4536.72 -1.62423 30.8947 13.8646 -4552.13
(1,(2,(4,(5,6))),3); -4537.2 -2.00825 29.439 13.1148 -4551.52
(1,2,(3,((4,6),5))); -4534.91 -1.7887 28.4739 13.2135 -4548.38
(1,2,(3,((4,6),5))); -4534.1 -1.7887 30.109 13.7035 -4548.72
(1,2,(3,((4,6),5))); -4535.33 -1.7887 28.8109 13.8595 -4548.49
(1,(2,3),(4,(5,6))); -4538.09 -1.62423 29.9053 13.8938 -4552.48
(1,2,(3,((4,6),5))); -4533.48 -1.7887 30.3333 13.6638 -4548.36
(1,(2,(4,(5,6))),3); -4537.76 -2.00825 29.0256 13.5154 -4551.26
(1,2,(3,((4,6),5))); -4539.71 -1.7887 24.1709 13.6749 -4548.41
(1,2,(3,(4,(5,6)))); -4542.9 -1.52549 18.6296 12.2516 -4547.76
(1,(2,((4,6),5)),3); -4541.91 -2.27145 27.9498 13.3562 -4554.23
(1,(2,(4,(5,6))),3); -4535.18 -2.00825 32.0593 13.5245 -4551.7
(1,(2,(4,(5,6))),3); -4539.7 -2.00825 27.9315 13.8095 -4551.81
(1,(2,(4,(5,6))),3); -4539.23 -2.00825 28.648 14.0244 -4551.85
(1,2,(3,((4,6),5))); -4536.25 -1.7887 27.0585 13.5206 -4548
(1,(2,3),(4,(5,6))); -4543.51 -1.62423 22.9918 13.3249 -4551.55
(1,2,(3,((4,6),5))); -4532.97 -1.7887 30.2171 13.3288 -4548.07
(1,(2,3),(4,(5,6))); -4536.31 -1.62423 30.4853 13.7051 -4551.47
(1,(2,3),((4,5),6)); -4548.8 -4.71309 27.9471 13.1435 -4558.89
(1,(2,(4,(5,6))),3); -4536.48 -2.00825 30.5779 13.2616 -4551.79
(1,2,(3,(4,(5,6)))); -4533.03 -1.52549 30.3587 13.5393 -4548.32
(1,2,(3,(4,(5,6)))); -4533.16 -1.52549 29.7975 13.5663 -4547.86
(1,2,(3,((4,6),5))); -4534.88 -1.7887 29.279 13.9325 -4548.43
(1,(2,((4,6),5)),3); -4539.73 -2.27145 30.0059 13.3742 -4554.09
(1,2,(3,((4,6),5))); -4535.29 -1.7887 28.3346 13.5055 -4548.33
(1,(2,3),(4,(5,6))); -4537.51 -1.62423 29.429 13.6973 -4551.62
(1,(2,3),(4,(5,6))); -4536.2 -1.62423 31.1383 13.9379 -4551.78
(1,(2,(4,(5,6))),3); -4540.75 -2.00825 26.9432 14.0969 -4551.59
(1,2,(3,((4,6),5))); -4533.8 -1.7887 30.4659 13.8117 -4548.67
(1,(2,3),(4,(5,6))); -4538.37 -1.62423 28.8117 13.7233 -4551.84
(1,2,(3,(4,(5,6)))); -4535.43 -1.52549 28.7554 14.1345 -4548.53
(1,(2,3),(4,(5,6))); -4535.97 -1.62423 31.0825 13.5321 -4551.9
(1,(2,3),((4,6),5)); -4541.73 -1.88743 30.1484 13.6213 -4556.37
(1,(2,3),((4,6),5)); -4542.2 -1.88743 30.2486 13.3809 -4557.18
(1,(2,(4,(5,6))),3); -4541.48 -2.00825 25.0099 13.3375 -4551.14
(1,(2,(4,(5,6))),3); -4536.29 -2.00825 30.8852 13.4025 -4551.76
(1,2,(3,(4,(5,6)))); -4535.91 -1.52549 27.5711 13.554 -4548.4
(1,(2,(4,(5,6))),3); -4536.95 -2.00825 30.0484 13.3507 -4551.64
(1,(2,((4,6),5)),3); -4540.6 -2.27145 30.212 13.9429 -4554.59
(1,2,(3,((4,6),5))); -4535.31 -1.7887 28.6031 13.5454 -4548.58
(1,2,(3,(4,(5,6)))); -4536.67 -1.52549 26.8573 13.8323 -4548.17
(1,(2,3),((4,5),6)); -4548.49 -4.71309 29.6251 13.8436 -4559.56
(1,(2,3),(4,(5,6))); -4538.81 -1.62423 27.9817 13.4915 -4551.68
(1,(2,3),(4,(5,6))); -4539.69 -1.62423 26.7435 13.4798 -4551.33
(1,(2,(4,(5,6))),3); -4540.68 -2.00825 26.2863 13.6624 -4551.3
(1,((2,5),3),(4,6)); -4607.88 -7.76796 30.1632 13.0783 -4617.2
(1,(2,3),((4,6),5)); -4540.65 -1.88743 31.6589 13.4704 -4556.95
(1,(2,3),(4,(5,6))); -4535.79 -1.62423 30.9299 13.3909 -4551.7
(1,(2,((4,6),5)),3); -4538.46 -2.27145 31.7945 13.9397 -4554.04
(1,2,(3,(4,(5,6)))); -4533.72 -1.52549 30.0076 13.8016 -4548.4
(1,2,(3,(4,(5,6)))); -4534.1 -1.52549 29.6599 13.7189 -4548.52
(1,2,(3,(4,(5,6)))); -4532.37 -1.52549 30.9241 13.4898 -4548.28
(1,2,(3,((4,6),5))); -4532.6 -1.7887 30.6803 13.5212 -4547.97
(1,(2,(4,(5,6))),3); -4540.7 -2.00825 26.9387 13.5488 -4552.08
(1,2,(3,(4,(5,6)))); -4531.76 -1.52549 31.8097 13.7378 -4548.31
(1,(2,3),(4,(5,6))); -4535.26 -1.62423 31.8482 13.791 -4551.69
(1,2,(3,(4,(5,6)))); -4534.54 -1.52549 29.3115 13.8188 -4548.5
(1,(2,3),(4,(5,6))); -4534.92 -1.62423 32.6256 13.6792 -4552.24
(1,(2,3),((4,6),5)); -4542.02 -1.88743 29.2549 13.2853 -4556.1
(1,(2,((4,6),5)),3); -4541.42 -2.27145 27.9781 13.2751 -4553.85
(1,2,(3,((4,6),5))); -4532.95 -1.7887 31.4474 13.6423 -4548.97
(1,2,(3,((4,6),5))); -4536.79 -1.7887 26.2062 13.1708 -4548.04
(1,2,(3,(4,(5,6)))); -4534.12 -1.52549 29.2972 13.6423 -4548.24
(1,2,(3,((4,6),5))); -4533.31 -1.7887 30.629 13.8132 -4548.34
(1,(2,3),(4,(5,6))); -4535.88 -1.62423 31.3307 13.6948 -4551.89
(1,(2,3),((4,6),5)); -4544.66 -1.88743 26.9087 12.9793 -4556.71
(1,(2,3),((4,6),5)); -4545.53 -1.88743 25.8539 13.3228 -4556.17
(1,(2,3),((4,6),5)); -4541.89 -1.88743 30.2485 13.571 -4556.68
(1,2,(3,((4,6),5))); -4534.65 -1.7887 28.6661 13.4364 -4548.09
(1,2,(3,(4,(5,6)))); -4532.89 -1.52549 30.7637 13.7989 -4548.33
(1,(2,3),((4,6),5)); -4542.26 -1.88743 30.5151 13.741 -4557.15
(1,2,(3,(4,(5,6)))); -4533.9 -1.52549 29.4065 13.2348 -4548.54
(1,2,(3,(4,(5,6)))); -4533.98 -1.52549 30.1427 13.7911 -4548.81
(1,(2,3),((4,6),5)); -4542.23 -1.88743 29.5904 13.3736 -4556.56
(1,(2,3),((4,6),5)); -4542.64 -1.88743 29.6265 13.2772 -4557.1
(1,(2,(4,(5,6))),3); -4541.04 -2.00825 25.7257 13.3813 -4551.38
(1,2,(3,(4,(5,6)))); -4536.13 -1.52549 27.3908 13.4946 -4548.5
(1,2,(3,((4,6),5))); -4535.16 -1.7887 28.0334 13.0876 -4548.32
(1,(2,3),((4,6),5)); -4539.76 -1.88743 32.1402 13.3776 -4556.64
(1,(2,3),((4,6),5)); -4545.4 -1.88743 26.6196 13.7034 -4556.42
(1,(2,3),((4,6),5)); -4541.48 -1.88743 30.3795 12.9745 -4557
(1,2,(3,(4,(5,6)))); -4536.56 -1.52549 27.4227 13.8713 -4548.59
(1,(2,3),((4,6),5)); -4540.3 -1.88743 31.9631 13.4851 -4556.89
(1,2,(3,(4,(5,6)))); -4540.16 -1.52549 22.949 13.2503 -4548.34
(1,(2,((4,6),5)),3); -4540.69 -2.27145 29.0295 13.6152 -4553.83
(1,2,(3,(4,(5,6)))); -4535.99 -1.52549 27.3856 13.4177 -4548.44
(1,(2,3),((4,6),5)); -4541.04 -1.88743 31.0355 13.3752 -4556.81
(1,(2,3),((4,6),5)); -4543.84 -1.88743 28.9665 13.5835 -4557.33
(1,(2,3),((4,6),5)); -4544.58 -1.88743 27.748 13.5561 -4556.88
(1,(2,3),((4,6),5)); -4545.98 -1.88743 25.7508 13.2335 -4556.61
(1,(2,((4,6),5)),3); -4539.79 -2.27145 30.0132 13.5641 -4553.97
(1,2,(3,((4,6),5))); -4537.33 -1.7887 27.4528 14.2777 -4548.71
(1,2,(3,(4,(5,6)))); -4535.04 -1.52549 28.6335 13.6701 -4548.48
(1,(2,3),(4,(5,6))); -4536.96 -1.62423 29.4493 13.336 -4551.45
(1,(2,3),((4,6),5)); -4539.96 -1.88743 32.604 13.5481 -4557.13
(1,(2,3),(4,(5,6))); -4540.84 -1.62423 26.5273 13.8078 -4551.93
(1,(2,3),(4,(5,6))); -4537.71 -1.62423 29.432 13.7055 -4551.82
(1,2,(3,(4,(5,6)))); -4534.53 -1.52549 29.3278 13.6615 -4548.68
(1,(2,(4,(5,6))),3); -4535.59 -2.00825 31.3588 13.2867 -4551.65
(1,2,(3,((4,6),5))); -4537.83 -1.7887 26.2521 13.6665 -4548.63
(1,2,(3,((4,6),5))); -4533.09 -1.7887 31.1781 13.7375 -4548.74
(1,(2,3),(4,(5,6))); -4536.1 -1.62423 30.3823 13.3686 -4551.49
(1,(2,3),((4,6),5)); -4543.82 -1.88743 28.0279 13.2632 -4556.7
(1,(2,3),((4,6),5)); -4542.42 -1.88743 29.0276 13.1981 -4556.36
(1,2,(3,((4,6),5))); -4534.25 -1.7887 29.0899 13.5028 -4548.05
(1,2,(3,(4,(5,6)))); -4540.21 -1.52549 22.4595 13.3755 -4547.77
(1,(2,3),((4,6),5)); -4543.36 -1.88743 28.839 13.2758 -4557.03
(1,(2,3),(4,(5,6))); -4538.63 -1.62423 27.6138 12.9302 -4551.69
(1,(2,(4,(5,6))),3); -4539.23 -2.00825 28.0312 13.2135 -4552.04
(1,(2,3),((4,6),5)); -4547.56 -1.88743 24.1948 13.0524 -4556.81
(1,(2,3),((4,5),6)); -4548.11 -4.71309 29.0673 13.6155 -4558.85
(1,2,(3,((4,6),5))); -4531.58 -1.7887 32.3558 13.6335 -4548.51
(1,2,(3,(4,(5,6)))); -4533.97 -1.52549 30.3031 13.8441 -4548.91
(1,(2,3),(4,(5,6))); -4536.89 -1.62423 30.4365 13.5751 -4552.12
(1,(2,3),(4,(5,6))); -4538.69 -1.62423 28.6994 13.5721 -4552.2
(1,2,(3,((4,6),5))); -4532.99 -1.7887 31.0141 13.7747 -4548.44
(1,2,(3,(4,(5,6)))); -4536.81 -1.52549 25.9656 13.1678 -4548.08
(1,2,(3,((4,6),5))); -4536.01 -1.7887 27.081 13.0719 -4548.23
(1,2,(3,(4,(5,6)))); -4535.68 -1.52549 27.897 13.6722 -4548.38
(1,(2,3),(4,(5,6))); -4537.45 -1.62423 28.9751 13.2267 -4551.57
(1,(2,3),(4,(5,6))); -4542.03 -1.62423 26.023 14.072 -4552.36
(1,(2,(4,(5,6))),3); -4537.74 -2.00825 29.1158 13.0616 -4551.79
(1,2,(3,(4,(5,6)))); -4534.72 -1.52549 28.3682 13.2788 -4548.28
(1,2,(3,((4,5),6))); -4545.29 -4.61435 70.2283 12.8149 -4598.09
(1,2,(3,((4,6),5))); -4534.54 -1.7887 28.3009 13.1663 -4547.89
(1,(2,((4,6),5)),3); -4541.73 -2.27145 28.3629 13.6824 -4554.14
(1,2,(3,((4,6),5))); -4536.16 -1.7887 27.5358 13.3462 -4548.56
(1,(2,((4,5),6)),3); -4546 -5.09711 32.4888 13.6623 -4559.73
(1,2,(3,(4,(5,6)))); -4532.33 -1.52549 30.9214 13.3136 -4548.41
(1,(2,(4,(5,6))),3); -4539.77 -2.00825 27.3776 13.3026 -4551.84
(1,(2,3),((4,6),5)); -4543.44 -1.88743 28.1883 12.8487 -4556.89
(1,(2,3),((4,6),5)); -4542.27 -1.88743 30.5574 14.0867 -4556.86
(1,(2,3),(4,(5,6))); -4536.79 -1.62423 30.1933 13.2644 -4552.09
(1,(2,3),(4,(5,6))); -4537.94 -1.62423 28.9882 13.4806 -4551.83
(1,(2,3),((4,6),5)); -4542.41 -1.88743 29.7992 13.6184 -4556.7
(1,2,(3,((4,6),5))); -4537.19 -1.7887 25.9766 13.7421 -4547.63
(1,2,(3,((4,6),5))); -4534.76 -1.7887 29.3959 13.6272 -4548.74
(1,(2,((4,6),5)),3); -4545.95 -2.27145 23.5718 12.8612 -4554.39
(1,(2,((4,6),5)),3); -4542 -2.27145 28.0251 13.504 -4554.25
(1,2,(3,(4,(5,6)))); -4535.61 -1.52549 27.8689 13.4839 -4548.47
(1,2,(3,((4,6),5))); -4533.39 -1.7887 29.5174 13.1795 -4547.94
(1,(2,3),((4,6),5)); -4543.15 -1.88743 28.633 13.2708 -4556.63
(1,(2,3),(4,(5,6))); -4535.09 -1.62423 31.8328 13.4562 -4551.85
(1,2,(3,(4,(5,6)))); -4532.15 -1.52549 31.4241 13.6608 -4548.39
(1,(2,3),((4,6),5)); -4546.3 -1.88743 25.873 13.4833 -4556.8
(1,(2,((4,6),5)),3); -4541.21 -2.27145 28.5145 13.2597 -4554.19
(1,(2,3),(4,(5,6))); -4538.77 -1.62423 27.88 13.1385 -4551.89
(1,2,(3,(4,(5,6)))); -4534.98 -1.52549 27.7459 13.4456 -4547.75
(1,(2,3),((4,6),5)); -4542.63 -1.88743 29.3279 13.2481 -4556.82
(1,(2,((4,6),5)),3); -4538.88 -2.27145 30.4629 13.362 -4553.71
(1,(2,(4,(5,6))),3); -4538.49 -2.00825 27.7474 13.0628 -4551.17
(1,(2,3),((4,6),5)); -4542.69 -1.88743 29.5384 13.7568 -4556.58
(1,(2,((4,6),5)),3); -4542.73 -2.27145 27.3374 13.7202 -4554.08
(1,2,(3,((4,6),5))); -4531.88 -1.7887 31.3851 13.2561 -4548.22
(1,2,(3,(4,(5,6)))); -4532.92 -1.52549 31.1834 13.8144 -4548.77
(1,2,(3,(4,(5,6)))); -4535.16 -1.52549 27.9699 13.1806 -4548.42
(1,(2,(4,(5,6))),3); -4543.52 -2.00825 23.3145 12.7487 -4552.08
(1,(2,3),(4,(5,6))); -4536.44 -1.62423 30.6381 13.6675 -4551.79
(1,(2,((4,6),5)),3); -4540.72 -2.27145 29.8492 13.8699 -4554.43
(1,2,(3,(4,(5,6)))); -4534.64 -1.52549 29.3616 13.8936 -4548.58
(1,2,(3,((4,6),5))); -4534.29 -1.7887 28.9394 13.3208 -4548.12
(1,(2,3),((4,6),5)); -4541.54 -1.88743 31.0768 13.7625 -4556.97
(1,(2,(4,(5,6))),3); -4536.1 -2.00825 30.9355 13.4119 -4551.62
(1,(2,((4,6),5)),3); -4541.11 -2.27145 29.2874 13.7731 -4554.35
(1,2,(3,((4,6),5))); -4541.47 -1.7887 20.8645 12.5588 -4547.98
(1,(2,(4,(5,6))),3); -4541.32 -2.00825 25.3543 13.4317 -4551.23
(1,2,(3,(4,(5,6)))); -4534.35 -1.52549 28.4091 13.0719 -4548.16
(1,(2,3),(4,(5,6))); -4535.03 -1.62423 32.1645 13.631 -4551.94
(1,2,(3,(4,(5,6)))); -4532.53 -1.52549 30.8566 13.3633 -4548.5
(1,(2,3),((4,6),5)); -4541.14 -1.88743 30.8612 13.5749 -4556.54
(1,2,(3,(4,(5,6)))); -4540.78 -1.52549 21.8448 12.9126 -4548.19
(1,(2,3),(4,(5,6))); -4540.47 -1.62423 26.4139 13.7055 -4551.55
(1,(2,3),((4,6),5)); -4543.1 -1.88743 28.1866 13.1531 -4556.24
(1,(2,(4,(5,6))),3); -4537.06 -2.00825 29.2333 12.9534 -4551.33
(1,2,(3,((4,5),6))); -4541.05 -4.61435 27.8621 13.4422 -4550.86
(1,(2,(4,(5,6))),3); -4539.88 -2.00825 27.7529 13.8782 -4551.75
(1,2,(3,((4,6),5))); -4533.5 -1.7887 29.8043 13.3941 -4548.12
(1,2,(3,(4,(5,6)))); -4533.92 -1.52549 29.343 13.6041 -4548.14
(1,(2,3),((4,6),5)); -4543.55 -1.88743 28.2366 13.0129 -4556.89
(1,2,(3,(4,(5,6)))); -4536.14 -1.52549 27.8408 13.7624 -4548.69
(1,(2,3),(4,(5,6))); -4537.93 -1.62423 29.3093 13.8642 -4551.75
(1,(2,3),((4,6),5)); -4543.95 -1.88743 28.0385 13.5587 -4556.54
(1,2,(3,(4,(5,6)))); -4536.44 -1.52549 27.3675 13.6807 -4548.6
(1,2,(3,((4,6),5))); -4536.34 -1.7887 26.6656 13.3286 -4547.89
(1,(2,3),(4,(5,6))); -4541.41 -1.62423 26.2347 14.0173 -4552
(1,2,(3,((4,6),5))); -4533.89 -1.7887 30.2769 13.8002 -4548.58
(1,2,(3,(4,(5,6)))); -4534.1 -1.52549 29.6939 13.8597 -4548.41
(1,(2,3),(4,(5,6))); -4535.71 -1.62423 31.7985 13.7692 -4552.12
(1,(2,3),(4,(5,6))); -4534.43 -1.62423 32.3717 13.379 -4551.8
(1,(2,3),((4,6),5)); -4540.92 -1.88743 31.4318 13.375 -4557.08
(1,(2,3),(4,(5,6))); -4536.96 -1.62423 29.7302 13.494 -4551.57
(1,(2,3),(4,(5,6))); -4538.22 -1.62423 28.6703 13.4288 -4551.84
(1,(2,(4,(5,6))),3); -4537.8 -2.00825 29.2729 13.6038 -4551.46
(1,(2,(4,(5,6))),3); -4536.67 -2.00825 30.7398 13.6396 -4551.76
(1,(2,3),((4,6),5)); -4543.35 -1.88743 28.0431 13.3022 -4556.2
(1,(2,3),((4,6),5)); -4541.3 -1.88743 31.2843 13.6416 -4557.05
(1,(2,3),((4,6),5)); -4543.72 -1.88743 28.1902 13.5758 -4556.45
(1,2,(3,((4,6),5))); -4533.16 -1.7887 30.4618 13.3733 -4548.46
(1,(2,(4,(5,6))),3); -4536.64 -2.00825 30.2535 13.2961 -4551.59
(1,2,(3,(4,(5,6)))); -4534.35 -1.52549 29.377 13.4628 -4548.74
(1,(2,((4,6),5)),3); -4542.47 -2.27145 26.1318 12.7737 -4553.56
(1,(2,3),(4,(5,6))); -4537.72 -1.62423 29.4261 13.7262 -4551.8
(1,(2,3),(4,(5,6))); -4538.71 -1.62423 27.3872 13.1648 -4551.3
(1,2,(3,(4,(5,6)))); -4537.33 -1.52549 25.4648 13.4554 -4547.82
(1,(2,(4,(5,6))),3); -4537.06 -2.00825 29.0363 13.0264 -4551.06
(1,(2,3),((4,6),5)); -4541.39 -1.88743 31.0698 13.6672 -4556.9
(1,(2,3),((4,6),5)); -4543.08 -1.88743 29.1278 13.3669 -4556.95
(1,(2,(4,(5,6))),3); -4535.87 -2.00825 30.9211 13.3917 -4551.39
(1,(2,(4,(5,6))),3); -4535.09 -2.00825 31.9147 13.3332 -4551.67
(1,2,(3,((4,6),5))); -4537.55 -1.7887 26.0074 13.4755 -4548.29
(1,2,(3,((4,6),5))); -4533.01 -1.7887 30.338 13.1908 -4548.36
(1,(2,((4,6),5)),3); -4539.67 -2.27145 30.2016 13.6139 -4553.98
(1,2,(3,(4,(5,6)))); -4535.56 -1.52549 27.5656 13.1651 -4548.43
(1,(2,3),(4,(5,6))); -4537.95 -1.62423 29.4638 13.761 -4552.03
(1,(2,3),(4,(5,6))); -4534.69 -1.62423 32.3674 13.6427 -4551.79
(1,2,(3,(4,(5,6)))); -4535.02 -1.52549 27.5855 13.2593 -4547.82
(1,(2,3),((4,6),5)); -4541.67 -1.88743 29.8042 13.2786 -4556.3
(1,2,(3,((4,6),5))); -4534.28 -1.7887 29.7771 13.6522 -4548.61
(1,(2,(4,(5,6))),3); -4537.87 -2.00825 28.9617 13.176 -4551.65
(1,(2,3),((4,6),5)); -4541.19 -1.88743 31.2752 13.6352 -4556.95
(1,2,(3,(4,(5,6)))); -4532.34 -1.52549 31.6715 13.8292 -4548.66
(1,2,(3,((4,6),5))); -4538.88 -1.7887 24.5555 13.4731 -4548.17
(1,2,(3,(4,(5,6)))); -4531.75 -1.52549 31.7694 13.7206 -4548.27
(1,2,(3,((4,6),5))); -4535.65 -1.7887 27.7366 13.5699 -4548.03
(1,(2,3),(4,(5,6))); -4538.7 -1.62423 28.3775 13.7412 -4551.71
(1,(2,3),(4,(5,6))); -4535.43 -1.62423 31.7129 13.4881 -4552.03
(1,(2,(4,(5,6))),3); -4537.71 -2.00825 29.1854 13.205 -4551.68
(1,2,(3,((4,6),5))); -4533 -1.7887 31.1515 13.4642 -4548.9
(1,(2,(4,(5,6))),3); -4536.74 -2.00825 30.4172 13.4082 -4551.74
(1,(2,3),(4,(5,6))); -4537.08 -1.62423 30.601 13.8729 -4552.18
(1,(2,3),(4,(5,6))); -4536.11 -1.62423 30.8908 13.5469 -4551.83
(1,2,(3,((4,6),5))); -4538.06 -1.7887 25.2105 12.9413 -4548.54
(1,(2,3),(4,(5,6))); -4539.63 -1.62423 27.4461 13.6205 -4551.83
(1,(2,3),((4,5),6)); -4550.55 -4.71309 28.0066 13.6959 -4560.15
(1,(2,3),(4,(5,6))); -4537.47 -1.62423 28.947 13.1111 -4551.69
(1,(2,3),((4,6),5)); -4549.23 -1.88743 21.9257 12.7483 -4556.52
(1,(2,3),((4,6),5)); -4545.46 -1.88743 27.3057 14.0485 -4556.83
(1,(2,(4,(5,6))),3); -4539.7 -2.00825 27.3597 13.1504 -4551.9
(1,2,(3,((4,6),5))); -4534.55 -1.7887 29.634 13.9328 -4548.47
(1,2,(3,(4,(5,6)))); -4534.27 -1.52549 29.3398 13.5076 -4548.58
(1,(2,(4,(5,6))),3); -4537.64 -2.00825 29.4045 13.7361 -4551.31
(1,(2,(4,(5,6))),3); -4537.68 -2.00825 29.7824 13.6311 -4551.82
(1,(2,3),(4,(5,6))); -4540.14 -1.62423 26.0444 13.0382 -4551.52
(1,(2,3),(4,(5,6))); -4539.65 -1.62423 28.3955 14.0062 -4552.42
(1,(2,((4,6),5)),3); -4540.17 -2.27145 28.8373 12.9342 -4553.8
(1,(2,(4,(5,6))),3); -4538.86 -2.00825 28.2281 13.4925 -4551.58
(1,(2,((4,6),5)),3); -4541.19 -2.27145 28.556 13.4357 -4554.04
(1,(2,((4,6),5)),3); -4539.25 -2.27145 30.469 13.3892 -4554.06
(1,(2,3),((4,6),5)); -4545.4 -1.88743 26.484 13.2406 -4556.76
(1,(2,(4,(5,6))),3); -4536.88 -2.00825 30.2464 13.4908 -4551.62
(1,(2,(4,(5,6))),3); -4537.85 -2.00825 28.5289 13.1385 -4551.23
(1,2,(3,(4,(5,6)))); -4535.39 -1.52549 28.6498 13.7788 -4548.74
(1,2,(3,(4,(5,6)))); -4534.88 -1.52549 28.4758 13.7176 -4548.11
(1,(2,3),((4,6),5)); -4543.66 -1.88743 28.6195 13.6698 -4556.72
(1,2,(3,(4,(5,6)))); -4532.89 -1.52549 29.6899 13.1189 -4547.93
(1,2,(3,(4,(5,6)))); -4534.12 -1.52549 29.676 13.5523 -4548.72
(1,(2,3),(4,(5,6))); -4538.51 -1.62423 28.3567 13.371 -4551.88
(1,2,(3,(4,(5,6)))); -4533.58 -1.52549 30.2018 13.5671 -4548.69
(1,2,(3,(4,(5,6)))); -4535.51 -1.52549 27.8881 13.3969 -4548.48
(1,2,(3,((4,6),5))); -4534.87 -1.7887 28.5953 13.4439 -4548.23
(1,2,(3,((4,6),5))); -4532.87 -1.7887 30.4173 13.4222 -4548.08
(1,(2,3),((4,5),6)); -4547.7 -4.71309 30.7652 13.5088 -4560.24
(1,(2,3),((4,6),5)); -4540.81 -1.88743 31.4028 13.3214 -4557
(1,(2,(4,(5,6))),3); -4535.48 -2.00825 32.3492 13.7462 -4552.07
(1,2,(3,(4,(5,6)))); -4536.61 -1.52549 26.2515 13.3427 -4547.99
(1,(2,(4,(5,6))),3); -4538.88 -2.00825 27.4744 12.8404 -4551.51
(1,(2,(4,(5,6))),3); -4537.78 -2.00825 29.9216 13.7286 -4551.97
(1,2,(3,((4,6),5))); -4532.17 -1.7887 31.4209 13.5803 -4548.22
(1,(2,(4,(5,6))),3); -4538.19 -2.00825 29.4236 13.8375 -4551.77
(1,(2,(4,(5,6))),3); -4536.16 -2.00825 31.0112 13.3786 -4551.78
(1,(2,(4,(5,6))),3); -4537.83 -2.00825 28.7832 13.0506 -4551.55
(1,(2,3),(4,(5,6))); -4536.52 -1.62423 30.6844 13.4646 -4552.11
(1,(2,(4,(5,6))),3); -4536.05 -2.00825 30.9993 13.3188 -4551.73
(1,(2,3),((4,6),5)); -4544.92 -1.88743 27.1095 13.093 -4557.05
(1,2,(3,(4,(5,6)))); -4535.71 -1.52549 27.366 13.6031 -4547.95
(1,(2,(4,(5,6))),3); -4538.31 -2.00825 28.5679 13.4686 -4551.4
(1,2,(3,(4,(5,6)))); -4539.74 -1.52549 23.7131 13.228 -4548.7
(1,(2,(4,(5,6))),3); -4538.3 -2.00825 29.3308 13.8641 -4551.76
(1,(2,(4,(5,6))),3); -4540.89 -2.00825 25.972 12.9502 -4551.9
(1,(2,3),((4,6),5)); -4545.82 -1.88743 26.2364 13.5184 -4556.65
(1,(2,3),(4,(5,6))); -4538.53 -1.62423 27.99 13.1751 -4551.72
(1,2,(3,(4,(5,6)))); -4535.67 -1.52549 28.271 13.9721 -4548.44
(1,2,(3,((4,6),5))); -4533.23 -1.7887 30.6408 13.6923 -4548.39
(1,(2,3),(4,(5,6))); -4536.74 -1.62423 30.2058 13.6806 -4551.64
(1,(2,3),((4,6),5)); -4545.16 -1.88743 28.1294 14.1658 -4557.24
(1,(2,3),(4,(5,6))); -4537.43 -1.62423 29.4587 13.5454 -4551.72
(1,2,(3,(4,(5,6)))); -4535.01 -1.52549 27.3001 12.8361 -4547.95
(1,(2,((4,6),5)),3); -4540.74 -2.27145 29.5987 13.3834 -4554.69
(1,2,(3,(4,(5,6)))); -4534.42 -1.52549 28.8155 13.4696 -4548.24
(1,2,(3,(4,(5,6)))); -4534.61 -1.52549 28.8811 13.4687 -4548.5
(1,(2,3),((4,6),5)); -4546.24 -1.88743 26.3959 13.7102 -4557.04
(1,2,(3,(4,(5,6)))); -4533.64 -1.52549 30.512 13.9857 -4548.64
(1,2,(3,((4,6),5))); -4538.22 -1.7887 25.626 13.6092 -4548.45
(1,(2,3),(4,(5,6))); -4537.81 -1.62423 29.0374 13.5344 -4551.69
(1,(2,3),(4,(5,6))); -4537.96 -1.62423 29.5669 13.8153 -4552.09
(1,(2,3),(4,(5,6))); -4536.7 -1.62423 30.4726 13.6548 -4551.9
(1,(2,((4,6),5)),3); -4541.41 -2.27145 28.4684 13.1636 -4554.44
(1,2,(3,((4,6),5))); -4539.1 -1.7887 25.4109 13.8484 -4548.87
(1,2,(3,(4,(5,6)))); -4533.35 -1.52549 30.5381 13.7393 -4548.62
(1,2,(3,(4,(5,6)))); -4532.18 -1.52549 31.3937 13.5506 -4548.5
(1,(2,3),((4,6),5)); -4540.75 -1.88743 31.5578 13.51 -4556.91
(1,(2,3),((4,6),5)); -4542.71 -1.88743 28.4199 13.0829 -4556.16
(1,(2,(4,(5,6))),3); -4538.42 -2.00825 29.2843 14.0559 -4551.65
(1,2,(3,((4,6),5))); -4534.71 -1.7887 29.2472 13.6369 -4548.53
(1,2,(3,(4,(5,6)))); -4534.12 -1.52549 29.0111 13.2358 -4548.37
(1,(2,(4,(5,6))),3); -4535.79 -2.00825 31.3653 13.4488 -4551.7
(1,(2,(4,(5,6))),3); -4536.68 -2.00825 30.686 13.7634 -4551.6
(1,(2,3),(4,(5,6))); -4536.31 -1.62423 30.7638 13.4718 -4551.98
(1,2,(3,(4,(5,6)))); -4533.92 -1.52549 29.6843 13.7271 -4548.35
(1,(2,((4,6),5)),3); -4539.87 -2.27145 29.4129 13.3878 -4553.62
(1,2,(3,((4,6),5))); -4534.86 -1.7887 28.5916 13.2469 -4548.41
(1,2,(3,((4,6),5))); -4536.03 -1.7887 28.1104 13.5293 -4548.82
(1,2,(3,(4,(5,6)))); -4534.42 -1.52549 28.7591 13.3569 -4548.29
(1,2,(3,(4,(5,6)))); -4533.49 -1.52549 29.956 13.8158 -4548.11
(1,2,(3,((4,6),5))); -4534.51 -1.7887 28.6802 13.4275 -4547.97
(1,2,(3,((4,6),5))); -4533.77 -1.7887 30.4303 13.9957 -4548.42
(1,2,(3,((4,6),5))); -4532.15 -1.7887 31.6618 13.465 -4548.56
(1,(2,3),((4,6),5)); -4543.24 -1.88743 28.1346 12.999 -4556.49
(1,2,(3,(4,(5,6)))); -4533.28 -1.52549 30.0461 13.4322 -4548.36
(1,(2,3),(4,(5,6))); -4539.74 -1.62423 28.3517 14.1506 -4552.32
(1,(2,3),((4,6),5)); -4540.23 -1.88743 31.7639 13.3899 -4556.72
(1,2,(3,((4,6),5))); -4533.17 -1.7887 31.1127 13.8188 -4548.67
(1,2,(3,(4,(5,6)))); -4537.62 -1.52549 26.619 13.8891 -4548.82
(1,2,(3,((4,6),5))); -4531.56 -1.7887 32.1004 13.457 -4548.42
(1,2,(3,(4,(5,6)))); -4534.78 -1.52549 28.7231 13.8048 -4548.17
(1,(2,((4,6),5)),3); -4541.02 -2.27145 29.4346 13.4947 -4554.69
(1,2,(3,(4,(5,6)))); -4535.75 -1.52549 27.8106 13.4441 -4548.59
(1,(2,(4,(5,6))),3); -4537.73 -2.00825 29.5019 13.7495 -4551.47
(1,2,(3,(4,(5,6)))); -4537.48 -1.52549 26.6959 13.8361 -4548.81
(1,(2,3),(4,(5,6))); -4538.8 -1.62423 28.7193 13.7666 -4552.13
(1,(2,(4,(5,6))),3); -4541.85 -2.00825 26.1661 13.6684 -4552.34
(1,(2,(4,(5,6))),3); -4536.3 -2.00825 30.9785 13.5413 -4551.73
(1,(2,((4,6),5)),3); -4540.96 -2.27145 28.9875 13.5788 -4554.09
(1,(2,3),((4,6),5)); -4544.24 -1.88743 27.7731 13.3205 -4556.8
(1,(2,3),((4,5),6)); -4554.33 -4.71309 22.8301 13.8848 -4558.56
(1,(2,(4,(5,6))),3); -4538.37 -2.00825 28.4279 13.0468 -4551.74
(1,2,(3,((4,6),5))); -4533.17 -1.7887 30.4528 13.6815 -4548.16
(1,2,(3,(4,(5,6)))); -4533.3 -1.52549 30.6805 13.4781 -4548.98
(1,2,(3,((4,6),5))); -4532.82 -1.7887 30.3964 13.3304 -4548.1
(1,2,(3,(4,(5,6)))); -4532.31 -1.52549 31.0566 13.528 -4548.32
(1,2,(3,(4,(5,6)))); -4538.74 -1.52549 25.3374 14.2049 -4548.34
(1,(2,3),((4,6),5)); -4541.48 -1.88743 31.0987 13.5855 -4557.1
(1,(2,(4,(5,6))),3); -4541.52 -2.00825 26.2906 13.984 -4551.82
(1,2,(3,(4,(5,6)))); -4532.92 -1.52549 30.8599 13.4892 -4548.77
(1,2,(3,((4,6),5))); -4535.58 -1.7887 28.2643 13.7205 -4548.34
(1,2,(3,(4,(5,6)))); -4533.57 -1.52549 30.064 13.3652 -4548.74
(1,(2,3),((4,6),5)); -4541.61 -1.88743 30.5686 13.7498 -4556.54
(1,2,(3,(4,(5,6)))); -4534.89 -1.52549 29.0481 13.9212 -4548.49
(1,(2,((4,6),5)),3); -4544.37 -2.27145 25.8188 13.8089 -4554.1
(1,(2,((4,6),5)),3); -4538.55 -2.27145 31.2698 13.4378 -4554.11
(1,2,(3,(4,(5,6)))); -4534.25 -1.52549 29.2745 13.6427 -4548.35
(1,(2,3),((4,6),5)); -4540.85 -1.88743 31.2365 13.5845 -4556.62
(1,2,(3,((4,6),5))); -4531.94 -1.7887 31.3805 13.1969 -4548.34
(1,(2,3),(4,(5,6))); -4535.56 -1.62423 31.463 13.6546 -4551.75
(1,(2,((4,6),5)),3); -4537.9 -2.27145 31.9066 13.4824 -4554.05
(1,2,(3,(4,(5,6)))); -4534.01 -1.52549 29.2192 13.6582 -4548.05
(1,2,(3,(4,(5,6)))); -4533.08 -1.52549 29.8522 13.1851 -4548.23
(1,(2,3),(4,(5,6))); -4536.89 -1.62423 30.8641 14.0834 -4552.05
(1,2,(3,(4,(5,6)))); -4535.21 -1.52549 29.2161 14.1544 -4548.74
(1,2,(3,((4,6),5))); -4534.57 -1.7887 29.2626 13.6945 -4548.35
(1,(2,3),((4,6),5)); -4542.91 -1.88743 29.1766 13.4783 -4556.72
(1,2,(3,((4,6),5))); -4535.63 -1.7887 28.502 13.814 -4548.53
(1,(2,3),((4,6),5)); -4542.12 -1.88743 30.7596 13.6245 -4557.37
(1,(2,3),(4,(5,6))); -4540.24 -1.62423 26.0112 12.9184 -4551.71
(1,(2,3),(4,(5,6))); -4538.5 -1.62423 27.6958 13.2749 -4551.3
(1,(2,3),(4,(5,6))); -4535.84 -1.62423 30.6527 13.4316 -4551.44
(1,(2,(4,(5,6))),3); -4542.31 -2.00825 26.1459 14.1923 -4552.26
(1,(2,3),(4,(5,6))); -4540.7 -1.62423 26.6155 13.5816 -4552.11
(1,(2,(4,(5,6))),3); -4536.86 -2.00825 30.5724 13.5881 -4551.83
(1,2,(3,((4,6),5))); -4533.13 -1.7887 30.5085 13.5594 -4548.29
(1,(2,3),(4,(5,6))); -4544.96 -1.62423 22.9677 13.9997 -4552.3
(1,(2,(4,(5,6))),3); -4541.35 -2.00825 25.8811 13.8785 -4551.35
(1,(2,3),((4,6),5)); -4546.8 -1.88743 25.8382 13.9725 -4556.78
(1,(2,((4,6),5)),3); -4542.18 -2.27145 27.3159 13.6378 -4553.59
(1,(2,((4,6),5)),3); -4543.63 -2.27145 25.6202 13.0251 -4553.95
(1,2,(3,(4,(5,6)))); -4536.59 -1.52549 27.4231 13.807 -4548.68
(1,2,(3,(4,(5,6)))); -4532.13 -1.52549 31.4755 13.5731 -4548.5
(1,(2,3),(4,(5,6))); -4537.6 -1.62423 29.6618 13.7784 -4551.86
(1,2,(3,(4,(5,6)))); -4534.2 -1.52549 28.921 13.139 -4548.46
(1,(2,((4,6),5)),3); -4541.28 -2.27145 28.0176 13.1585 -4553.87
(1,2,(3,((4,6),5))); -4534.47 -1.7887 28.9924 13.4779 -4548.2
(1,(2,3),((4,6),5)); -4540.57 -1.88743 31.5895 13.3376 -4556.94
(1,(2,(4,(5,6))),3); -4538.82 -2.00825 28.3626 13.7386 -4551.44
(1,2,(3,((4,6),5))); -4535.74 -1.7887 28.3104 13.9099 -4548.35
(1,(2,3),((4,6),5)); -4542.7 -1.88743 29.6892 13.4747 -4557.03
(1,(2,(4,(5,6))),3); -4536.2 -2.00825 30.9764 13.5588 -4551.61
(1,2,(3,((4,6),5))); -4533.88 -1.7887 29.6734 13.4383 -4548.32
(1,(2,3),(4,(5,6))); -4538.58 -1.62423 27.9155 13.4502 -4551.42
(1,2,(3,(4,(5,6)))); -4534 -1.52549 29.138 13.4525 -4548.16
(1,(2,3),((4,6),5)); -4545.54 -1.88743 26.5649 13.2655 -4556.96
(1,2,(3,(4,(5,6)))); -4533.59 -1.52549 29.6311 13.3086 -4548.38
(1,(2,3),(4,(5,6))); -4541.45 -1.62423 25.8354 13.6587 -4552.01
(1,2,(3,(4,(5,6)))); -4534.06 -1.52549 29.6793 13.7402 -4548.47
(1,(2,(4,(5,6))),3); -4541.73 -2.00825 24.9037 13.0685 -4551.56
(1,(2,((4,6),5)),3); -4538.63 -2.27145 31.3918 13.6243 -4554.13
(1,(2,3),((4,6),5)); -4540.53 -1.88743 31.8355 13.6864 -4556.79
(1,(2,(4,(5,6))),3); -4537.01 -2.00825 30.7153 13.7046 -4552.01
(1,(2,3),((4,6),5)); -4545.73 -1.88743 26.2332 13.5246 -4556.55
(1,(2,3),((4,6),5)); -4541.65 -1.88743 31.0574 13.6223 -4557.2
(1,(2,3),((4,6),5)); -4540.58 -1.88743 31.3985 13.7269 -4556.37
(1,(2,3),((4,6),5)); -4541.57 -1.88743 31.0669 13.7681 -4556.99
(1,(2,3),(4,(5,6))); -4535.16 -1.62423 31.8292 13.5648 -4551.8
(1,(2,((4,6),5)),3); -4539.75 -2.27145 29.687 13.3415 -4553.82
(1,2,(3,((4,6),5))); -4531.86 -1.7887 31.2789 13.3393 -4548.01
(1,(2,((4,6),5)),3); -4538.98 -2.27145 31.0577 13.662 -4554.1
(1,2,(3,(4,(5,6)))); -4536.66 -1.52549 26.5014 13.3315 -4548.3
(1,(2,3),((4,6),5)); -4543.83 -1.88743 28.2743 13.1762 -4557.04
(1,(2,3),(4,(5,6))); -4539.13 -1.62423 28.3114 13.5735 -4552.25
(1,2,(3,(4,(5,6)))); -4540.26 -1.52549 22.7029 13.022 -4548.41
(1,2,(3,((4,6),5))); -4532.44 -1.7887 30.5524 13.217 -4547.99
(1,2,(3,(4,(5,6)))); -4536.3 -1.52549 26.0516 12.9124 -4547.91
(1,(2,(4,(5,6))),3); -4537.16 -2.00825 30.2199 13.5926 -4551.78
(1,(2,3),(4,(5,6))); -4537.37 -1.62423 29.6952 13.8433 -4551.6
(1,(2,3),((4,6),5)); -4542.1 -1.88743 30.2462 13.6634 -4556.79
(1,2,(3,((4,6),5))); -4535.98 -1.7887 27.9585 13.7444 -4548.4
(1,(2,(4,(5,6))),3); -4535.8 -2.00825 31.2771 13.4603 -4551.6
(1,2,(3,((4,6),5))); -4533.42 -1.7887 29.9631 13.2124 -4548.38
(1,(2,3),(4,(5,6))); -4536.38 -1.62423 30.9801 13.4915 -4552.24
(1,(2,3),((4,6),5)); -4540.84 -1.88743 31.7723 13.7209 -4557
(1,(2,3),(4,(5,6))); -4536.77 -1.62423 29.9826 13.4168 -4551.71
(1,2,(3,(4,(5,6)))); -4534.83 -1.52549 28.6445 13.7175 -4548.23
(1,(2,((4,6),5)),3); -4546.91 -2.27145 22.3855 12.6152 -4554.41
(1,2,(3,(4,(5,6)))); -4536.45 -1.52549 27.269 13.3813 -4548.81
(1,2,(3,((4,6),5))); -4534.2 -1.7887 29.7624 13.6242 -4548.55
(1,2,(3,(4,(5,6)))); -4533.66 -1.52549 29.8034 13.5414 -4548.4
(1,(2,3),(4,(5,6))); -4537.02 -1.62423 29.7202 13.4927 -4551.62
(1,2,(3,(4,(5,6)))); -4531.45 -1.52549 32.3382 13.5511 -4548.72
(1,(2,(4,(5,6))),3); -4535.87 -2.00825 31.7048 13.879 -4551.68
(1,(2,(4,(5,6))),3); -4537.12 -2.00825 29.4585 13.3869 -4551.18
(1,(2,3),(4,(5,6))); -4535.04 -1.62423 32.3251 13.5532 -4552.19
(1,(2,3),(4,(5,6))); -4547.21 -1.62423 20.3606 14.1286 -4551.82
(1,2,(3,(4,(5,6)))); -4532.95 -1.52549 31.3013 14.1083 -4548.62
(1,(2,((4,6),5)),3); -4547.05 -2.27145 23.5188 13.6398 -4554.66
(1,2,(3,((4,6),5))); -4532.32 -1.7887 31.2086 13.4084 -4548.33
(1,(2,((4,6),5)),3); -4540.37 -2.27145 29.2623 13.3048 -4554.06
(1,(2,3),((4,6),5)); -4540.76 -1.88743 31.2296 13.6094 -4556.49
(1,2,(3,(4,(5,6)))); -4533.78 -1.52549 29.9946 13.673 -4548.57
(1,(2,3),((4,6),5)); -4542.66 -1.88743 29.6909 13.4554 -4557.01
(1,2,(3,(4,(5,6)))); -4533 -1.52549 31.0306 14.0164 -4548.49
(1,2,(3,(4,(5,6)))); -4532.88 -1.52549 31.3884 14.0619 -4548.68
(1,(2,(4,(5,6))),3); -4539.63 -2.00825 27.4564 13.2282 -4551.85
(1,(2,3),((4,6),5)); -4545.02 -1.88743 27.6265 13.6932 -4557.07
(1,2,(3,(4,(5,6)))); -4535.32 -1.52549 28.1377 13.671 -4548.26
(1,(2,3),(4,(5,6))); -4537.17 -1.62423 30.0818 13.8561 -4551.78
(1,2,(3,((4,6),5))); -4533.91 -1.7887 30.1355 13.7108 -4548.55
(1,2,(3,(4,(5,6)))); -4535 -1.52549 27.7184 13.122 -4548.07
(1,(2,3),((4,6),5)); -4544.36 -1.88743 26.8 12.9007 -4556.38
(1,(2,(4,(5,6))),3); -4535.22 -2.00825 32.2011 13.4788 -4551.94
(1,2,(3,(4,(5,6)))); -4533.31 -1.52549 30.3283 13.7526 -4548.36
(1,(2,(4,(5,6))),3); -4539.07 -2.00825 27.6078 13.5124 -4551.16
(1,(2,(4,(5,6))),3); -4538.17 -2.00825 28.5332 13.5028 -4551.2
(1,2,(3,((4,6),5))); -4535.18 -1.7887 28.1885 13.519 -4548.07
(1,(2,((4,6),5)),3); -4541.58 -2.27145 27.2227 12.8873 -4553.64
(1,(2,3),(4,(5,6))); -4537.74 -1.62423 29.0321 13.2971 -4551.85
(1,2,(3,((4,6),5))); -4534.19 -1.7887 29.2349 13.1894 -4548.44
(1,(2,3),(4,(5,6))); -4539.43 -1.62423 27.1093 13.4594 -4551.46
(1,(2,3),((4,6),5)); -4542.83 -1.88743 28.8087 13.694 -4556.06
(1,(2,((4,6),5)),3); -4539.93 -2.27145 30.5375 13.5028 -4554.7
(1,(2,3),(4,(5,6))); -4541.15 -1.62423 25.8638 13.9315 -4551.45
(1,(2,3),(4,(5,6))); -4537.32 -1.62423 29.5679 13.5436 -4551.72
(1,2,(3,(4,(5,6)))); -4537.07 -1.52549 26.3538 13.6055 -4548.29
(1,(2,((4,6),5)),3); -4540.36 -2.27145 28.5 13.0276 -4553.56
(1,(2,3),(4,(5,6))); -4535.67 -1.62423 31.0476 13.3349 -4551.76
(1,2,(3,((4,6),5))); -4536.06 -1.7887 28.1859 13.8075 -4548.64
(1,(2,((4,6),5)),3); -4539.03 -2.27145 30.8526 13.6962 -4553.91
(1,(2,(4,(5,6))),3); -4536.87 -2.00825 29.7162 13.2967 -4551.28
(1,2,(3,((4,5),6))); -4539.09 -4.61435 31.2598 13.7217 -4552.02
(1,(2,((4,6),5)),3); -4539.65 -2.27145 30.133 13.4838 -4554.02
(1,(2,3),(4,(5,6))); -4537.75 -1.62423 29.34 13.4728 -4551.99
(1,(2,3),((4,6),5)); -4545.58 -1.88743 26.7723 13.5904 -4556.87
(1,2,(3,(4,(5,6)))); -4536.94 -1.52549 26.935 13.8976 -4548.45
(1,(2,3),((4,6),5)); -4542.85 -1.88743 29.9713 13.8722 -4557.06
(1,(2,((4,6),5)),3); -4542.25 -2.27145 27.5995 13.348 -4554.23
(1,(2,3),(4,(5,6))); -4536.57 -1.62423 29.9495 13.318 -4551.58
(1,2,(3,(4,(5,6)))); -4532 -1.52549 31.394 13.3961 -4548.47
(1,(2,((4,6),5)),3); -4541.03 -2.27145 28.6949 13.1134 -4554.34
(1,(2,3),((4,6),5)); -4539.87 -1.88743 32.2531 13.5494 -4556.69
(1,2,(3,((4,6),5))); -4535.47 -1.7887 28.5433 13.552 -4548.67
(1,(2,3),((4,6),5)); -4542.09 -1.88743 30.2591 13.5195 -4556.94
(1,2,(3,(4,(5,6)))); -4536.33 -1.52549 28.1549 13.91 -4549.04
(1,2,(3,(4,(5,6)))); -4541.27 -1.52549 22.3113 13.7598 -4548.3
(1,2,(3,((4,6),5))); -4538.85 -1.7887 24.364 13.2682 -4548.16
(1,2,(3,(4,(5,6)))); -4534.22 -1.52549 29.7619 13.6285 -4548.82
(1,2,(3,(4,(5,6)))); -4534.41 -1.52549 29.5266 14.0401 -4548.37
(1,2,(3,((4,6),5))); -4534.18 -1.7887 29.6073 13.36 -4548.64
(1,(2,(4,(5,6))),3); -4538.97 -2.00825 27.2444 13.0961 -4551.11
(1,2,(3,(4,(5,6)))); -4531.57 -1.52549 31.8727 13.3596 -4548.56
(1,2,(3,(4,(5,6)))); -4534.17 -1.52549 28.733 13.1613 -4548.22
(1,(2,((4,6),5)),3); -4542.72 -2.27145 26.4393 13.1712 -4553.72
(1,(2,3),(4,(5,6))); -4534.86 -1.62423 32.0388 13.5521 -4551.72
(1,2,(3,(4,(5,6)))); -4534.86 -1.52549 28.6348 13.374 -4548.6
(1,2,(3,((4,6),5))); -4532.74 -1.7887 30.4357 13.316 -4548.07
(1,(2,(4,(5,6))),3); -4541.94 -2.00825 24.9849 13.4221 -4551.49
(1,(2,(4,(5,6))),3); -4538.81 -2.00825 29.0208 13.8043 -4552.01
(1,2,(3,(4,(5,6)))); -4537.07 -1.52549 26.6056 13.8006 -4548.35
(1,(2,3),(4,(5,6))); -4539.69 -1.62423 27.7186 13.9354 -4551.85
(1,2,(3,((4,6),5))); -4533.44 -1.7887 30.7865 13.5569 -4548.88
(1,(2,3),(4,(5,6))); -4536.3 -1.62423 30.7432 13.7675 -4551.65
(1,(2,(4,(5,6))),3); -4541.03 -2.00825 25.8783 13.3668 -4551.53
(1,(2,3),(4,(5,6))); -4535.5 -1.62423 31.0356 13.1796 -4551.74
(1,2,(3,(4,(5,6)))); -4535.03 -1.52549 28.2716 13.3631 -4548.42
(1,(2,(4,(5,6))),3); -4538.76 -2.00825 28.669 13.4671 -4551.96
(1,(2,(4,(5,6))),3); -4535.23 -2.00825 31.7662 13.3314 -4551.66
(1,2,(3,(4,(5,6)))); -4533.85 -1.52549 30.3211 13.7798 -4548.87
(1,2,(3,((4,6),5))); -4534.55 -1.7887 28.7953 13.1537 -4548.4
(1,(2,((4,6),5)),3); -4538.2 -2.27145 31.8039 13.6869 -4554.05
(1,(2,((4,6),5)),3); -4539.51 -2.27145 29.7141 13.047 -4553.9
(1,(2,3),(4,(5,6))); -4539.17 -1.62423 26.8324 12.8834 -4551.49
(1,(2,(4,(5,6))),3); -4537.46 -2.00825 30.0939 13.5299 -4552.01
(1,(2,3),((4,6),5)); -4545.55 -1.88743 26.5538 13.739 -4556.48
(1,(2,((4,6),5)),3); -4538.36 -2.27145 31.1678 13.437 -4553.82
(1,2,(3,(4,(5,6)))); -4533.69 -1.52549 29.6303 13.5987 -4548.2
(1,(2,(4,(5,6))),3); -4535.17 -2.00825 31.5014 13.2431 -4551.42
(1,2,(3,(4,(5,6)))); -4535 -1.52549 27.3396 12.8829 -4547.93
(1,2,(3,(4,(5,6)))); -4532.2 -1.52549 31.5749 13.4751 -4548.77
(1,(2,3),((4,6),5)); -4545.73 -1.88743 26.1729 13.1546 -4556.86
(1,2,(3,((4,6),5))); -4538.26 -1.7887 25.6389 13.4329 -4548.68
(1,(2,3),(4,(5,6))); -4535.12 -1.62423 32.1496 13.5703 -4552.08
(1,(2,3),(4,(5,6))); -4542.58 -1.62423 25.284 13.6579 -4552.58
(1,2,(3,((4,6),5))); -4533.91 -1.7887 30.2917 14.0207 -4548.39
(1,(2,(4,(5,6))),3); -4538.6 -2.00825 29.3506 13.7543 -4552.18
(1,(2,3),(4,(5,6))); -4536.28 -1.62423 30.3876 13.1389 -4551.91
(1,2,(3,((4,6),5))); -4531.92 -1.7887 31.5672 13.6008 -4548.1
(1,(2,((4,6),5)),3); -4542.01 -2.27145 27.9619 13.3131 -4554.39
(1,2,(3,((4,6),5))); -4533.21 -1.7887 30.8781 13.6694 -4548.63
(1,(2,3),(4,(5,6))); -4536.69 -1.62423 29.9016 13.3151 -4551.66
(1,2,(3,(4,(5,6)))); -4532.68 -1.52549 29.7922 13.1163 -4547.83
(1,2,(3,((4,6),5))); -4535.61 -1.7887 28.0113 13.5626 -4548.27
(1,(2,((4,6),5)),3); -4538.44 -2.27145 31.5523 13.4291 -4554.29
(1,2,(3,((4,6),5))); -4533.68 -1.7887 30.5688 13.5331 -4548.93
(1,2,(3,(4,(5,6)))); -4533.52 -1.52549 29.9956 13.8947 -4548.09
(1,2,(3,(4,(5,6)))); -4531.47 -1.52549 32.197 13.5258 -4548.62
(1,(2,3),(4,(5,6))); -4539.03 -1.62423 27.5135 12.9382 -4551.98
(1,(2,(4,(5,6))),3); -4537.97 -2.00825 29.5332 13.6842 -4551.81
(1,(2,(4,(5,6))),3); -4537.88 -2.00825 29.0844 13.5055 -4551.45
(1,2,(3,(4,(5,6)))); -4534.23 -1.52549 29.7711 14.0021 -4548.47
(1,(2,3),((4,6),5)); -4541.5 -1.88743 30.1992 13.5643 -4556.24
(1,2,(3,(4,(5,6)))); -4532.64 -1.52549 30.5917 13.4133 -4548.29
(1,(2,3),((4,6),5)); -4542.43 -1.88743 29.2812 13.1523 -4556.67
(1,(2,((4,6),5)),3); -4538.4 -2.27145 30.947 13.2275 -4553.85
(1,(2,(4,(5,6))),3); -4536.67 -2.00825 30.1987 13.4026 -4551.45
(1,(2,3),((4,6),5)); -4540.81 -1.88743 31.2954 13.4788 -4556.74
(1,(2,3),((4,6),5)); -4541.01 -1.88743 30.9706 13.3224 -4556.77
(1,(2,(4,(5,6))),3); -4537.73 -2.00825 29.2958 13.5487 -4551.47
(1,(2,3),((4,6),5)); -4540.07 -1.88743 31.842 13.3876 -4556.64
(1,(2,(4,(5,6))),3); -4536.89 -2.00825 30.3903 13.725 -4551.54
(1,(2,3),(4,(5,6))); -4537.54 -1.62423 29.5069 13.4531 -4551.97
(1,(2,3),(4,(5,6))); -4538.9 -1.62423 28.4475 13.5313 -4552.19
(1,2,(3,((4,6),5))); -4534.43 -1.7887 29.2407 13.5925 -4548.29
(1,2,(3,((4,6),5))); -4534.69 -1.7887 28.6916 13.4332 -4548.16
(1,(2,3),((4,6),5)); -4546.2 -1.88743 26.5487 13.8836 -4556.98
(1,(2,3),((4,6),5)); -4542.56 -1.88743 29.2733 13.3797 -4556.57
(1,(2,(4,(5,6))),3); -4540.75 -2.00825 25.5902 13.1463 -4551.19
(1,(2,3),((4,6),5)); -4542.24 -1.88743 29.7157 13.5743 -4556.5
(1,(2,3),(4,(5,6))); -4536.37 -1.62423 31.1703 13.7818 -4552.13
(1,2,(3,(4,(5,6)))); -4534.96 -1.52549 28.4311 13.3373 -4548.53
(1,(2,(4,(5,6))),3); -4542.24 -2.00825 25.6516 14.0746 -4551.81
(1,2,(3,((4,6),5))); -4532.02 -1.7887 31.3119 13.3927 -4548.15
(1,2,(3,(4,(5,6)))); -4539.89 -1.52549 23.3533 13.5912 -4548.13
(1,(2,(4,(5,6))),3); -4535.89 -2.00825 31.5658 13.6725 -4551.77
(1,2,(3,((4,6),5))); -4537.45 -1.7887 25.4828 13.4067 -4547.74
(1,2,(3,(4,(5,6)))); -4533.92 -1.52549 30.0091 13.5359 -4548.87
(1,(2,(4,(5,6))),3); -4540.11 -2.00825 26.8337 13.1201 -4551.82
(1,2,(3,(4,(5,6)))); -4539.69 -1.52549 23.3356 12.8353 -4548.66
(1,(2,((4,6),5)),3); -4540.19 -2.27145 30.2177 13.9042 -4554.23
(1,(2,((4,6),5)),3); -4540.38 -2.27145 29.5735 13.579 -4554.1
(1,(2,3),(4,(5,6))); -4538.85 -1.62423 29.0172 14.0158 -4552.23
(1,(2,(4,(5,6))),3); -4539.95 -2.00825 27.0337 13.8795 -4551.1
(1,(2,3),(4,(5,6))); -4539.78 -1.62423 26.8852 13.2815 -4551.76
(1,(2,(4,(5,6))),3); -4536.58 -2.00825 30.4123 13.3245 -4551.66
(1,2,(3,((4,5),6))); -4539.87 -4.61435 30.7789 13.5402 -4552.49
(1,(2,3),((4,6),5)); -4542.04 -1.88743 29.9963 13.3269 -4556.82
(1,(2,(4,(5,6))),3); -4535.54 -2.00825 31.8591 13.6613 -4551.73
(1,(2,3),((4,6),5)); -4545.37 -1.88743 26.9755 13.7081 -4556.75
(1,(2,3),((4,6),5)); -4544.26 -1.88743 27.3276 13.274 -4556.42
(1,2,(3,(4,(5,6)))); -4535.8 -1.52549 27.1547 13.3017 -4548.13
(1,2,(3,(4,(5,6)))); -4532.75 -1.52549 31.4763 13.9567 -4548.74
(1,2,(3,((4,6),5))); -4534.12 -1.7887 29.1929 13.3867 -4548.14
(1,(2,3),((4,6),5)); -4542.45 -1.88743 30.2785 13.6719 -4557.17
(1,2,(3,(4,(5,6)))); -4538 -1.52549 25.5411 13.767 -4548.25
(1,(2,3),((4,6),5)); -4543.95 -1.88743 27.4399 13.1017 -4556.4
(1,2,(3,((4,6),5))); -4534.32 -1.7887 29.3821 13.5698 -4548.34
(1,(2,3),(4,(5,6))); -4537.44 -1.62423 29.663 13.6665 -4551.81
(1,(2,3),(4,(5,6))); -4542.34 -1.62423 25.1984 13.9752 -4551.94
(1,2,(3,(4,(5,6)))); -4535.14 -1.52549 27.6545 13.2731 -4548
(1,(2,3),(4,(5,6))); -4535.64 -1.62423 31.4712 13.5947 -4551.89
(1,2,(3,((4,6),5))); -4535.56 -1.7887 28.0736 13.1804 -4548.67
(1,2,(3,(4,(5,6)))); -4534.4 -1.52549 29.215 13.8764 -4548.21
(1,2,(3,(4,(5,6)))); -4533.91 -1.52549 30.1447 13.8218 -4548.71
(1,(2,(4,(5,6))),3); -4540.94 -2.00825 26.4458 13.8057 -4551.58
(1,2,(3,((4,6),5))); -4534.61 -1.7887 28.1159 13.059 -4547.88
(1,2,(3,(4,(5,6)))); -4535.5 -1.52549 27.3933 13.0817 -4548.28
(1,2,(3,((4,6),5))); -4536.84 -1.7887 27.1871 13.4739 -4548.76
(1,(2,3),(4,(5,6))); -4535.89 -1.62423 30.8524 13.0637 -4552.05
(1,2,(3,(4,(5,6)))); -4537.44 -1.52549 25.285 13.072 -4548.13
(1,(2,(4,(5,6))),3); -4540.97 -2.00825 26.1809 13.3524 -4551.8
(1,(2,(4,(5,6))),3); -4534.92 -2.00825 31.6652 13.3888 -4551.19
(1,(2,3),(4,(5,6))); -4537.31 -1.62423 29.4856 13.5872 -4551.59
(1,(2,(4,(5,6))),3); -4536.18 -2.00825 30.7184 13.4568 -4551.44
(1,(2,3),((4,6),5)); -4541.03 -1.88743 31.633 13.813 -4556.96
(1,2,(3,((4,6),5))); -4536.18 -1.7887 28.3509 13.9544 -4548.79
(1,(2,3),((4,6),5)); -4543.8 -1.88743 27.7171 13.3149 -4556.32
(1,2,(3,((4,6),5))); -4533.42 -1.7887 30.2031 13.6026 -4548.24
(1,(2,3),(4,(5,6))); -4537.47 -1.62423 29.5512 13.4166 -4551.98
(1,2,(3,((4,6),5))); -4534.75 -1.7887 29.1847 13.4698 -4548.67
(1,2,(3,(4,(5,6)))); -4537.42 -1.52549 25.4939 12.9402 -4548.45
(1,(2,((4,6),5)),3); -4537.24 -2.27145 32.9063 13.5849 -4554.29
(1,2,(3,(4,(5,6)))); -4530.91 -1.52549 33.0022 13.7874 -4548.6
(1,(2,(4,(5,6))),3); -4538.83 -2.00825 28.4761 13.7007 -4551.59
(1,(2,3),(4,(5,6))); -4537.49 -1.62423 29.479 13.3508 -4552
(1,2,(3,(4,(5,6)))); -4535.32 -1.52549 27.6764 13.3752 -4548.1
(1,(2,(4,(5,6))),3); -4538.77 -2.00825 28.1832 13.2945 -4551.65
(1,2,(3,(4,(5,6)))); -4535.15 -1.52549 28.5939 13.3244 -4548.89
(1,(2,3),(4,(5,6))); -4536.65 -1.62423 30.4603 13.3143 -4552.17
(1,2,(3,(4,(5,6)))); -4535.04 -1.52549 28.5707 13.7887 -4548.29
(1,2,(3,(4,(5,6)))); -4536.04 -1.52549 26.5782 13.0854 -4548.01
(1,2,(3,(4,(5,6)))); -4531.68 -1.52549 32.2069 13.8497 -4548.51
(1,2,(3,(4,(5,6)))); -4534.37 -1.52549 28.7727 13.3287 -4548.29
(1,2,(3,(4,(5,6)))); -4535.66 -1.52549 27.3974 13.1975 -4548.33
(1,(2,(4,(5,6))),3); -4545.61 -2.00825 21.8478 13.7228 -4551.73
(1,(2,(4,(5,6))),3); -4538.07 -2.00825 29.6013 13.5313 -4552.13
(1,(2,3),((4,6),5)); -4543.95 -1.88743 28.6498 13.726 -4556.99
(1,2,(3,(4,(5,6)))); -4534.63 -1.52549 29.6846 14.016 -4548.78
(1,2,(3,(4,(5,6)))); -4534.18 -1.52549 29.1279 13.6657 -4548.12
(1,(2,((4,6),5)),3); -4540.85 -2.27145 28.899 13.6105 -4553.86
(1,(2,3),(4,(5,6))); -4536.91 -1.62423 30.6204 13.6243 -4552.28
(1,(2,3),((4,6),5)); -4541.82 -1.88743 30.1443 13.356 -4556.72
(1,(2,3),((4,6),5)); -4545.21 -1.88743 26.5877 12.9991 -4556.91
(1,2,(3,((4,6),5))); -4533.85 -1.7887 29.3639 13.4315 -4548
(1,2,(3,(4,(5,6)))); -4538.95 -1.52549 23.6088 12.7785 -4548.25
(1,(2,(4,(5,6))),3); -4535.92 -2.00825 30.8477 13.5361 -4551.23
(1,(2,3),(4,(5,6))); -4539.09 -1.62423 27.6537 13.3317 -4551.79
(1,(2,((4,6),5)),3); -4538.74 -2.27145 31.4475 13.4966 -4554.42
(1,(2,3),(4,(5,6))); -4539.28 -1.62423 27.7271 13.6174 -4551.77
(1,(2,3),((4,6),5)); -4542.6 -1.88743 29.3943 13.2495 -4556.86
(1,(2,3),(4,(5,6))); -4539.38 -1.62423 27.7388 13.8274 -4551.67
(1,(2,(4,(5,6))),3); -4536.33 -2.00825 30.6366 13.329 -4551.63
(1,(2,3),(4,(5,6))); -4536.47 -1.62423 30.2233 13.3581 -4551.71
(1,(2,3),(4,(5,6))); -4539.06 -1.62423 28.2179 13.6841 -4551.97
(1,(2,3),((4,6),5)); -4543.61 -1.88743 28.903 13.1308 -4557.49
(1,2,(3,(4,(5,6)))); -4531.34 -1.52549 32.4713 13.6365 -4548.65
(1,2,(3,(4,(5,6)))); -4533.71 -1.52549 29.9573 13.709 -4548.43
(1,2,(3,((4,6),5))); -4534.99 -1.7887 27.6653 12.9559 -4547.91
(1,2,(3,((4,6),5))); -4534.98 -1.7887 29.187 13.5631 -4548.82
(1,(2,3),((4,6),5)); -4544.1 -1.88743 27.7365 13.5554 -4556.39
(1,2,(3,((4,6),5))); -4534.17 -1.7887 28.5138 13.1166 -4547.78
(1,(2,(4,(5,6))),3); -4539.69 -2.00825 27.0119 13.3424 -4551.35
(1,(2,3),(4,(5,6))); -4537.34 -1.62423 30.0592 13.8287 -4551.95
(1,(2,3),(4,(5,6))); -4534.73 -1.62423 31.9332 13.527 -4551.51
(1,2,(3,(4,(5,6)))); -4531.34 -1.52549 31.6884 13.4573 -4548.05
(1,(2,3),((4,6),5)); -4544.01 -1.88743 27.4837 13.0465 -4556.56
(1,(2,3),((4,6),5)); -4543.82 -1.88743 28.591 13.6159 -4556.9
(1,(2,(4,(5,6))),3); -4537.87 -2.00825 28.6324 13.1349 -4551.36
(1,2,(3,(4,(5,6)))); -4533.99 -1.52549 29.2641 13.4258 -4548.3
(1,(2,3),((4,6),5)); -4540.9 -1.88743 31.5342 13.6463 -4556.9
(1,(2,3),((4,6),5)); -4541.2 -1.88743 30.6732 13.4053 -4556.58
(1,2,(3,((4,6),5))); -4534.22 -1.7887 29.9026 13.9228 -4548.41
(1,(2,3),(4,(5,6))); -4536.94 -1.62423 29.7937 13.3969 -4551.72
(1,(2,3),((4,6),5)); -4543.09 -1.88743 28.9721 13.4343 -4556.74
(1,(2,3),((4,6),5)); -4544.64 -1.88743 27.9538 13.9028 -4556.8
(1,(2,((4,6),5)),3); -4540.65 -2.27145 28.601 13.1477 -4553.83
(1,(2,3),((4,6),5)); -4540.63 -1.88743 31.0537 13.177 -4556.62
(1,(2,3),(4,(5,6))); -4536.12 -1.62423 30.3483 13.416 -4551.43
(1,2,(3,((4,6),5))); -4535.89 -1.7887 27.8798 13.7847 -4548.2
(1,(2,((4,6),5)),3); -4539.86 -2.27145 30.8346 13.779 -4554.64
(1,2,(3,((4,6),5))); -4532.33 -1.7887 31.319 13.6651 -4548.2
(1,(2,3),(4,(5,6))); -4540.39 -1.62423 26.5504 13.5356 -4551.78
(1,2,(3,((4,6),5))); -4535.49 -1.7887 28.0671 13.3003 -4548.47
(1,(2,3),((4,6),5)); -4543.42 -1.88743 28.7851 13.2596 -4557.06
(1,2,(3,((4,6),5))); -4536.9 -1.7887 26.4903 13.2229 -4548.38
(1,2,(3,(4,(5,6)))); -4532.77 -1.52549 30.7251 13.5519 -4548.41
(1,(2,3),(4,(5,6))); -4538.1 -1.62423 28.9222 13.4755 -4551.92
(1,(2,((4,6),5)),3); -4542.47 -2.27145 27.9901 13.8432 -4554.34
(1,(2,3),(4,(5,6))); -4535.38 -1.62423 31.925 13.7661 -4551.91
(1,2,(3,((4,6),5))); -4533.2 -1.7887 30.5926 13.6224 -4548.39
(1,(2,3),((4,6),5)); -4543.72 -1.88743 29.042 13.6702 -4557.21
(1,2,(3,(4,(5,6)))); -4537.11 -1.52549 25.9851 13.2292 -4548.34
(1,(2,3),(4,(5,6))); -4538.46 -1.62423 27.8411 13.3182 -4551.36
(1,(2,((4,6),5)),3); -4539.08 -2.27145 31.158 13.4407 -4554.52
(1,(2,((4,6),5)),3); -4541.07 -2.27145 29.1878 13.8233 -4554.16
(1,2,(3,(4,(5,6)))); -4535.43 -1.52549 28.0785 13.6204 -4548.36
(1,2,(3,(4,(5,6)))); -4531.28 -1.52549 32.4943 13.7899 -4548.46
(1,(2,(4,(5,6))),3); -4534.93 -2.00825 32.0022 13.4808 -4551.44
(1,2,((3,(5,6)),4)); -4573.41 -7.35974 29.6986 13.089 -4582.66
(1,2,(3,((4,6),5))); -4540.09 -1.7887 23.1778 13.3066 -4548.17
(1,(2,3),(4,(5,6))); -4538.98 -1.62423 27.7691 13.3048 -4551.82
(1,(2,3),(4,(5,6))); -4538.91 -1.62423 28.7631 13.8273 -4552.22
(1,2,(3,(4,(5,6)))); -4536.88 -1.52549 26.9755 13.9088 -4548.42
(1,(2,((4,6),5)),3); -4538.86 -2.27145 31.2198 13.5277 -4554.28
(1,(2,3),(4,(5,6))); -4538.47 -1.62423 29.3514 13.9992 -4552.2
(1,(2,3),(4,(5,6))); -4539.53 -1.62423 27.3157 13.5159 -4551.7
(1,(2,3),(4,(5,6))); -4536.35 -1.62423 30.8163 13.5513 -4551.99
(1,(2,3),((4,6),5)); -4546.91 -1.88743 25.0152 13.6475 -4556.39
(1,2,(3,(4,(5,6)))); -4534.34 -1.52549 27.8799 12.8737 -4547.82
(1,2,(3,(4,(5,6)))); -4533.3 -1.52549 30.4136 13.7204 -4548.46
(1,2,(3,((4,6),5))); -4539.8 -1.7887 24.4949 13.815 -4548.69
(1,(2,3),((4,6),5)); -4541.69 -1.88743 30.1397 13.2382 -4556.7
(1,(2,(4,(5,6))),3); -4538.63 -2.00825 28.7019 13.675 -4551.65
(1,2,(3,((4,6),5))); -4532.55 -1.7887 31.2438 13.8439 -4548.16
(1,2,(3,(4,(5,6)))); -4532.78 -1.52549 30.2513 13.5526 -4547.95
(1,(2,(4,(5,6))),3); -4535.08 -2.00825 31.5108 13.3784 -4551.21
(1,(2,(4,(5,6))),3); -4538.59 -2.00825 28.4614 13.6071 -4551.43
(1,2,(3,(4,(5,6)))); -4535.3 -1.52549 29.2366 14.1252 -4548.88
(1,(2,(4,(5,6))),3); -4540.84 -2.00825 26.5963 13.4074 -4552.03
(1,(2,3),(4,(5,6))); -4538.35 -1.62423 28.4105 13.5007 -4551.64
(1,2,(3,(4,(5,6)))); -4534.09 -1.52549 28.4656 13.135 -4547.89
(1,(2,3),((4,6),5)); -4543.81 -1.88743 28.5851 13.5975 -4556.91
(1,2,(3,(4,(5,6)))); -4538.88 -1.52549 24.0359 13.0602 -4548.33
(1,2,(3,(4,(5,6)))); -4535.38 -1.52549 27.7053 13.4934 -4548.06
(1,2,(3,(4,(5,6)))); -4532.04 -1.52549 31.5408 13.6413 -4548.41
(1,(2,((4,6),5)),3); -4539.44 -2.27145 29.9405 13.1344 -4553.97
(1,(2,3),(4,(5,6))); -4538.67 -1.62423 28.6289 13.6554 -4552.02
(1,2,(3,(4,(5,6)))); -4535.29 -1.52549 27.1968 13.0579 -4547.9
(1,2,(3,(4,(5,6)))); -4531.08 -1.52549 32.5875 13.4823 -4548.66
(1,2,(3,((4,6),5))); -4535.02 -1.7887 28.7912 13.758 -4548.26
(1,(2,3),((4,6),5)); -4544.51 -1.88743 28.079 13.7703 -4556.93
(1,2,(3,((4,6),5))); -4531.89 -1.7887 31.9588 13.3685 -4548.69
(1,2,(3,(4,(5,6)))); -4534.74 -1.52549 28.966 13.4033 -4548.78
(1,(2,3),((4,6),5)); -4543.65 -1.88743 28.4341 13.4 -4556.79
(1,(2,((4,6),5)),3); -4540.22 -2.27145 29.267 13.4409 -4553.77
(1,(2,3),(4,(5,6))); -4539.47 -1.62423 27.8505 13.575 -4552.12
(1,2,(3,(4,(5,6)))); -4532.42 -1.52549 30.841 13.4647 -4548.27
(1,2,(3,((4,6),5))); -4534.36 -1.7887 29.7831 14.1406 -4548.21
(1,2,(3,((4,6),5))); -4532.44 -1.7887 30.7131 13.3805 -4547.98
(1,(2,3),((4,6),5)); -4543.63 -1.88743 28.3743 13.7143 -4556.41
(1,2,(3,(4,(5,6)))); -4537.47 -1.52549 25.8273 13.459 -4548.32
(1,2,(3,((4,6),5))); -4536.75 -1.7887 27.1035 13.4073 -4548.66
(1,(2,((4,6),5)),3); -4540.74 -2.27145 28.5071 13.2135 -4553.76
(1,2,(3,((4,6),5))); -4534.92 -1.7887 28.9738 13.6102 -4548.49
(1,(2,(4,(5,6))),3); -4535.73 -2.00825 31.5006 13.4475 -4551.78
(1,2,(3,(4,(5,6)))); -4531.75 -1.52549 31.946 13.7076 -4548.47
(1,2,(3,(4,(5,6)))); -4534.53 -1.52549 28.5355 13.4073 -4548.13
(1,(2,(4,(5,6))),3); -4537.85 -2.00825 29.865 13.5915 -4552.11
(1,2,(3,((4,6),5))); -4537.5 -1.7887 26.4481 13.7357 -4548.43
(1,(2,((4,6),5)),3); -4539.9 -2.27145 30.2481 13.5648 -4554.31
(1,2,(3,((4,6),5))); -4533.13 -1.7887 30.9169 13.6083 -4548.65
(1,(2,3),(4,(5,6))); -4536.68 -1.62423 30.8442 13.8494 -4552.05
(1,(2,((4,6),5)),3); -4540.48 -2.27145 28.5175 13.1841 -4553.54
(1,(2,3),(4,(5,6))); -4540.04 -1.62423 26.5389 13.3035 -4551.65
(1,(2,3),(4,(5,6))); -4535.33 -1.62423 32.0087 13.5567 -4552.16
