tree logl logTop logProp logPrior logWt
(1,2,(3,(4,(5,6)))); -4536.09 -1.01944 27.0366 13.2317 -4548.88
(1,(2,3),((4,6),5)); -4542.2 -1.90231 30.2122 13.6026 -4556.9
(1,(2,3),((4,6),5)); -4543.69 -1.90231 28.485 13.8959 -4556.38
(1,2,(3,((4,6),5))); -4535.5 -1.70834 27.0615 13.1436 -4547.71
(1,2,(3,(4,(5,6)))); -4533.52 -1.01944 30.3325 13.7345 -4549.1
(1,(2,3),((4,5),6)); -4551.66 -8.08796 26.1338 13.9382 -4555.77
(1,(2,3),(4,(5,6))); -4536.04 -1.21342 31.3175 13.7521 -4552.4
(1,(2,3),(4,(5,6))); -4537.05 -1.21342 29.7671 13.5908 -4552.01
(1,2,(3,((4,6),5))); -4536.25 -1.70834 27.4206 13.7435 -4548.22
(1,2,(3,(4,(5,6)))); -4532.95 -1.01944 30.6857 13.6354 -4548.98
(1,2,(3,(4,(5,6)))); -4534.08 -1.01944 28.7051 13.1084 -4548.66
(1,(2,3),(4,(5,6))); -4541.32 -1.21342 24.8735 12.8641 -4552.11
(1,2,(3,(4,(5,6)))); -4534.56 -1.01944 29.2478 13.8025 -4548.98
(1,2,(3,((4,6),5))); -4537.48 -1.70834 25.9717 13.2041 -4548.53
(1,2,(3,((4,6),5))); -4533.68 -1.70834 30.1448 13.747 -4548.37
(1,2,(3,(4,(5,6)))); -4536.93 -1.01944 26.8692 13.7283 -4549.05
(1,(2,3),(4,(5,6))); -4537.52 -1.21342 29.3415 13.7479 -4551.9
(1,(2,3),(4,(5,6))); -4538.87 -1.21342 27.9646 13.4593 -4552.16
(1,2,(3,(4,(5,6)))); -4534.25 -1.01944 28.5888 13.2714 -4548.55
(1,2,(3,(4,(5,6)))); -4531.66 -1.01944 32.2893 13.8297 -4549.1
(1,(2,3),((4,6),5)); -4543.01 -1.90231 29.2618 13.6117 -4556.76
(1,2,(3,(4,(5,6)))); -4535.4 -1.01944 27.8997 13.3699 -4548.91
(1,2,(3,((4,6),5))); -4538.68 -1.70834 25.335 13.3417 -4548.97
(1,(2,3),(4,(5,6))); -4538.1 -1.21342 28.6738 13.6121 -4551.95
(1,(2,3),((4,6),5)); -4540.9 -1.90231 31.9052 13.6555 -4557.25
(1,(2,3),((4,6),5)); -4544.69 -1.90231 27.1112 13.275 -4556.62
(1,(2,3),((4,6),5)); -4540.87 -1.90231 31.0544 13.4481 -4556.57
(1,2,(3,(4,(5,6)))); -4537 -1.01944 26.668 13.9805 -4548.66
(1,(2,3),(4,(5,6))); -4540.18 -1.21342 26.9546 13.659 -4552.26
(1,2,(3,(4,(5,6)))); -4539.48 -1.01944 23.9426 13.4836 -4548.92
(1,(2,3),(4,(5,6))); -4535.46 -1.21342 31.7264 13.7101 -4552.27
(1,2,(3,(4,(5,6)))); -4533.98 -1.01944 29.3021 13.3147 -4548.94
(1,2,(3,((4,6),5))); -4537.24 -1.70834 26.1059 13.2919 -4548.35
(1,2,(3,(4,(5,6)))); -4534.05 -1.01944 28.9414 13.1524 -4548.82
(1,2,(3,(4,(5,6)))); -4532.98 -1.01944 30.9571 13.5745 -4549.35
(1,2,(3,((4,6),5))); -4534.53 -1.70834 29.9527 14.1139 -4548.66
(1,2,(3,(4,(5,6)))); -4531.37 -1.01944 32.1875 13.5625 -4548.98
(1,2,(3,((4,6),5))); -4535.04 -1.70834 28.1498 13.4505 -4548.03
(1,2,(3,(4,(5,6)))); -4535.64 -1.01944 28.5427 13.8075 -4549.36
(1,2,(3,(4,(5,6)))); -4538.39 -1.01944 25.8171 13.9906 -4549.2
(1,2,(3,((4,6),5))); -4532.8 -1.70834 30.9229 13.6595 -4548.36
(1,(2,3),((4,6),5)); -4542.89 -1.90231 28.4115 13.3269 -4556.07
(1,(2,3),(4,(5,6))); -4536.37 -1.21342 30.9959 13.6143 -4552.54
(1,(2,3),(4,(5,6))); -4538.64 -1.21342 28.2113 13.6418 -4551.99
(1,(2,3),(4,(5,6))); -4535.7 -1.21342 31.2643 13.4127 -4552.34
(1,2,(3,((4,6),5))); -4532.94 -1.70834 30.7739 13.6772 -4548.33
(1,2,(3,((4,6),5))); -4535.17 -1.70834 28.8988 13.5238 -4548.84
(1,2,(3,(4,(5,6)))); -4534.28 -1.01944 29.3628 13.7067 -4548.91
(1,(2,3),(4,(5,6))); -4542.24 -1.21342 24.917 13.2466 -4552.7
(1,(2,3),(4,(5,6))); -4537.5 -1.21342 29.8041 13.869 -4552.22
(1,(2,3),((4,6),5)); -4540.58 -1.90231 31.3198 13.5487 -4556.45
(1,(2,3),(4,(5,6))); -4536.51 -1.21342 30.932 13.6968 -4552.53
(1,(2,3),((4,6),5)); -4542.15 -1.90231 30.6156 13.9083 -4556.95
(1,2,(3,((4,6),5))); -4540.64 -1.70834 23.3007 13.7532 -4548.48
(1,2,(3,(4,(5,6)))); -4536.01 -1.01944 27.5316 13.5466 -4548.98
(1,(2,3),((4,6),5)); -4546.46 -1.90231 25.0502 12.9795 -4556.63
(1,(2,3),((4,6),5)); -4541.57 -1.90231 30.5225 13.2404 -4556.95
(1,(2,3),(4,(5,6))); -4536.48 -1.21342 30.2937 13.514 -4552.04
(1,2,(3,(4,(5,6)))); -4536.03 -1.01944 26.9204 13.159 -4548.77
(1,2,(3,((4,6),5))); -4536.01 -1.70834 27.7954 13.7592 -4548.34
(1,(2,3),((4,6),5)); -4542.5 -1.90231 28.8389 13.1479 -4556.29
(1,2,(3,((4,6),5))); -4535.43 -1.70834 28.0863 13.3437 -4548.46
(1,(2,3),((4,6),5)); -4552.19 -1.90231 22.6182 13.9125 -4558.99
(1,2,(3,((4,6),5))); -4532.23 -1.70834 31.5603 13.5664 -4548.52
(1,2,(3,(4,(5,6)))); -4538.29 -1.01944 25.1707 13.5075 -4548.93
(1,2,(3,(4,(5,6)))); -4534.92 -1.01944 29.0406 13.5717 -4549.37
(1,2,(3,(4,(5,6)))); -4536.46 -1.01944 26.4355 13.0238 -4548.86
(1,2,(3,(4,(5,6)))); -4533.36 -1.01944 30.2685 13.4418 -4549.17
(1,(2,3),((4,6),5)); -4541.64 -1.90231 30.2773 13.2826 -4556.74
(1,2,(3,(4,(5,6)))); -4532.18 -1.01944 31.2231 13.3914 -4548.99
(1,(2,3),(4,(5,6))); -4535.42 -1.21342 31.1406 13.2371 -4552.11
(1,(2,3),((4,6),5)); -4545.04 -1.90231 26.3809 13.4212 -4556.1
(1,2,(3,((4,6),5))); -4534.36 -1.70834 29.4813 13.7387 -4548.39
(1,(2,3),(4,(5,6))); -4537.6 -1.21342 29.9296 13.6808 -4552.64
(1,2,(3,((4,6),5))); -4535.22 -1.70834 27.7878 13.1668 -4548.13
(1,(2,3),(4,(5,6))); -4538.59 -1.21342 27.424 13.0629 -4551.74
(1,(2,3),(4,(5,6))); -4535.31 -1.21342 31.8145 13.408 -4552.5
(1,2,(3,(4,(5,6)))); -4533.39 -1.01944 29.7421 13.2721 -4548.85
(1,(2,3),((4,6),5)); -4540.38 -1.90231 30.8206 13.1683 -4556.13
(1,(2,3),((4,6),5)); -4543.14 -1.90231 29.0074 13.6703 -4556.58
(1,2,(3,(4,(5,6)))); -4538.4 -1.01944 25.2074 13.3645 -4549.22
(1,2,(3,(4,(5,6)))); -4533.95 -1.01944 29.7264 13.4291 -4549.23
(1,2,(3,((4,6),5))); -4536.29 -1.70834 27.8326 14.0863 -4548.33
(1,2,(3,(4,(5,6)))); -4541.68 -1.01944 22.6636 14.3774 -4548.95
(1,2,(3,(4,(5,6)))); -4532.68 -1.01944 30.7234 13.5296 -4548.85
(1,2,(3,(4,(5,6)))); -4536.59 -1.01944 26.1866 13.0786 -4548.68
(1,(2,3),((4,6),5)); -4541.99 -1.90231 30.6529 13.4556 -4557.29
(1,(2,3),(4,(5,6))); -4538.72 -1.21342 28.1096 13.475 -4552.14
(1,(2,3),(4,(5,6))); -4537.93 -1.21342 29.1922 13.3301 -4552.57
(1,2,(3,(4,(5,6)))); -4534.87 -1.01944 29.1646 13.5272 -4549.49
(1,2,(3,(4,(5,6)))); -4531.35 -1.01944 31.745 13.3924 -4548.69
(1,(2,3),((4,6),5)); -4543.16 -1.90231 29.3756 13.7939 -4556.84
(1,2,(3,(4,(5,6)))); -4534.58 -1.01944 29.4279 13.7817 -4549.21
(1,(2,3),((4,6),5)); -4544.32 -1.90231 27.4877 13.2587 -4556.65
(1,(2,3),((4,6),5)); -4540.12 -1.90231 32.0748 13.7406 -4556.55
(1,(2,3),(4,(5,6))); -4541.72 -1.21342 25.9773 13.7241 -4552.76
(1,(2,3),(4,(5,6))); -4538.96 -1.21342 27.1584 13.1559 -4551.74
(1,(2,3),(4,(5,6))); -4541.05 -1.21342 25.4458 13.3331 -4551.95
(1,2,(3,(4,(5,6)))); -4531.76 -1.01944 31.4345 13.452 -4548.73
(1,2,(3,(4,(5,6)))); -4532.4 -1.01944 30.7756 13.3083 -4548.85
(1,2,(3,(4,(5,6)))); -4533.52 -1.01944 29.9337 13.5839 -4548.85
(1,(2,3),((4,6),5)); -4543.55 -1.90231 28.8967 13.4266 -4557.12
(1,(2,3),((4,6),5)); -4543.88 -1.90231 28.2677 13.1959 -4557.05
(1,(2,3),((4,6),5)); -4543.64 -1.90231 28.0047 13.2529 -4556.49
(1,2,(3,(4,(5,6)))); -4533.8 -1.01944 29.3233 13.304 -4548.8
(1,2,(3,((4,6),5))); -4534.43 -1.70834 29.9666 13.587 -4549.1
(1,(2,3),(4,(5,6))); -4534.44 -1.21342 32.7764 13.7315 -4552.27
(1,2,(3,((4,6),5))); -4535.69 -1.70834 27.5562 13.4735 -4548.06
(1,2,(3,(4,(5,6)))); -4534.45 -1.01944 29.6336 13.7307 -4549.33
(1,(2,3),(4,(5,6))); -4537.68 -1.21342 30.0574 13.7378 -4552.79
(1,(2,3),(4,(5,6))); -4537.81 -1.21342 29.6816 13.9447 -4552.33
(1,2,(3,(4,(5,6)))); -4534.14 -1.01944 29.4831 13.4172 -4549.18
(1,(2,3),(4,(5,6))); -4537.38 -1.21342 29.9536 13.6639 -4552.46
(1,(2,3),(4,(5,6))); -4536.48 -1.21342 30.4122 13.505 -4552.18
(1,(2,3),(4,(5,6))); -4536.01 -1.21342 31.2165 13.3756 -4552.64
(1,(2,3),(4,(5,6))); -4538.57 -1.21342 28.8679 13.886 -4552.34
(1,(2,3),(4,(5,6))); -4537.36 -1.21342 29.1533 13.0181 -4552.28
(1,(2,3),(4,(5,6))); -4538.66 -1.21342 28.7288 13.8442 -4552.33
(1,2,(3,(4,(5,6)))); -4532.9 -1.01944 30.5225 13.6028 -4548.8
(1,2,(3,(4,(5,6)))); -4537.67 -1.01944 25.7338 13.1889 -4549.19
(1,2,(3,(4,(5,6)))); -4533.82 -1.01944 29.5912 13.4871 -4548.9
(1,2,(3,((4,6),5))); -4533.45 -1.70834 30.2231 13.7248 -4548.24
(1,2,(3,(4,(5,6)))); -4533.69 -1.01944 29.96 13.8278 -4548.8
(1,2,(3,(4,(5,6)))); -4534.85 -1.01944 28.2454 13.3402 -4548.73
(1,(2,3),(4,(5,6))); -4539.39 -1.21342 27.0949 13.0741 -4552.2
(1,2,(3,((4,6),5))); -4533.13 -1.70834 31.0932 13.6481 -4548.87
(1,(2,3),((4,6),5)); -4543.15 -1.90231 29.1692 13.5622 -4556.86
(1,(2,3),((4,6),5)); -4541.62 -1.90231 30.6591 13.7382 -4556.64
(1,2,(3,((4,6),5))); -4533.4 -1.70834 30.2289 13.6247 -4548.3
(1,(2,3),(4,(5,6))); -4542.56 -1.21342 23.5226 13.1649 -4551.71
(1,(2,3),(4,(5,6))); -4538.06 -1.21342 29.1295 13.6122 -4552.36
(1,(2,3),(4,(5,6))); -4537.95 -1.21342 29.268 13.5033 -4552.5
(1,2,(3,(4,(5,6)))); -4531.88 -1.01944 31.9832 13.6017 -4549.24
(1,2,(3,(4,(5,6)))); -4532.19 -1.01944 30.9793 13.3399 -4548.81
(1,(2,3),((4,6),5)); -4542.94 -1.90231 29.7736 13.7299 -4557.08
(1,2,(3,(4,(5,6)))); -4533.76 -1.01944 30.7204 13.9131 -4549.54
(1,2,(3,(4,(5,6)))); -4538.81 -1.01944 24.1313 13.1682 -4548.75
(1,2,(3,((4,6),5))); -4534.76 -1.70834 29.2287 13.5087 -4548.77
(1,2,(3,(4,(5,6)))); -4532.67 -1.01944 30.8262 13.3884 -4549.09
(1,2,(3,((4,6),5))); -4535.32 -1.70834 28.1603 13.1529 -4548.61
(1,2,(3,((4,6),5))); -4535.58 -1.70834 27.4802 13.3397 -4548.01
(1,2,(3,(4,(5,6)))); -4534.18 -1.01944 29.7069 13.8076 -4549.06
(1,(2,3),(4,(5,6))); -4536.75 -1.21342 30.0478 13.3357 -4552.25
(1,2,(3,(4,(5,6)))); -4537.66 -1.01944 25.3122 13.1704 -4548.79
(1,2,(3,((4,6),5))); -4532.97 -1.70834 30.7381 13.6771 -4548.32
(1,2,(3,(4,(5,6)))); -4539.04 -1.01944 24.8361 14.2033 -4548.65
(1,(2,3),((4,6),5)); -4540.06 -1.90231 32.4321 13.5703 -4557.02
(1,(2,3),((4,6),5)); -4545.95 -1.90231 25.6751 13.2171 -4556.51
(1,2,(3,(4,(5,6)))); -4540.37 -1.01944 24.0648 13.9764 -4549.44
(1,2,(3,(4,(5,6)))); -4535.15 -1.01944 28.3661 13.8084 -4548.68
(1,2,(3,(4,(5,6)))); -4533.56 -1.01944 29.6579 13.5995 -4548.6
(1,2,(3,(4,(5,6)))); -4535.36 -1.01944 27.6145 13.1602 -4548.79
(1,(2,3),((4,6),5)); -4542.33 -1.90231 29.4508 13.5882 -4556.29
(1,(2,3),(4,(5,6))); -4535.74 -1.21342 31.579 13.7844 -4552.33
(1,(2,((4,6),5)),3); -4542.68 -5.61065 27.037 13.3534 -4550.76
(1,2,(3,((4,6),5))); -4534.29 -1.70834 29.2557 13.372 -4548.47
(1,2,(3,(4,(5,6)))); -4533.61 -1.01944 30.0538 13.6124 -4549.03
(1,2,(3,(4,(5,6)))); -4533 -1.01944 30.5921 13.2961 -4549.28
(1,2,(3,(4,(5,6)))); -4533.83 -1.01944 29.6417 13.8346 -4548.62
(1,(2,3),(4,(5,6))); -4536.37 -1.21342 30.5512 13.6879 -4552.02
(1,2,(3,(4,(5,6)))); -4534.05 -1.01944 28.5036 13.1645 -4548.37
(1,(2,3),(4,(5,6))); -4543.76 -1.21342 23.6264 13.6433 -4552.52
(1,2,(3,(4,(5,6)))); -4534.36 -1.01944 29.397 13.8436 -4548.89
(1,(2,3),((4,6),5)); -4540.5 -1.90231 31.6446 13.571 -4556.67
(1,(2,3),(4,(5,6))); -4537.4 -1.21342 29.7418 13.7043 -4552.22
(1,2,(3,(4,(5,6)))); -4531.91 -1.01944 31.5721 13.536 -4548.93
(1,(2,3),(4,(5,6))); -4540.67 -1.21342 26.0558 13.1308 -4552.38
(1,2,(3,((4,6),5))); -4533.35 -1.70834 29.853 13.1613 -4548.33
(1,2,(3,((4,6),5))); -4535.45 -1.70834 29.0879 14.0524 -4548.78
(1,2,(3,((4,6),5))); -4536.86 -1.70834 26.1319 13.1154 -4548.17
(1,2,(3,(4,(5,6)))); -4536.57 -1.01944 26.5531 13.227 -4548.88
(1,2,(3,(4,(5,6)))); -4534.81 -1.01944 28.6667 13.869 -4548.59
(1,2,(3,((4,6),5))); -4534.97 -1.70834 29.133 13.7328 -4548.66
(1,2,(3,(4,(5,6)))); -4530.66 -1.01944 32.4591 13.3769 -4548.72
(1,2,(3,(4,(5,6)))); -4534.65 -1.01944 28.2005 12.9353 -4548.9
(1,2,(3,(4,(5,6)))); -4537.14 -1.01944 26.9086 13.8455 -4549.18
(1,(2,3),((4,6),5)); -4544.23 -1.90231 27.62 13.5522 -4556.39
(1,(2,3),(4,(5,6))); -4537.28 -1.21342 30.0418 13.7136 -4552.39
(1,(2,3),(4,(5,6))); -4538.07 -1.21342 29.6289 13.8372 -4552.65
(1,2,(3,((4,6),5))); -4534.49 -1.70834 28.6246 13.1274 -4548.28
(1,2,(3,(4,(5,6)))); -4533.45 -1.01944 29.3629 13.3252 -4548.47
(1,2,(3,(4,(5,6)))); -4536.01 -1.01944 27.3857 13.7082 -4548.67
(1,2,(3,(4,(5,6)))); -4532.6 -1.01944 30.7444 13.4125 -4548.92
(1,2,(3,(4,(5,6)))); -4534.69 -1.01944 28.6465 13.361 -4548.96
(1,2,(3,((4,6),5))); -4540.23 -1.70834 22.513 13.047 -4547.99
(1,(2,3),(4,(5,6))); -4539.76 -1.21342 27.627 13.667 -4552.51
(1,2,(3,(4,(5,6)))); -4540.23 -1.01944 22.5648 12.9518 -4548.83
(1,(2,3),(4,(5,6))); -4537.38 -1.21342 29.7315 13.7011 -4552.2
(1,(2,3),(4,(5,6))); -4537.47 -1.21342 28.5684 12.9535 -4551.87
(1,2,(3,(4,(5,6)))); -4533.54 -1.01944 29.7878 13.4458 -4548.86
(1,(2,3),(4,(5,6))); -4538.3 -1.21342 28.6025 13.4851 -4552.21
(1,(2,3),(4,(5,6))); -4535.51 -1.21342 31.9689 13.6845 -4552.59
(1,(2,3),(4,(5,6))); -4535.93 -1.21342 31.5969 13.7913 -4552.53
(1,2,(3,((4,6),5))); -4539.02 -1.70834 24.1318 13.2755 -4548.17
(1,2,(3,(4,(5,6)))); -4531.67 -1.01944 31.8944 13.5365 -4549.01
(1,(2,3),((4,6),5)); -4541.89 -1.90231 29.5966 13.1114 -4556.47
(1,2,(3,(4,(5,6)))); -4534.87 -1.01944 28.7534 13.7174 -4548.89
(1,(2,3),((4,6),5)); -4541.7 -1.90231 30.5375 13.4427 -4556.9
(1,(2,3),(4,(5,6))); -4537.31 -1.21342 28.8371 13.153 -4551.78
(1,(2,3),((4,6),5)); -4542.87 -1.90231 28.6933 13.1792 -4556.48
(1,2,(3,(4,(5,6)))); -4535.04 -1.01944 28.6748 13.5291 -4549.17
(1,2,(3,(4,(5,6)))); -4536.96 -1.01944 25.9085 13.1108 -4548.74
(1,2,(3,(4,(5,6)))); -4534.34 -1.01944 29.7706 14.0115 -4549.07
(1,2,(3,(4,(5,6)))); -4536.19 -1.01944 26.7488 12.9476 -4548.97
(1,(2,3),((4,6),5)); -4543.57 -1.90231 27.9817 12.9308 -4556.72
(1,(2,3),((4,6),5)); -4544.32 -1.90231 27.5134 13.4041 -4556.52
(1,2,(3,(4,(5,6)))); -4531.98 -1.01944 31.4714 13.3586 -4549.07
(1,2,(3,((4,6),5))); -4533.15 -1.70834 30.7662 13.8642 -4548.34
(1,(2,3),((4,6),5)); -4542.16 -1.90231 29.5753 13.3733 -4556.46
(1,2,(3,(4,(5,6)))); -4535.33 -1.01944 28.1563 13.452 -4549.01
(1,2,(3,(4,(5,6)))); -4530.69 -1.01944 32.7277 13.6289 -4548.77
(1,(2,3),(4,(5,6))); -4537.47 -1.21342 29.8231 13.9146 -4552.16
(1,(2,3),((4,6),5)); -4548.28 -1.90231 23.9706 13.4271 -4556.92
(1,(2,3),(4,(5,6))); -4536.87 -1.21342 29.7973 13.6427 -4551.81
(1,2,(3,(4,(5,6)))); -4540.35 -1.01944 21.8361 12.8891 -4548.28
(1,2,(3,(4,(5,6)))); -4536.47 -1.01944 26.985 13.566 -4548.87
(1,2,(3,((4,6),5))); -4536.96 -1.70834 26.4477 12.9555 -4548.74
(1,2,(3,(4,(5,6)))); -4534.68 -1.01944 28.971 13.9718 -4548.66
(1,(2,3),(4,(5,6))); -4535.28 -1.21342 31.1647 13.4245 -4551.81
(1,2,(3,((4,6),5))); -4535.52 -1.70834 27.8285 13.427 -4548.21
(1,2,(3,((4,6),5))); -4533.88 -1.70834 30.5709 13.8013 -4548.94
(1,2,(3,((4,6),5))); -4535.93 -1.70834 27.7006 13.5739 -4548.35
(1,2,(3,((4,6),5))); -4543.18 -1.70834 21.5865 13.9257 -4549.13
(1,2,(3,(4,(5,6)))); -4532.1 -1.01944 31.4837 13.4042 -4549.16
(1,2,(3,(4,(5,6)))); -4534.08 -1.01944 29.5108 13.4017 -4549.16
(1,2,(3,(4,(5,6)))); -4534.33 -1.01944 28.7244 13.5041 -4548.53
(1,2,(3,(4,(5,6)))); -4534.34 -1.01944 28.8907 13.4072 -4548.8
(1,2,(3,(4,(5,6)))); -4531.01 -1.01944 32.8293 13.7779 -4549.04
(1,(2,3),(4,(5,6))); -4537.8 -1.21342 29.3623 13.6732 -4552.27
(1,2,(3,(4,(5,6)))); -4535.69 -1.01944 28.4942 13.7926 -4549.37
(1,2,(3,((4,6),5))); -4532.8 -1.70834 31.1287 13.6169 -4548.6
(1,2,(3,((4,6),5))); -4533.64 -1.70834 29.4801 13.3691 -4548.04
(1,(2,3),(4,(5,6))); -4540.35 -1.21342 26.2596 12.9942 -4552.41
(1,(2,3),(4,(5,6))); -4536.86 -1.21342 30.1632 13.5741 -4552.24
(1,2,(3,(4,(5,6)))); -4536.12 -1.01944 27.7576 14.0339 -4548.82
(1,2,(3,((4,6),5))); -4534.12 -1.70834 30.3052 13.9462 -4548.77
(1,2,(3,(4,(5,6)))); -4534.07 -1.01944 29.5583 13.4479 -4549.17
(1,2,(3,((4,6),5))); -4540.2 -1.70834 23.5602 13.4508 -4548.6
(1,(2,3),((4,6),5)); -4546.77 -1.90231 25.2006 13.3206 -4556.75
(1,2,(3,((4,6),5))); -4535.92 -1.70834 28.1028 13.9876 -4548.32
(1,2,(3,(4,(5,6)))); -4533.5 -1.01944 29.8373 13.4521 -4548.86
(1,(2,3),(4,(5,6))); -4534.95 -1.21342 31.9284 13.5189 -4552.14
(1,(2,3),(4,(5,6))); -4539.13 -1.21342 27.3658 13.2958 -4551.99
(1,(2,3),(4,(5,6))); -4535.78 -1.21342 31.0291 13.4185 -4552.18
(1,(2,3),(4,(5,6))); -4545.63 -1.21342 21.8538 13.8583 -4552.41
(1,(2,3),(4,(5,6))); -4538.79 -1.21342 27.6711 13.0957 -4552.15
(1,2,(3,(4,(5,6)))); -4538.31 -1.01944 25.7753 13.9548 -4549.11
(1,(2,3),((4,6),5)); -4540.14 -1.90231 32.4141 13.6144 -4557.04
(1,2,(3,(4,(5,6)))); -4533.4 -1.01944 30.213 13.7326 -4548.86
(1,2,(3,(4,(5,6)))); -4532.14 -1.01944 31.3643 13.5844 -4548.9
(1,2,(3,(4,(5,6)))); -4532.69 -1.01944 30.3826 13.3628 -4548.69
(1,2,(3,(4,(5,6)))); -4533.15 -1.01944 30.102 13.5126 -4548.72
(1,(2,3),(4,(5,6))); -4539.55 -1.21342 27.8014 13.7418 -4552.39
(1,(2,3),(4,(5,6))); -4540.03 -1.21342 26.5297 13.3837 -4551.97
(1,2,(3,((4,6),5))); -4532.55 -1.70834 31.5581 13.6123 -4548.78
(1,(2,3),(4,(5,6))); -4545.32 -1.21342 21.2401 13.0264 -4552.32
(1,2,(3,((4,6),5))); -4539.88 -1.70834 24.3115 13.859 -4548.63
(1,(2,3),(4,(5,6))); -4538.96 -1.21342 28.6175 13.6561 -4552.71
(1,(2,3),(4,(5,6))); -4537.28 -1.21342 29.5564 13.3529 -4552.27
(1,2,(3,((4,6),5))); -4536.04 -1.70834 27.4989 13.5377 -4548.29
(1,2,(3,(4,(5,6)))); -4534.99 -1.01944 28.073 13.2435 -4548.8
(1,(2,3),(4,(5,6))); -4536.72 -1.21342 30.8947 13.8646 -4552.54
(1,2,(3,(4,(5,6)))); -4533.56 -1.01944 29.4037 13.1537 -4548.79
(1,2,(3,((4,6),5))); -4534.91 -1.70834 28.4739 13.2135 -4548.46
(1,2,(3,((4,6),5))); -4534.1 -1.70834 30.109 13.7035 -4548.8
(1,2,(3,((4,6),5))); -4535.33 -1.70834 28.8109 13.8595 -4548.57
(1,(2,(4,(5,6))),3); -4537.7 -4.92175 30.0379 14.1006 -4548.71
(1,2,(3,(4,(5,6)))); -4533.34 -1.01944 30.2747 13.6561 -4548.94
(1,(2,3),(4,(5,6))); -4537.58 -1.21342 29.9086 13.6973 -4552.58
(1,(2,3),((4,6),5)); -4545.23 -1.90231 26.7299 13.7679 -4556.29
(1,2,(3,(4,(5,6)))); -4542.9 -1.01944 18.6296 12.2516 -4548.26
(1,(2,3),(4,(5,6))); -4539.5 -1.21342 27.8125 13.2494 -4552.85
(1,2,(3,(4,(5,6)))); -4531.59 -1.01944 32.0221 13.5672 -4549.03
(1,(2,3),(4,(5,6))); -4540.17 -1.21342 27.4747 13.8819 -4552.55
(1,(2,3),((4,6),5)); -4546.62 -1.90231 26.4774 14.1026 -4557.09
(1,2,(3,((4,6),5))); -4536.43 -1.70834 26.6609 13.0917 -4548.29
(1,2,(3,(4,(5,6)))); -4533.34 -1.01944 30.1851 13.5609 -4548.95
(1,(2,3),(4,(5,6))); -4535.41 -1.21342 31.2828 13.4344 -4552.05
(1,(2,3),(4,(5,6))); -4536.31 -1.21342 30.4853 13.7051 -4551.88
(1,(2,3),((4,6),5)); -4540.37 -1.90231 31.1149 13.3017 -4556.28
(1,2,(3,(4,(5,6)))); -4534.21 -1.01944 28.9363 13.4436 -4548.68
(1,2,(3,(4,(5,6)))); -4533.03 -1.01944 30.3587 13.5393 -4548.83
(1,2,(3,(4,(5,6)))); -4533.16 -1.01944 29.7975 13.5663 -4548.37
(1,2,(3,(4,(5,6)))); -4534.67 -1.01944 29.2281 13.9308 -4548.95
(1,2,(3,((4,6),5))); -4533.7 -1.70834 29.9624 13.4081 -4548.54
(1,2,(3,((4,6),5))); -4535.29 -1.70834 28.3346 13.5055 -4548.41
(1,(2,3),(4,(5,6))); -4537.51 -1.21342 29.429 13.6973 -4552.03
(1,(2,(4,(5,6))),3); -4537.16 -4.92175 30.7646 13.7324 -4549.28
(1,(2,3),(4,(5,6))); -4540.93 -1.21342 26.6442 13.9476 -4552.41
(1,2,(3,((4,6),5))); -4536.09 -1.70834 26.9797 13.4594 -4547.91
(1,2,(3,((4,6),5))); -4534.68 -1.70834 28.5568 13.3036 -4548.22
(1,2,(3,((4,6),5))); -4539.25 -1.70834 25.4777 14.3508 -4548.67
(1,2,(3,((4,6),5))); -4533 -1.70834 30.9238 13.5009 -4548.72
(1,(2,3),((4,6),5)); -4541.73 -1.90231 30.1484 13.6213 -4556.36
(1,(2,3),((4,6),5)); -4542.2 -1.90231 30.2486 13.3809 -4557.16
(1,2,(3,(4,(5,6)))); -4538.1 -1.01944 24.8679 13.3524 -4548.59
(1,(2,3),(4,(5,6))); -4536.24 -1.21342 30.8882 13.4276 -4552.49
(1,2,(3,(4,(5,6)))); -4535.91 -1.01944 27.5711 13.554 -4548.9
(1,(2,3),(4,(5,6))); -4536.78 -1.21342 30.102 13.4958 -4552.17
(1,2,(3,((4,6),5))); -4534.36 -1.70834 30.2576 14.0039 -4548.91
(1,2,(3,(4,(5,6)))); -4535.2 -1.01944 28.515 13.5355 -4549.16
(1,2,(3,(4,(5,6)))); -4536.67 -1.01944 26.8573 13.8323 -4548.68
(1,(2,((4,6),5)),3); -4538.2 -5.61065 31.3529 13.3334 -4550.61
(1,2,(3,(4,(5,6)))); -4532.91 -1.01944 29.9 13.2308 -4548.56
(1,2,(3,(4,(5,6)))); -4536.95 -1.01944 26.3275 13.5114 -4548.74
(1,2,(3,(4,(5,6)))); -4544.28 -1.01944 19.8652 13.6584 -4549.47
(1,(2,3),(4,(5,6))); -4535.54 -1.21342 31.2573 13.4753 -4552.1
(1,(2,3),(4,(5,6))); -4535.73 -1.21342 31.8267 13.8565 -4552.49
(1,(2,3),(4,(5,6))); -4537.68 -1.21342 29.1541 13.5422 -4552.08
(1,2,(3,(4,(5,6)))); -4541.08 -1.01944 23.0725 13.7401 -4549.39
(1,2,(3,(4,(5,6)))); -4533.72 -1.01944 30.0076 13.8016 -4548.91
(1,2,(3,(4,(5,6)))); -4534.1 -1.01944 29.6599 13.7189 -4549.03
(1,2,(3,(4,(5,6)))); -4532.37 -1.01944 30.9241 13.4898 -4548.78
(1,2,(3,((4,6),5))); -4532.6 -1.70834 30.6803 13.5212 -4548.05
(1,2,(3,(4,(5,6)))); -4536.98 -1.01944 27.0641 13.6214 -4549.4
(1,2,(3,(4,(5,6)))); -4531.76 -1.01944 31.8097 13.7378 -4548.81
(1,(2,3),(4,(5,6))); -4535.26 -1.21342 31.8482 13.791 -4552.1
(1,(2,3),(4,(5,6))); -4538.85 -1.21342 28.294 13.6809 -4552.25
(1,(2,3),(4,(5,6))); -4534.92 -1.21342 32.6256 13.6792 -4552.65
(1,(2,3),((4,6),5)); -4542.02 -1.90231 29.2549 13.2853 -4556.08
(1,2,(3,((4,6),5))); -4535.23 -1.70834 28.0405 13.3437 -4548.22
(1,2,(3,(4,(5,6)))); -4532.8 -1.01944 31.3864 13.6317 -4549.54
(1,2,(3,((4,6),5))); -4536.79 -1.70834 26.2062 13.1708 -4548.12
(1,2,(3,(4,(5,6)))); -4534.12 -1.01944 29.2972 13.6423 -4548.75
(1,2,(3,(4,(5,6)))); -4533.14 -1.01944 30.5892 13.8072 -4548.91
(1,(2,3),(4,(5,6))); -4535.88 -1.21342 31.3307 13.6948 -4552.3
(1,(2,3),(4,(5,6))); -4539.54 -1.21342 26.9082 13.0458 -4552.19
(1,(2,3),(4,(5,6))); -4540.46 -1.21342 25.8452 13.3801 -4551.71
(1,(2,3),((4,6),5)); -4541.89 -1.90231 30.2485 13.571 -4556.67
(1,2,(3,((4,6),5))); -4534.65 -1.70834 28.6661 13.4364 -4548.17
(1,2,(3,(4,(5,6)))); -4532.89 -1.01944 30.7637 13.7989 -4548.83
(1,(2,3),((4,6),5)); -4542.26 -1.90231 30.5151 13.741 -4557.13
(1,2,(3,(4,(5,6)))); -4533.9 -1.01944 29.4065 13.2348 -4549.05
(1,2,(3,(4,(5,6)))); -4533.98 -1.01944 30.1427 13.7911 -4549.31
(1,(2,3),((4,6),5)); -4542.23 -1.90231 29.5904 13.3736 -4556.54
(1,(2,3),((4,6),5)); -4542.64 -1.90231 29.6265 13.2772 -4557.08
(1,2,(3,(4,(5,6)))); -4537.66 -1.01944 25.6149 13.4249 -4548.83
(1,2,(3,(4,(5,6)))); -4536.13 -1.01944 27.3908 13.4946 -4549.01
(1,2,(3,((4,6),5))); -4535.16 -1.70834 28.0334 13.0876 -4548.4
(1,(2,3),(4,(5,6))); -4534.66 -1.21342 32.1476 13.4415 -4552.15
(1,(2,3),(4,(5,6))); -4540.32 -1.21342 26.624 13.7578 -4551.97
(1,(2,3),((4,6),5)); -4541.48 -1.90231 30.3795 12.9745 -4556.98
(1,2,(3,(4,(5,6)))); -4536.56 -1.01944 27.4227 13.8713 -4549.1
(1,(2,3),((4,6),5)); -4540.3 -1.90231 31.9631 13.4851 -4556.88
(1,2,(3,(4,(5,6)))); -4540.16 -1.01944 22.949 13.2503 -4548.84
(1,(2,3),(4,(5,6))); -4540.91 -1.21342 26.8272 14.209 -4552.32
(1,2,(3,(4,(5,6)))); -4535.99 -1.01944 27.3856 13.4177 -4548.94
(1,(2,3),((4,6),5)); -4541.04 -1.90231 31.0355 13.3752 -4556.8
(1,(2,3),(4,(5,6))); -4538.64 -1.21342 29.0175 13.654 -4552.79
(1,(2,3),((4,6),5)); -4544.58 -1.90231 27.748 13.5561 -4556.87
(1,(2,3),(4,(5,6))); -4540.84 -1.21342 25.7463 13.29 -4552.08
(1,(2,3),(4,(5,6))); -4536.94 -1.21342 30.1087 13.5308 -4552.31
(1,2,(3,(4,(5,6)))); -4537.13 -1.01944 27.4061 14.2695 -4549.24
(1,2,(3,(4,(5,6)))); -4535.04 -1.01944 28.6335 13.6701 -4548.98
(1,(2,3),(4,(5,6))); -4536.96 -1.21342 29.4493 13.336 -4551.86
(1,(2,3),((4,6),5)); -4539.96 -1.90231 32.604 13.5481 -4557.11
(1,(2,3),(4,(5,6))); -4540.84 -1.21342 26.5273 13.8078 -4552.34
(1,(2,((4,6),5)),3); -4539.5 -5.61065 30.6521 13.531 -4551.01
(1,2,(3,(4,(5,6)))); -4534.28 -1.01944 29.6292 13.9448 -4548.94
(1,2,(3,((4,6),5))); -4537.79 -1.70834 25.7482 13.306 -4548.52
(1,(2,3),((4,6),5)); -4545.05 -1.90231 27.4583 13.6964 -4556.91
(1,(2,3),((4,6),5)); -4540.81 -1.90231 31.3954 13.4738 -4556.83
(1,2,(3,((4,6),5))); -4533.06 -1.70834 29.9709 13.2439 -4548.08
(1,(2,3),((4,6),5)); -4543.82 -1.90231 28.0279 13.2632 -4556.68
(1,(2,3),((4,6),5)); -4542.42 -1.90231 29.0276 13.1981 -4556.35
(1,2,(3,((4,6),5))); -4534.25 -1.70834 29.0899 13.5028 -4548.13
(1,2,(3,(4,(5,6)))); -4540.21 -1.01944 22.4595 13.3755 -4548.28
(1,2,(3,(4,(5,6)))); -4534.14 -1.01944 29.313 13.3556 -4549.08
(1,(2,3),(4,(5,6))); -4538.63 -1.21342 27.6138 12.9302 -4552.1
(1,2,(3,(4,(5,6)))); -4535.53 -1.01944 28.0369 13.3011 -4549.25
(1,(2,3),((4,6),5)); -4547.56 -1.90231 24.1948 13.0524 -4556.8
(1,2,(3,((4,6),5))); -4534.7 -1.70834 28.9796 13.7379 -4548.24
(1,2,(3,(4,(5,6)))); -4531.46 -1.01944 32.2786 13.6277 -4549.09
(1,2,(3,(4,(5,6)))); -4533.97 -1.01944 30.3031 13.8441 -4549.41
(1,(2,3),(4,(5,6))); -4536.89 -1.21342 30.4365 13.5751 -4552.54
(1,2,(3,(4,(5,6)))); -4532.62 -1.01944 30.3524 13.3491 -4548.61
(1,(2,3),(4,(5,6))); -4536.91 -1.21342 30.1001 13.6503 -4552.15
(1,2,(3,(4,(5,6)))); -4536.81 -1.01944 25.9656 13.1678 -4548.59
(1,2,(3,((4,6),5))); -4536.01 -1.70834 27.081 13.0719 -4548.31
(1,2,(3,(4,(5,6)))); -4535.68 -1.01944 27.897 13.6722 -4548.89
(1,(2,3),(4,(5,6))); -4537.45 -1.21342 28.9751 13.2267 -4551.98
(1,2,(3,(4,(5,6)))); -4538.58 -1.01944 25.0764 13.5339 -4549.11
(1,2,(3,((4,6),5))); -4534.72 -1.70834 28.7466 13.0284 -4548.73
(1,2,(3,(4,(5,6)))); -4533.98 -1.01944 28.542 13.0417 -4548.46
(1,2,(3,((4,6),5))); -4538.98 -1.70834 24.1401 13.1203 -4548.29
(1,2,(3,((4,6),5))); -4534.54 -1.70834 28.3009 13.1663 -4547.97
(1,2,(3,((4,6),5))); -4535.5 -1.70834 28.4637 13.8024 -4548.45
(1,2,(3,((4,6),5))); -4536.16 -1.70834 27.5358 13.3462 -4548.64
(1,2,(3,((4,6),5))); -4532.41 -1.70834 31.9158 13.836 -4548.78
(1,2,(3,(4,(5,6)))); -4532.33 -1.01944 30.9214 13.3136 -4548.92
(1,2,(3,(4,(5,6)))); -4536.26 -1.01944 27.3541 13.3534 -4549.24
(1,(2,3),((4,6),5)); -4543.44 -1.90231 28.1883 12.8487 -4556.87
(1,(2,3),(4,(5,6))); -4537.12 -1.21342 30.5736 14.144 -4552.34
(1,(2,3),(4,(5,6))); -4536.79 -1.21342 30.1933 13.2644 -4552.5
(1,2,(3,(4,(5,6)))); -4534.71 -1.01944 28.9323 13.4293 -4549.19
(1,(2,3),((4,6),5)); -4542.41 -1.90231 29.7992 13.6184 -4556.68
(1,2,(3,((4,6),5))); -4537.19 -1.70834 25.9766 13.7421 -4547.71
(1,2,(3,((4,6),5))); -4534.76 -1.70834 29.3959 13.6272 -4548.82
(1,2,(3,((4,6),5))); -4531.63 -1.70834 32.1193 13.488 -4548.55
(1,2,(3,(4,(5,6)))); -4533.89 -1.01944 29.6556 13.2067 -4549.32
(1,(2,3),(4,(5,6))); -4539.19 -1.21342 27.9941 13.7328 -4552.24
(1,2,(3,((4,6),5))); -4537.44 -1.70834 25.8101 13.2792 -4548.26
(1,2,(3,(4,(5,6)))); -4532.27 -1.01944 31.3502 13.5524 -4549.05
(1,2,(3,(4,(5,6)))); -4537.67 -1.01944 25.9286 13.6883 -4548.89
(1,2,(3,(4,(5,6)))); -4534.35 -1.01944 29.6326 13.7292 -4549.23
(1,2,(3,((4,6),5))); -4537.69 -1.70834 25.9072 13.5175 -4548.37
(1,(2,3),(4,(5,6))); -4538.53 -1.21342 27.9856 13.292 -4552.01
(1,2,(3,(4,(5,6)))); -4532.92 -1.01944 31.0278 13.687 -4549.24
(1,(2,3),((4,6),5)); -4545.84 -1.90231 26.2664 13.4998 -4556.7
(1,2,(3,(4,(5,6)))); -4537.82 -1.01944 25.6416 13.8293 -4548.62
(1,(2,3),(4,(5,6))); -4536.76 -1.21342 29.9862 13.5204 -4552.01
(1,2,(3,(4,(5,6)))); -4533.28 -1.01944 29.8851 13.6902 -4548.46
(1,(2,3),(4,(5,6))); -4536.96 -1.21342 29.4766 13.2741 -4551.95
(1,2,(3,(4,(5,6)))); -4532.73 -1.01944 30.3415 13.3072 -4548.75
(1,2,(3,(4,(5,6)))); -4532.35 -1.01944 30.8257 13.5951 -4548.56
(1,2,(3,(4,(5,6)))); -4535.84 -1.01944 27.8724 13.8876 -4548.81
(1,2,(3,(4,(5,6)))); -4531.29 -1.01944 31.8747 13.4517 -4548.7
(1,2,(3,(4,(5,6)))); -4533.5 -1.01944 28.9865 12.9734 -4548.49
(1,2,(3,(4,(5,6)))); -4536.67 -1.01944 27.8884 14.2646 -4549.27
(1,(2,3),(4,(5,6))); -4537.4 -1.21342 29.5623 13.5791 -4552.17
(1,2,(3,(4,(5,6)))); -4531.67 -1.01944 32.1001 13.8081 -4548.94
(1,(2,3),((4,6),5)); -4542.3 -1.90231 30.203 13.6639 -4556.94
(1,(2,3),((4,6),5)); -4543.77 -1.90231 28.6225 13.5509 -4556.94
(1,2,(3,(4,(5,6)))); -4532.08 -1.01944 31.4471 13.8039 -4548.71
(1,2,(3,(4,(5,6)))); -4534 -1.01944 29.7643 13.8049 -4548.94
(1,(2,3),(4,(5,6))); -4536.8 -1.21342 30.0155 13.4466 -4552.16
(1,(2,3),((4,6),5)); -4546.87 -1.90231 25.7268 13.9561 -4556.74
(1,2,(3,((4,6),5))); -4532.37 -1.70834 31.3419 13.5947 -4548.41
(1,2,(3,(4,(5,6)))); -4533.77 -1.01944 29.0777 13.1112 -4548.72
(1,2,(3,((4,6),5))); -4533.94 -1.70834 29.7236 13.6464 -4548.31
(1,2,(3,(4,(5,6)))); -4532.18 -1.01944 30.9726 13.6118 -4548.52
(1,2,(3,(4,(5,6)))); -4536.02 -1.01944 27.5842 13.5182 -4549.07
(1,2,(3,(4,(5,6)))); -4542.06 -1.01944 19.9967 12.5329 -4548.5
(1,(2,3),(4,(5,6))); -4540.47 -1.21342 26.4139 13.7055 -4551.96
(1,(2,3),((4,6),5)); -4543.1 -1.90231 28.1866 13.1531 -4556.23
(1,2,(3,(4,(5,6)))); -4536.69 -1.01944 25.4953 12.8423 -4548.32
(1,2,(3,((4,6),5))); -4534.53 -1.70834 29.2514 13.6166 -4548.46
(1,2,(3,(4,(5,6)))); -4536.19 -1.01944 27.8407 13.9535 -4549.05
(1,2,(3,((4,6),5))); -4533.5 -1.70834 29.8043 13.3941 -4548.2
(1,(2,3),(4,(5,6))); -4536.66 -1.21342 30.6578 13.6391 -4552.46
(1,(2,3),(4,(5,6))); -4536.35 -1.21342 30.3685 13.3504 -4552.16
(1,(2,3),(4,(5,6))); -4535.58 -1.21342 30.9471 13.4073 -4551.9
(1,2,(3,(4,(5,6)))); -4535.84 -1.01944 27.9637 13.5525 -4549.23
(1,2,(3,(4,(5,6)))); -4533.54 -1.01944 29.9901 13.4269 -4549.09
(1,2,(3,(4,(5,6)))); -4536.44 -1.01944 27.3675 13.6807 -4549.1
(1,2,(3,(4,(5,6)))); -4536.04 -1.01944 26.688 13.3427 -4548.37
(1,(2,3),(4,(5,6))); -4541.41 -1.21342 26.2347 14.0173 -4552.41
(1,2,(3,((4,6),5))); -4533.89 -1.70834 30.2769 13.8002 -4548.66
(1,2,(3,(4,(5,6)))); -4534.1 -1.01944 29.6939 13.8597 -4548.91
(1,(2,3),(4,(5,6))); -4535.71 -1.21342 31.7985 13.7692 -4552.53
(1,(2,3),(4,(5,6))); -4534.43 -1.21342 32.3717 13.379 -4552.21
(1,(2,((4,6),5)),3); -4538.53 -5.61065 31.4405 13.4059 -4550.95
(1,(2,3),(4,(5,6))); -4536.96 -1.21342 29.7302 13.494 -4551.98
(1,(2,3),(4,(5,6))); -4538.22 -1.21342 28.6703 13.4288 -4552.25
(1,2,(3,(4,(5,6)))); -4534.32 -1.01944 29.2301 13.6602 -4548.87
(1,2,(3,(4,(5,6)))); -4533.06 -1.01944 30.7127 13.7115 -4549.04
(1,(2,3),(4,(5,6))); -4538.36 -1.21342 27.9682 13.3563 -4551.76
(1,(2,3),(4,(5,6))); -4536.16 -1.21342 31.2981 13.707 -4552.54
(1,(2,3),((4,6),5)); -4543.72 -1.90231 28.1902 13.5758 -4556.44
(1,2,(3,((4,6),5))); -4533.16 -1.70834 30.4618 13.3733 -4548.54
(1,2,(3,(4,(5,6)))); -4532.94 -1.01944 30.3048 13.341 -4548.89
(1,(2,3),(4,(5,6))); -4538.14 -1.21342 29.0197 13.4446 -4552.5
(1,2,(3,(4,(5,6)))); -4536.13 -1.01944 26.1027 12.8288 -4548.38
(1,(2,3),(4,(5,6))); -4537.72 -1.21342 29.4261 13.7262 -4552.21
(1,(2,3),(4,(5,6))); -4538.71 -1.21342 27.3872 13.1648 -4551.72
(1,2,(3,(4,(5,6)))); -4537.33 -1.01944 25.4648 13.4554 -4548.32
(1,(2,3),(4,(5,6))); -4537.57 -1.21342 28.2692 13.0767 -4551.54
(1,(2,3),((4,6),5)); -4544.3 -1.90231 28.1463 13.4088 -4557.13
(1,(2,3),(4,(5,6))); -4538.11 -1.21342 28.3333 13.5028 -4551.73
(1,(2,3),((4,6),5)); -4539.31 -1.90231 32.864 13.4283 -4556.85
(1,(2,3),(4,(5,6))); -4538.86 -1.21342 28.1393 13.4302 -4552.36
(1,2,(3,(4,(5,6)))); -4536.56 -1.01944 26.9975 13.4779 -4549.06
(1,2,(3,(4,(5,6)))); -4534.18 -1.01944 29.2512 13.551 -4548.87
(1,2,(3,((4,6),5))); -4535.56 -1.70834 28.8006 13.9179 -4548.73
(1,(2,(4,(5,6))),3); -4538 -4.92175 29.7363 13.8704 -4548.94
(1,(2,((4,6),5)),3); -4542.52 -5.61065 26.9059 12.9994 -4550.82
(1,2,(3,(4,(5,6)))); -4531.68 -1.01944 32.3211 13.8422 -4549.14
(1,(2,3),((4,6),5)); -4540.4 -1.90231 31.7542 13.5737 -4556.68
(1,(2,3),((4,6),5)); -4540.64 -1.90231 31.1669 13.128 -4556.78
(1,(2,3),((4,6),5)); -4545.97 -1.90231 25.7304 13.1822 -4556.61
(1,(2,3),(4,(5,6))); -4537.15 -1.21342 29.7726 13.5286 -4552.19
(1,2,(3,((4,6),5))); -4534.3 -1.70834 29.4132 13.6512 -4548.36
(1,(2,3),((4,6),5)); -4543.28 -1.90231 28.3311 13.4573 -4556.25
(1,2,(3,((4,6),5))); -4537.83 -1.70834 25.5911 13.5229 -4548.19
(1,2,(3,((4,6),5))); -4534.09 -1.70834 29.5898 13.8222 -4548.15
(1,2,(3,(4,(5,6)))); -4536.59 -1.01944 27.5434 14.025 -4549.09
(1,2,(3,(4,(5,6)))); -4535.64 -1.01944 27.9837 13.6357 -4548.97
(1,2,(3,(4,(5,6)))); -4536.27 -1.01944 27.2841 13.5653 -4548.97
(1,(2,3),(4,(5,6))); -4537.98 -1.21342 28.9452 13.7738 -4551.94
(1,(2,3),(4,(5,6))); -4541.05 -1.21342 25.5278 13.5342 -4551.83
(1,(2,3),((4,6),5)); -4543.95 -1.90231 27.6546 13.1038 -4556.6
(1,2,(3,(4,(5,6)))); -4531.34 -1.01944 31.9598 13.5585 -4548.72
(1,(2,3),((4,6),5)); -4542.41 -1.90231 29.9527 13.6407 -4556.82
(1,2,(3,((4,6),5))); -4533.29 -1.70834 30.2455 13.5667 -4548.26
(1,(2,3),((4,6),5)); -4545.7 -1.90231 26.8109 13.7529 -4556.85
(1,2,(3,(4,(5,6)))); -4533.95 -1.01944 29.6859 13.5477 -4549.07
(1,(2,3),(4,(5,6))); -4541.16 -1.21342 25.9591 13.3934 -4552.51
(1,2,(3,(4,(5,6)))); -4536.36 -1.01944 26.9423 13.4864 -4548.8
(1,2,(3,(4,(5,6)))); -4537.28 -1.01944 26.5017 13.5223 -4549.24
(1,(2,3),((4,6),5)); -4543.34 -1.90231 28.4331 13.326 -4556.55
(1,(2,3),(4,(5,6))); -4538.98 -1.21342 28.2429 13.7333 -4552.27
(1,2,(3,(4,(5,6)))); -4540.23 -1.01944 23.0672 13.4934 -4548.79
(1,(2,3),(4,(5,6))); -4537.88 -1.21342 28.974 13.7845 -4551.86
(1,2,(3,(4,(5,6)))); -4533.31 -1.01944 30.1967 13.2904 -4549.19
(1,(2,3),(4,(5,6))); -4536.97 -1.21342 30.2989 13.8395 -4552.21
(1,2,(3,(4,(5,6)))); -4537.57 -1.01944 25.6082 13.004 -4549.15
(1,2,(3,(4,(5,6)))); -4532.53 -1.01944 31.4118 13.6904 -4549.23
(1,(2,3),(4,(5,6))); -4536.8 -1.21342 30.0483 13.1997 -4552.43
(1,2,(3,(4,(5,6)))); -4534.39 -1.01944 29.5737 13.4289 -4549.52
(1,(2,3),((4,6),5)); -4544.99 -1.90231 26.7659 13.6436 -4556.21
(1,(2,3),(4,(5,6))); -4537.1 -1.21342 29.4955 13.2845 -4552.1
(1,(2,3),(4,(5,6))); -4537.82 -1.21342 29.2237 13.5421 -4552.29
(1,2,(3,(4,(5,6)))); -4534.73 -1.01944 28.5724 13.0068 -4549.28
(1,2,(3,(4,(5,6)))); -4534.49 -1.01944 28.5165 13.1053 -4548.88
(1,(2,3),(4,(5,6))); -4538.58 -1.21342 28.9501 13.7944 -4552.52
(1,2,(3,(4,(5,6)))); -4534.68 -1.01944 28.5169 13.7505 -4548.42
(1,2,(3,((4,6),5))); -4534.61 -1.70834 29.3128 13.8274 -4548.38
(1,(2,3),(4,(5,6))); -4535.58 -1.21342 31.3121 13.3622 -4552.31
(1,2,(3,((4,6),5))); -4533.26 -1.70834 30.9118 13.9103 -4548.55
(1,2,(3,(4,(5,6)))); -4535.75 -1.01944 27.7821 13.6797 -4548.83
(1,2,(3,(4,(5,6)))); -4533.78 -1.01944 30.5401 13.8655 -4549.44
(1,(2,3),((4,5),6)); -4551.77 -8.08796 25.8861 13.5195 -4556.05
(1,2,(3,(4,(5,6)))); -4536.66 -1.01944 27.24 13.5245 -4549.36
(1,2,(3,(4,(5,6)))); -4533.7 -1.01944 30.0381 13.6902 -4549.03
(1,(2,3),((4,6),5)); -4543.73 -1.90231 28.5688 13.6452 -4556.75
(1,(2,3),((4,6),5)); -4540.81 -1.90231 31.4028 13.3214 -4556.98
(1,(2,3),(4,(5,6))); -4536.83 -1.21342 30.7387 13.8712 -4552.49
(1,2,(3,(4,(5,6)))); -4536.51 -1.01944 26.3233 13.3506 -4548.46
(1,2,(3,(4,(5,6)))); -4535.4 -1.01944 27.4523 12.9053 -4548.93
(1,2,(3,(4,(5,6)))); -4534.19 -1.01944 29.8958 13.7786 -4549.29
(1,2,(3,(4,(5,6)))); -4531.95 -1.01944 31.3774 13.5753 -4548.73
(1,(2,3),((4,6),5)); -4542.94 -1.90231 28.943 13.5002 -4556.48
(1,2,(3,(4,(5,6)))); -4534.28 -1.01944 29.0675 13.5815 -4548.75
(1,(2,3),(4,(5,6))); -4537.48 -1.21342 28.9482 13.1545 -4552.06
(1,(2,3),(4,(5,6))); -4536.52 -1.21342 30.6844 13.4646 -4552.52
(1,2,(3,(4,(5,6)))); -4532.49 -1.01944 30.9521 13.3596 -4549.07
(1,(2,3),((4,6),5)); -4544.92 -1.90231 27.1095 13.093 -4557.04
(1,2,(3,(4,(5,6)))); -4535.71 -1.01944 27.366 13.6031 -4548.45
(1,2,(3,(4,(5,6)))); -4534.8 -1.01944 28.4934 13.4756 -4548.8
(1,2,(3,(4,(5,6)))); -4539.74 -1.01944 23.7131 13.228 -4549.21
(1,2,(3,(4,(5,6)))); -4534.69 -1.01944 29.3326 13.9165 -4549.08
(1,2,(3,(4,(5,6)))); -4537.33 -1.01944 25.9156 13.0113 -4549.22
(1,(2,3),((4,6),5)); -4545.82 -1.90231 26.2364 13.5184 -4556.63
(1,(2,3),(4,(5,6))); -4538.53 -1.21342 27.99 13.1751 -4552.13
(1,2,(3,(4,(5,6)))); -4535.67 -1.01944 28.271 13.9721 -4548.95
(1,2,(3,((4,6),5))); -4533.23 -1.70834 30.6408 13.6923 -4548.47
(1,(2,3),(4,(5,6))); -4536.74 -1.21342 30.2058 13.6806 -4552.05
(1,(2,3),((4,6),5)); -4545.16 -1.90231 28.1294 14.1658 -4557.22
(1,(2,3),(4,(5,6))); -4537.43 -1.21342 29.4587 13.5454 -4552.13
(1,(2,3),(4,(5,6))); -4538.09 -1.21342 27.5883 12.8669 -4551.59
(1,2,(3,(4,(5,6)))); -4534.32 -1.01944 29.5963 13.4563 -4549.44
(1,2,(3,(4,(5,6)))); -4534.42 -1.01944 28.8155 13.4696 -4548.75
(1,2,(3,(4,(5,6)))); -4534.61 -1.01944 28.8811 13.4687 -4549.01
(1,(2,3),((4,6),5)); -4546.24 -1.90231 26.3959 13.7102 -4557.02
(1,2,(3,(4,(5,6)))); -4533.64 -1.01944 30.512 13.9857 -4549.15
(1,2,(3,(4,(5,6)))); -4538.09 -1.01944 25.5166 13.5883 -4549
(1,(2,3),(4,(5,6))); -4537.81 -1.21342 29.0374 13.5344 -4552.1
(1,(2,3),(4,(5,6))); -4537.96 -1.21342 29.5669 13.8153 -4552.5
(1,(2,3),(4,(5,6))); -4536.7 -1.21342 30.4726 13.6548 -4552.31
(1,2,(3,((4,6),5))); -4535.16 -1.70834 28.5248 13.2631 -4548.71
(1,2,(3,((4,6),5))); -4539.1 -1.70834 25.4109 13.8484 -4548.96
(1,2,(3,(4,(5,6)))); -4533.35 -1.01944 30.5381 13.7393 -4549.13
(1,(2,3),((4,6),5)); -4540.75 -1.90231 31.4352 13.4687 -4556.81
(1,(2,3),((4,6),5)); -4540.75 -1.90231 31.5578 13.51 -4556.9
(1,(2,3),(4,(5,6))); -4537.69 -1.21342 28.4062 13.1456 -4551.74
(1,2,(3,(4,(5,6)))); -4534.84 -1.01944 29.2378 14.0882 -4548.97
(1,2,(3,(4,(5,6)))); -4534.56 -1.01944 29.2066 13.6231 -4549.12
(1,2,(3,(4,(5,6)))); -4534.12 -1.01944 29.0111 13.2358 -4548.88
(1,2,(3,(4,(5,6)))); -4532.16 -1.01944 31.3508 13.5238 -4548.97
(1,2,(3,(4,(5,6)))); -4533.12 -1.01944 30.6526 13.7919 -4548.96
(1,(2,3),(4,(5,6))); -4536.31 -1.21342 30.7638 13.4718 -4552.39
(1,(2,3),(4,(5,6))); -4536.73 -1.21342 30.368 13.6282 -4552.25
(1,(2,3),(4,(5,6))); -4537.45 -1.21342 29.0195 13.2963 -4551.96
(1,2,(3,((4,6),5))); -4534.86 -1.70834 28.5916 13.2469 -4548.49
(1,2,(3,((4,6),5))); -4536.03 -1.70834 28.1104 13.5293 -4548.9
(1,2,(3,(4,(5,6)))); -4534.42 -1.01944 28.7591 13.3569 -4548.8
(1,2,(3,(4,(5,6)))); -4533.49 -1.01944 29.956 13.8158 -4548.61
(1,2,(3,((4,6),5))); -4534.51 -1.70834 28.6802 13.4275 -4548.05
(1,(2,3),((4,6),5)); -4542.32 -1.90231 30.407 13.9074 -4556.92
(1,2,(3,((4,6),5))); -4532.15 -1.70834 31.6618 13.465 -4548.64
(1,(2,3),((4,6),5)); -4543.24 -1.90231 28.1346 12.999 -4556.48
(1,2,(3,(4,(5,6)))); -4533.28 -1.01944 30.0461 13.4322 -4548.87
(1,2,(3,(4,(5,6)))); -4534.43 -1.01944 30.1128 13.9438 -4549.58
(1,2,(3,(4,(5,6)))); -4531.3 -1.01944 32.0053 13.4953 -4548.79
(1,2,(3,((4,6),5))); -4532.86 -1.70834 31.351 13.7738 -4548.73
(1,2,(3,((4,6),5))); -4537.21 -1.70834 27.1491 13.7678 -4548.89
(1,(2,3),(4,(5,6))); -4535.95 -1.21342 30.9687 13.4107 -4552.3
(1,(2,(4,(5,6))),3); -4537.33 -4.92175 29.517 13.2543 -4548.67
(1,2,(3,(4,(5,6)))); -4531.48 -1.01944 32.1023 13.4407 -4549.12
(1,(2,3),(4,(5,6))); -4537.19 -1.21342 29.4723 13.4926 -4551.96
(1,2,(3,(4,(5,6)))); -4534.11 -1.01944 29.4769 13.7949 -4548.77
(1,2,(3,(4,(5,6)))); -4537.48 -1.01944 26.6959 13.8361 -4549.32
(1,(2,3),(4,(5,6))); -4538.8 -1.21342 28.7193 13.7666 -4552.54
(1,2,(3,(4,(5,6)))); -4538.19 -1.01944 26.1901 13.7405 -4549.62
(1,2,(3,(4,(5,6)))); -4532.81 -1.01944 30.9336 13.565 -4549.16
(1,(2,3),(4,(5,6))); -4537.55 -1.21342 30.148 13.6205 -4552.87
(1,(2,3),((4,6),5)); -4543.96 -1.90231 28.5445 13.2934 -4557.3
(1,(2,3),((4,6),5)); -4544.92 -1.90231 26.7515 13.7196 -4556.05
(1,(2,3),(4,(5,6))); -4535.62 -1.21342 30.606 13.0838 -4551.93
(1,(2,3),((4,6),5)); -4541.72 -1.90231 29.8379 13.5735 -4556.08
(1,(2,3),((4,6),5)); -4548.29 -1.90231 23.6616 13.3554 -4556.69
(1,(2,3),((4,6),5)); -4545.81 -1.90231 26.6726 13.6557 -4556.92
(1,(2,3),(4,(5,6))); -4538.52 -1.21342 29.1328 14.0308 -4552.41
(1,2,(3,(4,(5,6)))); -4532.56 -1.01944 31.6168 13.875 -4549.28
(1,(2,3),((4,6),5)); -4541.25 -1.90231 30.7898 13.4904 -4556.65
(1,2,(3,((4,6),5))); -4542.14 -1.70834 22.6517 13.8343 -4549.25
(1,2,(3,((4,6),5))); -4536.32 -1.70834 27.5179 13.4777 -4548.65
(1,(2,3),(4,(5,6))); -4535.77 -1.21342 31.7731 13.7211 -4552.61
(1,(2,3),((4,6),5)); -4541.71 -1.90231 30.8308 13.7562 -4556.88
(1,(2,3),(4,(5,6))); -4536.35 -1.21342 30.9031 13.8405 -4552.2
(1,(2,3),((4,6),5)); -4544.78 -1.90231 27.8601 13.4034 -4557.34
(1,(2,3),(4,(5,6))); -4542.85 -1.21342 23.8814 13.6697 -4551.85
(1,2,(3,(4,(5,6)))); -4535.08 -1.01944 28.6606 13.4866 -4549.24
(1,2,(3,((4,6),5))); -4534.08 -1.70834 29.9094 13.811 -4548.47
(1,(2,3),(4,(5,6))); -4537.54 -1.21342 28.5207 13.1689 -4551.68
(1,2,(3,((4,6),5))); -4533.13 -1.70834 31.1277 13.7628 -4548.79
(1,2,(3,(4,(5,6)))); -4532.45 -1.01944 31.4577 13.938 -4548.95
(1,(2,3),(4,(5,6))); -4539.92 -1.21342 27.1098 13.8893 -4551.93
(1,(2,3),(4,(5,6))); -4535.81 -1.21342 31.2035 13.5407 -4552.26
(1,2,(3,(4,(5,6)))); -4533.15 -1.01944 29.8251 13.3506 -4548.6
(1,2,(3,(4,(5,6)))); -4531.43 -1.01944 31.8947 13.5595 -4548.74
(1,2,(3,(4,(5,6)))); -4533.71 -1.01944 30.6278 14.0033 -4549.32
(1,2,(3,(4,(5,6)))); -4535.21 -1.01944 29.2161 14.1544 -4549.25
(1,2,(3,(4,(5,6)))); -4534.46 -1.01944 29.2071 13.6886 -4548.96
(1,(2,3),((4,6),5)); -4542.91 -1.90231 29.1766 13.4783 -4556.7
(1,2,(3,((4,6),5))); -4535.63 -1.70834 28.502 13.814 -4548.61
(1,(2,3),(4,(5,6))); -4536.89 -1.21342 30.81 13.6963 -4552.79
(1,(2,3),(4,(5,6))); -4540.24 -1.21342 26.0112 12.9184 -4552.12
(1,(2,3),(4,(5,6))); -4538.5 -1.21342 27.6958 13.2749 -4551.71
(1,(2,3),(4,(5,6))); -4535.84 -1.21342 30.6527 13.4316 -4551.85
(1,2,(3,(4,(5,6)))); -4538.67 -1.01944 26.1984 14.2749 -4549.57
(1,(2,3),(4,(5,6))); -4540.7 -1.21342 26.6155 13.5816 -4552.52
(1,(2,3),((4,6),5)); -4542.25 -1.90231 30.264 13.7308 -4556.88
(1,(2,3),(4,(5,6))); -4541.39 -1.21342 25.3764 13.2058 -4552.35
(1,(2,3),((4,6),5)); -4547.73 -1.90231 24.2507 13.2883 -4556.79
(1,2,(3,(4,(5,6)))); -4537.39 -1.01944 27.0759 14.0531 -4549.39
(1,(2,3),((4,6),5)); -4542.51 -1.90231 29.8636 13.7813 -4556.69
(1,(2,3),(4,(5,6))); -4539.35 -1.21342 27.8704 13.8974 -4552.11
(1,2,(3,(4,(5,6)))); -4535.29 -1.01944 28.2889 13.4707 -4549.09
(1,2,(3,(4,(5,6)))); -4533.05 -1.01944 30.8576 13.5455 -4549.34
(1,(2,3),(4,(5,6))); -4535.93 -1.21342 30.7289 13.4669 -4551.98
(1,2,(3,(4,(5,6)))); -4534.88 -1.01944 28.9791 13.6665 -4549.17
(1,(2,3),(4,(5,6))); -4538.83 -1.21342 28.2162 13.6685 -4552.17
(1,2,(3,((4,6),5))); -4534.17 -1.70834 29.4106 13.5559 -4548.31
(1,(2,3),(4,(5,6))); -4536.66 -1.21342 30.4123 13.7455 -4552.12
(1,2,(3,(4,(5,6)))); -4534.34 -1.01944 28.221 13.0567 -4548.48
(1,(2,3),((4,6),5)); -4540.93 -1.90231 31.2683 13.3962 -4556.9
(1,(2,3),(4,(5,6))); -4535.42 -1.21342 31.6662 13.3705 -4552.5
(1,2,(3,(4,(5,6)))); -4536.68 -1.01944 27.4645 14.1867 -4548.94
(1,(2,(4,(5,6))),3); -4537.04 -4.92175 30.533 13.8531 -4548.8
(1,(2,3),(4,(5,6))); -4536.63 -1.21342 29.9096 13.47 -4551.86
(1,(2,3),((4,6),5)); -4541.98 -1.90231 29.9238 13.3589 -4556.64
(1,2,(3,(4,(5,6)))); -4535.2 -1.01944 27.7991 13.4783 -4548.5
(1,2,(3,(4,(5,6)))); -4534 -1.01944 29.138 13.4525 -4548.67
(1,(2,3),((4,6),5)); -4545.54 -1.90231 26.5649 13.2655 -4556.94
(1,(2,3),(4,(5,6))); -4535.96 -1.21342 31.1715 13.4905 -4552.43
(1,(2,3),(4,(5,6))); -4542.49 -1.21342 24.5048 13.6076 -4552.17
(1,2,(3,(4,(5,6)))); -4533.33 -1.01944 29.938 13.4845 -4548.76
(1,2,(3,((4,6),5))); -4533.4 -1.70834 30.1202 13.4328 -4548.38
(1,2,(3,(4,(5,6)))); -4532.98 -1.01944 30.8296 13.7116 -4549.08
(1,2,(3,(4,(5,6)))); -4536.16 -1.01944 27.3602 13.4825 -4549.02
(1,2,(3,(4,(5,6)))); -4535.63 -1.01944 28.7072 14.1009 -4549.22
(1,(2,3),((4,6),5)); -4545.73 -1.90231 26.2332 13.5246 -4556.53
(1,(2,3),((4,6),5)); -4541.65 -1.90231 31.0574 13.6223 -4557.18
(1,(2,3),(4,(5,6))); -4535.53 -1.21342 31.3939 13.7841 -4551.93
(1,(2,3),((4,6),5)); -4541.57 -1.90231 31.0669 13.7681 -4556.97
(1,(2,3),(4,(5,6))); -4535.16 -1.21342 31.8292 13.5648 -4552.21
(1,2,(3,(4,(5,6)))); -4533.42 -1.01944 29.6717 13.3864 -4548.69
(1,2,(3,(4,(5,6)))); -4531.67 -1.01944 31.2291 13.3346 -4548.54
(1,2,(3,((4,6),5))); -4532.75 -1.70834 31.1071 13.7434 -4548.4
(1,2,(3,(4,(5,6)))); -4536.66 -1.01944 26.5014 13.3315 -4548.81
(1,(2,(4,(5,6))),3); -4534.99 -4.92175 32.0765 13.5125 -4548.64
(1,(2,3),(4,(5,6))); -4539.31 -1.21342 28.1225 13.9317 -4552.29
(1,(2,3),(4,(5,6))); -4537.06 -1.21342 29.5342 13.4686 -4551.92
(1,(2,3),((4,6),5)); -4540.9 -1.90231 30.5816 13.1065 -4556.47
(1,2,(3,(4,(5,6)))); -4536.3 -1.01944 26.0516 12.9124 -4548.42
(1,2,(3,(4,(5,6)))); -4533.55 -1.01944 30.1906 13.6697 -4549.06
(1,(2,3),(4,(5,6))); -4537.37 -1.21342 29.6952 13.8433 -4552.01
(1,(2,3),((4,6),5)); -4542.1 -1.90231 30.2462 13.6634 -4556.78
(1,(2,3),(4,(5,6))); -4535.23 -1.21342 31.901 13.6963 -4552.22
(1,(2,3),(4,(5,6))); -4536.35 -1.21342 31.1938 13.6356 -4552.7
(1,2,(3,(4,(5,6)))); -4532.59 -1.01944 30.6771 13.3759 -4548.87
(1,2,(3,(4,(5,6)))); -4532 -1.01944 31.3123 13.5919 -4548.7
(1,(2,3),(4,(5,6))); -4539.52 -1.21342 27.7903 13.5731 -4552.52
(1,2,(3,(4,(5,6)))); -4532.78 -1.01944 31.1059 13.8637 -4549
(1,(2,3),((4,6),5)); -4541.52 -1.90231 30.4047 13.6079 -4556.42
(1,(2,3),(4,(5,6))); -4542.5 -1.21342 23.6247 13.0119 -4551.89
(1,2,(3,(4,(5,6)))); -4533.12 -1.01944 29.6689 13.4599 -4548.31
(1,2,(3,((4,6),5))); -4534.2 -1.70834 29.7624 13.6242 -4548.63
(1,2,(3,(4,(5,6)))); -4533.66 -1.01944 29.8034 13.5414 -4548.9
(1,(2,3),(4,(5,6))); -4537.02 -1.21342 29.7202 13.4927 -4552.03
(1,2,(3,(4,(5,6)))); -4531.45 -1.01944 32.3382 13.5511 -4549.22
(1,2,(3,(4,(5,6)))); -4532.27 -1.01944 31.6902 13.9437 -4549
(1,2,(3,(4,(5,6)))); -4533.55 -1.01944 29.4308 13.4494 -4548.51
(1,(2,3),(4,(5,6))); -4535.04 -1.21342 32.3251 13.5532 -4552.6
(1,(2,3),(4,(5,6))); -4547.21 -1.21342 20.3606 14.1286 -4552.23
(1,2,(3,(4,(5,6)))); -4532.95 -1.01944 31.3013 14.1083 -4549.13
(1,2,(3,((4,6),5))); -4540.85 -1.70834 23.4985 13.6574 -4548.99
(1,2,(3,(4,(5,6)))); -4532.11 -1.01944 31.1664 13.4092 -4548.85
(1,2,(3,((4,6),5))); -4534.15 -1.70834 29.308 13.4115 -4548.34
(1,(2,3),(4,(5,6))); -4535.68 -1.21342 31.2318 13.658 -4552.04
(1,2,(3,(4,(5,6)))); -4533.78 -1.01944 29.9946 13.673 -4549.08
(1,(2,3),(4,(5,6))); -4537.48 -1.21342 29.7243 13.5305 -4552.46
(1,2,(3,(4,(5,6)))); -4533 -1.01944 31.0306 14.0164 -4549
(1,2,(3,(4,(5,6)))); -4532.88 -1.01944 31.3884 14.0619 -4549.19
(1,(2,3),(4,(5,6))); -4539.34 -1.21342 27.5709 13.3386 -4552.36
(1,2,(3,(4,(5,6)))); -4540.84 -1.01944 23.575 13.9457 -4549.45
(1,2,(3,((4,6),5))); -4532.74 -1.70834 31.3042 13.7493 -4548.59
(1,2,(3,((4,6),5))); -4534.06 -1.70834 30.2489 13.9245 -4548.68
(1,(2,3),(4,(5,6))); -4536.88 -1.21342 30.2801 13.767 -4552.18
(1,2,(3,(4,(5,6)))); -4535 -1.01944 27.7184 13.122 -4548.58
(1,(2,3),(4,(5,6))); -4539.44 -1.21342 26.6598 12.9536 -4551.94
(1,2,(3,(4,(5,6)))); -4531.68 -1.01944 32.1518 13.5298 -4549.28
(1,2,(3,(4,(5,6)))); -4533.31 -1.01944 30.3283 13.7526 -4548.86
(1,2,(3,(4,(5,6)))); -4535.51 -1.01944 27.5862 13.5811 -4548.5
(1,2,(3,(4,(5,6)))); -4534.5 -1.01944 28.5902 13.5775 -4548.49
(1,2,(3,((4,6),5))); -4535.18 -1.70834 28.1885 13.519 -4548.15
(1,(2,3),(4,(5,6))); -4538.93 -1.21342 27.1993 12.8906 -4552.02
(1,(2,3),(4,(5,6))); -4537.74 -1.21342 29.0321 13.2971 -4552.26
(1,2,(3,((4,6),5))); -4534.19 -1.70834 29.2349 13.1894 -4548.52
(1,(2,3),(4,(5,6))); -4539.43 -1.21342 27.1093 13.4594 -4551.87
(1,2,(3,((4,6),5))); -4534.43 -1.70834 29.6105 13.6604 -4548.67
(1,2,(3,(4,(5,6)))); -4533.69 -1.01944 29.9273 13.5553 -4549.04
(1,2,(3,((4,6),5))); -4536.27 -1.70834 27.0119 13.2778 -4548.29
(1,(2,3),(4,(5,6))); -4541.88 -1.21342 25.3909 13.6587 -4552.4
(1,(2,3),((4,6),5)); -4541.15 -1.90231 30.7825 13.5469 -4556.49
(1,(2,3),((4,6),5)); -4543.07 -1.90231 28.3681 12.8269 -4556.71
(1,(2,3),(4,(5,6))); -4535.67 -1.21342 31.0476 13.3349 -4552.17
(1,2,(3,(4,(5,6)))); -4535.9 -1.01944 28.1273 13.7899 -4549.22
(1,(2,3),((4,6),5)); -4540.18 -1.90231 31.9304 13.5351 -4556.68
(1,(2,3),(4,(5,6))); -4537.58 -1.21342 29.6321 13.6772 -4552.32
(1,(2,3),(4,(5,6))); -4538.94 -1.21342 28.2083 13.3112 -4552.62
(1,2,(3,((4,6),5))); -4533.47 -1.70834 30.1577 13.5395 -4548.38
(1,(2,3),(4,(5,6))); -4537.75 -1.21342 29.34 13.4728 -4552.4
(1,(2,3),((4,6),5)); -4545.58 -1.90231 26.7723 13.5904 -4556.86
(1,2,(3,(4,(5,6)))); -4536.94 -1.01944 26.935 13.8976 -4548.96
(1,(2,3),((4,6),5)); -4542.85 -1.90231 29.9713 13.8722 -4557.04
(1,(2,3),((4,6),5)); -4544.37 -1.90231 27.6152 13.3688 -4556.71
(1,(2,3),(4,(5,6))); -4536.57 -1.21342 29.9495 13.318 -4551.99
(1,2,(3,(4,(5,6)))); -4532 -1.01944 31.394 13.3961 -4548.98
(1,2,(3,((4,6),5))); -4534.66 -1.70834 28.8189 13.2272 -4548.55
(1,(2,3),((4,6),5)); -4539.87 -1.90231 32.2531 13.5494 -4556.67
(1,(2,3),((4,6),5)); -4544.89 -1.90231 26.6429 13.0973 -4556.54
(1,2,(3,(4,(5,6)))); -4532.9 -1.01944 30.7284 13.7384 -4548.87
(1,2,(3,(4,(5,6)))); -4536.33 -1.01944 28.1549 13.91 -4549.55
(1,2,(3,(4,(5,6)))); -4541.27 -1.01944 22.3113 13.7598 -4548.8
(1,2,(3,((4,6),5))); -4538.85 -1.70834 24.364 13.2682 -4548.24
(1,2,(3,(4,(5,6)))); -4534.22 -1.01944 29.7619 13.6285 -4549.33
(1,2,(3,(4,(5,6)))); -4534.41 -1.01944 29.5266 14.0401 -4548.87
(1,2,(3,(4,(5,6)))); -4534.02 -1.01944 29.5646 13.3515 -4549.21
(1,2,(3,(4,(5,6)))); -4535.44 -1.01944 27.1905 13.1304 -4548.48
(1,2,(3,(4,(5,6)))); -4531.57 -1.01944 31.8727 13.3596 -4549.07
(1,2,(3,(4,(5,6)))); -4534.17 -1.01944 28.733 13.1613 -4548.72
(1,2,(3,(4,(5,6)))); -4536.43 -1.01944 26.4118 13.2317 -4548.59
(1,(2,3),(4,(5,6))); -4534.86 -1.21342 32.0388 13.5521 -4552.13
(1,(2,3),(4,(5,6))); -4537.81 -1.21342 29.1071 13.431 -4552.28
(1,(2,3),(4,(5,6))); -4539.13 -1.21342 27.2368 13.0155 -4552.13
(1,2,(3,(4,(5,6)))); -4537.21 -1.01944 26.1086 13.552 -4548.75
(1,2,(3,((4,6),5))); -4534.29 -1.70834 30.1358 14.0885 -4548.63
(1,2,(3,(4,(5,6)))); -4533.51 -1.01944 30.0418 13.6353 -4548.89
(1,(2,3),((4,6),5)); -4542.28 -1.90231 30.3739 13.5672 -4557.18
(1,2,(3,((4,6),5))); -4531.94 -1.70834 31.9517 13.7332 -4548.45
(1,2,(3,((4,6),5))); -4535.82 -1.70834 27.9546 13.8278 -4548.23
(1,2,(3,((4,6),5))); -4532.23 -1.70834 31.6482 13.606 -4548.56
(1,(2,(4,(5,6))),3); -4540.27 -4.92175 27.167 13.9131 -4548.61
(1,2,(3,(4,(5,6)))); -4535.03 -1.01944 28.2716 13.3631 -4548.92
(1,2,(3,(4,(5,6)))); -4535.13 -1.01944 28.7199 13.5106 -4549.32
(1,(2,3),(4,(5,6))); -4535.07 -1.21342 31.7784 13.4 -4552.23
(1,2,(3,(4,(5,6)))); -4533.85 -1.01944 30.3211 13.7798 -4549.38
(1,2,(3,((4,6),5))); -4534.55 -1.70834 28.7953 13.1537 -4548.48
(1,2,(3,(4,(5,6)))); -4531.82 -1.01944 31.8012 13.761 -4548.84
(1,(2,3),((4,6),5)); -4541.76 -1.90231 29.7315 13.0291 -4556.56
(1,(2,3),(4,(5,6))); -4539.17 -1.21342 26.8324 12.8834 -4551.9
(1,(2,3),((4,6),5)); -4545.82 -1.90231 26.3614 13.3695 -4556.91
(1,(2,3),((4,6),5)); -4542.22 -1.90231 29.9359 13.5489 -4556.71
(1,2,(3,(4,(5,6)))); -4537.55 -1.01944 26.2041 13.4585 -4549.28
(1,2,(3,(4,(5,6)))); -4535.03 -1.01944 28.4158 13.6335 -4548.8
(1,2,(3,(4,(5,6)))); -4531.4 -1.01944 31.5799 13.3244 -4548.63
(1,2,(3,(4,(5,6)))); -4535 -1.01944 27.3396 12.8829 -4548.44
(1,2,(3,(4,(5,6)))); -4532.2 -1.01944 31.5749 13.4751 -4549.28
(1,(2,3),((4,6),5)); -4545.73 -1.90231 26.1729 13.1546 -4556.84
(1,2,(3,((4,6),5))); -4538.26 -1.70834 25.6389 13.4329 -4548.76
(1,(2,3),(4,(5,6))); -4535.12 -1.21342 32.1496 13.5703 -4552.49
(1,(2,3),(4,(5,6))); -4542.58 -1.21342 25.284 13.6579 -4552.99
(1,2,(3,((4,6),5))); -4533.91 -1.70834 30.2917 14.0207 -4548.47
(1,2,(3,(4,(5,6)))); -4535.04 -1.01944 29.2333 13.7983 -4549.46
(1,(2,3),(4,(5,6))); -4536.28 -1.21342 30.3876 13.1389 -4552.32
(1,2,(3,((4,6),5))); -4531.92 -1.70834 31.5672 13.6008 -4548.18
(1,2,(3,((4,6),5))); -4535.75 -1.70834 28.0406 13.4132 -4548.67
(1,2,(3,((4,6),5))); -4533.21 -1.70834 30.8781 13.6694 -4548.71
(1,(2,3),(4,(5,6))); -4536.69 -1.21342 29.9016 13.3151 -4552.07
(1,2,(3,(4,(5,6)))); -4532.68 -1.01944 29.7922 13.1163 -4548.34
(1,2,(3,((4,6),5))); -4535.61 -1.70834 28.0113 13.5626 -4548.35
(1,(2,3),(4,(5,6))); -4535.46 -1.21342 31.5602 13.4888 -4552.31
(1,2,(3,((4,6),5))); -4533.68 -1.70834 30.5688 13.5331 -4549.01
(1,(2,3),((4,6),5)); -4542.9 -1.90231 29.7619 13.5526 -4557.21
(1,2,(3,(4,(5,6)))); -4531.47 -1.01944 32.197 13.5258 -4549.12
(1,(2,3),(4,(5,6))); -4539.03 -1.21342 27.5135 12.9382 -4552.39
(1,(2,3),(4,(5,6))); -4540.18 -1.21342 27.4071 14.0955 -4552.28
(1,(2,3),(4,(5,6))); -4537.85 -1.21342 28.7348 13.3985 -4551.97
(1,(2,3),((4,6),5)); -4542.34 -1.90231 29.6383 13.3536 -4556.72
(1,(2,3),(4,(5,6))); -4544.99 -1.21342 20.9602 12.6399 -4552.1
(1,2,(3,(4,(5,6)))); -4536.47 -1.01944 26.7716 13.1853 -4549.03
(1,(2,3),(4,(5,6))); -4537.07 -1.21342 30.0332 13.5098 -4552.38
(1,(2,3),(4,(5,6))); -4535.65 -1.21342 30.8855 13.3892 -4551.94
(1,(2,3),(4,(5,6))); -4539.05 -1.21342 27.2891 13.3971 -4551.73
(1,(2,3),(4,(5,6))); -4535.11 -1.21342 31.8772 13.6557 -4552.12
(1,(2,3),((4,6),5)); -4541.01 -1.90231 30.9706 13.3224 -4556.76
(1,2,(3,(4,(5,6)))); -4534.25 -1.01944 29.2371 13.5743 -4548.89
(1,(2,3),(4,(5,6))); -4534.95 -1.21342 31.8514 13.4523 -4552.14
(1,(2,3),(4,(5,6))); -4536.75 -1.21342 30.4062 13.7314 -4552.21
(1,(2,3),(4,(5,6))); -4537.54 -1.21342 29.5069 13.4531 -4552.38
(1,(2,3),(4,(5,6))); -4538.9 -1.21342 28.4475 13.5313 -4552.6
(1,2,(3,(4,(5,6)))); -4534.26 -1.01944 29.2057 13.5846 -4548.87
(1,2,(3,((4,6),5))); -4534.69 -1.70834 28.6916 13.4332 -4548.24
(1,(2,3),(4,(5,6))); -4541.02 -1.21342 26.5682 13.9483 -4552.42
(1,(2,3),((4,6),5)); -4542.56 -1.90231 29.2733 13.3797 -4556.56
(1,2,(3,(4,(5,6)))); -4537.37 -1.01944 25.3968 13.1581 -4548.59
(1,(2,3),(4,(5,6))); -4537.2 -1.21342 29.6935 13.6265 -4552.06
(1,(2,3),(4,(5,6))); -4536.37 -1.21342 31.1703 13.7818 -4552.55
(1,2,(3,(4,(5,6)))); -4534.96 -1.01944 28.4311 13.3373 -4549.03
(1,2,(3,(4,(5,6)))); -4538.75 -1.01944 25.582 14.0943 -4549.22
(1,2,(3,((4,6),5))); -4532.02 -1.70834 31.3119 13.3927 -4548.24
(1,2,(3,(4,(5,6)))); -4539.89 -1.01944 23.3533 13.5912 -4548.63
(1,2,(3,(4,(5,6)))); -4532.31 -1.01944 31.5369 13.719 -4549.11
(1,2,(3,(4,(5,6)))); -4537.27 -1.01944 25.4544 13.405 -4548.3
(1,2,(3,(4,(5,6)))); -4533.92 -1.01944 30.0091 13.5359 -4549.38
(1,2,(3,(4,(5,6)))); -4536.45 -1.01944 26.8692 13.1853 -4549.11
(1,2,(3,(4,(5,6)))); -4539.69 -1.01944 23.3356 12.8353 -4549.17
(1,(2,3),((4,6),5)); -4544.86 -1.90231 27.5772 13.7378 -4556.79
(1,(2,3),((4,6),5)); -4542.76 -1.90231 30.1788 13.9101 -4557.13
(1,2,(3,(4,(5,6)))); -4534.99 -1.01944 29.0919 13.9124 -4549.15
(1,2,(3,((4,6),5))); -4531.71 -1.70834 32.1685 13.7098 -4548.47
(1,2,(3,(4,(5,6)))); -4533.5 -1.01944 30.1051 13.4673 -4549.12
(1,2,(3,(4,(5,6)))); -4534.53 -1.01944 28.6967 13.476 -4548.73
(1,(2,3),(4,(5,6))); -4537.05 -1.21342 29.7691 13.4337 -4552.17
(1,(2,3),(4,(5,6))); -4535.93 -1.21342 31.3701 13.5222 -4552.57
(1,2,(3,(4,(5,6)))); -4531.98 -1.01944 31.8243 13.7124 -4549.07
(1,(2,3),((4,6),5)); -4545.37 -1.90231 26.9755 13.7081 -4556.74
(1,(2,3),((4,6),5)); -4544.26 -1.90231 27.3276 13.274 -4556.41
(1,2,(3,(4,(5,6)))); -4535.8 -1.01944 27.1547 13.3017 -4548.63
(1,2,(3,(4,(5,6)))); -4532.75 -1.01944 31.4763 13.9567 -4549.25
(1,(2,3),(4,(5,6))); -4537.26 -1.21342 29.241 13.3861 -4551.9
(1,(2,3),((4,6),5)); -4542.45 -1.90231 30.2785 13.6719 -4557.16
(1,2,(3,(4,(5,6)))); -4538 -1.01944 25.5411 13.767 -4548.75
(1,(2,3),((4,6),5)); -4543.95 -1.90231 27.4399 13.1017 -4556.39
(1,(2,3),(4,(5,6))); -4537.14 -1.21342 29.8104 13.6228 -4552.11
(1,(2,3),(4,(5,6))); -4537.44 -1.21342 29.663 13.6665 -4552.22
(1,(2,3),(4,(5,6))); -4542.34 -1.21342 25.1984 13.9752 -4552.35
(1,2,(3,(4,(5,6)))); -4535.14 -1.01944 27.6545 13.2731 -4548.5
(1,(2,3),(4,(5,6))); -4535.64 -1.21342 31.4712 13.5947 -4552.31
(1,2,(3,(4,(5,6)))); -4535.42 -1.01944 28.0262 13.1686 -4549.26
(1,2,(3,(4,(5,6)))); -4534.4 -1.01944 29.215 13.8764 -4548.72
(1,2,(3,(4,(5,6)))); -4533.91 -1.01944 30.1447 13.8218 -4549.22
(1,2,(3,(4,(5,6)))); -4537.37 -1.01944 26.4029 13.8397 -4548.91
(1,2,(3,((4,6),5))); -4534.61 -1.70834 28.1159 13.059 -4547.96
(1,2,(3,(4,(5,6)))); -4535.5 -1.01944 27.3933 13.0817 -4548.79
(1,2,(3,((4,6),5))); -4536.84 -1.70834 27.1871 13.4739 -4548.84
(1,(2,3),(4,(5,6))); -4535.89 -1.21342 30.8524 13.0637 -4552.46
(1,2,(3,(4,(5,6)))); -4537.44 -1.01944 25.285 13.072 -4548.64
(1,(2,3),(4,(5,6))); -4540.97 -1.21342 26.1418 13.4121 -4552.49
(1,(2,3),((4,6),5)); -4541.96 -1.90231 30.0319 13.5282 -4556.56
(1,2,(3,(4,(5,6)))); -4537.18 -1.01944 26.7387 13.5121 -4549.39
(1,(2,3),(4,(5,6))); -4536.07 -1.21342 31.3525 13.4524 -4552.76
(1,2,(3,(4,(5,6)))); -4534.77 -1.01944 29.1467 13.8786 -4549.02
(1,(2,3),(4,(5,6))); -4536.53 -1.21342 30.9828 13.5614 -4552.74
(1,2,(3,(4,(5,6)))); -4533.91 -1.01944 29.0402 13.2806 -4548.65
(1,(2,3),((4,6),5)); -4541.45 -1.90231 30.6961 13.3416 -4556.9
(1,(2,3),(4,(5,6))); -4539.02 -1.21342 27.8828 13.3627 -4552.33
(1,2,(3,(4,(5,6)))); -4535.39 -1.01944 28.4626 13.6834 -4549.15
(1,2,(3,((4,6),5))); -4534.84 -1.70834 28.6981 13.3846 -4548.45
(1,(2,3),((4,6),5)); -4540.85 -1.90231 30.399 13.1615 -4556.19
(1,2,(3,(4,(5,6)))); -4531.86 -1.01944 32.046 13.9325 -4548.95
(1,(2,3),(4,(5,6))); -4535.76 -1.21342 31.3397 13.5657 -4552.32
(1,2,(3,(4,(5,6)))); -4532.78 -1.01944 31.4839 13.7985 -4549.44
(1,2,(3,(4,(5,6)))); -4536.49 -1.01944 27.7116 13.6244 -4549.56
(1,2,(3,((4,6),5))); -4535.41 -1.70834 28.4526 13.6354 -4548.52
(1,2,(3,(4,(5,6)))); -4533.33 -1.01944 30.0933 13.6988 -4548.71
(1,(2,3),(4,(5,6))); -4541.33 -1.21342 25.7067 13.7017 -4552.13
(1,2,(3,((4,6),5))); -4532.85 -1.70834 30.5973 13.423 -4548.32
(1,(2,3),(4,(5,6))); -4535.86 -1.21342 30.8933 13.4056 -4552.13
(1,(2,3),(4,(5,6))); -4536.81 -1.21342 30.2674 13.4733 -4552.39
(1,(2,3),(4,(5,6))); -4538.77 -1.21342 27.7362 13.4174 -4551.87
(1,(2,3),(4,(5,6))); -4539.15 -1.21342 27.6825 13.655 -4551.97
(1,(2,3),(4,(5,6))); -4541 -1.21342 26.2473 13.9151 -4552.12
(1,2,(3,(4,(5,6)))); -4540.2 -1.01944 23.154 13.1898 -4549.14
(1,2,(3,(4,(5,6)))); -4534.53 -1.01944 28.8701 13.4419 -4548.93
(1,(2,3),(4,(5,6))); -4538.32 -1.21342 28.7339 13.5052 -4552.34
(1,(2,3),(4,(5,6))); -4536.96 -1.21342 29.8856 13.6111 -4552.02
(1,2,(3,(4,(5,6)))); -4532.63 -1.01944 31.2681 13.8009 -4549.08
(1,2,(3,(4,(5,6)))); -4534.55 -1.01944 28.8339 13.5713 -4548.79
(1,(2,3),(4,(5,6))); -4536.91 -1.21342 30.6204 13.6243 -4552.69
(1,(2,3),((4,6),5)); -4541.82 -1.90231 30.1443 13.356 -4556.7
(1,(2,3),((4,6),5)); -4545.21 -1.90231 26.5877 12.9991 -4556.89
(1,2,(3,((4,6),5))); -4533.85 -1.70834 29.3639 13.4315 -4548.08
(1,2,(3,(4,(5,6)))); -4538.95 -1.01944 23.6088 12.7785 -4548.76
(1,(2,3),(4,(5,6))); -4537.37 -1.21342 29.0709 13.3845 -4551.85
(1,(2,3),(4,(5,6))); -4538.03 -1.21342 29.285 13.5608 -4552.54
(1,(2,3),((4,6),5)); -4543.29 -1.90231 29.1889 13.7812 -4556.8
(1,(2,3),(4,(5,6))); -4538.41 -1.21342 28.1921 13.5529 -4551.84
(1,2,(3,((4,6),5))); -4534.21 -1.70834 29.3803 13.2986 -4548.58
(1,(2,3),(4,(5,6))); -4539.38 -1.21342 27.7388 13.8274 -4552.08
(1,2,(3,(4,(5,6)))); -4534.91 -1.01944 28.7032 13.3203 -4549.27
(1,(2,3),((4,6),5)); -4541.16 -1.90231 31.2762 13.8562 -4556.68
(1,2,(3,(4,(5,6)))); -4536.78 -1.01944 26.5714 13.6871 -4548.64
(1,(2,3),((4,6),5)); -4543.61 -1.90231 28.903 13.1308 -4557.48
(1,2,(3,(4,(5,6)))); -4531.34 -1.01944 32.4713 13.6365 -4549.16
(1,2,(3,(4,(5,6)))); -4533.71 -1.01944 29.9573 13.709 -4548.93
(1,2,(3,((4,6),5))); -4534.99 -1.70834 27.6653 12.9559 -4547.99
(1,2,(3,((4,6),5))); -4534.98 -1.70834 29.187 13.5631 -4548.9
(1,(2,3),(4,(5,6))); -4539.04 -1.21342 27.713 13.6114 -4551.93
(1,(2,3),((4,6),5)); -4543.45 -1.90231 28.1524 13.2979 -4556.41
(1,2,(3,(4,(5,6)))); -4536.07 -1.01944 27.02 13.3685 -4548.71
(1,(2,3),((4,6),5)); -4541.29 -1.90231 31.021 13.6371 -4556.77
(1,2,(3,(4,(5,6)))); -4531.21 -1.01944 31.8812 13.5503 -4548.52
(1,(2,3),(4,(5,6))); -4534.83 -1.21342 31.7596 13.426 -4551.95
(1,(2,3),((4,6),5)); -4544.01 -1.90231 27.4837 13.0465 -4556.54
(1,2,(3,((4,6),5))); -4534.73 -1.70834 29.3393 13.7217 -4548.64
(1,(2,3),(4,(5,6))); -4537.36 -1.21342 28.8708 13.3563 -4551.66
(1,2,(3,(4,(5,6)))); -4533.99 -1.01944 29.2641 13.4258 -4548.81
(1,(2,3),((4,6),5)); -4540.9 -1.90231 31.5342 13.6463 -4556.88
(1,(2,3),(4,(5,6))); -4537.03 -1.21342 29.8535 13.6326 -4552.03
(1,2,(3,(4,(5,6)))); -4534.37 -1.01944 29.5521 13.8249 -4549.08
(1,(2,3),(4,(5,6))); -4536.94 -1.21342 29.7937 13.3969 -4552.13
(1,(2,3),(4,(5,6))); -4537.9 -1.21342 28.9732 13.4873 -4552.18
(1,(2,3),((4,6),5)); -4544.64 -1.90231 27.9538 13.9028 -4556.79
(1,2,(3,((4,6),5))); -4534.63 -1.70834 28.5326 13.1768 -4548.28
(1,(2,3),((4,6),5)); -4540.63 -1.90231 31.0537 13.177 -4556.6
(1,(2,3),(4,(5,6))); -4536.12 -1.21342 30.3483 13.416 -4551.84
(1,2,(3,((4,6),5))); -4535.89 -1.70834 27.8798 13.7847 -4548.28
(1,(2,3),((4,6),5)); -4541.83 -1.90231 30.9479 13.832 -4557.04
(1,(2,3),(4,(5,6))); -4536.29 -1.21342 30.5806 13.3544 -4552.3
(1,2,(3,((4,6),5))); -4532.6 -1.70834 31.3881 13.8054 -4548.48
(1,2,(3,(4,(5,6)))); -4531.54 -1.01944 32.2426 13.5884 -4549.17
(1,(2,3),(4,(5,6))); -4542.7 -1.21342 24.5023 13.5331 -4552.45
(1,2,(3,(4,(5,6)))); -4533.42 -1.01944 29.7406 13.3154 -4548.83
(1,2,(3,((4,6),5))); -4533.07 -1.70834 30.943 13.5811 -4548.72
(1,(2,3),((4,6),5)); -4543.25 -1.90231 27.5848 12.8485 -4556.08
(1,(2,3),((4,6),5)); -4541.98 -1.90231 30.5712 13.6645 -4556.98
(1,2,(3,(4,(5,6)))); -4537.22 -1.01944 26.4642 13.8008 -4548.87
(1,(2,3),(4,(5,6))); -4535.28 -1.21342 32.0527 13.4366 -4552.68
(1,(2,3),(4,(5,6))); -4538.3 -1.21342 28.304 13.1817 -4552.21
(1,2,(3,((4,6),5))); -4533.69 -1.70834 30.2543 13.5169 -4548.72
(1,(2,3),(4,(5,6))); -4539.99 -1.21342 27.1815 13.724 -4552.24
(1,(2,((4,6),5)),3); -4542.8 -5.61065 26.8854 13.4878 -4550.59
(1,(2,3),(4,(5,6))); -4537.01 -1.21342 29.9933 13.5711 -4552.22
(1,(2,3),(4,(5,6))); -4537.86 -1.21342 28.3301 13.2426 -4551.73
(1,2,(3,(4,(5,6)))); -4531.13 -1.01944 32.3924 13.6462 -4548.86
(1,(2,3),((4,6),5)); -4543.59 -1.90231 28.0604 13.3103 -4556.44
(1,(2,3),(4,(5,6))); -4536.5 -1.21342 30.5311 13.2995 -4552.52
(1,2,(3,((4,6),5))); -4534.49 -1.70834 28.2324 12.9327 -4548.09
(1,2,(3,((4,6),5))); -4540.09 -1.70834 23.1778 13.3066 -4548.25
(1,(2,3),(4,(5,6))); -4538.98 -1.21342 27.7691 13.3048 -4552.24
(1,(2,3),(4,(5,6))); -4538.91 -1.21342 28.7631 13.8273 -4552.63
(1,2,(3,(4,(5,6)))); -4536.88 -1.01944 26.9755 13.9088 -4548.93
(1,2,(3,((4,6),5))); -4532.6 -1.70834 31.255 13.6002 -4548.55
(1,(2,3),(4,(5,6))); -4538.47 -1.21342 29.3514 13.9992 -4552.61
(1,(2,3),(4,(5,6))); -4539.53 -1.21342 27.3157 13.5159 -4552.11
(1,(2,3),(4,(5,6))); -4536.35 -1.21342 30.8163 13.5513 -4552.4
(1,(2,3),(4,(5,6))); -4541.9 -1.21342 24.958 13.6951 -4551.95
(1,2,(3,(4,(5,6)))); -4534.34 -1.01944 27.8799 12.8737 -4548.32
(1,(2,3),(4,(5,6))); -4537.35 -1.21342 29.4699 13.6266 -4551.98
(1,2,(3,((4,6),5))); -4539.8 -1.70834 24.4949 13.815 -4548.77
(1,(2,3),((4,6),5)); -4541.69 -1.90231 30.1397 13.2382 -4556.69
(1,2,(3,(4,(5,6)))); -4534.99 -1.01944 28.7076 13.7363 -4548.94
(1,2,(3,((4,6),5))); -4532.55 -1.70834 31.2438 13.8439 -4548.24
(1,2,(3,(4,(5,6)))); -4532.78 -1.01944 30.2513 13.5526 -4548.46
(1,2,(3,(4,(5,6)))); -4531.48 -1.01944 31.4972 13.4366 -4548.52
(1,2,(3,(4,(5,6)))); -4534.97 -1.01944 28.4419 13.6764 -4548.72
(1,2,(3,(4,(5,6)))); -4535.3 -1.01944 29.2366 14.1252 -4549.39
(1,(2,3),(4,(5,6))); -4539.89 -1.21342 27.0426 13.5884 -4552.14
(1,(2,3),(4,(5,6))); -4538.35 -1.21342 28.4105 13.5007 -4552.05
(1,2,(3,(4,(5,6)))); -4534.09 -1.01944 28.4656 13.135 -4548.4
(1,(2,3),((4,6),5)); -4543.81 -1.90231 28.5851 13.5975 -4556.9
(1,2,(3,(4,(5,6)))); -4538.88 -1.01944 24.0359 13.0602 -4548.83
(1,2,(3,(4,(5,6)))); -4535.38 -1.01944 27.7053 13.4934 -4548.57
(1,2,(3,(4,(5,6)))); -4532.04 -1.01944 31.5408 13.6413 -4548.92
(1,2,(3,(4,(5,6)))); -4533.04 -1.01944 29.9362 13.1824 -4548.77
(1,(2,3),(4,(5,6))); -4538.67 -1.21342 28.6289 13.6554 -4552.43
(1,2,(3,(4,(5,6)))); -4535.29 -1.01944 27.1968 13.0579 -4548.41
(1,2,(3,(4,(5,6)))); -4531.08 -1.01944 32.5875 13.4823 -4549.17
(1,2,(3,(4,(5,6)))); -4534.8 -1.01944 28.7561 13.7489 -4548.79
(1,2,(3,((4,6),5))); -4535.74 -1.70834 28.8301 13.9844 -4548.88
(1,(2,3),(4,(5,6))); -4534.73 -1.21342 32.0826 13.4173 -4552.18
(1,2,(3,(4,(5,6)))); -4534.74 -1.01944 28.966 13.4033 -4549.28
(1,2,(3,(4,(5,6)))); -4537.16 -1.01944 26.7571 13.729 -4549.17
(1,2,(3,((4,6),5))); -4531.81 -1.70834 32.0148 13.4546 -4548.66
(1,(2,3),(4,(5,6))); -4537.66 -1.21342 29.546 13.6541 -4552.34
(1,(2,3),(4,(5,6))); -4538.45 -1.21342 28.5491 13.5151 -4552.27
(1,2,(3,((4,6),5))); -4534.36 -1.70834 29.7831 14.1406 -4548.29
(1,2,(3,((4,6),5))); -4532.44 -1.70834 30.7131 13.3805 -4548.06
(1,(2,3),((4,6),5)); -4543.63 -1.90231 28.3743 13.7143 -4556.39
(1,(2,3),(4,(5,6))); -4539.11 -1.21342 27.7167 13.4081 -4552.21
(1,(2,3),(4,(5,6))); -4539.5 -1.21342 27.1327 13.5847 -4551.83
(1,2,(3,(4,(5,6)))); -4534.41 -1.01944 28.4337 13.1242 -4548.7
(1,2,(3,((4,6),5))); -4533.52 -1.70834 30.0486 13.6115 -4548.25
(1,2,(3,(4,(5,6)))); -4532.17 -1.01944 31.4652 13.4804 -4549.14
(1,2,(3,(4,(5,6)))); -4531.75 -1.01944 31.946 13.7076 -4548.97
(1,2,(3,(4,(5,6)))); -4534.53 -1.01944 28.5355 13.4073 -4548.63
(1,(2,3),(4,(5,6))); -4537.26 -1.21342 30.0987 13.7986 -4552.35
