tree logl logTop logProp logPrior logWt
(1,(2,3),(4,(5,6))); -4536.14 -1.62746 31.1823 13.7666 -4555.19
(1,(2,3),(4,(5,6))); -4537.31 -1.62746 29.3039 13.4924 -4554.75
(1,2,(3,((4,6),5))); -4531.86 -1.78113 31.7765 13.6713 -4551.74
(1,(2,3),(4,(5,6))); -4537.95 -1.62746 28.4646 13.1429 -4554.9
(1,(2,3),(4,(5,6))); -4537.33 -1.62746 30.1987 13.6983 -4555.46
(1,2,(3,((4,5),6))); -4538.62 -4.71755 32.111 13.869 -4561.58
(1,2,(3,(4,(5,6)))); -4537.31 -1.51724 25.8394 13.2197 -4551.44
(1,(2,(4,(5,6))),3); -4535.58 -2.01024 31.7831 13.3696 -4556.01
(1,(2,3),(4,(5,6))); -4539.74 -1.62746 27.6937 14.072 -4554.99
(1,(2,(4,(5,6))),3); -4543.26 -2.01024 24.7576 14.236 -4555.79
(1,(2,((4,6),5)),3); -4539.87 -2.27414 30.1702 13.5769 -4558.74
(1,(2,(4,(5,6))),3); -4536.67 -2.01024 30.3564 13.6009 -4555.44
(1,(2,3),((4,6),5)); -4542.23 -1.89135 28.9986 13.2722 -4559.85
(1,(2,3),(4,(5,6))); -4535.16 -1.62746 31.59 13.6571 -4554.72
(1,(2,(4,(5,6))),3); -4537.77 -2.01024 29.3298 13.5471 -4555.56
(1,(2,3),(4,(5,6))); -4537.84 -1.62746 28.399 12.8576 -4555
(1,(2,3),(4,(5,6))); -4539.49 -1.62746 27.1361 13.0866 -4555.16
(1,2,(3,(4,(5,6)))); -4538.1 -1.51724 25.5636 13.2332 -4551.95
(1,2,(3,((4,6),5))); -4531.31 -1.78113 32.5683 13.6014 -4552.06
(1,(2,3),(4,(5,6))); -4535.99 -1.62746 31.0979 13.5121 -4555.2
(1,2,(3,(4,(5,6)))); -4532.02 -1.51724 31.7139 13.7843 -4551.46
(1,(2,3),(4,(5,6))); -4536.72 -1.62746 30.8432 13.8694 -4555.32
(1,2,(3,((4,6),5))); -4537.45 -1.78113 26.5737 13.9728 -4551.83
(1,(2,3),(4,(5,6))); -4537.82 -1.62746 28.6097 13.2921 -4554.77
(1,(2,(4,(5,6))),3); -4536.88 -2.01024 29.8934 13.3531 -4555.43
(1,2,(3,(4,(5,6)))); -4538.69 -1.51724 24.671 13.5723 -4551.3
(1,(2,((4,6),5)),3); -4540.87 -2.27414 29.5012 13.5033 -4559.14
(1,(2,((4,6),5)),3); -4538.43 -2.27414 31.2868 13.4808 -4558.51
(1,2,(3,(4,(5,6)))); -4537.78 -1.51724 26.2403 14.0006 -4551.54
(1,(2,3),((4,6),5)); -4541.96 -1.89135 28.9947 12.9559 -4559.89
(1,2,(3,(4,(5,6)))); -4533.35 -1.51724 30.3778 13.4658 -4551.78
(1,(2,(4,(5,6))),3); -4535.65 -2.01024 31.494 13.4939 -4555.66
(1,(2,3),((4,6),5)); -4543.82 -1.89135 28.6085 13.4476 -4560.87
(1,(2,(4,(5,6))),3); -4535.01 -2.01024 32.4996 13.5843 -4555.94
(1,(2,3),(4,(5,6))); -4539.23 -1.62746 27.5637 13.4581 -4554.97
(1,(2,3),((4,6),5)); -4541.17 -1.89135 31.351 13.6746 -4560.74
(1,2,(3,(4,(5,6)))); -4531.57 -1.51724 31.4767 13.4287 -4551.14
(1,(2,3),((4,6),5)); -4542.52 -1.89135 29.6834 13.4729 -4560.63
(1,2,(3,((4,5),6))); -4540.25 -4.71755 29.9889 13.812 -4561.14
(1,(2,(4,(5,6))),3); -4540.42 -2.01024 27.357 14.1876 -4555.6
(1,(2,((4,6),5)),3); -4544.35 -2.27414 25.5119 13.2852 -4558.85
(1,2,(3,(4,(5,6)))); -4536.9 -1.51724 26.7149 13.8321 -4551.3
(1,(2,3),(4,(5,6))); -4538.56 -1.62746 29.4011 13.9731 -4555.61
(1,(2,3),((4,6),5)); -4544.77 -1.89135 26.916 13.2267 -4560.35
(1,(2,3),(4,(5,6))); -4540.96 -1.62746 25.4332 13.419 -4554.6
(1,(2,(4,(5,6))),3); -4540.31 -2.01024 27.221 13.7037 -4555.84
(1,(2,3),((4,6),5)); -4541.1 -1.89135 31.6195 13.6609 -4560.95
(1,2,(3,((4,6),5))); -4534.98 -1.78113 29.7058 14.1426 -4552.32
(1,2,(3,((4,6),5))); -4534.2 -1.78113 28.6287 13.0628 -4551.55
(1,2,(3,((4,6),5))); -4533.4 -1.78113 30.4023 13.509 -4552.07
(1,(2,3),((4,6),5)); -4544.41 -1.89135 27.847 13.6245 -4560.52
(1,(2,(4,(5,6))),3); -4538.33 -2.01024 28.63 13.4139 -4555.55
(1,2,(3,(4,(5,6)))); -4532.53 -1.51724 30.6096 13.4421 -4551.22
(1,(2,3),((4,6),5)); -4550.02 -1.89135 21.4881 12.8131 -4560.58
(1,2,(3,(4,(5,6)))); -4533.62 -1.51724 29.6962 13.3896 -4551.45
(1,(2,(4,(5,6))),3); -4537.04 -2.01024 30.8022 13.8195 -4556.04
(1,2,(3,(4,(5,6)))); -4536.38 -1.51724 26.6567 13.5154 -4551.04
(1,2,(3,(4,(5,6)))); -4536.66 -1.51724 26.0948 12.9105 -4551.36
(1,(2,((4,6),5)),3); -4539.57 -2.27414 30.7351 13.437 -4559.14
(1,(2,(4,(5,6))),3); -4537.83 -2.01024 29.9171 13.7666 -4555.99
(1,2,(3,((4,6),5))); -4533.13 -1.78113 30.6985 13.7323 -4551.87
(1,(2,3),(4,(5,6))); -4538.31 -1.62746 28.9067 13.3028 -4555.54
(1,2,(3,(4,(5,6)))); -4533.71 -1.51724 29.4067 13.3459 -4551.29
(1,2,(3,(4,(5,6)))); -4537.45 -1.51724 25.743 13.2071 -4551.5
(1,2,(3,((4,6),5))); -4533.5 -1.78113 29.9079 13.7244 -4551.46
(1,2,(3,(4,(5,6)))); -4534.85 -1.51724 28.3968 13.2628 -4551.5
(1,(2,((4,6),5)),3); -4538.8 -2.27414 30.8398 13.0486 -4558.86
(1,(2,(4,(5,6))),3); -4540 -2.01024 28.2089 13.9668 -4556.25
(1,2,(3,((4,6),5))); -4536.15 -1.78113 27.9975 13.7155 -4552.21
(1,(2,((4,6),5)),3); -4540.63 -2.27414 28.9118 13.3984 -4558.42
(1,2,(3,(4,(5,6)))); -4539.87 -1.51724 22.6815 12.6485 -4551.42
(1,(2,3),(4,(5,6))); -4538.53 -1.62746 28.9162 13.3702 -4555.71
(1,(2,3),((4,6),5)); -4544.91 -1.89135 27.1429 13.5375 -4560.41
(1,(2,(4,(5,6))),3); -4537.22 -2.01024 29.5993 13.1362 -4555.69
(1,(2,3),((4,6),5)); -4540.24 -1.89135 31.6897 13.3332 -4560.49
(1,2,(3,((4,6),5))); -4534.17 -1.78113 29.8398 13.7926 -4552
(1,(2,(4,(5,6))),3); -4538.22 -2.01024 29.6343 13.9042 -4555.96
(1,2,(3,((4,6),5))); -4537.12 -1.78113 26.9925 13.5252 -4552.37
(1,(2,3),(4,(5,6))); -4538.81 -1.62746 28.429 13.272 -4555.59
(1,(2,3),((4,6),5)); -4542.94 -1.89135 28.9321 13.552 -4560.21
(1,(2,((4,6),5)),3); -4538.47 -2.27414 31.8085 13.4099 -4559.14
(1,2,(3,((4,6),5))); -4533.19 -1.78113 30.4676 13.5116 -4551.93
(1,2,(3,((4,6),5))); -4532.21 -1.78113 32.0477 13.9847 -4552.06
(1,(2,(4,(5,6))),3); -4546.8 -2.01024 21.1591 14.2367 -4555.73
(1,2,(3,((4,5),6))); -4540.18 -4.71755 29.1674 13.4292 -4560.63
(1,(2,((4,6),5)),3); -4539.09 -2.27414 30.6734 13.5076 -4558.53
(1,(2,3),(4,(5,6))); -4539.74 -1.62746 26.5713 12.8653 -4555.07
(1,2,(3,(4,(5,6)))); -4534.11 -1.51724 29.3663 13.7251 -4551.27
(1,2,(3,((4,6),5))); -4535.66 -1.78113 27.8058 13.5744 -4551.67
(1,(2,(4,(5,6))),3); -4541.45 -2.01024 26.0387 13.5192 -4555.98
(1,(2,3),(4,(5,6))); -4537.91 -1.62746 29.3162 13.9148 -4554.94
(1,(2,(4,(5,6))),3); -4538.29 -2.01024 29.2957 13.9321 -4555.66
(1,(2,3),(4,(5,6))); -4535.61 -1.62746 31.1601 13.4468 -4554.95
(1,(2,3),(4,(5,6))); -4541.33 -1.62746 26.0787 13.8255 -4555.21
(1,2,(3,(4,(5,6)))); -4531.64 -1.51724 32.0508 13.6134 -4551.59
(1,(2,3),((4,6),5)); -4540.8 -1.89135 31.0789 13.2319 -4560.54
(1,(2,((4,6),5)),3); -4539.36 -2.27414 30.2751 13.2879 -4558.62
(1,2,(3,(4,(5,6)))); -4532.23 -1.51724 31.5902 13.7044 -4551.63
(1,2,(3,((4,6),5))); -4540.52 -1.78113 24.3222 14.2257 -4552.39
(1,(2,3),(4,(5,6))); -4540.54 -1.62746 25.6614 13.2045 -4554.63
(1,2,(3,((4,6),5))); -4533.92 -1.78113 30.5209 13.8321 -4552.39
(1,(2,3),(4,(5,6))); -4535.69 -1.62746 31.0394 13.4189 -4554.94
(1,2,(3,((4,6),5))); -4536.31 -1.78113 27.7779 13.8595 -4552.01
(1,(2,3),(4,(5,6))); -4537.56 -1.62746 29.9615 13.7969 -4555.35
(1,(2,3),(4,(5,6))); -4536.45 -1.62746 30.7943 13.5177 -4555.35
(1,(2,((4,6),5)),3); -4539.83 -2.27414 30.3379 13.5688 -4558.87
(1,2,(3,((4,6),5))); -4535.72 -1.78113 27.4605 13.2604 -4551.71
(1,(2,3),(4,(5,6))); -4534.57 -1.62746 31.9416 13.4376 -4554.7
(1,(2,3),((4,6),5)); -4543.02 -1.89135 29.7382 13.4481 -4561.2
(1,2,(3,((4,6),5))); -4537.44 -1.78113 26.8295 13.4683 -4552.58
(1,(2,3),((4,6),5)); -4541.33 -1.89135 30.5642 13.2206 -4560.57
(1,2,(3,((4,6),5))); -4534.83 -1.78113 29.264 13.5147 -4552.36
(1,(2,((4,6),5)),3); -4540.59 -2.27414 29.7118 13.8471 -4558.73
(1,2,(3,((4,6),5))); -4537.63 -1.78113 25.38 13.0769 -4551.71
(1,(2,(4,(5,6))),3); -4539.41 -2.01024 28.7467 13.971 -4556.2
(1,(2,(4,(5,6))),3); -4542.21 -2.01024 24.4081 13.3644 -4555.27
(1,(2,3),(4,(5,6))); -4536.31 -1.62746 30.9826 13.791 -4555.13
(1,(2,((4,6),5)),3); -4537.55 -2.27414 32.5459 13.4895 -4558.88
(1,(2,3),((4,6),5)); -4543.73 -1.89135 27.9973 13.1936 -4560.43
(1,(2,(4,(5,6))),3); -4536.25 -2.01024 31.711 13.7887 -4556.18
(1,(2,3),(4,(5,6))); -4540.32 -1.62746 27.3314 13.6176 -4555.66
(1,(2,3),((4,6),5)); -4544.57 -1.89135 27.842 13.4488 -4560.85
(1,(2,((4,6),5)),3); -4541.32 -2.27414 28.9336 13.6301 -4558.9
(1,(2,3),((4,6),5)); -4541.79 -1.89135 30.5239 13.8705 -4560.33
(1,(2,3),((4,6),5)); -4544.14 -1.89135 28.5465 13.5523 -4561.02
(1,(2,3),((4,6),5)); -4542.84 -1.89135 29.2122 13.1441 -4560.8
(1,(2,((4,6),5)),3); -4540.84 -2.27414 28.9862 13.4683 -4558.64
(1,(2,((4,6),5)),3); -4538.65 -2.27414 31.5502 13.6513 -4558.83
(1,2,(3,(4,(5,6)))); -4534.19 -1.51724 29.3462 13.4997 -4551.55
(1,2,(3,(4,(5,6)))); -4534.56 -1.51724 29.4476 13.5217 -4552
(1,2,(3,((4,6),5))); -4532.55 -1.78113 30.5367 13.3075 -4551.56
(1,(2,3),((4,6),5)); -4541.31 -1.89135 30.3586 13.3012 -4560.25
(1,(2,((4,6),5)),3); -4548.3 -2.27414 21.8303 13.4975 -4558.9
(1,2,(3,((4,6),5))); -4537.48 -1.78113 25.8946 13.365 -4551.79
(1,2,(3,(4,(5,6)))); -4531.58 -1.51724 32.0125 13.4298 -4551.68
(1,(2,((4,6),5)),3); -4540.91 -2.27414 28.7769 13.4239 -4558.54
(1,(2,3),((4,6),5)); -4541.82 -1.89135 29.9432 13.3375 -4560.31
(1,2,(3,(4,(5,6)))); -4536.22 -1.51724 27.9111 13.9675 -4551.68
(1,2,(3,((4,6),5))); -4531.13 -1.78113 32.4917 13.4955 -4551.9
(1,(2,(4,(5,6))),3); -4539.76 -2.01024 26.6445 13.1541 -4555.26
(1,2,(3,(4,(5,6)))); -4534.43 -1.51724 29.8858 14.1109 -4551.72
(1,(2,(4,(5,6))),3); -4535.72 -2.01024 31.6502 13.7119 -4555.67
(1,(2,(4,(5,6))),3); -4535.35 -2.01024 31.7718 13.3456 -4555.79
(1,(2,((4,6),5)),3); -4540.86 -2.27414 29.7913 13.6026 -4559.32
(1,(2,3),((4,6),5)); -4540.81 -1.89135 31.6662 13.4701 -4560.89
(1,(2,(4,(5,6))),3); -4540.45 -2.01024 27.2237 13.7672 -4555.91
(1,2,(3,(4,(5,6)))); -4545.21 -1.51724 19.0423 12.9171 -4552.86
(1,2,(3,((4,6),5))); -4534.03 -1.78113 29.6309 13.7824 -4551.66
(1,(2,(4,(5,6))),3); -4539.82 -2.01024 27.4316 13.5586 -4555.7
(1,2,(3,(4,(5,6)))); -4536.6 -1.51724 26.6532 13.3276 -4551.45
(1,(2,3),(4,(5,6))); -4536.8 -1.62746 29.8966 13.7004 -4554.62
(1,2,(3,(4,(5,6)))); -4533.03 -1.51724 30.2819 13.1904 -4551.64
(1,(2,3),((4,6),5)); -4542.57 -1.89135 28.7564 13.216 -4560.01
(1,(2,(4,(5,6))),3); -4545.24 -2.01024 22.7191 13.8306 -4556.14
(1,(2,(4,(5,6))),3); -4539.56 -2.01024 27.865 13.7713 -4555.66
(1,(2,3),((4,6),5)); -4541.42 -1.89135 31.3358 13.7825 -4560.87
(1,2,(3,((4,6),5))); -4537.19 -1.78113 26.6389 13.528 -4552.09
(1,(2,3),((4,6),5)); -4540.89 -1.89135 30.7991 13.557 -4560.02
(1,(2,3),(4,(5,6))); -4537.36 -1.62746 29.2683 13.3384 -4554.91
(1,2,(3,(4,(5,6)))); -4536.58 -1.51724 27.6934 13.8204 -4551.97
(1,2,(3,((4,6),5))); -4533.29 -1.78113 30.0741 13.2535 -4551.89
(1,(2,3),((4,6),5)); -4542.8 -1.89135 28.8105 13.059 -4560.44
(1,(2,3),((4,6),5)); -4543.84 -1.89135 28.3721 13.6871 -4560.42
(1,2,(3,(4,(5,6)))); -4538.21 -1.51724 25.2169 13.6366 -4551.3
(1,(2,(4,(5,6))),3); -4535.68 -2.01024 31.3684 13.62 -4555.44
(1,(2,3),((4,6),5)); -4546.24 -1.89135 26.8119 13.7866 -4561.16
(1,(2,3),(4,(5,6))); -4536.42 -1.62746 31.1394 13.8497 -4555.34
(1,(2,3),((4,6),5)); -4541.27 -1.89135 30.8278 13.3631 -4560.62
(1,2,(3,(4,(5,6)))); -4533.94 -1.51724 29.2127 13.3312 -4551.34
(1,(2,((4,6),5)),3); -4544.16 -2.27414 24.4195 12.541 -4558.31
(1,(2,((4,6),5)),3); -4544.04 -2.27414 25.7356 13.5427 -4558.5
(1,2,(3,(4,(5,6)))); -4533.96 -1.51724 29.3962 13.7219 -4551.15
(1,2,(3,(4,(5,6)))); -4534.36 -1.51724 29.5598 13.8003 -4551.64
(1,(2,(4,(5,6))),3); -4539.64 -2.01024 27.9657 13.8709 -4555.74
(1,2,(3,((4,6),5))); -4537.79 -1.78113 25.8023 13.4915 -4551.88
(1,2,(3,((4,6),5))); -4537.88 -1.78113 25.7536 13.463 -4551.95
(1,2,(3,((4,6),5))); -4532.61 -1.78113 30.8223 13.448 -4551.76
(1,(2,3),((4,6),5)); -4540.04 -1.89135 32.0314 13.2571 -4560.71
(1,2,(3,(4,(5,6)))); -4535.6 -1.51724 28.7593 13.8421 -4552.03
(1,(2,3),((4,6),5)); -4542.42 -1.89135 29.7066 13.8365 -4560.18
(1,(2,3),((4,6),5)); -4542.67 -1.89135 29.8049 13.5217 -4560.85
(1,2,(3,(4,(5,6)))); -4535.67 -1.51724 29.1427 14.3767 -4551.95
(1,2,(3,((4,6),5))); -4533.98 -1.78113 29.78 13.2658 -4552.28
(1,2,(3,(4,(5,6)))); -4533.56 -1.51724 30.5615 14.0119 -4551.63
(1,2,(3,(4,(5,6)))); -4534.08 -1.51724 29.2711 13.5161 -4551.35
(1,(2,3),((4,6),5)); -4542.18 -1.89135 29.2314 13.0257 -4560.27
(1,2,(3,(4,(5,6)))); -4532.29 -1.51724 31.4437 13.6536 -4551.6
(1,2,(3,((4,6),5))); -4532.68 -1.78113 31.1365 13.7426 -4551.86
(1,(2,3),(4,(5,6))); -4539.23 -1.62746 28.0169 13.578 -4555.3
(1,(2,(4,(5,6))),3); -4538.69 -2.01024 29.648 14.2108 -4556.14
(1,2,(3,((4,6),5))); -4538 -1.78113 24.935 12.8242 -4551.89
(1,(2,3),((4,6),5)); -4543.66 -1.89135 28.0465 13.0906 -4560.5
(1,(2,3),(4,(5,6))); -4541.68 -1.62746 25.0043 13.5406 -4554.77
(1,(2,3),((4,6),5)); -4539.55 -1.89135 32.456 13.4032 -4560.49
(1,2,(3,(4,(5,6)))); -4533.12 -1.51724 30.815 13.5516 -4551.9
(1,2,(3,((4,6),5))); -4533.44 -1.78113 30.3401 13.5685 -4552
(1,(2,3),(4,(5,6))); -4537.93 -1.62746 28.7965 13.1099 -4555.24
(1,(2,3),(4,(5,6))); -4538.68 -1.62746 27.811 13.4857 -4554.64
(1,(2,3),(4,(5,6))); -4537.72 -1.62746 28.956 13.2147 -4555.09
(1,2,(3,(4,(5,6)))); -4533.93 -1.51724 30.1829 14.0241 -4551.6
(1,2,(3,(4,(5,6)))); -4533.06 -1.51724 30.581 13.467 -4551.69
(1,2,(3,((4,5),6))); -4538.54 -4.71755 31.4475 13.5688 -4561.14
(1,2,(3,((4,6),5))); -4533.58 -1.78113 30.8012 13.7716 -4552.39
(1,(2,3),((4,6),5)); -4544.39 -1.89135 27.9708 13.5711 -4560.68
(1,2,(3,((4,6),5))); -4533.93 -1.78113 30.3532 13.8092 -4552.26
(1,2,(3,(4,(5,6)))); -4533.09 -1.51724 30.2494 13.2879 -4551.56
(1,(2,3),((4,6),5)); -4545.86 -1.89135 26.501 13.4913 -4560.76
(1,2,(3,(4,(5,6)))); -4538.55 -1.51724 24.375 12.776 -4551.67
(1,(2,3),(4,(5,6))); -4541.82 -1.62746 24.1329 12.9026 -4554.68
(1,(2,3),(4,(5,6))); -4537.74 -1.62746 29.0311 13.1686 -4555.23
(1,(2,(4,(5,6))),3); -4537.18 -2.01024 30.3539 13.6054 -4555.94
(1,(2,(4,(5,6))),3); -4538.17 -2.01024 29.6087 13.5545 -4556.23
(1,(2,3),((4,6),5)); -4542.33 -1.89135 30.1832 13.737 -4560.66
(1,2,(3,((4,6),5))); -4533.53 -1.78113 30.0743 13.2186 -4552.16
(1,2,(3,((4,6),5))); -4532.71 -1.78113 31.0504 13.5806 -4551.96
(1,2,(3,((4,6),5))); -4532.73 -1.78113 31.3642 13.8815 -4551.99
(1,(2,((4,5),6)),3); -4548.49 -5.21056 29.5317 13.2247 -4570
(1,(2,3),(4,(5,6))); -4537.72 -1.62746 29.7013 13.5765 -4555.47
(1,(2,(4,(5,6))),3); -4537.02 -2.01024 30.3195 13.4632 -4555.89
(1,(2,3),((4,6),5)); -4542.3 -1.89135 30.2091 13.5845 -4560.82
(1,(2,((4,6),5)),3); -4538.72 -2.27414 30.7567 13.3066 -4558.44
(1,(2,3),((4,6),5)); -4544.48 -1.89135 26.2986 13.4641 -4559.2
(1,(2,3),((4,6),5)); -4543.89 -1.89135 27.8809 13.2225 -4560.44
(1,2,(3,(4,(5,6)))); -4534.65 -1.51724 28.8226 13.1923 -4551.8
(1,2,(3,((4,6),5))); -4536.91 -1.78113 26.3236 13.4504 -4551.57
(1,(2,(4,(5,6))),3); -4540.55 -2.01024 26.6932 13.6873 -4555.57
(1,2,(3,((4,6),5))); -4533.24 -1.78113 30.1311 13.1924 -4551.96
(1,2,(3,(4,(5,6)))); -4531.77 -1.51724 31.5843 13.3701 -4551.5
(1,(2,3),(4,(5,6))); -4537.25 -1.62746 30.1784 13.8428 -4555.22
(1,2,(3,((4,6),5))); -4533.93 -1.78113 29.6415 13.4569 -4551.89
(1,(2,3),((4,6),5)); -4542.39 -1.89135 29.5229 13.2987 -4560.5
(1,(2,3),(4,(5,6))); -4541.4 -1.62746 26.3978 13.8105 -4555.62
(1,(2,((4,6),5)),3); -4542.64 -2.27414 27.8818 13.8423 -4558.95
(1,2,(3,(4,(5,6)))); -4535.7 -1.51724 26.967 13.0125 -4551.18
(1,(2,((4,6),5)),3); -4539.28 -2.27414 29.8376 13.1721 -4558.22
(1,(2,(4,(5,6))),3); -4539.36 -2.01024 28.0356 13.8387 -4555.57
(1,(2,((4,6),5)),3); -4538.69 -2.27414 31.5779 13.508 -4559.03
(1,(2,3),(4,(5,6))); -4537.25 -1.62746 29.8792 13.5515 -4555.2
(1,(2,3),(4,(5,6))); -4536.29 -1.62746 31.0298 13.5888 -4555.36
(1,2,(3,(4,(5,6)))); -4535.5 -1.51724 27.7538 13.3747 -4551.4
(1,(2,3),(4,(5,6))); -4536.26 -1.62746 30.5996 13.403 -4555.08
(1,2,(3,(4,(5,6)))); -4532.58 -1.51724 30.8346 13.5361 -4551.4
(1,(2,((4,6),5)),3); -4539.85 -2.27414 30.0889 13.4495 -4558.76
(1,(2,((4,6),5)),3); -4539.74 -2.27414 30.3314 13.2407 -4559.1
(1,2,(3,((4,6),5))); -4536.69 -1.78113 26.9096 13.4555 -4551.93
(1,2,(3,((4,6),5))); -4532.46 -1.78113 31.0124 13.3161 -4551.94
(1,2,(3,(4,(5,6)))); -4536.71 -1.51724 26.7159 13.6987 -4551.24
(1,2,(3,((4,6),5))); -4531.37 -1.78113 32.6811 13.6499 -4552.18
(1,(2,3),(4,(5,6))); -4537.9 -1.62746 28.9752 13.6253 -4554.88
(1,(2,((4,6),5)),3); -4540.57 -2.27414 29.5658 13.3667 -4559.05
(1,2,(3,((4,6),5))); -4533.93 -1.78113 29.9926 13.7998 -4551.91
(1,(2,3),(4,(5,6))); -4539.36 -1.62746 26.7929 13.0958 -4554.69
(1,(2,3),((4,6),5)); -4539.87 -1.89135 32.4569 13.367 -4560.85
(1,2,(3,(4,(5,6)))); -4533.73 -1.51724 29.8477 13.8056 -4551.29
(1,(2,(4,(5,6))),3); -4534.96 -2.01024 31.9922 13.3227 -4555.64
(1,(2,3),((4,6),5)); -4541.88 -1.89135 29.9162 13.3525 -4560.34
(1,(2,3),(4,(5,6))); -4539.98 -1.62746 27.3202 14.0101 -4554.92
(1,(2,((4,6),5)),3); -4541.52 -2.27414 28.5 13.4094 -4558.89
(1,2,(3,((4,6),5))); -4531.56 -1.78113 32.4233 13.6359 -4552.12
(1,(2,3),((4,6),5)); -4543.86 -1.89135 28.155 13.8937 -4560.02
(1,(2,(4,(5,6))),3); -4539.05 -2.01024 27.5715 13.4754 -4555.15
(1,(2,(4,(5,6))),3); -4538.84 -2.01024 28.4451 13.6221 -4555.68
(1,2,(3,(4,(5,6)))); -4534.4 -1.51724 29.6451 13.8072 -4551.76
(1,(2,(4,(5,6))),3); -4538.4 -2.01024 28.0214 13.0046 -4555.43
(1,2,(3,(4,(5,6)))); -4532.48 -1.51724 31.5177 13.6212 -4551.89
(1,2,(3,(4,(5,6)))); -4534.73 -1.51724 28.5297 13.3367 -4551.44
(1,(2,3),((4,6),5)); -4540.83 -1.89135 31.1092 13.4477 -4560.39
(1,2,(3,((4,6),5))); -4533.59 -1.78113 30.1745 13.7908 -4551.76
(1,2,(3,((4,6),5))); -4531.24 -1.78113 32.4612 13.6783 -4551.8
(1,2,(3,(4,(5,6)))); -4533.84 -1.51724 29.8631 13.5896 -4551.63
(1,(2,((4,5),6)),3); -4548.29 -5.21056 30.1111 13.8684 -4569.75
(1,2,(3,(4,(5,6)))); -4534.28 -1.51724 29.3468 13.6896 -4551.45
(1,(2,(4,(5,6))),3); -4541.77 -2.01024 25.7953 13.72 -4555.86
(1,(2,(4,(5,6))),3); -4541.93 -2.01024 26.0674 13.8829 -4556.12
(1,2,(3,((4,5),6))); -4541.11 -4.71755 28.3272 13.6561 -4560.49
(1,2,(3,((4,6),5))); -4534.13 -1.78113 30.0641 13.6226 -4552.36
(1,(2,(4,(5,6))),3); -4537.58 -2.01024 29.3503 13.4556 -4555.48
(1,(2,3),(4,(5,6))); -4536.18 -1.62746 31.5244 14.028 -4555.3
(1,(2,3),(4,(5,6))); -4541.85 -1.62746 24.437 13.0785 -4554.83
(1,2,(3,(4,(5,6)))); -4531.37 -1.51724 32.3962 13.6393 -4551.64
(1,2,(3,((4,6),5))); -4536.01 -1.78113 27.983 13.891 -4551.88
(1,2,(3,(4,(5,6)))); -4534.5 -1.51724 28.4346 13.4601 -4550.99
(1,(2,(4,(5,6))),3); -4541.6 -2.01024 26.7018 13.8203 -4556.5
(1,(2,3),((4,6),5)); -4542.77 -1.89135 28.5579 13.0017 -4560.22
(1,2,(3,(4,(5,6)))); -4532.95 -1.51724 30.5156 13.424 -4551.56
(1,(2,(4,(5,6))),3); -4541.42 -2.01024 24.8759 12.9857 -4555.32
(1,(2,3),(4,(5,6))); -4541.61 -1.62746 24.5993 13.0918 -4554.74
(1,(2,3),((4,6),5)); -4545.51 -1.89135 27.1309 13.4046 -4561.12
(1,2,(3,(4,(5,6)))); -4537.21 -1.51724 25.4161 13.4694 -4550.68
(1,2,(3,((4,6),5))); -4532.7 -1.78113 31.1207 13.6091 -4551.99
(1,(2,(4,(5,6))),3); -4545.6 -2.01024 20.7031 12.9391 -4555.37
(1,(2,3),((4,6),5)); -4543.2 -1.89135 29.1862 13.7362 -4560.54
(1,(2,((4,6),5)),3); -4538.81 -2.27414 30.9989 13.3966 -4558.69
(1,(2,(4,(5,6))),3); -4535.25 -2.01024 31.8501 13.4356 -4555.67
(1,(2,((4,6),5)),3); -4540.52 -2.27414 29.4567 13.7223 -4558.53
(1,(2,(4,(5,6))),3); -4543.7 -2.01024 23.5 13.3961 -4555.81
(1,(2,(4,(5,6))),3); -4537.77 -2.01024 29.3968 13.3372 -4555.84
(1,(2,((4,6),5)),3); -4540.46 -2.27414 29.2054 13.3822 -4558.56
(1,(2,3),((4,6),5)); -4546.59 -1.89135 25.9991 13.6305 -4560.85
(1,(2,(4,(5,6))),3); -4535.73 -2.01024 30.9057 13.2986 -4555.35
(1,(2,3),((4,6),5)); -4542.13 -1.89135 30.0471 13.3191 -4560.75
(1,(2,3),(4,(5,6))); -4536.09 -1.62746 30.2799 13.324 -4554.67
(1,(2,3),(4,(5,6))); -4536.38 -1.62746 30.8891 13.7515 -4555.15
(1,(2,3),(4,(5,6))); -4535.88 -1.62746 30.7018 13.4053 -4554.8
(1,2,(3,(4,(5,6)))); -4533.22 -1.51724 30.5312 13.8786 -4551.39
(1,2,(3,((4,6),5))); -4533.12 -1.78113 30.8523 13.7776 -4551.98
(1,(2,3),(4,(5,6))); -4534.89 -1.62746 31.5986 13.2356 -4554.88
(1,(2,3),(4,(5,6))); -4541.12 -1.62746 26.5735 13.8043 -4555.52
(1,(2,3),((4,6),5)); -4543.91 -1.89135 27.8252 13.1607 -4560.47
(1,(2,(4,(5,6))),3); -4535.71 -2.01024 31.274 13.2568 -4555.74
(1,2,(3,(4,(5,6)))); -4532.25 -1.51724 31.3566 13.6584 -4551.46
(1,2,(3,((4,6),5))); -4532.59 -1.78113 30.8547 13.5586 -4551.66
(1,(2,(4,(5,6))),3); -4538.8 -2.01024 28.2461 13.3379 -4555.72
(1,2,(3,((4,6),5))); -4535.12 -1.78113 28.8288 13.3912 -4552.34
(1,(2,((4,6),5)),3); -4541.01 -2.27414 28.658 13.5893 -4558.35
(1,2,(3,(4,(5,6)))); -4533.04 -1.51724 30.3254 13.5647 -4551.32
(1,(2,3),(4,(5,6))); -4537.08 -1.62746 29.8726 13.5012 -4555.08
(1,(2,(4,(5,6))),3); -4537.54 -2.01024 30.3788 13.776 -4556.15
(1,(2,(4,(5,6))),3); -4536.99 -2.01024 30.9118 13.9428 -4555.97
(1,2,(3,((4,6),5))); -4531.42 -1.78113 32.5985 13.6699 -4552.13
(1,2,(3,(4,(5,6)))); -4534.15 -1.51724 29.8999 13.6561 -4551.91
(1,2,(3,(4,(5,6)))); -4531.65 -1.51724 31.8489 13.5057 -4551.51
(1,(2,((4,6),5)),3); -4541.65 -2.27414 28.0846 13.284 -4558.73
(1,(2,3),(4,(5,6))); -4538.27 -1.62746 28.6621 13.421 -4555.14
(1,(2,(4,(5,6))),3); -4540.03 -2.01024 27.5405 13.5264 -4556.06
(1,(2,(4,(5,6))),3); -4539.57 -2.01024 28.144 13.7283 -4556
(1,(2,(4,(5,6))),3); -4536.21 -2.01024 30.6407 13.439 -4555.42
(1,(2,3),(4,(5,6))); -4537.13 -1.62746 29.9534 13.6468 -4555.07
(1,(2,3),(4,(5,6))); -4535.37 -1.62746 31.8169 13.665 -4555.15
(1,(2,((4,6),5)),3); -4538.74 -2.27414 31.1203 13.5383 -4558.6
(1,2,(3,((4,6),5))); -4533.86 -1.78113 30.2939 13.5025 -4552.44
(1,(2,3),((4,6),5)); -4548.13 -1.89135 24.2199 13.7087 -4560.54
(1,(2,3),(4,(5,6))); -4536.97 -1.62746 30.3672 13.6036 -4555.36
(1,2,(3,(4,(5,6)))); -4536.9 -1.51724 26.3061 12.9107 -4551.81
(1,2,(3,(4,(5,6)))); -4534.59 -1.51724 29.7261 13.9602 -4551.87
(1,(2,(4,(5,6))),3); -4542.43 -2.01024 24.5599 13.1893 -4555.82
(1,(2,3),((4,6),5)); -4540.96 -1.89135 31.166 13.3734 -4560.65
(1,2,(3,((4,6),5))); -4531.07 -1.78113 32.8137 13.6214 -4552.04
(1,(2,((4,6),5)),3); -4539.26 -2.27414 31.2552 13.8341 -4558.95
(1,2,(3,((4,5),6))); -4539.27 -4.71755 29.7348 13.356 -4560.37
(1,(2,((4,6),5)),3); -4541.09 -2.27414 29.2054 13.4315 -4559.14
(1,2,(3,((4,6),5))); -4540.1 -1.78113 24.1349 14.1634 -4551.85
(1,(2,3),(4,(5,6))); -4540.65 -1.62746 25.5537 12.9573 -4554.87
(1,(2,3),(4,(5,6))); -4535.82 -1.62746 31.0691 13.5783 -4554.93
(1,(2,((4,6),5)),3); -4540.35 -2.27414 29.8137 13.6788 -4558.76
(1,2,(3,(4,(5,6)))); -4538.8 -1.51724 23.522 12.788 -4551.05
(1,(2,3),(4,(5,6))); -4536.96 -1.62746 29.6367 13.3828 -4554.84
(1,(2,((4,6),5)),3); -4543 -2.27414 27.0319 13.4979 -4558.8
(1,2,(3,((4,6),5))); -4537.93 -1.78113 25.9729 13.5976 -4552.08
(1,(2,((4,6),5)),3); -4541.9 -2.27414 27.8835 13.3874 -4558.67
(1,(2,(4,(5,6))),3); -4536.62 -2.01024 29.9482 13.1986 -4555.38
(1,2,(3,(4,(5,6)))); -4531.28 -1.51724 32.5988 13.5924 -4551.8
(1,2,(3,((4,6),5))); -4533.05 -1.78113 30.3456 13.3752 -4551.8
(1,2,(3,((4,6),5))); -4532.79 -1.78113 31.5826 13.8678 -4552.29
(1,(2,((4,6),5)),3); -4542.01 -2.27414 28.2815 13.7268 -4558.83
(1,(2,(4,(5,6))),3); -4537.69 -2.01024 29.8271 13.5096 -4556.02
(1,2,(3,((4,6),5))); -4536.79 -1.78113 26.929 13.7133 -4551.79
(1,(2,((4,6),5)),3); -4539.14 -2.27414 30.8523 13.4438 -4558.83
(1,(2,3),(4,(5,6))); -4536.43 -1.62746 31.0104 13.7662 -4555.3
(1,(2,3),((4,6),5)); -4542.09 -1.89135 29.5917 13.1451 -4560.43
(1,2,(3,(4,(5,6)))); -4532.89 -1.51724 30.8186 13.4746 -4551.75
(1,(2,3),((4,6),5)); -4543.22 -1.89135 28.5867 13.4585 -4560.24
(1,(2,(4,(5,6))),3); -4536.18 -2.01024 31.3105 13.4307 -4556.07
(1,(2,((4,6),5)),3); -4540.83 -2.27414 29.2493 13.5035 -4558.85
(1,2,(3,(4,(5,6)))); -4533.49 -1.51724 30.3524 13.9038 -4551.45
(1,(2,((4,5),6)),3); -4545.91 -5.21056 31.3011 13.147 -4569.28
(1,(2,3),(4,(5,6))); -4538.25 -1.62746 28.0754 13.23 -4554.72
(1,(2,3),((4,6),5)); -4542.01 -1.89135 30.4841 13.431 -4560.96
(1,(2,3),((4,6),5)); -4541.96 -1.89135 29.5053 13.0311 -4560.32
(1,2,(3,(4,(5,6)))); -4533.41 -1.51724 30.7773 13.9707 -4551.74
(1,(2,(4,(5,6))),3); -4539.11 -2.01024 27.6609 12.8727 -4555.9
(1,2,(3,(4,(5,6)))); -4538.86 -1.51724 25.7583 14.3768 -4551.76
(1,2,(3,(4,(5,6)))); -4537.32 -1.51724 26.8165 13.9369 -4551.72
(1,2,(3,(4,(5,6)))); -4535.24 -1.51724 28.2471 13.5748 -4551.43
(1,2,(3,((4,6),5))); -4532.73 -1.78113 30.809 13.4227 -4551.89
(1,(2,3),((4,6),5)); -4541.29 -1.89135 31.3288 13.9036 -4560.6
(1,2,(3,(4,(5,6)))); -4533.89 -1.51724 30.1523 13.8542 -4551.7
(1,(2,(4,(5,6))),3); -4539.13 -2.01024 27.6493 13.5905 -4555.2
(1,(2,3),(4,(5,6))); -4538.46 -1.62746 29.2082 13.807 -4555.49
(1,(2,3),(4,(5,6))); -4540.08 -1.62746 26.3864 13.3652 -4554.73
(1,2,(3,((4,6),5))); -4533.38 -1.78113 30.9162 13.9205 -4552.15
(1,(2,3),(4,(5,6))); -4537.22 -1.62746 29.4745 13.3592 -4554.97
(1,(2,3),(4,(5,6))); -4539.16 -1.62746 27.4453 13.3086 -4554.92
(1,2,(3,(4,(5,6)))); -4533.5 -1.51724 30.2038 13.409 -4551.81
(1,(2,3),(4,(5,6))); -4534.77 -1.62746 31.9695 13.2792 -4555.08
(1,2,(3,(4,(5,6)))); -4532.32 -1.51724 31.4605 13.7374 -4551.56
(1,(2,((4,6),5)),3); -4540.75 -2.27414 29.4567 13.49 -4558.99
(1,(2,(4,(5,6))),3); -4535.09 -2.01024 32.2892 13.6092 -4555.78
(1,2,(3,((4,6),5))); -4532.25 -1.78113 31.6504 13.6472 -4552.03
(1,(2,((4,6),5)),3); -4538.6 -2.27414 31.1432 13.3898 -4558.62
(1,2,(3,(4,(5,6)))); -4533.09 -1.51724 30.2333 13.5467 -4551.3
(1,(2,(4,(5,6))),3); -4534.55 -2.01024 32.3241 13.4738 -4555.42
(1,(2,3),(4,(5,6))); -4538.6 -1.62746 28.2355 13.455 -4555.01
(1,(2,((4,6),5)),3); -4540.6 -2.27414 28.9385 13.3106 -4558.51
(1,2,(3,(4,(5,6)))); -4534.49 -1.51724 28.7567 13.3912 -4551.37
(1,2,(3,(4,(5,6)))); -4533.41 -1.51724 29.9398 13.5404 -4551.33
(1,(2,3),(4,(5,6))); -4536.69 -1.62746 30.1845 13.5453 -4554.96
(1,2,(3,((4,6),5))); -4532.44 -1.78113 31.1192 13.5697 -4551.77
(1,2,(3,((4,6),5))); -4536.45 -1.78113 27.4373 13.5212 -4552.15
(1,(2,((4,6),5)),3); -4539.33 -2.27414 31.076 13.8893 -4558.79
(1,(2,3),(4,(5,6))); -4536.91 -1.62746 30.3574 13.4311 -4555.46
(1,(2,(4,(5,6))),3); -4535.38 -2.01024 31.8522 13.482 -4555.76
(1,(2,3),((4,6),5)); -4542.76 -1.89135 29.9513 13.8984 -4560.7
(1,(2,(4,(5,6))),3); -4539.64 -2.01024 27.5308 13.4595 -4555.72
(1,2,(3,(4,(5,6)))); -4535.25 -1.51724 28.7231 13.8011 -4551.69
(1,2,(3,((4,6),5))); -4533.82 -1.78113 29.3884 13.1713 -4551.81
(1,2,(3,((4,6),5))); -4533.46 -1.78113 30.2025 13.3219 -4552.12
(1,(2,((4,6),5)),3); -4541.54 -2.27414 28.1842 13.1474 -4558.85
(1,2,(3,(4,(5,6)))); -4536.51 -1.51724 27.061 13.5051 -4551.59
(1,2,(3,(4,(5,6)))); -4533.1 -1.51724 30.8431 13.618 -4551.84
(1,(2,((4,6),5)),3); -4540.59 -2.27414 29.5256 13.5108 -4558.88
(1,2,(3,(4,(5,6)))); -4533.94 -1.51724 30.1866 13.646 -4552
(1,(2,3),(4,(5,6))); -4536.89 -1.62746 30.191 13.5348 -4555.18
(1,2,(3,(4,(5,6)))); -4533.41 -1.51724 30.431 13.7246 -4551.63
(1,(2,((4,6),5)),3); -4542.01 -2.27414 27.5452 13.3231 -4558.51
(1,2,(3,(4,(5,6)))); -4533.17 -1.51724 30.2358 13.5847 -4551.34
(1,2,(3,((4,6),5))); -4533.23 -1.78113 30.504 13.4721 -4552.05
(1,2,(3,(4,(5,6)))); -4532.42 -1.51724 30.4193 13.2977 -4551.06
(1,2,(3,((4,6),5))); -4535.9 -1.78113 27.8743 13.6874 -4551.87
(1,(2,3),(4,(5,6))); -4535.79 -1.62746 30.9278 13.437 -4554.91
(1,2,(3,(4,(5,6)))); -4532.5 -1.51724 30.5157 13.0684 -4551.46
(1,2,(3,(4,(5,6)))); -4531.65 -1.51724 31.7701 13.4301 -4551.51
(1,2,(3,(4,(5,6)))); -4533.06 -1.51724 31.1785 13.8935 -4551.86
(1,(2,(4,(5,6))),3); -4536.57 -2.01024 30.8109 13.6057 -4555.79
(1,2,(3,((4,6),5))); -4535.63 -1.78113 28.3823 13.8169 -4551.98
(1,(2,3),(4,(5,6))); -4537.39 -1.62746 30.1357 13.4757 -4555.68
(1,(2,3),(4,(5,6))); -4542.17 -1.62746 24.6112 13.6935 -4554.71
(1,(2,3),((4,6),5)); -4543.39 -1.89135 28.0056 13.18 -4560.11
(1,2,(3,(4,(5,6)))); -4541.27 -1.51724 22.1386 13.693 -4551.24
(1,(2,3),(4,(5,6))); -4537.95 -1.62746 27.8992 12.9288 -4554.55
(1,(2,(4,(5,6))),3); -4537.52 -2.01024 30.1123 13.6063 -4556.04
(1,(2,(4,(5,6))),3); -4541.77 -2.01024 25.128 13.1014 -4555.8
(1,(2,((4,6),5)),3); -4542.25 -2.27414 26.7413 12.9695 -4558.3
(1,2,(3,((4,6),5))); -4535.05 -1.78113 29.6108 13.9201 -4552.53
(1,(2,((4,6),5)),3); -4541.11 -2.27414 28.8068 13.173 -4559.02
(1,2,(3,(4,(5,6)))); -4533.17 -1.51724 30.4593 13.6463 -4551.5
(1,(2,((4,6),5)),3); -4540.15 -2.27414 29.9557 13.7685 -4558.61
(1,2,(3,(4,(5,6)))); -4533.26 -1.51724 30.7855 13.8376 -4551.73
(1,(2,3),((4,6),5)); -4543.81 -1.89135 27.9575 13.0192 -4560.64
(1,(2,(4,(5,6))),3); -4537.37 -2.01024 29.5073 13.1027 -4555.79
(1,2,(3,((4,6),5))); -4534.11 -1.78113 29.7156 13.8603 -4551.75
(1,2,(3,((4,6),5))); -4534.96 -1.78113 28.5787 13.2467 -4552.07
(1,(2,3),(4,(5,6))); -4540.75 -1.62746 25.8857 13.1504 -4555.11
(1,2,(3,((4,6),5))); -4535.16 -1.78113 28.8303 13.6969 -4552.08
(1,(2,3),(4,(5,6))); -4536.73 -1.62746 29.6903 13.3451 -4554.7
(1,2,(3,(4,(5,6)))); -4535.45 -1.51724 27.9096 13.3946 -4551.48
(1,(2,3),((4,6),5)); -4543.48 -1.89135 28.9683 13.755 -4560.58
(1,2,(3,((4,6),5))); -4536.74 -1.78113 27.9405 14.19 -4552.28
(1,(2,(4,(5,6))),3); -4536.88 -2.01024 30.3669 13.6584 -4555.6
(1,2,(3,(4,(5,6)))); -4534.35 -1.51724 29.1148 13.4126 -4551.57
(1,(2,3),((4,6),5)); -4541.34 -1.89135 31.5423 13.649 -4561.12
(1,(2,(4,(5,6))),3); -4540.74 -2.01024 26.0268 13.4729 -4555.31
(1,(2,((4,6),5)),3); -4540.37 -2.27414 29.0796 13.0672 -4558.65
(1,2,(3,((4,5),6))); -4543.01 -4.71755 26.9892 13.6778 -4561.04
(1,(2,((4,6),5)),3); -4540.9 -2.27414 29.5575 13.7133 -4559.02
(1,(2,3),(4,(5,6))); -4538.21 -1.62746 29.587 14.0844 -4555.34
(1,2,(3,((4,6),5))); -4534.41 -1.78113 29.2108 13.5604 -4551.84
(1,2,(3,(4,(5,6)))); -4534.82 -1.51724 29.4657 13.9818 -4551.83
(1,2,(3,(4,(5,6)))); -4532.73 -1.51724 31.5195 13.9206 -4551.85
(1,(2,(4,(5,6))),3); -4537.32 -2.01024 29.7255 13.3834 -4555.67
(1,(2,(4,(5,6))),3); -4537.08 -2.01024 30.206 13.4392 -4555.86
(1,(2,(4,(5,6))),3); -4537.18 -2.01024 29.5915 13.4762 -4555.31
(1,(2,((4,5),6)),3); -4547.89 -5.21056 29.0276 13.2555 -4568.88
(1,(2,3),(4,(5,6))); -4534.95 -1.62746 31.6867 13.2593 -4555.01
(1,(2,(4,(5,6))),3); -4536.05 -2.01024 30.7375 13.5222 -4555.28
(1,(2,3),((4,6),5)); -4540.13 -1.89135 31.4999 13.1749 -4560.35
(1,2,(3,(4,(5,6)))); -4538.31 -1.51724 25.2676 13.4827 -4551.61
(1,(2,(4,(5,6))),3); -4538.14 -2.01024 28.3826 13.1473 -4555.38
(1,(2,3),(4,(5,6))); -4536.39 -1.62746 31.0592 13.6564 -4555.42
(1,(2,3),((4,6),5)); -4542.95 -1.89135 28.5238 13.2552 -4560.11
(1,(2,3),(4,(5,6))); -4536.93 -1.62746 30.4721 13.7659 -4555.27
(1,(2,3),((4,6),5)); -4542.41 -1.89135 30.1771 13.5098 -4560.97
(1,2,(3,((4,6),5))); -4536.06 -1.78113 27.4968 13.0698 -4552.27
(1,2,(3,((4,6),5))); -4536.68 -1.78113 26.058 12.9538 -4551.56
(1,2,(3,(4,(5,6)))); -4534.25 -1.51724 28.8863 13.3459 -4551.31
(1,(2,3),((4,5),6)); -4546.82 -4.82777 29.9483 13.3227 -4568.27
(1,(2,(4,(5,6))),3); -4538.71 -2.01024 28.2221 13.2661 -4555.68
(1,(2,3),(4,(5,6))); -4535.97 -1.62746 31.3902 13.7505 -4555.24
(1,(2,3),((4,6),5)); -4540.66 -1.89135 31.4895 13.3971 -4560.64
(1,(2,((4,5),6)),3); -4551.66 -5.21056 28.6585 12.8681 -4572.66
(1,(2,3),(4,(5,6))); -4538.17 -1.62746 28.7687 13.3527 -4555.21
(1,2,(3,(4,(5,6)))); -4534.96 -1.51724 28.7975 13.8103 -4551.47
(1,2,(3,(4,(5,6)))); -4534.21 -1.51724 28.6456 13.1576 -4551.22
(1,(2,3),(4,(5,6))); -4539.59 -1.62746 26.4002 12.9636 -4554.65
(1,(2,3),(4,(5,6))); -4537.59 -1.62746 29.8613 13.7921 -4555.29
(1,2,(3,((4,6),5))); -4533.88 -1.78113 30.5296 14.0144 -4552.18
(1,(2,3),((4,6),5)); -4546.27 -1.89135 25.0927 13.6999 -4559.55
(1,2,(3,((4,6),5))); -4533.44 -1.78113 30.107 13.5992 -4551.73
(1,2,(3,((4,6),5))); -4537.2 -1.78113 26.8379 13.452 -4552.37
(1,(2,3),(4,(5,6))); -4535.8 -1.62746 31.2521 13.6414 -4555.04
(1,(2,3),((4,6),5)); -4543.83 -1.89135 28.5959 13.5652 -4560.75
(1,2,(3,(4,(5,6)))); -4539.71 -1.51724 24.1179 13.9288 -4551.41
(1,(2,((4,6),5)),3); -4539.03 -2.27414 31.3569 13.4786 -4559.18
(1,(2,3),((4,6),5)); -4545.28 -1.89135 27.1238 13.4752 -4560.82
(1,(2,(4,(5,6))),3); -4537.89 -2.01024 28.568 13.1073 -4555.36
(1,(2,3),(4,(5,6))); -4537.24 -1.62746 30.0158 13.4483 -4555.43
(1,(2,(4,(5,6))),3); -4536.08 -2.01024 30.786 13.4658 -4555.41
(1,(2,3),((4,6),5)); -4542.44 -1.89135 29.7651 13.3724 -4560.72
(1,(2,3),(4,(5,6))); -4541.01 -1.62746 26.3309 13.8289 -4555.14
(1,(2,3),(4,(5,6))); -4542.29 -1.62746 24.8686 13.4865 -4555.3
(1,2,(3,(4,(5,6)))); -4531.12 -1.51724 31.9312 13.4998 -4551.07
(1,2,(3,((4,6),5))); -4539.86 -1.78113 24.1967 13.8675 -4551.97
(1,(2,(4,(5,6))),3); -4536.68 -2.01024 30.758 13.5631 -4555.88
(1,2,(3,((4,6),5))); -4533.24 -1.78113 30.9398 13.679 -4552.28
(1,(2,3),(4,(5,6))); -4534.3 -1.62746 32.7058 13.4457 -4555.18
(1,(2,3),((4,6),5)); -4542.15 -1.89135 30.0634 13.2364 -4560.87
(1,(2,((4,6),5)),3); -4540.44 -2.27414 29.0376 13.1839 -4558.56
(1,(2,3),((4,6),5)); -4541.57 -1.89135 30.541 13.3837 -4560.61
(1,(2,3),(4,(5,6))); -4537.88 -1.62746 28.6031 13.2279 -4554.89
(1,2,(3,(4,(5,6)))); -4538.61 -1.51724 25.9637 14.2295 -4551.86
(1,(2,3),(4,(5,6))); -4535.75 -1.62746 30.7297 13.4187 -4554.68
(1,(2,3),(4,(5,6))); -4534.42 -1.62746 32.6363 13.5336 -4555.15
(1,(2,3),(4,(5,6))); -4536.41 -1.62746 30.5459 13.5304 -4555.05
(1,(2,(4,(5,6))),3); -4537.16 -2.01024 29.0001 12.8559 -4555.31
(1,(2,3),((4,6),5)); -4542.87 -1.89135 29.4104 13.2729 -4560.9
(1,(2,((4,6),5)),3); -4539.65 -2.27414 30.625 13.5135 -4559.03
(1,2,(3,((4,6),5))); -4532.57 -1.78113 30.7623 13.4249 -4551.69
(1,(2,3),((4,6),5)); -4543.84 -1.89135 28.1493 13.2239 -4560.66
(1,(2,(4,(5,6))),3); -4535.02 -2.01024 32.0553 13.3588 -4555.72
(1,(2,3),((4,6),5)); -4542.58 -1.89135 29.4476 13.0528 -4560.86
(1,2,(3,((4,6),5))); -4534.29 -1.78113 29.797 13.6103 -4552.26
(1,(2,3),((4,6),5)); -4541.4 -1.89135 31.3249 13.7153 -4560.9
(1,2,(3,((4,6),5))); -4534.47 -1.78113 29.3961 13.3016 -4552.35
(1,2,(3,(4,(5,6)))); -4532.56 -1.51724 30.694 13.3777 -4551.39
(1,2,(3,((4,6),5))); -4536.54 -1.78113 27.2269 13.3254 -4552.22
(1,(2,3),(4,(5,6))); -4537.03 -1.62746 30.3897 13.6556 -4555.39
(1,(2,((4,6),5)),3); -4538.68 -2.27414 30.9474 13.3292 -4558.57
(1,(2,((4,6),5)),3); -4539.69 -2.27414 30.1509 13.165 -4558.95
(1,(2,((4,6),5)),3); -4539.91 -2.27414 30.294 13.6475 -4558.83
(1,(2,3),(4,(5,6))); -4537.18 -1.62746 29.8768 13.6678 -4555.02
(1,(2,(4,(5,6))),3); -4537.23 -2.01024 30.3078 13.6607 -4555.89
(1,(2,((4,6),5)),3); -4540 -2.27414 30.0648 13.5308 -4558.81
(1,2,(3,((4,6),5))); -4532.83 -1.78113 31.0102 13.6909 -4551.93
(1,2,(3,(4,(5,6)))); -4536.47 -1.51724 27.7578 14.0323 -4551.71
(1,2,(3,(4,(5,6)))); -4536.92 -1.51724 26.1683 13.2581 -4551.35
(1,(2,((4,6),5)),3); -4540.3 -2.27414 29.306 13.5792 -4558.3
(1,(2,((4,6),5)),3); -4542.15 -2.27414 27.5919 12.9507 -4559.07
(1,(2,3),((4,6),5)); -4539.07 -1.89135 32.5316 13.2646 -4560.23
(1,2,(3,((4,6),5))); -4535 -1.78113 28.4099 13.3833 -4551.81
(1,2,(3,((4,5),6))); -4538.95 -4.71755 32.0704 13.4679 -4562.27
(1,(2,((4,6),5)),3); -4544.28 -2.27414 25.1503 13.3317 -4558.37
(1,2,(3,(4,(5,6)))); -4533.2 -1.51724 30.4824 13.6502 -4551.55
(1,2,(3,((4,6),5))); -4534.15 -1.78113 30.1657 13.835 -4552.26
(1,2,(3,(4,(5,6)))); -4532.61 -1.51724 31.7171 13.8439 -4552
(1,(2,(4,(5,6))),3); -4538.9 -2.01024 29.0324 13.7827 -4556.16
(1,(2,((4,6),5)),3); -4544.06 -2.27414 24.7707 12.8539 -4558.25
(1,(2,3),((4,6),5)); -4543.7 -1.89135 28.2995 13.5037 -4560.38
(1,(2,3),((4,6),5)); -4541.7 -1.89135 30.2839 13.2303 -4560.65
(1,(2,3),(4,(5,6))); -4536.79 -1.62746 30.4771 13.3767 -4555.52
(1,(2,((4,6),5)),3); -4539.52 -2.27414 30.3198 13.2655 -4558.85
(1,(2,3),(4,(5,6))); -4538.89 -1.62746 28.6636 13.6554 -4555.53
(1,(2,3),(4,(5,6))); -4538.47 -1.62746 28.4234 13.6922 -4554.83
(1,2,(3,(4,(5,6)))); -4536.45 -1.51724 26.4816 13.3916 -4551.06
(1,(2,3),((4,6),5)); -4541.36 -1.89135 31.1515 13.7642 -4560.64
(1,(2,3),((4,6),5)); -4540.63 -1.89135 31.1951 13.5268 -4560.19
(1,2,(3,(4,(5,6)))); -4533.92 -1.51724 29.344 13.5304 -4551.25
(1,2,(3,(4,(5,6)))); -4533.45 -1.51724 30.1954 13.5137 -4551.65
(1,2,(3,((4,6),5))); -4533.85 -1.78113 29.8776 13.4413 -4552.06
(1,(2,((4,6),5)),3); -4539.84 -2.27414 30.361 13.3973 -4559.07
(1,2,(3,(4,(5,6)))); -4534.26 -1.51724 29.1658 13.2592 -4551.68
(1,(2,3),(4,(5,6))); -4541.43 -1.62746 26.0722 13.6419 -4555.49
(1,(2,3),(4,(5,6))); -4543.13 -1.62746 23.0594 12.7545 -4555.06
(1,(2,3),(4,(5,6))); -4538.37 -1.62746 29.2118 13.8486 -4555.36
(1,(2,((4,6),5)),3); -4538.98 -2.27414 30.6713 13.4197 -4558.5
(1,2,(3,((4,6),5))); -4536.51 -1.78113 28.0311 14.0439 -4552.28
(1,2,(3,((4,6),5))); -4532.75 -1.78113 30.6391 13.4619 -4551.71
(1,(2,3),(4,(5,6))); -4537.39 -1.62746 29.487 13.396 -4555.11
(1,2,(3,((4,6),5))); -4533.4 -1.78113 29.9133 13.3671 -4551.73
(1,2,(3,((4,6),5))); -4533.37 -1.78113 30.8046 13.6378 -4552.32
(1,2,(3,(4,(5,6)))); -4532.91 -1.51724 31.002 13.9224 -4551.51
(1,2,(3,(4,(5,6)))); -4532.66 -1.51724 31.6433 13.9428 -4551.88
(1,2,(3,(4,(5,6)))); -4534.74 -1.51724 28.6909 13.5329 -4551.42
(1,2,(3,((4,6),5))); -4531.41 -1.78113 32.483 13.6841 -4551.99
(1,2,(3,(4,(5,6)))); -4534.46 -1.51724 29.3876 13.6238 -4551.74
(1,2,(3,((4,6),5))); -4535.69 -1.78113 28.1504 13.4696 -4552.15
(1,(2,3),(4,(5,6))); -4539.48 -1.62746 27.9187 13.7616 -4555.26
(1,2,(3,((4,6),5))); -4532.13 -1.78113 31.8162 13.6703 -4552.05
(1,(2,3),(4,(5,6))); -4536.06 -1.62746 31.2321 13.5855 -4555.33
(1,2,(3,((4,6),5))); -4533.85 -1.78113 29.206 13.374 -4551.46
(1,2,(3,((4,6),5))); -4534.13 -1.78113 29.3797 13.4611 -4551.83
(1,(2,3),((4,6),5)); -4543.92 -1.89135 27.6099 13.1486 -4560.28
(1,2,(3,(4,(5,6)))); -4532.47 -1.51724 31.0931 13.4555 -4551.63
(1,2,(3,(4,(5,6)))); -4531.59 -1.51724 32.1134 13.5137 -4551.71
(1,2,(3,(4,(5,6)))); -4531.8 -1.51724 31.8299 13.5563 -4551.59
(1,(2,3),((4,6),5)); -4541.49 -1.89135 30.6407 13.5963 -4560.42
(1,(2,((4,6),5)),3); -4539.01 -2.27414 30.7026 13.4751 -4558.51
(1,2,(3,((4,6),5))); -4533.29 -1.78113 30.6806 13.8474 -4551.91
(1,(2,3),((4,6),5)); -4543.21 -1.89135 28.1937 12.952 -4560.35
(1,2,(3,((4,6),5))); -4531.79 -1.78113 31.9489 13.4326 -4552.09
(1,2,(3,(4,(5,6)))); -4535.86 -1.51724 27.6619 13.4431 -4551.6
(1,(2,3),((4,6),5)); -4547.17 -1.89135 24.3003 13.1418 -4560.22
(1,(2,3),((4,6),5)); -4543.88 -1.89135 28.7539 13.2545 -4561.27
(1,2,(3,(4,(5,6)))); -4535.81 -1.51724 27.7693 13.5749 -4551.52
(1,2,(3,(4,(5,6)))); -4533.09 -1.51724 30.0824 13.4116 -4551.28
(1,(2,3),(4,(5,6))); -4539.82 -1.62746 28.1356 13.8532 -4555.73
(1,2,(3,(4,(5,6)))); -4532.01 -1.51724 31.7342 13.659 -4551.6
(1,2,(3,((4,6),5))); -4531.25 -1.78113 33.0104 13.7873 -4552.26
(1,2,(3,(4,(5,6)))); -4533.41 -1.51724 29.9584 13.4363 -4551.45
(1,2,(3,(4,(5,6)))); -4535.08 -1.51724 29.4687 13.9286 -4552.14
(1,(2,((4,6),5)),3); -4539.95 -2.27414 29.6809 13.2122 -4558.69
(1,(2,(4,(5,6))),3); -4538.67 -2.01024 29.2592 13.8894 -4556.05
(1,2,(3,(4,(5,6)))); -4532.54 -1.51724 30.7325 13.3891 -4551.4
(1,(2,3),(4,(5,6))); -4537.46 -1.62746 29.0532 13.0075 -4555.14
(1,2,(3,(4,(5,6)))); -4534.81 -1.51724 28.0103 13.11 -4551.23
(1,2,(3,((4,6),5))); -4535.43 -1.78113 28.9547 13.7414 -4552.42
(1,2,(3,(4,(5,6)))); -4533.71 -1.51724 29.3707 13.4307 -4551.17
(1,(2,((4,6),5)),3); -4541.47 -2.27414 27.7176 12.8221 -4558.64
(1,(2,(4,(5,6))),3); -4538.56 -2.01024 28.4921 13.4731 -4555.59
(1,(2,3),(4,(5,6))); -4539.81 -1.62746 27.1321 13.5691 -4555
(1,(2,3),((4,6),5)); -4540.92 -1.89135 31.5898 13.5743 -4560.82
(1,(2,(4,(5,6))),3); -4538.85 -2.01024 28.5374 13.6427 -4555.76
(1,2,(3,(4,(5,6)))); -4535.53 -1.51724 27.7799 13.3509 -4551.48
(1,2,(3,(4,(5,6)))); -4535.02 -1.51724 27.7812 13.0169 -4551.3
(1,(2,3),((4,6),5)); -4546.76 -1.89135 25.9077 13.365 -4561.19
(1,(2,3),(4,(5,6))); -4541.15 -1.62746 25.257 12.8796 -4555.16
(1,2,(3,((4,6),5))); -4533.15 -1.78113 30.264 13.4434 -4551.75
(1,2,(3,(4,(5,6)))); -4535.2 -1.51724 28.119 13.4113 -4551.42
(1,(2,3),((4,6),5)); -4541.17 -1.89135 30.7898 13.2618 -4560.59
(1,(2,((4,6),5)),3); -4542.95 -2.27414 27.4704 14.0317 -4558.66
(1,(2,3),(4,(5,6))); -4535.94 -1.62746 31.0317 13.4186 -4555.18
(1,2,(3,(4,(5,6)))); -4534.25 -1.51724 29.0274 13.3675 -4551.43
(1,2,(3,(4,(5,6)))); -4534.36 -1.51724 28.7139 13.2385 -4551.35
(1,(2,3),((4,6),5)); -4543.34 -1.89135 28.4744 13.2432 -4560.46
(1,(2,3),(4,(5,6))); -4535.96 -1.62746 31.1057 13.6074 -4555.08
(1,(2,((4,6),5)),3); -4543.27 -2.27414 27.1247 13.7216 -4558.95
(1,(2,((4,6),5)),3); -4539.13 -2.27414 30.9497 13.6381 -4558.71
(1,2,(3,((4,6),5))); -4533.84 -1.78113 30.1084 13.6152 -4552.12
(1,(2,3),((4,6),5)); -4547.34 -1.89135 25.3063 13.6168 -4560.92
(1,(2,3),(4,(5,6))); -4536.75 -1.62746 30.4931 13.5159 -4555.36
(1,2,(3,(4,(5,6)))); -4533.67 -1.51724 29.9014 13.8182 -4551.27
(1,(2,3),(4,(5,6))); -4537.15 -1.62746 30.3464 13.6172 -4555.5
(1,(2,3),(4,(5,6))); -4546.4 -1.62746 20.219 13.28 -4554.96
(1,2,(3,((4,6),5))); -4532.67 -1.78113 31.5249 13.845 -4552.13
(1,2,(3,(4,(5,6)))); -4533.34 -1.51724 30.33 13.9547 -4551.23
(1,(2,(4,(5,6))),3); -4536.47 -2.01024 30.9435 13.8734 -4555.55
(1,(2,3),(4,(5,6))); -4539.82 -1.62746 27.5457 13.4031 -4555.59
(1,(2,3),(4,(5,6))); -4534.18 -1.62746 32.9754 13.5342 -4555.25
(1,2,(3,(4,(5,6)))); -4535.73 -1.51724 27.8101 13.3354 -4551.73
(1,2,(3,((4,6),5))); -4532.3 -1.78113 31.2555 13.2558 -4552.08
(1,2,(3,(4,(5,6)))); -4533.33 -1.51724 30.2616 13.7114 -4551.4
(1,2,(3,(4,(5,6)))); -4531.23 -1.51724 32.5179 13.6323 -4551.64
(1,2,(3,(4,(5,6)))); -4536.7 -1.51724 26.1287 13.1075 -4551.24
(1,(2,((4,6),5)),3); -4540.25 -2.27414 30.178 13.8608 -4558.84
(1,(2,(4,(5,6))),3); -4537.67 -2.01024 29.5208 13.4227 -4555.78
(1,2,(3,((4,6),5))); -4532.19 -1.78113 31.154 13.5822 -4551.54
(1,(2,3),(4,(5,6))); -4542.27 -1.62746 25.0935 13.9443 -4555.05
(1,2,(3,(4,(5,6)))); -4534.72 -1.51724 29.2514 13.8437 -4551.64
(1,(2,3),((4,6),5)); -4546.79 -1.89135 24.5159 12.9478 -4560.25
(1,(2,3),(4,(5,6))); -4537.86 -1.62746 29.22 13.4662 -4555.24
(1,(2,((4,6),5)),3); -4542.36 -2.27414 27.3243 13.1787 -4558.78
(1,2,(3,(4,(5,6)))); -4531.42 -1.51724 31.7973 13.4676 -4551.26
(1,(2,3),((4,6),5)); -4546.55 -1.89135 25.2969 13.4712 -4560.27
(1,(2,3),(4,(5,6))); -4538.49 -1.62746 28.9642 13.4896 -4555.59
(1,(2,3),(4,(5,6))); -4536.37 -1.62746 31.0617 14.0066 -4555.05
(1,(2,3),((4,6),5)); -4545.35 -1.89135 26.812 13.4864 -4560.56
(1,2,(3,(4,(5,6)))); -4532.79 -1.51724 29.8812 13.0276 -4551.16
(1,2,(3,((4,6),5))); -4533.49 -1.78113 30.008 13.4023 -4551.88
(1,2,(3,(4,(5,6)))); -4535.2 -1.51724 28.3615 13.7846 -4551.29
(1,(2,3),(4,(5,6))); -4539.41 -1.62746 27.3765 13.4028 -4555.01
(1,2,(3,((4,6),5))); -4536.82 -1.78113 26.2504 13.08 -4551.77
(1,2,(3,((4,6),5))); -4534.16 -1.78113 29.448 13.4178 -4551.97
(1,2,(3,((4,6),5))); -4532.79 -1.78113 31.1234 13.7358 -4551.96
(1,(2,3),(4,(5,6))); -4537.36 -1.62746 29.2785 13.4652 -4554.8
(1,(2,((4,6),5)),3); -4544.6 -2.27414 26.0343 14.0808 -4558.83
(1,2,(3,(4,(5,6)))); -4531 -1.51724 32.4701 13.5167 -4551.47
(1,(2,3),(4,(5,6))); -4538.55 -1.62746 27.8254 13.1449 -4554.86
(1,(2,(4,(5,6))),3); -4536.58 -2.01024 30.1499 13.5187 -4555.22
(1,2,(3,(4,(5,6)))); -4533.13 -1.51724 30.0615 13.4257 -4551.28
(1,2,(3,(4,(5,6)))); -4533.02 -1.51724 30.4045 13.2054 -4551.73
(1,(2,3),(4,(5,6))); -4537.54 -1.62746 29.7037 13.4378 -4555.43
(1,2,(3,((4,6),5))); -4534.53 -1.78113 29.5126 13.7747 -4552.05
(1,2,(3,((4,6),5))); -4535.09 -1.78113 28.3358 13.1238 -4552.08
(1,(2,3),((4,6),5)); -4542.73 -1.89135 29.232 13.1432 -4560.71
(1,2,(3,((4,6),5))); -4537.46 -1.78113 26.3478 13.8738 -4551.71
(1,2,(3,(4,(5,6)))); -4532.93 -1.51724 30.8942 13.725 -4551.62
(1,(2,3),((4,5),6)); -4549 -4.82777 29.0293 13.3971 -4569.46
(1,(2,3),(4,(5,6))); -4536.52 -1.62746 30.1564 13.1938 -4555.11
(1,(2,3),(4,(5,6))); -4539.72 -1.62746 27.9113 14.127 -4555.13
(1,2,(3,((4,5),6))); -4538.62 -4.71755 30.4428 13.3383 -4560.44
(1,2,(3,(4,(5,6)))); -4535.57 -1.51724 27.0546 13.3093 -4550.84
(1,(2,3),((4,6),5)); -4543.14 -1.89135 29.2479 13.8608 -4560.42
(1,2,(3,((4,6),5))); -4531.63 -1.78113 32.0979 13.5759 -4551.94
(1,2,(3,((4,6),5))); -4534.89 -1.78113 29.4058 13.7277 -4552.35
(1,2,(3,((4,6),5))); -4532.78 -1.78113 30.7856 13.3814 -4551.96
(1,(2,3),((4,6),5)); -4544.05 -1.89135 28.1994 13.2353 -4560.91
(1,(2,3),(4,(5,6))); -4540.48 -1.62746 26.6539 13.7258 -4555.04
(1,(2,3),((4,6),5)); -4550.65 -1.89135 21.3552 13.0296 -4560.86
(1,2,(3,(4,(5,6)))); -4535.48 -1.51724 28.025 13.3056 -4551.71
(1,(2,(4,(5,6))),3); -4535.83 -2.01024 31.6536 13.4906 -4556.01
(1,(2,(4,(5,6))),3); -4537.83 -2.01024 29.722 13.4985 -4556.06
(1,(2,3),(4,(5,6))); -4537.32 -1.62746 30.2255 13.7392 -4555.43
(1,2,(3,(4,(5,6)))); -4536.32 -1.51724 27.3984 13.3239 -4551.91
(1,(2,((4,6),5)),3); -4539.94 -2.27414 29.274 12.9944 -4558.5
(1,(2,3),((4,6),5)); -4541.91 -1.89135 29.5394 13.2135 -4560.13
(1,2,(3,((4,6),5))); -4539.01 -1.78113 26.0188 14.3702 -4552.44
(1,(2,((4,6),5)),3); -4538.7 -2.27414 31.0554 13.4633 -4558.57
(1,2,(3,(4,(5,6)))); -4536.65 -1.51724 26.1727 13.1698 -4551.17
(1,2,(3,(4,(5,6)))); -4534.71 -1.51724 28.5576 13.3746 -4551.41
(1,(2,3),((4,6),5)); -4540.43 -1.89135 31.8936 13.499 -4560.72
(1,2,(3,(4,(5,6)))); -4539.36 -1.51724 24.1869 13.7569 -4551.31
(1,2,(3,((4,6),5))); -4532.92 -1.78113 30.7739 13.6378 -4551.83
(1,(2,3),(4,(5,6))); -4534.86 -1.62746 31.9894 13.5276 -4554.95
(1,(2,((4,6),5)),3); -4544.74 -2.27414 25.023 13.8745 -4558.16
(1,2,(3,(4,(5,6)))); -4531.44 -1.51724 32.3869 13.661 -4551.69
(1,(2,3),(4,(5,6))); -4536.87 -1.62746 30.1815 13.7866 -4554.89
(1,2,(3,((4,6),5))); -4534.75 -1.78113 28.7114 13.2016 -4552.04
(1,2,(3,((4,6),5))); -4532.92 -1.78113 31.1455 13.4358 -4552.41
(1,(2,(4,(5,6))),3); -4537.85 -2.01024 29.0783 13.4515 -4555.49
(1,(2,3),((4,6),5)); -4544.19 -1.89135 28.9423 13.7984 -4561.23
(1,2,(3,(4,(5,6)))); -4534.25 -1.51724 29.8902 14.0276 -4551.63
(1,2,(3,(4,(5,6)))); -4533.37 -1.51724 29.956 13.4727 -4551.37
(1,(2,3),(4,(5,6))); -4537.63 -1.62746 29.8428 13.9391 -4555.16
(1,(2,3),((4,6),5)); -4543.18 -1.89135 29.031 13.2596 -4560.84
(1,2,(3,(4,(5,6)))); -4535.36 -1.51724 28.3632 13.8676 -4551.37
(1,2,(3,(4,(5,6)))); -4534.35 -1.51724 28.736 13.2431 -4551.36
(1,(2,3),((4,6),5)); -4542.41 -1.89135 29.5972 13.5128 -4560.38
(1,2,(3,((4,6),5))); -4537.58 -1.78113 27.027 13.753 -4552.63
(1,2,(3,((4,6),5))); -4534.92 -1.78113 28.9256 13.5181 -4552.11
(1,(2,((4,6),5)),3); -4540.58 -2.27414 29.9473 13.5209 -4559.28
(1,2,(3,(4,(5,6)))); -4535.06 -1.51724 28.8077 13.6297 -4551.75
(1,2,(3,((4,6),5))); -4536.48 -1.78113 26.9756 13.3591 -4551.88
(1,(2,3),((4,6),5)); -4545.28 -1.89135 27.3783 13.9595 -4560.59
(1,2,(3,(4,(5,6)))); -4533.07 -1.51724 31.0247 13.7948 -4551.82
(1,(2,3),(4,(5,6))); -4541.47 -1.62746 26.3611 14.1033 -4555.35
(1,2,(3,((4,6),5))); -4532.55 -1.78113 30.8784 13.3043 -4551.9
(1,2,(3,((4,6),5))); -4533.85 -1.78113 30.0422 13.5042 -4552.17
(1,(2,3),(4,(5,6))); -4537.52 -1.62746 29.9686 13.8002 -4555.32
(1,(2,((4,6),5)),3); -4538.49 -2.27414 31.263 13.1132 -4558.92
(1,(2,((4,6),5)),3); -4542.87 -2.27414 27.8351 13.745 -4559.24
(1,2,(3,(4,(5,6)))); -4539.84 -1.51724 23.5831 13.2974 -4551.65
(1,(2,(4,(5,6))),3); -4537.1 -2.01024 30.244 13.7695 -4555.58
(1,(2,3),((4,6),5)); -4544.19 -1.89135 27.7262 13.6018 -4560.21
(1,(2,((4,6),5)),3); -4538.59 -2.27414 31.1105 13.2122 -4558.76
(1,2,(3,((4,6),5))); -4538.6 -1.78113 25.1431 13.5739 -4551.95
(1,(2,3),((4,6),5)); -4546.69 -1.89135 25.3435 13.5249 -4560.4
(1,(2,3),((4,6),5)); -4541.46 -1.89135 30.9302 13.6704 -4560.61
(1,(2,(4,(5,6))),3); -4538.31 -2.01024 28.7668 13.6498 -4555.44
(1,(2,((4,6),5)),3); -4540.45 -2.27414 28.8703 13.1311 -4558.46
(1,2,(3,(4,(5,6)))); -4532.78 -1.51724 30.2783 13.2622 -4551.31
(1,(2,3),((4,6),5)); -4543.73 -1.89135 29.0161 13.4947 -4561.14
(1,(2,((4,6),5)),3); -4539.37 -2.27414 29.8755 13.059 -4558.46
(1,(2,(4,(5,6))),3); -4538.72 -2.01024 28.8504 13.8302 -4555.75
(1,2,(3,(4,(5,6)))); -4531.79 -1.51724 31.9208 13.669 -4551.56
(1,(2,(4,(5,6))),3); -4535.53 -2.01024 32.2472 13.6512 -4556.14
(1,(2,3),(4,(5,6))); -4544.07 -1.62746 23.9456 14.0942 -4555.55
(1,(2,3),(4,(5,6))); -4535.92 -1.62746 30.7848 13.4124 -4554.92
(1,(2,3),((4,6),5)); -4545.25 -1.89135 26.1816 12.9137 -4560.4
(1,(2,3),((4,6),5)); -4544.03 -1.89135 28.2506 13.5545 -4560.62
(1,(2,3),((4,6),5)); -4550.31 -1.89135 21.8939 13.4795 -4560.61
(1,(2,((4,6),5)),3); -4543.42 -2.27414 26.3912 13.3959 -4558.69
(1,2,(3,(4,(5,6)))); -4535.55 -1.51724 29.1637 14.2819 -4551.95
(1,(2,3),(4,(5,6))); -4537.63 -1.62746 28.4429 12.9543 -4554.74
(1,(2,(4,(5,6))),3); -4540.98 -2.01024 25.5952 13.0769 -4555.5
(1,(2,(4,(5,6))),3); -4537.87 -2.01024 28.9031 13.1873 -4555.59
(1,2,(3,(4,(5,6)))); -4532.86 -1.51724 29.6948 13.2164 -4550.85
(1,(2,3),((4,6),5)); -4541.15 -1.89135 30.6614 13.3672 -4560.33
(1,2,(3,(4,(5,6)))); -4533.77 -1.51724 29.8607 13.3347 -4551.81
(1,(2,((4,6),5)),3); -4540.2 -2.27414 29.4257 13.5437 -4558.36
(1,2,(3,(4,(5,6)))); -4532.85 -1.51724 31.0523 13.8769 -4551.55
(1,(2,3),(4,(5,6))); -4535.56 -1.62746 30.9978 13.2416 -4554.94
(1,2,(3,(4,(5,6)))); -4532.24 -1.51724 31.1607 13.5586 -4551.36
(1,(2,(4,(5,6))),3); -4536.9 -2.01024 30.4865 13.5632 -4555.83
(1,2,(3,((4,6),5))); -4532.75 -1.78113 31.0448 13.3798 -4552.19
(1,2,(3,(4,(5,6)))); -4531.58 -1.51724 32.048 13.6888 -4551.46
(1,2,(3,(4,(5,6)))); -4533.68 -1.51724 29.9888 13.3986 -4551.78
(1,(2,((4,6),5)),3); -4538.17 -2.27414 31.2364 13.1776 -4558.51
(1,2,(3,(4,(5,6)))); -4532.76 -1.51724 30.9104 13.3868 -4551.8
(1,(2,(4,(5,6))),3); -4535.27 -2.01024 31.702 13.5819 -4555.4
(1,(2,3),(4,(5,6))); -4537.68 -1.62746 30.1978 13.8874 -4555.62
(1,(2,(4,(5,6))),3); -4544.12 -2.01024 23.5942 13.4454 -4556.28
(1,(2,3),((4,6),5)); -4545.8 -1.89135 27.2839 13.9573 -4561.01
(1,(2,3),((4,6),5)); -4540.95 -1.89135 31.2001 13.5153 -4560.53
(1,2,(3,((4,6),5))); -4532.77 -1.78113 30.523 13.4223 -4551.65
(1,2,(3,((4,6),5))); -4536.27 -1.78113 27.4312 13.7015 -4551.79
(1,2,(3,((4,6),5))); -4535.27 -1.78113 28.731 13.5252 -4552.26
(1,(2,3),((4,6),5)); -4545.6 -1.89135 26.7073 13.8046 -4560.39
(1,2,(3,((4,6),5))); -4534.66 -1.78113 28.587 13.3582 -4551.67
(1,(2,(4,(5,6))),3); -4540.8 -2.01024 26.1298 13.3073 -4555.63
(1,((2,5),(4,6)),3); -4581.18 -6.37713 31.7612 13.3827 -4605.93
(1,(2,3),((4,6),5)); -4545.77 -1.89135 24.9884 12.8742 -4559.78
(1,(2,((4,6),5)),3); -4539.88 -2.27414 30.1537 13.3665 -4558.94
(1,(2,(4,(5,6))),3); -4546.35 -2.01024 20.296 13.0592 -4555.6
(1,2,(3,(4,(5,6)))); -4533.9 -1.51724 30.2378 13.6844 -4551.97
(1,(2,(4,(5,6))),3); -4536.76 -2.01024 30.7408 13.7318 -4555.77
(1,(2,3),(4,(5,6))); -4537.43 -1.62746 29.7071 13.4934 -4555.27
(1,(2,3),(4,(5,6))); -4537.2 -1.62746 29.2411 13.1623 -4554.9
(1,2,(3,((4,6),5))); -4535.67 -1.78113 28.4922 13.5399 -4552.4
(1,2,(3,(4,(5,6)))); -4535.26 -1.51724 29.0608 13.9488 -4551.89
(1,2,(3,(4,(5,6)))); -4533.71 -1.51724 29.4876 13.2202 -4551.49
(1,2,(3,((4,6),5))); -4532.61 -1.78113 31.2825 13.6925 -4551.98
(1,(2,(4,(5,6))),3); -4537.46 -2.01024 29.7705 13.3141 -4555.93
(1,(2,3),((4,6),5)); -4542.97 -1.89135 28.4722 13.4462 -4559.88
(1,(2,3),(4,(5,6))); -4535.4 -1.62746 31.3961 13.3888 -4555.04
(1,(2,((4,6),5)),3); -4539.21 -2.27414 31.0203 13.3743 -4559.13
(1,2,(3,(4,(5,6)))); -4534.13 -1.51724 29.2444 13.4538 -4551.44
(1,(2,3),((4,5),6)); -4547.38 -4.82777 29.3238 13.4492 -4568.08
(1,2,(3,(4,(5,6)))); -4532.74 -1.51724 30.9493 13.5287 -4551.68
(1,(2,(4,(5,6))),3); -4536.93 -2.01024 29.8834 13.3887 -4555.44
(1,2,(3,(4,(5,6)))); -4536.52 -1.51724 27.6481 13.9297 -4551.76
(1,(2,3),((4,6),5)); -4542.36 -1.89135 30.1468 13.5702 -4560.83
(1,(2,((4,5),6)),3); -4549.72 -5.21056 32.2751 13.1663 -4574.04
(1,(2,3),((4,6),5)); -4544.57 -1.89135 27.8766 13.8138 -4560.52
(1,(2,(4,(5,6))),3); -4535.9 -2.01024 31.5136 13.6167 -4555.81
(1,2,(3,((4,6),5))); -4535.34 -1.78113 27.689 12.9278 -4551.88
(1,2,(3,(4,(5,6)))); -4532.4 -1.51724 31.3021 13.7556 -4551.46
(1,(2,3),((4,6),5)); -4541.16 -1.89135 30.9759 13.3747 -4560.66
(1,(2,3),((4,6),5)); -4539.93 -1.89135 31.9851 13.1908 -4560.61
(1,2,(3,(4,(5,6)))); -4537.67 -1.51724 25.9986 13.5857 -4551.6
(1,2,(3,(4,(5,6)))); -4534.4 -1.51724 28.6535 13.3901 -4551.18
(1,2,(3,(4,(5,6)))); -4532.85 -1.51724 31.115 13.5299 -4551.95
(1,(2,(4,(5,6))),3); -4536.71 -2.01024 30.8626 13.6758 -4555.91
(1,(2,3),(4,(5,6))); -4539.42 -1.62746 27.7354 13.7938 -4554.99
(1,2,(3,(4,(5,6)))); -4531.25 -1.51724 32.2264 13.5594 -4551.43
(1,2,(3,(4,(5,6)))); -4532.85 -1.51724 31.2947 13.9274 -4551.74
(1,2,(3,(4,(5,6)))); -4534.52 -1.51724 29.128 13.2567 -4551.91
(1,(2,3),((4,6),5)); -4544.49 -1.89135 28.1132 13.3964 -4561.1
(1,(2,3),((4,6),5)); -4542.94 -1.89135 28.828 13.0587 -4560.6
(1,(2,(4,(5,6))),3); -4536.28 -2.01024 31.1763 13.6379 -4555.83
(1,2,(3,((4,6),5))); -4534.42 -1.78113 29.5219 13.5502 -4552.17
(1,(2,(4,(5,6))),3); -4540.94 -2.01024 26.9493 14.1707 -4555.72
(1,2,(3,((4,6),5))); -4533.4 -1.78113 30.5801 13.612 -4552.15
(1,2,(3,(4,(5,6)))); -4531.88 -1.51724 32.0131 13.7694 -4551.64
(1,(2,(4,(5,6))),3); -4540.38 -2.01024 26.775 13.635 -4555.53
(1,2,(3,((4,6),5))); -4534.92 -1.78113 28.4199 13.3245 -4551.79
(1,2,(3,(4,(5,6)))); -4535.92 -1.51724 26.9217 13.162 -4551.19
(1,(2,3),(4,(5,6))); -4536.04 -1.62746 31.2646 13.8136 -4555.12
(1,2,(3,((4,6),5))); -4533.7 -1.78113 30.468 13.8655 -4552.09
(1,(2,3),((4,6),5)); -4543.89 -1.89135 28.1716 13.3428 -4560.61
(1,2,(3,(4,(5,6)))); -4534.09 -1.51724 29.4745 13.3806 -4551.7
(1,(2,3),((4,6),5)); -4544.91 -1.89135 27.2552 13.046 -4561.01
(1,2,(3,(4,(5,6)))); -4533.99 -1.51724 30.0123 13.7801 -4551.74
(1,(2,((4,6),5)),3); -4540.73 -2.27414 28.4404 12.9696 -4558.47
(1,(2,3),((4,6),5)); -4541.51 -1.89135 30.9979 13.574 -4560.83
(1,(2,((4,6),5)),3); -4540.74 -2.27414 28.7688 13.2061 -4558.58
(1,2,(3,((4,6),5))); -4534.27 -1.78113 29.21 13.3518 -4551.91
(1,2,(3,(4,(5,6)))); -4534.06 -1.51724 29.6826 13.7538 -4551.51
(1,(2,3),((4,6),5)); -4543.71 -1.89135 28.4566 13.2605 -4560.8
(1,(2,3),(4,(5,6))); -4536.73 -1.62746 30.6605 13.6792 -4555.34
(1,(2,3),(4,(5,6))); -4535.93 -1.62746 31.093 13.3828 -4555.26
(1,2,(3,(4,(5,6)))); -4533.76 -1.51724 30.5839 13.8555 -4552.01
(1,(2,(4,(5,6))),3); -4537.12 -2.01024 29.3727 13.1132 -4555.39
(1,2,(3,((4,6),5))); -4539.14 -1.78113 24.8503 13.9031 -4551.87
(1,(2,3),(4,(5,6))); -4535.44 -1.62746 31.9568 13.8228 -4555.2
(1,2,(3,(4,(5,6)))); -4538.02 -1.51724 24.1379 12.6547 -4551.02
(1,(2,3),((4,6),5)); -4548.36 -1.89135 23.8192 13.5776 -4560.49
(1,(2,((4,6),5)),3); -4540.45 -2.27414 29.4098 13.6471 -4558.49
(1,(2,(4,(5,6))),3); -4538.75 -2.01024 28.5991 13.7862 -4555.58
(1,2,(3,(4,(5,6)))); -4535.96 -1.51724 27.4147 13.7728 -4551.12
(1,(2,(4,(5,6))),3); -4535.59 -2.01024 31.433 13.4564 -4555.57
(1,2,(3,(4,(5,6)))); -4537.62 -1.51724 25.8807 13.9811 -4551.04
(1,(2,((4,6),5)),3); -4542.94 -2.27414 27.3354 13.8754 -4558.67
(1,2,(3,((4,6),5))); -4534.94 -1.78113 28.9517 13.2851 -4552.38
(1,(2,3),(4,(5,6))); -4537.3 -1.62746 29.9908 13.7028 -4555.21
(1,(2,(4,(5,6))),3); -4534.46 -2.01024 32.9206 13.6798 -4555.71
(1,2,(3,(4,(5,6)))); -4535.99 -1.51724 28.1596 13.8182 -4551.85
(1,(2,(4,(5,6))),3); -4537.3 -2.01024 30.278 13.7672 -4555.82
(1,(2,(4,(5,6))),3); -4535.91 -2.01024 31.3463 13.6781 -4555.59
(1,(2,((4,6),5)),3); -4542.57 -2.27414 28.239 14.0571 -4559.03
(1,(2,3),(4,(5,6))); -4536.08 -1.62746 30.6163 13.2216 -4555.1
(1,(2,3),(4,(5,6))); -4537.01 -1.62746 30.634 13.9247 -4555.34
(1,(2,3),((4,6),5)); -4543.87 -1.89135 28.7887 13.7026 -4560.85
(1,(2,3),(4,(5,6))); -4537.75 -1.62746 29.3827 13.6963 -4555.06
(1,(2,((4,5),6)),3); -4547.7 -5.21056 30.1795 13.1197 -4569.97
(1,2,(3,((4,6),5))); -4532.21 -1.78113 31.1533 13.265 -4551.88
(1,(2,3),((4,6),5)); -4542.01 -1.89135 30.7564 13.8871 -4560.77
(1,(2,3),(4,(5,6))); -4538.21 -1.62746 29.3355 13.6095 -4555.57
(1,2,(3,(4,(5,6)))); -4541.66 -1.51724 20.1963 12.7364 -4550.64
(1,2,(3,(4,(5,6)))); -4536.24 -1.51724 27.0641 13.6062 -4551.21
(1,(2,3),(4,(5,6))); -4537.85 -1.62746 29.3262 13.6377 -4555.17
(1,2,(3,(4,(5,6)))); -4534.12 -1.51724 29.0609 13.4505 -4551.24
(1,2,(3,(4,(5,6)))); -4532.45 -1.51724 31.1389 13.6501 -4551.46
(1,(2,(4,(5,6))),3); -4540.8 -2.01024 27.1533 13.9972 -4555.97
(1,2,(3,(4,(5,6)))); -4534.02 -1.51724 30.1379 14.0132 -4551.66
(1,(2,(4,(5,6))),3); -4535.5 -2.01024 31.7552 13.5779 -4555.69
(1,2,(3,((4,6),5))); -4541.39 -1.78113 22.3771 13.6588 -4551.89
(1,2,(3,((4,6),5))); -4534.03 -1.78113 29.3071 13.4868 -4551.63
(1,(2,3),(4,(5,6))); -4534.78 -1.62746 32.0778 13.5566 -4554.93
(1,(2,(4,(5,6))),3); -4536.98 -2.01024 30.5924 13.6611 -4555.92
(1,2,(3,(4,(5,6)))); -4535.84 -1.51724 27.8425 13.4032 -4551.79
(1,(2,3),(4,(5,6))); -4538.74 -1.62746 27.7971 13.4055 -4554.75
(1,(2,(4,(5,6))),3); -4535.61 -2.01024 31.6722 13.64 -4555.65
(1,2,(3,(4,(5,6)))); -4533.54 -1.51724 30.0652 13.4715 -4551.66
(1,(2,((4,6),5)),3); -4540.14 -2.27414 29.8774 13.3147 -4558.98
(1,(2,3),(4,(5,6))); -4539.24 -1.62746 28.2529 14.2026 -4554.92
(1,(2,3),(4,(5,6))); -4538.25 -1.62746 28.5033 13.4232 -4554.96
(1,(2,((4,6),5)),3); -4542.32 -2.27414 27.6685 13.7965 -4558.46
(1,(2,(4,(5,6))),3); -4538.01 -2.01024 28.8131 13.6674 -4555.17
(1,(2,3),((4,5),6)); -4549.52 -4.82777 27.7757 13.4481 -4568.68
(1,(2,3),((4,6),5)); -4544.04 -1.89135 28.205 13.3639 -4560.77
(1,2,(3,((4,6),5))); -4534.47 -1.78113 29.7666 13.9094 -4552.11
(1,(2,(4,(5,6))),3); -4538.31 -2.01024 28.9278 13.8205 -4555.43
(1,(2,3),(4,(5,6))); -4535.53 -1.62746 31.8113 13.6228 -4555.35
(1,(2,3),(4,(5,6))); -4537.2 -1.62746 30.2619 13.6333 -4555.45
(1,2,(3,(4,(5,6)))); -4532.55 -1.51724 30.459 13.5014 -4551.02
(1,2,(3,(4,(5,6)))); -4533.15 -1.51724 30.5417 13.5169 -4551.69
(1,(2,((4,6),5)),3); -4544.62 -2.27414 25.8209 13.5739 -4559.14
(1,2,(3,(4,(5,6)))); -4531.63 -1.51724 31.4533 13.538 -4551.06
(1,(2,3),(4,(5,6))); -4539.09 -1.62746 27.702 13.1318 -4555.29
(1,2,(3,(4,(5,6)))); -4533.73 -1.51724 29.4761 13.1149 -4551.61
(1,2,(3,(4,(5,6)))); -4536.44 -1.51724 27.6021 13.445 -4552.11
(1,(2,((4,6),5)),3); -4540.42 -2.27414 30.3626 13.9107 -4559.14
(1,(2,3),((4,6),5)); -4547.77 -1.89135 24.2612 13.7558 -4560.17
(1,2,(3,(4,(5,6)))); -4538.04 -1.51724 26.1841 13.7126 -4552.03
(1,2,(3,((4,6),5))); -4537.11 -1.78113 26.9358 13.5508 -4552.28
(1,(2,3),(4,(5,6))); -4537.02 -1.62746 30.4379 13.7896 -4555.3
(1,2,(3,(4,(5,6)))); -4535.7 -1.51724 27.9394 13.573 -4551.58
(1,(2,3),(4,(5,6))); -4536.12 -1.62746 31.5027 13.8502 -4555.4
(1,(2,((4,5),6)),3); -4546.09 -5.21056 37.03 13.1414 -4575.19
(1,(2,(4,(5,6))),3); -4537.3 -2.01024 29.4262 13.2471 -4555.49
(1,(2,3),(4,(5,6))); -4535.92 -1.62746 30.9854 13.4683 -4555.06
(1,2,(3,(4,(5,6)))); -4536.2 -1.51724 27.7699 13.6673 -4551.82
(1,2,(3,(4,(5,6)))); -4532.7 -1.51724 31.1733 13.5844 -4551.8
(1,(2,3),(4,(5,6))); -4540.31 -1.62746 26.7538 13.3394 -4555.35
(1,2,(3,((4,6),5))); -4531.89 -1.78113 31.3334 13.3298 -4551.68
(1,(2,3),((4,6),5)); -4540.54 -1.89135 31.9435 13.512 -4560.86
(1,(2,3),(4,(5,6))); -4538.23 -1.62746 28.4441 13.4737 -4554.83
(1,2,(3,(4,(5,6)))); -4535.34 -1.51724 28.8185 13.7264 -4551.95
(1,(2,3),((4,6),5)); -4542.17 -1.89135 29.3437 13.3061 -4560.1
(1,(2,3),(4,(5,6))); -4535.81 -1.62746 31.4155 13.8405 -4555.02
(1,(2,(4,(5,6))),3); -4537.27 -2.01024 29.7047 13.4991 -4555.48
(1,2,(3,((4,6),5))); -4535.82 -1.78113 28.3952 13.7181 -4552.28
(1,(2,3),(4,(5,6))); -4536.7 -1.62746 30.0168 13.2809 -4555.06
(1,(2,(4,(5,6))),3); -4540.65 -2.01024 27.098 13.9974 -4555.77
(1,2,(3,(4,(5,6)))); -4532.07 -1.51724 31.6509 13.6112 -4551.63
(1,2,(3,(4,(5,6)))); -4533.65 -1.51724 30.1533 13.6766 -4551.64
(1,2,(3,(4,(5,6)))); -4534.19 -1.51724 29.8277 13.9396 -4551.59
(1,(2,3),((4,6),5)); -4546.54 -1.89135 25.4257 13.4668 -4560.39
(1,(2,(4,(5,6))),3); -4538.39 -2.01024 28.5631 13.219 -4555.75
(1,2,(3,(4,(5,6)))); -4532.81 -1.51724 30.6993 13.4518 -4551.58
(1,(2,3),((4,6),5)); -4540.95 -1.89135 31.847 13.671 -4561.02
(1,(2,((4,6),5)),3); -4541.91 -2.27414 28.3547 13.5196 -4559.02
(1,(2,3),((4,6),5)); -4540.54 -1.89135 31.9444 13.4899 -4560.88
(1,(2,(4,(5,6))),3); -4542.5 -2.01024 25.6145 13.9333 -4556.19
(1,2,(3,(4,(5,6)))); -4533.99 -1.51724 29.9193 13.7576 -4551.67
(1,(2,3),((4,6),5)); -4545.22 -1.89135 26.5203 13.0209 -4560.61
(1,(2,3),((4,6),5)); -4544.28 -1.89135 27.528 13.5371 -4560.16
(1,(2,3),(4,(5,6))); -4535.09 -1.62746 31.5564 13.2199 -4555.05
(1,(2,(4,(5,6))),3); -4541.72 -2.01024 24.4668 13.0525 -4555.15
(1,2,(3,((4,6),5))); -4538.4 -1.78113 24.5489 12.948 -4551.78
(1,2,(3,(4,(5,6)))); -4533.49 -1.51724 29.3378 13.3243 -4551.02
(1,2,(3,((4,6),5))); -4533.43 -1.78113 30.2931 13.4698 -4552.04
(1,(2,3),(4,(5,6))); -4539.04 -1.62746 27.532 13.1841 -4555.01
(1,2,(3,((4,6),5))); -4538.02 -1.78113 25.3692 13.1636 -4552.01
(1,2,(3,((4,6),5))); -4532.6 -1.78113 31.1484 13.7701 -4551.76
(1,(2,(4,(5,6))),3); -4539.16 -2.01024 28.7149 13.6273 -4556.26
(1,2,(3,(4,(5,6)))); -4535.96 -1.51724 27.9213 13.7879 -4551.61
(1,(2,3),((4,5),6)); -4551.06 -4.82777 27.2208 13.1273 -4569.98
(1,(2,3),((4,6),5)); -4541.71 -1.89135 29.5192 13.0298 -4560.1
(1,(2,3),((4,6),5)); -4543.97 -1.89135 27.6345 12.7104 -4560.79
(1,(2,3),(4,(5,6))); -4541.67 -1.62746 26.0418 13.8103 -4555.53
(1,2,(3,(4,(5,6)))); -4535.85 -1.51724 27.8609 13.4226 -4551.8
(1,2,(3,(4,(5,6)))); -4535.82 -1.51724 27.8067 13.3314 -4551.81
(1,(2,3),(4,(5,6))); -4537.58 -1.62746 30.0033 13.9614 -4555.25
(1,(2,((4,6),5)),3); -4541.41 -2.27414 28.6843 13.4766 -4558.89
(1,2,(3,(4,(5,6)))); -4534.59 -1.51724 28.2456 13.0054 -4551.35
(1,(2,3),(4,(5,6))); -4535.94 -1.62746 31.418 13.8128 -4555.17
(1,(2,((4,6),5)),3); -4539.78 -2.27414 30.2364 13.2792 -4559.02
(1,(2,3),(4,(5,6))); -4538.92 -1.62746 28.9646 14.0022 -4555.51
(1,(2,(4,(5,6))),3); -4538.24 -2.01024 29.0349 13.3979 -4555.89
(1,2,(3,(4,(5,6)))); -4539.18 -1.51724 24.5419 13.3497 -4551.89
(1,(2,3),(4,(5,6))); -4536.07 -1.62746 30.2413 13.175 -4554.76
(1,(2,3),((4,6),5)); -4541.84 -1.89135 30.3906 13.5088 -4560.61
(1,(2,(4,(5,6))),3); -4543.04 -2.01024 24.0919 13.2156 -4555.93
(1,(2,(4,(5,6))),3); -4536.86 -2.01024 31.0381 13.7325 -4556.17
(1,2,(3,(4,(5,6)))); -4534.98 -1.51724 28.0163 13.2857 -4551.23
(1,2,(3,(4,(5,6)))); -4532.49 -1.51724 30.8517 13.624 -4551.23
(1,(2,3),(4,(5,6))); -4535.7 -1.62746 31.1711 13.7346 -4554.76
(1,2,(3,((4,6),5))); -4533.59 -1.78113 30.404 13.7103 -4552.07
(1,2,(3,((4,6),5))); -4537.3 -1.78113 26.208 13.7335 -4551.56
(1,2,(3,(4,(5,6)))); -4532.67 -1.51724 31.3234 13.7183 -4551.79
(1,2,(3,((4,6),5))); -4536.36 -1.78113 27.1212 13.2502 -4552.01
(1,2,(3,(4,(5,6)))); -4536.19 -1.51724 27.4877 13.2818 -4551.91
(1,(2,3),((4,6),5)); -4541.44 -1.89135 31.0923 13.5905 -4560.83
(1,2,(3,(4,(5,6)))); -4533.14 -1.51724 29.8917 13.096 -4551.45
(1,(2,3),((4,6),5)); -4541.23 -1.89135 31.269 13.4484 -4560.95
(1,(2,3),(4,(5,6))); -4538.53 -1.62746 28.3186 13.4782 -4555
(1,(2,(4,(5,6))),3); -4534.84 -2.01024 32.1614 13.3858 -4555.63
(1,(2,3),(4,(5,6))); -4537.47 -1.62746 29.7902 13.2922 -4555.6
(1,2,(3,((4,6),5))); -4536.16 -1.78113 27.112 13.5474 -4551.5
(1,2,(3,((4,6),5))); -4531.66 -1.78113 32.5701 13.6854 -4552.32
(1,(2,((4,6),5)),3); -4537.94 -2.27414 31.8956 13.2917 -4558.82
(1,(2,3),(4,(5,6))); -4537.73 -1.62746 29.6194 13.7486 -4555.23
(1,(2,3),(4,(5,6))); -4534.87 -1.62746 32.1988 13.5904 -4555.1
(1,(2,(4,(5,6))),3); -4538.54 -2.01024 28.0056 13.2827 -4555.27
(1,2,(3,(4,(5,6)))); -4531.64 -1.51724 31.2971 13.3471 -4551.11
(1,2,(3,((4,6),5))); -4531.52 -1.78113 32.5319 13.5475 -4552.28
(1,2,(3,(4,(5,6)))); -4533.16 -1.51724 30.3856 13.6397 -4551.42
(1,(2,3),((4,6),5)); -4546.21 -1.89135 25.2746 13.4556 -4559.92
(1,2,(3,((4,6),5))); -4537.11 -1.78113 27.0917 13.687 -4552.29
(1,(2,(4,(5,6))),3); -4538.56 -2.01024 28.9421 13.794 -4555.72
(1,2,(3,((4,6),5))); -4535.48 -1.78113 27.4922 13.3197 -4551.43
(1,(2,3),((4,6),5)); -4549.45 -1.89135 23.6877 14.0251 -4561
(1,(2,3),(4,(5,6))); -4536.24 -1.62746 30.4918 13.2845 -4555.08
(1,(2,(4,(5,6))),3); -4535.89 -2.01024 30.7799 13.2428 -4555.44
(1,2,(3,((4,6),5))); -4534.95 -1.78113 28.0817 13.3717 -4551.44
(1,(2,((4,6),5)),3); -4538.59 -2.27414 31.2281 13.4923 -4558.6
(1,2,(3,((4,6),5))); -4536.26 -1.78113 26.9998 13.303 -4551.74
(1,(2,3),((4,6),5)); -4540.28 -1.89135 31.8108 13.6109 -4560.37
(1,(2,(4,(5,6))),3); -4535.99 -2.01024 31.2511 13.3368 -4555.91
(1,(2,3),((4,6),5)); -4543.18 -1.89135 29.5505 13.6909 -4560.93
