tree logl logTop logProp logPrior logWt
(1,(2,3),(4,(5,6))); -4536.11 -1.62746 31.3065 13.6735 -4555.37
(1,(2,3),(4,(5,6))); -4537.2 -1.62746 29.313 13.4967 -4554.64
(1,2,(3,((4,6),5))); -4531.86 -1.78113 31.8592 13.6185 -4551.89
(1,(2,3),(4,(5,6))); -4538.02 -1.62746 28.2924 13.1714 -4554.77
(1,(2,3),(4,(5,6))); -4537.14 -1.62746 30.1368 13.78 -4555.12
(1,2,(3,((4,5),6))); -4538.59 -4.71755 32.2538 13.8092 -4561.75
(1,2,(3,(4,(5,6)))); -4537.08 -1.51724 26.3687 13.0902 -4551.88
(1,(2,(4,(5,6))),3); -4535.53 -2.01024 31.6842 13.4122 -4555.81
(1,(2,3),(4,(5,6))); -4539.88 -1.62746 27.7024 14.1276 -4555.08
(1,(2,(4,(5,6))),3); -4543.04 -2.01024 24.715 14.1414 -4555.62
(1,(2,((4,6),5)),3); -4539.86 -2.27414 30.4832 13.4752 -4559.15
(1,(2,(4,(5,6))),3); -4536.64 -2.01024 30.4179 13.5958 -4555.48
(1,(2,3),((4,6),5)); -4542.14 -1.89135 29.0733 13.2837 -4559.82
(1,(2,3),(4,(5,6))); -4535.18 -1.62746 31.7441 13.574 -4554.98
(1,(2,(4,(5,6))),3); -4537.71 -2.01024 29.4044 13.5229 -4555.6
(1,(2,3),(4,(5,6))); -4537.78 -1.62746 28.5055 12.8608 -4555.05
(1,(2,3),(4,(5,6))); -4539.42 -1.62746 26.9999 13.1862 -4554.86
(1,2,(3,(4,(5,6)))); -4537.85 -1.51724 25.2262 13.39 -4551.2
(1,2,(3,((4,6),5))); -4531.26 -1.78113 32.4921 13.6664 -4551.87
(1,(2,3),(4,(5,6))); -4536.02 -1.62746 31.0311 13.6116 -4555.06
(1,2,(3,(4,(5,6)))); -4532.04 -1.51724 32.0408 13.6636 -4551.94
(1,(2,3),(4,(5,6))); -4536.89 -1.62746 30.6665 13.9655 -4555.22
(1,2,(3,((4,6),5))); -4537.27 -1.78113 26.9417 13.8333 -4552.16
(1,(2,3),(4,(5,6))); -4537.74 -1.62746 28.8843 13.1158 -4555.13
(1,(2,(4,(5,6))),3); -4536.86 -2.01024 30.0309 13.3372 -4555.56
(1,2,(3,(4,(5,6)))); -4538.37 -1.51724 25.1344 13.4333 -4551.59
(1,(2,((4,6),5)),3); -4540.76 -2.27414 29.5986 13.462 -4559.17
(1,(2,((4,6),5)),3); -4538.47 -2.27414 31.5696 13.3652 -4558.95
(1,2,(3,(4,(5,6)))); -4537.84 -1.51724 26.2303 14.1122 -4551.48
(1,(2,3),((4,6),5)); -4541.92 -1.89135 29.1067 12.9727 -4559.94
(1,2,(3,(4,(5,6)))); -4533.44 -1.51724 30.3878 13.4539 -4551.89
(1,(2,(4,(5,6))),3); -4535.61 -2.01024 31.5488 13.4879 -4555.68
(1,(2,3),((4,6),5)); -4543.71 -1.89135 28.3525 13.632 -4560.32
(1,(2,(4,(5,6))),3); -4534.96 -2.01024 32.4302 13.6297 -4555.77
(1,(2,3),(4,(5,6))); -4539.28 -1.62746 27.4872 13.5626 -4554.84
(1,(2,3),((4,6),5)); -4541.09 -1.89135 31.3957 13.6409 -4560.74
(1,2,(3,(4,(5,6)))); -4531.55 -1.51724 31.5295 13.4444 -4551.16
(1,(2,3),((4,6),5)); -4542.49 -1.89135 29.8723 13.3904 -4560.87
(1,2,(3,((4,5),6))); -4540.24 -4.71755 30.619 13.7527 -4561.82
(1,(2,(4,(5,6))),3); -4540.24 -2.01024 27.3568 14.1728 -4555.43
(1,(2,((4,6),5)),3); -4544.34 -2.27414 25.1506 13.4541 -4558.31
(1,2,(3,(4,(5,6)))); -4536.73 -1.51724 26.879 13.7998 -4551.33
(1,(2,3),(4,(5,6))); -4538.48 -1.62746 29.2724 14.0113 -4555.37
(1,(2,3),((4,6),5)); -4544.82 -1.89135 26.9873 13.1883 -4560.51
(1,(2,3),(4,(5,6))); -4540.91 -1.62746 25.5479 13.3476 -4554.74
(1,(2,(4,(5,6))),3); -4540.3 -2.01024 27.1291 13.7378 -4555.71
(1,(2,3),((4,6),5)); -4541.04 -1.89135 31.4595 13.6882 -4560.71
(1,2,(3,((4,6),5))); -4534.87 -1.78113 29.7148 14.0942 -4552.28
(1,2,(3,((4,6),5))); -4534.2 -1.78113 28.6427 13.1144 -4551.51
(1,2,(3,((4,6),5))); -4533.44 -1.78113 30.2372 13.6213 -4551.84
(1,(2,3),((4,6),5)); -4544.23 -1.89135 28.3227 13.3874 -4561.05
(1,(2,(4,(5,6))),3); -4538.41 -2.01024 28.5537 13.5038 -4555.47
(1,2,(3,(4,(5,6)))); -4532.57 -1.51724 30.7139 13.3842 -4551.41
(1,(2,3),((4,6),5)); -4549.67 -1.89135 21.6657 12.8077 -4560.42
(1,2,(3,(4,(5,6)))); -4533.59 -1.51724 29.6747 13.392 -4551.39
(1,(2,(4,(5,6))),3); -4536.88 -2.01024 30.7014 13.9103 -4555.68
(1,2,(3,(4,(5,6)))); -4536.33 -1.51724 26.9081 13.32 -4551.43
(1,2,(3,(4,(5,6)))); -4536.49 -1.51724 26.1786 12.8897 -4551.29
(1,(2,((4,6),5)),3); -4539.44 -2.27414 30.5615 13.58 -4558.7
(1,(2,(4,(5,6))),3); -4537.96 -2.01024 29.9871 13.7508 -4556.21
(1,2,(3,((4,6),5))); -4533.09 -1.78113 30.8063 13.7515 -4551.93
(1,(2,3),(4,(5,6))); -4538.26 -1.62746 28.9888 13.2901 -4555.59
(1,2,(3,(4,(5,6)))); -4533.73 -1.51724 29.155 13.5022 -4550.9
(1,2,(3,(4,(5,6)))); -4537.39 -1.51724 25.4878 13.2786 -4551.12
(1,2,(3,((4,6),5))); -4533.5 -1.78113 30.0232 13.6491 -4551.65
(1,2,(3,(4,(5,6)))); -4534.9 -1.51724 28.239 13.3649 -4551.29
(1,(2,((4,6),5)),3); -4538.64 -2.27414 30.58 13.1699 -4558.33
(1,(2,(4,(5,6))),3); -4539.53 -2.01024 28.2776 13.988 -4555.83
(1,2,(3,((4,6),5))); -4536.04 -1.78113 28.1217 13.6215 -4552.32
(1,(2,((4,6),5)),3); -4540.57 -2.27414 29.0314 13.3377 -4558.54
(1,2,(3,(4,(5,6)))); -4540.1 -1.51724 22.7995 12.586 -4551.83
(1,(2,3),(4,(5,6))); -4538.34 -1.62746 28.8756 13.3572 -4555.48
(1,(2,3),((4,6),5)); -4544.91 -1.89135 27.1287 13.5196 -4560.41
(1,(2,(4,(5,6))),3); -4537.23 -2.01024 29.7497 13.1439 -4555.85
(1,(2,3),((4,6),5)); -4540.28 -1.89135 31.9123 13.2271 -4560.86
(1,2,(3,((4,6),5))); -4534.01 -1.78113 30.0296 13.7377 -4552.08
(1,(2,(4,(5,6))),3); -4538.45 -2.01024 29.3238 13.9583 -4555.82
(1,2,(3,((4,6),5))); -4537.09 -1.78113 26.7957 13.6161 -4552.06
(1,(2,3),(4,(5,6))); -4538.85 -1.62746 28.4519 13.2492 -4555.68
(1,(2,3),((4,6),5)); -4542.83 -1.89135 29.0987 13.4852 -4560.33
(1,(2,((4,6),5)),3); -4538.4 -2.27414 31.6767 13.4237 -4558.93
(1,2,(3,((4,6),5))); -4533.18 -1.78113 30.7162 13.4105 -4552.27
(1,2,(3,((4,6),5))); -4532.19 -1.78113 32.2799 13.9016 -4552.35
(1,(2,(4,(5,6))),3); -4546.69 -2.01024 21.4202 14.0954 -4556.02
(1,2,(3,((4,5),6))); -4540.16 -4.71755 28.7732 13.4962 -4560.15
(1,(2,((4,6),5)),3); -4539.04 -2.27414 30.8499 13.3725 -4558.8
(1,(2,3),(4,(5,6))); -4539.67 -1.62746 26.7168 12.8313 -4555.18
(1,2,(3,(4,(5,6)))); -4534.16 -1.51724 29.5419 13.5743 -4551.64
(1,2,(3,((4,6),5))); -4535.62 -1.78113 28.0963 13.4172 -4552.08
(1,(2,(4,(5,6))),3); -4541.36 -2.01024 26.1184 13.4109 -4556.08
(1,(2,3),(4,(5,6))); -4537.85 -1.62746 29.2692 13.9795 -4554.77
(1,(2,(4,(5,6))),3); -4538.19 -2.01024 29.5596 13.8366 -4555.92
(1,(2,3),(4,(5,6))); -4535.62 -1.62746 31.3756 13.3435 -4555.28
(1,(2,3),(4,(5,6))); -4541.34 -1.62746 26.0099 13.8118 -4555.16
(1,2,(3,(4,(5,6)))); -4531.66 -1.51724 32.1963 13.5993 -4551.77
(1,(2,3),((4,6),5)); -4540.76 -1.89135 30.954 13.28 -4560.32
(1,(2,((4,6),5)),3); -4539.24 -2.27414 30.5253 13.282 -4558.76
(1,2,(3,(4,(5,6)))); -4532.19 -1.51724 31.5112 13.7837 -4551.43
(1,2,(3,((4,6),5))); -4540.35 -1.78113 24.3254 14.1974 -4552.26
(1,(2,3),(4,(5,6))); -4540.56 -1.62746 25.8254 13.0254 -4554.99
(1,2,(3,((4,6),5))); -4533.86 -1.78113 30.5423 13.8499 -4552.33
(1,(2,3),(4,(5,6))); -4535.74 -1.62746 31.1103 13.4264 -4555.05
(1,2,(3,((4,6),5))); -4536.13 -1.78113 27.9864 13.7382 -4552.16
(1,(2,3),(4,(5,6))); -4537.63 -1.62746 29.9872 13.7769 -4555.47
(1,(2,3),(4,(5,6))); -4536.34 -1.62746 30.6127 13.5538 -4555.02
(1,(2,((4,6),5)),3); -4539.73 -2.27414 30.1776 13.6162 -4558.57
(1,2,(3,((4,6),5))); -4535.66 -1.78113 27.4127 13.2961 -4551.55
(1,(2,3),(4,(5,6))); -4534.54 -1.62746 31.9685 13.4308 -4554.71
(1,(2,3),((4,6),5)); -4542.95 -1.89135 29.5925 13.5384 -4560.89
(1,2,(3,((4,6),5))); -4537.34 -1.78113 26.8188 13.501 -4552.44
(1,(2,3),((4,6),5)); -4541.39 -1.89135 30.7936 13.182 -4560.89
(1,2,(3,((4,6),5))); -4534.82 -1.78113 29.3566 13.4642 -4552.5
(1,(2,((4,6),5)),3); -4540.63 -2.27414 29.8009 13.7506 -4558.96
(1,2,(3,((4,6),5))); -4537.43 -1.78113 25.4737 13.0823 -4551.61
(1,(2,(4,(5,6))),3); -4539.35 -2.01024 28.6586 14.059 -4555.96
(1,(2,(4,(5,6))),3); -4542.02 -2.01024 24.4528 13.3537 -4555.13
(1,(2,3),(4,(5,6))); -4536.36 -1.62746 31.148 13.6888 -4555.45
(1,(2,((4,6),5)),3); -4537.54 -2.27414 32.5209 13.526 -4558.81
(1,(2,3),((4,6),5)); -4543.73 -1.89135 27.9679 13.2431 -4560.34
(1,(2,(4,(5,6))),3); -4536.16 -2.01024 31.6152 13.8068 -4555.98
(1,(2,3),(4,(5,6))); -4540.37 -1.62746 27.2421 13.5991 -4555.64
(1,(2,3),((4,6),5)); -4544.47 -1.89135 27.7572 13.5475 -4560.57
(1,(2,((4,6),5)),3); -4541.31 -2.27414 28.7459 13.7415 -4558.59
(1,(2,3),((4,6),5)); -4541.74 -1.89135 30.8192 13.7503 -4560.7
(1,(2,3),((4,6),5)); -4543.97 -1.89135 28.5483 13.5618 -4560.85
(1,(2,3),((4,6),5)); -4542.77 -1.89135 28.6436 13.3894 -4559.92
(1,(2,((4,6),5)),3); -4540.76 -2.27414 28.9834 13.4978 -4558.52
(1,(2,((4,6),5)),3); -4538.66 -2.27414 31.4904 13.6547 -4558.77
(1,2,(3,(4,(5,6)))); -4533.98 -1.51724 29.7297 13.3428 -4551.88
(1,2,(3,(4,(5,6)))); -4534.56 -1.51724 29.392 13.5303 -4551.94
(1,2,(3,((4,6),5))); -4532.54 -1.78113 30.6361 13.2608 -4551.69
(1,(2,3),((4,6),5)); -4541.32 -1.89135 30.5107 13.3272 -4560.39
(1,(2,((4,6),5)),3); -4548.19 -2.27414 21.751 13.4909 -4558.72
(1,2,(3,((4,6),5))); -4538.06 -1.78113 25.4722 13.4176 -4551.9
(1,2,(3,(4,(5,6)))); -4531.54 -1.51724 31.9488 13.497 -4551.51
(1,(2,((4,6),5)),3); -4540.66 -2.27414 29.1273 13.225 -4558.83
(1,(2,3),((4,6),5)); -4541.77 -1.89135 30.0041 13.3283 -4560.34
(1,2,(3,(4,(5,6)))); -4536.19 -1.51724 27.7526 14.0216 -4551.43
(1,2,(3,((4,6),5))); -4531.15 -1.78113 32.5932 13.4723 -4552.05
(1,(2,(4,(5,6))),3); -4539.49 -2.01024 27.3869 12.9272 -4555.96
(1,2,(3,(4,(5,6)))); -4534.4 -1.51724 29.9477 14.1168 -4551.75
(1,(2,(4,(5,6))),3); -4535.7 -2.01024 31.6496 13.7573 -4555.6
(1,(2,(4,(5,6))),3); -4535.34 -2.01024 31.8336 13.32 -4555.86
(1,(2,((4,6),5)),3); -4540.77 -2.27414 29.5947 13.7247 -4558.92
(1,(2,3),((4,6),5)); -4540.69 -1.89135 31.6731 13.4974 -4560.76
(1,(2,(4,(5,6))),3); -4540.41 -2.01024 27.1672 13.8248 -4555.77
(1,2,(3,(4,(5,6)))); -4543.26 -1.51724 19.4147 12.751 -4551.44
(1,2,(3,((4,6),5))); -4533.88 -1.78113 29.6967 13.7707 -4551.59
(1,(2,(4,(5,6))),3); -4540.42 -2.01024 27.2157 13.6773 -4555.96
(1,2,(3,(4,(5,6)))); -4536.64 -1.51724 26.6754 13.379 -4551.45
(1,(2,3),(4,(5,6))); -4536.77 -1.62746 30.0179 13.6045 -4554.81
(1,2,(3,(4,(5,6)))); -4532.96 -1.51724 30.3075 13.1689 -4551.61
(1,(2,3),((4,6),5)); -4542.41 -1.89135 28.8669 13.3159 -4559.85
(1,(2,(4,(5,6))),3); -4545.07 -2.01024 22.8475 13.771 -4556.15
(1,(2,(4,(5,6))),3); -4539.28 -2.01024 27.9335 13.7567 -4555.46
(1,(2,3),((4,6),5)); -4541.37 -1.89135 31.3863 13.7165 -4560.93
(1,2,(3,((4,6),5))); -4536.78 -1.78113 26.7974 13.5286 -4551.83
(1,(2,3),((4,6),5)); -4540.95 -1.89135 30.8847 13.5239 -4560.2
(1,(2,3),(4,(5,6))); -4537.28 -1.62746 29.1288 13.3709 -4554.67
(1,2,(3,(4,(5,6)))); -4536.59 -1.51724 27.5902 13.8612 -4551.84
(1,2,(3,((4,6),5))); -4533.34 -1.78113 29.9458 13.2465 -4551.82
(1,(2,3),((4,6),5)); -4542.86 -1.89135 28.5084 13.2964 -4559.97
(1,(2,3),((4,6),5)); -4544.03 -1.89135 28.2145 13.7353 -4560.4
(1,2,(3,(4,(5,6)))); -4538.24 -1.51724 25.2757 13.6171 -4551.41
(1,(2,(4,(5,6))),3); -4535.73 -2.01024 31.4302 13.5581 -4555.61
(1,(2,3),((4,6),5)); -4546.14 -1.89135 26.8123 13.8339 -4561.01
(1,(2,3),(4,(5,6))); -4536.49 -1.62746 31.2988 13.8425 -4555.57
(1,(2,3),((4,6),5)); -4541.23 -1.89135 30.7117 13.4362 -4560.39
(1,2,(3,(4,(5,6)))); -4534.02 -1.51724 29.5612 13.2512 -4551.84
(1,(2,((4,6),5)),3); -4544.21 -2.27414 24.3522 12.5948 -4558.24
(1,(2,((4,6),5)),3); -4544 -2.27414 25.794 13.5397 -4558.53
(1,2,(3,(4,(5,6)))); -4533.98 -1.51724 29.6291 13.6253 -4551.5
(1,2,(3,(4,(5,6)))); -4534.44 -1.51724 29.3884 13.8927 -4551.45
(1,(2,(4,(5,6))),3); -4539.16 -2.01024 28.2736 13.7048 -4555.74
(1,2,(3,((4,6),5))); -4537.17 -1.78113 26.326 13.4152 -4551.86
(1,2,(3,((4,6),5))); -4537.72 -1.78113 25.5031 13.6472 -4551.36
(1,2,(3,((4,6),5))); -4532.68 -1.78113 31.1135 13.3418 -4552.23
(1,(2,3),((4,6),5)); -4539.99 -1.89135 31.8374 13.3603 -4560.36
(1,2,(3,(4,(5,6)))); -4535.37 -1.51724 28.6463 13.9184 -4551.61
(1,(2,3),((4,6),5)); -4542.47 -1.89135 29.8905 13.7485 -4560.5
(1,(2,3),((4,6),5)); -4542.57 -1.89135 29.6123 13.6214 -4560.45
(1,2,(3,(4,(5,6)))); -4535.49 -1.51724 29.2265 14.3249 -4551.9
(1,2,(3,((4,6),5))); -4533.96 -1.78113 29.6142 13.3289 -4552.02
(1,2,(3,(4,(5,6)))); -4533.55 -1.51724 30.5652 14.0139 -4551.62
(1,2,(3,(4,(5,6)))); -4534.01 -1.51724 29.1661 13.5908 -4551.1
(1,(2,3),((4,6),5)); -4542.17 -1.89135 29.3096 13.0115 -4560.36
(1,2,(3,(4,(5,6)))); -4532.29 -1.51724 31.4559 13.7235 -4551.54
(1,2,(3,((4,6),5))); -4532.64 -1.78113 31.1579 13.7635 -4551.82
(1,(2,3),(4,(5,6))); -4539.19 -1.62746 28.0325 13.5461 -4555.31
(1,(2,(4,(5,6))),3); -4538.54 -2.01024 29.6352 14.1727 -4556.02
(1,2,(3,((4,6),5))); -4538 -1.78113 24.9901 12.81 -4551.96
(1,(2,3),((4,6),5)); -4543.58 -1.89135 28.0433 13.0915 -4560.43
(1,(2,3),(4,(5,6))); -4541.53 -1.62746 25.3005 13.2885 -4555.17
(1,(2,3),((4,6),5)); -4539.55 -1.89135 32.5015 13.3885 -4560.56
(1,2,(3,(4,(5,6)))); -4533.1 -1.51724 30.8105 13.6368 -4551.79
(1,2,(3,((4,6),5))); -4533.36 -1.78113 30.2596 13.5696 -4551.83
(1,(2,3),(4,(5,6))); -4537.89 -1.62746 28.8446 13.1068 -4555.26
(1,(2,3),(4,(5,6))); -4538.9 -1.62746 27.7546 13.3905 -4554.89
(1,(2,3),(4,(5,6))); -4537.73 -1.62746 29.045 13.2551 -4555.15
(1,2,(3,(4,(5,6)))); -4533.84 -1.51724 30.3744 13.8633 -4551.87
(1,2,(3,(4,(5,6)))); -4532.97 -1.51724 30.5387 13.5025 -4551.53
(1,2,(3,((4,5),6))); -4538.56 -4.71755 32.119 13.5587 -4561.84
(1,2,(3,((4,6),5))); -4533.46 -1.78113 30.796 13.75 -4552.29
(1,(2,3),((4,6),5)); -4544.28 -1.89135 28.3595 13.4104 -4561.12
(1,2,(3,((4,6),5))); -4533.85 -1.78113 30.3517 13.7869 -4552.2
(1,2,(3,(4,(5,6)))); -4533.07 -1.51724 30.1882 13.4118 -4551.36
(1,(2,3),((4,6),5)); -4545.49 -1.89135 26.8894 13.339 -4560.93
(1,2,(3,(4,(5,6)))); -4538.4 -1.51724 24.4287 12.7616 -4551.58
(1,(2,3),(4,(5,6))); -4541.69 -1.62746 24.2302 12.8311 -4554.71
(1,(2,3),(4,(5,6))); -4537.67 -1.62746 29.0651 13.17 -4555.19
(1,(2,(4,(5,6))),3); -4537.2 -2.01024 30.3768 13.6387 -4555.95
(1,(2,(4,(5,6))),3); -4537.97 -2.01024 29.4596 13.7292 -4555.71
(1,(2,3),((4,6),5)); -4542.3 -1.89135 30.2118 13.7341 -4560.66
(1,2,(3,((4,6),5))); -4533.49 -1.78113 29.66 13.3978 -4551.53
(1,2,(3,((4,6),5))); -4532.63 -1.78113 31.3563 13.4418 -4552.32
(1,2,(3,((4,6),5))); -4532.67 -1.78113 31.3968 13.878 -4551.97
(1,(2,((4,5),6)),3); -4548.4 -5.21056 29.6613 13.1631 -4570.11
(1,(2,3),(4,(5,6))); -4537.65 -1.62746 29.4618 13.6416 -4555.1
(1,(2,(4,(5,6))),3); -4536.93 -2.01024 30.2415 13.5264 -4555.66
(1,(2,3),((4,6),5)); -4542.42 -1.89135 30.1067 13.6303 -4560.79
(1,(2,((4,6),5)),3); -4538.72 -2.27414 30.8991 13.2564 -4558.64
(1,(2,3),((4,6),5)); -4546.36 -1.89135 26.0177 13.4411 -4560.83
(1,(2,3),((4,6),5)); -4543.98 -1.89135 28.0013 13.1685 -4560.7
(1,2,(3,(4,(5,6)))); -4534.64 -1.51724 28.8503 13.3017 -4551.71
(1,2,(3,((4,6),5))); -4536.8 -1.78113 26.4807 13.3725 -4551.69
(1,(2,(4,(5,6))),3); -4540.47 -2.01024 26.7177 13.7153 -4555.48
(1,2,(3,((4,6),5))); -4533.24 -1.78113 30.1717 13.2471 -4551.95
(1,2,(3,(4,(5,6)))); -4531.74 -1.51724 31.6393 13.3665 -4551.53
(1,(2,3),(4,(5,6))); -4537.16 -1.62746 30.3544 13.7452 -4555.4
(1,2,(3,((4,6),5))); -4533.89 -1.78113 29.6299 13.5177 -4551.79
(1,(2,3),((4,6),5)); -4542.52 -1.89135 29.2541 13.3891 -4560.28
(1,(2,3),(4,(5,6))); -4541.09 -1.62746 26.2669 13.9162 -4555.07
(1,(2,((4,6),5)),3); -4542.46 -2.27414 27.8516 13.6587 -4558.93
(1,2,(3,(4,(5,6)))); -4535.83 -1.51724 27.1489 12.9512 -4551.54
(1,(2,((4,6),5)),3); -4539.3 -2.27414 30.0564 13.103 -4558.53
(1,(2,(4,(5,6))),3); -4539.43 -2.01024 28.188 13.7653 -4555.86
(1,(2,((4,6),5)),3); -4538.58 -2.27414 31.4916 13.5013 -4558.85
(1,(2,3),(4,(5,6))); -4537.19 -1.62746 29.8478 13.6508 -4555.01
(1,(2,3),(4,(5,6))); -4536.21 -1.62746 30.929 13.6557 -4555.11
(1,2,(3,(4,(5,6)))); -4535.44 -1.51724 28.2644 13.2318 -4551.99
(1,(2,3),(4,(5,6))); -4536.22 -1.62746 30.5691 13.4221 -4554.99
(1,2,(3,(4,(5,6)))); -4532.53 -1.51724 30.8116 13.5472 -4551.31
(1,(2,((4,6),5)),3); -4539.84 -2.27414 30.048 13.5254 -4558.63
(1,(2,((4,6),5)),3); -4539.69 -2.27414 30.0631 13.341 -4558.68
(1,2,(3,((4,6),5))); -4536.77 -1.78113 27.0636 13.343 -4552.28
(1,2,(3,((4,6),5))); -4532.44 -1.78113 31.0622 13.3048 -4551.98
(1,2,(3,(4,(5,6)))); -4536.68 -1.51724 26.9375 13.6432 -4551.49
(1,2,(3,((4,6),5))); -4531.34 -1.78113 32.5747 13.7357 -4551.96
(1,(2,3),(4,(5,6))); -4537.89 -1.62746 29.2044 13.5125 -4555.21
(1,(2,((4,6),5)),3); -4540.5 -2.27414 29.6342 13.3401 -4559.07
(1,2,(3,((4,6),5))); -4533.89 -1.78113 30.0243 13.7784 -4551.92
(1,(2,3),(4,(5,6))); -4539.2 -1.62746 26.9235 12.994 -4554.75
(1,(2,3),((4,6),5)); -4539.76 -1.89135 32.3873 13.4008 -4560.64
(1,2,(3,(4,(5,6)))); -4531.12 -1.51724 32.3793 13.4058 -4551.61
(1,(2,3),((4,6),5)); -4539.5 -1.89135 32.6212 13.3955 -4560.62
(1,(2,3),((4,6),5)); -4542.51 -1.89135 29.0599 13.2102 -4560.25
(1,(2,(4,(5,6))),3); -4536.77 -2.01024 31.2 13.8521 -4556.13
(1,2,(3,(4,(5,6)))); -4534.99 -1.51724 28.6489 13.37 -4551.79
(1,(2,3),(4,(5,6))); -4534.74 -1.62746 32.4034 13.6509 -4555.12
(1,2,(3,((4,6),5))); -4537.38 -1.78113 26.4618 13.4754 -4552.14
(1,(2,((4,6),5)),3); -4542.31 -2.27414 27.7131 13.5795 -4558.72
(1,(2,((4,6),5)),3); -4539.62 -2.27414 30.5382 13.8642 -4558.56
(1,(2,3),(4,(5,6))); -4538.05 -1.62746 29.2499 13.7092 -4555.22
(1,2,(3,(4,(5,6)))); -4534.37 -1.51724 28.81 13.1246 -4551.57
(1,(2,3),((4,6),5)); -4542.04 -1.89135 29.7813 13.5101 -4560.21
(1,2,(3,((4,6),5))); -4533.17 -1.78113 30.5021 13.4065 -4552.05
(1,2,(3,(4,(5,6)))); -4532.12 -1.51724 31.7373 13.5042 -4551.87
(1,(2,3),(4,(5,6))); -4535.87 -1.62746 31.6787 13.8755 -4555.3
(1,2,(3,((4,6),5))); -4532.99 -1.78113 31.1893 13.5466 -4552.41
(1,(2,(4,(5,6))),3); -4536.52 -2.01024 30.9123 13.6708 -4555.77
(1,(2,3),(4,(5,6))); -4541.39 -1.62746 24.7956 13.181 -4554.63
(1,2,(3,(4,(5,6)))); -4535.83 -1.51724 27.2013 13.5418 -4551.01
(1,(2,3),(4,(5,6))); -4540.28 -1.62746 26.8057 13.8548 -4554.86
(1,(2,3),((4,6),5)); -4540.42 -1.89135 31.9517 13.5096 -4560.75
(1,(2,((4,6),5)),3); -4541.24 -2.27414 29.1717 13.6375 -4559.05
(1,(2,3),(4,(5,6))); -4537.73 -1.62746 29.8882 13.8835 -4555.36
(1,(2,3),(4,(5,6))); -4536.97 -1.62746 30.1837 13.6167 -4555.17
(1,2,(3,(4,(5,6)))); -4533.33 -1.51724 30.6653 13.6979 -4551.82
(1,(2,(4,(5,6))),3); -4541.13 -2.01024 25.9053 13.7387 -4555.3
(1,(2,(4,(5,6))),3); -4536.01 -2.01024 31.0346 13.5697 -4555.49
(1,(2,3),(4,(5,6))); -4541.51 -1.62746 25.6631 13.7788 -4555.02
(1,(2,3),((4,6),5)); -4542.24 -1.89135 29.5703 13.347 -4560.35
(1,(2,3),(4,(5,6))); -4535.15 -1.62746 32.0905 13.6198 -4555.25
(1,(2,3),((4,6),5)); -4541.67 -1.89135 30.0197 13.2105 -4560.37
(1,(2,3),((4,6),5)); -4547.13 -1.89135 24.7741 13.3658 -4560.43
(1,2,(3,(4,(5,6)))); -4533.95 -1.51724 29.6645 13.3877 -4551.75
(1,(2,3),(4,(5,6))); -4536.56 -1.62746 30.6643 13.7645 -4555.08
(1,2,(3,(4,(5,6)))); -4536.14 -1.51724 27.5254 13.565 -4551.61
(1,2,(3,(4,(5,6)))); -4534.14 -1.51724 29.6724 13.7665 -4551.57
(1,(2,3),((4,6),5)); -4541.8 -1.89135 30.9343 13.7061 -4560.92
(1,2,(3,(4,(5,6)))); -4540 -1.51724 23.5886 13.3606 -4551.74
(1,2,(3,(4,(5,6)))); -4535.35 -1.51724 27.3797 13.1861 -4551.06
(1,(2,3),((4,6),5)); -4542.47 -1.89135 29.359 13.7626 -4559.96
(1,(2,3),((4,6),5)); -4542.56 -1.89135 29.5996 13.3302 -4560.72
(1,(2,3),(4,(5,6))); -4537.58 -1.62746 29.796 13.6398 -4555.37
(1,(2,(4,(5,6))),3); -4543.27 -2.01024 24.221 13.2176 -4556.29
(1,(2,(4,(5,6))),3); -4537.68 -2.01024 29.0814 13.5266 -4555.25
(1,(2,((4,6),5)),3); -4540.49 -2.27414 29.1632 13.4159 -4558.51
(1,(2,3),((4,6),5)); -4546.45 -1.89135 26.0305 13.7114 -4560.66
(1,(2,(4,(5,6))),3); -4535.72 -2.01024 31.0624 13.1891 -4555.6
(1,(2,3),((4,6),5)); -4542.19 -1.89135 30.0977 13.2934 -4560.88
(1,(2,3),(4,(5,6))); -4536.07 -1.62746 30.4106 13.2661 -4554.84
(1,(2,3),(4,(5,6))); -4536.37 -1.62746 31.0181 13.6556 -4555.36
(1,(2,3),(4,(5,6))); -4535.91 -1.62746 30.9287 13.3692 -4555.09
(1,2,(3,(4,(5,6)))); -4533.14 -1.51724 30.7345 13.788 -4551.61
(1,2,(3,((4,6),5))); -4533.11 -1.78113 30.9049 13.7547 -4552.04
(1,(2,3),(4,(5,6))); -4534.9 -1.62746 31.6598 13.2369 -4554.95
(1,(2,3),(4,(5,6))); -4540.57 -1.62746 26.5245 13.8174 -4554.9
(1,(2,3),((4,6),5)); -4544.85 -1.89135 27.1512 13.1344 -4560.76
(1,(2,(4,(5,6))),3); -4536.12 -2.01024 30.7466 13.385 -4555.49
(1,2,(3,(4,(5,6)))); -4532.83 -1.51724 30.665 13.4824 -4551.53
(1,2,(3,((4,6),5))); -4535.08 -1.78113 28.7144 13.7628 -4551.82
(1,(2,((4,6),5)),3); -4541.5 -2.27414 28.1105 13.173 -4558.71
(1,(2,((4,6),5)),3); -4541.74 -2.27414 28.2321 13.4228 -4558.82
(1,(2,((4,6),5)),3); -4541.15 -2.27414 28.7418 13.3115 -4558.86
(1,(2,((4,6),5)),3); -4541.33 -2.27414 28.0229 13.0999 -4558.52
(1,2,(3,((4,6),5))); -4533.16 -1.78113 30.1612 13.4426 -4551.66
(1,(2,(4,(5,6))),3); -4537.66 -2.01024 30.0165 13.8319 -4555.86
(1,(2,(4,(5,6))),3); -4537.07 -2.01024 30.838 13.828 -4556.09
(1,2,(3,(4,(5,6)))); -4531.19 -1.51724 32.7184 13.6676 -4551.76
(1,(2,3),((4,6),5)); -4541.09 -1.89135 31.0976 13.633 -4560.44
(1,(2,3),((4,6),5)); -4539.88 -1.89135 32.0043 13.3354 -4560.44
(1,2,(3,(4,(5,6)))); -4535.41 -1.51724 28.1502 13.4208 -4551.66
(1,(2,3),(4,(5,6))); -4538.76 -1.62746 27.9993 13.4369 -4554.95
(1,(2,((4,6),5)),3); -4543.06 -2.27414 27.1721 13.6034 -4558.9
(1,2,(3,(4,(5,6)))); -4534.38 -1.51724 29.5362 13.8103 -4551.62
(1,2,(3,((4,6),5))); -4532.87 -1.78113 30.8009 13.3685 -4552.08
(1,2,(3,(4,(5,6)))); -4531.98 -1.51724 31.4856 13.6022 -4551.38
(1,2,(3,(4,(5,6)))); -4531.96 -1.51724 31.9885 13.5537 -4551.91
(1,(2,3),(4,(5,6))); -4535.9 -1.62746 30.9961 13.5492 -4554.97
(1,2,(3,(4,(5,6)))); -4533.3 -1.51724 30.9223 13.6359 -4552.11
(1,(2,3),(4,(5,6))); -4541.18 -1.62746 25.9419 13.7892 -4554.96
(1,2,(3,((4,6),5))); -4533.73 -1.78113 30.0803 13.7822 -4551.81
(1,(2,(4,(5,6))),3); -4537.46 -2.01024 29.9703 13.3614 -4556.08
(1,2,(3,(4,(5,6)))); -4535.27 -1.51724 28.6103 13.951 -4551.45
(1,2,(3,(4,(5,6)))); -4539.08 -1.51724 24.2873 13.2736 -4551.61
(1,2,(3,(4,(5,6)))); -4532.44 -1.51724 30.7984 13.523 -4551.23
(1,(2,3),((4,6),5)); -4540.24 -1.89135 31.789 13.4338 -4560.49
(1,(2,3),(4,(5,6))); -4536.52 -1.62746 31.2114 13.8532 -4555.51
(1,2,(3,(4,(5,6)))); -4534.12 -1.51724 29.0396 13.0163 -4551.66
(1,2,(3,(4,(5,6)))); -4534.38 -1.51724 29.0266 13.5433 -4551.38
(1,2,(3,(4,(5,6)))); -4531.28 -1.51724 32.6897 13.6565 -4551.84
(1,2,(3,((4,6),5))); -4534.38 -1.78113 29.4898 13.6235 -4552.02
(1,((2,5),(4,6)),3); -4580.98 -6.37713 30.8706 13.0032 -4605.23
(1,2,(3,(4,(5,6)))); -4533.35 -1.51724 30.3475 13.614 -4551.6
(1,((2,3),(5,6)),4); -4577.01 -6.90776 28.2237 12.8661 -4599.27
(1,2,(3,(4,(5,6)))); -4535.35 -1.51724 27.6032 13.1871 -4551.28
(1,(2,((4,6),5)),3); -4541.26 -2.27414 28.7923 13.8331 -4558.49
(1,2,(3,((4,6),5))); -4538.32 -1.78113 25.8735 13.602 -4552.37
(1,2,(3,(4,(5,6)))); -4535.28 -1.51724 27.6926 13.6323 -4550.85
(1,(2,(4,(5,6))),3); -4535.92 -2.01024 30.681 13.26 -4555.35
(1,2,(3,((4,6),5))); -4531.49 -1.78113 32.493 13.5284 -4552.23
(1,2,(3,(4,(5,6)))); -4533.61 -1.51724 29.5123 13.2141 -4551.43
(1,(2,(4,(5,6))),3); -4535.33 -2.01024 32.1904 13.601 -4555.93
(1,2,(3,((4,6),5))); -4534.93 -1.78113 29.7461 14.03 -4552.43
(1,(2,(4,(5,6))),3); -4539.26 -2.01024 28.0576 13.3434 -4555.99
(1,(2,3),((4,6),5)); -4541.34 -1.89135 30.94 13.627 -4560.55
(1,(2,(4,(5,6))),3); -4536.42 -2.01024 30.7845 13.4937 -4555.72
(1,2,(3,(4,(5,6)))); -4535.85 -1.51724 27.2264 13.0832 -4551.51
(1,(2,3),(4,(5,6))); -4535.58 -1.62746 30.8717 13.2614 -4554.82
(1,2,(3,((4,6),5))); -4535.08 -1.78113 29.302 14.0316 -4552.13
(1,2,(3,(4,(5,6)))); -4533.61 -1.51724 30.4242 13.7331 -4551.82
(1,(2,((4,6),5)),3); -4539.84 -2.27414 29.9712 13.4849 -4558.6
(1,2,(3,(4,(5,6)))); -4532.79 -1.51724 31.0646 13.455 -4551.91
(1,(2,3),(4,(5,6))); -4535.34 -1.62746 31.9743 13.733 -4555.21
(1,2,(3,((4,6),5))); -4537.64 -1.78113 26.5592 13.885 -4552.09
(1,2,(3,((4,6),5))); -4535.26 -1.78113 28.7487 13.6207 -4552.17
(1,(2,3),(4,(5,6))); -4537.3 -1.62746 29.5265 13.3444 -4555.11
(1,(2,((4,6),5)),3); -4542.85 -2.27414 26.4975 13.1888 -4558.43
(1,(2,3),(4,(5,6))); -4538.66 -1.62746 27.4859 12.9983 -4554.78
(1,2,(3,((4,6),5))); -4535.93 -1.78113 28.8491 14.1936 -4552.37
(1,2,(3,(4,(5,6)))); -4534.95 -1.51724 28.9796 13.333 -4552.12
(1,2,(3,(4,(5,6)))); -4534.71 -1.51724 29.7549 14.0943 -4551.89
(1,2,(3,(4,(5,6)))); -4533.32 -1.51724 30.1385 13.6585 -4551.32
(1,2,(3,((4,6),5))); -4532.79 -1.78113 30.6704 13.425 -4551.82
(1,2,(3,((4,6),5))); -4531.67 -1.78113 32.6478 13.8592 -4552.24
(1,(2,(4,(5,6))),3); -4538.57 -2.01024 28.7081 13.3911 -4555.9
(1,(2,3),(4,(5,6))); -4536.81 -1.62746 29.1388 13.0314 -4554.55
(1,(2,(4,(5,6))),3); -4537.69 -2.01024 29.4168 13.6879 -4555.43
(1,(2,3),(4,(5,6))); -4538.48 -1.62746 28.5964 13.6814 -4555.03
(1,(2,(4,(5,6))),3); -4536.57 -2.01024 31.3498 13.8471 -4556.09
(1,(2,3),((4,6),5)); -4542.68 -1.89135 29.2164 13.4563 -4560.33
(1,2,(3,(4,(5,6)))); -4533.3 -1.51724 30.5002 13.6228 -4551.7
(1,2,(3,(4,(5,6)))); -4540.36 -1.51724 22.6175 13.3419 -4551.15
(1,(2,3),(4,(5,6))); -4537.45 -1.62746 29.3209 13.2967 -4555.1
(1,(2,3),(4,(5,6))); -4537.98 -1.62746 29.4387 13.7054 -4555.34
(1,(2,3),(4,(5,6))); -4540.34 -1.62746 26.4583 13.0258 -4555.4
(1,(2,3),((4,6),5)); -4544.71 -1.89135 27.2339 13.2842 -4560.55
(1,2,(3,((4,6),5))); -4533.96 -1.78113 29.7747 13.5555 -4551.96
(1,2,(3,(4,(5,6)))); -4534.68 -1.51724 29.3473 13.6513 -4551.89
(1,(2,3),(4,(5,6))); -4541.72 -1.62746 24.767 13.2546 -4554.86
(1,(2,3),(4,(5,6))); -4536.81 -1.62746 30.0454 13.3756 -4555.11
(1,(2,((4,6),5)),3); -4540.4 -2.27414 29.6509 13.5428 -4558.78
(1,2,(3,(4,(5,6)))); -4534 -1.51724 29.9271 13.9616 -4551.48
(1,(2,(4,(5,6))),3); -4537.88 -2.01024 29.9433 13.8147 -4556.02
(1,(2,3),((4,6),5)); -4541.27 -1.89135 31.3295 13.4872 -4561.01
(1,(2,((4,6),5)),3); -4540.92 -2.27414 28.7744 13.4077 -4558.56
(1,2,(3,(4,(5,6)))); -4532.55 -1.51724 31.0095 13.2891 -4551.79
(1,(2,(4,(5,6))),3); -4540.68 -2.01024 26.8485 13.5417 -4556
(1,(2,3),(4,(5,6))); -4537.03 -1.62746 29.8192 13.5909 -4554.89
(1,(2,3),(4,(5,6))); -4536.06 -1.62746 31.1105 13.7011 -4555.09
(1,2,(3,((4,6),5))); -4533.25 -1.78113 30.7876 13.6998 -4552.12
(1,(2,3),((4,5),6)); -4554.41 -4.82777 21.893 13.0873 -4568.04
(1,(2,((4,5),6)),3); -4548.98 -5.21056 28.942 13.5086 -4569.63
(1,(2,(4,(5,6))),3); -4536.39 -2.01024 31.2917 13.6981 -4556
(1,(2,3),((4,6),5)); -4542.11 -1.89135 30.0343 13.6801 -4560.35
(1,2,(3,(4,(5,6)))); -4532.26 -1.51724 31.3769 13.7594 -4551.39
(1,(2,((4,6),5)),3); -4542.28 -2.27414 27.9179 13.6536 -4558.82
(1,(2,(4,(5,6))),3); -4537.56 -2.01024 30.0585 13.6082 -4556.02
(1,2,(3,(4,(5,6)))); -4534.99 -1.51724 28.5393 13.3771 -4551.67
(1,2,(3,((4,6),5))); -4533.77 -1.78113 29.78 13.5384 -4551.8
(1,(2,((4,6),5)),3); -4539.48 -2.27414 30.0215 13.3567 -4558.42
(1,2,(3,((4,6),5))); -4536.31 -1.78113 27.9086 13.6547 -4552.34
(1,2,(3,((4,6),5))); -4534.41 -1.78113 29.2146 13.7867 -4551.62
(1,((2,(5,6)),3),4); -4606.43 -8.92266 35.8728 13.2265 -4637.99
(1,(2,(4,(5,6))),3); -4538.75 -2.01024 28.1807 13.5338 -4555.41
(1,(2,3),((4,6),5)); -4541.44 -1.89135 30.8665 13.6576 -4560.54
(1,(2,3),((4,6),5)); -4540.65 -1.89135 31.1027 13.1726 -4560.47
(1,(2,3),(4,(5,6))); -4539.58 -1.62746 27.5508 13.4175 -4555.34
(1,2,(3,((4,6),5))); -4535.5 -1.78113 28.0443 13.6921 -4551.63
(1,(2,3),((4,6),5)); -4543.93 -1.89135 28.2438 13.2768 -4560.79
(1,2,(3,(4,(5,6)))); -4531.47 -1.51724 32.1398 13.6347 -4551.49
(1,2,(3,((4,6),5))); -4535.05 -1.78113 28.6492 13.5034 -4551.98
(1,(2,3),(4,(5,6))); -4539.02 -1.62746 27.747 13.213 -4555.19
(1,(2,(4,(5,6))),3); -4539.83 -2.01024 27.725 13.7169 -4555.85
(1,(2,3),(4,(5,6))); -4537.05 -1.62746 29.9498 13.4825 -4555.15
(1,2,(3,((4,6),5))); -4534.99 -1.78113 29.0492 13.5528 -4552.27
(1,(2,3),((4,6),5)); -4548.26 -1.89135 23.1596 13.2957 -4560.01
(1,(2,((4,6),5)),3); -4543.41 -2.27414 27.1793 13.8168 -4559.05
(1,2,(3,(4,(5,6)))); -4535.08 -1.51724 27.8953 13.1943 -4551.3
(1,(2,((4,6),5)),3); -4539.98 -2.27414 29.3668 13.1426 -4558.48
(1,(2,3),(4,(5,6))); -4538.41 -1.62746 29.3235 13.9011 -4555.46
(1,2,(3,(4,(5,6)))); -4534.87 -1.51724 27.806 13.0045 -4551.19
(1,2,(3,((4,6),5))); -4538.1 -1.78113 26.5849 13.9455 -4552.52
(1,(2,(4,(5,6))),3); -4536.34 -2.01024 30.8759 13.4789 -4555.75
(1,(2,(4,(5,6))),3); -4538.91 -2.01024 27.8945 13.2965 -4555.52
(1,2,(3,(4,(5,6)))); -4537.56 -1.51724 26.7007 13.887 -4551.89
(1,(2,3),(4,(5,6))); -4537.22 -1.62746 29.5716 13.4803 -4554.94
(1,(2,3),(4,(5,6))); -4539.38 -1.62746 26.6841 13.0104 -4554.68
(1,(2,3),(4,(5,6))); -4535.13 -1.62746 32.4159 13.7923 -4555.39
(1,(2,(4,(5,6))),3); -4538.78 -2.01024 28.2925 13.4885 -4555.6
(1,2,(3,(4,(5,6)))); -4536.02 -1.51724 26.6232 13.2317 -4550.93
(1,2,(3,((4,6),5))); -4537.63 -1.78113 25.7529 13.3709 -4551.79
(1,2,(3,(4,(5,6)))); -4531.97 -1.51724 31.4518 13.4432 -4551.49
(1,(2,(4,(5,6))),3); -4536.28 -2.01024 31.0623 13.4569 -4555.9
(1,(2,3),((4,6),5)); -4541.64 -1.89135 29.4769 13.091 -4559.92
(1,(2,(4,(5,6))),3); -4542.98 -2.01024 24.8153 13.799 -4556
(1,(2,3),((4,6),5)); -4542.5 -1.89135 29.5863 13.2849 -4560.69
(1,(2,3),(4,(5,6))); -4538.59 -1.62746 27.9118 13.3114 -4554.82
(1,2,(3,((4,6),5))); -4531.36 -1.78113 32.0906 13.4726 -4551.76
(1,(2,((4,6),5)),3); -4543.47 -2.27414 26.3346 13.2197 -4558.86
(1,(2,3),((4,6),5)); -4543.44 -1.89135 27.9663 12.9911 -4560.31
(1,2,(3,(4,(5,6)))); -4534.9 -1.51724 28.5347 13.387 -4551.57
(1,(2,((4,6),5)),3); -4540.87 -2.27414 29.6009 13.7025 -4559.04
(1,(2,3),(4,(5,6))); -4538.08 -1.62746 29.5147 14.081 -4555.14
(1,2,(3,((4,6),5))); -4534.4 -1.78113 29.2453 13.5566 -4551.87
(1,2,(3,(4,(5,6)))); -4534.76 -1.51724 29.6321 13.9624 -4551.94
(1,2,(3,(4,(5,6)))); -4532.65 -1.51724 31.4608 13.9758 -4551.65
(1,(2,(4,(5,6))),3); -4537.31 -2.01024 29.9783 13.2824 -4556.01
(1,(2,(4,(5,6))),3); -4537.04 -2.01024 30.3226 13.3493 -4556.02
(1,(2,(4,(5,6))),3); -4537.21 -2.01024 29.6905 13.3885 -4555.52
(1,(2,((4,5),6)),3); -4547.89 -5.21056 29.0614 13.2127 -4568.95
(1,(2,3),(4,(5,6))); -4534.9 -1.62746 31.6072 13.2875 -4554.85
(1,(2,(4,(5,6))),3); -4536.08 -2.01024 30.8469 13.5085 -4555.43
(1,(2,3),((4,6),5)); -4540.13 -1.89135 31.7524 13.1164 -4560.65
(1,2,(3,(4,(5,6)))); -4538.15 -1.51724 25.3074 13.4561 -4551.52
(1,(2,(4,(5,6))),3); -4538.06 -2.01024 28.4211 13.165 -4555.33
(1,(2,3),(4,(5,6))); -4536.3 -1.62746 30.965 13.795 -4555.1
(1,(2,3),((4,6),5)); -4542.81 -1.89135 28.6773 13.3048 -4560.08
(1,(2,3),(4,(5,6))); -4536.84 -1.62746 30.529 13.7291 -4555.26
(1,(2,3),((4,6),5)); -4542.35 -1.89135 30.0904 13.5565 -4560.77
(1,2,(3,((4,6),5))); -4536.08 -1.78113 27.5365 13.0978 -4552.3
(1,2,(3,((4,6),5))); -4536.64 -1.78113 26.1585 12.8771 -4551.7
(1,2,(3,(4,(5,6)))); -4534.11 -1.51724 28.8963 13.3581 -4551.16
(1,(2,3),((4,5),6)); -4544.62 -4.82777 32.879 13.3122 -4569.02
(1,(2,3),(4,(5,6))); -4540.5 -1.62746 25.9361 13.4953 -4554.57
(1,(2,3),((4,6),5)); -4541.98 -1.89135 29.8337 13.2577 -4560.45
(1,(2,3),((4,6),5)); -4540.49 -1.89135 31.799 13.3965 -4560.78
(1,(2,3),(4,(5,6))); -4538.91 -1.62746 28.0763 13.3975 -4555.22
(1,(2,3),((4,6),5)); -4543.58 -1.89135 28.2349 13.354 -4560.35
(1,2,(3,(4,(5,6)))); -4537.21 -1.51724 27.1668 14.0078 -4551.89
(1,(2,((4,6),5)),3); -4543.58 -2.27414 26.0543 13.1895 -4558.72
(1,2,(3,(4,(5,6)))); -4538.57 -1.51724 24.8614 13.4457 -4551.5
(1,(2,((4,6),5)),3); -4541.56 -2.27414 28.7172 13.9533 -4558.6
(1,2,(3,((4,6),5))); -4533.81 -1.78113 30.6604 13.94 -4552.31
(1,(2,3),((4,6),5)); -4545.85 -1.89135 25.2424 13.6644 -4559.32
(1,2,(3,((4,6),5))); -4533.48 -1.78113 30.1358 13.4929 -4551.91
(1,2,(3,((4,6),5))); -4537.34 -1.78113 26.5532 13.4827 -4552.19
(1,(2,3),(4,(5,6))); -4535.75 -1.62746 31.1841 13.6524 -4554.91
(1,(2,3),((4,6),5)); -4543.6 -1.89135 28.8077 13.5409 -4560.76
(1,2,(3,(4,(5,6)))); -4539.13 -1.51724 24.5645 13.681 -4551.53
(1,(2,((4,6),5)),3); -4538.95 -2.27414 31.1399 13.6205 -4558.74
(1,(2,3),((4,6),5)); -4545.23 -1.89135 27.2336 13.4251 -4560.93
(1,(2,(4,(5,6))),3); -4537.46 -2.01024 28.9125 12.939 -4555.45
(1,(2,3),(4,(5,6))); -4537.38 -1.62746 29.8218 13.5932 -4555.23
(1,(2,(4,(5,6))),3); -4536.1 -2.01024 30.7632 13.4868 -4555.38
(1,(2,3),((4,6),5)); -4542.38 -1.89135 29.8051 13.3655 -4560.71
(1,(2,3),(4,(5,6))); -4540.9 -1.62746 26.5268 13.7733 -4555.28
(1,(2,3),(4,(5,6))); -4542.12 -1.62746 24.8883 13.4974 -4555.14
(1,2,(3,(4,(5,6)))); -4531.14 -1.51724 32.0638 13.4212 -4551.3
(1,2,(3,((4,6),5))); -4539.57 -1.78113 24.5121 13.7728 -4552.09
(1,(2,(4,(5,6))),3); -4536.67 -2.01024 30.6613 13.6039 -4555.74
(1,2,(3,((4,6),5))); -4533.21 -1.78113 30.9608 13.7087 -4552.24
(1,(2,3),(4,(5,6))); -4534.26 -1.62746 32.7206 13.4664 -4555.14
(1,(2,3),((4,6),5)); -4542.16 -1.89135 30.1353 13.2329 -4560.96
(1,(2,((4,6),5)),3); -4540.42 -2.27414 29.216 13.1209 -4558.79
(1,(2,3),((4,6),5)); -4541.5 -1.89135 30.1571 13.6091 -4559.94
(1,(2,3),(4,(5,6))); -4537.88 -1.62746 28.7486 13.2057 -4555.05
(1,2,(3,(4,(5,6)))); -4538.07 -1.51724 26.0053 14.1216 -4551.47
(1,(2,3),(4,(5,6))); -4535.76 -1.62746 30.7985 13.4226 -4554.76
(1,(2,3),(4,(5,6))); -4534.39 -1.62746 32.6262 13.6002 -4555.04
(1,(2,3),(4,(5,6))); -4536.34 -1.62746 30.6519 13.4895 -4555.13
(1,(2,(4,(5,6))),3); -4537.09 -2.01024 29.0533 12.8579 -4555.29
(1,(2,3),((4,6),5)); -4543.14 -1.89135 29.2516 13.4169 -4560.87
(1,(2,((4,6),5)),3); -4539.63 -2.27414 30.7109 13.5208 -4559.09
(1,2,(3,((4,6),5))); -4532.53 -1.78113 30.8171 13.4478 -4551.68
(1,(2,3),((4,6),5)); -4543.99 -1.89135 27.8975 13.3615 -4560.42
(1,(2,(4,(5,6))),3); -4535.02 -2.01024 32.1249 13.3266 -4555.82
(1,(2,3),((4,6),5)); -4542.38 -1.89135 29.2787 13.2502 -4560.3
(1,2,(3,((4,6),5))); -4534.58 -1.78113 29.7118 13.6335 -4552.44
(1,(2,3),((4,6),5)); -4541.34 -1.89135 31.281 13.7169 -4560.79
(1,2,(3,((4,6),5))); -4534.54 -1.78113 28.8932 13.5569 -4551.66
(1,2,(3,(4,(5,6)))); -4532.54 -1.51724 30.7615 13.376 -4551.44
(1,2,(3,((4,6),5))); -4536.54 -1.78113 26.941 13.5128 -4551.75
(1,(2,3),(4,(5,6))); -4536.99 -1.62746 30.3036 13.6451 -4555.27
(1,(2,((4,6),5)),3); -4538.7 -2.27414 31.155 13.2703 -4558.86
(1,(2,((4,6),5)),3); -4539.67 -2.27414 30.1913 13.1619 -4558.98
(1,(2,((4,6),5)),3); -4539.85 -2.27414 30.3049 13.6557 -4558.77
(1,(2,3),(4,(5,6))); -4537.12 -1.62746 30.054 13.5686 -4555.24
(1,(2,(4,(5,6))),3); -4537.18 -2.01024 30.3899 13.6357 -4555.94
(1,(2,((4,6),5)),3); -4539.92 -2.27414 30.1137 13.5096 -4558.8
(1,2,(3,((4,6),5))); -4532.81 -1.78113 31.0685 13.6827 -4551.98
(1,2,(3,(4,(5,6)))); -4536.38 -1.51724 27.6939 13.974 -4551.62
(1,2,(3,(4,(5,6)))); -4536.78 -1.51724 26.2507 13.2555 -4551.29
(1,(2,((4,6),5)),3); -4540.38 -2.27414 29.3341 13.5983 -4558.39
(1,(2,((4,6),5)),3); -4542.24 -2.27414 27.2649 13.1068 -4558.67
(1,(2,3),((4,6),5)); -4539.05 -1.89135 32.6044 13.2611 -4560.28
(1,2,(3,((4,6),5))); -4535.26 -1.78113 28.2082 13.3686 -4551.88
(1,2,(3,((4,5),6))); -4539.69 -4.71755 30.6612 13.4285 -4561.64
(1,2,(3,(4,(5,6)))); -4533.58 -1.51724 30.6372 13.744 -4551.99
(1,(2,(4,(5,6))),3); -4536.76 -2.01024 30.5518 13.7022 -4555.62
(1,(2,3),((4,5),6)); -4550.1 -4.82777 27.6226 13.5032 -4569.05
(1,2,(3,(4,(5,6)))); -4532.5 -1.51724 31.8093 13.9437 -4551.88
(1,(2,3),(4,(5,6))); -4537.46 -1.62746 30.1215 13.6666 -4555.54
(1,2,(3,((4,6),5))); -4536.46 -1.78113 26.5303 13.2825 -4551.49
(1,2,(3,((4,6),5))); -4535.26 -1.78113 28.1639 13.509 -4551.7
(1,(2,3),(4,(5,6))); -4536.7 -1.62746 30.1976 13.2787 -4555.25
(1,2,(3,(4,(5,6)))); -4533.01 -1.51724 30.4075 13.3632 -4551.57
(1,(2,3),(4,(5,6))); -4536.46 -1.62746 30.2826 13.4106 -4554.96
(1,2,(3,((4,6),5))); -4535.14 -1.78113 29.2151 13.7738 -4552.36
(1,2,(3,(4,(5,6)))); -4536.12 -1.51724 27.0541 13.46 -4551.23
(1,(2,(4,(5,6))),3); -4537.92 -2.01024 28.4081 13.1188 -4555.22
(1,2,(3,(4,(5,6)))); -4533.81 -1.51724 29.5756 13.3978 -4551.51
(1,2,(3,((4,6),5))); -4532.77 -1.78113 30.8939 13.334 -4552.11
(1,(2,3),((4,6),5)); -4541.51 -1.89135 29.978 13.1967 -4560.18
(1,(2,3),((4,6),5)); -4542.53 -1.89135 30.0962 13.7586 -4560.76
(1,2,(3,(4,(5,6)))); -4533.45 -1.51724 30.2287 13.4676 -4551.73
(1,(2,3),(4,(5,6))); -4536.76 -1.62746 30.347 13.3759 -4555.36
(1,(2,(4,(5,6))),3); -4538.4 -2.01024 29.0726 13.6816 -4555.8
(1,(2,(4,(5,6))),3); -4538.54 -2.01024 29.0507 13.52 -4556.08
(1,(2,(4,(5,6))),3); -4537.5 -2.01024 29.2596 13.0552 -4555.71
(1,(2,3),((4,6),5)); -4543.32 -1.89135 28.8463 13.1905 -4560.87
(1,2,(3,((4,6),5))); -4535.92 -1.78113 27.9418 13.2069 -4552.44
(1,2,(3,(4,(5,6)))); -4530.62 -1.51724 33.0059 13.6571 -4551.49
(1,2,(3,((4,6),5))); -4533.9 -1.78113 29.7981 13.47 -4552.01
(1,2,(3,((4,6),5))); -4534.19 -1.78113 28.8655 13.1465 -4551.69
(1,(2,3),((4,6),5)); -4543.41 -1.89135 29.0319 13.8302 -4560.5
(1,2,(3,(4,(5,6)))); -4533.46 -1.51724 30.6695 14.0516 -4551.6
(1,2,(3,((4,6),5))); -4532.12 -1.78113 32.0588 13.9218 -4552.04
(1,2,(3,((4,6),5))); -4532.29 -1.78113 30.6782 13.2449 -4551.51
(1,(2,3),(4,(5,6))); -4534.24 -1.62746 32.5103 13.3477 -4555.03
(1,2,(3,(4,(5,6)))); -4537.64 -1.51724 25.9133 13.3974 -4551.67
(1,(2,(4,(5,6))),3); -4538.31 -2.01024 29.4653 13.7812 -4556.01
(1,(2,(4,(5,6))),3); -4535.27 -2.01024 32.0616 13.6598 -4555.68
(1,(2,((4,6),5)),3); -4545.69 -2.27414 24.4484 13.6578 -4558.76
(1,2,(3,((4,6),5))); -4535.78 -1.78113 28.052 13.6746 -4551.94
(1,(2,(4,(5,6))),3); -4535.31 -2.01024 31.8682 13.4598 -4555.73
(1,(2,(4,(5,6))),3); -4536.53 -2.01024 31.1321 13.7882 -4555.89
(1,(2,3),(4,(5,6))); -4538 -1.62746 28.7405 13.6601 -4554.71
(1,(2,3),((4,6),5)); -4540.45 -1.89135 31.1942 13.1532 -4560.38
(1,(2,3),(4,(5,6))); -4535.79 -1.62746 31.5058 13.7941 -4555.13
(1,2,(3,(4,(5,6)))); -4535.55 -1.51724 28.1098 13.3167 -4551.86
(1,(2,3),((4,6),5)); -4541.21 -1.89135 31.2977 13.3978 -4561
(1,(2,3),((4,6),5)); -4540.37 -1.89135 31.5497 13.5244 -4560.29
(1,(2,3),(4,(5,6))); -4537.22 -1.62746 29.3962 13.483 -4554.77
(1,(2,3),(4,(5,6))); -4534.89 -1.62746 31.8083 13.4377 -4554.89
(1,2,(3,(4,(5,6)))); -4533.38 -1.51724 30.7107 13.8917 -4551.72
(1,2,(3,((4,6),5))); -4534.84 -1.78113 29.1019 13.6511 -4552.07
(1,(2,3),(4,(5,6))); -4539.55 -1.62746 27.3229 13.7834 -4554.72
(1,(2,((4,6),5)),3); -4544.81 -2.27414 25.102 13.1185 -4559.06
(1,(2,(4,(5,6))),3); -4537.62 -2.01024 29.9563 13.4471 -4556.14
(1,(2,3),(4,(5,6))); -4536.74 -1.62746 29.8388 13.31 -4554.9
(1,2,(3,(4,(5,6)))); -4535.97 -1.51724 28.4054 13.8368 -4552.06
(1,(2,(4,(5,6))),3); -4535.42 -2.01024 31.71 13.528 -4555.61
(1,2,(3,((4,6),5))); -4531.24 -1.78113 32.9501 13.8064 -4552.16
(1,2,(3,((4,6),5))); -4533.78 -1.78113 29.8413 13.3856 -4552.01
(1,(2,((4,6),5)),3); -4542.76 -2.27414 28.1293 14.0209 -4559.14
(1,(2,((4,6),5)),3); -4540.33 -2.27414 29.6181 13.5276 -4558.69
(1,(2,(4,(5,6))),3); -4537.21 -2.01024 29.1764 13.0904 -4555.31
(1,2,(3,((4,6),5))); -4532.84 -1.78113 30.5857 13.4552 -4551.75
(1,(2,3),(4,(5,6))); -4537.37 -1.62746 29.1594 12.9579 -4555.2
(1,2,(3,(4,(5,6)))); -4534.86 -1.51724 27.8726 13.1504 -4551.1
(1,2,(3,((4,6),5))); -4535.35 -1.78113 28.9996 13.6723 -4552.46
(1,2,(3,(4,(5,6)))); -4533.57 -1.51724 29.6274 13.2675 -4551.45
(1,(2,((4,6),5)),3); -4541.4 -2.27414 27.645 12.9133 -4558.41
(1,(2,(4,(5,6))),3); -4538.64 -2.01024 28.4447 13.5491 -4555.55
(1,(2,3),(4,(5,6))); -4539.35 -1.62746 27.7232 13.3086 -4555.39
(1,(2,3),((4,6),5)); -4540.84 -1.89135 31.5834 13.5917 -4560.72
(1,(2,(4,(5,6))),3); -4538.84 -2.01024 28.3628 13.5833 -4555.63
(1,2,(3,(4,(5,6)))); -4535.51 -1.51724 27.4728 13.5418 -4550.96
(1,2,(3,(4,(5,6)))); -4534.71 -1.51724 28.1267 12.9708 -4551.38
(1,(2,3),((4,6),5)); -4546.32 -1.89135 25.9886 13.3397 -4560.86
(1,(2,3),(4,(5,6))); -4540.85 -1.62746 25.532 12.8596 -4555.15
(1,2,(3,((4,6),5))); -4533.14 -1.78113 30.3225 13.4337 -4551.81
(1,2,(3,(4,(5,6)))); -4535.16 -1.51724 28.5662 13.2716 -4551.98
(1,(2,3),((4,6),5)); -4541.13 -1.89135 30.8084 13.3425 -4560.48
(1,(2,((4,6),5)),3); -4543 -2.27414 27.6355 13.8931 -4559.02
(1,(2,3),(4,(5,6))); -4535.9 -1.62746 30.8818 13.5026 -4554.91
(1,2,(3,(4,(5,6)))); -4534.17 -1.51724 29.3391 13.3593 -4551.67
(1,2,(3,(4,(5,6)))); -4534.38 -1.51724 28.6315 13.3 -4551.23
(1,(2,3),((4,6),5)); -4543.16 -1.89135 28.6822 13.1826 -4560.55
(1,(2,3),(4,(5,6))); -4535.9 -1.62746 31.1243 13.6022 -4555.05
(1,(2,((4,6),5)),3); -4543.3 -2.27414 27.2487 13.6973 -4559.13
(1,(2,((4,6),5)),3); -4539.14 -2.27414 31.1222 13.5506 -4558.99
(1,2,(3,((4,6),5))); -4533.81 -1.78113 30.1383 13.6292 -4552.1
(1,(2,3),((4,6),5)); -4547.3 -1.89135 25.2241 13.6813 -4560.74
(1,(2,3),(4,(5,6))); -4536.73 -1.62746 30.4338 13.5388 -4555.26
(1,2,(3,(4,(5,6)))); -4533.59 -1.51724 29.9534 13.8103 -4551.25
(1,(2,3),(4,(5,6))); -4537.12 -1.62746 30.3968 13.5744 -4555.57
(1,(2,3),(4,(5,6))); -4550.68 -1.62746 15.0361 12.4115 -4554.93
(1,2,(3,((4,6),5))); -4535.02 -1.78113 28.3578 13.3215 -4551.84
(1,2,(3,((4,6),5))); -4533.59 -1.78113 30.7365 13.919 -4552.19
(1,(2,3),(4,(5,6))); -4539.29 -1.62746 27.531 13.2092 -4555.24
(1,(2,((4,6),5)),3); -4538.77 -2.27414 30.9503 13.1385 -4558.85
(1,(2,3),(4,(5,6))); -4533.96 -1.62746 33.2204 13.539 -4555.27
(1,(2,3),(4,(5,6))); -4535.47 -1.62746 31.8762 13.7545 -4555.22
(1,2,(3,((4,6),5))); -4532.29 -1.78113 31.6904 13.785 -4551.98
(1,2,(3,(4,(5,6)))); -4532.5 -1.51724 30.9678 13.5533 -4551.44
(1,(2,3),((4,6),5)); -4541.21 -1.89135 30.8342 13.3142 -4560.62
(1,(2,((4,6),5)),3); -4540.75 -2.27414 28.5843 12.9516 -4558.66
(1,(2,((4,6),5)),3); -4538.04 -2.27414 31.8617 13.2817 -4558.89
(1,(2,3),((4,6),5)); -4543.07 -1.89135 29.0632 13.6731 -4560.35
(1,2,(3,(4,(5,6)))); -4531.99 -1.51724 31.3518 13.4036 -4551.46
(1,(2,3),((4,6),5)); -4542.66 -1.89135 29.3012 13.6648 -4560.19
(1,2,(3,(4,(5,6)))); -4537.1 -1.51724 26.167 13.2266 -4551.56
(1,(2,3),(4,(5,6))); -4536.22 -1.62746 30.7735 13.5279 -4555.09
(1,(2,3),((4,5),6)); -4549.88 -4.82777 28.0387 13.6379 -4569.11
(1,2,(3,(4,(5,6)))); -4537.34 -1.51724 26.2293 13.6271 -4551.46
(1,2,(3,(4,(5,6)))); -4535.56 -1.51724 27.8505 13.2683 -4551.66
(1,2,(3,(4,(5,6)))); -4538.43 -1.51724 24.6127 13.3425 -4551.22
(1,(2,3),(4,(5,6))); -4537.53 -1.62746 29.6358 13.2932 -4555.5
(1,(2,((4,6),5)),3); -4541.28 -2.27414 29.6947 14.1147 -4559.13
(1,(2,3),((4,6),5)); -4542.14 -1.89135 30.1673 13.8269 -4560.37
(1,2,(3,(4,(5,6)))); -4534.83 -1.51724 28.9617 13.6473 -4551.66
(1,(2,3),(4,(5,6))); -4535.93 -1.62746 30.9806 13.4241 -4555.12
(1,(2,3),(4,(5,6))); -4537.27 -1.62746 30.5912 13.9677 -4555.53
(1,2,(3,((4,6),5))); -4537.72 -1.78113 26.32 13.6485 -4552.17
(1,(2,3),(4,(5,6))); -4537.53 -1.62746 29.0187 13.38 -4554.8
(1,(2,3),(4,(5,6))); -4536.09 -1.62746 30.7379 13.1166 -4555.34
(1,2,(3,((4,6),5))); -4537.43 -1.78113 26.4528 13.3542 -4552.31
(1,(2,3),(4,(5,6))); -4538.45 -1.62746 28.3674 13.5851 -4554.86
(1,2,(3,((4,6),5))); -4532.92 -1.78113 31.0322 13.8095 -4551.92
(1,(2,((4,6),5)),3); -4540.22 -2.27414 29.8152 13.6194 -4558.69
(1,(2,3),((4,6),5)); -4542.53 -1.89135 29.6454 13.4359 -4560.63
(1,(2,3),((4,6),5)); -4540.65 -1.89135 31.4821 13.4213 -4560.6
(1,(2,3),((4,5),6)); -4546.55 -4.82777 30.3439 13.071 -4568.65
(1,(2,3),((4,6),5)); -4543.19 -1.89135 28.9068 13.1847 -4560.8
(1,2,(3,((4,6),5))); -4535.27 -1.78113 29.1374 14.0268 -4552.16
(1,2,(3,((4,6),5))); -4535.47 -1.78113 28.1128 13.5546 -4551.81
(1,(2,(4,(5,6))),3); -4538.26 -2.01024 28.4444 13.0523 -4555.66
(1,(2,3),(4,(5,6))); -4538.21 -1.62746 29.8223 14.063 -4555.59
(1,(2,3),(4,(5,6))); -4541.47 -1.62746 25.5583 13.5486 -4555.11
(1,2,(3,(4,(5,6)))); -4532.82 -1.51724 30.9602 13.6736 -4551.62
(1,(2,3),((4,5),6)); -4549.02 -4.82777 28.8571 13.2674 -4569.44
(1,(2,3),(4,(5,6))); -4536.62 -1.62746 29.9189 13.3121 -4554.85
(1,(2,3),(4,(5,6))); -4539.12 -1.62746 28.3316 13.9508 -4555.12
(1,2,(3,((4,5),6))); -4538.63 -4.71755 30.4616 13.3637 -4560.45
(1,2,(3,(4,(5,6)))); -4535.58 -1.51724 27.3419 13.1416 -4551.3
(1,(2,3),((4,6),5)); -4543.1 -1.89135 29.2889 13.8387 -4560.44
(1,2,(3,((4,6),5))); -4531.66 -1.78113 32.1757 13.5337 -4552.09
(1,2,(3,((4,6),5))); -4534.93 -1.78113 29.1369 13.8143 -4552.04
(1,2,(3,((4,6),5))); -4532.78 -1.78113 30.7284 13.4478 -4551.84
(1,(2,3),((4,6),5)); -4544.08 -1.89135 28.3354 13.1965 -4561.11
(1,(2,3),(4,(5,6))); -4540.6 -1.62746 26.527 13.8174 -4554.94
(1,(2,3),((4,6),5)); -4549.54 -1.89135 21.7515 12.9207 -4560.26
(1,2,(3,(4,(5,6)))); -4535.46 -1.51724 27.6626 13.5269 -4551.11
(1,(2,(4,(5,6))),3); -4535.76 -2.01024 31.7185 13.4374 -4556.05
(1,(2,(4,(5,6))),3); -4537.79 -2.01024 29.4728 13.593 -4555.68
(1,(2,3),(4,(5,6))); -4537.28 -1.62746 30.2342 13.8215 -4555.32
(1,2,(3,(4,(5,6)))); -4536.55 -1.51724 27.2304 13.5034 -4551.79
(1,(2,((4,6),5)),3); -4539.83 -2.27414 29.445 12.9604 -4558.59
(1,(2,3),((4,6),5)); -4542 -1.89135 29.5161 13.2027 -4560.2
(1,2,(3,((4,6),5))); -4538.71 -1.78113 26.0243 14.2618 -4552.26
(1,(2,((4,6),5)),3); -4538.76 -2.27414 31.146 13.5405 -4558.64
(1,2,(3,(4,(5,6)))); -4536.36 -1.51724 26.4193 13.0683 -4551.23
(1,2,(3,(4,(5,6)))); -4534.73 -1.51724 28.5893 13.3571 -4551.48
(1,(2,3),((4,6),5)); -4540.43 -1.89135 31.9369 13.4972 -4560.76
(1,2,(3,(4,(5,6)))); -4539.08 -1.51724 24.3046 13.6522 -4551.25
(1,2,(3,((4,6),5))); -4532.96 -1.78113 31.0307 13.4799 -4552.29
(1,(2,3),(4,(5,6))); -4534.81 -1.62746 32.021 13.485 -4554.97
(1,(2,((4,6),5)),3); -4544.73 -2.27414 25.486 13.7064 -4558.78
(1,2,(3,(4,(5,6)))); -4531.41 -1.51724 32.1895 13.739 -4551.38
(1,(2,3),(4,(5,6))); -4536.82 -1.62746 30.3697 13.7629 -4555.06
(1,2,(3,((4,6),5))); -4534.8 -1.78113 28.3755 13.3373 -4551.62
(1,2,(3,((4,6),5))); -4532.88 -1.78113 31.1618 13.4675 -4552.35
(1,(2,(4,(5,6))),3); -4537.86 -2.01024 28.9633 13.5911 -4555.24
(1,(2,3),((4,6),5)); -4544.2 -1.89135 28.6826 13.9595 -4560.82
(1,2,(3,(4,(5,6)))); -4534.14 -1.51724 29.95 13.9988 -4551.61
(1,2,(3,(4,(5,6)))); -4533.34 -1.51724 29.9748 13.423 -4551.41
(1,(2,3),(4,(5,6))); -4537.47 -1.62746 30.2427 13.8073 -4555.53
(1,(2,3),((4,6),5)); -4543.35 -1.89135 28.7704 13.4297 -4560.58
(1,2,(3,(4,(5,6)))); -4535.24 -1.51724 28.6527 13.7473 -4551.67
(1,2,(3,(4,(5,6)))); -4534.3 -1.51724 28.6613 13.3683 -4551.11
(1,(2,3),((4,6),5)); -4542.21 -1.89135 29.6209 13.4949 -4560.23
(1,2,(3,((4,6),5))); -4537.35 -1.78113 26.9443 13.8603 -4552.21
(1,2,(3,((4,6),5))); -4534.86 -1.78113 28.9542 13.4898 -4552.1
(1,(2,((4,6),5)),3); -4540.47 -2.27414 29.7783 13.5533 -4558.96
(1,2,(3,(4,(5,6)))); -4534.93 -1.51724 28.9144 13.5538 -4551.8
(1,2,(3,((4,6),5))); -4536.13 -1.78113 27.242 13.2704 -4551.89
(1,(2,3),((4,6),5)); -4545.27 -1.89135 27.3838 13.9584 -4560.58
(1,2,(3,(4,(5,6)))); -4533.03 -1.51724 31.1471 13.7873 -4551.91
(1,(2,3),(4,(5,6))); -4541.22 -1.62746 26.4679 14.0102 -4555.3
(1,2,(3,((4,6),5))); -4532.47 -1.78113 30.9034 13.2728 -4551.88
(1,2,(3,((4,6),5))); -4533.83 -1.78113 30.1006 13.4707 -4552.24
(1,(2,3),(4,(5,6))); -4537.44 -1.62746 29.9843 13.7906 -4555.27
(1,(2,((4,6),5)),3); -4538.4 -2.27414 30.9358 13.3163 -4558.3
(1,(2,((4,6),5)),3); -4542.76 -2.27414 27.907 13.739 -4559.2
(1,2,(3,(4,(5,6)))); -4539.62 -1.51724 23.7195 13.2462 -4551.61
(1,(2,(4,(5,6))),3); -4537 -2.01024 30.4953 13.7023 -4555.8
(1,(2,3),((4,6),5)); -4544.18 -1.89135 27.7576 13.6262 -4560.21
(1,(2,((4,6),5)),3); -4538.58 -2.27414 31.145 13.2858 -4558.71
(1,2,(3,((4,6),5))); -4538.59 -1.78113 24.9366 13.6914 -4551.62
(1,(2,3),((4,6),5)); -4547.05 -1.89135 25.0158 13.6321 -4560.32
(1,(2,3),((4,6),5)); -4541.35 -1.89135 31.037 13.5812 -4560.7
(1,(2,(4,(5,6))),3); -4538.77 -2.01024 28.5181 13.7246 -4555.58
(1,(2,((4,6),5)),3); -4540.37 -2.27414 28.8334 13.1662 -4558.31
(1,2,(3,(4,(5,6)))); -4532.72 -1.51724 30.3849 13.2073 -4551.41
(1,(2,3),((4,6),5)); -4543.83 -1.89135 28.6197 13.7164 -4560.63
(1,(2,((4,6),5)),3); -4539.26 -2.27414 30.0904 13.0185 -4558.6
(1,(2,(4,(5,6))),3); -4538.73 -2.01024 28.7879 13.849 -4555.68
(1,2,(3,(4,(5,6)))); -4531.69 -1.51724 31.9319 13.6206 -4551.52
(1,(2,(4,(5,6))),3); -4535.48 -2.01024 32.2833 13.6653 -4556.11
(1,(2,3),(4,(5,6))); -4544.1 -1.62746 23.6966 14.2969 -4555.12
(1,(2,3),(4,(5,6))); -4535.96 -1.62746 31.1935 13.2876 -4555.49
(1,(2,3),((4,6),5)); -4545.2 -1.89135 26.2554 12.8718 -4560.47
(1,(2,3),((4,6),5)); -4544.01 -1.89135 28.1443 13.549 -4560.5
(1,(2,3),((4,6),5)); -4550.05 -1.89135 21.6872 13.4632 -4560.16
(1,(2,((4,6),5)),3); -4542.79 -2.27414 26.925 13.2194 -4558.77
(1,2,(3,(4,(5,6)))); -4535.35 -1.51724 29.1394 14.2951 -4551.71
(1,(2,3),(4,(5,6))); -4537.61 -1.62746 28.7397 12.9772 -4555
(1,(2,(4,(5,6))),3); -4540.99 -2.01024 25.6366 13.0373 -4555.6
(1,(2,(4,(5,6))),3); -4537.78 -2.01024 28.918 13.2396 -4555.47
(1,2,(3,(4,(5,6)))); -4532.89 -1.51724 29.9636 13.1402 -4551.23
(1,(2,3),((4,6),5)); -4541.15 -1.89135 30.7726 13.3572 -4560.45
(1,2,(3,(4,(5,6)))); -4533.72 -1.51724 29.9377 13.3249 -4551.85
(1,(2,((4,6),5)),3); -4540.09 -2.27414 29.4362 13.4372 -4558.36
(1,2,(3,(4,(5,6)))); -4532.9 -1.51724 31.1588 13.8119 -4551.76
(1,(2,3),(4,(5,6))); -4535.56 -1.62746 31.0592 13.2657 -4554.98
(1,2,(3,(4,(5,6)))); -4532.21 -1.51724 31.2246 13.5394 -4551.41
(1,(2,(4,(5,6))),3); -4536.83 -2.01024 30.4826 13.6113 -4555.72
(1,2,(3,((4,6),5))); -4532.74 -1.78113 31.0659 13.3785 -4552.21
(1,2,(3,(4,(5,6)))); -4531.58 -1.51724 32.069 13.7106 -4551.46
(1,2,(3,(4,(5,6)))); -4533.57 -1.51724 29.9387 13.3609 -4551.66
(1,(2,((4,6),5)),3); -4538.12 -2.27414 31.2607 13.2078 -4558.45
(1,2,(3,(4,(5,6)))); -4532.67 -1.51724 30.9802 13.4018 -4551.77
(1,(2,(4,(5,6))),3); -4535.32 -2.01024 31.8283 13.5302 -4555.63
(1,(2,3),(4,(5,6))); -4537.59 -1.62746 29.8854 13.9913 -4555.11
(1,(2,(4,(5,6))),3); -4543.59 -2.01024 23.6168 13.4074 -4555.81
(1,(2,3),((4,6),5)); -4545.72 -1.89135 27.3311 13.9249 -4561.01
(1,(2,3),((4,6),5)); -4540.88 -1.89135 31.2281 13.5294 -4560.47
(1,2,(3,((4,6),5))); -4532.84 -1.78113 30.545 13.4044 -4551.76
(1,2,(3,((4,6),5))); -4536.14 -1.78113 27.8273 13.4357 -4552.32
(1,2,(3,((4,6),5))); -4535.17 -1.78113 28.5005 13.5182 -4551.94
(1,(2,3),((4,6),5)); -4545.3 -1.89135 26.7515 13.7534 -4560.18
(1,2,(3,((4,6),5))); -4534.88 -1.78113 28.5737 13.3366 -4551.89
(1,(2,(4,(5,6))),3); -4540.41 -2.01024 26.1677 13.3191 -4555.27
(1,((2,5),(4,6)),3); -4581.17 -6.37713 31.7195 13.4081 -4605.85
(1,(2,3),((4,6),5)); -4545.83 -1.89135 25.1953 12.878 -4560.04
(1,(2,((4,6),5)),3); -4539.84 -2.27414 30.0481 13.3805 -4558.78
(1,(2,(4,(5,6))),3); -4546.15 -2.01024 20.4387 13.0282 -4555.57
(1,2,(3,(4,(5,6)))); -4533.89 -1.51724 30.061 13.8346 -4551.63
(1,(2,(4,(5,6))),3); -4536.73 -2.01024 30.8619 13.6967 -4555.91
(1,(2,3),(4,(5,6))); -4537.39 -1.62746 29.7417 13.4557 -4555.3
(1,(2,3),(4,(5,6))); -4537.3 -1.62746 29.047 13.3215 -4554.65
(1,2,(3,((4,6),5))); -4535.85 -1.78113 28.2968 13.5469 -4552.38
(1,2,(3,(4,(5,6)))); -4535.21 -1.51724 29.1018 13.8977 -4551.94
(1,2,(3,(4,(5,6)))); -4533.67 -1.51724 29.5768 13.2303 -4551.53
(1,2,(3,((4,6),5))); -4532.64 -1.78113 31.3948 13.6451 -4552.17
(1,(2,(4,(5,6))),3); -4537.5 -2.01024 29.6038 13.3821 -4555.73
(1,(2,3),((4,6),5)); -4542.94 -1.89135 28.7219 13.3744 -4560.17
(1,(2,3),(4,(5,6))); -4535.36 -1.62746 31.3557 13.4503 -4554.89
(1,(2,((4,6),5)),3); -4539.22 -2.27414 30.942 13.4122 -4559.03
(1,2,(3,(4,(5,6)))); -4534.07 -1.51724 29.5748 13.3182 -4551.84
(1,(2,3),((4,5),6)); -4547.4 -4.82777 29.4152 13.4239 -4568.22
(1,2,(3,(4,(5,6)))); -4532.85 -1.51724 30.7269 13.6334 -4551.46
(1,(2,(4,(5,6))),3); -4537.04 -2.01024 30.0511 13.299 -4555.8
(1,2,(3,(4,(5,6)))); -4536.56 -1.51724 27.6938 13.9013 -4551.87
(1,(2,3),((4,6),5)); -4542.68 -1.89135 29.6292 13.8184 -4560.38
(1,(2,((4,5),6)),3); -4551.65 -5.21056 25.0558 13.4066 -4568.51
(1,(2,3),((4,6),5)); -4544.38 -1.89135 28.1508 13.6586 -4560.76
(1,(2,(4,(5,6))),3); -4535.91 -2.01024 31.6768 13.5369 -4556.06
(1,2,(3,((4,6),5))); -4535.21 -1.78113 27.577 12.9917 -4551.57
(1,2,(3,(4,(5,6)))); -4532.4 -1.51724 31.4548 13.6983 -4551.68
(1,(2,3),((4,6),5)); -4541.1 -1.89135 31.0258 13.3534 -4560.66
(1,(2,3),((4,6),5)); -4539.9 -1.89135 31.9732 13.233 -4560.54
(1,2,(3,(4,(5,6)))); -4536.85 -1.51724 26.3409 13.3231 -4551.39
(1,2,(3,(4,(5,6)))); -4534.38 -1.51724 28.8509 13.3195 -4551.43
(1,2,(3,(4,(5,6)))); -4532.8 -1.51724 30.9838 13.6363 -4551.67
(1,(2,(4,(5,6))),3); -4536.66 -2.01024 30.9615 13.6038 -4556.03
(1,(2,3),(4,(5,6))); -4539.37 -1.62746 28.2146 13.5903 -4555.62
(1,2,(3,(4,(5,6)))); -4531.27 -1.51724 32.2689 13.6015 -4551.45
(1,2,(3,(4,(5,6)))); -4532.85 -1.51724 31.4787 13.7892 -4552.05
(1,2,(3,(4,(5,6)))); -4534.52 -1.51724 29.1674 13.2455 -4551.96
(1,(2,3),((4,6),5)); -4544.53 -1.89135 27.9843 13.4284 -4560.98
(1,(2,3),((4,6),5)); -4542.92 -1.89135 28.9727 13.0673 -4560.72
(1,(2,(4,(5,6))),3); -4536.24 -2.01024 31.0793 13.6709 -4555.66
(1,2,(3,((4,6),5))); -4534.33 -1.78113 29.5117 13.625 -4552
(1,(2,(4,(5,6))),3); -4540.72 -2.01024 27.1242 14.1418 -4555.71
(1,2,(3,((4,6),5))); -4533.41 -1.78113 30.727 13.5809 -4552.33
(1,2,(3,(4,(5,6)))); -4531.8 -1.51724 32.0389 13.7551 -4551.6
(1,(2,(4,(5,6))),3); -4540.37 -2.01024 27.1129 13.3393 -4556.15
(1,2,(3,((4,6),5))); -4534.78 -1.78113 28.6982 13.2275 -4552.03
(1,2,(3,(4,(5,6)))); -4535.94 -1.51724 27.1362 13.2395 -4551.35
(1,(2,3),(4,(5,6))); -4535.98 -1.62746 31.4083 13.7107 -4555.3
(1,2,(3,((4,6),5))); -4533.68 -1.78113 30.5662 13.8691 -4552.16
(1,(2,3),((4,6),5)); -4543.82 -1.89135 28.3329 13.3154 -4560.73
(1,2,(3,(4,(5,6)))); -4534.02 -1.51724 29.2774 13.4299 -4551.38
(1,(2,3),((4,6),5)); -4545.07 -1.89135 26.9756 13.1751 -4560.76
(1,2,(3,(4,(5,6)))); -4534.02 -1.51724 30.0111 13.8638 -4551.69
(1,(2,((4,6),5)),3); -4540.73 -2.27414 28.4755 12.9676 -4558.52
(1,(2,3),((4,6),5)); -4541.63 -1.89135 30.8575 13.5915 -4560.79
(1,(2,((4,6),5)),3); -4540.65 -2.27414 28.8871 13.115 -4558.7
(1,2,(3,((4,6),5))); -4534.28 -1.78113 29.3037 13.3192 -4552.05
(1,2,(3,(4,(5,6)))); -4534.03 -1.51724 29.8824 13.5767 -4551.85
(1,(2,3),((4,6),5)); -4543.73 -1.89135 28.4957 13.2501 -4560.87
(1,(2,3),(4,(5,6))); -4536.74 -1.62746 30.8326 13.5462 -4555.65
(1,(2,3),(4,(5,6))); -4535.9 -1.62746 31.0731 13.3999 -4555.2
(1,2,(3,(4,(5,6)))); -4533.71 -1.51724 30.5937 13.8298 -4551.99
(1,(2,(4,(5,6))),3); -4537.06 -2.01024 29.3493 13.1748 -4555.25
(1,2,(3,((4,6),5))); -4539.12 -1.78113 24.9015 13.9085 -4551.89
(1,(2,3),(4,(5,6))); -4535.37 -1.62746 31.8739 13.7761 -4555.09
(1,2,(3,(4,(5,6)))); -4538.09 -1.51724 24.1924 12.705 -4551.09
(1,(2,3),((4,6),5)); -4548.23 -1.89135 23.4492 13.7182 -4559.85
(1,(2,((4,6),5)),3); -4540.45 -2.27414 29.4662 13.6426 -4558.55
(1,(2,(4,(5,6))),3); -4538.45 -2.01024 29.0385 13.5577 -4555.94
(1,2,(3,(4,(5,6)))); -4536.08 -1.51724 27.429 13.7741 -4551.25
(1,(2,(4,(5,6))),3); -4535.64 -2.01024 31.6554 13.3807 -4555.92
(1,2,(3,(4,(5,6)))); -4537.69 -1.51724 26.1439 13.8331 -4551.52
(1,(2,((4,6),5)),3); -4542.65 -2.27414 27.9082 13.6426 -4559.19
(1,2,(3,((4,6),5))); -4534.93 -1.78113 29.0127 13.3749 -4552.35
(1,(2,3),(4,(5,6))); -4537.4 -1.62746 30.1489 13.6043 -4555.57
(1,(2,(4,(5,6))),3); -4534.46 -2.01024 33.0088 13.6772 -4555.8
(1,2,(3,(4,(5,6)))); -4536.15 -1.51724 28.0735 13.8753 -4551.87
(1,(2,(4,(5,6))),3); -4537.23 -2.01024 30.2942 13.7616 -4555.78
(1,(2,(4,(5,6))),3); -4535.9 -2.01024 31.4738 13.6441 -4555.74
(1,(2,((4,6),5)),3); -4542.49 -2.27414 28.3761 13.9855 -4559.15
(1,(2,3),(4,(5,6))); -4536.06 -1.62746 30.2965 13.3652 -4554.62
(1,(2,3),(4,(5,6))); -4537.06 -1.62746 30.5814 14.0133 -4555.26
(1,(2,3),((4,6),5)); -4543.88 -1.89135 28.6656 13.699 -4560.74
(1,(2,3),(4,(5,6))); -4537.59 -1.62746 29.3292 13.667 -4554.88
(1,(2,((4,5),6)),3); -4546.99 -5.21056 31.4565 13.3376 -4570.32
(1,2,(3,(4,(5,6)))); -4532.44 -1.51724 31.0033 13.3607 -4551.6
(1,2,(3,(4,(5,6)))); -4532.6 -1.51724 31.413 13.9938 -4551.54
(1,(2,3),(4,(5,6))); -4538.15 -1.62746 28.4619 13.375 -4554.86
(1,2,(3,(4,(5,6)))); -4538.54 -1.51724 23.9825 13.0839 -4550.96
(1,2,(3,(4,(5,6)))); -4536.31 -1.51724 27.1379 13.6439 -4551.32
(1,(2,3),(4,(5,6))); -4537.93 -1.62746 29.1823 13.7295 -4555.01
(1,2,(3,(4,(5,6)))); -4534.14 -1.51724 29.4594 13.3082 -4551.8
(1,2,(3,(4,(5,6)))); -4532.43 -1.51724 31.2695 13.5878 -4551.63
(1,(2,(4,(5,6))),3); -4540.76 -2.01024 27.2289 13.9678 -4556.03
(1,2,(3,(4,(5,6)))); -4534.04 -1.51724 30.2536 13.964 -4551.84
(1,(2,(4,(5,6))),3); -4535.47 -2.01024 31.7281 13.6793 -4555.52
(1,2,(3,((4,6),5))); -4541.47 -1.78113 22.5691 13.3906 -4552.43
(1,2,(3,((4,6),5))); -4533.83 -1.78113 29.8605 13.3272 -4552.15
(1,(2,3),(4,(5,6))); -4534.77 -1.62746 32.1313 13.57 -4554.96
(1,(2,(4,(5,6))),3); -4536.91 -2.01024 30.6299 13.6511 -4555.9
(1,2,(3,(4,(5,6)))); -4535.7 -1.51724 27.9303 13.4359 -4551.71
(1,(2,3),(4,(5,6))); -4538.52 -1.62746 28.0532 13.3031 -4554.9
(1,(2,(4,(5,6))),3); -4535.56 -2.01024 31.6689 13.6531 -4555.58
(1,2,(3,(4,(5,6)))); -4533.52 -1.51724 30.1084 13.4531 -4551.69
(1,(2,((4,6),5)),3); -4540.01 -2.27414 29.7776 13.3306 -4558.73
(1,(2,3),(4,(5,6))); -4539.24 -1.62746 28.5159 14.0897 -4555.29
(1,(2,3),(4,(5,6))); -4538.35 -1.62746 28.6472 13.2693 -4555.35
(1,(2,((4,6),5)),3); -4541.11 -2.27414 28.246 13.4929 -4558.14
(1,(2,(4,(5,6))),3); -4538.03 -2.01024 28.8154 13.5489 -4555.31
(1,(2,3),((4,5),6)); -4547.89 -4.82777 29.9417 13.2766 -4569.38
(1,2,(3,((4,6),5))); -4535.12 -1.78113 28.9105 13.5452 -4552.26
(1,2,(3,(4,(5,6)))); -4532.75 -1.51724 30.287 13.254 -4551.3
(1,(2,(4,(5,6))),3); -4538.47 -2.01024 28.8467 13.8586 -4555.47
(1,(2,(4,(5,6))),3); -4535.46 -2.01024 32.0282 13.6083 -4555.89
(1,(2,((4,6),5)),3); -4540.16 -2.27414 30.1872 13.7871 -4558.84
(1,(2,3),(4,(5,6))); -4536.04 -1.62746 31.2442 13.7575 -4555.16
(1,(2,3),(4,(5,6))); -4537.57 -1.62746 29.7935 13.4725 -4555.52
(1,2,(3,((4,6),5))); -4533.78 -1.78113 30.0488 13.6473 -4551.96
(1,(2,3),((4,6),5)); -4539.83 -1.89135 31.9921 13.193 -4560.52
(1,2,(3,((4,6),5))); -4535.9 -1.78113 28.0926 13.2013 -4552.57
(1,(2,3),((4,6),5)); -4544.86 -1.89135 26.9142 13.6467 -4560.02
(1,(2,3),(4,(5,6))); -4536.3 -1.62746 31.4696 13.9198 -4555.47
(1,(2,3),(4,(5,6))); -4538.56 -1.62746 29.6176 13.9919 -4555.82
(1,(2,((4,6),5)),3); -4539.69 -2.27414 29.8441 13.1687 -4558.64
(1,2,(3,((4,6),5))); -4532.05 -1.78113 31.8583 13.7035 -4551.99
(1,(2,3),((4,6),5)); -4549.23 -1.89135 23.9774 14.2772 -4560.82
(1,(2,3),(4,(5,6))); -4540.67 -1.62746 27.1788 13.835 -4555.64
(1,2,(3,((4,5),6))); -4541.12 -4.71755 27.9471 13.4217 -4560.36
(1,(2,3),((4,6),5)); -4542.42 -1.89135 29.3628 13.1486 -4560.53
(1,(2,(4,(5,6))),3); -4538.96 -2.01024 28.546 13.7705 -4555.74
(1,(2,3),((4,6),5)); -4543.77 -1.89135 27.9903 13.4526 -4560.2
(1,2,(3,((4,6),5))); -4530.62 -1.78113 33.3112 13.5794 -4552.14
(1,2,(3,(4,(5,6)))); -4533.75 -1.51724 30.0526 13.661 -4551.66
(1,(2,3),((4,5),6)); -4547.33 -4.82777 31.1971 13.4401 -4569.92
(1,(2,(4,(5,6))),3); -4536.46 -2.01024 30.64 13.5825 -4555.53
(1,2,(3,(4,(5,6)))); -4533.53 -1.51724 29.944 13.6523 -4551.34
(1,2,(3,((4,6),5))); -4533.89 -1.78113 30.6302 14.0564 -4552.24
(1,2,(3,(4,(5,6)))); -4535.24 -1.51724 28.1014 13.3761 -4551.48
(1,2,(3,((4,6),5))); -4536 -1.78113 27.6999 13.6231 -4551.86
(1,(2,(4,(5,6))),3); -4540.64 -2.01024 26.4158 13.4137 -4555.65
(1,(2,((4,6),5)),3); -4540.07 -2.27414 29.8072 13.6409 -4558.51
(1,2,(3,(4,(5,6)))); -4531.8 -1.51724 31.7453 13.5081 -4551.55
(1,2,(3,((4,6),5))); -4542.12 -1.78113 21.7549 13.4332 -4552.22
(1,(2,3),(4,(5,6))); -4535.92 -1.62746 30.9107 13.2995 -4555.16
(1,(2,3),((4,5),6)); -4548.56 -4.82777 29.2063 13.7252 -4568.87
(1,(2,((4,6),5)),3); -4539.34 -2.27414 30.4403 13.4973 -4558.56
(1,(2,(4,(5,6))),3); -4536.71 -2.01024 30.0325 13.3395 -4555.41
(1,(2,((4,6),5)),3); -4541.29 -2.27414 28.9196 13.6889 -4558.8
(1,(2,3),((4,6),5)); -4541 -1.89135 31.5574 13.8192 -4560.63
(1,(2,3),(4,(5,6))); -4535.84 -1.62746 31.8948 13.7825 -4555.58
(1,2,(3,((4,6),5))); -4534.94 -1.78113 29.0297 13.6156 -4552.13
(1,2,(3,(4,(5,6)))); -4535.21 -1.51724 28.1357 13.2075 -4551.66
(1,(2,3),((4,6),5)); -4540.53 -1.89135 31.7932 13.3391 -4560.87
(1,2,(3,(4,(5,6)))); -4532.86 -1.51724 30.0714 13.0891 -4551.36
(1,2,(3,(4,(5,6)))); -4535.8 -1.51724 28.1108 13.6646 -4551.76
(1,(((2,3),5),6),4); -4582.62 -8.6042 29.9507 13.4353 -4607.74
(1,(2,3),((4,5),6)); -4547.84 -4.82777 29.7306 13.2396 -4569.16
(1,(2,3),(4,(5,6))); -4538.63 -1.62746 28.6196 13.6886 -4555.19
(1,(2,3),((4,6),5)); -4541.1 -1.89135 31.4397 13.359 -4561.07
(1,(2,3),(4,(5,6))); -4537.29 -1.62746 29.9552 13.3901 -4555.48
(1,2,(3,(4,(5,6)))); -4533.02 -1.51724 30.993 13.5576 -4551.97
(1,2,(3,(4,(5,6)))); -4535.13 -1.51724 27.7625 13.1163 -4551.3
(1,(2,3),(4,(5,6))); -4535.48 -1.62746 31.5976 13.5123 -4555.19
(1,(2,3),((4,6),5)); -4541.94 -1.89135 30.288 13.7266 -4560.39
(1,(2,3),((4,6),5)); -4544.31 -1.89135 28.1216 13.3621 -4560.96
(1,(2,3),((4,6),5)); -4543.25 -1.89135 28.299 13.1024 -4560.34
(1,2,(3,((4,6),5))); -4539.53 -1.78113 23.4329 13.1165 -4551.63
(1,2,(3,(4,(5,6)))); -4533.71 -1.51724 29.6551 13.5305 -4551.35
(1,2,(3,((4,6),5))); -4535.51 -1.78113 27.8899 13.5205 -4551.66
(1,(2,((4,6),5)),3); -4539.68 -2.27414 29.7177 13.344 -4558.32
(1,2,(3,(4,(5,6)))); -4532.6 -1.51724 30.7189 13.3139 -4551.52
(1,2,(3,(4,(5,6)))); -4533.39 -1.51724 29.9203 13.5032 -4551.33
(1,2,(3,((4,6),5))); -4535.1 -1.78113 28.5998 13.3871 -4552.1
(1,2,(3,(4,(5,6)))); -4533.46 -1.51724 30.8609 13.7974 -4552.04
(1,(2,3),(4,(5,6))); -4538.41 -1.62746 28.9621 13.8188 -4555.18
(1,(2,(4,(5,6))),3); -4536.24 -2.01024 31.4985 13.7319 -4556.01
(1,2,(3,(4,(5,6)))); -4533.23 -1.51724 30.3242 13.2768 -4551.8
(1,(2,((4,6),5)),3); -4537.81 -2.27414 32.4831 13.6709 -4558.9
(1,(2,3),(4,(5,6))); -4535.34 -1.62746 31.8629 13.6563 -4555.17
(1,(2,((4,6),5)),3); -4543.51 -2.27414 26.809 13.7096 -4558.89
(1,(2,3),(4,(5,6))); -4536.92 -1.62746 29.9773 13.4679 -4555.06
(1,2,(3,(4,(5,6)))); -4538.27 -1.51724 24.9113 13.5469 -4551.15
(1,2,(3,((4,6),5))); -4533.46 -1.78113 29.4932 13.1255 -4551.61
(1,2,(3,((4,6),5))); -4533.38 -1.78113 30.357 13.3537 -4552.16
(1,(2,3),(4,(5,6))); -4536.6 -1.62746 30.469 13.4487 -4555.24
(1,(2,((4,6),5)),3); -4539.72 -2.27414 30.1862 13.7236 -4558.46
(1,(2,3),(4,(5,6))); -4535 -1.62746 31.853 13.6184 -4554.87
(1,(2,3),(4,(5,6))); -4535.8 -1.62746 31.1721 13.4038 -4555.2
(1,2,(3,(4,(5,6)))); -4534.27 -1.51724 29.3811 13.2841 -4551.89
(1,2,(3,(4,(5,6)))); -4534.19 -1.51724 29.0888 13.5079 -4551.29
(1,2,(3,((4,6),5))); -4535.38 -1.78113 28.0493 13.5646 -4551.64
(1,2,(3,(4,(5,6)))); -4532.01 -1.51724 31.7556 13.6719 -4551.61
(1,(2,3),(4,(5,6))); -4539.22 -1.62746 27.7407 13.6848 -4554.9
(1,(2,3),(4,(5,6))); -4540.84 -1.62746 26.471 13.8028 -4555.13
(1,2,(3,((4,6),5))); -4533.35 -1.78113 30.7634 13.5325 -4552.36
(1,(2,(4,(5,6))),3); -4539.54 -2.01024 27.3358 13.3588 -4555.53
(1,2,(3,(4,(5,6)))); -4533.58 -1.51724 30.5459 13.6785 -4551.96
(1,(2,3),((4,6),5)); -4542.9 -1.89135 29.8902 13.6485 -4561.03
(1,(2,3),((4,6),5)); -4542.6 -1.89135 30.1325 13.9277 -4560.69
(1,2,(3,(4,(5,6)))); -4535.77 -1.51724 27.9469 13.9084 -4551.33
(1,(2,3),((4,6),5)); -4543.34 -1.89135 28.8882 13.3128 -4560.8
(1,(2,3),((4,5),6)); -4549.11 -4.82777 28.936 13.1991 -4569.68
(1,(2,3),((4,6),5)); -4541.09 -1.89135 30.8303 13.1562 -4560.65
(1,(2,3),((4,6),5)); -4543.26 -1.89135 29.5058 13.6179 -4561.04
(1,(2,3),((4,5),6)); -4545.89 -4.82777 30.6884 13.2934 -4568.12
(1,(2,3),((4,6),5)); -4542.72 -1.89135 28.8754 13.3804 -4560.11
(1,2,(3,(4,(5,6)))); -4531.74 -1.51724 31.2643 13.3134 -4551.21
(1,(2,3),((4,6),5)); -4540.66 -1.89135 31.6999 13.4481 -4560.81
(1,(2,3),(4,(5,6))); -4535.48 -1.62746 31.5009 13.5317 -4555.08
(1,(2,(4,(5,6))),3); -4540.8 -2.01024 25.9338 13.6035 -4555.14
(1,(2,3),(4,(5,6))); -4540.78 -1.62746 26.3608 13.419 -4555.35
(1,2,(3,(4,(5,6)))); -4533.78 -1.51724 29.7561 13.6048 -4551.45
(1,(2,3),((4,6),5)); -4540.04 -1.89135 32.0882 13.6437 -4560.37
(1,(2,((4,6),5)),3); -4545.94 -2.27414 24.1836 13.6964 -4558.71
(1,(2,3),((4,6),5)); -4540.65 -1.89135 31.8496 13.5107 -4560.88
(1,(2,3),(4,(5,6))); -4542.15 -1.62746 25.7074 14.4766 -4555.01
(1,2,(3,(4,(5,6)))); -4534.75 -1.51724 28.385 13.1279 -4551.52
(1,2,(3,(4,(5,6)))); -4532.72 -1.51724 31.5872 13.8557 -4551.97
(1,(2,3),(4,(5,6))); -4543.91 -1.62746 22.8229 13.0923 -4555.27
(1,2,(3,(4,(5,6)))); -4536.87 -1.51724 26.3698 13.6693 -4551.08
(1,(2,3),(4,(5,6))); -4537.21 -1.62746 29.6344 13.2232 -4555.25
(1,(2,(4,(5,6))),3); -4535.98 -2.01024 30.7979 13.0641 -4555.72
(1,(2,((4,6),5)),3); -4537.49 -2.27414 32.3947 13.5538 -4558.61
(1,(2,(4,(5,6))),3); -4538.95 -2.01024 27.9606 13.1562 -4555.77
