 0.29485 0.252249 0.139663 0.313239
0.289043 0.267061 0.132498 0.311398
0.289043 0.267061 0.132498 0.311398
0.289083 0.275475 0.131835 0.303607
0.289083 0.275475 0.131835 0.303607
 0.29154 0.267329 0.133258 0.307872
0.287295   0.2593 0.148686 0.304719
0.287295   0.2593 0.148686 0.304719
0.289046 0.266186 0.140035 0.304734
0.289046 0.266186 0.140035 0.304734
0.289046 0.266186 0.140035 0.304734
0.289046 0.266186 0.140035 0.304734
0.293818 0.268326 0.147111 0.290745
0.293818 0.268326 0.147111 0.290745
0.279368 0.270489 0.153456 0.296687
0.279368 0.270489 0.153456 0.296687
0.291866  0.27048 0.144129 0.293525
0.287648 0.268478 0.146634  0.29724
0.287648 0.268478 0.146634  0.29724
0.287648 0.268478 0.146634  0.29724
0.287648 0.268478 0.146634  0.29724
0.287648 0.268478 0.146634  0.29724
0.284896 0.265502 0.152105 0.297498
0.284896 0.265502 0.152105 0.297498
0.267957 0.268122  0.15535 0.308572
0.267957 0.268122  0.15535 0.308572
0.267381 0.261617 0.152079 0.318923
0.272897 0.271175 0.139724 0.316204
0.281858 0.269165 0.131129 0.317848
0.273813 0.274685 0.138768 0.312733
0.273813 0.274685 0.138768 0.312733
0.273813 0.274685 0.138768 0.312733
0.273813 0.274685 0.138768 0.312733
0.273813 0.274685 0.138768 0.312733
0.273813 0.274685 0.138768 0.312733
0.273813 0.274685 0.138768 0.312733
0.273813 0.274685 0.138768 0.312733
0.273813 0.274685 0.138768 0.312733
0.273813 0.274685 0.138768 0.312733
0.283918 0.274461 0.132265 0.309356
 0.30668 0.262691 0.140734 0.289895
0.292604 0.280571 0.129067 0.297758
0.292604 0.280571 0.129067 0.297758
0.292604 0.280571 0.129067 0.297758
0.292604 0.280571 0.129067 0.297758
0.292604 0.280571 0.129067 0.297758
0.292604 0.280571 0.129067 0.297758
0.301875 0.263335  0.13639 0.298401
0.301875 0.263335  0.13639 0.298401
0.301875 0.263335  0.13639 0.298401
0.301875 0.263335  0.13639 0.298401
0.297506  0.26368 0.131168 0.307645
0.297506  0.26368 0.131168 0.307645
0.297506  0.26368 0.131168 0.307645
0.297506  0.26368 0.131168 0.307645
0.297506  0.26368 0.131168 0.307645
0.297506  0.26368 0.131168 0.307645
0.297506  0.26368 0.131168 0.307645
0.273062 0.260007 0.164097 0.302834
0.273062 0.260007 0.164097 0.302834
0.274742 0.258853  0.16166 0.304746
0.274742 0.258853  0.16166 0.304746
0.274742 0.258853  0.16166 0.304746
0.274742 0.258853  0.16166 0.304746
0.274742 0.258853  0.16166 0.304746
0.274742 0.258853  0.16166 0.304746
0.274742 0.258853  0.16166 0.304746
0.274742 0.258853  0.16166 0.304746
0.274742 0.258853  0.16166 0.304746
0.274742 0.258853  0.16166 0.304746
0.274742 0.258853  0.16166 0.304746
0.274742 0.258853  0.16166 0.304746
0.274742 0.258853  0.16166 0.304746
0.274742 0.258853  0.16166 0.304746
0.274742 0.258853  0.16166 0.304746
0.274742 0.258853  0.16166 0.304746
0.274742 0.258853  0.16166 0.304746
0.274742 0.258853  0.16166 0.304746
0.274742 0.258853  0.16166 0.304746
0.274742 0.258853  0.16166 0.304746
0.274742 0.258853  0.16166 0.304746
0.276203 0.263025  0.15069 0.310082
0.276203 0.263025  0.15069 0.310082
0.276203 0.263025  0.15069 0.310082
 0.28212 0.275975 0.143669 0.298237
 0.28212 0.275975 0.143669 0.298237
 0.30245 0.275936 0.143032 0.278582
 0.30245 0.275936 0.143032 0.278582
 0.30245 0.275936 0.143032 0.278582
 0.30245 0.275936 0.143032 0.278582
 0.30245 0.275936 0.143032 0.278582
 0.30245 0.275936 0.143032 0.278582
 0.30245 0.275936 0.143032 0.278582
0.293274 0.280259 0.146095 0.280372
0.291607 0.281506 0.130491 0.296395
0.276059  0.29459 0.145254 0.284097
0.269236 0.285207 0.157688  0.28787
0.276308 0.266785   0.1689 0.288007
0.283256 0.259565 0.157508 0.299671
0.283256 0.259565 0.157508 0.299671
0.283256 0.259565 0.157508 0.299671
0.283256 0.259565 0.157508 0.299671
0.283256 0.259565 0.157508 0.299671
0.283256 0.259565 0.157508 0.299671
0.300711 0.262345 0.137303  0.29964
0.300711 0.262345 0.137303  0.29964
0.303355 0.260168 0.146486 0.289991
0.297523 0.272626 0.141864 0.287987
0.297523 0.272626 0.141864 0.287987
0.294064 0.269982 0.138229 0.297726
0.294064 0.269982 0.138229 0.297726
0.294064 0.269982 0.138229 0.297726
0.294064 0.269982 0.138229 0.297726
0.294064 0.269982 0.138229 0.297726
0.294064 0.269982 0.138229 0.297726
0.294064 0.269982 0.138229 0.297726
0.294064 0.269982 0.138229 0.297726
0.294064 0.269982 0.138229 0.297726
0.294064 0.269982 0.138229 0.297726
0.294064 0.269982 0.138229 0.297726
0.294064 0.269982 0.138229 0.297726
0.294064 0.269982 0.138229 0.297726
0.294064 0.269982 0.138229 0.297726
0.291396 0.252111 0.155691 0.300802
0.291396 0.252111 0.155691 0.300802
0.286067 0.271174 0.160558 0.282201
0.286067 0.271174 0.160558 0.282201
0.295881 0.265052 0.153712 0.285355
0.295881 0.265052 0.153712 0.285355
0.295881 0.265052 0.153712 0.285355
0.282827 0.290173   0.1453   0.2817
0.278941 0.291511 0.143754 0.285794
0.278941 0.291511 0.143754 0.285794
0.284003 0.275571  0.12604 0.314386
0.284003 0.275571  0.12604 0.314386
0.284003 0.275571  0.12604 0.314386
0.284327 0.288099 0.131057 0.296517
0.284327 0.288099 0.131057 0.296517
0.284327 0.288099 0.131057 0.296517
0.284327 0.288099 0.131057 0.296517
0.270668 0.271405 0.144318 0.313609
0.270668 0.271405 0.144318 0.313609
0.270668 0.271405 0.144318 0.313609
0.293458 0.272751 0.141568 0.292223
0.293458 0.272751 0.141568 0.292223
0.293458 0.272751 0.141568 0.292223
0.293458 0.272751 0.141568 0.292223
0.288638 0.260019  0.15268 0.298663
0.296936 0.255719 0.152847 0.294499
0.296936 0.255719 0.152847 0.294499
0.296936 0.255719 0.152847 0.294499
0.293759 0.266909 0.153638 0.285694
0.293759 0.266909 0.153638 0.285694
0.293759 0.266909 0.153638 0.285694
0.301735 0.273612 0.147256 0.277397
0.296607 0.293325 0.142621 0.267447
 0.31501 0.284121 0.145377 0.255491
 0.31501 0.284121 0.145377 0.255491
 0.31501 0.284121 0.145377 0.255491
0.317124 0.279286 0.134547 0.269043
0.307236 0.269508 0.145025  0.27823
0.307236 0.269508 0.145025  0.27823
0.307236 0.269508 0.145025  0.27823
0.299261 0.278771 0.149587 0.272381
0.299261 0.278771 0.149587 0.272381
0.299261 0.278771 0.149587 0.272381
0.299261 0.278771 0.149587 0.272381
0.299261 0.278771 0.149587 0.272381
0.292115 0.279429 0.153064 0.275393
0.292115 0.279429 0.153064 0.275393
0.291307 0.277545 0.153724 0.277423
0.297419 0.275562 0.137662 0.289357
0.297419 0.275562 0.137662 0.289357
0.301528 0.273533 0.146104 0.278836
0.301528 0.273533 0.146104 0.278836
0.301528 0.273533 0.146104 0.278836
0.296246 0.265109 0.143401 0.295243
0.296246 0.265109 0.143401 0.295243
0.296246 0.265109 0.143401 0.295243
0.296246 0.265109 0.143401 0.295243
 0.30014 0.258775 0.142284   0.2988
 0.30014 0.258775 0.142284   0.2988
0.281188 0.261947 0.147061 0.309804
0.272338 0.274344  0.14962 0.303697
0.272338 0.274344  0.14962 0.303697
0.282986 0.284612 0.137655 0.294746
0.282986 0.284612 0.137655 0.294746
0.282986 0.284612 0.137655 0.294746
0.289551 0.294431 0.128475 0.287543
0.284407 0.288847  0.14666 0.280086
0.284407 0.288847  0.14666 0.280086
0.272073 0.291639   0.1403 0.295988
0.282694 0.290464 0.137831 0.289011
0.282694 0.290464 0.137831 0.289011
0.282694 0.290464 0.137831 0.289011
0.286979 0.271902 0.141125 0.299995
0.277936 0.280742 0.143575 0.297747
0.277936 0.280742 0.143575 0.297747
0.277936 0.280742 0.143575 0.297747
0.288888 0.277758 0.131238 0.302117
0.288888 0.277758 0.131238 0.302117
0.285613 0.282268 0.135238 0.296881
 0.28214 0.288072 0.140499  0.28929
0.287906 0.275825 0.130612 0.305658
 0.26881 0.289711 0.137029 0.304451
0.277496 0.282623 0.138105 0.301776
0.277496 0.282623 0.138105 0.301776
0.277496 0.282623 0.138105 0.301776
0.277496 0.282623 0.138105 0.301776
0.277496 0.282623 0.138105 0.301776
0.256508 0.294018  0.15267 0.296805
0.256508 0.294018  0.15267 0.296805
0.276904 0.282656 0.146917 0.293523
0.276904 0.282656 0.146917 0.293523
 0.30172 0.265108 0.135602  0.29757
 0.30172 0.265108 0.135602  0.29757
 0.30172 0.265108 0.135602  0.29757
 0.30172 0.265108 0.135602  0.29757
 0.30172 0.265108 0.135602  0.29757
0.285635 0.289675 0.134327 0.290362
0.285635 0.289675 0.134327 0.290362
0.306848  0.27991 0.141941 0.271301
0.306848  0.27991 0.141941 0.271301
0.306848  0.27991 0.141941 0.271301
0.306848  0.27991 0.141941 0.271301
0.315513  0.26786 0.133979 0.282648
0.315513  0.26786 0.133979 0.282648
0.315513  0.26786 0.133979 0.282648
0.315513  0.26786 0.133979 0.282648
0.315513  0.26786 0.133979 0.282648
0.315513  0.26786 0.133979 0.282648
0.315513  0.26786 0.133979 0.282648
0.315513  0.26786 0.133979 0.282648
0.315513  0.26786 0.133979 0.282648
0.315513  0.26786 0.133979 0.282648
0.288855 0.261247 0.139132 0.310766
0.297396 0.273305  0.13833 0.290969
0.297396 0.273305  0.13833 0.290969
0.305435 0.258785 0.145488 0.290292
0.298076 0.269676  0.13893 0.293318
0.298076 0.269676  0.13893 0.293318
0.298076 0.269676  0.13893 0.293318
0.300628 0.261956 0.137196  0.30022
0.307379 0.273598 0.127955 0.291067
0.304629 0.269437 0.149381 0.276554
0.304629 0.269437 0.149381 0.276554
0.289857 0.273935 0.155482 0.280725
0.289857 0.273935 0.155482 0.280725
0.266634 0.280967 0.159425 0.292974
0.266634 0.280967 0.159425 0.292974
0.267479 0.287633 0.162858  0.28203
0.267479 0.287633 0.162858  0.28203
0.267479 0.287633 0.162858  0.28203
0.288821 0.276504 0.155985 0.278691
0.288821 0.276504 0.155985 0.278691
0.288821 0.276504 0.155985 0.278691
0.288821 0.276504 0.155985 0.278691
0.288821 0.276504 0.155985 0.278691
0.288821 0.276504 0.155985 0.278691
0.282394 0.281229  0.15392 0.282456
0.282394 0.281229  0.15392 0.282456
0.282394 0.281229  0.15392 0.282456
0.282394 0.281229  0.15392 0.282456
0.282394 0.281229  0.15392 0.282456
0.282394 0.281229  0.15392 0.282456
0.285457 0.285802 0.144327 0.284414
0.281071 0.275295 0.155967 0.287668
0.281071 0.275295 0.155967 0.287668
0.281071 0.275295 0.155967 0.287668
0.281071 0.275295 0.155967 0.287668
0.281071 0.275295 0.155967 0.287668
0.281071 0.275295 0.155967 0.287668
0.281071 0.275295 0.155967 0.287668
0.281071 0.275295 0.155967 0.287668
0.281071 0.275295 0.155967 0.287668
0.281071 0.275295 0.155967 0.287668
0.281071 0.275295 0.155967 0.287668
0.281071 0.275295 0.155967 0.287668
 0.28768 0.264612 0.155029 0.292679
 0.28768 0.264612 0.155029 0.292679
0.285378 0.270308 0.138388 0.305925
0.288493 0.255276  0.14934 0.306891
0.289196 0.254316 0.155194 0.301293
0.289196 0.254316 0.155194 0.301293
0.280235 0.256632  0.16031 0.302823
0.282231 0.270283 0.161719 0.285766
0.282231 0.270283 0.161719 0.285766
0.287756 0.275603 0.152204 0.284437
0.287756 0.275603 0.152204 0.284437
0.271888 0.272084 0.162981 0.293048
 0.27823 0.277786 0.151223 0.292762
0.279919 0.281893 0.146377 0.291811
 0.26677 0.281563  0.14341 0.308257
0.281995 0.258973 0.142054 0.316978
0.281995 0.258973 0.142054 0.316978
0.285981 0.248239 0.152691  0.31309
0.285981 0.248239 0.152691  0.31309
0.285981 0.248239 0.152691  0.31309
0.267316 0.259422  0.15855 0.314711
0.270017 0.265513 0.170872 0.293598
0.270017 0.265513 0.170872 0.293598
0.272058 0.271934 0.151918  0.30409
0.272058 0.271934 0.151918  0.30409
0.282393 0.276521 0.148004 0.293083
0.282393 0.276521 0.148004 0.293083
0.282393 0.276521 0.148004 0.293083
0.299246 0.271439 0.140423 0.288892
0.299246 0.271439 0.140423 0.288892
0.299246 0.271439 0.140423 0.288892
0.301538 0.262686 0.134156  0.30162
0.301538 0.262686 0.134156  0.30162
0.298693  0.26258 0.140067  0.29866
0.298693  0.26258 0.140067  0.29866
0.298693  0.26258 0.140067  0.29866
0.298309 0.254951 0.146963 0.299777
0.298309 0.254951 0.146963 0.299777
0.298309 0.254951 0.146963 0.299777
0.298309 0.254951 0.146963 0.299777
0.284609 0.281732 0.134159   0.2995
0.284609 0.281732 0.134159   0.2995
0.284609 0.281732 0.134159   0.2995
0.284609 0.281732 0.134159   0.2995
0.284609 0.281732 0.134159   0.2995
0.284609 0.281732 0.134159   0.2995
0.284609 0.281732 0.134159   0.2995
0.284609 0.281732 0.134159   0.2995
0.284609 0.281732 0.134159   0.2995
0.278614  0.27427 0.148483 0.298632
0.278614  0.27427 0.148483 0.298632
0.278614  0.27427 0.148483 0.298632
0.279745 0.272819  0.13996 0.307476
0.279745 0.272819  0.13996 0.307476
0.288098  0.27246 0.140445 0.298997
0.288098  0.27246 0.140445 0.298997
0.288098  0.27246 0.140445 0.298997
0.288098  0.27246 0.140445 0.298997
0.288098  0.27246 0.140445 0.298997
0.284986 0.279035 0.153625 0.282355
0.287574 0.278062 0.138292 0.296073
0.287574 0.278062 0.138292 0.296073
0.282704 0.277015 0.139887 0.300395
0.285348 0.273227 0.145462 0.295963
0.281397 0.260605 0.147561 0.310437
0.281397 0.260605 0.147561 0.310437
0.284048 0.263305 0.158983 0.293665
0.284048 0.263305 0.158983 0.293665
 0.26684 0.277682 0.154146 0.301332
 0.26684 0.277682 0.154146 0.301332
0.271097 0.274675 0.144376 0.309852
0.271097 0.274675 0.144376 0.309852
0.271097 0.274675 0.144376 0.309852
0.273758  0.28097 0.144796 0.300476
0.283406 0.288674 0.139814 0.288106
0.289806 0.283522 0.144272   0.2824
0.288524 0.292797 0.137359 0.281321
0.288524 0.292797 0.137359 0.281321
0.288548 0.284717 0.147146 0.279588
0.288548 0.284717 0.147146 0.279588
0.286036 0.283932  0.15227 0.277763
0.286036 0.283932  0.15227 0.277763
0.286036 0.283932  0.15227 0.277763
0.286036 0.283932  0.15227 0.277763
0.286036 0.283932  0.15227 0.277763
0.286036 0.283932  0.15227 0.277763
0.286036 0.283932  0.15227 0.277763
0.293781 0.268505 0.150043 0.287671
0.293781 0.268505 0.150043 0.287671
0.293781 0.268505 0.150043 0.287671
0.286986  0.27053 0.158603 0.283881
0.286986  0.27053 0.158603 0.283881
0.286986  0.27053 0.158603 0.283881
0.286986  0.27053 0.158603 0.283881
0.286986  0.27053 0.158603 0.283881
0.295978 0.249239 0.150998 0.303785
0.295978 0.249239 0.150998 0.303785
0.279943 0.267566 0.141193 0.311298
0.275277 0.269939 0.139587 0.315196
0.275277 0.269939 0.139587 0.315196
0.275277 0.269939 0.139587 0.315196
0.275277 0.269939 0.139587 0.315196
0.274881 0.281046 0.137607 0.306466
0.274881 0.281046 0.137607 0.306466
0.294129 0.262103 0.148268   0.2955
0.258672 0.287099  0.17022 0.284008
0.258672 0.287099  0.17022 0.284008
0.258672 0.287099  0.17022 0.284008
0.258672 0.287099  0.17022 0.284008
0.282876  0.27182 0.156825 0.288479
0.272857  0.27012 0.154005 0.303018
0.271839 0.274008 0.146555 0.307597
0.271839 0.274008 0.146555 0.307597
0.271839 0.274008 0.146555 0.307597
0.255456 0.270845 0.147303 0.326397
0.255456 0.270845 0.147303 0.326397
0.255456 0.270845 0.147303 0.326397
0.262574 0.276203 0.136883  0.32434
0.262574 0.276203 0.136883  0.32434
0.252069   0.2866 0.139854 0.321477
0.252069   0.2866 0.139854 0.321477
0.274824 0.284921 0.129194 0.311061
0.274824 0.284921 0.129194 0.311061
0.274824 0.284921 0.129194 0.311061
0.271501 0.289178  0.13227 0.307051
0.279954 0.290197 0.145789 0.284059
 0.28908 0.269756 0.153703  0.28746
 0.28908 0.269756 0.153703  0.28746
0.281798 0.263092 0.149748 0.305363
0.281798 0.263092 0.149748 0.305363
0.271835 0.268052 0.148903  0.31121
0.271835 0.268052 0.148903  0.31121
0.271835 0.268052 0.148903  0.31121
0.271835 0.268052 0.148903  0.31121
0.271835 0.268052 0.148903  0.31121
0.271835 0.268052 0.148903  0.31121
0.271376 0.274064 0.155109 0.299451
0.271376 0.274064 0.155109 0.299451
0.271376 0.274064 0.155109 0.299451
0.268546 0.259794 0.156858 0.314803
0.271123 0.254181 0.161754 0.312942
0.271123 0.254181 0.161754 0.312942
0.271123 0.254181 0.161754 0.312942
0.271123 0.254181 0.161754 0.312942
0.271123 0.254181 0.161754 0.312942
0.271123 0.254181 0.161754 0.312942
0.261653 0.264763  0.14695 0.326634
0.257009 0.280792 0.134953 0.327246
0.257009 0.280792 0.134953 0.327246
0.257009 0.280792 0.134953 0.327246
0.254595 0.274359 0.160646 0.310399
 0.26554 0.259445 0.158183 0.316833
 0.28049 0.254726 0.156471 0.308313
0.276898 0.259547 0.150807 0.312749
0.276898 0.259547 0.150807 0.312749
0.289132 0.262088 0.165111  0.28367
0.289132 0.262088 0.165111  0.28367
0.289538 0.260899 0.169593  0.27997
0.283067 0.272694 0.164883 0.279356
0.285531 0.262939 0.175398 0.276132
0.285531 0.262939 0.175398 0.276132
0.285531 0.262939 0.175398 0.276132
0.285531 0.262939 0.175398 0.276132
0.296561 0.264198 0.170087 0.269155
0.296561 0.264198 0.170087 0.269155
0.296561 0.264198 0.170087 0.269155
0.296561 0.264198 0.170087 0.269155
0.291792 0.271488 0.169129 0.267591
0.294934 0.268929 0.159433 0.276704
 0.28616 0.267899 0.149927 0.296014
 0.28616 0.267899 0.149927 0.296014
0.287089 0.259871  0.15919 0.293851
0.287089 0.259871  0.15919 0.293851
0.287089 0.259871  0.15919 0.293851
0.288916 0.266388 0.158596   0.2861
0.298338 0.262391 0.158048 0.281223
0.298338 0.262391 0.158048 0.281223
0.298338 0.262391 0.158048 0.281223
0.268347 0.278635 0.156924 0.296095
0.268095 0.258516 0.164003 0.309386
0.295558 0.266972  0.14683 0.290641
0.300381 0.253657  0.14495 0.301013
0.300381 0.253657  0.14495 0.301013
0.284264 0.267618 0.139766 0.308353
0.282092 0.269727 0.139545 0.308635
0.282092 0.269727 0.139545 0.308635
0.282092 0.269727 0.139545 0.308635
0.282092 0.269727 0.139545 0.308635
0.282565 0.281061 0.140773 0.295601
0.282565 0.281061 0.140773 0.295601
0.282565 0.281061 0.140773 0.295601
0.282565 0.281061 0.140773 0.295601
0.282565 0.281061 0.140773 0.295601
0.282565 0.281061 0.140773 0.295601
0.310863  0.27682 0.127134 0.285183
0.314012 0.275342 0.125054 0.285592
0.314012 0.275342 0.125054 0.285592
0.314012 0.275342 0.125054 0.285592
0.314012 0.275342 0.125054 0.285592
0.307369 0.279756 0.132098 0.280778
0.307369 0.279756 0.132098 0.280778
0.307369 0.279756 0.132098 0.280778
0.307369 0.279756 0.132098 0.280778
 0.31319 0.269366 0.136457 0.280987
0.311575 0.267097 0.129608  0.29172
0.311575 0.267097 0.129608  0.29172
0.311575 0.267097 0.129608  0.29172
0.292329 0.277763 0.148145 0.281764
0.292329 0.277763 0.148145 0.281764
0.300003 0.266061 0.140311 0.293625
0.296561 0.267743 0.139637 0.296058
 0.28224 0.285577 0.149464 0.282719
 0.28224 0.285577 0.149464 0.282719
0.257773  0.29465 0.144155 0.303421
0.258026 0.284413 0.141751 0.315811
0.258026 0.284413 0.141751 0.315811
0.258026 0.284413 0.141751 0.315811
0.254738 0.288085 0.145058 0.312119
0.254738 0.288085 0.145058 0.312119
0.254738 0.288085 0.145058 0.312119
0.254738 0.288085 0.145058 0.312119
0.254738 0.288085 0.145058 0.312119
0.254866 0.284631 0.139884  0.32062
0.281775 0.264675 0.146011 0.307539
0.281775 0.264675 0.146011 0.307539
0.281775 0.264675 0.146011 0.307539
0.281775 0.264675 0.146011 0.307539
0.291248 0.266308 0.146705 0.295739
0.291248 0.266308 0.146705 0.295739
0.291248 0.266308 0.146705 0.295739
0.291248 0.266308 0.146705 0.295739
0.276738 0.282525 0.135209 0.305528
0.276738 0.282525 0.135209 0.305528
0.281137 0.263206 0.141704 0.313953
0.289498 0.273237 0.130262 0.307004
0.291704 0.275163 0.127999 0.305134
0.306932 0.268571 0.133553 0.290945
 0.30246 0.278842 0.133732 0.284966
 0.30246 0.278842 0.133732 0.284966
 0.30246 0.278842 0.133732 0.284966
 0.30246 0.278842 0.133732 0.284966
 0.30246 0.278842 0.133732 0.284966
0.276384  0.29648 0.142222 0.284913
0.276384  0.29648 0.142222 0.284913
0.283739 0.296468 0.146342 0.273451
0.283739 0.296468 0.146342 0.273451
0.283739 0.296468 0.146342 0.273451
 0.28722 0.289625 0.149557 0.273599
 0.28722 0.289625 0.149557 0.273599
 0.28722 0.289625 0.149557 0.273599
0.272143 0.293132 0.137884  0.29684
0.272143 0.293132 0.137884  0.29684
0.272143 0.293132 0.137884  0.29684
0.272143 0.293132 0.137884  0.29684
0.271704 0.289141 0.144638 0.294517
0.271704 0.289141 0.144638 0.294517
0.271704 0.289141 0.144638 0.294517
0.277502 0.271976 0.158245 0.292278
0.277502 0.271976 0.158245 0.292278
0.277502 0.271976 0.158245 0.292278
0.277502 0.271976 0.158245 0.292278
0.277502 0.271976 0.158245 0.292278
0.277502 0.271976 0.158245 0.292278
0.284316 0.273461 0.155201 0.287022
0.283271 0.277014 0.151387 0.288327
0.283271 0.277014 0.151387 0.288327
0.283271 0.277014 0.151387 0.288327
0.288479 0.274188 0.148628 0.288705
0.278355 0.284003 0.144034 0.293608
0.278355 0.284003 0.144034 0.293608
0.278355 0.284003 0.144034 0.293608
0.289967 0.277414 0.147391 0.285228
0.289967 0.277414 0.147391 0.285228
0.289967 0.277414 0.147391 0.285228
0.289967 0.277414 0.147391 0.285228
0.280989 0.284033 0.135392 0.299585
0.280989 0.284033 0.135392 0.299585
0.280989 0.284033 0.135392 0.299585
0.280989 0.284033 0.135392 0.299585
0.277367 0.289261 0.150342  0.28303
0.267891 0.288436 0.153897 0.289776
0.267891 0.288436 0.153897 0.289776
0.267891 0.288436 0.153897 0.289776
0.269307  0.28346 0.156088 0.291144
0.269307  0.28346 0.156088 0.291144
0.269307  0.28346 0.156088 0.291144
0.269307  0.28346 0.156088 0.291144
0.269307  0.28346 0.156088 0.291144
0.269307  0.28346 0.156088 0.291144
0.272289 0.271034 0.158551 0.298126
0.288603 0.272117 0.156471 0.282809
0.288603 0.272117 0.156471 0.282809
0.288603 0.272117 0.156471 0.282809
0.288603 0.272117 0.156471 0.282809
0.288603 0.272117 0.156471 0.282809
0.288603 0.272117 0.156471 0.282809
0.288603 0.272117 0.156471 0.282809
0.288603 0.272117 0.156471 0.282809
0.288603 0.272117 0.156471 0.282809
0.288721 0.275753 0.150697 0.284829
0.286119 0.279112 0.151564 0.283205
0.286119 0.279112 0.151564 0.283205
0.286119 0.279112 0.151564 0.283205
0.296582 0.279058 0.136173 0.288186
0.296582 0.279058 0.136173 0.288186
0.296582 0.279058 0.136173 0.288186
0.291412 0.269137 0.153778 0.285673
0.291412 0.269137 0.153778 0.285673
0.291412 0.269137 0.153778 0.285673
0.291412 0.269137 0.153778 0.285673
0.291412 0.269137 0.153778 0.285673
0.291412 0.269137 0.153778 0.285673
0.291412 0.269137 0.153778 0.285673
0.291412 0.269137 0.153778 0.285673
0.291412 0.269137 0.153778 0.285673
0.291412 0.269137 0.153778 0.285673
0.289309 0.261063 0.162432 0.287196
0.273621 0.261799 0.163337 0.301243
0.273621 0.261799 0.163337 0.301243
0.280757 0.255063 0.163565 0.300615
0.273922 0.270826 0.143212  0.31204
0.273922 0.270826 0.143212  0.31204
0.273922 0.270826 0.143212  0.31204
0.273922 0.270826 0.143212  0.31204
0.273922 0.270826 0.143212  0.31204
0.281463  0.25517 0.161523 0.301844
0.289905 0.253037 0.168639  0.28842
0.289905 0.253037 0.168639  0.28842
0.292556 0.253907 0.172001 0.281537
0.292556 0.253907 0.172001 0.281537
0.292556 0.253907 0.172001 0.281537
0.288274 0.261831 0.149345  0.30055
0.288274 0.261831 0.149345  0.30055
0.288274 0.261831 0.149345  0.30055
0.287905 0.279507 0.136973 0.295616
0.284992 0.264022 0.142565 0.308421
0.284992 0.264022 0.142565 0.308421
0.284992 0.264022 0.142565 0.308421
0.284992 0.264022 0.142565 0.308421
0.284992 0.264022 0.142565 0.308421
0.284992 0.264022 0.142565 0.308421
0.285576  0.27605   0.1326 0.305774
0.285576  0.27605   0.1326 0.305774
0.285576  0.27605   0.1326 0.305774
0.292258 0.289036 0.134105 0.284601
0.288815 0.289223 0.137358 0.284603
0.288815 0.289223 0.137358 0.284603
0.288815 0.289223 0.137358 0.284603
0.288815 0.289223 0.137358 0.284603
0.288815 0.289223 0.137358 0.284603
0.288815 0.289223 0.137358 0.284603
0.284404 0.275668 0.141821 0.298106
0.284404 0.275668 0.141821 0.298106
0.284404 0.275668 0.141821 0.298106
0.285546 0.268137 0.144855 0.301462
0.285546 0.268137 0.144855 0.301462
 0.28634 0.270628  0.14644 0.296592
 0.28634 0.270628  0.14644 0.296592
 0.28634 0.270628  0.14644 0.296592
 0.28634 0.270628  0.14644 0.296592
 0.28634 0.270628  0.14644 0.296592
 0.28634 0.270628  0.14644 0.296592
 0.28634 0.270628  0.14644 0.296592
0.298611 0.260031 0.138633 0.302725
0.298611 0.260031 0.138633 0.302725
0.292611 0.275307 0.146279 0.285803
0.292611 0.275307 0.146279 0.285803
0.292611 0.275307 0.146279 0.285803
0.289599 0.270639 0.141262   0.2985
0.289599 0.270639 0.141262   0.2985
0.304968 0.264054 0.142655 0.288324
0.271679 0.265409 0.146763 0.316148
0.271679 0.265409 0.146763 0.316148
0.271679 0.265409 0.146763 0.316148
0.271679 0.265409 0.146763 0.316148
0.278547 0.246564 0.156562 0.318327
0.294845 0.263715 0.141026 0.300414
0.294845 0.263715 0.141026 0.300414
0.294845 0.263715 0.141026 0.300414
0.294845 0.263715 0.141026 0.300414
0.294845 0.263715 0.141026 0.300414
0.285407 0.273134 0.145534 0.295925
0.285407 0.273134 0.145534 0.295925
0.275992 0.273417 0.143476 0.307115
 0.29729 0.260168 0.146249 0.296292
0.291042 0.270327 0.141632 0.296998
0.291042 0.270327 0.141632 0.296998
0.311447 0.247809 0.145447 0.295297
0.311447 0.247809 0.145447 0.295297
0.311447 0.247809 0.145447 0.295297
0.298451 0.277622 0.149691 0.274236
0.298451 0.277622 0.149691 0.274236
0.284823 0.271206  0.15966 0.284311
0.284823 0.271206  0.15966 0.284311
0.285572 0.274954 0.155279 0.284195
0.290175 0.281558 0.152306 0.275961
0.300452 0.258941 0.159761 0.280846
0.300452 0.258941 0.159761 0.280846
0.307539 0.268257 0.143886 0.280318
0.297304  0.26451 0.152673 0.285513
0.297304  0.26451 0.152673 0.285513
0.297304  0.26451 0.152673 0.285513
0.297304  0.26451 0.152673 0.285513
0.297304  0.26451 0.152673 0.285513
0.297304  0.26451 0.152673 0.285513
0.297304  0.26451 0.152673 0.285513
0.297304  0.26451 0.152673 0.285513
0.297304  0.26451 0.152673 0.285513
0.292123  0.25765 0.156296 0.293931
0.303123 0.256422 0.148459 0.291996
0.303123 0.256422 0.148459 0.291996
0.303123 0.256422 0.148459 0.291996
0.303123 0.256422 0.148459 0.291996
0.303123 0.256422 0.148459 0.291996
0.303123 0.256422 0.148459 0.291996
0.303123 0.256422 0.148459 0.291996
0.303123 0.256422 0.148459 0.291996
0.313022 0.268286 0.139904 0.278789
0.313022 0.268286 0.139904 0.278789
0.313022 0.268286 0.139904 0.278789
0.313022 0.268286 0.139904 0.278789
0.313022 0.268286 0.139904 0.278789
0.313022 0.268286 0.139904 0.278789
0.307468 0.269009 0.147492 0.276031
0.303128 0.267402  0.15119  0.27828
0.309254 0.249887 0.148144 0.292716
0.292019 0.270437 0.143538 0.294006
0.292019 0.270437 0.143538 0.294006
0.292019 0.270437 0.143538 0.294006
0.292019 0.270437 0.143538 0.294006
0.292019 0.270437 0.143538 0.294006
0.292019 0.270437 0.143538 0.294006
0.291403 0.259145 0.148354 0.301099
0.291403 0.259145 0.148354 0.301099
0.291403 0.259145 0.148354 0.301099
 0.28061 0.268878   0.1508 0.299712
 0.28061 0.268878   0.1508 0.299712
 0.28061 0.268878   0.1508 0.299712
 0.28061 0.268878   0.1508 0.299712
0.268669   0.2827 0.155923 0.292708
0.268669   0.2827 0.155923 0.292708
0.268669   0.2827 0.155923 0.292708
0.268669   0.2827 0.155923 0.292708
0.289803 0.287476 0.137342 0.285379
0.301028 0.271986 0.139884 0.287102
0.301028 0.271986 0.139884 0.287102
0.301028 0.271986 0.139884 0.287102
0.286483 0.256889 0.157441 0.299187
0.286483 0.256889 0.157441 0.299187
0.286483 0.256889 0.157441 0.299187
0.286483 0.256889 0.157441 0.299187
0.282091 0.273657 0.149982  0.29427
0.282091 0.273657 0.149982  0.29427
0.282091 0.273657 0.149982  0.29427
0.282091 0.273657 0.149982  0.29427
0.282091 0.273657 0.149982  0.29427
0.282091 0.273657 0.149982  0.29427
0.282091 0.273657 0.149982  0.29427
0.282091 0.273657 0.149982  0.29427
0.282091 0.273657 0.149982  0.29427
0.285401 0.265049 0.158446 0.291104
0.285401 0.265049 0.158446 0.291104
0.285401 0.265049 0.158446 0.291104
0.279933 0.271643 0.139339 0.309085
0.279933 0.271643 0.139339 0.309085
0.279933 0.271643 0.139339 0.309085
0.279933 0.271643 0.139339 0.309085
0.279933 0.271643 0.139339 0.309085
0.279933 0.271643 0.139339 0.309085
0.279933 0.271643 0.139339 0.309085
0.279933 0.271643 0.139339 0.309085
0.265846 0.269095 0.154906 0.310153
0.265846 0.269095 0.154906 0.310153
0.262715 0.266771 0.164953 0.305561
0.262715 0.266771 0.164953 0.305561
0.258156  0.25869 0.163347 0.319807
0.258156  0.25869 0.163347 0.319807
0.258156  0.25869 0.163347 0.319807
0.258156  0.25869 0.163347 0.319807
0.258156  0.25869 0.163347 0.319807
0.279529 0.249988 0.145745 0.324737
0.271437 0.268105 0.147579 0.312878
0.298029 0.259018 0.141335 0.301618
0.298029 0.259018 0.141335 0.301618
0.298029 0.259018 0.141335 0.301618
0.298029 0.259018 0.141335 0.301618
0.300856  0.25292 0.151254 0.294971
0.300856  0.25292 0.151254 0.294971
0.300856  0.25292 0.151254 0.294971
0.288068  0.25578 0.147464 0.308688
0.288068  0.25578 0.147464 0.308688
0.288068  0.25578 0.147464 0.308688
0.297583 0.251228 0.158836 0.292353
0.284297 0.257977 0.154811 0.302916
0.286908 0.266204  0.14349 0.303398
0.286908 0.266204  0.14349 0.303398
0.276097 0.277891 0.137812   0.3082
0.276097 0.277891 0.137812   0.3082
0.278062 0.277682 0.137843 0.306414
0.281896 0.276124 0.142129 0.299851
0.281896 0.276124 0.142129 0.299851
0.281896 0.276124 0.142129 0.299851
0.281896 0.276124 0.142129 0.299851
0.281896 0.276124 0.142129 0.299851
0.296639 0.276314 0.141362 0.285685
0.280262 0.273719 0.148614 0.297405
0.280262 0.273719 0.148614 0.297405
0.280262 0.273719 0.148614 0.297405
0.280262 0.273719 0.148614 0.297405
0.280262 0.273719 0.148614 0.297405
0.280262 0.273719 0.148614 0.297405
0.280262 0.273719 0.148614 0.297405
0.294537 0.265891 0.140283 0.299289
0.294537 0.265891 0.140283 0.299289
0.304121 0.258879 0.138021 0.298979
0.309209 0.273368 0.137976 0.279446
0.299917 0.274404 0.126015 0.299664
0.299917 0.274404 0.126015 0.299664
0.299917 0.274404 0.126015 0.299664
0.297046 0.275926  0.13219 0.294838
0.297046 0.275926  0.13219 0.294838
0.297046 0.275926  0.13219 0.294838
0.292463  0.27543 0.135907 0.296201
0.292463  0.27543 0.135907 0.296201
0.292463  0.27543 0.135907 0.296201
0.292463  0.27543 0.135907 0.296201
0.292463  0.27543 0.135907 0.296201
0.292463  0.27543 0.135907 0.296201
 0.28355 0.281677 0.149469 0.285304
0.295326 0.265028 0.150566  0.28908
0.295326 0.265028 0.150566  0.28908
0.295326 0.265028 0.150566  0.28908
0.295326 0.265028 0.150566  0.28908
0.277914 0.275906 0.151438 0.294741
0.277914 0.275906 0.151438 0.294741
0.283444 0.274244 0.137394 0.304918
0.283444 0.274244 0.137394 0.304918
0.283444 0.274244 0.137394 0.304918
0.283444 0.274244 0.137394 0.304918
0.278064 0.286369  0.14411 0.291457
0.290605 0.269718 0.152757 0.286921
0.290605 0.269718 0.152757 0.286921
0.290605 0.269718 0.152757 0.286921
0.290605 0.269718 0.152757 0.286921
0.290605 0.269718 0.152757 0.286921
0.290605 0.269718 0.152757 0.286921
0.290605 0.269718 0.152757 0.286921
0.302675 0.259107 0.156251 0.281967
0.296689 0.263439 0.157169 0.282703
0.296689 0.263439 0.157169 0.282703
0.296689 0.263439 0.157169 0.282703
  0.2895 0.270383 0.153002 0.287115
  0.2895 0.270383 0.153002 0.287115
  0.2895 0.270383 0.153002 0.287115
  0.2895 0.270383 0.153002 0.287115
0.305401 0.270324 0.150069 0.274207
0.305401 0.270324 0.150069 0.274207
0.286304 0.270304 0.166011  0.27738
0.296521 0.273718 0.155875 0.273885
0.296521 0.273718 0.155875 0.273885
0.296521 0.273718 0.155875 0.273885
0.296521 0.273718 0.155875 0.273885
0.296521 0.273718 0.155875 0.273885
0.312378 0.259513 0.142708   0.2854
0.312378 0.259513 0.142708   0.2854
0.312378 0.259513 0.142708   0.2854
0.312378 0.259513 0.142708   0.2854
 0.29132  0.26115 0.149673 0.297857
 0.29132  0.26115 0.149673 0.297857
 0.29132  0.26115 0.149673 0.297857
 0.29132  0.26115 0.149673 0.297857
 0.29132  0.26115 0.149673 0.297857
 0.29132  0.26115 0.149673 0.297857
 0.29132  0.26115 0.149673 0.297857
 0.29132  0.26115 0.149673 0.297857
0.282361 0.256043 0.145393 0.316204
0.282361 0.256043 0.145393 0.316204
0.271331 0.268405 0.141288 0.318975
0.263539 0.277723 0.152813 0.305925
0.278081 0.287955 0.144623 0.289342
0.278081 0.287955 0.144623 0.289342
0.278081 0.287955 0.144623 0.289342
0.301177 0.258706 0.147218 0.292899
0.297669 0.261837 0.140787 0.299707
0.297669 0.261837 0.140787 0.299707
0.297669 0.261837 0.140787 0.299707
0.297669 0.261837 0.140787 0.299707
0.297669 0.261837 0.140787 0.299707
0.297669 0.261837 0.140787 0.299707
 0.29207 0.267526 0.159145 0.281259
 0.29207 0.267526 0.159145 0.281259
 0.29207 0.267526 0.159145 0.281259
 0.29207 0.267526 0.159145 0.281259
0.286572 0.264696 0.160458 0.288274
0.286572 0.264696 0.160458 0.288274
0.286572 0.264696 0.160458 0.288274
0.286572 0.264696 0.160458 0.288274
0.279633 0.284508 0.149967 0.285893
0.279633 0.284508 0.149967 0.285893
0.272541 0.268921 0.152412 0.306126
0.272541 0.268921 0.152412 0.306126
0.272541 0.268921 0.152412 0.306126
0.278651 0.259241 0.163184 0.298923
0.278651 0.259241 0.163184 0.298923
0.305254 0.269814 0.151381 0.273551
0.305254 0.269814 0.151381 0.273551
0.306114 0.248814 0.158264 0.286808
0.306114 0.248814 0.158264 0.286808
0.306114 0.248814 0.158264 0.286808
0.307049 0.259939 0.153472  0.27954
0.307049 0.259939 0.153472  0.27954
0.305207 0.247578 0.141712 0.305503
0.305207 0.247578 0.141712 0.305503
0.274462 0.275278 0.128407 0.321854
0.274923 0.276044  0.14589 0.303142
0.281701 0.285622 0.135136 0.297541
0.281701 0.285622 0.135136 0.297541
0.281701 0.285622 0.135136 0.297541
0.278474 0.279156 0.134394 0.307976
0.285407 0.270807 0.146416 0.297369
0.285313 0.278011 0.137592 0.299084
0.285313 0.278011 0.137592 0.299084
0.278754 0.261608 0.142443 0.317195
0.278754 0.261608 0.142443 0.317195
0.276999 0.268683 0.145951 0.308366
0.275247 0.273096 0.148791 0.302866
0.275247 0.273096 0.148791 0.302866
0.275247 0.273096 0.148791 0.302866
0.275247 0.273096 0.148791 0.302866
0.281716 0.267463  0.13454 0.316282
0.281716 0.267463  0.13454 0.316282
0.281716 0.267463  0.13454 0.316282
0.281716 0.267463  0.13454 0.316282
0.281716 0.267463  0.13454 0.316282
0.291561 0.266542 0.152764 0.289133
0.291561 0.266542 0.152764 0.289133
0.275961 0.260517 0.156052 0.307471
0.292446 0.261115 0.133275 0.313164
0.292446 0.261115 0.133275 0.313164
0.292194 0.265978 0.130135 0.311693
0.277562 0.283537 0.135862 0.303039
0.277562 0.283537 0.135862 0.303039
0.277562 0.283537 0.135862 0.303039
0.283529 0.278273 0.139108  0.29909
0.283529 0.278273 0.139108  0.29909
0.283529 0.278273 0.139108  0.29909
0.283529 0.278273 0.139108  0.29909
0.291693 0.261783 0.144949 0.301575
0.291693 0.261783 0.144949 0.301575
0.291693 0.261783 0.144949 0.301575
0.291693 0.261783 0.144949 0.301575
0.291693 0.261783 0.144949 0.301575
0.269698 0.279718 0.151612 0.298972
0.271599 0.283098 0.144854 0.300449
0.286833  0.27325 0.139682 0.300235
0.286833  0.27325 0.139682 0.300235
 0.29794 0.274456  0.13223 0.295373
0.288767 0.274946 0.138069 0.298218
0.286681 0.274903 0.140348 0.298068
0.286681 0.274903 0.140348 0.298068
0.297772 0.251997    0.141  0.30923
0.297772 0.251997    0.141  0.30923
0.296957 0.253476 0.140646 0.308922
0.296957 0.253476 0.140646 0.308922
0.296957 0.253476 0.140646 0.308922
0.288647 0.252134 0.148469  0.31075
0.288647 0.252134 0.148469  0.31075
0.289879 0.251225 0.155651 0.303245
0.295035 0.247858 0.137837  0.31927
0.288735 0.246295 0.155045 0.309924
0.291822 0.244982 0.152217 0.310979
0.291822 0.244982 0.152217 0.310979
0.291822 0.244982 0.152217 0.310979
0.291822 0.244982 0.152217 0.310979
0.291366 0.253008 0.144323 0.311303
0.291366 0.253008 0.144323 0.311303
0.306394 0.258475 0.132212 0.302919
0.290045 0.267867 0.131422 0.310666
0.290045 0.267867 0.131422 0.310666
0.299932 0.259622 0.144827 0.295618
0.299932 0.259622 0.144827 0.295618
0.277245 0.270733 0.150022 0.301999
0.277245 0.270733 0.150022 0.301999
0.277245 0.270733 0.150022 0.301999
0.277245 0.270733 0.150022 0.301999
0.277106 0.270062 0.153131 0.299701
0.277106 0.270062 0.153131 0.299701
 0.28529 0.257475 0.155569 0.301667
 0.28529 0.257475 0.155569 0.301667
 0.28529 0.257475 0.155569 0.301667
 0.28529 0.257475 0.155569 0.301667
 0.28529 0.257475 0.155569 0.301667
 0.28529 0.257475 0.155569 0.301667
0.294237 0.263249 0.154406 0.288108
0.294237 0.263249 0.154406 0.288108
0.294237 0.263249 0.154406 0.288108
0.285105 0.264803 0.162234 0.287858
0.285105 0.264803 0.162234 0.287858
0.277424 0.282749 0.158697  0.28113
 0.28678 0.278072 0.141734 0.293414
 0.28678 0.278072 0.141734 0.293414
 0.28678 0.278072 0.141734 0.293414
0.290517 0.283431 0.139144 0.286908
0.290517 0.283431 0.139144 0.286908
0.297105 0.264598  0.14094 0.297357
0.297105 0.264598  0.14094 0.297357
0.297105 0.264598  0.14094 0.297357
0.297105 0.264598  0.14094 0.297357
0.297105 0.264598  0.14094 0.297357
0.297105 0.264598  0.14094 0.297357
 0.29999 0.264719 0.152784 0.282507
 0.29999 0.264719 0.152784 0.282507
 0.30523 0.257524 0.149595 0.287651
 0.30523 0.257524 0.149595 0.287651
 0.30523 0.257524 0.149595 0.287651
0.285787 0.257299 0.148907 0.308008
0.269936 0.282007 0.152054 0.296003
0.269936 0.282007 0.152054 0.296003
0.269936 0.282007 0.152054 0.296003
0.269936 0.282007 0.152054 0.296003
0.272526 0.274424 0.154353 0.298697
0.276493 0.266468 0.152338   0.3047
