tree logl logTop logProp logPrior logWt
(1,(2,3),(4,(5,6))); -4536.14 -1.23531 31.1823 13.7666 -4554.79
(1,(2,3),(4,(5,6))); -4537.31 -1.23531 29.3039 13.4924 -4554.35
(1,2,(3,((4,6),5))); -4531.86 -1.68568 31.7765 13.6713 -4551.65
(1,(2,3),(4,(5,6))); -4537.95 -1.23531 28.4646 13.1429 -4554.5
(1,(2,3),(4,(5,6))); -4537.33 -1.23531 30.1987 13.6983 -4555.07
(1,2,(3,((4,6),5))); -4532.78 -1.68568 31.6687 13.962 -4552.17
(1,2,(3,(4,(5,6)))); -4537.31 -1.00868 25.8394 13.2197 -4550.93
(1,(2,3),(4,(5,6))); -4535.44 -1.23531 31.74 13.4336 -4554.98
(1,2,(3,(4,(5,6)))); -4536.42 -1.00868 27.7048 14.1103 -4551.03
(1,(2,3),(4,(5,6))); -4543.05 -1.23531 24.8169 14.218 -4554.88
(1,2,(3,((4,6),5))); -4533.64 -1.68568 30.1768 13.6534 -4551.85
(1,2,(3,(4,(5,6)))); -4533.08 -1.00868 30.3081 13.6204 -4550.77
(1,(2,3),((4,6),5)); -4542.23 -1.9123 28.9986 13.2722 -4559.87
(1,(2,3),(4,(5,6))); -4535.16 -1.23531 31.59 13.6571 -4554.32
(1,(2,3),(4,(5,6))); -4537.71 -1.23531 29.3953 13.5447 -4554.79
(1,(2,3),(4,(5,6))); -4537.84 -1.23531 28.399 12.8576 -4554.61
(1,(2,3),(4,(5,6))); -4539.49 -1.23531 27.1361 13.0866 -4554.77
(1,(2,3),(4,(5,6))); -4541.84 -1.23531 24.728 13.5685 -4554.23
(1,2,(3,(4,(5,6)))); -4531.12 -1.00868 32.5443 13.5879 -4551.09
(1,(2,3),(4,(5,6))); -4535.99 -1.23531 31.0979 13.5121 -4554.81
(1,2,(3,(4,(5,6)))); -4532.02 -1.00868 31.7139 13.7843 -4550.96
(1,(2,3),(4,(5,6))); -4536.72 -1.23531 30.8432 13.8694 -4554.93
(1,2,(3,((4,6),5))); -4537.45 -1.68568 26.5737 13.9728 -4551.73
(1,(2,3),(4,(5,6))); -4537.82 -1.23531 28.6097 13.2921 -4554.38
(1,2,(3,(4,(5,6)))); -4533.29 -1.00868 29.9046 13.355 -4550.85
(1,2,(3,(4,(5,6)))); -4538.69 -1.00868 24.671 13.5723 -4550.79
(1,2,(3,((4,6),5))); -4534.64 -1.68568 29.5788 13.5682 -4552.34
(1,(2,3),(4,(5,6))); -4535.44 -1.23531 31.5445 13.4402 -4554.78
(1,2,(3,(4,(5,6)))); -4537.78 -1.00868 26.2403 14.0006 -4551.03
(1,(2,3),((4,6),5)); -4541.96 -1.9123 28.9947 12.9559 -4559.92
(1,2,(3,(4,(5,6)))); -4533.35 -1.00868 30.3778 13.4658 -4551.27
(1,2,(3,(4,(5,6)))); -4532.03 -1.00868 31.4093 13.5622 -4550.88
(1,(2,3),(4,(5,6))); -4538.69 -1.23531 28.6316 13.5144 -4555.05
(1,2,(3,(4,(5,6)))); -4531.44 -1.00868 32.4467 13.6428 -4551.25
(1,(2,3),(4,(5,6))); -4539.23 -1.23531 27.5637 13.4581 -4554.57
(1,(2,3),((4,6),5)); -4541.17 -1.9123 31.351 13.6746 -4560.76
(1,2,(3,(4,(5,6)))); -4531.57 -1.00868 31.4767 13.4287 -4550.63
(1,(2,3),((4,6),5)); -4542.52 -1.9123 29.6834 13.4729 -4560.65
(1,2,(3,((4,6),5))); -4534.23 -1.68568 30.3576 13.7426 -4552.53
(1,2,(3,(4,(5,6)))); -4536.83 -1.00868 27.2971 14.216 -4550.92
(1,2,(3,((4,6),5))); -4538.23 -1.68568 25.4483 13.3669 -4552
(1,2,(3,(4,(5,6)))); -4536.9 -1.00868 26.7149 13.8321 -4550.79
(1,(2,3),(4,(5,6))); -4538.56 -1.23531 29.4011 13.9731 -4555.22
(1,(2,3),((4,6),5)); -4544.77 -1.9123 26.916 13.2267 -4560.37
(1,(2,3),(4,(5,6))); -4540.96 -1.23531 25.4332 13.419 -4554.21
(1,2,(3,(4,(5,6)))); -4536.77 -1.00868 27.2223 13.7835 -4551.22
(1,(2,3),(4,(5,6))); -4536 -1.23531 31.556 13.7354 -4555.05
(1,2,(3,((4,6),5))); -4534.98 -1.68568 29.7058 14.1426 -4552.22
(1,2,(3,((4,6),5))); -4534.2 -1.68568 28.6287 13.0628 -4551.46
(1,2,(3,((4,6),5))); -4533.4 -1.68568 30.4023 13.509 -4551.98
(1,(2,3),((4,6),5)); -4544.41 -1.9123 27.847 13.6245 -4560.54
(1,2,(3,(4,(5,6)))); -4534.73 -1.00868 28.613 13.477 -4550.88
(1,2,(3,(4,(5,6)))); -4532.53 -1.00868 30.6096 13.4421 -4550.71
(1,(2,3),(4,(5,6))); -4544.95 -1.23531 21.4034 12.8804 -4554.71
(1,2,(3,(4,(5,6)))); -4533.62 -1.00868 29.6962 13.3896 -4550.94
(1,2,(3,(4,(5,6)))); -4533.47 -1.00868 30.7531 13.8746 -4551.35
(1,2,(3,(4,(5,6)))); -4536.38 -1.00868 26.6567 13.5154 -4550.53
(1,2,(3,(4,(5,6)))); -4536.66 -1.00868 26.0948 12.9105 -4550.85
(1,2,(3,((4,6),5))); -4533.35 -1.68568 30.7329 13.5199 -4552.25
(1,2,(3,(4,(5,6)))); -4534.24 -1.00868 29.8696 13.8212 -4551.3
(1,(2,3),(4,(5,6))); -4536.33 -1.23531 30.6703 13.8018 -4554.44
(1,(2,3),(4,(5,6))); -4538.31 -1.23531 28.9067 13.3028 -4555.14
(1,2,(3,(4,(5,6)))); -4533.71 -1.00868 29.4067 13.3459 -4550.78
(1,2,(3,(4,(5,6)))); -4537.45 -1.00868 25.743 13.2071 -4550.99
(1,2,(3,(4,(5,6)))); -4533.33 -1.00868 29.8393 13.7297 -4550.45
(1,2,(3,(4,(5,6)))); -4534.85 -1.00868 28.3968 13.2628 -4551
(1,2,(3,((4,6),5))); -4532.57 -1.68568 30.8311 13.1426 -4551.95
(1,(2,3),(4,(5,6))); -4539.79 -1.23531 28.1791 14.0129 -4555.19
(1,2,(3,(4,(5,6)))); -4535.95 -1.00868 27.9353 13.7079 -4551.19
(1,2,(3,((4,6),5))); -4534.41 -1.68568 28.9935 13.4292 -4551.66
(1,2,(3,(4,(5,6)))); -4539.87 -1.00868 22.6815 12.6485 -4550.91
(1,(2,3),(4,(5,6))); -4538.53 -1.23531 28.9162 13.3702 -4555.32
(1,(2,3),((4,6),5)); -4544.91 -1.9123 27.1429 13.5375 -4560.43
(1,2,(3,(4,(5,6)))); -4533.64 -1.00868 29.5655 13.1911 -4551.02
(1,(2,(4,(5,6))),3); -4535.31 -4.93065 31.6323 13.3473 -4558.53
(1,2,(3,((4,6),5))); -4534.17 -1.68568 29.8398 13.7926 -4551.9
(1,2,(3,(4,(5,6)))); -4534.79 -1.00868 29.5207 13.9358 -4551.39
(1,2,(3,((4,6),5))); -4537.12 -1.68568 26.9925 13.5252 -4552.28
(1,(2,3),(4,(5,6))); -4538.81 -1.23531 28.429 13.272 -4555.2
(1,(2,3),((4,6),5)); -4542.94 -1.9123 28.9321 13.552 -4560.23
(1,(2,3),((4,6),5)); -4540.6 -1.9123 31.812 13.3586 -4560.97
(1,2,(3,(4,(5,6)))); -4532.98 -1.00868 30.3983 13.5062 -4550.88
(1,2,(3,((4,6),5))); -4532.21 -1.68568 32.0477 13.9847 -4551.96
(1,2,(3,(4,(5,6)))); -4543.27 -1.00868 21.1168 14.2938 -4551.1
(1,2,(3,((4,6),5))); -4534.26 -1.68568 28.9824 13.5347 -4551.39
(1,2,(3,(4,(5,6)))); -4532.69 -1.00868 30.6844 13.5531 -4550.83
(1,(2,3),(4,(5,6))); -4539.74 -1.23531 26.5713 12.8653 -4554.68
(1,2,(3,(4,(5,6)))); -4534.11 -1.00868 29.3663 13.7251 -4550.76
(1,2,(3,((4,6),5))); -4535.66 -1.68568 27.8058 13.5744 -4551.57
(1,2,(3,(4,(5,6)))); -4537.88 -1.00868 25.9345 13.5666 -4551.26
(1,(2,3),(4,(5,6))); -4537.91 -1.23531 29.3162 13.9148 -4554.55
(1,2,(3,(4,(5,6)))); -4534.69 -1.00868 29.2473 14.0089 -4550.94
(1,(2,3),(4,(5,6))); -4535.61 -1.23531 31.1601 13.4468 -4554.56
(1,(2,3),(4,(5,6))); -4541.33 -1.23531 26.0787 13.8255 -4554.82
(1,2,(3,(4,(5,6)))); -4531.64 -1.00868 32.0508 13.6134 -4551.08
(1,(2,3),((4,6),5)); -4540.8 -1.9123 31.0789 13.2319 -4560.56
(1,2,(3,((4,6),5))); -4533.14 -1.68568 30.3056 13.3815 -4551.75
(1,2,(3,(4,(5,6)))); -4532.23 -1.00868 31.5902 13.7044 -4551.12
(1,2,(3,(4,(5,6)))); -4540.32 -1.00868 24.2832 14.2175 -4551.4
(1,(2,3),(4,(5,6))); -4540.54 -1.23531 25.6614 13.2045 -4554.24
(1,2,(3,((4,6),5))); -4533.92 -1.68568 30.5209 13.8321 -4552.29
(1,(2,3),(4,(5,6))); -4535.69 -1.23531 31.0394 13.4189 -4554.54
(1,(2,3),(4,(5,6))); -4539.58 -1.23531 27.7062 13.9213 -4554.6
(1,(2,3),(4,(5,6))); -4537.56 -1.23531 29.9615 13.7969 -4554.96
(1,(2,3),(4,(5,6))); -4536.45 -1.23531 30.7943 13.5177 -4554.96
(1,(2,3),((4,6),5)); -4541.91 -1.9123 30.1762 13.6198 -4560.38
(1,2,(3,(4,(5,6)))); -4535.5 -1.00868 27.3647 13.2693 -4550.6
(1,(2,3),(4,(5,6))); -4534.57 -1.23531 31.9416 13.4376 -4554.31
(1,(2,3),((4,6),5)); -4543.02 -1.9123 29.7382 13.4481 -4561.22
(1,2,(3,((4,6),5))); -4537.44 -1.68568 26.8295 13.4683 -4552.49
(1,(2,3),((4,6),5)); -4541.33 -1.9123 30.5642 13.2206 -4560.59
(1,2,(3,(4,(5,6)))); -4534.64 -1.00868 29.2205 13.5022 -4551.37
(1,(2,3),(4,(5,6))); -4537.65 -1.23531 29.8377 13.7887 -4554.93
(1,(2,3),(4,(5,6))); -4540.94 -1.23531 25.3622 13.0638 -4554.47
(1,2,(3,(4,(5,6)))); -4535.84 -1.00868 28.737 14.0303 -4551.55
(1,2,(3,(4,(5,6)))); -4538.62 -1.00868 24.3411 13.3832 -4550.58
(1,(2,3),(4,(5,6))); -4536.31 -1.23531 30.9826 13.791 -4554.74
(1,(2,3),((4,6),5)); -4539.73 -1.9123 32.7168 13.4255 -4560.93
(1,(2,3),((4,6),5)); -4543.73 -1.9123 27.9973 13.1936 -4560.45
(1,2,(3,(4,(5,6)))); -4532.64 -1.00868 31.6893 13.829 -4551.51
(1,(2,3),(4,(5,6))); -4540.32 -1.23531 27.3314 13.6176 -4555.27
(1,(2,3),((4,6),5)); -4544.57 -1.9123 27.842 13.4488 -4560.87
(1,2,(3,((4,6),5))); -4535.21 -1.68568 28.887 13.7007 -4552.09
(1,(2,3),(4,(5,6))); -4536.68 -1.23531 30.5584 13.9296 -4554.54
(1,(2,3),(4,(5,6))); -4539.01 -1.23531 28.5786 13.6193 -4555.21
(1,(2,3),((4,6),5)); -4542.84 -1.9123 29.2122 13.1441 -4560.82
(1,2,(3,((4,6),5))); -4534.62 -1.68568 29.0905 13.4947 -4551.9
(1,2,(3,(4,(5,6)))); -4532.25 -1.00868 31.5203 13.7362 -4551.04
(1,2,(3,(4,(5,6)))); -4534.19 -1.00868 29.3462 13.4997 -4551.04
(1,2,(3,(4,(5,6)))); -4534.56 -1.00868 29.4476 13.5217 -4551.49
(1,2,(3,((4,6),5))); -4532.55 -1.68568 30.5367 13.3075 -4551.46
(1,(2,3),((4,6),5)); -4541.31 -1.9123 30.3586 13.3012 -4560.27
(1,2,(3,((4,6),5))); -4542.14 -1.68568 21.7797 13.5419 -4552.06
(1,2,(3,((4,6),5))); -4537.48 -1.68568 25.8946 13.365 -4551.7
(1,2,(3,(4,(5,6)))); -4531.58 -1.00868 32.0125 13.4298 -4551.17
(1,2,(3,((4,6),5))); -4534.62 -1.68568 28.8802 13.5016 -4551.68
(1,(2,3),((4,6),5)); -4541.82 -1.9123 29.9432 13.3375 -4560.33
(1,2,(3,(4,(5,6)))); -4536.22 -1.00868 27.9111 13.9675 -4551.17
(1,2,(3,((4,6),5))); -4531.13 -1.68568 32.4917 13.4955 -4551.81
(1,(2,3),(4,(5,6))); -4539.43 -1.23531 26.9026 13.0998 -4554.46
(1,2,(3,(4,(5,6)))); -4534.43 -1.00868 29.8858 14.1109 -4551.21
(1,2,(3,(4,(5,6)))); -4532.14 -1.00868 31.6112 13.7657 -4550.99
(1,2,(3,(4,(5,6)))); -4531.75 -1.00868 31.7253 13.4065 -4551.08
(1,(2,3),((4,6),5)); -4542.98 -1.9123 29.861 13.6346 -4561.11
(1,(2,3),((4,6),5)); -4540.81 -1.9123 31.6662 13.4701 -4560.92
(1,2,(3,(4,(5,6)))); -4536.95 -1.00868 27.1242 13.8482 -4551.23
(1,2,(3,(4,(5,6)))); -4545.21 -1.00868 19.0423 12.9171 -4552.35
(1,2,(3,((4,6),5))); -4534.03 -1.68568 29.6309 13.7824 -4551.57
(1,(2,3),(4,(5,6))); -4540.2 -1.23531 27.0427 13.8284 -4554.65
(1,2,(3,(4,(5,6)))); -4536.6 -1.00868 26.6532 13.3276 -4550.94
(1,(2,3),(4,(5,6))); -4536.8 -1.23531 29.8966 13.7004 -4554.23
(1,2,(3,(4,(5,6)))); -4533.03 -1.00868 30.2819 13.1904 -4551.13
(1,(2,3),((4,6),5)); -4542.57 -1.9123 28.7564 13.216 -4560.03
(1,(2,3),(4,(5,6))); -4544.94 -1.23531 22.8229 13.955 -4555.04
(1,2,(3,(4,(5,6)))); -4535.9 -1.00868 27.8761 13.8115 -4550.98
(1,(2,3),((4,6),5)); -4541.42 -1.9123 31.3358 13.7825 -4560.89
(1,2,(3,((4,6),5))); -4537.19 -1.68568 26.6389 13.528 -4551.99
(1,(2,3),((4,6),5)); -4540.89 -1.9123 30.7991 13.557 -4560.04
(1,(2,3),(4,(5,6))); -4537.36 -1.23531 29.2683 13.3384 -4554.52
(1,2,(3,(4,(5,6)))); -4536.58 -1.00868 27.6934 13.8204 -4551.46
(1,2,(3,(4,(5,6)))); -4533.13 -1.00868 30.0149 13.2506 -4550.91
(1,(2,3),(4,(5,6))); -4537.7 -1.23531 28.8474 13.1318 -4554.65
(1,(2,3),((4,6),5)); -4543.84 -1.9123 28.3721 13.6871 -4560.44
(1,2,(3,(4,(5,6)))); -4538.21 -1.00868 25.2169 13.6366 -4550.79
(1,2,(3,(4,(5,6)))); -4532.11 -1.00868 31.3746 13.6681 -4550.83
(1,(2,((4,6),5)),3); -4544.25 -5.60765 26.2849 14.0536 -4562.09
(1,(2,3),(4,(5,6))); -4536.42 -1.23531 31.1394 13.8497 -4554.94
(1,(2,3),((4,6),5)); -4541.27 -1.9123 30.8278 13.3631 -4560.65
(1,2,(3,(4,(5,6)))); -4533.94 -1.00868 29.2127 13.3312 -4550.83
(1,2,(3,((4,6),5))); -4537.96 -1.68568 24.4778 12.6588 -4551.47
(1,2,(3,((4,6),5))); -4537.82 -1.68568 25.7697 13.5924 -4551.68
(1,2,(3,(4,(5,6)))); -4533.96 -1.00868 29.3962 13.7219 -4550.64
(1,2,(3,(4,(5,6)))); -4534.36 -1.00868 29.5598 13.8003 -4551.13
(1,2,(3,(4,(5,6)))); -4536.09 -1.00868 27.9103 13.9556 -4551.06
(1,(2,3),((4,6),5)); -4545.51 -1.9123 26.6171 13.1726 -4560.87
(1,2,(3,((4,6),5))); -4537.88 -1.68568 25.7536 13.463 -4551.85
(1,2,(3,((4,6),5))); -4532.61 -1.68568 30.8223 13.448 -4551.67
(1,(2,3),(4,(5,6))); -4534.93 -1.23531 32.0422 13.3249 -4554.88
(1,2,(3,(4,(5,6)))); -4535.6 -1.00868 28.7593 13.8421 -4551.52
(1,(2,3),((4,6),5)); -4542.42 -1.9123 29.7066 13.8365 -4560.2
(1,(2,3),((4,6),5)); -4542.67 -1.9123 29.8049 13.5217 -4560.87
(1,2,(3,(4,(5,6)))); -4535.67 -1.00868 29.1427 14.3767 -4551.44
(1,2,(3,((4,6),5))); -4533.98 -1.68568 29.78 13.2658 -4552.18
(1,2,(3,(4,(5,6)))); -4533.56 -1.00868 30.5615 14.0119 -4551.12
(1,2,(3,(4,(5,6)))); -4534.08 -1.00868 29.2711 13.5161 -4550.84
(1,(2,3),((4,6),5)); -4542.18 -1.9123 29.2314 13.0257 -4560.29
(1,2,(3,(4,(5,6)))); -4532.29 -1.00868 31.4437 13.6536 -4551.09
(1,2,(3,((4,6),5))); -4532.68 -1.68568 31.1365 13.7426 -4551.76
(1,(2,3),(4,(5,6))); -4539.23 -1.23531 28.0169 13.578 -4554.91
(1,2,(3,(4,(5,6)))); -4535.14 -1.00868 29.6012 14.2699 -4551.48
(1,2,(3,(4,(5,6)))); -4537.78 -1.00868 24.8696 12.8275 -4550.83
(1,(2,3),((4,6),5)); -4543.66 -1.9123 28.0465 13.0906 -4560.53
(1,(2,3),(4,(5,6))); -4541.68 -1.23531 25.0043 13.5406 -4554.38
(1,(2,3),((4,6),5)); -4539.55 -1.9123 32.456 13.4032 -4560.51
(1,2,(3,(4,(5,6)))); -4533.12 -1.00868 30.815 13.5516 -4551.39
(1,2,(3,(4,(5,6)))); -4533.32 -1.00868 30.2533 13.5743 -4551.01
(1,(2,3),(4,(5,6))); -4537.93 -1.23531 28.7965 13.1099 -4554.85
(1,(2,3),(4,(5,6))); -4538.68 -1.23531 27.811 13.4857 -4554.24
(1,(2,3),(4,(5,6))); -4537.72 -1.23531 28.956 13.2147 -4554.7
(1,2,(3,(4,(5,6)))); -4533.93 -1.00868 30.1829 14.0241 -4551.09
(1,2,(3,(4,(5,6)))); -4533.06 -1.00868 30.581 13.467 -4551.19
(1,2,(3,((4,6),5))); -4532.56 -1.68568 31.3718 13.6318 -4551.99
(1,2,(3,(4,(5,6)))); -4533.4 -1.00868 30.7782 13.7599 -4551.43
(1,(2,3),((4,6),5)); -4544.39 -1.9123 27.9708 13.5711 -4560.7
(1,2,(3,((4,6),5))); -4533.93 -1.68568 30.3532 13.8092 -4552.16
(1,2,(3,(4,(5,6)))); -4533.09 -1.00868 30.2494 13.2879 -4551.06
(1,(2,3),(4,(5,6))); -4540.71 -1.23531 26.5042 13.5567 -4554.89
(1,2,(3,(4,(5,6)))); -4538.55 -1.00868 24.375 12.776 -4551.16
(1,(2,3),(4,(5,6))); -4541.82 -1.23531 24.1329 12.9026 -4554.28
(1,(2,(4,(5,6))),3); -4537.83 -4.93065 28.813 13.2871 -4558.29
(1,(2,3),(4,(5,6))); -4537.02 -1.23531 30.3669 13.634 -4554.99
(1,2,(3,(4,(5,6)))); -4534.61 -1.00868 29.5121 13.6426 -4551.49
(1,(2,3),((4,6),5)); -4542.33 -1.9123 30.1832 13.737 -4560.68
(1,2,(3,(4,(5,6)))); -4533.35 -1.00868 30.0188 13.2074 -4551.17
(1,2,(3,((4,6),5))); -4532.71 -1.68568 31.0504 13.5806 -4551.86
(1,2,(3,((4,6),5))); -4532.73 -1.68568 31.3642 13.8815 -4551.9
(1,2,(3,((4,6),5))); -4535.34 -1.68568 28.6493 13.4578 -4552.22
(1,(2,3),(4,(5,6))); -4539.34 -1.23531 27.1053 13.457 -4554.22
(1,(2,3),((4,6),5)); -4542.08 -1.9123 30.7284 13.7405 -4560.98
(1,2,(3,(4,(5,6)))); -4534.54 -1.00868 29.3219 13.6264 -4551.24
(1,2,(3,((4,6),5))); -4533.92 -1.68568 28.9535 13.1922 -4551.37
(1,(2,3),(4,(5,6))); -4541.68 -1.23531 25.4491 13.8228 -4554.54
(1,2,(3,(4,(5,6)))); -4531.6 -1.00868 31.9038 13.4895 -4551.02
(1,(2,3),(4,(5,6))); -4536.1 -1.23531 30.3461 13.1267 -4554.55
(1,2,(3,(4,(5,6)))); -4537.22 -1.00868 26.1504 13.3805 -4551
(1,2,(3,((4,6),5))); -4538.11 -1.68568 25.6696 13.4736 -4551.99
(1,2,(3,(4,(5,6)))); -4533.54 -1.00868 29.7418 13.376 -4550.91
(1,2,(3,((4,6),5))); -4532.39 -1.68568 31.1159 13.534 -4551.66
(1,2,(3,(4,(5,6)))); -4533.24 -1.00868 29.9285 13.382 -4550.79
(1,(2,3),(4,(5,6))); -4536.12 -1.23531 31.2071 13.5716 -4554.99
(1,(2,3),((4,6),5)); -4542.84 -1.9123 29.3426 13.3333 -4560.76
(1,(2,3),(4,(5,6))); -4541.51 -1.23531 26.1179 13.7422 -4555.12
(1,2,(3,((4,6),5))); -4541.3 -1.68568 23.0958 13.8802 -4552.21
(1,(2,3),(4,(5,6))); -4537.68 -1.23531 29.0107 13.0842 -4554.85
(1,2,(3,(4,(5,6)))); -4532.91 -1.00868 30.1412 13.0824 -4550.98
(1,2,(3,(4,(5,6)))); -4532.16 -1.00868 31.328 13.3061 -4551.2
(1,2,(3,(4,(5,6)))); -4532.51 -1.00868 30.9863 13.6043 -4550.9
(1,2,(3,((4,6),5))); -4533.76 -1.68568 29.7104 13.5556 -4551.6
(1,2,(3,((4,6),5))); -4531.94 -1.68568 32.0945 13.7563 -4551.96
(1,(2,3),(4,(5,6))); -4539.74 -1.23531 27.2221 13.4504 -4554.75
(1,2,(3,(4,(5,6)))); -4533.53 -1.00868 29.5151 13.4759 -4550.58
(1,2,(3,(4,(5,6)))); -4532.61 -1.00868 30.603 13.6248 -4550.6
(1,2,(3,(4,(5,6)))); -4536.83 -1.00868 26.268 13.2448 -4550.86
(1,2,(3,(4,(5,6)))); -4533.5 -1.00868 29.9098 13.5508 -4550.86
(1,2,(3,(4,(5,6)))); -4535.11 -1.00868 28.2958 13.2321 -4551.18
(1,2,(3,((4,6),5))); -4534.21 -1.68568 29.343 13.3722 -4551.86
(1,2,(3,(4,(5,6)))); -4533.85 -1.00868 29.9508 13.6037 -4551.2
(1,2,(3,((4,6),5))); -4531.34 -1.68568 32.5724 13.7993 -4551.8
(1,(2,3),(4,(5,6))); -4538.35 -1.23531 28.4925 13.5182 -4554.56
(1,(2,3),(4,(5,6))); -4536.42 -1.23531 30.8869 13.7551 -4554.79
(1,2,(3,((4,6),5))); -4533.96 -1.68568 29.4164 13.2603 -4551.81
(1,(2,3),(4,(5,6))); -4539.74 -1.23531 26.1108 12.8096 -4554.28
(1,2,(3,(4,(5,6)))); -4531.56 -1.00868 31.9825 13.4883 -4551.07
(1,(2,3),(4,(5,6))); -4541.17 -1.23531 26.4721 13.9195 -4554.96
(1,(2,3),((4,6),5)); -4539.58 -1.9123 32.6838 13.3637 -4560.81
(1,(2,3),(4,(5,6))); -4537.29 -1.23531 29.1987 13.2262 -4554.5
(1,2,(3,(4,(5,6)))); -4533.15 -1.00868 31.1922 13.8642 -4551.48
(1,2,(3,(4,(5,6)))); -4535.04 -1.00868 28.2829 13.5365 -4550.79
(1,(2,3),(4,(5,6))); -4534.76 -1.23531 32.3812 13.6534 -4554.72
(1,2,(3,((4,6),5))); -4537.41 -1.68568 26.2272 13.6442 -4551.68
(1,2,(3,((4,6),5))); -4536.15 -1.68568 27.4375 13.6759 -4551.6
(1,(2,3),((4,6),5)); -4541.8 -1.9123 30.6464 13.7486 -4560.61
(1,(2,3),(4,(5,6))); -4538.12 -1.23531 29.1549 13.7625 -4554.75
(1,2,(3,(4,(5,6)))); -4534.31 -1.00868 28.8256 13.0747 -4551.07
(1,(2,3),((4,6),5)); -4542.07 -1.9123 29.8034 13.5111 -4560.28
(1,2,(3,((4,6),5))); -4533.26 -1.68568 30.5419 13.4029 -4552.09
(1,2,(3,(4,(5,6)))); -4532.11 -1.00868 31.6399 13.5438 -4551.21
(1,(2,3),(4,(5,6))); -4535.92 -1.23531 31.6418 13.7936 -4555
(1,2,(3,((4,6),5))); -4533.01 -1.68568 31.0905 13.6368 -4552.15
(1,2,(3,(4,(5,6)))); -4532.99 -1.00868 30.9988 13.6724 -4551.33
(1,(2,3),(4,(5,6))); -4541.44 -1.23531 25.1525 13.077 -4554.75
(1,2,(3,(4,(5,6)))); -4535.94 -1.00868 27.5674 13.318 -4551.2
(1,(2,3),(4,(5,6))); -4540.15 -1.23531 27.2954 13.5682 -4555.11
(1,(2,3),((4,6),5)); -4540.44 -1.9123 31.9743 13.471 -4560.86
(1,2,(3,(4,(5,6)))); -4534.91 -1.00868 29.074 13.7913 -4551.2
(1,(2,3),(4,(5,6))); -4537.78 -1.23531 29.8119 13.9208 -4554.9
(1,(2,3),(4,(5,6))); -4536.98 -1.23531 30.143 13.6409 -4554.72
(1,2,(3,(4,(5,6)))); -4533.34 -1.00868 30.7741 13.6301 -4551.49
(1,2,(3,(4,(5,6)))); -4537.74 -1.00868 25.819 13.9318 -4550.64
(1,2,(3,(4,(5,6)))); -4532.5 -1.00868 31.0358 13.5385 -4551
(1,2,(3,(4,(5,6)))); -4538.23 -1.00868 25.3272 13.8328 -4550.73
(1,(2,3),(4,(5,6))); -4537.46 -1.23531 29.3774 13.4124 -4554.66
(1,(2,3),(4,(5,6))); -4535.21 -1.23531 32.2427 13.5561 -4555.13
(1,(2,((4,6),5)),3); -4539.53 -5.60765 30.0613 13.167 -4562.04
(1,(2,((4,6),5)),3); -4545.26 -5.60765 24.8668 13.4 -4562.33
(1,2,(3,(4,(5,6)))); -4534.17 -1.00868 29.0688 13.5607 -4550.69
(1,(2,3),(4,(5,6))); -4536.56 -1.23531 30.6563 13.7432 -4554.71
(1,2,(3,(4,(5,6)))); -4536.14 -1.00868 27.6097 13.4095 -4551.35
(1,2,(3,(4,(5,6)))); -4534.2 -1.00868 29.6883 13.7454 -4551.16
(1,(2,3),((4,6),5)); -4541.85 -1.9123 30.9051 13.7482 -4560.92
(1,2,(3,(4,(5,6)))); -4540.66 -1.00868 23.2341 13.5212 -4551.39
(1,2,(3,(4,(5,6)))); -4535.37 -1.00868 27.4131 13.0744 -4550.72
(1,(2,3),(4,(5,6))); -4537.52 -1.23531 29.6841 13.6081 -4554.83
(1,(2,3),((4,6),5)); -4542.51 -1.9123 29.4318 13.3765 -4560.48
(1,(2,3),(4,(5,6))); -4537.55 -1.23531 29.6997 13.6541 -4554.84
(1,2,(3,(4,(5,6)))); -4539.69 -1.00868 24.1473 13.36 -4551.49
(1,2,(3,(4,(5,6)))); -4534.16 -1.00868 29.3326 13.3815 -4551.12
(1,2,(3,(4,(5,6)))); -4534.06 -1.00868 29.195 13.4526 -4550.81
(1,(2,3),((4,6),5)); -4546.59 -1.9123 25.9991 13.6305 -4560.87
(1,2,(3,(4,(5,6)))); -4532.13 -1.00868 30.9403 13.3309 -4550.74
(1,(2,3),((4,6),5)); -4542.13 -1.9123 30.0471 13.3191 -4560.77
(1,(2,3),(4,(5,6))); -4536.09 -1.23531 30.2799 13.324 -4554.28
(1,2,(3,(4,(5,6)))); -4532.92 -1.00868 30.9286 13.6815 -4551.18
(1,(2,3),(4,(5,6))); -4535.88 -1.23531 30.7018 13.4053 -4554.41
(1,2,(3,(4,(5,6)))); -4533.22 -1.00868 30.5312 13.8786 -4550.88
(1,2,(3,((4,6),5))); -4533.12 -1.68568 30.8523 13.7776 -4551.88
(1,(2,3),(4,(5,6))); -4534.89 -1.23531 31.5986 13.2356 -4554.49
(1,(2,3),(4,(5,6))); -4541.12 -1.23531 26.5735 13.8043 -4555.12
(1,(2,3),((4,6),5)); -4543.91 -1.9123 27.8252 13.1607 -4560.49
(1,(2,3),(4,(5,6))); -4535.43 -1.23531 31.0782 13.3939 -4554.35
(1,2,(3,(4,(5,6)))); -4532.25 -1.00868 31.3566 13.6584 -4550.95
(1,2,(3,(4,(5,6)))); -4532.41 -1.00868 30.8161 13.5547 -4550.68
(1,2,(3,(4,(5,6)))); -4535.22 -1.00868 28.1624 13.4223 -4550.97
(1,2,(3,((4,6),5))); -4535.12 -1.68568 28.8288 13.3912 -4552.24
(1,(2,3),((4,6),5)); -4543.24 -1.9123 29.0906 13.377 -4560.87
(1,(2,3),(4,(5,6))); -4536.49 -1.23531 30.4719 13.4871 -4554.71
(1,(2,3),(4,(5,6))); -4537.08 -1.23531 29.8726 13.5012 -4554.68
(1,(2,3),(4,(5,6))); -4537.59 -1.23531 29.9268 13.9557 -4554.8
(1,2,(3,(4,(5,6)))); -4533.38 -1.00868 30.8557 14.0013 -4551.24
(1,(2,3),(4,(5,6))); -4534.62 -1.23531 32.5686 13.6543 -4554.77
(1,2,(3,(4,(5,6)))); -4534.15 -1.00868 29.8999 13.6561 -4551.4
(1,2,(3,(4,(5,6)))); -4531.65 -1.00868 31.8489 13.5057 -4551
(1,2,(3,((4,6),5))); -4535.46 -1.68568 28.1218 13.3802 -4551.89
(1,(2,3),(4,(5,6))); -4538.27 -1.23531 28.6621 13.421 -4554.74
(1,(2,3),(4,(5,6))); -4539.87 -1.23531 27.5041 13.5435 -4555.07
(1,2,(3,(4,(5,6)))); -4536.05 -1.00868 28.0454 13.7895 -4551.32
(1,2,(3,(4,(5,6)))); -4532.63 -1.00868 30.566 13.511 -4550.69
(1,(2,3),(4,(5,6))); -4537.13 -1.23531 29.9534 13.6468 -4554.68
(1,(2,3),(4,(5,6))); -4535.37 -1.23531 31.8169 13.665 -4554.76
(1,2,(3,((4,6),5))); -4532.51 -1.68568 31.1581 13.598 -4551.76
(1,2,(3,((4,6),5))); -4533.86 -1.68568 30.2939 13.5025 -4552.34
(1,(2,3),((4,6),5)); -4548.13 -1.9123 24.2199 13.7087 -4560.56
(1,(2,3),(4,(5,6))); -4536.97 -1.23531 30.3672 13.6036 -4554.97
(1,2,(3,(4,(5,6)))); -4536.9 -1.00868 26.3061 12.9107 -4551.3
(1,2,(3,(4,(5,6)))); -4534.59 -1.00868 29.7261 13.9602 -4551.36
(1,2,(3,(4,(5,6)))); -4538.87 -1.00868 24.5237 13.2674 -4551.13
(1,(2,3),((4,6),5)); -4540.96 -1.9123 31.166 13.3734 -4560.67
(1,2,(3,((4,6),5))); -4531.07 -1.68568 32.8137 13.6214 -4551.94
(1,(2,3),(4,(5,6))); -4536.24 -1.23531 31.2517 13.9113 -4554.81
(1,2,(3,((4,6),5))); -4533.43 -1.68568 30.131 13.3696 -4551.88
(1,2,(3,((4,6),5))); -4534.85 -1.68568 29.1962 13.5374 -4552.19
(1,2,(3,(4,(5,6)))); -4539.88 -1.00868 24.1407 14.1476 -4550.88
(1,(2,3),(4,(5,6))); -4540.65 -1.23531 25.5537 12.9573 -4554.48
(1,(2,3),(4,(5,6))); -4535.82 -1.23531 31.0691 13.5783 -4554.54
(1,2,(3,((4,6),5))); -4534.15 -1.68568 29.8951 13.7459 -4551.99
(1,2,(3,(4,(5,6)))); -4538.8 -1.00868 23.522 12.788 -4550.54
(1,(2,3),(4,(5,6))); -4536.96 -1.23531 29.6367 13.3828 -4554.45
(1,2,(3,(4,(5,6)))); -4536.53 -1.00868 27.0606 13.5578 -4551.04
(1,2,(3,(4,(5,6)))); -4537.71 -1.00868 25.9518 13.5916 -4551.08
(1,2,(3,((4,6),5))); -4535.7 -1.68568 27.9682 13.479 -4551.87
(1,(2,3),(4,(5,6))); -4536.41 -1.23531 29.8592 13.2767 -4554.22
(1,2,(3,(4,(5,6)))); -4531.28 -1.00868 32.5988 13.5924 -4551.29
(1,2,(3,((4,6),5))); -4533.05 -1.68568 30.3456 13.3752 -4551.71
(1,2,(3,((4,6),5))); -4532.79 -1.68568 31.5826 13.8678 -4552.19
(1,(2,3),(4,(5,6))); -4539.03 -1.23531 28.3314 13.8171 -4554.78
(1,(2,3),(4,(5,6))); -4537.52 -1.23531 29.5499 13.6305 -4554.67
(1,2,(3,((4,6),5))); -4536.79 -1.68568 26.929 13.7133 -4551.69
(1,(2,3),((4,6),5)); -4541.23 -1.9123 31.0035 13.4418 -4560.71
(1,(2,3),(4,(5,6))); -4536.43 -1.23531 31.0104 13.7662 -4554.91
(1,(2,3),((4,6),5)); -4542.09 -1.9123 29.5917 13.1451 -4560.45
(1,2,(3,(4,(5,6)))); -4532.89 -1.00868 30.8186 13.4746 -4551.24
(1,(2,3),(4,(5,6))); -4538.12 -1.23531 28.6368 13.5238 -4554.46
(1,(2,3),(4,(5,6))); -4535.97 -1.23531 31.1592 13.5361 -4554.83
(1,(2,3),((4,6),5)); -4543 -1.9123 29.3282 13.4418 -4560.8
(1,2,(3,(4,(5,6)))); -4533.49 -1.00868 30.3524 13.9038 -4550.95
(1,2,(3,((4,6),5))); -4532.28 -1.68568 31.5423 13.4903 -4552.01
(1,(2,3),(4,(5,6))); -4541.56 -1.23531 25.1668 13.1962 -4554.77
(1,2,(3,(4,(5,6)))); -4534.65 -1.00868 27.7388 12.988 -4550.41
(1,2,(3,((4,6),5))); -4536.28 -1.68568 26.5478 13.0356 -4551.48
(1,2,(3,(4,(5,6)))); -4533.58 -1.00868 30.8325 13.916 -4551.5
(1,(2,3),(4,(5,6))); -4538.37 -1.23531 27.9657 13.111 -4554.46
(1,(2,3),((4,6),5)); -4544.35 -1.9123 28.6657 14.0434 -4560.88
(1,(2,3),(4,(5,6))); -4540.59 -1.23531 27.1295 13.7656 -4555.19
(1,2,(3,(4,(5,6)))); -4534.57 -1.00868 29.6434 14.0591 -4551.17
(1,2,(3,(4,(5,6)))); -4532.61 -1.00868 30.887 13.3517 -4551.15
(1,(2,3),(4,(5,6))); -4536.62 -1.23531 31.1877 14.0006 -4555.04
(1,2,(3,(4,(5,6)))); -4533.58 -1.00868 30.0172 13.4681 -4551.13
(1,2,(3,((4,6),5))); -4534.03 -1.68568 28.9212 13.1501 -4551.49
(1,2,(3,((4,6),5))); -4534.68 -1.68568 29.7198 13.8366 -4552.25
(1,2,(3,(4,(5,6)))); -4535.53 -1.00868 27.3281 13.1905 -4550.68
(1,2,(3,(4,(5,6)))); -4532.89 -1.00868 30.8345 13.9121 -4550.82
(1,(2,3),((4,6),5)); -4542.05 -1.9123 29.4858 13.2066 -4560.24
(1,(2,3),((4,6),5)); -4543.87 -1.9123 28.2042 13.5535 -4560.44
(1,(2,3),(4,(5,6))); -4537.17 -1.23531 29.8249 13.523 -4554.71
(1,(2,3),(4,(5,6))); -4534.25 -1.23531 32.5775 13.5935 -4554.47
(1,2,(3,((4,6),5))); -4533.6 -1.68568 30.3614 13.4529 -4552.19
(1,2,(3,((4,6),5))); -4533.74 -1.68568 30.1353 13.6171 -4551.94
(1,2,(3,(4,(5,6)))); -4531.99 -1.00868 31.5152 13.6673 -4550.84
(1,2,(3,(4,(5,6)))); -4535.55 -1.00868 28.0816 13.8826 -4550.76
(1,2,(3,(4,(5,6)))); -4532.19 -1.00868 31.1309 13.4583 -4550.87
(1,2,(3,(4,(5,6)))); -4533.09 -1.00868 30.2333 13.5467 -4550.79
(1,(2,3),(4,(5,6))); -4534.39 -1.23531 32.3821 13.479 -4554.53
(1,(2,3),(4,(5,6))); -4538.6 -1.23531 28.2355 13.455 -4554.62
(1,2,(3,((4,6),5))); -4534.6 -1.68568 28.8433 13.4016 -4551.73
(1,(2,3),(4,(5,6))); -4537.79 -1.23531 28.9143 13.2629 -4554.67
(1,2,(3,(4,(5,6)))); -4533.41 -1.00868 29.9398 13.5404 -4550.82
(1,(2,3),(4,(5,6))); -4536.69 -1.23531 30.1845 13.5453 -4554.57
(1,2,(3,((4,6),5))); -4532.44 -1.68568 31.1192 13.5697 -4551.68
(1,2,(3,((4,6),5))); -4536.45 -1.68568 27.4373 13.5212 -4552.05
(1,(2,3),((4,6),5)); -4541.49 -1.9123 31.0236 13.9261 -4560.5
(1,(2,3),(4,(5,6))); -4536.91 -1.23531 30.3574 13.4311 -4555.07
(1,(2,3),(4,(5,6))); -4535.23 -1.23531 31.6145 13.5702 -4554.51
(1,(2,3),(4,(5,6))); -4537.74 -1.23531 29.9389 13.9692 -4554.94
(1,2,(3,(4,(5,6)))); -4536.04 -1.00868 27.4582 13.5312 -4550.98
(1,2,(3,(4,(5,6)))); -4535.25 -1.00868 28.7231 13.8011 -4551.18
(1,2,(3,((4,6),5))); -4533.82 -1.68568 29.3884 13.1713 -4551.72
(1,2,(3,((4,6),5))); -4533.46 -1.68568 30.2025 13.3219 -4552.02
(1,2,(3,((4,6),5))); -4535.3 -1.68568 28.2449 13.2057 -4552.03
(1,2,(3,(4,(5,6)))); -4536.51 -1.00868 27.061 13.5051 -4551.08
(1,2,(3,(4,(5,6)))); -4533.1 -1.00868 30.8431 13.618 -4551.34
(1,2,(3,((4,6),5))); -4534.36 -1.68568 29.6514 13.5663 -4552.13
(1,(2,3),(4,(5,6))); -4537.19 -1.23531 30.3234 13.589 -4555.16
(1,(2,3),(4,(5,6))); -4536.89 -1.23531 30.191 13.5348 -4554.78
(1,2,(3,(4,(5,6)))); -4533.41 -1.00868 30.431 13.7246 -4551.12
(1,2,(3,((4,6),5))); -4535.78 -1.68568 27.5808 13.3735 -4551.67
(1,2,(3,(4,(5,6)))); -4533.17 -1.00868 30.2358 13.5847 -4550.83
(1,2,(3,(4,(5,6)))); -4533.04 -1.00868 30.46 13.4753 -4551.03
(1,2,(3,(4,(5,6)))); -4532.42 -1.00868 30.4193 13.2977 -4550.55
(1,2,(3,((4,6),5))); -4535.9 -1.68568 27.8743 13.6874 -4551.77
(1,(2,3),(4,(5,6))); -4535.79 -1.23531 30.9278 13.437 -4554.52
(1,2,(3,(4,(5,6)))); -4532.5 -1.00868 30.5157 13.0684 -4550.95
(1,2,(3,(4,(5,6)))); -4531.65 -1.00868 31.7701 13.4301 -4551
(1,2,(3,(4,(5,6)))); -4533.06 -1.00868 31.1785 13.8935 -4551.35
(1,2,(3,(4,(5,6)))); -4533 -1.00868 30.7322 13.6395 -4551.1
(1,2,(3,((4,6),5))); -4535.63 -1.68568 28.3823 13.8169 -4551.88
(1,(2,3),(4,(5,6))); -4537.39 -1.23531 30.1357 13.4757 -4555.29
(1,(2,3),(4,(5,6))); -4542.17 -1.23531 24.6112 13.6935 -4554.32
(1,(2,3),(4,(5,6))); -4538.31 -1.23531 28.0613 13.2402 -4554.37
(1,2,(3,(4,(5,6)))); -4541.27 -1.00868 22.1386 13.693 -4550.73
(1,(2,3),(4,(5,6))); -4537.95 -1.23531 27.8992 12.9288 -4554.15
(1,2,(3,(4,(5,6)))); -4533.91 -1.00868 30.105 13.6753 -4551.35
(1,(2,3),(4,(5,6))); -4541.56 -1.23531 25.3792 13.0063 -4555.17
(1,2,(3,((4,6),5))); -4536.02 -1.68568 26.77 13.0337 -4551.45
(1,2,(3,((4,6),5))); -4535.05 -1.68568 29.6108 13.9201 -4552.43
(1,2,(3,((4,6),5))); -4534.92 -1.68568 28.8012 13.2733 -4552.13
(1,2,(3,(4,(5,6)))); -4533.17 -1.00868 30.4593 13.6463 -4550.99
(1,2,(3,((4,6),5))); -4533.94 -1.68568 30.0298 13.8026 -4551.85
(1,2,(3,(4,(5,6)))); -4533.26 -1.00868 30.7855 13.8376 -4551.22
(1,(2,3),((4,6),5)); -4543.81 -1.9123 27.9575 13.0192 -4560.66
(1,2,(3,(4,(5,6)))); -4533.81 -1.00868 29.3838 13.1831 -4551.02
(1,2,(3,((4,6),5))); -4534.11 -1.68568 29.7156 13.8603 -4551.65
(1,2,(3,(4,(5,6)))); -4534.77 -1.00868 28.5275 13.2472 -4551.06
(1,(2,3),(4,(5,6))); -4540.75 -1.23531 25.8857 13.1504 -4554.72
(1,2,(3,((4,6),5))); -4535.16 -1.68568 28.8303 13.6969 -4551.98
(1,(2,3),(4,(5,6))); -4536.73 -1.23531 29.6903 13.3451 -4554.31
(1,2,(3,(4,(5,6)))); -4535.45 -1.00868 27.9096 13.3946 -4550.97
(1,(2,3),((4,6),5)); -4543.48 -1.9123 28.9683 13.755 -4560.6
(1,2,(3,((4,6),5))); -4536.74 -1.68568 27.9405 14.19 -4552.18
(1,2,(3,(4,(5,6)))); -4533.29 -1.00868 30.3074 13.6896 -4550.91
(1,2,(3,(4,(5,6)))); -4534.35 -1.00868 29.1148 13.4126 -4551.06
(1,(2,3),(4,(5,6))); -4536.23 -1.23531 31.5211 13.7176 -4555.26
(1,2,(3,(4,(5,6)))); -4537.14 -1.00868 25.9592 13.5207 -4550.58
(1,2,(3,((4,6),5))); -4534.16 -1.68568 29.1292 13.1445 -4551.83
(1,2,(3,((4,6),5))); -4537.09 -1.68568 26.8261 13.7716 -4551.83
(1,(2,3),((4,6),5)); -4542.98 -1.9123 29.5586 13.7905 -4560.66
(1,(2,3),(4,(5,6))); -4538.21 -1.23531 29.587 14.0844 -4554.94
(1,(2,3),((4,6),5)); -4542.76 -1.9123 29.2823 13.3816 -4560.58
(1,2,(3,(4,(5,6)))); -4534.82 -1.00868 29.4657 13.9818 -4551.32
(1,2,(3,(4,(5,6)))); -4532.73 -1.00868 31.5195 13.9206 -4551.34
(1,2,(3,(4,(5,6)))); -4533.7 -1.00868 29.6065 13.4445 -4550.87
(1,2,(3,(4,(5,6)))); -4533.45 -1.00868 30.2286 13.4779 -4551.21
(1,2,(3,(4,(5,6)))); -4533.61 -1.00868 29.5792 13.5262 -4550.67
(1,2,(3,((4,6),5))); -4534.08 -1.68568 29.3528 13.1497 -4551.97
(1,2,(3,(4,(5,6)))); -4531.22 -1.00868 32.2546 13.4007 -4551.09
(1,2,(3,((4,6),5))); -4532.68 -1.68568 30.7906 13.3981 -4551.76
(1,(2,3),((4,6),5)); -4540.59 -1.9123 30.6772 13.1046 -4560.08
(1,2,(3,(4,(5,6)))); -4537.6 -1.00868 25.7624 13.2061 -4551.17
(1,(2,3),(4,(5,6))); -4536.68 -1.23531 29.3184 13.0801 -4554.16
(1,(2,3),((4,6),5)); -4541.47 -1.9123 30.7569 13.7408 -4560.4
(1,(2,3),(4,(5,6))); -4539.45 -1.23531 26.6969 13.1771 -4554.2
(1,2,(3,(4,(5,6)))); -4532.96 -1.00868 30.5889 13.8066 -4550.76
(1,(2,3),((4,6),5)); -4542.37 -1.9123 29.8894 13.1723 -4561
(1,2,(3,(4,(5,6)))); -4533.58 -1.00868 30.0756 13.7609 -4550.9
(1,2,(3,(4,(5,6)))); -4536.83 -1.00868 25.4086 12.7307 -4550.51
(1,2,(3,(4,(5,6)))); -4534.6 -1.00868 28.8147 13.3286 -4551.1
(1,2,(3,((4,6),5))); -4531.96 -1.68568 32.2717 13.803 -4552.12
(1,(2,3),(4,(5,6))); -4540.61 -1.23531 25.9261 13.4974 -4554.28
(1,(2,3),((4,6),5)); -4541.87 -1.9123 29.831 13.2183 -4560.39
(1,(2,3),(4,(5,6))); -4535.38 -1.23531 31.5984 13.5395 -4554.67
(1,(2,3),(4,(5,6))); -4538.76 -1.23531 27.8967 13.4983 -4554.4
(1,(2,3),((4,6),5)); -4543.62 -1.9123 28.1464 13.3705 -4560.31
(1,2,(3,(4,(5,6)))); -4537.54 -1.00868 26.8931 14.1632 -4551.28
(1,2,(3,((4,6),5))); -4537.46 -1.68568 26.1186 13.3878 -4551.88
(1,2,(3,(4,(5,6)))); -4538.62 -1.00868 24.8429 13.3764 -4551.09
(1,(2,3),(4,(5,6))); -4538.47 -1.23531 29.0553 13.8692 -4554.9
(1,2,(3,((4,6),5))); -4533.88 -1.68568 30.5296 14.0144 -4552.08
(1,(2,3),((4,6),5)); -4546.27 -1.9123 25.0927 13.6999 -4559.57
(1,2,(3,(4,(5,6)))); -4533.26 -1.00868 30.0837 13.5961 -4550.76
(1,2,(3,(4,(5,6)))); -4537.11 -1.00868 26.8238 13.4431 -4551.5
(1,(2,3),(4,(5,6))); -4535.8 -1.23531 31.2521 13.6414 -4554.64
(1,(2,3),((4,6),5)); -4543.83 -1.9123 28.5959 13.5652 -4560.77
(1,2,(3,(4,(5,6)))); -4539.71 -1.00868 24.1179 13.9288 -4550.9
(1,2,(3,((4,6),5))); -4532.8 -1.68568 31.3509 13.5727 -4552.27
(1,(2,3),((4,6),5)); -4545.28 -1.9123 27.1238 13.4752 -4560.84
(1,2,(3,(4,(5,6)))); -4534.34 -1.00868 28.4873 13.1652 -4550.67
(1,(2,3),(4,(5,6))); -4537.24 -1.23531 30.0158 13.4483 -4555.04
(1,2,(3,(4,(5,6)))); -4532.48 -1.00868 30.7863 13.492 -4550.79
(1,(2,3),((4,6),5)); -4542.44 -1.9123 29.7651 13.3724 -4560.74
(1,(2,3),(4,(5,6))); -4541.01 -1.23531 26.3309 13.8289 -4554.75
(1,(2,3),(4,(5,6))); -4542.29 -1.23531 24.8686 13.4865 -4554.91
(1,2,(3,(4,(5,6)))); -4531.12 -1.00868 31.9312 13.4998 -4550.56
(1,2,(3,((4,6),5))); -4539.86 -1.68568 24.1967 13.8675 -4551.87
(1,2,(3,(4,(5,6)))); -4533.1 -1.00868 30.669 13.6009 -4551.18
(1,2,(3,((4,6),5))); -4533.24 -1.68568 30.9398 13.679 -4552.18
(1,(2,3),(4,(5,6))); -4534.3 -1.23531 32.7058 13.4457 -4554.79
(1,(2,3),((4,6),5)); -4542.15 -1.9123 30.0634 13.2364 -4560.89
(1,2,(3,((4,6),5))); -4534.24 -1.68568 29.0796 13.2963 -4551.71
(1,(2,3),(4,(5,6))); -4536.47 -1.23531 30.5902 13.4492 -4554.85
(1,(2,3),(4,(5,6))); -4537.88 -1.23531 28.6031 13.2279 -4554.49
(1,2,(3,(4,(5,6)))); -4538.61 -1.00868 25.9637 14.2295 -4551.35
(1,(2,3),(4,(5,6))); -4535.75 -1.23531 30.7297 13.4187 -4554.29
(1,(2,3),(4,(5,6))); -4534.42 -1.23531 32.6363 13.5336 -4554.75
(1,(2,3),(4,(5,6))); -4536.41 -1.23531 30.5459 13.5304 -4554.66
(1,2,(3,(4,(5,6)))); -4533.58 -1.00868 28.9243 12.9124 -4550.6
(1,(2,3),((4,6),5)); -4542.87 -1.9123 29.4104 13.2729 -4560.92
(1,2,(3,((4,6),5))); -4533.4 -1.68568 30.6884 13.5707 -4552.2
(1,2,(3,(4,(5,6)))); -4532.38 -1.00868 30.7184 13.4133 -4550.7
(1,(2,3),((4,6),5)); -4543.84 -1.9123 28.1493 13.2239 -4560.68
(1,(2,3),(4,(5,6))); -4534.85 -1.23531 31.9618 13.4617 -4554.58
(1,(2,3),(4,(5,6))); -4537.47 -1.23531 29.4219 13.1216 -4555.01
(1,2,(3,((4,6),5))); -4534.29 -1.68568 29.797 13.6103 -4552.17
(1,(2,3),((4,6),5)); -4541.4 -1.9123 31.3249 13.7153 -4560.92
(1,2,(3,((4,6),5))); -4534.47 -1.68568 29.3961 13.3016 -4552.25
(1,(2,3),(4,(5,6))); -4536.02 -1.23531 30.9237 13.3072 -4554.87
(1,2,(3,((4,6),5))); -4536.54 -1.68568 27.2269 13.3254 -4552.12
(1,(2,3),(4,(5,6))); -4537.03 -1.23531 30.3897 13.6556 -4555
(1,2,(3,((4,6),5))); -4532.42 -1.68568 30.9813 13.414 -4551.67
(1,2,(3,(4,(5,6)))); -4533.33 -1.00868 30.1298 13.2567 -4551.21
(1,2,(3,((4,6),5))); -4533.7 -1.68568 30.3002 13.7232 -4551.96
(1,(2,3),(4,(5,6))); -4537.18 -1.23531 29.8768 13.6678 -4554.63
(1,2,(3,(4,(5,6)))); -4533.68 -1.00868 30.2657 13.7352 -4551.22
(1,2,(3,(4,(5,6)))); -4533.56 -1.00868 30.0669 13.5776 -4551.06
(1,2,(3,((4,6),5))); -4532.83 -1.68568 31.0102 13.6909 -4551.83
(1,2,(3,(4,(5,6)))); -4536.47 -1.00868 27.7578 14.0323 -4551.21
(1,2,(3,(4,(5,6)))); -4536.92 -1.00868 26.1683 13.2581 -4550.84
(1,2,(3,((4,6),5))); -4534.11 -1.68568 29.3722 13.6614 -4551.51
(1,2,(3,((4,6),5))); -4535.95 -1.68568 27.5593 13.0717 -4552.13
(1,(2,3),((4,6),5)); -4539.07 -1.9123 32.5316 13.2646 -4560.25
(1,2,(3,((4,6),5))); -4535 -1.68568 28.4099 13.3833 -4551.71
(1,2,(3,((4,6),5))); -4533.71 -1.68568 30.0614 13.6385 -4551.82
(1,2,(3,(4,(5,6)))); -4533.58 -1.00868 30.5061 13.7741 -4551.32
(1,2,(3,(4,(5,6)))); -4533.24 -1.00868 30.5944 13.7273 -4551.12
(1,(2,3),((4,6),5)); -4544.95 -1.9123 27.131 13.6337 -4560.36
(1,2,(3,(4,(5,6)))); -4532.53 -1.00868 31.5915 14.0541 -4551.08
(1,(2,3),(4,(5,6))); -4537.57 -1.23531 29.6268 13.8541 -4554.58
(1,2,(3,(4,(5,6)))); -4536.34 -1.00868 26.3723 13.2546 -4550.47
(1,2,(3,((4,6),5))); -4535.25 -1.68568 28.2088 13.5625 -4551.58
(1,(2,3),(4,(5,6))); -4536.75 -1.23531 30.0447 13.2716 -4554.76
(1,(2,3),(4,(5,6))); -4536.39 -1.23531 30.5341 13.2662 -4554.89
(1,(2,3),(4,(5,6))); -4536.47 -1.23531 30.2541 13.3509 -4554.61
(1,2,(3,((4,6),5))); -4535.24 -1.68568 29.2132 13.7634 -4552.38
(1,2,(3,(4,(5,6)))); -4536.04 -1.00868 27.0714 13.374 -4550.74
(1,2,(3,(4,(5,6)))); -4534.55 -1.00868 28.2809 13.1643 -4550.67
(1,(2,3),(4,(5,6))); -4537.34 -1.23531 29.5813 13.4047 -4554.75
(1,2,(3,((4,6),5))); -4532.79 -1.68568 30.8497 13.3776 -4551.94
(1,(2,3),(4,(5,6))); -4536.38 -1.23531 29.9951 13.2385 -4554.37
(1,(2,3),((4,6),5)); -4542.63 -1.9123 29.9054 13.7833 -4560.66
(1,2,(3,(4,(5,6)))); -4533.45 -1.00868 30.1471 13.5133 -4551.09
(1,(2,3),(4,(5,6))); -4536.73 -1.23531 30.1174 13.546 -4554.54
(1,2,(3,(4,(5,6)))); -4534.78 -1.00868 29.2432 13.6385 -4551.39
(1,2,(3,(4,(5,6)))); -4534.88 -1.00868 28.917 13.6584 -4551.15
(1,2,(3,(4,(5,6)))); -4533.97 -1.00868 29.069 13.1069 -4550.94
(1,(2,3),(4,(5,6))); -4538.26 -1.23531 28.6525 13.2467 -4554.9
(1,2,(3,(4,(5,6)))); -4535.73 -1.00868 27.9826 13.1709 -4551.55
(1,2,(3,(4,(5,6)))); -4530.61 -1.00868 32.8711 13.6915 -4550.8
(1,2,(3,((4,6),5))); -4533.87 -1.68568 29.8987 13.3419 -4552.12
(1,2,(3,(4,(5,6)))); -4534.02 -1.00868 28.8063 13.1373 -4550.7
(1,(2,3),((4,6),5)); -4543.54 -1.9123 28.9764 13.8477 -4560.58
(1,2,(3,(4,(5,6)))); -4533.62 -1.00868 30.6619 14.0489 -4551.24
(1,2,(3,((4,6),5))); -4532.15 -1.68568 31.9839 13.9461 -4551.88
(1,2,(3,(4,(5,6)))); -4532.2 -1.00868 30.7118 13.1539 -4550.77
(1,(2,3),(4,(5,6))); -4534.25 -1.23531 32.4546 13.337 -4554.6
(1,2,(3,(4,(5,6)))); -4537.78 -1.00868 25.9303 13.3328 -4551.38
(1,2,(3,(4,(5,6)))); -4534.7 -1.00868 29.2231 13.8804 -4551.05
(1,2,(3,(4,(5,6)))); -4531.69 -1.00868 32.1923 13.6002 -4551.29
(1,(2,3),(4,(5,6))); -4542.75 -1.23531 24.3404 13.8203 -4554.51
(1,2,(3,((4,6),5))); -4535.86 -1.68568 28.0996 13.7128 -4551.94
(1,2,(3,(4,(5,6)))); -4531.79 -1.00868 31.8891 13.4758 -4551.21
(1,2,(3,(4,(5,6)))); -4532.98 -1.00868 30.8619 13.8642 -4550.99
(1,(2,3),(4,(5,6))); -4537.93 -1.23531 28.7949 13.6413 -4554.32
(1,2,(3,((4,6),5))); -4532.2 -1.68568 30.9886 13.3006 -4551.57
(1,(2,3),(4,(5,6))); -4535.87 -1.23531 31.6593 13.7094 -4555.05
(1,2,(3,(4,(5,6)))); -4535.8 -1.00868 28.0623 13.3052 -4551.56
(1,(2,3),((4,6),5)); -4541.22 -1.9123 31.0926 13.4601 -4560.77
(1,(2,3),((4,6),5)); -4540.41 -1.9123 31.4508 13.5348 -4560.24
(1,(2,3),(4,(5,6))); -4537.32 -1.23531 29.5595 13.4181 -4554.69
(1,(2,3),(4,(5,6))); -4534.94 -1.23531 31.7881 13.4056 -4554.55
(1,2,(3,(4,(5,6)))); -4533.39 -1.00868 30.561 14.0043 -4550.95
(1,2,(3,(4,(5,6)))); -4534.74 -1.00868 29.1385 13.5317 -4551.35
(1,2,(3,(4,(5,6)))); -4536.32 -1.00868 27.375 13.745 -4550.95
(1,2,(3,((4,6),5))); -4537.7 -1.68568 25.6145 12.9701 -4552.03
(1,2,(3,(4,(5,6)))); -4534.06 -1.00868 29.4033 13.6665 -4550.81
(1,(2,3),(4,(5,6))); -4536.71 -1.23531 29.7099 13.405 -4554.25
(1,2,(3,(4,(5,6)))); -4535.82 -1.00868 28.0556 13.8651 -4551.02
(1,(2,3),(4,(5,6))); -4535.31 -1.23531 31.651 13.5939 -4554.6
(1,2,(3,((4,6),5))); -4531.26 -1.68568 33.0137 13.7859 -4552.17
(1,2,(3,((4,6),5))); -4533.8 -1.68568 29.8519 13.4079 -4551.93
(1,2,(3,((4,6),5))); -4536.68 -1.68568 28.2004 14.1625 -4552.4
(1,2,(3,((4,6),5))); -4534.1 -1.68568 29.8033 13.6061 -4551.98
(1,2,(3,(4,(5,6)))); -4533.64 -1.00868 29.0229 13.1367 -4550.54
(1,(2,3),((4,6),5)); -4541.26 -1.9123 30.7914 13.2136 -4560.75
(1,(2,3),(4,(5,6))); -4537.46 -1.23531 29.0532 13.0075 -4554.75
(1,2,(3,(4,(5,6)))); -4534.81 -1.00868 28.0103 13.11 -4550.72
(1,2,(3,((4,6),5))); -4535.43 -1.68568 28.9547 13.7414 -4552.33
(1,2,(3,(4,(5,6)))); -4533.71 -1.00868 29.3707 13.4307 -4550.66
(1,2,(3,(4,(5,6)))); -4535.04 -1.00868 27.6903 12.9068 -4550.83
(1,(2,3),(4,(5,6))); -4538.45 -1.23531 28.582 13.4852 -4554.78
(1,(2,3),(4,(5,6))); -4539.81 -1.23531 27.1321 13.5691 -4554.61
(1,(2,3),((4,6),5)); -4540.92 -1.9123 31.5898 13.5743 -4560.85
(1,(2,3),(4,(5,6))); -4538.63 -1.23531 28.4173 13.6083 -4554.68
(1,2,(3,(4,(5,6)))); -4535.53 -1.00868 27.7799 13.3509 -4550.97
(1,2,(3,(4,(5,6)))); -4535.02 -1.00868 27.7812 13.0169 -4550.79
(1,(2,3),((4,6),5)); -4546.76 -1.9123 25.9077 13.365 -4561.21
(1,(2,3),(4,(5,6))); -4541.15 -1.23531 25.257 12.8796 -4554.76
(1,2,(3,((4,6),5))); -4533.15 -1.68568 30.264 13.4434 -4551.66
(1,2,(3,(4,(5,6)))); -4535.2 -1.00868 28.119 13.4113 -4550.91
(1,(2,3),((4,6),5)); -4541.17 -1.9123 30.7898 13.2618 -4560.61
(1,2,(3,(4,(5,6)))); -4536.62 -1.00868 27.4774 14.0916 -4551.02
(1,(2,(4,(5,6))),3); -4536.07 -4.93065 30.7716 13.5583 -4558.21
(1,2,(3,(4,(5,6)))); -4534.25 -1.00868 29.0274 13.3675 -4550.92
(1,(2,3),(4,(5,6))); -4537.83 -1.23531 28.6868 13.2791 -4554.47
(1,(2,3),(4,(5,6))); -4538.21 -1.23531 28.5454 13.3008 -4554.69
(1,(2,(4,(5,6))),3); -4536.12 -4.93065 31.001 13.6049 -4558.45
(1,(2,3),(4,(5,6))); -4540.23 -1.23531 27.2253 13.7378 -4554.96
(1,2,(3,((4,6),5))); -4532.91 -1.68568 31.0384 13.702 -4551.93
(1,2,(3,(4,(5,6)))); -4533.65 -1.00868 30.0494 13.6137 -4551.09
(1,(2,3),((4,6),5)); -4547.34 -1.9123 25.3063 13.6168 -4560.94
(1,(2,3),(4,(5,6))); -4536.75 -1.23531 30.4931 13.5159 -4554.96
(1,2,(3,(4,(5,6)))); -4533.67 -1.00868 29.9014 13.8182 -4550.76
(1,(2,3),(4,(5,6))); -4537.15 -1.23531 30.3464 13.6172 -4555.11
(1,(2,3),(4,(5,6))); -4546.4 -1.23531 20.219 13.28 -4554.57
(1,2,(3,(4,(5,6)))); -4532.5 -1.00868 31.4982 13.8369 -4551.17
(1,2,(3,(4,(5,6)))); -4533.34 -1.00868 30.33 13.9547 -4550.72
(1,2,(3,(4,(5,6)))); -4532.89 -1.00868 30.9181 13.9141 -4550.9
(1,(2,3),(4,(5,6))); -4539.82 -1.23531 27.5457 13.4031 -4555.2
(1,(2,3),(4,(5,6))); -4534.18 -1.23531 32.9754 13.5342 -4554.86
(1,2,(3,(4,(5,6)))); -4535.73 -1.00868 27.8101 13.3354 -4551.22
(1,2,(3,(4,(5,6)))); -4532.11 -1.00868 31.2007 13.2444 -4551.07
(1,2,(3,(4,(5,6)))); -4533.33 -1.00868 30.2616 13.7114 -4550.89
(1,2,(3,(4,(5,6)))); -4531.23 -1.00868 32.5179 13.6323 -4551.13
(1,2,(3,(4,(5,6)))); -4536.7 -1.00868 26.1287 13.1075 -4550.73
(1,2,(3,((4,6),5))); -4534.03 -1.68568 30.2084 13.9624 -4551.96
(1,2,(3,(4,(5,6)))); -4534.06 -1.00868 29.4204 13.4913 -4551
(1,2,(3,((4,6),5))); -4532.19 -1.68568 31.154 13.5822 -4551.45
(1,(2,3),(4,(5,6))); -4542.27 -1.23531 25.0935 13.9443 -4554.65
(1,2,(3,(4,(5,6)))); -4534.72 -1.00868 29.2514 13.8437 -4551.13
(1,(2,((4,6),5)),3); -4544.44 -5.60765 25.0047 12.7945 -4562.26
(1,(2,3),(4,(5,6))); -4537.86 -1.23531 29.22 13.4662 -4554.85
(1,2,(3,((4,6),5))); -4536.03 -1.68568 27.4813 13.2342 -4551.97
(1,2,(3,(4,(5,6)))); -4531.42 -1.00868 31.7973 13.4676 -4550.76
(1,(2,3),((4,6),5)); -4546.55 -1.9123 25.2969 13.4712 -4560.29
(1,(2,3),(4,(5,6))); -4538.49 -1.23531 28.9642 13.4896 -4555.2
(1,(2,3),(4,(5,6))); -4536.37 -1.23531 31.0617 14.0066 -4554.66
(1,(2,3),((4,6),5)); -4545.35 -1.9123 26.812 13.4864 -4560.59
(1,2,(3,(4,(5,6)))); -4532.79 -1.00868 29.8812 13.0276 -4550.65
(1,2,(3,((4,6),5))); -4533.49 -1.68568 30.008 13.4023 -4551.78
(1,2,(3,(4,(5,6)))); -4535.2 -1.00868 28.3615 13.7846 -4550.78
(1,(2,3),(4,(5,6))); -4539.41 -1.23531 27.3765 13.4028 -4554.61
(1,2,(3,(4,(5,6)))); -4536.61 -1.00868 26.2764 13.0564 -4550.84
(1,2,(3,((4,6),5))); -4534.16 -1.68568 29.448 13.4178 -4551.87
(1,2,(3,((4,6),5))); -4532.79 -1.68568 31.1234 13.7358 -4551.87
(1,(2,3),(4,(5,6))); -4537.36 -1.23531 29.2785 13.4652 -4554.41
(1,2,(3,((4,6),5))); -4538.42 -1.68568 26.0732 14.1622 -4552.02
(1,2,(3,(4,(5,6)))); -4531 -1.00868 32.4701 13.5167 -4550.96
(1,(2,3),(4,(5,6))); -4538.55 -1.23531 27.8254 13.1449 -4554.47
(1,2,(3,(4,(5,6)))); -4533 -1.00868 30.1168 13.5796 -4550.55
(1,2,(3,(4,(5,6)))); -4533.13 -1.00868 30.0615 13.4257 -4550.77
(1,2,(3,(4,(5,6)))); -4533.02 -1.00868 30.4045 13.2054 -4551.22
(1,(2,3),(4,(5,6))); -4537.54 -1.23531 29.7037 13.4378 -4555.04
(1,2,(3,((4,6),5))); -4534.53 -1.68568 29.5126 13.7747 -4551.96
(1,2,(3,(4,(5,6)))); -4534.92 -1.00868 28.303 13.1217 -4551.11
(1,(2,3),((4,6),5)); -4542.73 -1.9123 29.232 13.1432 -4560.73
(1,2,(3,((4,6),5))); -4537.46 -1.68568 26.3478 13.8738 -4551.62
(1,2,(3,(4,(5,6)))); -4532.93 -1.00868 30.8942 13.725 -4551.11
(1,(2,3),((4,6),5)); -4544.18 -1.9123 27.8931 13.4711 -4560.52
(1,(2,3),(4,(5,6))); -4538.55 -1.23531 28.8811 13.7825 -4554.88
(1,(2,3),(4,(5,6))); -4539.53 -1.23531 28.1438 14.086 -4554.82
(1,2,(3,(4,(5,6)))); -4532.48 -1.00868 30.6487 13.3512 -4550.79
(1,(2,3),(4,(5,6))); -4539.54 -1.23531 26.8969 13.0455 -4554.63
(1,2,(3,(4,(5,6)))); -4534.65 -1.00868 29.3673 13.7813 -4551.25
(1,2,(3,(4,(5,6)))); -4535.8 -1.00868 28.0887 13.7417 -4551.16
(1,(2,3),(4,(5,6))); -4539.09 -1.23531 28.6059 13.9329 -4555
(1,2,(3,(4,(5,6)))); -4534.19 -1.00868 29.0531 13.7307 -4550.52
(1,2,(3,(4,(5,6)))); -4537.11 -1.00868 25.7913 13.2097 -4550.7
(1,(2,3),(4,(5,6))); -4540.44 -1.23531 27.3101 13.7201 -4555.26
(1,(2,3),((4,6),5)); -4547.81 -1.9123 23.6956 13.0791 -4560.34
(1,2,(3,((4,6),5))); -4534.39 -1.68568 29.373 13.4916 -4551.95
(1,(2,3),(4,(5,6))); -4540.21 -1.23531 26.6472 13.6433 -4554.45
(1,2,(3,(4,(5,6)))); -4533 -1.00868 30.491 13.6021 -4550.9
(1,(2,3),((4,6),5)); -4542.56 -1.9123 30.3911 13.8843 -4560.97
(1,2,(3,(4,(5,6)))); -4536.41 -1.00868 27.1299 13.3075 -4551.24
(1,2,(3,(4,(5,6)))); -4532.31 -1.00868 31.1491 13.6078 -4550.86
(1,2,(3,(4,(5,6)))); -4537.19 -1.00868 26.6757 13.6018 -4551.27
(1,2,(3,((4,6),5))); -4534.01 -1.68568 29.7344 13.6566 -4551.78
(1,(2,3),(4,(5,6))); -4535.8 -1.23531 31.6266 13.7469 -4554.92
(1,2,(3,(4,(5,6)))); -4536.15 -1.00868 26.9258 13.0604 -4551.03
(1,2,(3,(4,(5,6)))); -4534.91 -1.00868 28.1145 13.0973 -4550.94
(1,(2,3),(4,(5,6))); -4538.65 -1.23531 28.6174 13.5444 -4554.95
(1,2,(3,((4,6),5))); -4540.03 -1.68568 24.6483 13.946 -4552.41
(1,2,(3,(4,(5,6)))); -4532.68 -1.00868 30.5127 13.5882 -4550.62
(1,2,(3,((4,6),5))); -4532.64 -1.68568 31.6427 13.5687 -4552.4
(1,(2,3),(4,(5,6))); -4542.82 -1.23531 23.9663 13.7346 -4554.29
(1,(2,3),((4,6),5)); -4540.8 -1.9123 31.654 13.7013 -4560.66
(1,2,(3,((4,6),5))); -4533.55 -1.68568 30.3945 13.6431 -4551.98
(1,2,(3,(4,(5,6)))); -4533.91 -1.00868 28.9778 13.4384 -4550.46
(1,(2,3),(4,(5,6))); -4535.12 -1.23531 32.4668 13.6271 -4555.19
(1,2,(3,((4,6),5))); -4534.71 -1.68568 29.3025 13.5677 -4552.13
(1,2,(3,((4,6),5))); -4534.86 -1.68568 29.378 13.7203 -4552.2
(1,2,(3,(4,(5,6)))); -4534.14 -1.00868 30.1606 13.8684 -4551.44
(1,(2,3),(4,(5,6))); -4536.36 -1.23531 31.113 13.4721 -4555.24
(1,(2,3),(4,(5,6))); -4537.28 -1.23531 30.3781 13.8687 -4555.03
(1,2,(3,(4,(5,6)))); -4534.58 -1.00868 28.8828 13.4277 -4551.05
(1,(2,3),(4,(5,6))); -4537.59 -1.23531 29.5628 13.5542 -4554.83
(1,2,(3,(4,(5,6)))); -4534.35 -1.00868 28.736 13.2431 -4550.85
(1,(2,((4,6),5)),3); -4540.94 -5.60765 29.0252 13.6799 -4561.9
(1,2,(3,(4,(5,6)))); -4537.37 -1.00868 26.997 13.74 -4551.63
(1,2,(3,((4,6),5))); -4534.92 -1.68568 28.9256 13.5181 -4552.02
(1,(2,3),((4,6),5)); -4542.47 -1.9123 29.8762 13.5134 -4560.75
(1,(2,3),(4,(5,6))); -4538.45 -1.23531 28.9864 13.5831 -4555.09
(1,2,(3,((4,6),5))); -4536.48 -1.68568 26.9756 13.3591 -4551.78
(1,(2,3),((4,6),5)); -4545.28 -1.9123 27.3783 13.9595 -4560.61
(1,2,(3,(4,(5,6)))); -4533.07 -1.00868 31.0247 13.7948 -4551.31
(1,(2,3),(4,(5,6))); -4541.47 -1.23531 26.3611 14.1033 -4554.96
(1,2,(3,((4,6),5))); -4532.55 -1.68568 30.8784 13.3043 -4551.81
(1,2,(3,((4,6),5))); -4533.85 -1.68568 30.0422 13.5042 -4552.08
(1,(2,3),(4,(5,6))); -4537.52 -1.23531 29.9686 13.8002 -4554.92
(1,2,(3,(4,(5,6)))); -4532.1 -1.00868 31.2487 13.2013 -4551.16
(1,(2,3),((4,6),5)); -4545.09 -1.9123 27.5389 13.8429 -4560.7
(1,(2,3),(4,(5,6))); -4543.46 -1.23531 23.4902 13.3711 -4554.82
(1,(2,3),(4,(5,6))); -4536.91 -1.23531 30.5875 13.6408 -4555.1
(1,(2,3),((4,6),5)); -4544.19 -1.9123 27.7262 13.6018 -4560.23
(1,2,(3,((4,6),5))); -4532.36 -1.68568 31.1271 13.3089 -4551.87
(1,2,(3,((4,6),5))); -4538.6 -1.68568 25.1431 13.5739 -4551.86
(1,(2,3),((4,6),5)); -4546.69 -1.9123 25.3435 13.5249 -4560.43
(1,(2,3),((4,6),5)); -4541.46 -1.9123 30.9302 13.6704 -4560.63
(1,(2,3),(4,(5,6))); -4538.7 -1.23531 28.8796 13.6335 -4555.18
(1,2,(3,((4,6),5))); -4534.22 -1.68568 28.8742 13.2403 -4551.54
(1,(2,3),(4,(5,6))); -4536.16 -1.23531 30.4229 13.2152 -4554.6
(1,(2,3),(4,(5,6))); -4538.75 -1.23531 28.9467 13.569 -4555.36
(1,2,(3,(4,(5,6)))); -4532.96 -1.00868 29.8473 13.129 -4550.69
(1,2,(3,(4,(5,6)))); -4535.16 -1.00868 28.8633 13.9004 -4551.13
(1,2,(3,(4,(5,6)))); -4531.79 -1.00868 31.9208 13.669 -4551.05
(1,2,(3,(4,(5,6)))); -4531.93 -1.00868 32.1975 13.6996 -4551.44
(1,(2,3),(4,(5,6))); -4544.07 -1.23531 23.9456 14.0942 -4555.16
(1,(2,3),(4,(5,6))); -4535.92 -1.23531 30.7848 13.4124 -4554.53
(1,(2,3),((4,6),5)); -4545.25 -1.9123 26.1816 12.9137 -4560.43
(1,(2,3),((4,6),5)); -4544.03 -1.9123 28.2506 13.5545 -4560.64
(1,(2,3),((4,6),5)); -4550.31 -1.9123 21.8939 13.4795 -4560.63
(1,2,(3,((4,6),5))); -4537.14 -1.68568 26.5194 13.4386 -4551.9
(1,2,(3,(4,(5,6)))); -4535.55 -1.00868 29.1637 14.2819 -4551.44
(1,(2,3),(4,(5,6))); -4537.63 -1.23531 28.4429 12.9543 -4554.35
(1,2,(3,(4,(5,6)))); -4537.25 -1.00868 25.7276 13.102 -4550.88
(1,2,(3,(4,(5,6)))); -4534.28 -1.00868 28.9183 13.2219 -4550.98
(1,2,(3,(4,(5,6)))); -4532.86 -1.00868 29.6948 13.2164 -4550.34
(1,(2,3),((4,6),5)); -4541.15 -1.9123 30.6614 13.3672 -4560.36
(1,2,(3,(4,(5,6)))); -4533.77 -1.00868 29.8607 13.3347 -4551.3
(1,(2,3),((4,6),5)); -4542.34 -1.9123 29.6689 13.3718 -4560.55
(1,2,(3,(4,(5,6)))); -4532.85 -1.00868 31.0523 13.8769 -4551.04
(1,(2,3),(4,(5,6))); -4535.56 -1.23531 30.9978 13.2416 -4554.55
(1,2,(3,(4,(5,6)))); -4532.24 -1.00868 31.1607 13.5586 -4550.86
(1,(2,3),(4,(5,6))); -4536.69 -1.23531 30.461 13.6174 -4554.77
(1,2,(3,((4,6),5))); -4532.75 -1.68568 31.0448 13.3798 -4552.1
(1,2,(3,(4,(5,6)))); -4531.58 -1.00868 32.048 13.6888 -4550.95
(1,2,(3,(4,(5,6)))); -4533.68 -1.00868 29.9888 13.3986 -4551.27
(1,2,(3,((4,6),5))); -4531.95 -1.68568 31.2767 13.2414 -4551.67
(1,2,(3,(4,(5,6)))); -4532.76 -1.00868 30.9104 13.3868 -4551.3
(1,2,(3,(4,(5,6)))); -4531.71 -1.00868 31.6919 13.6091 -4550.8
(1,(2,3),(4,(5,6))); -4537.68 -1.23531 30.1978 13.8874 -4555.23
(1,2,(3,(4,(5,6)))); -4540.57 -1.00868 23.5822 13.4678 -4551.7
(1,(2,3),((4,6),5)); -4545.8 -1.9123 27.2839 13.9573 -4561.03
(1,(2,3),(4,(5,6))); -4535.86 -1.23531 31.2264 13.5821 -4554.74
(1,2,(3,((4,6),5))); -4532.77 -1.68568 30.523 13.4223 -4551.56
(1,2,(3,((4,6),5))); -4536.27 -1.68568 27.4312 13.7015 -4551.69
(1,2,(3,((4,6),5))); -4535.27 -1.68568 28.731 13.5252 -4552.16
(1,(2,3),((4,6),5)); -4545.6 -1.9123 26.7073 13.8046 -4560.41
(1,2,(3,((4,6),5))); -4534.66 -1.68568 28.587 13.3582 -4551.57
(1,2,(3,(4,(5,6)))); -4537.11 -1.00868 26.234 13.3148 -4551.04
(1,2,(3,(4,(5,6)))); -4532.46 -1.00868 31.4109 13.7623 -4551.12
(1,(2,3),((4,6),5)); -4545.77 -1.9123 24.9884 12.8742 -4559.8
(1,2,(3,((4,6),5))); -4533.69 -1.68568 30.1039 13.474 -4552.01
(1,(2,3),(4,(5,6))); -4546.03 -1.23531 20.8642 12.8869 -4555.25
(1,2,(3,(4,(5,6)))); -4533.9 -1.00868 30.2378 13.6844 -4551.46
(1,(2,3),(4,(5,6))); -4536.57 -1.23531 30.8656 13.6638 -4555.01
(1,(2,3),(4,(5,6))); -4537.43 -1.23531 29.7071 13.4934 -4554.88
(1,(2,3),(4,(5,6))); -4537.2 -1.23531 29.2411 13.1623 -4554.51
(1,2,(3,((4,6),5))); -4535.67 -1.68568 28.4922 13.5399 -4552.3
(1,2,(3,(4,(5,6)))); -4535.26 -1.00868 29.0608 13.9488 -4551.38
(1,(2,3),(4,(5,6))); -4537.08 -1.23531 29.3676 13.2637 -4554.42
(1,2,(3,(4,(5,6)))); -4532.41 -1.00868 31.212 13.6882 -4550.94
(1,(2,3),(4,(5,6))); -4537.25 -1.23531 29.4983 13.4666 -4554.52
(1,(2,3),(4,(5,6))); -4537.88 -1.23531 28.5699 13.5026 -4554.18
(1,(2,3),(4,(5,6))); -4535.4 -1.23531 31.3961 13.3888 -4554.65
(1,(2,3),((4,6),5)); -4541.31 -1.9123 30.4921 13.6111 -4560.11
(1,2,(3,(4,(5,6)))); -4534.13 -1.00868 29.2444 13.4538 -4550.93
(1,(2,3),((4,6),5)); -4542.27 -1.9123 29.5267 13.4895 -4560.22
(1,2,(3,(4,(5,6)))); -4532.74 -1.00868 30.9493 13.5287 -4551.17
(1,(2,3),(4,(5,6))); -4536.83 -1.23531 29.7991 13.4525 -4554.41
(1,2,(3,(4,(5,6)))); -4536.52 -1.00868 27.6481 13.9297 -4551.25
(1,(2,3),(4,(5,6))); -4537.32 -1.23531 30.1183 13.6479 -4555.03
(1,2,(3,((4,6),5))); -4539.1 -1.68568 24.6597 13.5802 -4551.87
(1,2,(3,((4,6),5))); -4532.93 -1.68568 31.1762 13.9651 -4551.83
(1,(2,3),(4,(5,6))); -4535.44 -1.23531 31.4306 13.5474 -4554.56
(1,2,(3,((4,6),5))); -4533.39 -1.68568 30.3058 13.4874 -4551.89
(1,(2,3),(4,(5,6))); -4536.32 -1.23531 30.826 13.5154 -4554.87
(1,(2,3),(4,(5,6))); -4536.62 -1.23531 30.6605 13.7498 -4554.77
(1,2,(3,((4,6),5))); -4531.68 -1.68568 31.6577 13.3004 -4551.72
(1,2,(3,(4,(5,6)))); -4537.97 -1.00868 25.7423 13.7029 -4551.01
(1,(2,3),(4,(5,6))); -4538.03 -1.23531 28.2513 13.3364 -4554.18
(1,2,(3,((4,6),5))); -4533.39 -1.68568 30.5585 13.6877 -4551.95
(1,(2,3),(4,(5,6))); -4536.85 -1.23531 29.9628 13.6113 -4554.44
(1,(2,3),((4,6),5)); -4542.66 -1.9123 29.7772 13.1692 -4561.18
(1,2,(3,(4,(5,6)))); -4531.58 -1.00868 32.0217 13.7618 -4550.85
(1,2,(3,((4,6),5))); -4533.3 -1.68568 30.8892 13.9171 -4551.96
(1,2,(3,(4,(5,6)))); -4534.6 -1.00868 28.7664 13.4215 -4550.95
(1,(2,3),((4,6),5)); -4543.33 -1.9123 29.2391 13.808 -4560.68
(1,(2,3),(4,(5,6))); -4537.95 -1.23531 28.8216 13.1028 -4554.9
(1,(2,3),(4,(5,6))); -4538.76 -1.23531 28.2814 13.1832 -4555.09
(1,(2,3),((4,6),5)); -4544.81 -1.9123 28.2575 13.9698 -4561.01
(1,2,(3,(4,(5,6)))); -4537.75 -1.00868 26.632 14.0127 -4551.37
(1,(2,3),(4,(5,6))); -4536.53 -1.23531 30.4534 13.646 -4554.57
(1,(2,3),(4,(5,6))); -4535.36 -1.23531 32.331 13.7518 -4555.18
(1,2,(3,(4,(5,6)))); -4537.33 -1.00868 26.0538 13.7355 -4550.66
(1,2,(3,(4,(5,6)))); -4535.57 -1.00868 27.5667 13.4615 -4550.69
(1,2,(3,(4,(5,6)))); -4536.06 -1.00868 27.1467 13.0993 -4551.12
(1,2,(3,(4,(5,6)))); -4532.81 -1.00868 31.3082 13.8145 -4551.31
(1,2,(3,(4,(5,6)))); -4533.52 -1.00868 30.5243 13.8519 -4551.2
(1,2,(3,((4,6),5))); -4532.03 -1.68568 31.8357 13.5567 -4551.99
(1,(2,(4,(5,6))),3); -4537.68 -4.93065 29.4941 13.2501 -4558.85
(1,2,(3,(4,(5,6)))); -4534.97 -1.00868 28.5064 13.5814 -4550.9
(1,2,(3,(4,(5,6)))); -4535.24 -1.00868 28.9107 13.6546 -4551.51
(1,2,(3,((4,6),5))); -4535.94 -1.68568 27.064 12.9199 -4551.77
(1,2,(3,(4,(5,6)))); -4533.87 -1.00868 30.3695 13.7349 -4551.51
(1,(2,3),((4,6),5)); -4543.08 -1.9123 29.0284 13.4884 -4560.53
(1,2,(3,(4,(5,6)))); -4534.38 -1.00868 28.6957 13.4301 -4550.65
(1,2,(3,(4,(5,6)))); -4534.29 -1.00868 29.8659 13.5789 -4551.58
(1,2,(3,((4,6),5))); -4535.83 -1.68568 27.5023 13.4993 -4551.51
(1,2,(3,((4,6),5))); -4536.67 -1.68568 26.9265 13.2176 -4552.06
(1,2,(3,(4,(5,6)))); -4532.48 -1.00868 31.0914 13.3778 -4551.2
(1,(2,3),((4,6),5)); -4541.5 -1.9123 30.8541 13.7317 -4560.53
(1,(2,3),(4,(5,6))); -4536.86 -1.23531 29.4666 13.162 -4554.4
(1,2,(3,(4,(5,6)))); -4533.02 -1.00868 30.4474 13.5577 -4550.92
(1,2,(3,((4,6),5))); -4532.81 -1.68568 31.1783 13.6318 -4552.04
(1,2,(3,(4,(5,6)))); -4539.16 -1.00868 23.331 12.7096 -4550.79
(1,(2,3),((4,6),5)); -4549.09 -1.9123 23.4338 13.6019 -4560.83
(1,2,(3,(4,(5,6)))); -4537 -1.00868 26.6345 13.354 -4551.29
(1,2,(3,((4,6),5))); -4535.28 -1.68568 28.8679 13.6494 -4552.18
(1,2,(3,(4,(5,6)))); -4533.65 -1.00868 30.3221 13.7702 -4551.21
(1,(2,3),(4,(5,6))); -4535.02 -1.23531 31.9995 13.7029 -4554.55
(1,2,(3,(4,(5,6)))); -4538.41 -1.00868 25.5064 14.111 -4550.82
(1,(2,3),(4,(5,6))); -4540.4 -1.23531 26.9817 13.7668 -4554.85
(1,(2,3),(4,(5,6))); -4538.08 -1.23531 28.5852 13.6389 -4554.26
(1,(2,3),(4,(5,6))); -4536.32 -1.23531 31.0983 13.7824 -4554.88
(1,(2,3),(4,(5,6))); -4534.34 -1.23531 33.08 13.7174 -4554.94
(1,2,(3,(4,(5,6)))); -4537.02 -1.00868 27.303 13.7903 -4551.54
(1,(2,3),((4,6),5)); -4541.3 -1.9123 30.4586 13.4752 -4560.2
(1,2,(3,(4,(5,6)))); -4532.11 -1.00868 31.5684 13.6285 -4551.06
(1,2,(3,(4,(5,6)))); -4537.14 -1.00868 27.787 14.3405 -4551.6
(1,(2,3),(4,(5,6))); -4535.68 -1.23531 31.349 13.2552 -4555.01
(1,2,(3,(4,(5,6)))); -4532.12 -1.00868 31.8094 13.7962 -4551.15
(1,2,(3,((4,6),5))); -4536.43 -1.68568 27.5515 13.8874 -4551.78
(1,(2,3),(4,(5,6))); -4538.11 -1.23531 29.0953 13.606 -4554.84
(1,(2,3),(4,(5,6))); -4537.2 -1.23531 29.9211 13.6119 -4554.74
(1,(2,3),((4,6),5)); -4540.48 -1.9123 31.1171 13.454 -4560.06
(1,2,(3,(4,(5,6)))); -4532.68 -1.00868 31.5651 13.9387 -4551.32
(1,(2,3),(4,(5,6))); -4538.39 -1.23531 28.2971 13.424 -4554.5
(1,2,(3,(4,(5,6)))); -4538.67 -1.00868 24.0178 13.0638 -4550.64
(1,2,(3,(4,(5,6)))); -4536.24 -1.00868 27.0641 13.6062 -4550.71
(1,(2,(4,(5,6))),3); -4538.16 -4.93065 29.0702 13.722 -4558.44
(1,2,(3,(4,(5,6)))); -4534.12 -1.00868 29.0609 13.4505 -4550.73
(1,2,(3,(4,(5,6)))); -4532.45 -1.00868 31.1389 13.6501 -4550.95
(1,2,(3,(4,(5,6)))); -4537.37 -1.00868 27.035 14.0871 -4551.33
(1,2,(3,(4,(5,6)))); -4534.02 -1.00868 30.1379 14.0132 -4551.15
(1,2,(3,(4,(5,6)))); -4531.89 -1.00868 31.7107 13.6245 -4550.98
(1,2,(3,((4,6),5))); -4541.39 -1.68568 22.3771 13.6588 -4551.79
(1,2,(3,((4,6),5))); -4534.03 -1.68568 29.3071 13.4868 -4551.54
(1,(2,3),(4,(5,6))); -4534.78 -1.23531 32.0778 13.5566 -4554.54
(1,(2,3),(4,(5,6))); -4536.85 -1.23531 30.7295 13.6325 -4555.19
(1,2,(3,(4,(5,6)))); -4535.84 -1.00868 27.8425 13.4032 -4551.28
(1,2,(3,(4,(5,6)))); -4535.47 -1.00868 27.9146 13.3206 -4551.08
(1,(2,3),(4,(5,6))); -4535.44 -1.23531 31.7376 13.6455 -4554.77
(1,2,(3,(4,(5,6)))); -4533.54 -1.00868 30.0652 13.4715 -4551.15
(1,2,(3,((4,6),5))); -4533.92 -1.68568 29.9073 13.4071 -4552.1
(1,(2,3),(4,(5,6))); -4539.24 -1.23531 28.2529 14.2026 -4554.53
(1,(2,3),(4,(5,6))); -4538.25 -1.23531 28.5033 13.4232 -4554.57
(1,(2,3),((4,6),5)); -4544.52 -1.9123 27.707 13.746 -4560.39
(1,(2,3),(4,(5,6))); -4537.94 -1.23531 28.9 13.5532 -4554.53
(1,(2,3),((4,6),5)); -4542.53 -1.9123 29.5092 13.3342 -4560.62
(1,2,(3,((4,6),5))); -4535.18 -1.68568 28.6884 13.5805 -4551.97
(1,2,(3,(4,(5,6)))); -4532.76 -1.00868 30.4246 13.1523 -4551.04
(1,2,(3,(4,(5,6)))); -4534.97 -1.00868 28.7827 13.8959 -4550.87
(1,2,(3,(4,(5,6)))); -4531.86 -1.00868 31.7659 13.7303 -4550.9
(1,2,(3,(4,(5,6)))); -4533.91 -1.00868 30.1055 13.8537 -4551.17
(1,(2,3),(4,(5,6))); -4536.09 -1.23531 31.3334 13.6934 -4554.97
(1,(2,3),(4,(5,6))); -4537.62 -1.23531 29.7192 13.591 -4554.99
(1,2,(3,((4,6),5))); -4533.79 -1.68568 30.0558 13.6527 -4551.88
(1,(2,3),((4,6),5)); -4539.76 -1.9123 31.7671 13.2802 -4560.16
(1,2,(3,((4,6),5))); -4535.91 -1.68568 28.0366 13.2274 -4552.41
(1,(2,3),((4,6),5)); -4545.01 -1.9123 27.2066 13.5024 -4560.62
(1,2,(3,(4,(5,6)))); -4532.88 -1.00868 31.1221 14.0075 -4551.01
(1,(2,3),(4,(5,6))); -4538.59 -1.23531 29.5505 14.0267 -4555.35
(1,2,(3,(4,(5,6)))); -4533.31 -1.00868 29.8273 13.2838 -4550.86
(1,2,(3,((4,6),5))); -4532.07 -1.68568 31.9252 13.6266 -4552.05
(1,(2,3),((4,6),5)); -4549.27 -1.9123 24.0201 14.1764 -4561.03
(1,(2,3),(4,(5,6))); -4540.71 -1.23531 26.9001 13.9972 -4554.84
(1,2,(3,((4,6),5))); -4535.2 -1.68568 28.0072 13.4705 -4551.42
(1,(2,3),((4,6),5)); -4542.1 -1.9123 29.6033 13.0006 -4560.61
(1,2,(3,(4,(5,6)))); -4535.49 -1.00868 28.513 13.7762 -4551.23
(1,(2,3),((4,6),5)); -4543.85 -1.9123 27.9096 13.4586 -4560.21
(1,2,(3,((4,6),5))); -4530.62 -1.68568 33.2708 13.5743 -4552.01
(1,2,(3,(4,(5,6)))); -4533.83 -1.00868 29.8478 13.6242 -4551.06
(1,(2,3),((4,6),5)); -4542.11 -1.9123 29.9066 13.4369 -4560.49
(1,(2,3),(4,(5,6))); -4540.31 -1.23531 27.0815 13.6278 -4555
(1,(2,3),((4,6),5)); -4541.89 -1.9123 30.2612 13.5073 -4560.56
(1,2,(3,((4,6),5))); -4533.93 -1.68568 30.6197 14.0603 -4552.17
(1,2,(3,(4,(5,6)))); -4535.45 -1.00868 27.8041 13.5279 -4550.73
(1,2,(3,(4,(5,6)))); -4535.84 -1.00868 27.7133 13.4877 -4551.07
(1,(2,3),(4,(5,6))); -4540.53 -1.23531 26.1008 13.5951 -4554.27
(1,(2,3),(4,(5,6))); -4537.08 -1.23531 30.3127 13.4133 -4555.21
(1,(2,3),(4,(5,6))); -4535.26 -1.23531 31.8598 13.4528 -4554.9
(1,2,(3,((4,6),5))); -4542.05 -1.68568 21.8051 13.3437 -4552.2
(1,(2,3),(4,(5,6))); -4536.01 -1.23531 30.8536 13.2988 -4554.8
(1,(2,3),((4,6),5)); -4543.4 -1.9123 29.0857 13.7598 -4560.64
(1,2,(3,((4,6),5))); -4533.23 -1.68568 30.7555 13.4422 -4552.23
(1,2,(3,(4,(5,6)))); -4533.16 -1.00868 29.915 13.3949 -4550.69
(1,2,(3,((4,6),5))); -4535.13 -1.68568 29.1129 13.7818 -4552.15
(1,(2,3),((4,6),5)); -4541 -1.9123 31.4812 13.8524 -4560.54
(1,(2,3),(4,(5,6))); -4535.86 -1.23531 31.8655 13.7487 -4555.21
(1,2,(3,((4,6),5))); -4535.12 -1.68568 28.6956 13.7908 -4551.71
(1,2,(3,(4,(5,6)))); -4535.31 -1.00868 28.008 13.2148 -4551.12
(1,(2,3),((4,6),5)); -4540.47 -1.9123 31.551 13.3933 -4560.54
(1,2,(3,(4,(5,6)))); -4532.89 -1.00868 30.031 13.0924 -4550.84
(1,2,(3,(4,(5,6)))); -4535.84 -1.00868 28.0521 13.679 -4551.22
(1,2,(3,((4,6),5))); -4533.96 -1.68568 29.901 13.7712 -4551.77
(1,(2,3),((4,6),5)); -4542.62 -1.9123 29.3868 13.3187 -4560.6
(1,(2,3),(4,(5,6))); -4538.69 -1.23531 28.439 13.8042 -4554.56
(1,(2,3),(4,(5,6))); -4535.97 -1.23531 31.2371 13.5022 -4554.94
(1,(2,3),(4,(5,6))); -4537.32 -1.23531 29.8002 13.4792 -4554.88
(1,2,(3,(4,(5,6)))); -4533.23 -1.00868 30.7095 13.6885 -4551.26
(1,2,(3,(4,(5,6)))); -4535.14 -1.00868 27.5209 13.1969 -4550.47
(1,2,(3,(4,(5,6)))); -4531.97 -1.00868 31.2632 13.6384 -4550.6
(1,(2,3),((4,6),5)); -4541.96 -1.9123 30.2682 13.7478 -4560.39
(1,(2,3),(4,(5,6))); -4539.23 -1.23531 27.895 13.4142 -4554.95
(1,(2,3),((4,6),5)); -4543.13 -1.9123 28.3253 13.061 -4560.31
(1,2,(3,((4,6),5))); -4539.8 -1.68568 23.4418 13.051 -4551.87
(1,2,(3,(4,(5,6)))); -4533.75 -1.00868 29.4945 13.5777 -4550.68
(1,2,(3,((4,6),5))); -4535.55 -1.68568 27.8538 13.5298 -4551.56
(1,(2,3),(4,(5,6))); -4536.87 -1.23531 29.6834 13.4294 -4554.36
(1,2,(3,(4,(5,6)))); -4532.63 -1.00868 30.5485 13.421 -4550.76
(1,2,(3,(4,(5,6)))); -4533.27 -1.00868 30.172 13.4425 -4551.01
(1,(2,3),((4,6),5)); -4543.82 -1.9123 28.2267 13.4203 -4560.54
(1,2,(3,(4,(5,6)))); -4533.59 -1.00868 30.7265 13.89 -4551.44
(1,(2,3),(4,(5,6))); -4538.47 -1.23531 28.9438 13.8257 -4554.83
(1,2,(3,(4,(5,6)))); -4532.67 -1.00868 31.1388 13.9534 -4550.86
(1,2,(3,(4,(5,6)))); -4533.28 -1.00868 30.2132 13.2734 -4551.23
(1,(2,3),((4,6),5)); -4539.89 -1.9123 32.7038 13.5938 -4560.91
(1,(2,3),(4,(5,6))); -4535.36 -1.23531 31.8783 13.6687 -4554.8
(1,(2,3),((4,6),5)); -4545.65 -1.9123 27.0799 13.6711 -4560.97
(1,(2,3),(4,(5,6))); -4536.98 -1.23531 30.0509 13.3827 -4554.88
(1,2,(3,(4,(5,6)))); -4538.59 -1.00868 25.1902 13.4025 -4551.39
(1,2,(3,((4,6),5))); -4533.51 -1.68568 29.4381 13.1246 -4551.5
(1,(2,3),((4,6),5)); -4541.69 -1.9123 30.0801 13.3655 -4560.32
(1,(2,3),(4,(5,6))); -4536.64 -1.23531 30.1521 13.5998 -4554.43
(1,2,(3,((4,6),5))); -4533.44 -1.68568 30.5703 13.5606 -4552.13
(1,(2,3),(4,(5,6))); -4535.02 -1.23531 31.7715 13.6469 -4554.38
(1,(2,3),(4,(5,6))); -4535.81 -1.23531 31.1327 13.407 -4554.77
(1,(2,3),(4,(5,6))); -4537.67 -1.23531 28.8327 13.5265 -4554.21
(1,2,(3,(4,(5,6)))); -4534.21 -1.00868 29.4121 13.4423 -4551.19
(1,2,(3,((4,6),5))); -4535.17 -1.68568 28.3914 13.4461 -4551.8
(1,2,(3,(4,(5,6)))); -4531.99 -1.00868 31.5717 13.7233 -4550.85
(1,(2,3),(4,(5,6))); -4539.49 -1.23531 27.7797 13.6479 -4554.85
(1,(2,3),(4,(5,6))); -4541.08 -1.23531 26.8536 13.5838 -4555.58
(1,2,(3,((4,6),5))); -4533.47 -1.68568 30.7213 13.5956 -4552.28
(1,(2,3),(4,(5,6))); -4539.62 -1.23531 27.1002 13.428 -4554.53
(1,2,(3,(4,(5,6)))); -4533.66 -1.00868 30.4496 13.7481 -4551.37
(1,(2,3),((4,6),5)); -4542.96 -1.9123 29.9581 13.6537 -4561.18
(1,(2,3),((4,6),5)); -4542.67 -1.9123 30.2143 13.8415 -4560.96
(1,(2,3),(4,(5,6))); -4539.23 -1.23531 28.1602 13.7291 -4554.89
(1,(2,3),(4,(5,6))); -4538.28 -1.23531 28.7308 13.4682 -4554.77
(1,(2,3),((4,6),5)); -4544.16 -1.9123 27.89 13.4643 -4560.5
(1,(2,3),((4,6),5)); -4541.03 -1.9123 30.7717 13.2185 -4560.49
(1,(2,3),(4,(5,6))); -4538.27 -1.23531 29.4688 13.6968 -4555.27
(1,(2,3),((4,6),5)); -4541.63 -1.9123 30.5353 13.2934 -4560.78
(1,2,(3,(4,(5,6)))); -4534.26 -1.00868 28.7959 13.5644 -4550.5
(1,(2,3),(4,(5,6))); -4534.97 -1.23531 31.3528 13.225 -4554.33
(1,2,(3,((4,6),5))); -4531.91 -1.68568 32.2933 13.7035 -4552.19
(1,(2,3),(4,(5,6))); -4536.38 -1.23531 30.7096 13.6754 -4554.65
(1,(2,3),(4,(5,6))); -4540.44 -1.23531 26.561 13.2887 -4554.95
(1,2,(3,((4,6),5))); -4535.71 -1.68568 27.7917 13.2219 -4551.96
(1,(2,3),((4,6),5)); -4542.87 -1.9123 29.4699 13.631 -4560.63
(1,2,(3,(4,(5,6)))); -4531.61 -1.00868 32.3333 13.6483 -4551.3
(1,2,(3,(4,(5,6)))); -4539.98 -1.00868 23.1214 13.9084 -4550.2
(1,2,(3,(4,(5,6)))); -4532.85 -1.00868 30.6206 13.5762 -4550.9
(1,(2,((4,6),5)),3); -4545.36 -5.60765 25.8918 14.2613 -4562.6
(1,(2,3),(4,(5,6))); -4537.73 -1.23531 28.8367 13.0336 -4554.77
(1,(2,3),((4,6),5)); -4541.22 -1.9123 31.0609 13.5782 -4560.61
(1,(2,3),((4,6),5)); -4546.23 -1.9123 25.8028 13.3568 -4560.59
(1,(2,3),(4,(5,6))); -4539.1 -1.23531 28.4214 13.8504 -4554.91
(1,2,(3,(4,(5,6)))); -4531.74 -1.00868 31.5642 13.4283 -4550.88
(1,2,(3,((4,6),5))); -4534.58 -1.68568 29.306 13.8189 -4551.75
(1,2,(3,((4,6),5))); -4531.52 -1.68568 32.3392 13.5186 -4552.03
