tree logl logTop logProp logPrior logWt
(1,2,(3,(4,(5,6)))); -4536.04 -1.50828 27.0995 13.2496 -4551.39
(1,(2,3),((4,6),5)); -4542.23 -1.89292 30.0435 13.2571 -4560.91
(1,2,(3,(4,(5,6)))); -4534.81 -1.50828 29.3638 13.7868 -4551.89
(1,2,(3,(4,(5,6)))); -4535.43 -1.50828 28.511 13.7661 -4551.68
(1,(2,3),((4,6),5)); -4541.45 -1.89292 30.8692 13.5353 -4560.67
(1,(2,3),((4,6),5)); -4541.06 -1.89292 31.3027 13.4068 -4560.85
(1,2,(3,(4,(5,6)))); -4533.77 -1.50828 29.8404 13.5465 -4551.57
(1,(2,3),((4,6),5)); -4548.6 -1.89292 23.725 13.9383 -4560.28
(1,(2,3),(4,(5,6))); -4537.92 -1.6206 28.5346 13.2387 -4554.83
(1,2,(3,((4,6),5))); -4533.23 -1.7806 29.9552 13.2188 -4551.74
(1,2,(3,((4,6),5))); -4531.72 -1.7806 32.1822 13.5097 -4552.17
(1,2,(3,((4,6),5))); -4534.67 -1.7806 28.9914 13.3446 -4552.09
(1,(2,3),(4,(5,6))); -4536.18 -1.6206 30.1332 13.2532 -4554.68
(1,2,(3,(4,(5,6)))); -4532.41 -1.50828 31.146 13.3994 -4551.66
(1,2,(3,(4,(5,6)))); -4533.64 -1.50828 29.743 13.3378 -4551.56
(1,(2,3),(4,(5,6))); -4535.05 -1.6206 32.4431 13.7398 -4555.38
(1,(2,3),(4,(5,6))); -4539.58 -1.6206 28.2498 14.2109 -4555.24
(1,(2,3),(4,(5,6))); -4540.76 -1.6206 25.8966 13.3694 -4554.91
(1,2,(3,((4,6),5))); -4532.44 -1.7806 31.7226 13.6277 -4552.31
(1,(2,3),(4,(5,6))); -4543.73 -1.6206 23.6946 13.2039 -4555.85
(1,(2,3),((4,6),5)); -4544.02 -1.89292 28.2703 13.4599 -4560.72
(1,2,(3,(4,(5,6)))); -4533.91 -1.50828 30.1913 13.919 -4551.69
(1,(2,(4,(5,6))),3); -4536.06 -2.02396 31.1864 13.5939 -4555.68
(1,(2,3),((4,6),5)); -4543.41 -1.89292 28.4519 13.4268 -4560.33
(1,(2,3),(4,(5,6))); -4537.29 -1.6206 29.415 13.1282 -4555.19
(1,(2,3),((4,6),5)); -4543.46 -1.89292 29.1381 13.7392 -4560.75
(1,(2,3),(4,(5,6))); -4540.27 -1.6206 26.3461 13.0554 -4555.18
(1,(2,((4,6),5)),3); -4541.32 -2.29628 29.0111 13.6463 -4558.98
(1,(2,3),((4,6),5)); -4539.96 -1.89292 32.2867 13.381 -4560.76
(1,(2,3),(4,(5,6))); -4535.73 -1.6206 31.581 13.5939 -4555.34
(1,2,(3,(4,(5,6)))); -4531.75 -1.50828 31.3491 13.235 -4551.37
(1,2,(3,(4,(5,6)))); -4533.43 -1.50828 30.5003 13.671 -4551.76
(1,2,(3,((4,6),5))); -4534.67 -1.7806 29.8563 14.1124 -4552.2
(1,(2,(4,(5,6))),3); -4540.11 -2.02396 26.7201 12.9958 -4555.86
(1,(2,3),(4,(5,6))); -4535.59 -1.6206 31.4315 13.3248 -4555.32
(1,2,(3,(4,(5,6)))); -4534.27 -1.50828 28.7699 13.2336 -4551.31
(1,(2,((4,6),5)),3); -4539.78 -2.29628 29.9396 13.324 -4558.69
(1,2,(3,(4,(5,6)))); -4532.92 -1.50828 30.9653 13.4519 -4551.94
(1,(2,3),(4,(5,6))); -4537.54 -1.6206 29.5517 13.7106 -4555
(1,2,(3,((4,6),5))); -4542.26 -1.7806 21.9594 14.0278 -4551.98
(1,2,(3,(4,(5,6)))); -4532.54 -1.50828 30.8222 13.5358 -4551.33
(1,2,(3,((4,6),5))); -4534.56 -1.7806 29.2707 13.6328 -4551.98
(1,2,(3,(4,(5,6)))); -4537.1 -1.50828 26.5188 13.1994 -4551.93
(1,(2,3),(4,(5,6))); -4539.64 -1.6206 26.9991 13.1793 -4555.08
(1,(2,3),(4,(5,6))); -4537.51 -1.6206 29.4387 13.3913 -4555.18
(1,(2,3),((4,6),5)); -4543 -1.89292 29.0171 13.364 -4560.55
(1,(2,(4,(5,6))),3); -4539.07 -2.02396 28.7526 13.7103 -4556.14
(1,(2,3),((4,6),5)); -4547.12 -1.89292 25.9392 13.7309 -4561.23
(1,2,(3,((4,6),5))); -4534.28 -1.7806 29.8305 13.9065 -4551.98
(1,(2,3),((4,6),5)); -4542.09 -1.89292 30.7263 13.4802 -4561.22
(1,2,(3,((4,6),5))); -4531.52 -1.7806 32.2515 13.586 -4551.97
(1,2,(3,((4,6),5))); -4537.49 -1.7806 25.9686 13.1735 -4552.07
(1,(2,((4,6),5)),3); -4538.81 -2.29628 31.2248 13.5083 -4558.82
(1,(2,(4,(5,6))),3); -4536.82 -2.02396 30.4944 13.5169 -4555.82
(1,2,(3,(4,(5,6)))); -4532.57 -1.50828 30.6983 13.4614 -4551.32
(1,(2,3),(4,(5,6))); -4538.28 -1.6206 28.8119 13.7135 -4554.99
(1,(2,(4,(5,6))),3); -4539.21 -2.02396 27.6303 13.0628 -4555.8
(1,((2,5),(4,6)),3); -4583.83 -6.50229 27.1764 12.6763 -4604.83
(1,2,(3,((4,6),5))); -4533.99 -1.7806 30.1036 13.9834 -4551.89
(1,(2,((4,6),5)),3); -4540.33 -2.29628 30.0827 13.7318 -4558.98
(1,(2,3),(4,(5,6))); -4537.24 -1.6206 30.8276 14.1101 -4555.58
(1,(2,(4,(5,6))),3); -4539.8 -2.02396 28.1789 13.5215 -4556.48
(1,(2,3),(4,(5,6))); -4542.84 -1.6206 24.146 13.7079 -4554.9
(1,2,(3,((4,6),5))); -4532.84 -1.7806 30.9491 13.612 -4551.96
(1,(2,3),((4,5),6)); -4551.09 -4.79287 27.2933 12.9321 -4570.24
(1,(2,3),((4,6),5)); -4544.05 -1.89292 28.2624 13.9201 -4560.29
(1,(2,(4,(5,6))),3); -4541.8 -2.02396 26.4687 14.2629 -4556.03
(1,2,(3,((4,6),5))); -4534.51 -1.7806 29.7049 13.6856 -4552.31
(1,2,(3,(4,(5,6)))); -4534.95 -1.50828 28.618 13.7261 -4551.35
(1,(2,3),((4,6),5)); -4542.39 -1.89292 29.2911 13.4934 -4560.08
(1,2,(3,(4,(5,6)))); -4536 -1.50828 27.8242 13.6536 -4551.68
(1,2,(3,((4,6),5))); -4534.7 -1.7806 29.0566 13.4576 -4552.08
(1,(2,(4,(5,6))),3); -4539.67 -2.02396 27.4571 13.2548 -4555.89
(1,2,(3,(4,(5,6)))); -4533.68 -1.50828 30.4205 13.6926 -4551.92
(1,(2,3),(4,(5,6))); -4539.98 -1.6206 27.4527 13.7212 -4555.33
(1,(2,3),(4,(5,6))); -4539.21 -1.6206 28.41 13.3693 -4555.88
(1,(2,(4,(5,6))),3); -4541.93 -2.02396 25.0932 13.7978 -4555.25
(1,2,(3,(4,(5,6)))); -4533.11 -1.50828 30.5592 13.5668 -4551.61
(1,2,(3,(4,(5,6)))); -4534.47 -1.50828 29.3868 13.4082 -4551.95
(1,2,(3,((4,6),5))); -4535.34 -1.7806 28.6091 13.5644 -4552.16
(1,(2,((4,6),5)),3); -4539.98 -2.29628 29.7315 13.4486 -4558.55
(1,2,(3,((4,6),5))); -4534.74 -1.7806 28.4299 13.1112 -4551.83
(1,2,(3,(4,(5,6)))); -4539.48 -1.50828 24.2833 13.3151 -4551.96
(1,(2,3),(4,(5,6))); -4540.34 -1.6206 26.9187 13.3125 -4555.57
(1,(2,(4,(5,6))),3); -4540.2 -2.02396 28.0482 14.2078 -4556.07
(1,2,(3,((4,6),5))); -4536.54 -1.7806 27.3461 13.5898 -4552.08
(1,2,(3,((4,6),5))); -4533.78 -1.7806 30.7192 13.9892 -4552.29
(1,2,(3,(4,(5,6)))); -4533.74 -1.50828 30.6416 13.8851 -4552.01
(1,2,(3,((4,6),5))); -4536.02 -1.7806 27.5104 13.514 -4551.8
(1,(2,3),(4,(5,6))); -4541.8 -1.6206 25.7423 13.6245 -4555.54
(1,(2,3),(4,(5,6))); -4539.39 -1.6206 28.4091 14.0823 -4555.34
(1,2,(3,(4,(5,6)))); -4535.27 -1.50828 28.2623 13.3875 -4551.65
(1,2,(3,(4,(5,6)))); -4533.77 -1.50828 29.8469 13.5913 -4551.53
(1,(2,3),(4,(5,6))); -4535.26 -1.6206 32.3563 13.8128 -4555.42
(1,2,(3,(4,(5,6)))); -4531.93 -1.50828 32.1126 13.5747 -4551.97
(1,(2,(4,(5,6))),3); -4537.18 -2.02396 30.2424 13.5203 -4555.93
(1,(2,((4,6),5)),3); -4542.62 -2.29628 27.8801 13.5252 -4559.27
(1,(2,3),(4,(5,6))); -4538.69 -1.6206 28.4306 13.3687 -4555.37
(1,(2,(4,(5,6))),3); -4539.07 -2.02396 28.1439 13.4621 -4555.77
(1,(2,3),(4,(5,6))); -4537.5 -1.6206 29.5556 13.5499 -4555.12
(1,2,(3,(4,(5,6)))); -4535.25 -1.50828 28.8125 13.7083 -4551.86
(1,(2,((4,5),6)),3); -4547.02 -5.19623 43.2665 13.2242 -4582.26
(1,2,(3,((4,6),5))); -4534.22 -1.7806 29.518 13.5649 -4551.95
(1,2,(3,(4,(5,6)))); -4537.49 -1.50828 26.2629 13.2861 -4551.97
(1,(2,3),(4,(5,6))); -4536.28 -1.6206 30.9225 13.6167 -4555.2
(1,(2,3),((4,6),5)); -4544.21 -1.89292 27.7521 13.3761 -4560.48
(1,((2,5),(4,6)),3); -4587.75 -6.50229 24.1926 13.1086 -4605.33
(1,2,(3,(4,(5,6)))); -4532.99 -1.50828 31.0784 13.5583 -4552.01
(1,2,(3,((4,6),5))); -4531.98 -1.7806 32.1164 13.7812 -4552.09
(1,2,(3,((4,6),5))); -4535.58 -1.7806 28.0765 13.5238 -4551.92
(1,2,(3,(4,(5,6)))); -4533.11 -1.50828 31.0288 13.7762 -4551.87
(1,(2,(4,(5,6))),3); -4537.48 -2.02396 29.9726 13.643 -4555.84
(1,2,(3,(4,(5,6)))); -4534.88 -1.50828 28.4328 12.9504 -4551.87
(1,(2,(4,(5,6))),3); -4539.12 -2.02396 29.0147 13.9273 -4556.23
(1,2,(3,(4,(5,6)))); -4532.43 -1.50828 31.344 13.81 -4551.47
(1,(2,3),((4,6),5)); -4544.47 -1.89292 28.1276 13.5936 -4560.89
(1,2,(3,(4,(5,6)))); -4540.79 -1.50828 22.6987 14.0394 -4550.95
(1,(2,3),((4,6),5)); -4544.72 -1.89292 27.0146 13.0585 -4560.57
(1,2,(3,(4,(5,6)))); -4532.5 -1.50828 31.0821 13.2387 -4551.85
(1,(2,3),((4,6),5)); -4543.59 -1.89292 28.9086 13.9428 -4560.45
(1,2,(3,(4,(5,6)))); -4536.68 -1.50828 26.6343 13.2255 -4551.59
(1,2,(3,(4,(5,6)))); -4532.84 -1.50828 31.5416 13.7994 -4552.1
(1,2,(3,((4,6),5))); -4535.12 -1.7806 29.4452 14.0415 -4552.3
(1,2,(3,((4,6),5))); -4533.66 -1.7806 30.6511 13.5715 -4552.52
(1,2,(3,((4,6),5))); -4537.35 -1.7806 26.3818 13.3024 -4552.21
(1,(2,3),((4,6),5)); -4543.82 -1.89292 27.3274 12.9895 -4560.05
(1,2,(3,((4,6),5))); -4536.76 -1.7806 26.4967 13.2748 -4551.76
(1,(2,3),(4,(5,6))); -4542.62 -1.6206 24.5248 13.8711 -4554.9
(1,2,(3,(4,(5,6)))); -4535.37 -1.50828 27.603 12.872 -4551.61
(1,(2,3),((4,6),5)); -4546.05 -1.89292 26.9167 13.4581 -4561.4
(1,(2,3),((4,6),5)); -4540.61 -1.89292 31.9492 13.4812 -4560.97
(1,2,(3,(4,(5,6)))); -4533.84 -1.50828 30.1358 13.6785 -4551.81
(1,(2,(4,(5,6))),3); -4538.81 -2.02396 29.2427 13.5742 -4556.5
(1,(2,(4,(5,6))),3); -4537.36 -2.02396 29.7461 13.5947 -4555.54
(1,(2,(4,(5,6))),3); -4538.23 -2.02396 29.1101 13.4967 -4555.87
(1,(2,3),(4,(5,6))); -4538.76 -1.6206 28.6481 13.8529 -4555.18
(1,(2,((4,6),5)),3); -4540.33 -2.29628 30.318 13.5032 -4559.44
(1,(2,3),(4,(5,6))); -4535.7 -1.6206 31.7259 13.6519 -4555.4
(1,2,(3,((4,6),5))); -4535.37 -1.7806 28.5151 13.7973 -4551.87
(1,2,(3,((4,5),6))); -4541.3 -4.68055 28.3137 13.3483 -4560.95
(1,(2,((4,6),5)),3); -4541.04 -2.29628 29.6642 13.7409 -4559.26
(1,(2,3),((4,6),5)); -4543.96 -1.89292 27.6804 13.2732 -4560.26
(1,(2,(4,(5,6))),3); -4537.35 -2.02396 30.2665 13.6388 -4556
(1,2,(3,(4,(5,6)))); -4534.49 -1.50828 29.2607 13.3914 -4551.87
(1,(2,(4,(5,6))),3); -4538.85 -2.02396 29.1626 13.9436 -4556.09
(1,(2,3),((4,6),5)); -4543.41 -1.89292 28.4333 13.1272 -4560.61
(1,(2,3),(4,(5,6))); -4535.32 -1.6206 32.2344 13.8484 -4555.32
(1,2,(3,(4,(5,6)))); -4533.06 -1.50828 30.4302 13.4957 -4551.51
(1,(2,(4,(5,6))),3); -4537.68 -2.02396 29.8295 13.4793 -4556.05
(1,(2,3),((4,6),5)); -4543.27 -1.89292 29.0804 13.4135 -4560.83
(1,2,(3,((4,6),5))); -4536.5 -1.7806 26.9369 13.4477 -4551.77
(1,(2,3),(4,(5,6))); -4537.85 -1.6206 29.1885 13.318 -4555.34
(1,(2,3),((4,6),5)); -4542.49 -1.89292 29.6325 13.4708 -4560.55
(1,(2,3),(4,(5,6))); -4536.79 -1.6206 30.3514 13.7139 -4555.04
(1,(2,3),(4,(5,6))); -4539.46 -1.6206 28.0083 13.8 -4555.29
(1,2,(3,((4,6),5))); -4541.57 -1.7806 22.903 14.2213 -4552.03
(1,2,(3,((4,6),5))); -4534.95 -1.7806 28.8563 13.7663 -4551.82
(1,(2,3),((4,6),5)); -4540.77 -1.89292 30.9748 13.079 -4560.56
(1,2,(3,((4,6),5))); -4534.85 -1.7806 28.1611 12.9657 -4551.82
(1,2,(3,(4,(5,6)))); -4536.29 -1.50828 28.2186 14.1082 -4551.91
(1,(2,((4,6),5)),3); -4541.53 -2.29628 28.619 13.6336 -4558.81
(1,2,(3,(4,(5,6)))); -4532.21 -1.50828 31.6575 13.5796 -4551.79
(1,(2,((4,6),5)),3); -4543.6 -2.29628 26.3936 13.3451 -4558.95
(1,(2,3),(4,(5,6))); -4538.74 -1.6206 28.9518 13.8484 -4555.47
(1,2,(3,(4,(5,6)))); -4535.65 -1.50828 27.3191 13.4479 -4551.03
(1,2,(3,((4,6),5))); -4532.38 -1.7806 31.591 13.3628 -4552.39
(1,(2,(4,(5,6))),3); -4536.16 -2.02396 31.3043 13.6572 -4555.84
(1,2,(3,(4,(5,6)))); -4535.17 -1.50828 27.9881 13.5057 -4551.16
(1,(2,((4,6),5)),3); -4541.43 -2.29628 28.4533 13.4373 -4558.74
(1,2,(3,((4,6),5))); -4538.26 -1.7806 25.5406 13.576 -4552
(1,(2,3),(4,(5,6))); -4537.81 -1.6206 29.8923 13.6215 -4555.71
(1,2,(3,(4,(5,6)))); -4536.16 -1.50828 27.2118 13.4055 -4551.48
(1,2,(3,((4,6),5))); -4533.94 -1.7806 30.8297 14.0797 -4552.47
(1,(2,((4,6),5)),3); -4545.42 -2.29628 25.1627 13.845 -4559.04
(1,(2,3),(4,(5,6))); -4535.09 -1.6206 32.1815 13.6623 -4555.23
(1,(2,3),(4,(5,6))); -4537.21 -1.6206 30.0941 13.7827 -4555.14
(1,(2,3),(4,(5,6))); -4535.03 -1.6206 32.073 13.531 -4555.2
(1,(2,3),((4,6),5)); -4540.71 -1.89292 31.1274 13.4685 -4560.26
(1,(2,(4,(5,6))),3); -4544.83 -2.02396 22.9903 13.9491 -4555.89
(1,(2,3),(4,(5,6))); -4538.95 -1.6206 29.1163 14.1292 -4555.56
(1,2,(3,(4,(5,6)))); -4535.71 -1.50828 28.2643 13.6995 -4551.78
(1,(2,3),((4,6),5)); -4541.52 -1.89292 30.2115 13.2102 -4560.41
(1,(2,(4,(5,6))),3); -4538.65 -2.02396 28.6471 13.4749 -4555.85
(1,(2,3),(4,(5,6))); -4535.3 -1.6206 32.0374 13.7895 -4555.17
(1,2,(3,((4,6),5))); -4535.49 -1.7806 28.6398 13.9451 -4551.96
(1,(2,((4,6),5)),3); -4540.6 -2.29628 29.0063 13.1807 -4558.72
(1,(2,((4,6),5)),3); -4538.94 -2.29628 31.3736 13.3953 -4559.21
(1,2,(3,(4,(5,6)))); -4531.38 -1.50828 32.4045 13.5838 -4551.71
(1,(2,3),(4,(5,6))); -4536.11 -1.6206 30.9233 13.326 -4555.33
(1,2,(3,((4,6),5))); -4534.54 -1.7806 29.1238 13.3679 -4552.07
(1,2,(3,((4,6),5))); -4532.42 -1.7806 31.1771 13.4758 -4551.9
(1,2,(3,(4,(5,6)))); -4533.22 -1.50828 30.9244 13.7602 -4551.89
(1,2,(3,((4,6),5))); -4534.7 -1.7806 29.3923 13.5308 -4552.34
(1,2,(3,(4,(5,6)))); -4536.22 -1.50828 27.1245 13.3079 -4551.55
(1,2,(3,(4,(5,6)))); -4539.1 -1.50828 23.6613 13.7083 -4550.56
(1,2,(3,((4,6),5))); -4538.31 -1.7806 25.6883 13.6371 -4552.15
(1,(2,3),(4,(5,6))); -4535.51 -1.6206 31.1812 13.1468 -4555.16
(1,(2,(4,(5,6))),3); -4539.88 -2.02396 27.3129 13.6666 -4555.55
(1,2,(3,((4,6),5))); -4538.11 -1.7806 24.7115 12.7578 -4551.84
(1,(2,(4,(5,6))),3); -4537.92 -2.02396 30.1233 14.1348 -4555.94
(1,(2,((4,6),5)),3); -4545.14 -2.29628 25.5714 13.9172 -4559.09
(1,(2,3),((4,6),5)); -4541.85 -1.89292 29.9792 13.3899 -4560.34
(1,(2,3),((4,6),5)); -4541.24 -1.89292 30.6004 13.3649 -4560.37
(1,(2,3),(4,(5,6))); -4539.93 -1.6206 26.4916 13.0891 -4554.95
(1,2,(3,(4,(5,6)))); -4532.51 -1.50828 31.711 13.77 -4551.96
(1,(2,((4,6),5)),3); -4540.31 -2.29628 30.0251 13.58 -4559.05
(1,2,(3,(4,(5,6)))); -4532.83 -1.50828 29.9505 13.1339 -4551.16
(1,(2,3),((4,6),5)); -4541.65 -1.89292 30.4268 13.4261 -4560.54
(1,2,(3,((4,6),5))); -4533.82 -1.7806 30.3332 13.9661 -4551.96
(1,(2,3),(4,(5,6))); -4536.99 -1.6206 29.5613 13.2174 -4554.96
(1,2,(3,((4,6),5))); -4535 -1.7806 28.4041 13.2867 -4551.9
(1,2,(3,((4,6),5))); -4532.24 -1.7806 31.3607 13.6072 -4551.77
(1,(2,((4,6),5)),3); -4543.82 -2.29628 26.314 13.3704 -4559.06
(1,2,(3,(4,(5,6)))); -4537.77 -1.50828 25.5275 13.3739 -4551.44
(1,2,(3,(4,(5,6)))); -4534.65 -1.50828 29.2114 13.7274 -4551.64
(1,(2,3),((4,6),5)); -4546.29 -1.89292 26.5071 13.6011 -4561.09
(1,2,(3,((4,6),5))); -4536.65 -1.7806 27.5545 13.6694 -4552.31
(1,(2,3),((4,6),5)); -4545.01 -1.89292 27.1768 13.5794 -4560.5
(1,(2,(4,(5,6))),3); -4539.62 -2.02396 28.2817 13.8348 -4556.09
(1,2,(3,(4,(5,6)))); -4534.55 -1.50828 29.7771 13.9438 -4551.89
(1,2,(3,((4,6),5))); -4536.34 -1.7806 27.2077 13.162 -4552.17
(1,(2,3),(4,(5,6))); -4538.78 -1.6206 28.3582 13.4309 -4555.33
(1,(2,3),(4,(5,6))); -4536.23 -1.6206 31.2808 13.5517 -4555.58
(1,(2,(4,(5,6))),3); -4539.75 -2.02396 27.586 13.3857 -4555.97
(1,(2,((4,6),5)),3); -4543.95 -2.29628 26.0334 13.5185 -4558.76
(1,(2,3),(4,(5,6))); -4543.27 -1.6206 23.7926 13.6248 -4555.06
(1,(2,3),(4,(5,6))); -4542.78 -1.6206 24.4536 13.3632 -4555.49
(1,2,(3,(4,(5,6)))); -4535.53 -1.50828 28.0561 13.5748 -4551.52
(1,(2,3),((4,6),5)); -4543.16 -1.89292 28.8486 13.2724 -4560.63
(1,(2,(4,(5,6))),3); -4537.79 -2.02396 29.7685 13.6419 -4555.94
(1,2,(3,(4,(5,6)))); -4537.16 -1.50828 26.6144 13.5802 -4551.71
(1,2,(3,((4,6),5))); -4533.5 -1.7806 30.9032 13.5913 -4552.6
(1,(2,3),((4,6),5)); -4540.92 -1.89292 31.5252 13.3444 -4560.99
(1,2,(3,(4,(5,6)))); -4533.48 -1.50828 30.2145 13.5882 -4551.62
(1,(2,3),(4,(5,6))); -4541.18 -1.6206 25.2197 13.0425 -4554.97
(1,2,(3,(4,(5,6)))); -4536.2 -1.50828 27.0976 13.3497 -4551.45
(1,2,(3,((4,6),5))); -4534.23 -1.7806 29.6458 13.4646 -4552.19
(1,(2,3),((4,6),5)); -4542.16 -1.89292 30.2248 13.668 -4560.61
(1,(2,(4,(5,6))),3); -4537.58 -2.02396 30.1321 13.7468 -4555.99
(1,2,(3,((4,6),5))); -4534.2 -1.7806 30.3163 13.7017 -4552.59
(1,(2,3),(4,(5,6))); -4540.38 -1.6206 27.2622 14.0141 -4555.25
(1,(2,3),((4,6),5)); -4544.04 -1.89292 28.0976 13.2847 -4560.74
(1,2,(3,(4,(5,6)))); -4534.87 -1.50828 28.532 13.1619 -4551.75
(1,2,(3,((4,6),5))); -4536.14 -1.7806 28.4828 13.8213 -4552.58
(1,(2,3),(4,(5,6))); -4538.76 -1.6206 28.5822 13.6755 -4555.29
(1,(2,3),((4,6),5)); -4544.82 -1.89292 27.3297 13.2246 -4560.82
(1,2,(3,(4,(5,6)))); -4532.59 -1.50828 31.4465 13.6025 -4551.94
(1,2,(3,((4,6),5))); -4536.39 -1.7806 27.3715 13.7491 -4551.79
(1,(2,3),((4,6),5)); -4542.88 -1.89292 28.9621 13.2448 -4560.49
(1,(2,(4,(5,6))),3); -4535.01 -2.02396 32.6274 13.5218 -4556.14
(1,2,(3,((4,6),5))); -4535.61 -1.7806 28.4137 13.6779 -4552.13
(1,(2,((4,6),5)),3); -4543.62 -2.29628 26.0681 13.3665 -4558.62
(1,(2,(4,(5,6))),3); -4535.55 -2.02396 31.4313 13.4335 -4555.57
(1,(2,((4,6),5)),3); -4540.92 -2.29628 30.0066 13.8883 -4559.34
(1,(2,3),(4,(5,6))); -4536.73 -1.6206 30.0006 13.4478 -4554.9
(1,(2,3),((4,5),6)); -4548.81 -4.79287 28.2443 13.4765 -4568.37
(1,(2,3),(4,(5,6))); -4541.13 -1.6206 25.9432 13.4202 -4555.27
(1,(2,3),(4,(5,6))); -4537.62 -1.6206 29.0948 13.0762 -4555.26
(1,2,(3,(4,(5,6)))); -4537.23 -1.50828 26.3476 13.4941 -4551.59
(1,(2,((4,6),5)),3); -4540.06 -2.29628 30.1474 13.7122 -4558.79
(1,(2,(4,(5,6))),3); -4546.14 -2.02396 20.4845 13.3142 -4555.33
(1,2,(3,((4,6),5))); -4533.72 -1.7806 29.4641 13.1976 -4551.77
(1,(2,(4,(5,6))),3); -4536.86 -2.02396 29.9168 13.3482 -4555.46
(1,2,(3,((4,6),5))); -4533.74 -1.7806 30.8086 13.6649 -4552.66
(1,2,(3,((4,6),5))); -4535.56 -1.7806 27.6624 13.1324 -4551.87
(1,2,(3,((4,6),5))); -4536.14 -1.7806 27.6132 13.6725 -4551.86
(1,2,(3,((4,6),5))); -4535.1 -1.7806 29.71 14.1667 -4552.42
(1,(2,(4,(5,6))),3); -4536.33 -2.02396 31.404 13.7677 -4555.99
(1,(2,((4,5),6)),3); -4550.78 -5.19623 27.014 13.7965 -4569.19
(1,2,(3,(4,(5,6)))); -4532.34 -1.50828 31.3739 13.5166 -4551.71
(1,2,(3,((4,6),5))); -4534.72 -1.7806 28.9003 13.2813 -4552.12
(1,(2,(4,(5,6))),3); -4539.8 -2.02396 27.9527 13.6732 -4556.1
(1,(2,((4,6),5)),3); -4541.66 -2.29628 28.5782 13.8357 -4558.7
(1,2,(3,((4,6),5))); -4532.73 -1.7806 31.7529 13.6611 -4552.6
(1,2,(3,(4,(5,6)))); -4533.36 -1.50828 29.9537 13.2583 -4551.56
(1,(2,3),(4,(5,6))); -4539.7 -1.6206 27.9561 14.1631 -4555.12
(1,2,(3,(4,(5,6)))); -4534.14 -1.50828 28.8538 13.3439 -4551.15
(1,2,(3,(4,(5,6)))); -4532.64 -1.50828 31.1446 13.6199 -4551.68
(1,(2,3),((4,6),5)); -4542.66 -1.89292 29.8711 13.8702 -4560.56
(1,(2,3),((4,6),5)); -4542.55 -1.89292 29.7332 13.5459 -4560.63
(1,2,(3,((4,6),5))); -4534.73 -1.7806 29.2305 13.9629 -4551.77
(1,2,(3,(4,(5,6)))); -4534.15 -1.50828 29.681 13.7871 -4551.55
(1,(2,(4,(5,6))),3); -4539.08 -2.02396 27.3607 12.8713 -4555.59
(1,(2,3),(4,(5,6))); -4537.37 -1.6206 29.7771 13.5231 -4555.24
(1,(2,3),(4,(5,6))); -4536.62 -1.6206 30.3505 13.3917 -4555.2
(1,(2,3),(4,(5,6))); -4536.62 -1.6206 30.2192 13.3708 -4555.09
(1,2,(3,((4,6),5))); -4535.12 -1.7806 28.8941 13.6588 -4552.13
(1,2,(3,(4,(5,6)))); -4535.92 -1.50828 28.0403 13.8948 -4551.57
(1,(2,((4,6),5)),3); -4543.64 -2.29628 25.7309 12.9967 -4558.67
(1,(2,((4,6),5)),3); -4542.67 -2.29628 27.9864 13.7172 -4559.24
(1,(2,3),(4,(5,6))); -4539.46 -1.6206 28.3414 14.0069 -4555.42
(1,(2,3),(4,(5,6))); -4537.7 -1.6206 28.9911 13.407 -4554.9
(1,(2,3),(4,(5,6))); -4535.5 -1.6206 31.6468 13.5707 -4555.2
(1,(2,3),((4,6),5)); -4541.74 -1.89292 30.2516 13.5836 -4560.3
(1,(2,((4,6),5)),3); -4540.06 -2.29628 29.6944 13.1829 -4558.87
(1,(2,3),((4,6),5)); -4541.3 -1.89292 31.1092 13.1242 -4561.18
(1,(2,(4,(5,6))),3); -4536.63 -2.02396 31.0086 13.6194 -4556.04
(1,(2,3),((4,6),5)); -4546.15 -1.89292 26.022 13.2704 -4560.79
(1,(2,3),((4,6),5)); -4541.09 -1.89292 31.7419 13.6077 -4561.12
(1,(2,(4,(5,6))),3); -4538.18 -2.02396 29.3194 13.5027 -4556.02
(1,(2,3),((4,6),5)); -4543.43 -1.89292 28.5265 13.0836 -4560.77
(1,2,(3,(4,(5,6)))); -4536.02 -1.50828 27.7256 13.6238 -4551.63
(1,(2,3),((4,6),5)); -4541.3 -1.89292 31.2651 13.8605 -4560.6
(1,2,(3,(4,(5,6)))); -4536.6 -1.50828 26.975 13.5116 -4551.58
(1,2,(3,(4,(5,6)))); -4533.25 -1.50828 29.8193 13.0209 -4551.56
(1,2,(3,(4,(5,6)))); -4537.3 -1.50828 26.2975 13.6079 -4551.49
(1,(2,3),((4,6),5)); -4546.61 -1.89292 25.3929 13.3673 -4560.53
(1,2,(3,(4,(5,6)))); -4537.91 -1.50828 25.8973 13.6647 -4551.65
(1,(2,3),(4,(5,6))); -4535.82 -1.6206 31.2382 13.4102 -4555.27
(1,2,(3,(4,(5,6)))); -4532.46 -1.50828 30.686 13.4075 -4551.25
(1,2,(3,(4,(5,6)))); -4531.96 -1.50828 31.628 13.6362 -4551.46
(1,(2,3),((4,6),5)); -4543.38 -1.89292 29.7327 13.834 -4561.17
(1,(2,3),((4,6),5)); -4543.98 -1.89292 28.0484 13.2173 -4560.71
(1,(2,3),(4,(5,6))); -4534.87 -1.6206 32.2297 13.4016 -4555.32
(1,2,(3,(4,(5,6)))); -4536.52 -1.50828 26.4039 13.4558 -4550.98
(1,(2,(4,(5,6))),3); -4538.35 -2.02396 28.5088 13.0801 -4555.8
(1,(2,3),(4,(5,6))); -4535.32 -1.6206 31.9299 13.5403 -4555.33
(1,(2,3),((4,6),5)); -4541.59 -1.89292 30.4021 13.26 -4560.63
(1,(2,3),((4,6),5)); -4543.2 -1.89292 28.5582 13.1594 -4560.49
(1,2,(3,(4,(5,6)))); -4532.54 -1.50828 30.6706 13.2503 -4551.47
(1,2,(3,(4,(5,6)))); -4534.4 -1.50828 29.6598 13.6194 -4551.95
(1,2,(3,(4,(5,6)))); -4535.12 -1.50828 27.4923 13.0178 -4551.11
(1,(2,((4,6),5)),3); -4542.48 -2.29628 28.1426 13.7821 -4559.13
(1,(2,3),(4,(5,6))); -4540.48 -1.6206 25.9252 13.2127 -4554.81
(1,(2,3),((4,6),5)); -4544.38 -1.89292 27.4412 13.0493 -4560.67
(1,2,(3,((4,6),5))); -4534.7 -1.7806 28.5565 13.0414 -4551.99
(1,2,(3,((4,6),5))); -4535.22 -1.7806 28.5047 13.4194 -4552.09
(1,(2,3),(4,(5,6))); -4536.2 -1.6206 30.3795 13.2077 -4555
(1,(2,3),(4,(5,6))); -4536.67 -1.6206 30.9667 13.6031 -4555.66
(1,2,(3,(4,(5,6)))); -4532.07 -1.50828 31.6479 13.5733 -4551.66
(1,2,(3,(4,(5,6)))); -4532.61 -1.50828 31.1705 13.5612 -4551.73
(1,(2,(4,(5,6))),3); -4538.53 -2.02396 28.7254 13.0278 -4556.25
(1,(2,3),(4,(5,6))); -4540.22 -1.6206 26.7039 13.2426 -4555.3
(1,(2,(4,(5,6))),3); -4538.69 -2.02396 28.8412 13.7953 -4555.76
(1,(2,((4,6),5)),3); -4539.85 -2.29628 29.8598 13.1417 -4558.87
(1,2,((3,(5,6)),4)); -4572.66 -6.81245 31.8356 13.3773 -4597.94
(1,(2,(4,(5,6))),3); -4539.68 -2.02396 27.8926 13.4197 -4556.18
(1,2,(3,(4,(5,6)))); -4531.24 -1.50828 32.1639 13.2752 -4551.64
(1,2,(3,((4,6),5))); -4533.4 -1.7806 30.2916 13.3947 -4552.08
(1,2,(3,((4,6),5))); -4532.99 -1.7806 31.2369 13.7638 -4552.24
(1,(2,3),(4,(5,6))); -4542.12 -1.6206 24.2712 12.8387 -4555.17
(1,(2,((4,6),5)),3); -4540.04 -2.29628 30.5019 13.8087 -4559.03
(1,(2,(4,(5,6))),3); -4537.59 -2.02396 29.3835 13.4946 -4555.5
(1,2,(3,((4,6),5))); -4533.73 -1.7806 29.8108 13.1759 -4552.15
(1,(2,(4,(5,6))),3); -4538.56 -2.02396 28.6841 13.5037 -4555.76
(1,(2,3),((4,6),5)); -4543.63 -1.89292 28.9448 13.9418 -4560.52
(1,(2,3),((4,6),5)); -4546.22 -1.89292 25.902 13.7785 -4560.24
(1,(2,3),((4,6),5)); -4544.17 -1.89292 27.8575 13.5946 -4560.32
(1,(2,((4,6),5)),3); -4542.37 -2.29628 27.2438 13.4441 -4558.47
(1,2,(3,(4,(5,6)))); -4533.99 -1.50828 29.0972 13.2359 -4551.36
(1,2,(3,(4,(5,6)))); -4532.59 -1.50828 30.9577 13.5069 -4551.55
(1,(2,(4,(5,6))),3); -4536.6 -2.02396 30.477 13.3093 -4555.79
(1,2,(3,(4,(5,6)))); -4538.37 -1.50828 24.6451 13.2338 -4551.29
(1,2,(3,(4,(5,6)))); -4536.71 -1.50828 26.678 13.4872 -4551.41
(1,2,(3,((4,5),6))); -4539.74 -4.68055 29.9198 13.5961 -4560.75
(1,2,(3,((4,6),5))); -4533.31 -1.7806 30.6927 13.7359 -4552.05
(1,(2,3),(4,(5,6))); -4538.13 -1.6206 29.1941 13.7387 -4555.21
(1,(2,((4,6),5)),3); -4538.94 -2.29628 31.0838 13.5423 -4558.78
(1,(2,3),(4,(5,6))); -4538.7 -1.6206 28.2616 13.5712 -4555.01
(1,2,(3,((4,6),5))); -4532.56 -1.7806 31.4959 13.6942 -4552.15
(1,2,(3,(4,(5,6)))); -4534.35 -1.50828 29.8126 13.8901 -4551.78
(1,(2,3),(4,(5,6))); -4535.84 -1.6206 31.0135 13.5805 -4554.89
(1,(2,3),((4,6),5)); -4545.18 -1.89292 27.4575 13.644 -4560.89
(1,(2,3),(4,(5,6))); -4536.59 -1.6206 29.8626 13.1387 -4554.94
(1,(2,((4,6),5)),3); -4541.85 -2.29628 28.3791 13.6474 -4558.88
(1,(2,((4,6),5)),3); -4544.4 -2.29628 25.3648 13.2447 -4558.81
(1,(2,3),((4,6),5)); -4545.53 -1.89292 26.6672 13.2121 -4560.88
(1,(2,(4,(5,6))),3); -4537.4 -2.02396 30.3939 13.6634 -4556.15
(1,(2,3),((4,6),5)); -4548.75 -1.89292 24.1518 14.1191 -4560.68
(1,(2,(4,(5,6))),3); -4535.77 -2.02396 32.3948 13.8565 -4556.33
(1,(2,3),(4,(5,6))); -4538.93 -1.6206 28.4815 13.684 -4555.35
(1,2,(3,(4,(5,6)))); -4532.45 -1.50828 30.7472 13.092 -4551.61
(1,(2,(4,(5,6))),3); -4539.64 -2.02396 27.8315 13.4829 -4556.01
(1,2,(3,((4,6),5))); -4537.21 -1.7806 26.3448 13.5322 -4551.8
(1,2,(3,(4,(5,6)))); -4537.12 -1.50828 26.0155 13.1592 -4551.49
(1,(2,3),((4,6),5)); -4546.06 -1.89292 26.7071 13.9437 -4560.72
(1,(2,3),(4,(5,6))); -4539.48 -1.6206 27.3338 13.5071 -4554.93
(1,(2,(4,(5,6))),3); -4537.37 -2.02396 29.6983 13.5341 -4555.56
(1,2,(3,((4,6),5))); -4536.02 -1.7806 28.5574 13.7028 -4552.65
(1,(2,((4,6),5)),3); -4538.65 -2.29628 31.3416 13.4026 -4558.89
(1,(2,(4,(5,6))),3); -4535.74 -2.02396 31.6538 13.5644 -4555.86
(1,2,(3,(4,(5,6)))); -4535.87 -1.50828 27.8676 13.273 -4551.97
(1,2,(3,((4,6),5))); -4534.33 -1.7806 29.8453 13.5954 -4552.37
(1,(2,((4,5),6)),3); -4546.31 -5.19623 33.798 13.7109 -4571.6
(1,(2,3),(4,(5,6))); -4535.25 -1.6206 32.1226 13.6582 -4555.33
(1,2,(3,((4,6),5))); -4535.74 -1.7806 27.8916 13.1755 -4552.24
(1,2,(3,((4,6),5))); -4533.2 -1.7806 30.8579 13.4681 -4552.37
(1,(2,((4,6),5)),3); -4539.79 -2.29628 30.4072 13.5749 -4558.92
(1,2,(3,((4,6),5))); -4533.71 -1.7806 29.4467 13.0155 -4551.92
(1,(2,3),((4,6),5)); -4542.69 -1.89292 29.8282 13.7963 -4560.61
(1,(2,3),((4,6),5)); -4542.92 -1.89292 29.8865 13.7444 -4560.96
(1,(2,3),((4,6),5)); -4543.22 -1.89292 29.2828 13.9016 -4560.49
(1,(2,3),(4,(5,6))); -4537.23 -1.6206 30.3164 13.9857 -4555.18
(1,2,(3,(4,(5,6)))); -4536.44 -1.50828 26.4115 13.1345 -4551.22
(1,2,(3,((4,6),5))); -4534.49 -1.7806 30.1373 14.1137 -4552.29
(1,2,(3,(4,(5,6)))); -4534.36 -1.50828 30.2464 14.2632 -4551.85
(1,(2,3),((4,6),5)); -4541.3 -1.89292 31.007 13.4353 -4560.77
(1,2,(3,(4,(5,6)))); -4542.78 -1.50828 20.8315 13.5049 -4551.61
(1,(2,((4,6),5)),3); -4540.86 -2.29628 29.6868 13.3789 -4559.47
(1,(2,3),((4,6),5)); -4541.9 -1.89292 30.1935 13.2403 -4560.75
(1,(2,3),((4,6),5)); -4541.28 -1.89292 31.3153 13.7263 -4560.77
(1,2,(3,((4,6),5))); -4532.75 -1.7806 31.354 13.638 -4552.24
(1,(2,3),(4,(5,6))); -4538.38 -1.6206 28.2855 13.5868 -4554.7
(1,(2,3),(4,(5,6))); -4536.64 -1.6206 30.9307 13.8148 -4555.37
(1,2,(3,(4,(5,6)))); -4532.59 -1.50828 31.3605 13.8045 -4551.65
(1,2,(3,(4,(5,6)))); -4536.05 -1.50828 27.4957 13.6787 -4551.38
(1,(2,3),(4,(5,6))); -4536 -1.6206 30.6658 13.2729 -4555.01
(1,2,(3,(4,(5,6)))); -4537.16 -1.50828 26.3363 13.1024 -4551.91
(1,(2,(4,(5,6))),3); -4536.1 -2.02396 31.2162 13.4324 -4555.91
(1,(2,(4,(5,6))),3); -4538.42 -2.02396 29.2098 13.8062 -4555.85
(1,2,(3,((4,6),5))); -4533.58 -1.7806 30.336 13.7261 -4551.97
(1,(2,3),(4,(5,6))); -4536.3 -1.6206 31.2113 13.5881 -4555.54
(1,(2,((4,5),6)),3); -4547.82 -5.19623 29.1529 13.1026 -4569.07
(1,(2,3),((4,6),5)); -4541.35 -1.89292 30.6857 13.1637 -4560.77
(1,(2,3),((4,5),6)); -4546.76 -4.79287 29.5625 12.9593 -4568.15
(1,(2,3),((4,6),5)); -4545.18 -1.89292 27.6561 13.9362 -4560.8
(1,(2,((4,6),5)),3); -4537.59 -2.29628 32.4159 13.2999 -4559
(1,(2,3),((4,6),5)); -4542.87 -1.89292 29.6282 13.1572 -4561.24
(1,(2,3),((4,6),5)); -4539.66 -1.89292 32.6278 13.2722 -4560.91
(1,2,(3,((4,6),5))); -4536.63 -1.7806 27.975 13.912 -4552.48
(1,(2,3),((4,6),5)); -4546.14 -1.89292 26.9428 14.1373 -4560.83
(1,(2,3),((4,6),5)); -4542.05 -1.89292 30.2486 13.4282 -4560.77
(1,(2,(4,(5,6))),3); -4537.47 -2.02396 30.0922 13.52 -4556.07
(1,2,(3,((4,6),5))); -4538.52 -1.7806 24.8882 13.1473 -4552.04
(1,2,(3,((4,6),5))); -4533.72 -1.7806 30.5465 13.6111 -4552.44
(1,(2,3),(4,(5,6))); -4541.79 -1.6206 24.8909 12.9993 -4555.3
(1,2,(3,((4,6),5))); -4535.78 -1.7806 28.9732 14.1289 -4552.41
(1,(2,(4,(5,6))),3); -4542.52 -2.02396 24.9534 13.6594 -4555.84
(1,(2,((4,6),5)),3); -4540.83 -2.29628 29.29 13.4072 -4559.01
(1,(2,((4,6),5)),3); -4539.69 -2.29628 29.8272 13.16 -4558.65
(1,(2,(4,(5,6))),3); -4538.25 -2.02396 28.5957 13.025 -4555.85
(1,2,(3,(4,(5,6)))); -4539.24 -1.50828 24.4638 13.3685 -4551.84
(1,(2,3),(4,(5,6))); -4537.15 -1.6206 29.7423 13.5974 -4554.91
(1,2,(3,((4,5),6))); -4539.81 -4.68055 29.6619 13.5682 -4560.59
(1,2,(3,(4,(5,6)))); -4534.83 -1.50828 29.4987 13.8283 -4552.01
(1,2,(3,((4,6),5))); -4534.92 -1.7806 29.0927 13.7875 -4552
(1,(2,3),(4,(5,6))); -4538.71 -1.6206 28.8011 13.6599 -4555.47
(1,2,(3,(4,(5,6)))); -4532.3 -1.50828 31.3775 13.5251 -4551.66
(1,2,(3,(4,(5,6)))); -4531.98 -1.50828 31.8984 13.5692 -4551.82
(1,(2,((4,6),5)),3); -4540.46 -2.29628 29.9362 13.4914 -4559.21
(1,2,(3,(4,(5,6)))); -4533.11 -1.50828 30.8273 13.9162 -4551.53
(1,(2,((4,6),5)),3); -4543.23 -2.29628 27.3062 13.7341 -4559.1
(1,2,(3,((4,6),5))); -4537.82 -1.7806 26.0446 13.6205 -4552.03
(1,(2,3),((4,6),5)); -4547.16 -1.89292 23.4114 12.7504 -4559.72
(1,(2,(4,(5,6))),3); -4535.35 -2.02396 31.6811 13.4349 -4555.62
(1,2,(3,(4,(5,6)))); -4534.62 -1.50828 29.2227 13.4141 -4551.93
(1,2,(3,((4,6),5))); -4534.32 -1.7806 29.7507 13.591 -4552.26
(1,(2,3),((4,6),5)); -4544.51 -1.89292 27.9821 13.5141 -4560.87
(1,2,(3,((4,6),5))); -4533.13 -1.7806 30.6956 13.412 -4552.2
(1,(2,(4,(5,6))),3); -4538.3 -2.02396 28.9293 13.1284 -4556.12
(1,2,(3,(4,(5,6)))); -4533.44 -1.50828 30.4894 13.5512 -4551.89
(1,(2,(4,(5,6))),3); -4537.27 -2.02396 30.2772 13.6641 -4555.9
(1,2,(3,(4,(5,6)))); -4532.56 -1.50828 31.841 13.9792 -4551.93
(1,(2,3),((4,6),5)); -4544.89 -1.89292 27.0451 13.4424 -4560.39
(1,2,(3,(4,(5,6)))); -4536.08 -1.50828 27.7978 13.7608 -4551.62
(1,(2,3),(4,(5,6))); -4539.13 -1.6206 28.2934 13.6758 -4555.37
(1,(2,(4,(5,6))),3); -4536.75 -2.02396 30.3444 13.4943 -4555.62
(1,2,(3,((4,6),5))); -4532.68 -1.7806 31.7363 13.8488 -4552.34
(1,2,(3,(4,(5,6)))); -4533.92 -1.50828 30.2629 13.812 -4551.88
(1,((2,3),(5,6)),4); -4576.33 -6.90776 29.2038 13.4348 -4599.01
(1,(2,3),((4,6),5)); -4543.47 -1.89292 28.8479 13.7333 -4560.48
(1,(2,(4,(5,6))),3); -4539.38 -2.02396 28.4235 13.7667 -4556.06
(1,2,(3,(4,(5,6)))); -4531.5 -1.50828 32.1267 13.3156 -4551.82
(1,2,(3,((4,6),5))); -4532.97 -1.7806 31.6208 13.7749 -4552.6
(1,(2,3),(4,(5,6))); -4537.17 -1.6206 29.8483 13.5074 -4555.13
(1,2,(3,((4,6),5))); -4538.39 -1.7806 26.2234 14.3281 -4552.07
(1,(2,3),(4,(5,6))); -4535.77 -1.6206 30.6522 13.2698 -4554.77
(1,(2,(4,(5,6))),3); -4539.05 -2.02396 28.3993 13.8853 -4555.59
(1,2,(3,((4,6),5))); -4536.22 -1.7806 28.3255 13.7625 -4552.56
(1,(2,((4,6),5)),3); -4543.93 -2.29628 25.2405 13.247 -4558.22
(1,2,(3,(4,(5,6)))); -4533.32 -1.50828 30.6601 13.5716 -4551.92
(1,(2,3),((4,6),5)); -4543.07 -1.89292 27.966 12.7673 -4560.16
(1,(2,3),(4,(5,6))); -4535.99 -1.6206 31.2462 13.6552 -4555.2
(1,(2,((4,6),5)),3); -4540.75 -2.29628 28.9095 13.5672 -4558.39
(1,2,(3,(4,(5,6)))); -4532.83 -1.50828 31.2189 13.4187 -4552.14
(1,(2,3),((4,6),5)); -4543.38 -1.89292 28.0498 13.0601 -4560.27
(1,(2,3),((4,6),5)); -4542.01 -1.89292 29.8695 13.0476 -4560.72
(1,2,(3,(4,(5,6)))); -4532.54 -1.50828 31.5732 13.665 -4551.95
(1,(2,3),(4,(5,6))); -4539.42 -1.6206 28.033 13.9135 -4555.16
(1,2,(3,((4,6),5))); -4536.83 -1.7806 26.9478 13.2567 -4552.3
(1,2,(3,(4,(5,6)))); -4532.81 -1.50828 31.1701 13.7881 -4551.7
(1,(2,(4,(5,6))),3); -4536.98 -2.02396 30.3229 13.1565 -4556.17
(1,(2,((4,6),5)),3); -4546.52 -2.29628 23.3295 13.8663 -4558.28
(1,2,(3,(4,(5,6)))); -4535.28 -1.50828 28.0158 13.2546 -4551.55
(1,2,(3,(4,(5,6)))); -4532.49 -1.50828 31.6366 13.7818 -4551.85
(1,(2,((4,6),5)),3); -4547.85 -2.29628 22.6474 13.982 -4558.81
(1,(2,3),(4,(5,6))); -4536.51 -1.6206 30.2981 13.4415 -4554.98
(1,2,(3,(4,(5,6)))); -4536.31 -1.50828 28.3062 13.9611 -4552.17
(1,(2,(4,(5,6))),3); -4539.88 -2.02396 27.0478 13.5132 -4555.44
(1,(2,3),(4,(5,6))); -4538.41 -1.6206 28.8628 13.4945 -4555.4
(1,(2,3),(4,(5,6))); -4539.15 -1.6206 28.2911 13.5271 -4555.54
(1,(2,((4,6),5)),3); -4538.61 -2.29628 31.2569 13.5445 -4558.62
(1,(2,3),(4,(5,6))); -4542.67 -1.6206 25.074 13.9629 -4555.4
(1,(2,((4,6),5)),3); -4539.88 -2.29628 29.7006 13.1486 -4558.73
(1,(2,((4,6),5)),3); -4543.29 -2.29628 26.675 13.3004 -4558.96
(1,2,(3,(4,(5,6)))); -4535.25 -1.50828 28.0942 13.3625 -4551.49
(1,(2,3),((4,6),5)); -4541.99 -1.89292 30.4232 13.3488 -4560.96
(1,(2,(4,(5,6))),3); -4536.57 -2.02396 30.2505 13.2633 -4555.58
(1,2,(3,((4,6),5))); -4537.57 -1.7806 26.3154 13.188 -4552.48
(1,(2,3),((4,6),5)); -4542.22 -1.89292 29.9363 13.4865 -4560.56
(1,(2,3),(4,(5,6))); -4538.08 -1.6206 29.0322 13.7182 -4555.01
(1,2,(3,(4,(5,6)))); -4535.43 -1.50828 28.2534 13.6727 -4551.52
(1,(2,((4,6),5)),3); -4543.15 -2.29628 26.8772 13.4137 -4558.91
(1,2,(3,(4,(5,6)))); -4535.56 -1.50828 27.6238 13.4482 -4551.25
(1,(2,((4,6),5)),3); -4540.05 -2.29628 30.1525 13.5074 -4558.99
(1,2,(3,((4,6),5))); -4534.23 -1.7806 30.5603 13.9007 -4552.67
(1,(2,((4,6),5)),3); -4540.04 -2.29628 29.9281 13.5144 -4558.75
(1,(2,3),((4,6),5)); -4544.34 -1.89292 27.6982 12.9206 -4561.01
(1,2,(3,((4,6),5))); -4537.77 -1.7806 26.2279 13.4176 -4552.36
(1,(2,3),(4,(5,6))); -4539.72 -1.6206 27.2354 13.6264 -4554.95
(1,(2,(4,(5,6))),3); -4537.19 -2.02396 29.9008 13.3229 -4555.79
(1,2,(3,((4,6),5))); -4537.63 -1.7806 26.1936 13.328 -4552.28
(1,(2,3),((4,6),5)); -4543.14 -1.89292 29.3544 13.675 -4560.71
(1,2,(3,((4,6),5))); -4533.74 -1.7806 30.0098 13.5517 -4551.98
(1,(2,((4,6),5)),3); -4544.04 -2.29628 26.5462 14.0791 -4558.8
(1,(2,3),(4,(5,6))); -4540.31 -1.6206 26.6782 13.3877 -4555.22
(1,(2,3),((4,6),5)); -4543.48 -1.89292 28.5922 13.2456 -4560.72
(1,2,(3,((4,6),5))); -4535.69 -1.7806 28.3191 13.7177 -4552.08
(1,(2,3),(4,(5,6))); -4541.18 -1.6206 25.92 13.9743 -4554.74
(1,(2,3),((4,6),5)); -4542.29 -1.89292 30.5955 13.5965 -4561.19
(1,2,(3,(4,(5,6)))); -4534.37 -1.50828 29.0651 13.4093 -4551.53
(1,2,(3,(4,(5,6)))); -4534.05 -1.50828 29.3173 13.3048 -4551.57
(1,(2,((4,6),5)),3); -4543.3 -2.29628 26.6306 13.3284 -4558.9
(1,2,(3,(4,(5,6)))); -4535.4 -1.50828 28.3382 13.5517 -4551.69
(1,(2,(4,(5,6))),3); -4538.02 -2.02396 29.8026 13.7172 -4556.13
(1,2,(3,((4,6),5))); -4535.34 -1.7806 28.4495 13.5739 -4552
(1,2,(3,((4,6),5))); -4533.99 -1.7806 29.7437 13.5531 -4551.96
(1,2,(3,(4,(5,6)))); -4533.08 -1.50828 30.9417 13.7564 -4551.78
(1,(2,3),((4,6),5)); -4540.84 -1.89292 31.7476 13.5847 -4560.9
(1,(2,3),(4,(5,6))); -4541.33 -1.6206 26.4768 13.7431 -4555.68
(1,(2,3),(4,(5,6))); -4537.48 -1.6206 29.3507 13.3143 -4555.13
(1,(2,3),((4,6),5)); -4540.66 -1.89292 31.8396 13.7077 -4560.69
(1,2,(3,(4,(5,6)))); -4532.47 -1.50828 31.0895 13.6347 -4551.43
(1,(2,((4,6),5)),3); -4542.28 -2.29628 28.2316 13.9374 -4558.87
(1,(2,(4,(5,6))),3); -4540.21 -2.02396 26.2295 12.9824 -4555.48
(1,2,(3,(4,(5,6)))); -4533.76 -1.50828 30.1182 13.7506 -4551.64
(1,2,(3,(4,(5,6)))); -4534.89 -1.50828 29.1244 13.8002 -4551.72
(1,(2,3),((4,6),5)); -4540.4 -1.89292 32.0012 13.6312 -4560.66
(1,(2,3),((4,6),5)); -4541.07 -1.89292 31.5603 13.5997 -4560.93
(1,(2,3),(4,(5,6))); -4536.86 -1.6206 30.5143 13.8501 -4555.15
(1,(2,((4,6),5)),3); -4540.92 -2.29628 28.1482 12.9708 -4558.39
(1,(2,3),((4,6),5)); -4541.76 -1.89292 30.575 13.7441 -4560.48
(1,(2,(4,(5,6))),3); -4536.24 -2.02396 30.6226 13.2639 -4555.63
(1,2,(3,((4,6),5))); -4532.22 -1.7806 32.1309 13.8599 -4552.27
(1,(2,3),(4,(5,6))); -4538.25 -1.6206 28.3881 13.0783 -4555.18
(1,2,(3,((4,6),5))); -4536.74 -1.7806 27.5086 13.6996 -4552.33
(1,(2,(4,(5,6))),3); -4537.71 -2.02396 29.6129 13.5387 -4555.81
(1,(2,3),(4,(5,6))); -4537.72 -1.6206 29.1209 13.6859 -4554.77
(1,(2,((4,6),5)),3); -4540.51 -2.29628 29.4638 13.3089 -4558.96
(1,2,(3,(4,(5,6)))); -4533.67 -1.50828 30.2893 13.7128 -4551.75
(1,(2,(4,(5,6))),3); -4542.47 -2.02396 25.1722 13.8839 -4555.79
(1,(2,3),(4,(5,6))); -4535.63 -1.6206 31.5771 13.5273 -4555.3
(1,(2,((4,6),5)),3); -4540.9 -2.29628 29.4755 13.88 -4558.79
(1,2,(3,(4,(5,6)))); -4535.95 -1.50828 27.8529 13.4533 -4551.86
(1,(2,3),(4,(5,6))); -4535.98 -1.6206 30.7243 13.2584 -4555.07
(1,(2,3),((4,6),5)); -4542 -1.89292 29.6999 13.2099 -4560.38
(1,2,(3,((4,6),5))); -4534.34 -1.7806 29.6349 13.4305 -4552.32
(1,2,(3,(4,(5,6)))); -4533.53 -1.50828 30.1735 13.7876 -4551.42
(1,2,(3,(4,(5,6)))); -4539.18 -1.50828 25.0498 14.1334 -4551.61
(1,(2,3),(4,(5,6))); -4535.32 -1.6206 31.8071 13.669 -4555.08
(1,(2,((4,6),5)),3); -4541.72 -2.29628 27.886 12.9665 -4558.93
(1,(2,(4,(5,6))),3); -4538.77 -2.02396 28.4851 13.6354 -4555.64
(1,(2,((4,6),5)),3); -4538.93 -2.29628 30.869 13.3302 -4558.76
(1,(2,3),(4,(5,6))); -4537.71 -1.6206 29.7407 13.9549 -4555.12
(1,(2,3),(4,(5,6))); -4540.01 -1.6206 27.1877 13.8638 -4554.95
(1,(2,3),(4,(5,6))); -4538.44 -1.6206 27.7756 13.047 -4554.79
(1,(2,(4,(5,6))),3); -4538.86 -2.02396 28.7846 13.4339 -4556.23
(1,2,(3,(4,(5,6)))); -4535.65 -1.50828 27.6238 13.3833 -4551.4
(1,(2,(4,(5,6))),3); -4538.64 -2.02396 28.4705 13.5213 -4555.62
(1,2,(3,(4,(5,6)))); -4537.47 -1.50828 25.9458 13.4519 -4551.47
(1,2,(3,(4,(5,6)))); -4533.91 -1.50828 29.8119 13.6721 -4551.56
(1,(2,3),((4,6),5)); -4547.07 -1.89292 25.9072 13.9182 -4560.95
(1,2,(3,(4,(5,6)))); -4538.55 -1.50828 24.7417 13.1847 -4551.62
(1,(2,3),((4,6),5)); -4543.71 -1.89292 28.6961 13.4949 -4560.81
(1,(2,3),((4,5),6)); -4548.73 -4.79287 29.7772 13.6036 -4569.7
(1,(2,3),(4,(5,6))); -4536 -1.6206 31.3108 13.4326 -4555.5
(1,(2,3),(4,(5,6))); -4535.56 -1.6206 31.8593 13.6185 -4555.42
(1,(2,3),(4,(5,6))); -4538.98 -1.6206 28.6621 13.6709 -4555.59
(1,2,(3,((4,6),5))); -4533.15 -1.7806 31.0016 13.4295 -4552.5
(1,(2,3),((4,6),5)); -4547.47 -1.89292 25.1174 13.417 -4561.07
(1,(2,(4,(5,6))),3); -4545.49 -2.02396 21.6966 13.111 -4556.1
(1,2,(3,((4,6),5))); -4532.85 -1.7806 30.7361 13.5639 -4551.81
(1,(2,3),(4,(5,6))); -4536.31 -1.6206 31.4364 13.9596 -4555.4
(1,(2,3),(4,(5,6))); -4538.93 -1.6206 28.9371 13.767 -4555.72
(1,2,(3,((4,5),6))); -4541.24 -4.68055 29.2698 12.998 -4562.2
(1,(2,((4,6),5)),3); -4539.37 -2.29628 31.1493 13.5224 -4559.29
(1,(2,3),((4,6),5)); -4545.01 -1.89292 27.8927 14.0793 -4560.72
(1,2,(3,(4,(5,6)))); -4536.42 -1.50828 27.048 13.4359 -4551.54
(1,2,(3,(4,(5,6)))); -4533.89 -1.50828 30.225 13.5647 -4552.06
(1,(2,((4,6),5)),3); -4538.98 -2.29628 31.5402 13.6882 -4559.13
(1,(2,((4,5),6)),3); -4546.31 -5.19623 31.9176 13.2902 -4570.14
(1,2,(3,(4,(5,6)))); -4531.78 -1.50828 32.4672 13.9031 -4551.85
(1,(2,3),(4,(5,6))); -4538.12 -1.6206 29.331 13.4951 -4555.58
(1,2,(3,((4,6),5))); -4533.1 -1.7806 30.3521 13.4136 -4551.82
(1,2,(3,(4,(5,6)))); -4533.04 -1.50828 30.8472 13.7177 -4551.68
(1,(2,(4,(5,6))),3); -4535.53 -2.02396 32.4865 13.8015 -4556.24
(1,(2,3),((4,6),5)); -4544.38 -1.89292 28.0179 13.604 -4560.69
(1,(2,(4,(5,6))),3); -4547.21 -2.02396 20.0862 13.7633 -4555.55
(1,(2,3),((4,6),5)); -4543.05 -1.89292 28.9972 13.5147 -4560.42
(1,2,(3,(4,(5,6)))); -4531.93 -1.50828 31.7489 13.51 -4551.68
(1,2,(3,(4,(5,6)))); -4533.8 -1.50828 29.9353 13.5165 -4551.72
(1,(2,(4,(5,6))),3); -4540.11 -2.02396 26.6225 13.2521 -4555.5
(1,(2,3),(4,(5,6))); -4540.91 -1.6206 26.1115 13.4149 -4555.22
(1,(2,3),(4,(5,6))); -4540.11 -1.6206 27.4379 13.696 -4555.47
(1,(2,3),(4,(5,6))); -4538.53 -1.6206 27.8039 12.9409 -4555.01
(1,2,(3,(4,(5,6)))); -4532.28 -1.50828 31.9731 13.8689 -4551.89
(1,2,(3,(4,(5,6)))); -4536.08 -1.50828 27.0891 13.2718 -4551.4
(1,2,(3,((4,6),5))); -4532.37 -1.7806 31.4203 13.4561 -4552.11
(1,2,(3,(4,(5,6)))); -4534.16 -1.50828 29.027 13.3664 -4551.33
(1,(2,3),(4,(5,6))); -4536.28 -1.6206 31.3845 13.7821 -4555.5
(1,(2,3),(4,(5,6))); -4536.4 -1.6206 31.0714 13.7748 -4555.32
(1,2,(3,(4,(5,6)))); -4537.33 -1.50828 26.2539 12.9911 -4552.11
(1,2,(3,((4,6),5))); -4533.66 -1.7806 30.8184 13.6395 -4552.62
(1,2,(3,(4,(5,6)))); -4534.32 -1.50828 28.4735 13.3013 -4551
(1,(2,3),(4,(5,6))); -4535.31 -1.6206 31.7691 13.4652 -4555.24
(1,2,(3,(4,(5,6)))); -4533.68 -1.50828 29.0044 13.084 -4551.11
(1,2,(3,(4,(5,6)))); -4533.53 -1.50828 30.4602 13.5971 -4551.9
(1,(2,(4,(5,6))),3); -4537.07 -2.02396 29.4914 13.0652 -4555.52
(1,(2,3),(4,(5,6))); -4540.5 -1.6206 26.7211 13.8459 -4555
(1,(2,(4,(5,6))),3); -4537.81 -2.02396 29.1399 13.1126 -4555.86
(1,(2,(4,(5,6))),3); -4540.06 -2.02396 27.2003 13.418 -4555.87
(1,(2,3),(4,(5,6))); -4538.29 -1.6206 28.4456 13.4862 -4554.87
(1,(2,3),(4,(5,6))); -4537.51 -1.6206 30.5031 14.1631 -4555.47
(1,(2,(4,(5,6))),3); -4537.31 -2.02396 30.0221 13.7702 -4555.58
(1,(2,3),((4,6),5)); -4540.1 -1.89292 32.7104 13.582 -4561.12
(1,2,(3,(4,(5,6)))); -4532.91 -1.50828 30.9485 13.8357 -4551.53
(1,(2,((4,6),5)),3); -4541.23 -2.29628 28.8241 13.6658 -4558.68
(1,2,(3,(4,(5,6)))); -4535.1 -1.50828 29.0283 13.9687 -4551.67
(1,2,(3,(4,(5,6)))); -4530.68 -1.50828 33.0729 13.6044 -4551.66
(1,(2,(4,(5,6))),3); -4539.4 -2.02396 28.0555 13.2555 -4556.22
(1,(2,(4,(5,6))),3); -4534.98 -2.02396 32.7322 13.7318 -4556.01
(1,(2,3),(4,(5,6))); -4538.76 -1.6206 27.7576 13.3897 -4554.75
(1,2,(3,((4,6),5))); -4533.88 -1.7806 30.2043 13.6064 -4552.26
(1,(2,3),(4,(5,6))); -4537.02 -1.6206 30.6294 13.8822 -4555.38
(1,(2,3),(4,(5,6))); -4536.8 -1.6206 30.1129 13.558 -4554.98
(1,(2,3),((4,6),5)); -4540.22 -1.89292 32.1325 13.5403 -4560.7
(1,(2,(4,(5,6))),3); -4535.37 -2.02396 31.4669 13.3109 -4555.55
(1,(2,3),((4,6),5)); -4542.31 -1.89292 29.8379 13.377 -4560.66
(1,2,(3,(4,(5,6)))); -4533.4 -1.50828 30.5038 13.3928 -4552.02
(1,(2,3),((4,6),5)); -4541.08 -1.89292 31.0653 13.3451 -4560.69
(1,2,(3,((4,6),5))); -4539.31 -1.7806 24.1319 13.5317 -4551.69
(1,2,(3,(4,(5,6)))); -4534.19 -1.50828 29.352 13.6863 -4551.37
(1,2,(3,(4,(5,6)))); -4534.36 -1.50828 29.4594 13.7759 -4551.55
(1,(2,3),((4,6),5)); -4541.28 -1.89292 31.3867 13.6557 -4560.9
(1,2,(3,((4,6),5))); -4534.06 -1.7806 30.0499 13.5887 -4552.3
(1,(2,((4,6),5)),3); -4540.53 -2.29628 30.0969 13.4798 -4559.45
(1,2,(3,(4,(5,6)))); -4535.24 -1.50828 28.0546 13.6773 -4551.13
(1,2,(3,(4,(5,6)))); -4533.79 -1.50828 30.4813 13.8307 -4551.94
(1,(2,3),(4,(5,6))); -4536.03 -1.6206 31.4334 13.5905 -4555.49
(1,2,(3,((4,6),5))); -4537.05 -1.7806 27.4199 13.9296 -4552.33
(1,(2,3),((4,6),5)); -4542.36 -1.89292 29.6417 13.3576 -4560.53
(1,2,(3,((4,6),5))); -4536.05 -1.7806 28.2779 14.0162 -4552.1
(1,2,(3,(4,(5,6)))); -4535.58 -1.50828 27.9034 13.0949 -4551.9
(1,2,(3,(4,(5,6)))); -4533.88 -1.50828 30.3654 13.5077 -4552.25
(1,(2,3),(4,(5,6))); -4537.89 -1.6206 29.1307 13.5475 -4555.1
(1,(2,((4,5),6)),3); -4547.8 -5.19623 31.001 13.5415 -4570.46
(1,(2,3),((4,6),5)); -4541.51 -1.89292 30.8599 13.919 -4560.35
(1,(2,(4,(5,6))),3); -4537.29 -2.02396 30.0719 13.6691 -4555.72
(1,2,(3,(4,(5,6)))); -4535.6 -1.50828 28.6596 13.984 -4551.79
(1,2,(3,((4,6),5))); -4534.93 -1.7806 28.5789 13.5637 -4551.73
(1,2,(3,(4,(5,6)))); -4535.17 -1.50828 29.0552 14.0354 -4551.69
(1,(2,(4,(5,6))),3); -4541.17 -2.02396 26.0761 13.5615 -4555.71
(1,2,(3,(4,(5,6)))); -4532.96 -1.50828 31.0548 13.6425 -4551.88
(1,2,(3,((4,6),5))); -4537.01 -1.7806 26.4159 13.6032 -4551.6
(1,(2,3),(4,(5,6))); -4538.31 -1.6206 29.3389 14.0091 -4555.26
(1,(2,((4,6),5)),3); -4538.39 -2.29628 31.3642 13.4078 -4558.64
(1,2,(3,((4,6),5))); -4534.83 -1.7806 28.8099 13.4059 -4552.01
(1,2,(3,((4,5),6))); -4539.92 -4.68055 29.3906 13.2624 -4560.73
(1,(2,(4,(5,6))),3); -4540.21 -2.02396 27.4312 13.4922 -4556.17
(1,(2,3),(4,(5,6))); -4538.86 -1.6206 28.2716 13.6734 -4555.08
(1,(2,3),(4,(5,6))); -4536.1 -1.6206 30.9116 13.4162 -4555.21
(1,(2,3),(4,(5,6))); -4538.3 -1.6206 28.2589 13.4527 -4554.73
(1,2,(3,((4,6),5))); -4532.94 -1.7806 30.9699 13.4969 -4552.19
(1,2,(3,((4,6),5))); -4535.76 -1.7806 29.1793 14.2861 -4552.43
(1,(2,(4,(5,6))),3); -4538.39 -2.02396 29.2906 13.5165 -4556.19
(1,(2,((4,6),5)),3); -4545.36 -2.29628 24.4027 13.6848 -4558.38
(1,(2,3),(4,(5,6))); -4535.55 -1.6206 31.9622 13.8915 -4555.24
(1,2,(3,(4,(5,6)))); -4533.7 -1.50828 30.1094 13.5907 -4551.73
(1,2,(3,(4,(5,6)))); -4532.3 -1.50828 31.8207 13.5966 -4552.03
(1,2,(3,(4,(5,6)))); -4535.13 -1.50828 28.6884 13.6968 -4551.63
(1,(2,(4,(5,6))),3); -4535.79 -2.02396 31.8589 13.5643 -4556.1
(1,(2,((4,6),5)),3); -4539.03 -2.29628 30.4031 13.0796 -4558.65
(1,2,(3,((4,6),5))); -4531.53 -1.7806 32.6285 13.6728 -4552.27
(1,2,(3,(4,(5,6)))); -4533.59 -1.50828 30.4132 13.3582 -4552.16
(1,(2,3),((4,6),5)); -4542.6 -1.89292 29.1749 13.3118 -4560.35
(1,(2,3),(4,(5,6))); -4537.99 -1.6206 29.8361 13.7639 -4555.68
(1,(2,3),(4,(5,6))); -4544.06 -1.6206 22.4185 12.903 -4555.19
(1,(2,3),((4,6),5)); -4542.06 -1.89292 30.0077 12.9433 -4561.02
(1,(2,3),(4,(5,6))); -4537.54 -1.6206 29.9285 13.7461 -4555.34
(1,2,(3,(4,(5,6)))); -4534.91 -1.50828 29.0875 13.9455 -4551.56
(1,(2,((4,5),6)),3); -4546.98 -5.19623 29.9841 13.3648 -4568.79
(1,(2,(4,(5,6))),3); -4537.08 -2.02396 29.9711 13.254 -4555.82
(1,(2,3),(4,(5,6))); -4534.48 -1.6206 32.5573 13.5501 -4555.11
(1,(2,3),((4,5),6)); -4548.03 -4.79287 29.9388 13.5153 -4569.25
(1,(2,3),((4,5),6)); -4549.1 -4.79287 29.1948 12.8092 -4570.28
(1,2,(3,(4,(5,6)))); -4533.19 -1.50828 30.6484 13.7394 -4551.6
(1,2,(3,((4,6),5))); -4533.83 -1.7806 30.0523 13.6882 -4551.98
(1,2,(3,((4,6),5))); -4533.92 -1.7806 29.3306 13.3583 -4551.68
(1,2,(3,((4,6),5))); -4538.14 -1.7806 25.9106 13.6399 -4552.19
(1,2,(3,(4,(5,6)))); -4537.46 -1.50828 26.2626 13.9017 -4551.33
(1,2,(3,(4,(5,6)))); -4534 -1.50828 29.872 13.3748 -4552.01
(1,(2,3),(4,(5,6))); -4535.27 -1.6206 32.3106 13.6371 -4555.56
(1,2,(3,(4,(5,6)))); -4534.28 -1.50828 29.9349 13.6857 -4552.03
(1,2,(3,(4,(5,6)))); -4533.54 -1.50828 30.463 13.5393 -4551.97
(1,2,(3,(4,(5,6)))); -4536.35 -1.50828 27.569 13.7587 -4551.67
(1,(2,(4,(5,6))),3); -4537.78 -2.02396 30.0997 13.7031 -4556.2
(1,(2,3),((4,6),5)); -4542.44 -1.89292 29.475 13.2841 -4560.53
(1,2,(3,(4,(5,6)))); -4531.4 -1.50828 32.5416 13.6549 -4551.79
(1,(2,((4,6),5)),3); -4543.67 -2.29628 25.6462 12.9856 -4558.62
(1,(2,((4,6),5)),3); -4540.76 -2.29628 29.9988 13.9978 -4559.06
(1,(2,3),(4,(5,6))); -4540.85 -1.6206 27.007 13.6817 -4555.8
(1,(2,((4,6),5)),3); -4543.12 -2.29628 27.0089 13.7952 -4558.63
(1,(2,3),((4,6),5)); -4545.02 -1.89292 27.1161 13.3357 -4560.69
(1,2,(3,(4,(5,6)))); -4534.29 -1.50828 29.8916 13.9332 -4551.76
(1,2,(3,(4,(5,6)))); -4534.54 -1.50828 29.1771 13.709 -4551.52
(1,2,(3,(4,(5,6)))); -4536.8 -1.50828 26.425 13.3953 -4551.34
(1,2,(3,((4,6),5))); -4534.48 -1.7806 29.0363 13.4696 -4551.82
(1,(2,(4,(5,6))),3); -4536.92 -2.02396 30.8672 13.9473 -4555.87
(1,(2,3),(4,(5,6))); -4539.89 -1.6206 26.9574 13.5246 -4554.94
(1,(2,3),((4,6),5)); -4542.89 -1.89292 29.953 13.6257 -4561.11
(1,2,(3,((4,6),5))); -4536.93 -1.7806 27.3684 13.5475 -4552.54
(1,2,(3,((4,5),6))); -4538.14 -4.68055 32.1659 13.4819 -4561.5
(1,2,(3,((4,6),5))); -4531.83 -1.7806 32.3133 13.7451 -4552.18
(1,2,(3,((4,6),5))); -4534.55 -1.7806 29.2074 13.423 -4552.12
(1,2,(3,(4,(5,6)))); -4534.48 -1.50828 29.0406 13.1632 -4551.87
(1,2,(3,((4,6),5))); -4536.73 -1.7806 26.2299 13.1075 -4551.63
(1,2,(3,((4,6),5))); -4532.42 -1.7806 31.3941 13.642 -4551.95
(1,(2,3),(4,(5,6))); -4536.96 -1.6206 30.6716 13.8425 -4555.41
(1,(2,3),(4,(5,6))); -4535.56 -1.6206 31.4279 13.4031 -4555.21
(1,(2,(4,(5,6))),3); -4538.53 -2.02396 28.8325 13.2765 -4556.11
(1,2,(3,(4,(5,6)))); -4532.9 -1.50828 30.7616 13.671 -4551.5
(1,2,(3,(4,(5,6)))); -4535.32 -1.50828 28.948 14.0022 -4551.77
(1,(2,((4,6),5)),3); -4543.09 -2.29628 27.297 13.6719 -4559.01
(1,2,(3,(4,(5,6)))); -4533.33 -1.50828 30.1615 13.53 -4551.47
(1,(2,3),(4,(5,6))); -4540.7 -1.6206 25.855 13.6809 -4554.5
(1,(2,3),((4,6),5)); -4541.84 -1.89292 31.2416 13.9037 -4561.07
(1,2,(3,((4,6),5))); -4534.52 -1.7806 29.3441 13.4746 -4552.17
(1,(2,3),(4,(5,6))); -4541.27 -1.6206 25.5185 13.1222 -4555.29
(1,2,(3,((4,6),5))); -4535.78 -1.7806 27.2247 13.0491 -4551.73
(1,(2,3),(4,(5,6))); -4536.1 -1.6206 31.499 13.7254 -4555.49
(1,(2,((4,6),5)),3); -4543.93 -2.29628 25.6174 13.0681 -4558.77
(1,(2,3),((4,6),5)); -4543.68 -1.89292 27.9255 13.2192 -4560.28
(1,2,(3,((4,6),5))); -4535.43 -1.7806 28.5594 13.6531 -4552.12
(1,(2,((4,6),5)),3); -4541.52 -2.29628 28.8135 13.3177 -4559.31
(1,(2,(4,(5,6))),3); -4539.23 -2.02396 27.7345 13.5353 -4555.45
(1,(2,(4,(5,6))),3); -4536.12 -2.02396 30.6526 13.1658 -4555.63
(1,2,(3,((4,6),5))); -4532.2 -1.7806 31.3188 13.2673 -4552.03
(1,(2,(4,(5,6))),3); -4540.5 -2.02396 26.9245 13.7702 -4555.68
(1,2,(3,(4,(5,6)))); -4535.25 -1.50828 28.8538 13.4961 -4552.12
(1,(2,3),(4,(5,6))); -4536.14 -1.6206 30.6713 13.5771 -4554.85
(1,(2,3),(4,(5,6))); -4536.87 -1.6206 30.0825 13.3192 -4555.25
(1,2,(3,((4,6),5))); -4534.19 -1.7806 29.6016 13.2667 -4552.31
(1,2,(3,(4,(5,6)))); -4533.46 -1.50828 30.2812 13.8672 -4551.38
(1,2,(3,(4,(5,6)))); -4531.26 -1.50828 32.2427 13.5261 -4551.48
(1,(2,3),((4,5),6)); -4549.32 -4.79287 27.6758 13.2048 -4568.59
(1,2,(3,(4,(5,6)))); -4537.28 -1.50828 26.9189 13.7884 -4551.92
(1,(2,(4,(5,6))),3); -4537.77 -2.02396 29.243 13.2599 -4555.78
(1,(2,3),((4,5),6)); -4545.54 -4.79287 33.0339 13.5354 -4569.83
(1,(2,((4,6),5)),3); -4538.87 -2.29628 31.6563 13.6634 -4559.16
(1,(2,3),(4,(5,6))); -4537.4 -1.6206 29.0667 13.1115 -4554.97
(1,2,(3,(4,(5,6)))); -4531.64 -1.50828 31.7408 13.4536 -4551.43
(1,2,(3,(4,(5,6)))); -4539.72 -1.50828 24.0676 13.7409 -4551.56
(1,2,(3,(4,(5,6)))); -4533.85 -1.50828 29.8663 13.5865 -4551.63
(1,2,(3,((4,6),5))); -4535.12 -1.7806 29.2846 13.7474 -4552.44
(1,(2,3),((4,6),5)); -4542.88 -1.89292 29.4667 13.147 -4561.09
(1,(2,3),(4,(5,6))); -4542.39 -1.6206 23.9585 13.1898 -4554.78
(1,2,(3,((4,6),5))); -4536.33 -1.7806 28.1564 14.0127 -4552.26
(1,(2,(4,(5,6))),3); -4539.88 -2.02396 27.3877 13.4272 -4555.86
(1,(2,3),(4,(5,6))); -4534.99 -1.6206 32.4899 13.7027 -4555.4
(1,2,(3,((4,6),5))); -4537.08 -1.7806 26.7125 13.5872 -4551.98
(1,2,(3,(4,(5,6)))); -4538.07 -1.50828 25.8272 13.35 -4552.05
(1,(2,3),((4,6),5)); -4548.88 -1.89292 23.1709 13.5923 -4560.36
(1,(2,3),((4,6),5)); -4540.92 -1.89292 31.7601 13.5234 -4561.05
(1,(2,3),(4,(5,6))); -4537.7 -1.6206 29.0644 13.3942 -4554.99
(1,2,(3,(4,(5,6)))); -4536.73 -1.50828 27.2876 14.1309 -4551.4
(1,2,(3,((4,6),5))); -4534.13 -1.7806 29.9163 13.5853 -4552.24
(1,2,(3,(4,(5,6)))); -4532.8 -1.50828 30.9106 13.7241 -4551.5
(1,2,(3,(4,(5,6)))); -4536.37 -1.50828 28.0317 13.7609 -4552.15
(1,(2,(4,(5,6))),3); -4539.04 -2.02396 29.1612 13.9794 -4556.25
(1,2,(3,((4,6),5))); -4532 -1.7806 32.0528 13.7721 -4552.06
(1,(2,3),(4,(5,6))); -4540.26 -1.6206 27.0607 13.5773 -4555.36
(1,(2,3),((4,6),5)); -4544.95 -1.89292 26.7647 13.2643 -4560.35
(1,(2,(4,(5,6))),3); -4539.19 -2.02396 28.2158 13.7073 -4555.73
(1,2,(3,((4,6),5))); -4533.81 -1.7806 30.1492 13.68 -4552.06
(1,2,(3,((4,6),5))); -4535.6 -1.7806 27.621 12.936 -4552.07
(1,(2,(4,(5,6))),3); -4543.17 -2.02396 23.284 13.1273 -4555.35
(1,2,(3,((4,6),5))); -4531.27 -1.7806 33.2374 13.812 -4552.47
(1,(2,3),(4,(5,6))); -4536 -1.6206 31.629 13.852 -4555.4
(1,(2,((4,6),5)),3); -4541.13 -2.29628 28.0217 13.2267 -4558.22
(1,2,(3,(4,(5,6)))); -4536.92 -1.50828 27.69 13.9837 -4552.14
(1,2,(3,(4,(5,6)))); -4531.69 -1.50828 32.1985 13.4638 -4551.93
(1,2,(3,(4,(5,6)))); -4532.62 -1.50828 31.4371 13.6476 -4551.92
(1,2,(3,((4,6),5))); -4537.27 -1.7806 27.1646 14.0801 -4552.14
(1,(2,3),((4,6),5)); -4541.91 -1.89292 30.4032 13.5131 -4560.69
(1,2,(3,((4,6),5))); -4534.81 -1.7806 29.6863 13.6478 -4552.63
(1,(2,((4,5),6)),3); -4549.5 -5.19623 29.5461 13.3512 -4570.89
(1,(2,(4,(5,6))),3); -4535.88 -2.02396 31.3811 13.3457 -4555.94
(1,(2,3),((4,6),5)); -4544.47 -1.89292 27.9852 13.723 -4560.62
(1,2,(3,(4,(5,6)))); -4537.2 -1.50828 26.3683 13.7267 -4551.35
(1,(2,(4,(5,6))),3); -4537.71 -2.02396 29.6216 13.4379 -4555.92
(1,(2,3),((4,6),5)); -4544.9 -1.89292 27.3735 13.287 -4560.88
(1,(2,((4,6),5)),3); -4542.61 -2.29628 27.2592 13.2853 -4558.88
(1,2,(3,(4,(5,6)))); -4531.83 -1.50828 31.8186 13.6192 -4551.53
(1,2,(3,((4,6),5))); -4532.28 -1.7806 31.4315 13.3892 -4552.1
(1,2,(3,((4,6),5))); -4534.02 -1.7806 30.2992 13.7777 -4552.33
(1,(2,3),(4,(5,6))); -4535.02 -1.6206 31.6983 13.4099 -4554.93
(1,2,(3,((4,6),5))); -4536.28 -1.7806 27.5044 13.3704 -4552.19
(1,(2,3),((4,6),5)); -4541.08 -1.89292 31.1129 13.5794 -4560.5
(1,2,(3,(4,(5,6)))); -4532.57 -1.50828 31.2277 13.5989 -4551.71
(1,(2,((4,6),5)),3); -4539.2 -2.29628 31.4006 13.6592 -4559.23
(1,(2,3),(4,(5,6))); -4538.95 -1.6206 28.1828 13.6532 -4555.1
(1,2,(3,(4,(5,6)))); -4540.26 -1.50828 24.0447 13.9336 -4551.88
(1,(2,3),((4,6),5)); -4540.71 -1.89292 31.1597 13.4779 -4560.28
(1,(2,(4,(5,6))),3); -4542.01 -2.02396 25.31 13.4004 -4555.95
(1,(2,3),((4,6),5)); -4541.87 -1.89292 30.216 13.6026 -4560.38
(1,((2,5),(4,6)),3); -4583.39 -6.50229 29.2193 13.1473 -4605.97
(1,2,(3,((4,6),5))); -4538.48 -1.7806 26.5166 14.3774 -4552.39
(1,(2,3),((4,6),5)); -4546.35 -1.89292 25.2571 12.9881 -4560.51
(1,(2,((4,5),6)),3); -4547.84 -5.19623 30.4979 13.5946 -4569.94
(1,(2,((4,6),5)),3); -4540.83 -2.29628 29.4891 13.3282 -4559.29
(1,(2,(4,(5,6))),3); -4539.44 -2.02396 27.584 13.4226 -4555.63
(1,2,(3,(4,(5,6)))); -4535.24 -1.50828 28.2799 13.7334 -4551.29
(1,(2,3),((4,5),6)); -4548.67 -4.79287 30.1943 13.6778 -4569.98
(1,(2,3),(4,(5,6))); -4537.45 -1.6206 30.3863 14.0551 -4555.4
(1,(2,3),(4,(5,6))); -4542.03 -1.6206 25.2118 13.1276 -4555.73
(1,(2,3),(4,(5,6))); -4537.47 -1.6206 29.4769 13.3827 -4555.18
(1,2,(3,(4,(5,6)))); -4534.67 -1.50828 28.9589 13.4335 -4551.7
(1,(2,3),((4,6),5)); -4543.64 -1.89292 28.5946 13.4399 -4560.69
(1,2,(3,((4,6),5))); -4535.19 -1.7806 28.661 13.353 -4552.28
(1,2,(3,(4,(5,6)))); -4534.41 -1.50828 29.3039 13.9058 -4551.32
(1,(2,((4,6),5)),3); -4538.76 -2.29628 31.8592 13.6828 -4559.23
(1,(2,3),((4,6),5)); -4543.53 -1.89292 28.7603 13.7025 -4560.48
(1,(2,(4,(5,6))),3); -4539.66 -2.02396 27.654 13.5126 -4555.83
(1,2,(3,(4,(5,6)))); -4533.75 -1.50828 30.8137 14.0482 -4552.02
(1,2,(3,(4,(5,6)))); -4535.25 -1.50828 28.6728 13.511 -4551.92
(1,(2,(4,(5,6))),3); -4536.8 -2.02396 31.0629 13.8604 -4556.03
(1,(2,((4,6),5)),3); -4543.82 -2.29628 25.8408 13.4121 -4558.55
(1,(2,3),((4,6),5)); -4544.95 -1.89292 26.6811 13.1115 -4560.41
(1,2,(3,((4,6),5))); -4534.6 -1.7806 29.4895 13.8557 -4552.02
(1,(2,3),((4,6),5)); -4540.55 -1.89292 31.3354 13.2272 -4560.55
(1,2,(3,(4,(5,6)))); -4538.36 -1.50828 25.6999 13.9224 -4551.64
(1,(2,3),((4,6),5)); -4541.15 -1.89292 31.0981 13.3968 -4560.74
(1,2,(3,(4,(5,6)))); -4534.97 -1.50828 29.2853 13.8989 -4551.87
(1,(2,3),((4,6),5)); -4540.44 -1.89292 32.1854 13.6296 -4560.89
(1,2,(3,(4,(5,6)))); -4533.46 -1.50828 30.2674 13.2868 -4551.94
(1,2,(3,((4,5),6))); -4538.71 -4.68055 31.687 13.8081 -4561.27
(1,(2,3),((4,6),5)); -4542.42 -1.89292 29.7273 13.2569 -4560.78
(1,(2,3),(4,(5,6))); -4536.89 -1.6206 30.6155 13.8014 -4555.32
(1,(2,3),((4,6),5)); -4541.71 -1.89292 30.0312 13.1469 -4560.49
(1,2,(3,(4,(5,6)))); -4533.24 -1.50828 31.277 13.7713 -4552.25
(1,2,(3,(4,(5,6)))); -4541.05 -1.50828 22.5908 13.7685 -4551.38
(1,(2,(4,(5,6))),3); -4536.35 -2.02396 31.0541 13.2266 -4556.2
(1,2,(3,(4,(5,6)))); -4537.84 -1.50828 26.6466 14.2934 -4551.7
(1,(2,3),((4,6),5)); -4540.39 -1.89292 31.4244 13.2378 -4560.47
(1,(2,3),((4,6),5)); -4542.76 -1.89292 29.4585 13.7076 -4560.4
(1,2,(3,(4,(5,6)))); -4535.43 -1.50828 28.1099 13.5861 -4551.47
(1,2,(3,(4,(5,6)))); -4538.69 -1.50828 24.8368 13.1232 -4551.91
(1,(2,(4,(5,6))),3); -4538.29 -2.02396 29.3038 13.5169 -4556.1
(1,(2,3),(4,(5,6))); -4540.96 -1.6206 25.9401 13.5064 -4555.01
(1,(2,3),(4,(5,6))); -4540.47 -1.6206 26.7134 13.5547 -4555.25
(1,(2,3),(4,(5,6))); -4538.09 -1.6206 28.3744 13.2653 -4554.82
(1,2,(3,((4,6),5))); -4539.18 -1.7806 24.4209 13.3216 -4552.06
(1,(2,(4,(5,6))),3); -4535.81 -2.02396 31.3498 13.5259 -4555.66
(1,(2,3),(4,(5,6))); -4536.97 -1.6206 29.5538 13.2618 -4554.88
(1,2,(3,((4,6),5))); -4534.23 -1.7806 29.9654 13.5359 -4552.44
(1,(2,3),(4,(5,6))); -4537.93 -1.6206 29.725 13.9018 -4555.37
(1,2,(3,(4,(5,6)))); -4532.78 -1.50828 30.6975 13.3724 -4551.62
(1,(2,3),(4,(5,6))); -4538.01 -1.6206 29.1362 13.5732 -4555.2
(1,(2,3),((4,5),6)); -4554.08 -4.79287 23.5881 13.0842 -4569.37
(1,2,(3,((4,6),5))); -4537.16 -1.7806 27.0414 13.6415 -4552.34
(1,(2,3),((4,5),6)); -4547.19 -4.79287 29.5372 13.1546 -4568.37
(1,2,(3,(4,(5,6)))); -4539.92 -1.50828 24.1835 14.011 -4551.6
(1,2,(3,(4,(5,6)))); -4536.22 -1.50828 28.3388 14.0132 -4552.05
(1,(2,3),((4,6),5)); -4543.07 -1.89292 29.3635 13.2339 -4561.09
(1,2,(3,(4,(5,6)))); -4532.22 -1.50828 31.1844 13.4279 -4551.49
(1,(2,(4,(5,6))),3); -4536.83 -2.02396 30.8821 13.7015 -4556.04
(1,2,(3,(4,(5,6)))); -4536.35 -1.50828 27.6408 13.8524 -4551.65
(1,(2,(4,(5,6))),3); -4539.75 -2.02396 26.6248 12.9727 -4555.43
(1,2,(3,(4,(5,6)))); -4533.51 -1.50828 30.4829 13.8605 -4551.64
(1,2,(3,(4,(5,6)))); -4536.41 -1.50828 26.5457 12.895 -4551.57
(1,2,(3,((4,6),5))); -4531.45 -1.7806 32.575 13.7798 -4552.02
(1,2,(3,(4,(5,6)))); -4533.06 -1.50828 31.0992 13.7145 -4551.95
(1,2,(3,((4,6),5))); -4533.77 -1.7806 30.42 13.598 -4552.37
(1,2,(3,((4,6),5))); -4536.49 -1.7806 27.7011 13.7742 -4552.19
(1,(2,3),(4,(5,6))); -4543.75 -1.6206 23.5122 13.7195 -4555.16
(1,(2,((4,6),5)),3); -4540.78 -2.29628 29.6457 13.6725 -4559.05
(1,2,(3,(4,(5,6)))); -4531.95 -1.50828 31.4264 13.3541 -4551.53
(1,2,(3,((4,6),5))); -4535.3 -1.7806 28.2971 13.6324 -4551.74
(1,(2,(4,(5,6))),3); -4540.13 -2.02396 27.6143 13.6117 -4556.16
(1,2,(3,(4,(5,6)))); -4534.48 -1.50828 29.4857 13.6225 -4551.85
(1,(2,3),(4,(5,6))); -4537.29 -1.6206 29.7942 13.392 -4555.31
(1,(2,3),(4,(5,6))); -4543.71 -1.6206 22.9889 13.3858 -4554.94
(1,2,(3,(4,(5,6)))); -4535.13 -1.50828 29.3534 13.88 -4552.11
(1,2,(3,(4,(5,6)))); -4532.01 -1.50828 31.1277 13.3776 -4551.27
(1,(2,3),(4,(5,6))); -4536.23 -1.6206 31.1021 13.8419 -4555.11
(1,(2,3),(4,(5,6))); -4536.4 -1.6206 31.0157 13.5596 -4555.47
(1,2,(3,((4,6),5))); -4534.13 -1.7806 30.6477 14.0785 -4552.48
(1,(2,3),(4,(5,6))); -4535.43 -1.6206 32.2941 13.6573 -4555.69
(1,2,(3,((4,6),5))); -4540.81 -1.7806 22.1669 13.037 -4551.72
(1,(2,3),(4,(5,6))); -4534.92 -1.6206 32.1594 13.6663 -4555.03
(1,(2,((4,6),5)),3); -4539.61 -2.29628 30.3997 13.1988 -4559.11
(1,(2,(4,(5,6))),3); -4537.44 -2.02396 29.3816 13.5472 -4555.29
(1,2,(3,((4,5),6))); -4545.12 -4.68055 25.4631 12.7514 -4562.51
(1,(2,3),((4,6),5)); -4540.92 -1.89292 31.4693 13.4727 -4560.81
(1,2,(3,(4,(5,6)))); -4532.78 -1.50828 31.0598 13.3195 -4552.02
(1,2,(3,(4,(5,6)))); -4531.9 -1.50828 31.3363 13.452 -4551.3
(1,2,(3,((4,6),5))); -4535 -1.7806 28.8453 13.2022 -4552.43
(1,2,(3,(4,(5,6)))); -4535.45 -1.50828 28.323 13.53 -4551.75
(1,2,(3,(4,(5,6)))); -4535.39 -1.50828 27.9124 13.26 -4551.55
(1,(2,(4,(5,6))),3); -4542.87 -2.02396 24.851 13.2694 -4556.47
(1,2,(3,(4,(5,6)))); -4535.48 -1.50828 29.2207 14.2555 -4551.96
(1,(2,((4,6),5)),3); -4539.78 -2.29628 30.5151 13.3824 -4559.21
(1,(2,3),((4,6),5)); -4542.44 -1.89292 30.2254 13.809 -4560.74
(1,(2,3),(4,(5,6))); -4541.44 -1.6206 25.9886 13.5601 -4555.49
(1,2,(3,(4,(5,6)))); -4535.01 -1.50828 28.6961 13.4927 -4551.73
(1,(2,3),(4,(5,6))); -4537.19 -1.6206 29.5445 13.0519 -4555.31
(1,(2,3),((4,6),5)); -4544.88 -1.89292 28.2315 13.9971 -4561.01
(1,2,(3,((4,5),6))); -4539.38 -4.68055 31.1229 13.4183 -4561.76
(1,2,(3,(4,(5,6)))); -4534.16 -1.50828 29.2793 13.5232 -4551.43
(1,(2,3),(4,(5,6))); -4538.31 -1.6206 29.3128 13.4554 -4555.79
(1,2,(3,(4,(5,6)))); -4534.12 -1.50828 29.6438 13.6637 -4551.61
(1,(2,3),(4,(5,6))); -4540.03 -1.6206 27.3989 13.6124 -4555.43
(1,(2,3),(4,(5,6))); -4539.16 -1.6206 27.8495 13.3614 -4555.26
(1,(2,(4,(5,6))),3); -4544.02 -2.02396 23.9251 13.9571 -4556.01
(1,2,(3,(4,(5,6)))); -4533.44 -1.50828 30.2523 13.5123 -4551.69
(1,(2,((4,6),5)),3); -4543.57 -2.29628 26.1528 12.8041 -4559.22
(1,2,(3,((4,6),5))); -4531.45 -1.7806 32.9078 13.7928 -4552.34
(1,(2,((4,6),5)),3); -4540.52 -2.29628 29.302 13.1974 -4558.92
(1,(2,3),((4,6),5)); -4544.98 -1.89292 27.0985 13.3999 -4560.57
(1,(2,3),(4,(5,6))); -4535.96 -1.6206 31.2376 13.6609 -4555.16
(1,(2,(4,(5,6))),3); -4537.85 -2.02396 29.7125 13.5266 -4556.06
(1,(2,3),(4,(5,6))); -4538.7 -1.6206 28.5834 13.5342 -4555.37
(1,2,(3,(4,(5,6)))); -4535.69 -1.50828 27.9101 13.2318 -4551.88
(1,(2,3),(4,(5,6))); -4534.25 -1.6206 32.9808 13.5496 -4555.31
(1,2,(3,((4,6),5))); -4533.62 -1.7806 30.5701 13.6139 -4552.36
(1,2,(3,(4,(5,6)))); -4532.53 -1.50828 31.1333 13.7703 -4551.4
(1,2,(3,(4,(5,6)))); -4532.13 -1.50828 31.7224 13.6671 -4551.69
(1,(2,3),(4,(5,6))); -4535.47 -1.6206 32.0073 13.7544 -4555.34
(1,2,(3,((4,6),5))); -4532.49 -1.7806 32.0535 13.9602 -4552.37
(1,(2,(4,(5,6))),3); -4539.27 -2.02396 26.7373 12.8541 -4555.18
(1,2,(3,((4,6),5))); -4532.01 -1.7806 31.5314 13.5129 -4551.81
(1,2,(3,(4,(5,6)))); -4536.73 -1.50828 27.1072 13.4865 -4551.86
(1,2,(3,(4,(5,6)))); -4534.74 -1.50828 29.2126 13.7388 -4551.73
(1,(2,3),(4,(5,6))); -4538.46 -1.6206 28.7895 13.565 -4555.31
(1,(2,((4,6),5)),3); -4539.01 -2.29628 31.4642 13.5459 -4559.23
(1,(2,3),(4,(5,6))); -4540.36 -1.6206 26.7474 13.6613 -4555.06
(1,(2,((4,6),5)),3); -4538.64 -2.29628 31.1672 13.3976 -4558.71
(1,(2,3),((4,6),5)); -4544.79 -1.89292 27.0627 13.1601 -4560.59
(1,2,(3,(4,(5,6)))); -4535.05 -1.50828 28.381 13.2547 -4551.68
(1,2,(3,(4,(5,6)))); -4532.97 -1.50828 31.0097 13.5842 -4551.9
(1,(2,(4,(5,6))),3); -4537.68 -2.02396 29.6999 13.4771 -4555.93
(1,(2,3),(4,(5,6))); -4536.91 -1.6206 30.6729 13.5893 -4555.61
(1,(2,(4,(5,6))),3); -4535.79 -2.02396 31.8406 13.6998 -4555.95
(1,(2,3),((4,6),5)); -4548.35 -1.89292 23.8873 13.8441 -4560.28
(1,(2,3),(4,(5,6))); -4536.13 -1.6206 31.1285 13.5218 -4555.36
(1,2,(3,((4,6),5))); -4533.68 -1.7806 30.3818 13.3973 -4552.44
(1,2,(3,((4,6),5))); -4534.65 -1.7806 29.1003 13.3313 -4552.2
(1,2,(3,(4,(5,6)))); -4533.8 -1.50828 29.8817 13.3278 -4551.87
(1,(2,((4,6),5)),3); -4541.05 -2.29628 29.0205 13.3804 -4558.99
(1,2,(3,((4,5),6))); -4543.35 -4.68055 27.282 13.3179 -4561.99
(1,(2,((4,5),6)),3); -4549.39 -5.19623 28.9022 13.7682 -4569.72
(1,(2,(4,(5,6))),3); -4536.44 -2.02396 30.7865 13.4127 -4555.84
(1,(2,3),((4,6),5)); -4544.97 -1.89292 27.0811 13.2078 -4560.73
(1,(2,3),(4,(5,6))); -4536.7 -1.6206 30.1463 13.2262 -4555.24
(1,2,(3,((4,6),5))); -4536.56 -1.7806 27.2466 13.1103 -4552.47
(1,(2,3),(4,(5,6))); -4538.33 -1.6206 28.9461 13.4574 -4555.44
(1,2,(3,(4,(5,6)))); -4535.99 -1.50828 27.3872 13.4889 -4551.39
(1,2,(3,((4,6),5))); -4538.35 -1.7806 24.7073 13.0411 -4551.8
(1,(2,3),((4,6),5)); -4541.75 -1.89292 30.5386 13.6465 -4560.53
(1,(2,(4,(5,6))),3); -4536.55 -2.02396 30.8808 13.7545 -4555.71
(1,2,(3,(4,(5,6)))); -4538.07 -1.50828 26.1385 13.8865 -4551.83
(1,2,(3,(4,(5,6)))); -4534.89 -1.50828 28.6617 13.4633 -4551.59
(1,(2,((4,6),5)),3); -4541.29 -2.29628 28.7775 13.6973 -4558.66
(1,2,(3,((4,6),5))); -4535.11 -1.7806 28.8659 13.5964 -4552.16
(1,(2,3),((4,6),5)); -4540.85 -1.89292 31.5182 13.5018 -4560.76
(1,2,(3,(4,(5,6)))); -4534.17 -1.50828 29.502 13.5452 -4551.63
(1,(2,3),(4,(5,6))); -4539.58 -1.6206 27.2125 13.3746 -4555.04
(1,2,(3,((4,6),5))); -4532.56 -1.7806 30.9017 13.4806 -4551.76
(1,2,(3,(4,(5,6)))); -4533.53 -1.50828 30.3664 13.6697 -4551.74
(1,2,(3,(4,(5,6)))); -4533.9 -1.50828 30.1097 13.6399 -4551.88
(1,2,(3,((4,6),5))); -4532.12 -1.7806 32.0673 13.6734 -4552.3
(1,(2,3),(4,(5,6))); -4538.07 -1.6206 28.5607 13.0895 -4555.16
(1,2,(3,((4,6),5))); -4532.25 -1.7806 31.9322 13.59 -4552.38
(1,(2,3),(4,(5,6))); -4536.25 -1.6206 30.8213 13.6075 -4555.08
(1,2,(3,((4,6),5))); -4537.2 -1.7806 25.7975 13.0769 -4551.7
(1,2,(3,(4,(5,6)))); -4531.61 -1.50828 32.1021 13.554 -4551.66
(1,2,(3,(4,(5,6)))); -4533.66 -1.50828 29.7759 13.431 -4551.51
(1,(2,3),(4,(5,6))); -4540.1 -1.6206 27.1835 13.4723 -4555.43
(1,2,(3,((4,6),5))); -4534.87 -1.7806 28.7211 13.735 -4551.64
(1,(2,((4,6),5)),3); -4541.79 -2.29628 28.0708 13.4199 -4558.74
(1,2,(3,(4,(5,6)))); -4531.66 -1.50828 32.0499 13.6909 -4551.53
(1,(2,3),((4,6),5)); -4541.47 -1.89292 30.8152 13.5478 -4560.63
(1,(2,(4,(5,6))),3); -4537.63 -2.02396 30.1649 13.633 -4556.19
(1,(2,3),(4,(5,6))); -4538.02 -1.6206 29.0555 13.5907 -4555.11
(1,(2,(4,(5,6))),3); -4536.55 -2.02396 31.2358 13.56 -4556.25
(1,2,(3,((4,6),5))); -4532.72 -1.7806 30.7943 13.4522 -4551.85
(1,2,(3,((4,6),5))); -4532.95 -1.7806 30.6895 13.3524 -4552.07
(1,(2,3),(4,(5,6))); -4537.97 -1.6206 29.6053 13.9339 -4555.27
(1,2,(3,((4,6),5))); -4533.87 -1.7806 29.7316 13.3022 -4552.08
(1,2,(3,((4,6),5))); -4536.45 -1.7806 27.2978 13.2552 -4552.27
