tree logl logTop logProp logPrior logWt
(((1,(2,3)),4),5,6); -4539.9 -1.66481 27.7491 14.0936 -4555.22
(((1,3),2),4,(5,6)); -4536.68 -2.00791 30.8192 13.3748 -4556.13
((1,2),3,(4,(5,6))); -4533.93 -1.52784 29.3113 12.9493 -4551.82
((((1,2),3),4),5,6); -4535.4 -1.52784 28.3851 13.2497 -4552.07
((1,(2,3)),4,(5,6)); -4538.8 -1.66481 29.1958 13.8868 -4555.78
(((1,(2,3)),4),5,6); -4540.69 -1.66481 26.9748 13.5742 -4555.76
((((1,2),3),4),5,6); -4533.73 -1.52784 30.1467 13.6713 -4551.74
((1,3),2,(4,(5,6))); -4535.32 -2.00791 32.3027 13.4928 -4556.14
((1,3),2,((4,6),5)); -4538.45 -2.23662 31.4355 13.3888 -4558.74
((1,(2,3)),(4,6),5); -4543.84 -1.89352 27.8638 12.9954 -4560.6
((((1,2),3),5),4,6); -4532.48 -1.75655 32.1657 13.8278 -4552.57
((1,2),3,(4,(5,6))); -4534.19 -1.52784 29.9304 13.7273 -4551.92
(1,(2,3),((4,6),5)); -4542.42 -1.89352 29.8712 13.477 -4560.7
(1,(2,3),(4,(5,6))); -4536.75 -1.66481 30.6652 13.5232 -4555.56
(((1,(2,3)),4),5,6); -4536.52 -1.66481 30.8566 13.5369 -4555.5
((((1,3),2),4),5,6); -4537.85 -2.00791 29.9789 13.7514 -4556.08
(1,2,(3,(4,(5,6)))); -4536.37 -1.52784 27.9642 13.4721 -4552.39
((((1,2),3),4),5,6); -4532.54 -1.52784 31.7807 13.855 -4551.99
((1,(4,(5,6))),2,3); -4539.83 -1.66481 26.8819 13.1712 -4555.21
((1,((4,6),5)),2,3); -4542.48 -1.89352 30.5396 13.7986 -4561.12
(((1,2),3),4,(5,6)); -4532.3 -1.52784 31.8136 13.6841 -4551.96
(1,(2,3),(4,(5,6))); -4537.8 -1.66481 29.9907 13.5709 -4555.88
((1,(2,3)),4,(5,6)); -4539.02 -1.66481 28.0818 13.22 -4555.55
(1,2,(3,((4,6),5))); -4533.87 -1.75655 30.9245 13.902 -4552.65
(((1,2),3),4,(5,6)); -4533.21 -1.52784 30.6617 13.3466 -4552.05
(1,(2,(4,(5,6))),3); -4535.46 -2.00791 31.5545 13.3248 -4555.7
((1,2),3,(4,(5,6))); -4531.95 -1.52784 32.4239 13.6502 -4552.25
(((1,3),2),4,(5,6)); -4537.07 -2.00791 30.3904 13.4976 -4555.97
(((1,(2,3)),5),4,6); -4541.3 -1.89352 30.7515 13.1176 -4560.83
(((1,(2,3)),4),5,6); -4536.99 -1.66481 30.9657 13.5929 -4556.03
(((1,3),2),(4,6),5); -4539.76 -2.23662 30.9769 13.8896 -4559.08
((((1,2),3),4),5,6); -4534.05 -1.52784 30.0903 13.6351 -4552.04
(1,(2,(4,(5,6))),3); -4537.98 -2.00791 30.1382 13.6759 -4556.45
(((1,(2,3)),4),5,6); -4538.78 -1.66481 28.2061 13.3585 -4555.29
(((1,(2,3)),4),5,6); -4540.44 -1.66481 27.2843 13.8915 -4555.5
(((1,2),3),(4,5),6); -4538.54 -4.65065 31.5917 13.7072 -4561.07
(((1,(2,3)),5),4,6); -4545.63 -1.89352 26.6621 13.3619 -4560.83
(1,(2,3),((4,6),5)); -4543.69 -1.89352 28.3235 13.2554 -4560.65
(((1,3),2),(4,6),5); -4542.71 -2.23662 28.2323 13.742 -4559.43
((1,((4,6),5)),2,3); -4545.02 -1.89352 27.6906 13.1076 -4561.49
((1,((4,6),5)),2,3); -4547.26 -1.89352 24.3753 12.9879 -4560.54
(1,2,(3,(4,(5,6)))); -4533.74 -1.52784 30.4552 13.7256 -4551.99
(((1,(2,3)),5),4,6); -4542.72 -1.89352 30.095 13.4448 -4561.26
((1,((4,6),5)),2,3); -4543.42 -1.89352 29.9062 13.8665 -4561.35
((1,(4,(5,6))),2,3); -4537.74 -1.66481 29.6018 13.4992 -4555.51
((1,(2,3)),4,(5,6)); -4538.37 -1.66481 29.4485 13.4507 -4556.03
((1,(2,3)),4,(5,6)); -4536.82 -1.66481 30.2813 13.5754 -4555.19
((((1,2),3),5),4,6); -4538.28 -1.75655 25.6743 13.803 -4551.91
((1,((4,6),5)),2,3); -4541.07 -1.89352 31.5722 13.6533 -4560.88
(1,(2,3),(4,(5,6))); -4539.71 -1.66481 27.1395 13.6986 -4554.82
(1,(2,3),(4,(5,6))); -4540.72 -1.66481 27.146 14.0115 -4555.52
(1,2,(3,((4,6),5))); -4534.61 -1.75655 29.9322 13.9125 -4552.39
(((1,2),3),4,(5,6)); -4537.57 -1.52784 26.7698 13.9559 -4551.91
((((1,2),3),4),5,6); -4533.39 -1.52784 30.218 13.3699 -4551.76
(((1,2),3),4,(5,6)); -4534.32 -1.52784 29.5618 13.451 -4551.96
(((1,(2,3)),5),4,6); -4543.57 -1.89352 28.7391 13.3641 -4560.84
((((1,2),3),5),4,6); -4541.18 -1.75655 23.1265 13.9373 -4552.13
((1,3),2,(4,(5,6))); -4536.12 -2.00791 31.2174 13.5255 -4555.82
((((1,3),2),5),4,6); -4540.55 -2.23662 30.7522 13.918 -4559.62
(((1,(2,3)),5),4,6); -4545.59 -1.89352 27.4016 13.7251 -4561.16
((1,3),2,(4,(5,6))); -4540.83 -2.00791 27.1324 14.0754 -4555.89
(((1,3),2),4,(5,6)); -4543.8 -2.00791 24.0086 13.512 -4556.3
((((1,3),2),4),5,6); -4536.76 -2.00791 29.9185 13.1922 -4555.5
((((1,2),3),5),4,6); -4537.74 -1.75655 25.9647 13.2805 -4552.18
((((1,2),3),4),5,6); -4541.73 -1.52784 22.1857 13.3212 -4552.12
(1,(2,3),(4,(5,6))); -4537.36 -1.66481 29.6648 13.4171 -4555.27
((1,(4,(5,6))),2,3); -4540.98 -1.66481 26.0907 13.0618 -4555.67
((((1,3),2),4),5,6); -4537.8 -2.00791 29.6696 13.3138 -4556.17
((1,(2,3)),(4,6),5); -4542.79 -1.89352 29.8247 13.6878 -4560.82
((((1,3),2),5),4,6); -4540.04 -2.23662 30.3656 13.6511 -4559
((((1,3),2),5),4,6); -4544.63 -2.23662 25.7266 13.3803 -4559.21
((1,3),2,((4,6),5)); -4542.83 -2.23662 27.6518 13.5543 -4559.16
((1,2),3,((4,6),5)); -4532.48 -1.75655 31.7582 13.686 -4552.31
(1,(2,3),((4,6),5)); -4542.33 -1.89352 28.8899 12.7838 -4560.33
((1,2),3,((4,6),5)); -4535 -1.75655 29.1089 13.3501 -4552.51
((1,2),3,((4,6),5)); -4533.69 -1.75655 30.0013 13.4745 -4551.97
((1,3),2,(4,(5,6))); -4538.85 -2.00791 27.7941 13.1812 -4555.47
((1,3),2,(4,(5,6))); -4538.55 -2.00791 28.6027 13.2605 -4555.9
(((1,3),2),(4,6),5); -4538.58 -2.23662 31.4077 13.3945 -4558.83
(((1,(2,3)),5),4,6); -4544.27 -1.89352 27.7635 13.055 -4560.87
((((1,3),2),4),5,6); -4537.8 -2.00791 30.3544 14.0162 -4556.15
((1,(4,(5,6))),2,3); -4536.8 -1.66481 30.3602 13.7156 -4555.11
((((1,2),3),4),5,6); -4534.48 -1.52784 28.9082 13.3328 -4551.58
(((1,3),2),(4,6),5); -4543.53 -2.23662 27.1588 14.0795 -4558.85
(((1,2),3),(4,6),5); -4534.74 -1.75655 29.7364 13.8456 -4552.39
((1,((4,5),6)),2,3); -4547.9 -4.78762 30.3309 12.9597 -4570.05
(1,(2,((4,6),5)),3); -4543.91 -2.23662 26.217 13.4398 -4558.92
((1,2),3,(4,(5,6))); -4538.06 -1.52784 26.4895 13.9741 -4552.1
((((1,3),2),5),4,6); -4542.3 -2.23662 27.8368 13.1646 -4559.21
((((1,3),2),4),5,6); -4534.89 -2.00791 32.3808 13.5225 -4555.76
(1,(2,3),((4,6),5)); -4542.25 -1.89352 30.6761 13.8388 -4560.98
(((1,2),3),4,(5,6)); -4535.69 -1.52784 27.736 13.072 -4551.88
((1,2),3,((4,6),5)); -4533.11 -1.75655 31.1381 13.7414 -4552.26
((1,(2,3)),4,(5,6)); -4540.57 -1.66481 26.791 13.5744 -4555.45
((1,2),3,((4,6),5)); -4534.43 -1.75655 29.5629 13.4906 -4552.25
(1,2,(3,((4,6),5))); -4534.46 -1.75655 29.7857 13.4308 -4552.58
((1,(2,3)),(4,6),5); -4543.69 -1.89352 28.6443 13.3284 -4560.9
(1,2,(3,(4,(5,6)))); -4531.23 -1.52784 32.5951 13.6099 -4551.74
((1,3),2,((4,5),6)); -4548.91 -5.13072 30.687 13.7393 -4570.99
(1,(2,(4,(5,6))),3); -4539.68 -2.00791 28.3131 13.6466 -4556.35
((((1,3),2),5),4,6); -4539.08 -2.23662 31.0799 13.4816 -4558.91
((1,(2,3)),(4,6),5); -4545.59 -1.89352 26.7438 13.2857 -4560.95
(((1,2),3),4,(5,6)); -4539.08 -1.52784 24.9593 13.3493 -4552.22
(1,2,(3,((4,6),5))); -4532.96 -1.75655 31.2738 13.7457 -4552.24
(((1,3),2),(4,6),5); -4539.64 -2.23662 30.3118 13.4292 -4558.75
(((1,(2,3)),5),4,6); -4542.85 -1.89352 29.766 13.4754 -4561.04
(((1,(2,3)),4),5,6); -4539.58 -1.66481 27.6375 13.422 -4555.46
(((1,(2,3)),4),5,6); -4536.75 -1.66481 31.271 13.8179 -4555.87
(((1,(2,3)),5),4,6); -4540.85 -1.89352 32.2052 13.6258 -4561.32
(1,2,(3,((4,6),5))); -4535.52 -1.75655 28.4941 13.6352 -4552.13
(1,2,(3,(4,(5,6)))); -4535.72 -1.52784 27.4428 13.1327 -4551.56
(1,(2,(4,(5,6))),3); -4536.96 -2.00791 30.161 13.4089 -4555.72
((((1,2),3),4),5,6); -4535.86 -1.52784 27.0299 13.2685 -4551.15
((((1,2),3),4),5,6); -4538.05 -1.52784 24.4061 12.943 -4551.04
(((1,3),2),(4,6),5); -4539.34 -2.23662 31.2241 13.5307 -4559.27
((((1,2),3),4),5,6); -4532.74 -1.52784 31.0428 13.6901 -4551.62
(((1,3),2),4,(5,6)); -4539.1 -2.00791 27.5859 13.3114 -4555.38
(1,(2,3),(4,(5,6))); -4535.7 -1.66481 31.6288 13.476 -4555.52
((1,3),2,(4,(5,6))); -4536.21 -2.00791 31.7384 13.9904 -4555.96
(1,(2,(4,(5,6))),3); -4536.41 -2.00791 30.9905 13.2418 -4556.17
((((1,3),2),5),4,6); -4539.8 -2.23662 30.5225 13.7006 -4558.86
((1,3),2,(4,(5,6))); -4538.22 -2.00791 28.5816 13.1338 -4555.68
(((1,2),3),(4,6),5); -4531.82 -1.75655 32.1413 13.464 -4552.25
(((1,2),3),(4,6),5); -4534.47 -1.75655 29.6315 13.4736 -4552.38
(((1,(2,3)),5),4,6); -4540.81 -1.89352 32.1538 13.8657 -4560.99
((((1,3),2),5),4,6); -4542.98 -2.23662 27.0379 13.0675 -4559.19
(1,2,(3,(4,(5,6)))); -4535.36 -1.52784 28.396 13.3798 -4551.9
(((1,(2,3)),5),4,6); -4546.27 -1.89352 26.5205 13.4373 -4561.25
((((1,3),2),5),4,6); -4542.77 -2.23662 27.4264 13.3606 -4559.07
((1,(2,3)),4,(5,6)); -4536.84 -1.66481 30.4282 13.5493 -4555.38
(((1,3),2),4,(5,6)); -4538.88 -2.00791 28.1912 13.2376 -4555.85
(((1,2),3),4,(5,6)); -4533.68 -1.52784 29.2801 13.0436 -4551.45
((1,3),2,((4,6),5)); -4541.17 -2.23662 30.1266 14.0379 -4559.5
((1,2),3,((4,6),5)); -4534.11 -1.75655 30.0421 13.6672 -4552.24
((1,(4,(5,6))),2,3); -4535.99 -1.66481 31.1138 13.654 -4555.12
(((1,(2,3)),6),4,5); -4552.61 -4.78762 25.2367 13.5306 -4569.1
((1,2),3,(4,(5,6))); -4536.25 -1.52784 28.0357 13.8332 -4551.98
((1,((4,6),5)),2,3); -4545 -1.89352 27.1338 13.1214 -4560.9
(1,(2,3),(4,(5,6))); -4536.89 -1.66481 30.5104 13.5977 -4555.47
(1,2,(3,(4,(5,6)))); -4535.29 -1.52784 28.3456 13.3821 -4551.78
(((1,2),3),4,(5,6)); -4534.59 -1.52784 29.3286 13.5946 -4551.85
((1,((4,5),6)),2,3); -4547.08 -4.78762 31.2015 13.2754 -4569.79
(1,(2,3),(4,(5,6))); -4539.85 -1.66481 28.0988 13.8729 -4555.75
(1,(2,3),((4,6),5)); -4543.96 -1.89352 28.3839 13.239 -4561
(((1,2),3),(4,6),5); -4534.77 -1.75655 29.805 13.6036 -4552.73
(((1,(2,3)),4),5,6); -4539.88 -1.66481 27.8023 13.7329 -4555.62
(1,((2,(5,6)),4),3); -4584.52 -9.21034 32.931 12.6568 -4614
(1,2,(3,(4,(5,6)))); -4534.98 -1.52784 29.041 13.572 -4551.98
(1,(2,(4,(5,6))),3); -4538.58 -2.00791 29.3889 13.4872 -4556.49
(((1,(2,3)),5),4,6); -4546.34 -1.89352 26.2604 13.9499 -4560.55
(((1,2),3),4,(5,6)); -4533.31 -1.52784 30.6767 13.8644 -4551.65
(((1,(2,3)),4),5,6); -4536.57 -1.66481 30.7614 13.7117 -4555.28
((((1,3),2),4),5,6); -4536.31 -2.00791 31.3562 13.8473 -4555.83
((1,(4,(5,6))),2,3); -4539.39 -1.66481 27.4821 13.2662 -4555.27
(((1,2),3),4,(5,6)); -4533.71 -1.52784 30.9957 13.8804 -4552.36
(((1,(2,3)),5),4,6); -4542.03 -1.89352 30.5199 13.6394 -4560.8
(1,(2,3),(4,(5,6))); -4538.55 -1.66481 29.2407 13.6667 -4555.79
(((1,2),3),4,(5,6)); -4534.15 -1.52784 29.5868 13.2682 -4552
(1,2,(3,((4,6),5))); -4533.32 -1.75655 30.3612 13.3565 -4552.08
(((1,(2,3)),5),4,6); -4540.99 -1.89352 31.1185 13.5322 -4560.46
((1,(2,3)),4,(5,6)); -4537.09 -1.66481 30.9345 13.6766 -4556.02
((((1,2),3),4),5,6); -4538.67 -1.52784 24.6374 13.0838 -4551.75
(1,(2,((4,6),5)),3); -4543.56 -2.23662 26.456 13.3463 -4558.91
((1,(2,3)),4,(5,6)); -4537.37 -1.66481 30.1608 13.79 -4555.41
((((1,2),3),4),5,6); -4535.57 -1.52784 29.2385 13.855 -4552.48
(((1,(2,3)),4),5,6); -4544.3 -1.66481 23.1278 13.418 -4555.67
(1,2,(3,((4,6),5))); -4534.17 -1.75655 29.258 13.1126 -4552.07
((1,2),3,(4,(5,6))); -4540.89 -1.52784 22.7193 13.6384 -4551.5
((1,2),3,(4,(5,6))); -4539.13 -1.52784 24.5871 13.3886 -4551.86
((((1,2),3),4),5,6); -4533.85 -1.52784 30.4234 13.6783 -4552.12
((((1,2),3),5),4,6); -4532.33 -1.75655 31.7577 13.5758 -4552.27
((1,2),3,((4,6),5)); -4537.14 -1.75655 27.452 14.0322 -4552.32
((1,2),3,((4,6),5)); -4537.49 -1.75655 26.1755 13.1886 -4552.24
((((1,2),3),5),4,6); -4533.91 -1.75655 29.8416 13.4613 -4552.05
(1,(2,(4,(5,6))),3); -4540.73 -2.00791 27.2558 13.5499 -4556.44
(((1,2),3),4,(5,6)); -4534.7 -1.52784 28.7603 13.2603 -4551.72
((1,2),3,((4,6),5)); -4534.97 -1.75655 29.2435 13.6597 -4552.31
(1,(2,3),(4,(5,6))); -4540.24 -1.66481 26.8558 13.1512 -4555.61
((1,2),3,(4,(5,6))); -4537.17 -1.52784 26.3212 13.2425 -4551.78
((1,(2,3)),4,(5,6)); -4534.98 -1.66481 32.3916 13.6652 -4555.38
((((1,2),3),4),5,6); -4533.89 -1.52784 29.4408 13.5462 -4551.31
((1,3),2,(4,(5,6))); -4535.8 -2.00791 31.7675 13.376 -4556.2
(1,(2,(4,(5,6))),3); -4540.04 -2.00791 28.3455 13.9505 -4556.44
((((1,2),3),4),5,6); -4532.93 -1.52784 31.5357 14.0064 -4551.99
((1,3),2,((4,6),5)); -4540.9 -2.23662 29.5005 13.6389 -4559
(1,2,(3,((4,6),5))); -4531.68 -1.75655 31.9171 13.3898 -4551.96
((1,(4,(5,6))),2,3); -4540.04 -1.66481 27.6181 13.4628 -4555.86
(((1,(2,3)),4),5,6); -4537.36 -1.66481 29.4754 13.368 -4555.13
((1,(4,(5,6))),2,3); -4536.71 -1.66481 30.7715 13.6292 -4555.52
((1,((4,5),6)),2,3); -4546.45 -4.78762 31.4406 13.3762 -4569.3
((1,(2,3)),(4,6),5); -4540.25 -1.89352 31.9935 13.3985 -4560.74
(1,(2,(4,(5,6))),3); -4539.29 -2.00791 28.3955 13.564 -4556.13
(1,(2,(4,(5,6))),3); -4537.36 -2.00791 29.4109 13.0878 -4555.69
(1,(2,((4,6),5)),3); -4539.36 -2.23662 30.7755 13.3693 -4559
((1,3),2,((4,6),5)); -4544.38 -2.23662 25.7107 13.5245 -4558.8
((1,(2,3)),4,(5,6)); -4536.98 -1.66481 30.4936 13.6477 -4555.49
(1,2,(3,((4,6),5))); -4538.08 -1.75655 26.5927 14.1405 -4552.29
((1,((4,6),5)),2,3); -4543.06 -1.89352 29.1429 13.3461 -4560.75
(((1,2),3),4,(5,6)); -4534.73 -1.52784 29.2291 13.6259 -4551.86
(1,2,(3,((4,6),5))); -4531.93 -1.75655 31.9348 13.635 -4551.98
(1,(2,3),((4,5),6)); -4546.16 -4.78762 31.8469 13.4446 -4569.35
(1,(2,3),(4,(5,6))); -4536.97 -1.66481 30.4743 13.3688 -4555.74
((((1,3),2),4),5,6); -4538.59 -2.00791 28.4617 13.3999 -4555.66
((1,3),2,((4,6),5)); -4545.68 -2.23662 25.4289 14.189 -4559.15
(1,(2,((4,6),5)),3); -4539.14 -2.23662 31.2667 13.3828 -4559.26
(1,2,(3,(4,(5,6)))); -4533.5 -1.52784 30.4472 13.661 -4551.82
(1,(2,3),((4,6),5)); -4542.77 -1.89352 30.047 13.4177 -4561.29
(1,(2,((4,6),5)),3); -4540.67 -2.23662 28.9321 13.2941 -4558.55
(1,(2,3),((4,6),5)); -4543.32 -1.89352 29.6842 13.7765 -4561.12
((1,(4,(5,6))),2,3); -4539.26 -1.66481 27.9447 13.6248 -4555.24
(((1,(2,3)),5),4,6); -4545.09 -1.89352 26.6938 13.138 -4560.54
((1,2),3,((4,6),5)); -4531.78 -1.75655 32.5227 13.6544 -4552.4
(((1,2),3),(4,6),5); -4533.11 -1.75655 30.9076 13.3416 -4552.43
(1,(2,(4,(5,6))),3); -4543.94 -2.00791 23.8589 13.682 -4556.13
(((1,(2,3)),5),4,6); -4544.97 -1.89352 27.52 13.3488 -4561.04
((1,2),3,((4,6),5)); -4538.31 -1.75655 26.0713 13.6981 -4552.44
(1,2,(3,((4,6),5))); -4536.08 -1.75655 27.8836 13.3896 -4552.33
((((1,3),2),5),4,6); -4541.23 -2.23662 29.0154 13.6566 -4558.82
(1,(2,((4,6),5)),3); -4541.53 -2.23662 28.1557 13.2449 -4558.68
(1,2,(3,(4,(5,6)))); -4534.68 -1.52784 29.4771 13.8145 -4551.87
((1,2),3,(4,(5,6))); -4538.68 -1.52784 25.5576 13.53 -4552.24
((((1,3),2),5),4,6); -4538.93 -2.23662 31.7769 13.6788 -4559.27
(1,(2,3),((4,6),5)); -4541.85 -1.89352 30.6305 13.6519 -4560.72
((((1,3),2),4),5,6); -4537.7 -2.00791 29.6359 13.0693 -4556.27
((((1,2),3),4),5,6); -4533.14 -1.52784 30.941 13.6199 -4551.99
(((1,3),2),(4,6),5); -4538.86 -2.23662 30.9767 13.3195 -4558.76
(((1,2),3),4,(5,6)); -4533.83 -1.52784 30.3761 13.5202 -4552.21
(((1,(2,3)),5),4,6); -4544.52 -1.89352 27.1986 13.147 -4560.46
(((1,(2,3)),5),4,6); -4541.43 -1.89352 31.198 13.4091 -4561.11
(1,(2,(4,(5,6))),3); -4537.3 -2.00791 30.3983 13.3361 -4556.37
((1,2),3,((4,6),5)); -4534.5 -1.75655 29.4206 13.2511 -4552.43
(((1,2),3),(4,6),5); -4539.65 -1.75655 24.3945 13.4974 -4552.31
((1,(2,3)),(4,5),6); -4549.19 -4.78762 29.3209 13.2107 -4570.08
(((1,2),3),(4,6),5); -4539.54 -1.75655 24.9524 13.9794 -4552.27
(((1,3),2),(4,6),5); -4542.91 -2.23662 28.0128 13.7314 -4559.43
((1,(2,3)),(4,6),5); -4543.85 -1.89352 28.5772 13.3193 -4561
((1,3),2,((4,6),5)); -4540.76 -2.23662 29.195 13.4858 -4558.7
(1,2,(3,(4,(5,6)))); -4537.38 -1.52784 26.6484 13.7298 -4551.82
(((1,2),3),4,(5,6)); -4535.63 -1.52784 27.9774 13.4216 -4551.71
((1,2),3,((4,6),5)); -4533.9 -1.75655 30.3735 13.9267 -4552.11
(((1,3),2),4,(5,6)); -4537.02 -2.00791 30.085 13.3172 -4555.8
((((1,2),3),5),4,6); -4537.37 -1.75655 25.8689 13.1858 -4551.81
((((1,3),2),5),4,6); -4542.47 -2.23662 27.5002 13.5802 -4558.62
((1,2),3,((4,6),5)); -4532.67 -1.75655 31.4905 13.6758 -4552.24
((1,3),2,((4,6),5)); -4541.01 -2.23662 29.5422 13.8584 -4558.93
((((1,3),2),4),5,6); -4538.51 -2.00791 28.5925 13.5543 -4555.55
(1,(2,(4,(5,6))),3); -4541.86 -2.00791 26.0441 13.8729 -4556.04
(1,(2,(4,(5,6))),3); -4538.53 -2.00791 29.3922 13.6072 -4556.32
(1,(2,3),(4,(5,6))); -4538.56 -1.66481 28.9694 13.9772 -4555.22
((((1,2),3),5),4,6); -4536.56 -1.75655 27.0904 13.3817 -4552.02
(1,2,(3,((4,6),5))); -4532.85 -1.75655 31.7184 13.7036 -4552.62
((((1,3),2),5),4,6); -4544.97 -2.23662 24.9642 13.3776 -4558.79
(((1,2),3),(4,6),5); -4533.62 -1.75655 30.8821 13.5548 -4552.7
((1,2),3,(4,(5,6))); -4531.67 -1.52784 32.4149 13.5849 -4552.03
((((1,2),3),4),5,6); -4534.46 -1.52784 28.5539 13.0048 -4551.54
((1,2),3,((4,6),5)); -4532.36 -1.75655 31.2359 13.4364 -4551.92
(((1,2),3),(4,6),5); -4535.75 -1.75655 28.3184 13.6661 -4552.16
((1,2),3,((4,6),5)); -4532.79 -1.75655 31.7225 13.5494 -4552.72
((((1,2),3),4),5,6); -4537.42 -1.52784 26.7812 13.5706 -4552.16
((1,2),3,(4,(5,6))); -4536.18 -1.52784 27.4612 13.5365 -4551.64
((1,3),2,((4,6),5)); -4544.08 -2.23662 26.6529 13.8853 -4559.09
((((1,2),3),4),5,6); -4534.32 -1.52784 29.3236 13.6149 -4551.56
((1,2),3,((4,6),5)); -4533.94 -1.75655 30.7622 13.6989 -4552.76
(((1,(2,3)),5),4,6); -4547.27 -1.89352 25.0506 13.5962 -4560.62
((1,((4,5),6)),2,3); -4548.1 -4.78762 29.3234 13.5507 -4568.66
((1,2),3,((4,6),5)); -4534.8 -1.75655 29.6421 13.9948 -4552.2
(((1,2),3),(4,6),5); -4534.51 -1.75655 29.8872 13.5617 -4552.6
((1,3),2,((4,6),5)); -4541.72 -2.23662 28.2467 13.0867 -4559.12
(1,(2,3),((4,6),5)); -4543.03 -1.89352 29.8434 13.2748 -4561.49
((1,2),3,(4,(5,6))); -4532.96 -1.52784 30.9744 13.5917 -4551.87
(((1,2),3),4,(5,6)); -4534.25 -1.52784 29.5023 13.3034 -4551.97
(((1,3),2),(4,6),5); -4538.93 -2.23662 31.3365 13.3528 -4559.15
((1,3),2,((4,6),5)); -4547.12 -2.23662 23.2253 13.4016 -4559.18
((((1,2),3),4),5,6); -4533.78 -1.52784 29.6831 13.1645 -4551.83
(1,2,(3,(4,(5,6)))); -4536.95 -1.52784 27.1651 13.5715 -4552.07
(((1,3),2),(4,6),5); -4540.21 -2.23662 30.1926 13.4249 -4559.22
((((1,3),2),4),5,6); -4537.62 -2.00791 29.6199 13.3859 -4555.86
((1,(4,(5,6))),2,3); -4538.59 -1.66481 28.9183 13.7298 -4555.45
((((1,2),3),5),4,6); -4535.48 -1.75655 28.9224 13.5922 -4552.56
((1,2),3,(4,(5,6))); -4534.07 -1.52784 30.0543 13.6211 -4552.03
(((1,2),3),4,(5,6)); -4533.12 -1.52784 30.5714 13.2915 -4551.93
((1,2),3,((4,6),5)); -4535.98 -1.75655 28.2211 13.3214 -4552.64
(((1,2),3),(4,6),5); -4533.05 -1.75655 31.4306 13.6772 -4552.56
((((1,2),3),4),5,6); -4533.46 -1.52784 30.3827 13.4797 -4551.89
(1,(2,3),((4,6),5)); -4545.89 -1.89352 26.6335 13.763 -4560.66
((((1,2),3),5),4,6); -4532.82 -1.75655 31.935 13.9039 -4552.6
(1,(2,3),((4,6),5)); -4545.89 -1.89352 25.6774 12.8902 -4560.57
((((1,2),3),4),5,6); -4536.1 -1.52784 27.8552 13.4009 -4552.08
(1,2,(3,(4,(5,6)))); -4535.41 -1.52784 28.5723 13.7484 -4551.76
(1,2,(3,(4,(5,6)))); -4535.45 -1.52784 28.3599 13.7086 -4551.63
(((1,2),3),4,(5,6)); -4537.6 -1.52784 25.9681 13.3859 -4551.71
((1,2),3,(4,(5,6))); -4533.96 -1.52784 30.2388 13.9116 -4551.82
((((1,2),3),6),4,5); -4539.84 -4.65065 30.1491 13.646 -4560.99
((1,2),3,(4,(5,6))); -4534.6 -1.52784 28.9233 13.4119 -4551.64
(1,2,(3,(4,(5,6)))); -4532.9 -1.52784 31.5621 13.8657 -4552.13
((((1,3),2),5),4,6); -4543.89 -2.23662 26.2523 13.4365 -4558.94
((((1,3),2),5),4,6); -4541.8 -2.23662 28.1271 13.529 -4558.63
((((1,2),3),4),5,6); -4544.59 -1.52784 18.6352 13.1071 -4551.64
(1,(2,3),((4,6),5)); -4543.55 -1.89352 28.8524 13.6963 -4560.6
(1,(2,3),(4,(5,6))); -4537.48 -1.66481 29.1286 13.023 -4555.25
((((1,2),3),4),5,6); -4534.74 -1.52784 29.4738 13.4729 -4552.26
(1,2,(3,((4,6),5))); -4534.48 -1.75655 29.852 13.8263 -4552.27
((((1,3),2),5),4,6); -4537.89 -2.23662 32.1873 13.2454 -4559.07
((1,2),3,(4,(5,6))); -4534.37 -1.52784 30.1439 13.7368 -4552.3
(1,(2,((4,6),5)),3); -4542.22 -2.23662 28.4187 13.5533 -4559.33
(((1,3),2),(4,6),5); -4538.74 -2.23662 30.9411 13.2001 -4558.72
(((1,3),2),(4,6),5); -4541.62 -2.23662 28.767 13.6378 -4558.99
(1,2,(3,((4,6),5))); -4537.8 -1.75655 25.3118 13.0387 -4551.83
(((1,(2,3)),5),4,6); -4541.53 -1.89352 31.2793 13.3251 -4561.37
(((1,2),3),(4,6),5); -4535.45 -1.75655 28.0164 13.2597 -4551.96
(1,2,(3,(4,(5,6)))); -4537.97 -1.52784 26.1739 13.2389 -4552.43
((1,(2,3)),4,(5,6)); -4541.51 -1.66481 26.4579 13.9523 -4555.68
((1,(2,3)),4,(5,6)); -4538.08 -1.66481 29.1601 13.6072 -4555.3
(((1,2),3),(4,6),5); -4533.39 -1.75655 30.8543 13.5423 -4552.46
(((1,3),2),4,(5,6)); -4536.5 -2.00791 30.5843 13.2924 -4555.8
((((1,3),2),5),4,6); -4541.87 -2.23662 27.9666 13.5091 -4558.56
(1,2,(3,(4,(5,6)))); -4533.45 -1.52784 29.8318 13.1429 -4551.67
(((1,4),2),3,(5,6)); -4597.12 -7.68791 29.4797 12.6871 -4621.6
(((1,3),2),(4,6),5); -4540.69 -2.23662 29.6811 13.1312 -4559.48
(((1,(2,3)),4),5,6); -4539.56 -1.66481 28.2656 14.1148 -4555.38
((1,(2,3)),4,(5,6)); -4538.28 -1.66481 29.1399 13.5362 -4555.55
((((1,2),3),5),4,6); -4531.94 -1.75655 32.3291 13.4992 -4552.53
((1,(4,(5,6))),2,3); -4535.47 -1.66481 31.6568 13.3586 -4555.43
(1,2,(3,(4,(5,6)))); -4532.79 -1.52784 31.2041 13.7739 -4551.75
(1,(2,3),((4,6),5)); -4542.77 -1.89352 29.8977 13.4913 -4561.07
((1,2),3,((4,6),5)); -4533.51 -1.75655 30.0656 13.4817 -4551.85
(1,(2,(4,(5,6))),3); -4537.09 -2.00791 30.7066 14.0071 -4555.8
(((1,(2,3)),5),4,6); -4543.69 -1.89352 29.7292 14.0067 -4561.31
(((1,3),2),(4,6),5); -4543.01 -2.23662 26.9212 13.0712 -4559.09
((1,2),3,((4,6),5)); -4535.47 -1.75655 28.2683 13.2899 -4552.21
(1,(2,3),(4,(5,6))); -4536.44 -1.66481 31.0337 13.652 -4555.49
(((1,(2,3)),4),5,6); -4538.37 -1.66481 29.3163 13.7241 -4555.63
((1,2),3,((4,6),5)); -4534.57 -1.75655 29.0595 13.3283 -4552.06
(((1,2),3),4,(5,6)); -4538.03 -1.52784 26.1837 13.5676 -4552.18
(((1,2),3),(4,6),5); -4533.12 -1.75655 31.3778 13.5942 -4552.66
(((1,(2,3)),4),5,6); -4537.74 -1.66481 29.5609 13.4537 -4555.51
((((1,2),3),5),4,6); -4532.67 -1.75655 30.8229 13.3544 -4551.89
(1,(2,(4,(5,6))),3); -4538.93 -2.00791 28.7543 13.6264 -4556.06
(1,(2,(4,(5,6))),3); -4542.55 -2.00791 25.024 13.4701 -4556.11
(1,(2,(4,(5,6))),3); -4539.13 -2.00791 27.7685 13.2567 -4555.65
(1,(2,3),(4,(5,6))); -4535.69 -1.66481 32.3219 13.6616 -4556.01
((1,((4,6),5)),2,3); -4545 -1.89352 27.1314 13.0615 -4560.97
((((1,2),3),4),5,6); -4535.62 -1.52784 27.5472 13.1536 -4551.54
((((1,3),2),4),5,6); -4536.75 -2.00791 30.7482 13.8096 -4555.7
((((1,2),3),4),5,6); -4535.89 -1.52784 28.147 13.7531 -4551.81
((1,3),2,(4,(5,6))); -4537.27 -2.00791 30.5891 13.399 -4556.46
(((1,3),2),4,(5,6)); -4536.61 -2.00791 31.0472 13.5619 -4556.1
(((1,2),3),4,(5,6)); -4533.97 -1.52784 30.6258 13.8878 -4552.24
((1,(2,3)),4,(5,6)); -4541.69 -1.66481 25.6328 13.4669 -4555.52
((1,(2,3)),(4,6),5); -4540.25 -1.89352 32.1137 13.297 -4560.96
(1,2,(3,(4,(5,6)))); -4536.43 -1.52784 27.0318 13.2741 -4551.71
(1,(2,3),(4,(5,6))); -4537.11 -1.66481 30.6795 13.6615 -4555.79
(1,(2,((4,6),5)),3); -4542.23 -2.23662 28.2845 13.4153 -4559.34
(1,(2,3),(4,(5,6))); -4537.78 -1.66481 29.4581 13.1438 -4555.76
(((1,2),3),4,(5,6)); -4534.41 -1.52784 30.1236 13.7974 -4552.27
(1,(2,3),(4,(5,6))); -4537.51 -1.66481 29.0338 13.2412 -4554.97
(1,2,(3,(4,(5,6)))); -4534.15 -1.52784 29.8942 13.4401 -4552.14
((1,((4,6),5)),2,3); -4542.9 -1.89352 29.497 13.89 -4560.4
((((1,3),2),5),4,6); -4539.26 -2.23662 31.9231 13.9295 -4559.49
(1,(2,3),(4,(5,6))); -4537.76 -1.66481 30.0336 13.8577 -4555.6
((((1,3),2),4),5,6); -4539.12 -2.00791 28.8476 13.4292 -4556.55
(((1,(2,3)),5),4,6); -4540.87 -1.89352 31.7176 13.659 -4560.82
(1,(2,(4,(5,6))),3); -4536.39 -2.00791 30.7009 13.3314 -4555.77
((1,(4,(5,6))),2,3); -4544.1 -1.66481 23.237 13.5228 -4555.48
(1,(2,(4,(5,6))),3); -4536.27 -2.00791 31.8933 13.7165 -4556.46
(((1,3),2),4,(5,6)); -4541.55 -2.00791 26.2574 13.3588 -4556.45
((1,((4,6),5)),2,3); -4540.49 -1.89352 32.4324 13.6675 -4561.15
(1,(2,((4,6),5)),3); -4541.31 -2.23662 28.8574 13.4667 -4558.93
((1,2),3,((4,6),5)); -4534.23 -1.75655 29.8978 13.6171 -4552.27
((1,((4,6),5)),2,3); -4546.28 -1.89352 26.4082 13.6129 -4560.97
((((1,2),3),4),5,6); -4534.24 -1.52784 29.2129 13.4966 -4551.48
(1,(2,3),((4,5),6)); -4559.03 -4.78762 20.9686 13.0931 -4571.69
((((1,3),2),4),5,6); -4537.72 -2.00791 30.4502 14.0026 -4556.18
((1,(4,(5,6))),2,3); -4537.9 -1.66481 29.0544 13.4137 -4555.21
((1,((4,6),5)),2,3); -4542.76 -1.89352 29.1243 13.3218 -4560.46
(((1,(2,3)),5),4,6); -4543.32 -1.89352 28.8644 13.2172 -4560.86
(1,(2,3),((4,6),5)); -4540.37 -1.89352 31.5874 13.2142 -4560.63
(((1,3),2),4,(5,6)); -4536.23 -2.00791 31.3039 13.3805 -4556.16
(1,(2,((4,6),5)),3); -4541.21 -2.23662 29.429 13.5034 -4559.37
((1,3),2,(4,(5,6))); -4540.08 -2.00791 27.8024 13.7216 -4556.17
((1,3),2,(4,(5,6))); -4537.22 -2.00791 30.0056 13.28 -4555.95
(((1,(2,3)),4),5,6); -4536.55 -1.66481 30.4155 13.3012 -4555.33
(1,(2,3),(4,(5,6))); -4536.03 -1.66481 31.7369 13.6715 -4555.76
((1,(4,(5,6))),2,3); -4539.23 -1.66481 27.3732 13.0107 -4555.25
((1,3),2,(4,(5,6))); -4535.17 -2.00791 32.3655 13.5449 -4556
(((1,3),2),4,(5,6)); -4539.54 -2.00791 27.1014 13.0606 -4555.59
((((1,2),3),5),4,6); -4535.86 -1.75655 28.115 13.62 -4552.11
(((1,2),3),(4,6),5); -4533.35 -1.75655 29.9418 13.2897 -4551.76
(((1,(2,3)),5),4,6); -4545.69 -1.89352 27.6438 14.2081 -4561.02
((1,3),2,((4,6),5)); -4542.51 -2.23662 28.4768 13.7286 -4559.5
((((1,3),2),5),4,6); -4541.22 -2.23662 29.5763 13.6811 -4559.35
((1,(4,(5,6))),2,3); -4539.54 -1.66481 27.966 13.2606 -4555.91
(1,2,(3,((4,6),5))); -4533.2 -1.75655 31.2462 13.8186 -4552.39
((1,3),2,((4,6),5)); -4542.85 -2.23662 27.3861 13.3626 -4559.11
((((1,2),3),5),4,6); -4533.18 -1.75655 31.357 13.6854 -4552.61
(((1,(2,3)),4),5,6); -4536.75 -1.66481 31.0943 13.6935 -4555.82
(((1,(2,3)),4),5,6); -4537.65 -1.66481 29.1478 13.2603 -4555.2
(((1,3),2),(4,6),5); -4543.52 -2.23662 25.9621 13.0125 -4558.71
((((1,2),3),5),4,6); -4536.5 -1.75655 27.9292 13.8519 -4552.33
((((1,2),3),4),5,6); -4532.83 -1.52784 31.5642 13.7301 -4552.19
(1,(2,((4,6),5)),3); -4538.96 -2.23662 31.0834 13.471 -4558.81
(1,2,(3,((4,6),5))); -4533.9 -1.75655 29.9841 13.6192 -4552.02
((((1,2),3),4),5,6); -4536.73 -1.52784 27.6871 13.8234 -4552.12
(((1,(2,3)),4),5,6); -4539.31 -1.66481 27.8343 13.4864 -4555.32
((1,3),2,(4,(5,6))); -4542.26 -2.00791 25.1248 12.9932 -4556.4
((1,(4,(5,6))),2,3); -4537.52 -1.66481 30.4235 13.9072 -4555.7
((((1,2),3),5),4,6); -4535.54 -1.75655 28.8352 13.7942 -4552.34
(1,(2,(4,(5,6))),3); -4536.6 -2.00791 30.9033 13.5178 -4555.99
(1,(2,((4,6),5)),3); -4538.7 -2.23662 31.6769 13.6819 -4558.93
((((1,2),3),5),4,6); -4533.25 -1.75655 31.4244 13.7045 -4552.73
(((1,3),2),4,(5,6)); -4539 -2.00791 27.8565 13.229 -4555.64
(((1,2),3),(4,6),5); -4533.45 -1.75655 30.7395 13.6837 -4552.26
((((1,2),3),4),5,6); -4533.31 -1.52784 29.9323 13.2991 -4551.47
(1,2,(3,((4,6),5))); -4540.35 -1.75655 23.6723 13.9179 -4551.87
((1,2),3,((4,6),5)); -4534.44 -1.75655 29.9626 13.7193 -4552.44
((1,(2,3)),(4,6),5); -4545.73 -1.89352 27.2077 13.4696 -4561.36
((1,(2,3)),(4,6),5); -4542.15 -1.89352 30.3896 13.7038 -4560.73
(((1,2),3),(4,6),5); -4534.16 -1.75655 30.1877 13.6894 -4552.41
(((1,3),2),4,(5,6)); -4538.19 -2.00791 29.0942 13.2553 -4556.03
((1,(4,(5,6))),2,3); -4536.04 -1.66481 31.2799 13.3693 -4555.62
((((1,2),3),5),4,6); -4534.44 -1.75655 30.5238 14.0273 -4552.69
((1,3),2,(4,(5,6))); -4540.75 -2.00791 27.4339 13.8184 -4556.37
((((1,2),3),5),4,6); -4535.19 -1.75655 28.649 13.6407 -4551.96
(1,(2,3),((4,6),5)); -4542.92 -1.89352 29.5954 13.5579 -4560.85
(1,2,(3,(4,(5,6)))); -4532.17 -1.52784 32.2174 13.6984 -4552.22
(1,(2,3),(4,(5,6))); -4535.39 -1.66481 31.8692 13.7505 -4555.17
(((1,2),3),4,(5,6)); -4532.22 -1.52784 32.2226 13.6267 -4552.34
(1,2,(3,((4,6),5))); -4533.59 -1.75655 30.4445 13.615 -4552.18
(((1,3),2),4,(5,6)); -4537.02 -2.00791 30.5815 13.7165 -4555.89
(1,(2,((4,6),5)),3); -4543.72 -2.23662 26.5315 13.5674 -4558.92
((1,(4,(5,6))),2,3); -4535.01 -1.66481 32.6571 13.6688 -4555.66
((((1,2),3),4),5,6); -4533.06 -1.52784 31.4149 13.6869 -4552.31
((((1,2),3),4),5,6); -4533.13 -1.52784 30.6727 13.5009 -4551.83
(((1,2),3),(4,6),5); -4536.27 -1.75655 28.0234 13.7183 -4552.33
(1,2,(3,((4,6),5))); -4534.51 -1.75655 29.6634 13.6266 -4552.3
((1,(4,(5,6))),2,3); -4536.22 -1.66481 31.424 13.8126 -4555.5
(1,2,(3,(4,(5,6)))); -4531.76 -1.52784 31.6992 13.4061 -4551.58
((((1,2),3),4),5,6); -4533.28 -1.52784 30.8432 13.7623 -4551.89
(((1,2),3),4,(5,6)); -4534.64 -1.52784 29.5173 13.6248 -4552.06
(1,(2,(4,(5,6))),3); -4539.34 -2.00791 27.2566 12.9979 -4555.6
((((1,3),2),5),4,6); -4540.4 -2.23662 29.3765 13.492 -4558.53
(((1,2),3),(4,6),5); -4534.27 -1.75655 30.2719 13.8244 -4552.47
((1,(2,3)),(4,6),5); -4541.92 -1.89352 31.0241 13.7036 -4561.13
((1,3),2,((4,6),5)); -4543.52 -2.23662 25.7802 13.0141 -4558.52
((1,2),3,((4,6),5)); -4535.48 -1.75655 28.3146 13.2643 -4552.29
(((1,3),2),4,(5,6)); -4537.06 -2.00791 30.9193 13.928 -4556.06
((1,((4,6),5)),2,3); -4543.4 -1.89352 29.3 13.7039 -4560.89
((1,3),2,(4,(5,6))); -4536.91 -2.00791 30.8108 13.3919 -4556.33
((1,(4,(5,6))),2,3); -4539.18 -1.66481 28.1625 13.5989 -4555.41
(1,(2,((4,6),5)),3); -4539.32 -2.23662 30.4944 13.4926 -4558.56
(1,2,(3,(4,(5,6)))); -4533.77 -1.52784 30.4415 13.5792 -4552.16
((((1,2),3),4),5,6); -4531.76 -1.52784 32.2919 13.5618 -4552.02
((1,(2,3)),(4,6),5); -4541.45 -1.89352 30.6885 13.2808 -4560.76
((((1,3),2),5),4,6); -4541.76 -2.23662 27.4118 12.8747 -4558.53
((1,2),3,(4,(5,6))); -4532.14 -1.52784 31.0933 13.28 -4551.48
(1,(2,3),((4,6),5)); -4548.05 -1.89352 24.6879 13.8793 -4560.75
((1,((4,6),5)),2,3); -4543.43 -1.89352 29.4423 13.744 -4561.02
((((1,2),3),4),5,6); -4533.43 -1.52784 30.7811 13.3772 -4552.36
((((1,2),3),4),5,6); -4532.07 -1.52784 31.6647 13.4309 -4551.83
(1,(2,(4,(5,6))),3); -4536.37 -2.00791 31.5741 13.4633 -4556.49
(1,2,(3,(4,(5,6)))); -4532.78 -1.52784 31.6575 13.6557 -4552.31
((1,(2,3)),4,(5,6)); -4537.72 -1.66481 29.298 13.4513 -4555.23
(1,2,(3,((4,6),5))); -4540.68 -1.75655 23.3534 13.6837 -4552.11
(((1,(2,3)),4),5,6); -4537.25 -1.66481 30.0317 13.3094 -4555.64
((1,3),2,(4,(5,6))); -4537.51 -2.00791 29.3879 13.2176 -4555.69
((1,2),3,(4,(5,6))); -4535.96 -1.52784 28.0602 13.7862 -4551.76
(1,(2,((4,6),5)),3); -4540.21 -2.23662 30.2363 13.6074 -4559.08
(1,(2,(4,(5,6))),3); -4535.9 -2.00791 31.8957 13.6961 -4556.1
((((1,2),3),5),4,6); -4534.94 -1.75655 29.5597 13.9837 -4552.27
(1,2,(3,(4,(5,6)))); -4533.28 -1.52784 30.3683 13.347 -4551.83
(1,2,(3,((4,6),5))); -4534.97 -1.75655 28.9844 13.1225 -4552.59
(((1,2),3),4,(5,6)); -4534.16 -1.52784 30.0329 13.5852 -4552.13
(((1,2),3),(4,6),5); -4532.56 -1.75655 31.4711 13.6266 -4552.17
(((1,2),3),4,(5,6)); -4532.32 -1.52784 31.9332 13.8343 -4551.95
((1,((4,6),5)),2,3); -4544.51 -1.89352 27.8573 13.4605 -4560.8
((1,(2,3)),(4,6),5); -4542.94 -1.89352 29.3505 13.3965 -4560.79
(1,(2,(4,(5,6))),3); -4538.47 -2.00791 29.0163 13.4681 -4556.03
((1,2),3,((4,6),5)); -4532.64 -1.75655 31.8848 13.7017 -4552.58
((1,2),3,(4,(5,6))); -4535.29 -1.52784 28.0208 13.3303 -4551.5
((((1,2),3),5),4,6); -4532.66 -1.75655 31.123 13.4187 -4552.12
(((1,(2,3)),4),5,6); -4539.55 -1.66481 28.0175 13.4758 -4555.75
(1,2,(3,(4,(5,6)))); -4532 -1.52784 31.7095 13.4784 -4551.76
(1,(2,((4,6),5)),3); -4545.93 -2.23662 23.5429 12.8518 -4558.86
((((1,2),3),4),5,6); -4532.09 -1.52784 32.3922 13.8521 -4552.16
((1,(2,3)),4,(5,6)); -4536.88 -1.66481 31.2087 13.6759 -4556.08
(1,(2,(4,(5,6))),3); -4537.82 -2.00791 29.1572 13.2249 -4555.76
((((1,2),3),4),5,6); -4536.79 -1.52784 27.2812 13.3799 -4552.22
((1,2),3,(4,(5,6))); -4533.29 -1.52784 30.6088 13.6521 -4551.78
(1,2,(3,(4,(5,6)))); -4533.32 -1.52784 30.6196 13.6936 -4551.77
((1,(2,3)),(4,6),5); -4546.18 -1.89352 26.3678 13.6076 -4560.83
((1,((4,6),5)),2,3); -4545.28 -1.89352 27.953 14.1561 -4560.97
((((1,3),2),5),4,6); -4540.33 -2.23662 29.5443 13.2295 -4558.88
((((1,2),3),4),5,6); -4535.67 -1.52784 28.1806 13.6434 -4551.74
(((1,2),3),(4,6),5); -4536.19 -1.75655 27.9532 13.6145 -4552.29
(((1,3),2),(4,6),5); -4538.79 -2.23662 31.0469 13.4297 -4558.65
((1,3),2,((4,6),5)); -4540.48 -2.23662 29.1899 13.3298 -4558.58
((1,2),3,(4,(5,6))); -4534.24 -1.52784 29.6511 13.7456 -4551.67
((1,2),3,((4,6),5)); -4536.35 -1.75655 28.3821 13.8872 -4552.6
(1,(2,3),((4,6),5)); -4551.33 -1.89352 21.3084 13.2529 -4561.28
(1,(2,3),(4,(5,6))); -4538.31 -1.66481 29.6887 13.8122 -4555.85
((1,(4,(5,6))),2,3); -4537.75 -1.66481 29.2327 13.1936 -4555.45
(((1,(2,3)),5),4,6); -4543.55 -1.89352 28.5553 13.4053 -4560.6
((1,3),2,(4,(5,6))); -4535.4 -2.00791 31.9301 13.4012 -4555.94
((1,((4,6),5)),2,3); -4543.15 -1.89352 29.1401 13.2807 -4560.9
((1,3),2,(4,(5,6))); -4536.76 -2.00791 30.3847 13.4806 -4555.68
((1,(2,3)),4,(5,6)); -4536.14 -1.66481 31.6567 13.6922 -4555.77
((1,2),3,((4,5),6)); -4541.04 -4.65065 28.8622 13.782 -4560.77
(((1,(2,3)),4),5,6); -4541.27 -1.66481 25.7605 12.9836 -4555.71
(((1,3),2),4,(5,6)); -4539.43 -2.00791 28.5841 14.0691 -4555.96
(1,2,(3,(4,(5,6)))); -4535.5 -1.52784 28.4339 13.6145 -4551.85
((1,3),2,((4,6),5)); -4542.47 -2.23662 28.0145 13.9073 -4558.82
(1,(2,(4,(5,6))),3); -4535.82 -2.00791 31.4046 13.5066 -4555.73
((1,(2,3)),4,(5,6)); -4538.86 -1.66481 28.1491 13.1438 -4555.53
((((1,3),2),4),5,6); -4535.72 -2.00791 31.3376 13.3747 -4555.69
((1,(4,(5,6))),2,3); -4537.8 -1.66481 29.8029 13.7076 -4555.56
((1,3),2,(4,(5,6))); -4540.33 -2.00791 26.8385 13.677 -4555.5
(1,(2,(4,(5,6))),3); -4537.7 -2.00791 30.1626 13.51 -4556.36
((1,3),2,(4,(5,6))); -4540.1 -2.00791 28.1379 13.6723 -4556.57
((1,3),2,(4,(5,6))); -4540.42 -2.00791 27.0272 13.7314 -4555.73
(1,2,(3,((4,6),5))); -4532.79 -1.75655 31.6493 13.6674 -4552.52
((1,(4,(5,6))),2,3); -4541.65 -1.66481 26.091 13.9122 -4555.5
(((1,3),2),4,(5,6)); -4539.51 -2.00791 27.4476 13.2609 -4555.71
((((1,2),3),5),4,6); -4534.47 -1.75655 29.7379 13.8052 -4552.16
((((1,3),2),4),5,6); -4537.4 -2.00791 30.0948 13.7399 -4555.77
((((1,2),3),4),5,6); -4532.73 -1.52784 31.1115 13.6081 -4551.76
((1,2),3,((4,6),5)); -4535.34 -1.75655 28.3719 13.2932 -4552.18
(1,(2,(4,(5,6))),3); -4536.98 -2.00791 30.2264 13.4305 -4555.79
((((1,2),3),4),5,6); -4533.01 -1.52784 31.2408 13.5332 -4552.24
((((1,3),2),4),5,6); -4539.99 -2.00791 27.7179 13.4231 -4556.29
((((1,2),3),4),5,6); -4534.32 -1.52784 29.8292 13.5741 -4552.1
((((1,2),3),6),4,5); -4540.41 -4.65065 29.6753 13.6652 -4561.07
(((1,(2,3)),4),5,6); -4540.29 -1.66481 27.6781 13.7591 -4555.87
((1,2),3,(4,(5,6))); -4532.22 -1.52784 31.7531 13.6899 -4551.82
(((1,2),3),(4,6),5); -4534.54 -1.75655 29.6427 13.6491 -4552.29
((1,(4,(5,6))),2,3); -4537.37 -1.66481 29.757 13.3934 -4555.4
((1,2),3,(4,(5,6))); -4532.44 -1.52784 31.4908 13.6859 -4551.77
((1,(2,3)),(4,6),5); -4541.86 -1.89352 29.8896 13.3209 -4560.32
((((1,2),3),5),4,6); -4532.65 -1.75655 31.5967 13.8185 -4552.18
((1,3),2,((4,6),5)); -4542.33 -2.23662 28.4934 13.9842 -4559.08
(1,2,(3,(4,(5,6)))); -4536.53 -1.52784 27.2139 13.7776 -4551.49
(1,(2,3),((4,6),5)); -4543.06 -1.89352 29.6463 13.5773 -4561.02
((1,3),2,((4,6),5)); -4539.59 -2.23662 30.6898 13.5217 -4558.99
((1,2),3,((4,6),5)); -4535.05 -1.75655 28.5688 13.3959 -4551.98
(1,2,(3,((4,6),5))); -4535.03 -1.75655 28.7631 13.58 -4551.96
((((1,3),2),5),4,6); -4538.84 -2.23662 31.5758 13.3372 -4559.31
(1,(2,((4,6),5)),3); -4540.93 -2.23662 29.0439 13.3052 -4558.91
(((1,3),2),(4,6),5); -4545.06 -2.23662 24.9137 13.3991 -4558.81
(1,(2,3),(4,(5,6))); -4539.76 -1.66481 28.0445 13.6042 -4555.87
((1,3),2,((4,6),5)); -4539.57 -2.23662 30.8078 13.4822 -4559.14
((1,(4,(5,6))),2,3); -4536.81 -1.66481 30.9833 13.7397 -4555.72
(1,(2,3),((4,6),5)); -4543.02 -1.89352 29.0107 13.438 -4560.49
(((1,2),3),(4,6),5); -4535.86 -1.75655 28.5169 13.6268 -4552.51
((((1,2),3),4),5,6); -4533.83 -1.52784 29.6519 13.4414 -4551.57
(((1,2),3),(4,6),5); -4534.6 -1.75655 29.4844 13.6271 -4552.22
((1,(2,3)),4,(5,6)); -4539.95 -1.66481 26.6802 13.127 -4555.16
(1,2,(3,(4,(5,6)))); -4531.88 -1.52784 32.3309 13.6356 -4552.1
(((1,3),2),(4,6),5); -4540.29 -2.23662 30.3787 13.9662 -4558.94
(((1,(2,3)),4),5,6); -4536.45 -1.66481 31.0866 13.9069 -4555.3
(1,(2,(4,(5,6))),3); -4537.62 -2.00791 30.431 13.8145 -4556.25
((1,2),3,((4,6),5)); -4533.36 -1.75655 31.2467 13.7519 -4552.61
(((1,2),3),4,(5,6)); -4538.76 -1.52784 25.7598 13.9509 -4552.09
(1,(2,3),((4,6),5)); -4542.86 -1.89352 30.0318 13.3422 -4561.44
((1,3),2,((4,6),5)); -4543 -2.23662 27.332 13.6821 -4558.88
((1,(2,3)),(4,6),5); -4543.06 -1.89352 28.4906 13.2095 -4560.24
(1,2,(3,((4,6),5))); -4535.97 -1.75655 28.058 13.3488 -4552.44
((((1,3),2),5),4,6); -4544.95 -2.23662 24.9033 13.3549 -4558.74
(1,2,(3,((4,6),5))); -4534.81 -1.75655 29.3914 13.2842 -4552.67
((1,3),2,(4,(5,6))); -4535.74 -2.00791 32.2959 13.5675 -4556.48
(1,(2,3),((4,6),5)); -4543.68 -1.89352 28.6177 13.4078 -4560.78
((1,(2,3)),4,(5,6)); -4535.77 -1.66481 32.2949 13.8468 -4555.88
(((1,2),3),4,(5,6)); -4537.83 -1.52784 26.4065 13.736 -4552.03
(1,(2,(4,(5,6))),3); -4537.72 -2.00791 30.36 13.944 -4556.14
((1,((4,6),5)),2,3); -4545.9 -1.89352 26.9938 13.5696 -4561.22
(((1,3),2),(4,6),5); -4539.83 -2.23662 30.7699 13.5097 -4559.32
(((1,3),2),4,(5,6)); -4542.08 -2.00791 24.6825 13.0632 -4555.71
((1,3),2,((4,6),5)); -4543.55 -2.23662 26.6602 13.1652 -4559.28
(1,2,(3,((4,6),5))); -4535.16 -1.75655 28.766 13.4292 -4552.25
((1,2),3,((4,5),6)); -4540.04 -4.65065 30.5075 13.4633 -4561.74
(1,(2,3),(4,(5,6))); -4538.85 -1.66481 28.6092 13.7798 -4555.34
((((1,2),3),5),4,6); -4537.26 -1.75655 27.0384 13.6628 -4552.39
((1,(2,3)),4,(5,6)); -4537.63 -1.66481 29.6332 13.4611 -4555.46
((1,((4,5),6)),2,3); -4550.4 -4.78762 26.8387 12.9473 -4569.08
(((1,2),3),4,(5,6)); -4534.82 -1.52784 29.3078 13.6214 -4552.04
(((1,2),3),4,(5,6)); -4534.79 -1.52784 28.7603 13.2086 -4551.87
(((1,2),3),4,(5,6)); -4535.1 -1.52784 29.1049 13.9126 -4551.82
(((1,2),3),4,(5,6)); -4531.32 -1.52784 32.8236 13.7529 -4551.91
(1,2,(3,(4,(5,6)))); -4537.23 -1.52784 26.9578 13.7617 -4551.95
(1,(2,3),(4,(5,6))); -4535.25 -1.66481 32.0853 13.7502 -4555.25
(((1,3),2),(4,6),5); -4540.68 -2.23662 29.3964 13.2111 -4559.1
(((1,(2,3)),4),5,6); -4537.66 -1.66481 28.9157 13.1241 -4555.12
(((1,2),3),(4,6),5); -4534.33 -1.75655 30.4158 13.7804 -4552.72
((((1,2),3),4),5,6); -4533.01 -1.52784 30.9875 13.3457 -4552.18
(((1,(2,3)),5),4,6); -4540.35 -1.89352 32.1923 13.4899 -4560.95
((((1,3),2),4),5,6); -4537.95 -2.00791 28.7652 13.008 -4555.71
((((1,3),2),5),4,6); -4538.4 -2.23662 32.1944 13.7083 -4559.13
((1,((4,6),5)),2,3); -4544.28 -1.89352 28.9848 13.7247 -4561.43
((1,(4,(5,6))),2,3); -4536.59 -1.66481 31.12 13.874 -4555.5
((1,3),2,(4,(5,6))); -4538.49 -2.00791 29.1049 13.3643 -4556.24
((((1,2),3),4),5,6); -4533.39 -1.52784 30.751 13.7483 -4551.92
((((1,2),3),5),4,6); -4534.55 -1.75655 29.6554 13.7813 -4552.18
((1,(2,3)),4,(5,6)); -4537.06 -1.66481 30.3835 13.5482 -4555.56
((1,3),2,(4,(5,6))); -4535.35 -2.00791 32.383 13.6032 -4556.14
(((1,3),2),4,(5,6)); -4537.15 -2.00791 30.5984 13.618 -4556.14
(((1,3),2),4,(5,6)); -4535.42 -2.00791 32.458 13.4936 -4556.4
((1,3),2,((4,6),5)); -4540.84 -2.23662 28.9476 13.2872 -4558.74
(((1,(2,3)),5),4,6); -4541.3 -1.89352 30.984 13.3124 -4560.87
(((1,(2,3)),4),5,6); -4535.75 -1.66481 31.2449 13.3452 -4555.31
(((1,3),2),(4,6),5); -4541.16 -2.23662 29.5484 13.9445 -4559
(1,(2,3),((4,6),5)); -4542.79 -1.89352 29.393 13.3506 -4560.72
(((1,(2,3)),4),5,6); -4537.36 -1.66481 30.1202 13.571 -4555.57
(1,2,(3,((4,6),5))); -4533.38 -1.75655 30.7867 13.6239 -4552.3
((1,2),3,((4,6),5)); -4538.9 -1.75655 25.4973 13.6663 -4552.49
(1,2,(3,((4,6),5))); -4536.31 -1.75655 26.9613 13.1884 -4551.84
(1,(2,3),(4,(5,6))); -4536.67 -1.66481 31.2111 13.8119 -4555.73
(1,(2,((4,6),5)),3); -4542.23 -2.23662 27.8124 13.5113 -4558.77
(((1,3),2),(4,5),6); -4549.96 -5.13072 28.1015 13.3452 -4569.85
((1,(2,3)),(4,6),5); -4542.96 -1.89352 28.539 13.2459 -4560.15
((1,2),3,((4,6),5)); -4537.79 -1.75655 25.8334 13.5039 -4551.87
((1,3),2,((4,6),5)); -4543.38 -2.23662 27.165 13.7264 -4559.06
(1,(2,3),((4,6),5)); -4543.25 -1.89352 29.0513 13.5417 -4560.65
((1,2),3,((4,6),5)); -4536.44 -1.75655 27.1853 13.0712 -4552.31
(1,2,(3,(4,(5,6)))); -4534.34 -1.52784 28.9062 13.272 -4551.5
(((1,3),2),(4,6),5); -4543.62 -2.23662 26.9477 13.9873 -4558.82
(1,2,(3,((4,6),5))); -4537.31 -1.75655 27.4255 13.7275 -4552.76
((1,(2,3)),4,(5,6)); -4539.47 -1.66481 27.3854 13.051 -4555.47
(1,(2,((4,6),5)),3); -4540.89 -2.23662 29.4239 13.5081 -4559.04
((1,2),3,((4,6),5)); -4536.54 -1.75655 27.7671 13.5681 -4552.5
(1,(2,3),((4,6),5)); -4541.76 -1.89352 29.9455 13.3414 -4560.26
((((1,2),3),4),5,6); -4536.22 -1.52784 28.4761 14.2758 -4551.94
(1,(2,3),((4,6),5)); -4541.61 -1.89352 31.1582 13.6102 -4561.06
(1,(2,3),(4,(5,6))); -4542.18 -1.66481 25.6252 14.1587 -4555.32
(1,2,(3,((4,6),5))); -4536.56 -1.75655 27.5269 13.6151 -4552.23
((1,2),3,(4,(5,6))); -4536.11 -1.52784 27.7888 13.7717 -4551.65
(((1,(2,3)),4),5,6); -4538.68 -1.66481 29.1921 13.573 -4555.96
(((1,2),3),(4,6),5); -4539.49 -1.75655 24.9322 13.1898 -4552.99
(1,(2,((4,6),5)),3); -4538.99 -2.23662 31.3677 13.3761 -4559.22
(1,(2,3),((4,5),6)); -4547.03 -4.78762 29.7802 13.0546 -4568.54
((1,2),3,(4,(5,6))); -4533.73 -1.52784 30.0906 13.499 -4551.85
((((1,3),2),5),4,6); -4541.31 -2.23662 28.8512 13.5817 -4558.81
((((1,2),3),4),5,6); -4534.86 -1.52784 28.6654 13.3056 -4551.75
((1,2),3,(4,(5,6))); -4537.69 -1.52784 26.0099 13.3308 -4551.9
((1,2),3,(4,(5,6))); -4533.95 -1.52784 29.8722 13.3149 -4552.04
((((1,2),3),4),5,6); -4534.56 -1.52784 29.8332 13.9557 -4551.96
((((1,2),3),5),4,6); -4535.54 -1.75655 28.6042 13.5933 -4552.3
((1,3),2,(4,(5,6))); -4539.69 -2.00791 28.1221 13.6498 -4556.17
((((1,2),3),5),4,6); -4536.09 -1.75655 27.7828 13.2674 -4552.36
(1,(2,(4,(5,6))),3); -4536.4 -2.00791 30.5602 13.2224 -4555.75
(1,2,(3,(4,(5,6)))); -4534.46 -1.52784 28.9119 13.3735 -4551.53
(((1,3),2),4,(5,6)); -4535.75 -2.00791 31.1828 13.3444 -4555.59
(((1,2),3),(4,6),5); -4534.47 -1.75655 28.9784 13.3793 -4551.82
(((1,2),3),4,(5,6)); -4536.64 -1.52784 27.303 13.5648 -4551.9
(((1,(2,3)),5),4,6); -4541.89 -1.89352 31.0902 13.6871 -4561.18
(1,(2,3),(4,(5,6))); -4536.67 -1.66481 31.317 13.8241 -4555.82
((((1,2),3),4),5,6); -4536.32 -1.52784 27.7174 13.5423 -4552.02
(((1,2),3),(4,6),5); -4534.8 -1.75655 29.2269 13.6645 -4552.12
(((1,(2,3)),4),5,6); -4535.32 -1.66481 32.4848 13.7732 -4555.7
((1,(4,(5,6))),2,3); -4536.55 -1.66481 30.8979 13.6737 -4555.43
(((1,2),3),4,(5,6)); -4534.48 -1.52784 29.0767 13.0977 -4551.98
((1,(2,3)),4,(5,6)); -4535.12 -1.66481 31.9067 13.2907 -4555.4
(((1,3),2),(4,6),5); -4544.9 -2.23662 23.6855 12.6784 -4558.14
(((1,2),3),(4,5),6); -4543.14 -4.65065 27.0176 12.8784 -4561.93
(((1,2),3),4,(5,6)); -4534.25 -1.52784 29.1828 13.249 -4551.72
((1,3),2,(4,(5,6))); -4539.74 -2.00791 28.2582 13.6004 -4556.41
((1,3),2,(4,(5,6))); -4543.62 -2.00791 24.4186 14.0199 -4556.03
(((1,3),2),4,(5,6)); -4537.24 -2.00791 29.9171 13.3808 -4555.79
((((1,2),3),4),5,6); -4536.37 -1.52784 26.9868 13.3757 -4551.51
((1,3),2,((4,6),5)); -4543.92 -2.23662 25.8061 13.2207 -4558.74
(((1,2),3),4,(5,6)); -4534.32 -1.52784 29.7981 13.8704 -4551.78
((((1,2),3),4),5,6); -4535.35 -1.52784 28.3124 13.6034 -4551.59
((1,2),3,((4,6),5)); -4536.55 -1.75655 28.0619 14.0979 -4552.27
(1,2,(3,((4,6),5))); -4534.21 -1.75655 29.9426 13.5687 -4552.35
((((1,2),3),4),5,6); -4533.75 -1.52784 29.8574 13.2834 -4551.85
((1,(4,(5,6))),2,3); -4543.15 -1.66481 24.2767 13.6184 -4555.47
(1,2,(3,((4,6),5))); -4533.76 -1.75655 29.8041 13.2262 -4552.1
(((1,2),3),4,(5,6)); -4536.4 -1.52784 27.4536 13.4821 -4551.9
((1,(2,3)),(4,6),5); -4543.93 -1.89352 28.7515 13.258 -4561.31
(1,(2,(4,(5,6))),3); -4540.89 -2.00791 26.4878 13.3342 -4556.05
(1,(2,(4,(5,6))),3); -4539.68 -2.00791 27.0971 13.2072 -4555.58
(((1,3),2),4,(5,6)); -4538.93 -2.00791 27.9387 13.0745 -4555.81
((1,(2,3)),(4,5),6); -4549.81 -4.78762 27.4112 13.1855 -4568.83
(((1,4),(5,6)),2,3); -4576.95 -7.01312 29.3171 13.4212 -4599.85
(1,2,(3,(4,(5,6)))); -4537.81 -1.52784 26.5279 13.7536 -4552.12
((1,((4,6),5)),2,3); -4540.52 -1.89352 32.5227 13.7757 -4561.16
(((1,2),3),4,(5,6)); -4533.15 -1.52784 29.8084 13.1939 -4551.29
(1,(2,3),((4,6),5)); -4544.87 -1.89352 28.4652 13.7523 -4561.47
(((1,(2,3)),5),4,6); -4542.39 -1.89352 29.7051 13.3084 -4560.68
(1,2,(3,((4,6),5))); -4536.9 -1.75655 26.6706 13.4011 -4551.93
((((1,2),3),5),4,6); -4538.64 -1.75655 26.0305 14.0415 -4552.39
((1,(4,(5,6))),2,3); -4538.15 -1.66481 30.1181 13.8979 -4556.03
(((1,(2,3)),5),4,6); -4545.62 -1.89352 26.1631 13.0267 -4560.65
(((1,(2,3)),6),4,5); -4545.3 -4.78762 33.3924 13.4513 -4570.02
(1,(2,((4,6),5)),3); -4542.5 -2.23662 28.5026 13.8538 -4559.39
((1,3),2,(4,(5,6))); -4539.64 -2.00791 27.8738 13.3569 -4556.17
(1,(2,3),((4,6),5)); -4541.66 -1.89352 30.0654 13.2617 -4560.36
(1,(2,3),((4,6),5)); -4543.14 -1.89352 29.6974 13.7385 -4560.99
((1,(2,3)),(4,6),5); -4541.63 -1.89352 31.0466 13.4546 -4561.11
(1,(2,3),(4,(5,6))); -4538.4 -1.66481 28.552 13.252 -4555.36
(((1,(2,3)),4),5,6); -4535.28 -1.66481 32.1592 13.5978 -4555.51
((1,3),2,((4,6),5)); -4541.21 -2.23662 28.8898 13.5441 -4558.79
((((1,2),3),5),4,6); -4531.92 -1.75655 32.3692 13.5502 -4552.49
((1,2),3,((4,6),5)); -4537.58 -1.75655 26.7183 13.7606 -4552.29
(1,(2,3),(4,(5,6))); -4539.31 -1.66481 28.2592 13.43 -4555.81
(((1,(2,3)),4),5,6); -4539.26 -1.66481 28.7098 14.1687 -4555.47
((1,(2,3)),4,(5,6)); -4537.16 -1.66481 29.9012 13.2235 -4555.5
(1,(2,3),((4,5),6)); -4547.78 -4.78762 29.1878 13.5339 -4568.22
(((1,(2,3)),5),4,6); -4542.61 -1.89352 29.8763 13.7904 -4560.59
((1,3),2,((4,6),5)); -4540.65 -2.23662 29.2695 13.5393 -4558.62
(((1,3),2),4,(5,6)); -4540.92 -2.00791 26.1046 13.619 -4555.42
((1,(2,3)),(4,6),5); -4541.87 -1.89352 30.4209 13.0449 -4561.14
((1,2),3,((4,6),5)); -4534.64 -1.75655 29.3787 13.324 -4552.45
(((1,(2,3)),5),4,6); -4545.98 -1.89352 26.6705 13.4887 -4561.06
((1,2),3,((4,6),5)); -4540.61 -1.75655 22.9586 12.9821 -4552.35
((1,(2,3)),(4,6),5); -4543.06 -1.89352 29.2555 13.1057 -4561.11
(((1,(2,3)),5),4,6); -4543.23 -1.89352 28.2809 13.1432 -4560.26
(1,(2,3),(4,(5,6))); -4537.1 -1.66481 30.6671 13.9034 -4555.53
(((1,(2,3)),5),4,6); -4546.85 -1.89352 25.4323 13.63 -4560.54
(1,(2,3),((4,6),5)); -4542.08 -1.89352 30.3998 13.4931 -4560.88
(1,(2,(4,(5,6))),3); -4536.56 -2.00791 31.2269 13.5582 -4556.24
((((1,2),3),4),5,6); -4537.17 -1.52784 27.1202 13.8422 -4551.97
((1,(2,3)),4,(5,6)); -4537.18 -1.66481 29.9809 13.6923 -4555.13
(1,2,(3,((4,5),6))); -4540.44 -4.65065 30.2634 13.6524 -4561.7
((1,2),3,(4,(5,6))); -4531.8 -1.52784 32.2005 13.5434 -4551.99
((((1,3),2),6),4,5); -4547.72 -5.13072 41.1584 13.3543 -4580.65
(1,2,(3,(4,(5,6)))); -4534.98 -1.52784 28.6404 13.2953 -4551.85
(((1,2),3),4,(5,6)); -4534.61 -1.52784 30.1612 14.0452 -4552.25
((1,2),3,((4,6),5)); -4535.52 -1.75655 28.722 13.7845 -4552.22
((((1,2),3),4),5,6); -4533.95 -1.52784 29.403 13.2603 -4551.62
((1,3),2,((4,6),5)); -4539.96 -2.23662 30.6511 13.7917 -4559.05
(1,(2,3),(4,(5,6))); -4536.58 -1.66481 31.2195 13.7858 -4555.68
(1,(2,3),((4,5),6)); -4549.32 -4.78762 28.7686 13.4181 -4569.46
(((1,(2,3)),4),5,6); -4537.85 -1.66481 30.0378 13.5173 -4556.04
((1,2),3,((4,6),5)); -4536.28 -1.75655 28.1043 13.7331 -4552.41
((((1,2),3),4),5,6); -4537.57 -1.52784 26.0026 12.9017 -4552.2
(((1,2),3),4,(5,6)); -4533.73 -1.52784 30.3161 13.7315 -4551.84
(1,2,(3,(4,(5,6)))); -4535.05 -1.52784 28.9159 13.506 -4551.98
((1,((4,6),5)),2,3); -4541.16 -1.89352 31.1601 13.6877 -4560.53
(1,(2,((4,6),5)),3); -4541.68 -2.23662 28.2268 13.529 -4558.61
(((1,2),3),4,(5,6)); -4532.8 -1.52784 31.3868 13.6232 -4552.1
((1,(2,3)),4,(5,6)); -4539.5 -1.66481 27.2448 13.0472 -4555.36
(1,(2,3),(4,(5,6))); -4539.3 -1.66481 27.7192 13.8309 -4554.85
(((1,(2,3)),4),5,6); -4535.85 -1.66481 30.985 13.145 -4555.36
(1,2,(3,(4,(5,6)))); -4537.32 -1.52784 26.9307 13.5717 -4552.2
(((1,2),3),4,(5,6)); -4533.3 -1.52784 31.0367 13.7934 -4552.07
(((1,3),2),(4,6),5); -4540.66 -2.23662 30.0706 13.8497 -4559.12
((((1,3),2),4),5,6); -4535.19 -2.00791 32.691 13.792 -4556.09
((1,3),2,((4,6),5)); -4539.8 -2.23662 30.3905 13.2956 -4559.13
(1,(2,(4,(5,6))),3); -4539.59 -2.00791 28.6982 14.0074 -4556.28
((1,2),3,(4,(5,6))); -4535.13 -1.52784 29.3566 13.7307 -4552.28
((1,((4,6),5)),2,3); -4543.75 -1.89352 27.8286 13.0928 -4560.38
(((1,2),3),(4,6),5); -4537.79 -1.75655 26.5467 13.6659 -4552.43
((1,3),2,(4,(5,6))); -4538.16 -2.00791 28.4499 13.1152 -4555.5
((1,2),3,(4,(5,6))); -4533.62 -1.52784 30.9193 13.759 -4552.31
(1,(2,(4,(5,6))),3); -4538.52 -2.00791 29.7346 14.1238 -4556.14
((1,2),3,(4,(5,6))); -4535.08 -1.52784 29.1062 14.0165 -4551.7
(1,2,(3,(4,(5,6)))); -4535.53 -1.52784 28.626 13.6665 -4552.02
((1,(2,3)),(4,5),6); -4545.85 -4.78762 31.8515 13.6266 -4568.87
((1,2),3,((4,6),5)); -4532.63 -1.75655 31.643 13.7844 -4552.25
(((1,2),3),(4,6),5); -4536.36 -1.75655 27.3846 13.1638 -4552.34
((1,(2,3)),(4,6),5); -4540.99 -1.89352 31.8086 13.5403 -4561.15
((((1,3),2),4),5,6); -4539.99 -2.00791 28.1289 13.7594 -4556.37
(((1,2),3),4,(5,6)); -4534.69 -1.52784 28.868 13.2236 -4551.86
(1,2,(3,(4,(5,6)))); -4538.06 -1.52784 26.0609 13.9035 -4551.74
((1,(4,(5,6))),2,3); -4536.35 -1.66481 31.2938 13.5791 -4555.73
(1,(2,3),(4,(5,6))); -4537.47 -1.66481 29.8161 13.2837 -4555.67
((1,(2,3)),4,(5,6)); -4539.1 -1.66481 28.7154 14.0039 -4555.47
(1,2,(3,((4,6),5))); -4536.99 -1.75655 26.9176 13.6449 -4552.02
(1,(2,(4,(5,6))),3); -4537.45 -2.00791 30.004 13.5056 -4555.95
(((1,3),2),4,(5,6)); -4535.02 -2.00791 32.598 13.5073 -4556.12
((1,2),3,((4,6),5)); -4535.38 -1.75655 28.659 13.6336 -4552.16
((((1,3),2),4),5,6); -4540.33 -2.00791 27.1103 13.6242 -4555.82
((1,(2,3)),4,(5,6)); -4540.03 -1.66481 27.408 13.518 -4555.59
((1,2),3,((4,6),5)); -4536.76 -1.75655 26.7641 13.4173 -4551.86
(((1,3),2),(4,6),5); -4538.49 -2.23662 31.9364 13.3992 -4559.26
(((1,3),2),4,(5,6)); -4536.4 -2.00791 30.9588 13.156 -4556.21
((1,(2,3)),(4,6),5); -4542.5 -1.89352 30.6253 14.0813 -4560.94
((1,(2,3)),4,(5,6)); -4537.25 -1.66481 30.3948 13.4741 -4555.84
((1,(2,3)),(4,6),5); -4543.22 -1.89352 29.83 13.7617 -4561.18
((1,(2,3)),4,(5,6)); -4539.6 -1.66481 28.0017 13.4354 -4555.83
((((1,3),2),4),5,6); -4536.92 -2.00791 30.8934 13.5839 -4556.24
((1,2),3,((4,6),5)); -4537.21 -1.75655 26.2202 12.9628 -4552.23
((1,3),2,(4,(5,6))); -4542.22 -2.00791 23.7862 12.5771 -4555.43
((1,((4,6),5)),2,3); -4541.78 -1.89352 30.343 13.3462 -4560.67
(((1,(2,3)),4),5,6); -4537.31 -1.66481 29.3329 13.0432 -4555.27
(1,(2,((4,6),5)),3); -4542.62 -2.23662 27.9306 13.368 -4559.42
((1,2),3,((4,6),5)); -4534.21 -1.75655 29.5667 13.2343 -4552.3
(1,2,(3,(4,(5,6)))); -4535.72 -1.52784 28.0887 13.5027 -4551.83
((1,(2,3)),(4,6),5); -4541.84 -1.89352 31.3453 13.571 -4561.51
((((1,2),3),4),5,6); -4534.97 -1.52784 28.971 13.8469 -4551.62
((1,(2,3)),4,(5,6)); -4535.46 -1.66481 32.3337 13.7695 -4555.69
(((1,3),2),4,(5,6)); -4541.19 -2.00791 26.3472 13.8691 -4555.67
((1,2),3,(4,(5,6))); -4534.42 -1.52784 29.4963 13.4358 -4552.01
((((1,3),2),4),5,6); -4538.42 -2.00791 29.3521 13.4929 -4556.29
((((1,3),2),4),5,6); -4536.59 -2.00791 31.6724 13.6977 -4556.57
((1,2),3,(4,(5,6))); -4533.11 -1.52784 30.5501 13.4513 -4551.74
(1,((2,(5,6)),4),3); -4581.44 -9.21034 38.4071 13.1922 -4615.86
(1,2,(3,((4,6),5))); -4534.63 -1.75655 29.2637 13.4316 -4552.22
((1,((4,6),5)),2,3); -4543.47 -1.89352 28.1161 13.0984 -4560.38
(((1,2),3),(4,6),5); -4535.23 -1.75655 29.0679 13.5425 -4552.51
(((1,(2,3)),5),4,6); -4543 -1.89352 28.8994 13.3185 -4560.47
(1,2,(3,(4,(5,6)))); -4533.53 -1.52784 30.9478 13.7244 -4552.29
((1,(4,6)),(2,5),3); -4607.44 -7.49862 29.9598 13.131 -4631.77
((1,(2,3)),(4,5),6); -4547.62 -4.78762 30.1302 13.2119 -4569.33
(((1,(2,3)),4),5,6); -4545.2 -1.66481 22.5164 14.0024 -4555.38
(1,2,(3,(4,(5,6)))); -4533.3 -1.52784 30.4721 13.4408 -4551.86
((1,(2,3)),4,(5,6)); -4539.74 -1.66481 27.4418 13.2859 -4555.56
((((1,2),3),4),5,6); -4533.24 -1.52784 30.5721 13.6159 -4551.72
((1,2),3,(4,(5,6))); -4533.68 -1.52784 30.5847 13.8692 -4551.92
((1,2),3,((4,6),5)); -4536.2 -1.75655 27.8345 13.4325 -4552.36
((((1,2),3),5),4,6); -4536.18 -1.75655 28.0624 13.6085 -4552.39
((1,2),3,(4,(5,6))); -4533.24 -1.52784 30.5049 13.5089 -4551.76
(1,(2,3),(4,(5,6))); -4540.65 -1.66481 27.2443 14.0427 -4555.52
(1,(2,((4,6),5)),3); -4539.82 -2.23662 29.6319 13.1636 -4558.52
((((1,2),3),5),4,6); -4538.51 -1.75655 25.5367 13.3438 -4552.46
(1,2,(3,(4,(5,6)))); -4533.6 -1.52784 29.9819 13.2678 -4551.84
(((1,3),2),(4,6),5); -4541.25 -2.23662 29.582 13.6202 -4559.45
((((1,2),3),5),4,6); -4537.77 -1.75655 26.501 13.478 -4552.55
((((1,2),3),6),4,5); -4538.43 -4.65065 32.429 13.4435 -4562.07
(((1,(2,3)),4),5,6); -4538.17 -1.66481 29.2682 13.6289 -4555.48
(((1,3),2),(4,6),5); -4541.34 -2.23662 29.082 13.7984 -4558.86
(((1,3),2),4,(5,6)); -4538.29 -2.00791 28.6511 13.3391 -4555.61
((((1,3),2),4),5,6); -4542.9 -2.00791 24.7058 13.1535 -4556.46
((1,2),3,(4,(5,6))); -4537.37 -1.52784 25.665 12.9335 -4551.63
(((1,(2,3)),4),5,6); -4537.06 -1.66481 30.3692 13.4984 -4555.59
(((1,2),3),(4,6),5); -4532.06 -1.75655 32.1176 13.6632 -4552.27
(1,(2,3),((4,6),5)); -4540.94 -1.89352 31.6471 13.3915 -4561.09
((1,(4,(5,6))),2,3); -4537.32 -1.66481 30.0427 13.3249 -4555.7
((1,2),3,((4,6),5)); -4541.33 -1.75655 22.748 13.6055 -4552.22
((1,3),2,(4,(5,6))); -4537.75 -2.00791 29.4297 13.2399 -4555.95
(1,(2,3),((4,6),5)); -4540.51 -1.89352 32.3057 13.7901 -4560.92
(((1,2),3),4,(5,6)); -4533.67 -1.52784 29.9143 13.3286 -4551.78
((1,2),3,((4,6),5)); -4532.05 -1.75655 32.4169 13.7004 -4552.52
(((1,(2,3)),5),4,6); -4541.27 -1.89352 31.2683 13.7742 -4560.65
((1,2),3,((4,6),5)); -4532.53 -1.75655 31.1183 13.3363 -4552.06
((((1,3),2),4),5,6); -4536.14 -2.00791 30.9396 13.4669 -4555.63
(1,(2,(4,(5,6))),3); -4537.55 -2.00791 30.4264 13.4397 -4556.54
((((1,2),3),4),5,6); -4532.44 -1.52784 31.7349 13.4849 -4552.21
((1,(2,3)),4,(5,6)); -4535.22 -1.66481 32.7292 13.8897 -4555.73
((1,((2,5),3)),4,6); -4605.78 -7.49862 31.2057 12.9727 -4631.51
(((1,(2,3)),4),5,6); -4539.49 -1.66481 27.013 13.205 -4554.96
(1,(2,3),((4,6),5)); -4540.1 -1.89352 32.6309 13.5485 -4561.07
(1,(2,((4,6),5)),3); -4539.86 -2.23662 30.2931 13.7311 -4558.66
((((1,3),2),4),5,6); -4538.91 -2.00791 28.8829 13.5443 -4556.26
(((1,(2,3)),5),4,6); -4542.06 -1.89352 30.8176 13.4872 -4561.28
((1,(4,(5,6))),2,3); -4538.17 -1.66481 28.9237 13.5887 -4555.17
((1,(4,(5,6))),2,3); -4537.2 -1.66481 30.2959 13.7472 -4555.41
((((1,2),3),5),4,6); -4533.76 -1.75655 30.8751 13.6847 -4552.71
(1,(2,3),(4,(5,6))); -4539.28 -1.66481 27.1663 13.0004 -4555.11
(1,2,(3,(4,(5,6)))); -4534.82 -1.52784 29.0335 13.2329 -4552.15
((((1,3),2),4),5,6); -4538.89 -2.00791 27.888 13.0731 -4555.71
((((1,3),2),4),5,6); -4535.44 -2.00791 31.529 13.3282 -4555.65
((1,3),2,((4,6),5)); -4543.36 -2.23662 27.1747 13.3542 -4559.42
((1,((4,6),5)),2,3); -4541.47 -1.89352 30.7238 13.6484 -4560.43
((1,2),3,(4,(5,6))); -4534.8 -1.52784 29.7485 13.921 -4552.15
((1,(2,3)),(4,5),6); -4548 -4.78762 29.6184 13.5577 -4568.84
(((1,(2,3)),5),4,6); -4542.05 -1.89352 30.3471 13.7045 -4560.58
((((1,3),2),5),4,6); -4537.79 -2.23662 32.713 13.536 -4559.2
((((1,3),2),6),4,5); -4547.98 -5.13072 29.1515 13.3347 -4568.93
(((1,(2,3)),6),4,5); -4549.04 -4.78762 28.0097 13.1889 -4568.65
(1,2,(3,(4,(5,6)))); -4534.41 -1.52784 29.1643 13.3865 -4551.71
(1,2,(3,(4,(5,6)))); -4533.89 -1.52784 29.5425 13.2974 -4551.67
((((1,3),2),4),5,6); -4539.94 -2.00791 27.9045 13.6654 -4556.18
((1,(2,3)),(4,6),5); -4545.27 -1.89352 26.6742 13.2157 -4560.62
((1,(2,3)),4,(5,6)); -4537.67 -1.66481 30.0115 13.8625 -4555.48
((1,2),3,(4,(5,6))); -4532.64 -1.52784 31.5878 13.5815 -4552.18
((1,((4,6),5)),2,3); -4541.85 -1.89352 30.665 13.245 -4561.16
((((1,2),3),5),4,6); -4532.89 -1.75655 31.7946 13.6377 -4552.81
((((1,2),3),4),5,6); -4532.36 -1.52784 31.8693 13.5805 -4552.17
(1,(2,((4,6),5)),3); -4543.44 -2.23662 26.8217 13.9346 -4558.57
(1,(2,3),(4,(5,6))); -4536.02 -1.66481 30.982 13.2934 -4555.37
(((1,2),3),(4,5),6); -4546.89 -4.65065 22.1827 13.3424 -4560.38
((1,2),3,((4,6),5)); -4534.3 -1.75655 29.8991 13.7928 -4552.16
(1,2,(3,(4,(5,6)))); -4535.92 -1.52784 28.0255 13.4129 -4552.06
((1,3),2,(4,(5,6))); -4541.94 -2.00791 24.9647 13.3137 -4555.6
((1,(2,3)),(4,6),5); -4544.68 -1.89352 27.9925 13.4791 -4561.09
((((1,2),3),5),4,6); -4533.66 -1.75655 30.8968 13.6708 -4552.64
(1,2,(3,((4,6),5))); -4533.95 -1.75655 30.419 13.6789 -4552.45
(1,2,(3,((4,6),5))); -4531.71 -1.75655 32.5283 13.7575 -4552.24
((((1,2),3),4),5,6); -4537.29 -1.52784 27.3042 13.7402 -4552.38
(((1,(2,3)),4),5,6); -4536.11 -1.66481 30.9971 13.567 -4555.21
((((1,3),2),5),4,6); -4541.6 -2.23662 28.1989 13.1556 -4558.88
(((1,3),2),(4,6),5); -4547.6 -2.23662 22.0637 12.8665 -4559.03
(((1,(2,3)),4),5,6); -4540.85 -1.66481 26.7902 13.5281 -4555.78
(1,2,(3,(4,(5,6)))); -4532.3 -1.52784 31.869 13.4565 -4552.24
((1,3),2,((4,6),5)); -4539.57 -2.23662 30.2235 13.1569 -4558.88
(((1,(2,3)),4),5,6); -4535.58 -1.66481 31.5905 13.451 -4555.39
(1,(2,3),(4,(5,6))); -4537.53 -1.66481 29.5234 13.5243 -4555.2
((1,2),3,(4,(5,6))); -4535.59 -1.52784 28.1278 13.5714 -4551.67
((1,(2,3)),4,(5,6)); -4540.54 -1.66481 27.4379 14.1798 -4555.46
(1,(2,3),((4,6),5)); -4541.07 -1.89352 31.3471 13.4796 -4560.83
((1,2),3,((4,6),5)); -4532.56 -1.75655 32.0048 13.7429 -4552.58
(1,2,(3,((4,6),5))); -4535.76 -1.75655 28.7463 13.9314 -4552.33
(((1,2),3),(4,6),5); -4534.26 -1.75655 30.3526 14.0878 -4552.28
((1,((4,6),5)),2,3); -4540.1 -1.89352 32.4067 13.6238 -4560.78
((1,(2,3)),4,(5,6)); -4542.21 -1.66481 25.1724 13.9132 -4555.13
((1,(2,3)),4,(5,6)); -4539.86 -1.66481 27.0356 13.3625 -4555.2
(1,2,(3,((4,6),5))); -4534.14 -1.75655 30.1179 13.5145 -4552.5
((((1,3),2),5),4,6); -4541.91 -2.23662 28.3937 13.5645 -4558.98
(1,(2,3),(4,(5,6))); -4541.43 -1.66481 25.0572 12.8312 -4555.32
(((1,2),3),4,(5,6)); -4533.59 -1.52784 30.425 13.4827 -4552.06
(1,(2,((4,6),5)),3); -4543.86 -2.23662 26.5964 13.8665 -4558.83
(1,(2,3),((4,6),5)); -4542.26 -1.89352 30.3011 13.778 -4560.68
(1,(2,(4,(5,6))),3); -4535.21 -2.00791 32.1598 13.5785 -4555.8
((1,(4,(5,6))),2,3); -4535.63 -1.66481 31.5827 13.5378 -4555.34
(((1,(2,3)),5),4,6); -4546.54 -1.89352 25.76 13.3723 -4560.82
((1,3),2,((4,6),5)); -4541.68 -2.23662 29.11 13.7291 -4559.3
((1,((4,6),5)),2,3); -4541.28 -1.89352 31.7487 13.631 -4561.29
(((1,3),2),4,(5,6)); -4538.32 -2.00791 28.8647 13.1503 -4556.04
(1,(2,(4,(5,6))),3); -4536.89 -2.00791 31.3115 13.9276 -4556.28
((1,(2,3)),(4,6),5); -4544.38 -1.89352 28.6154 13.5237 -4561.37
(1,(2,(4,(5,6))),3); -4539.87 -2.00791 27.6938 13.4202 -4556.15
(((1,(2,3)),5),4,6); -4541.43 -1.89352 31.3743 13.5212 -4561.18
(((1,(2,3)),4),5,6); -4539.8 -1.66481 27.2281 13.3999 -4555.29
((1,2),3,(4,(5,6))); -4537.52 -1.52784 26.2086 13.4187 -4551.84
(((1,3),2),(4,6),5); -4538.59 -2.23662 32.1826 13.7305 -4559.28
(((1,2),3),4,(5,6)); -4535.56 -1.52784 28.7975 14.2025 -4551.68
((((1,3),2),4),5,6); -4537.52 -2.00791 29.2323 13.045 -4555.71
((1,(2,3)),(4,6),5); -4541.41 -1.89352 31.1568 13.715 -4560.75
(((1,(2,3)),5),4,6); -4540.37 -1.89352 31.9417 13.6283 -4560.57
(((1,3),2),(4,6),5); -4542.21 -2.23662 27.9409 13.2294 -4559.16
((1,2),3,((4,6),5)); -4533.22 -1.75655 30.3022 13.2076 -4552.08
((1,2),3,((4,6),5)); -4534.02 -1.75655 30.0761 13.2825 -4552.57
(((1,3),2),4,(5,6)); -4541.55 -2.00791 26.4859 13.801 -4556.24
(((1,(2,3)),4),5,6); -4536.63 -1.66481 30.5083 13.2337 -4555.57
((1,2),3,((4,6),5)); -4538.25 -1.75655 25.9711 13.897 -4552.08
((((1,2),3),5),4,6); -4531.94 -1.75655 31.693 13.4369 -4551.95
(((1,(2,3)),4),5,6); -4540.36 -1.66481 26.3496 12.9512 -4555.42
((1,(2,3)),(4,6),5); -4542.74 -1.89352 30.0804 13.6682 -4561.04
((1,2),3,((4,5),6)); -4540.85 -4.65065 28.6336 13.4031 -4560.73
(1,(2,((4,6),5)),3); -4540.34 -2.23662 30.2383 13.7889 -4559.02
(1,(2,((4,6),5)),3); -4541.93 -2.23662 28.437 13.6753 -4558.93
(((1,(2,3)),4),5,6); -4539.82 -1.66481 27.3402 13.4015 -4555.42
((1,3),2,(4,(5,6))); -4539.09 -2.00791 28.6109 13.6068 -4556.1
((1,3),2,((4,6),5)); -4541.63 -2.23662 28.6622 13.5231 -4559.01
(1,2,(3,(4,(5,6)))); -4538.21 -1.52784 25.42 12.9978 -4552.16
(((1,3),2),4,(5,6)); -4538.52 -2.00791 29.1205 13.6069 -4556.04
((((1,2),3),4),5,6); -4536.11 -1.52784 26.4624 12.8947 -4551.2
((((1,3),2),4),5,6); -4536.88 -2.00791 30.1155 13.5119 -4555.49
((1,3),2,(4,(5,6))); -4538.64 -2.00791 29.4683 13.767 -4556.35
(((1,2),3),(4,6),5); -4535.06 -1.75655 29.7293 13.8416 -4552.71
(((1,2),3),4,(5,6)); -4539.53 -1.52784 24.687 13.4054 -4552.34
(((1,(2,3)),4),5,6); -4536.03 -1.66481 31.8557 13.6766 -4555.88
((((1,3),2),5),4,6); -4539.31 -2.23662 31.48 13.7427 -4559.28
(((1,3),2),(4,6),5); -4538.49 -2.23662 31.9964 13.7207 -4559
((1,(4,(5,6))),2,3); -4540.29 -1.66481 27.4112 13.8242 -4555.55
(1,(2,3),(4,(5,6))); -4537.48 -1.66481 29.9911 13.6815 -4555.46
((1,(4,(5,6))),2,3); -4541.44 -1.66481 25.4529 13.3934 -4555.17
(((1,2),3),(4,6),5); -4535.05 -1.75655 28.8871 13.6758 -4552.02
((1,3),2,(4,(5,6))); -4535.64 -2.00791 31.8797 13.4371 -4556.09
((1,3),2,((4,6),5)); -4539.09 -2.23662 31.3358 13.5886 -4559.08
(((1,3),2),4,(5,6)); -4537.55 -2.00791 30.162 13.6675 -4556.05
((1,(4,(5,6))),2,3); -4536.6 -1.66481 30.1734 13.2971 -4555.14
(1,2,(3,((4,6),5))); -4535.93 -1.75655 27.6511 13.3493 -4551.99
(1,2,(3,((4,6),5))); -4532.11 -1.75655 32.1305 13.5257 -4552.47
(((1,2),3),(4,6),5); -4535.53 -1.75655 28.0741 13.4771 -4551.88
((1,(2,3)),4,(5,6)); -4547.79 -1.66481 19.4699 13.3229 -4555.6
((((1,3),2),4),5,6); -4537.63 -2.00791 30.8449 14.0023 -4556.48
(1,(2,(4,(5,6))),3); -4538.66 -2.00791 29.2906 13.8206 -4556.14
((1,2),3,((4,6),5)); -4531.91 -1.75655 32.2433 13.5367 -4552.37
(((1,(2,3)),4),5,6); -4537.26 -1.66481 30.3962 13.937 -4555.38
(((1,(2,3)),5),4,6); -4542.3 -1.89352 30.2042 13.7554 -4560.64
((1,2),3,((4,6),5)); -4534.59 -1.75655 29.2898 13.3041 -4552.33
(((1,3),2),(4,6),5); -4540.14 -2.23662 31.0163 13.9121 -4559.48
(1,2,(3,((4,6),5))); -4534.96 -1.75655 29.2367 13.7719 -4552.18
(1,2,(3,(4,(5,6)))); -4531.66 -1.52784 32.0511 13.4507 -4551.78
((1,(2,3)),(4,6),5); -4543.11 -1.89352 29.7516 13.2994 -4561.46
(1,2,(3,((4,6),5))); -4532.25 -1.75655 32.0959 13.8093 -4552.29
((1,2),3,(4,(5,6))); -4536.12 -1.52784 27.4646 13.3417 -4551.77
(1,(2,3),((4,6),5)); -4542.82 -1.89352 30.3868 13.9526 -4561.15
((1,2),3,((4,6),5)); -4533.13 -1.75655 31.6241 13.8912 -4552.62
(1,(2,3),(4,(5,6))); -4540.57 -1.66481 26.8882 13.4731 -4555.65
((1,(4,(5,6))),2,3); -4537.17 -1.66481 30.0957 13.4807 -4555.45
(1,(2,3),((4,6),5)); -4542.21 -1.89352 30.5856 13.5358 -4561.16
((((1,2),3),5),4,6); -4532.84 -1.75655 31.8081 13.6256 -4552.78
((1,3),2,(4,(5,6))); -4538.68 -2.00791 28.4003 13.4338 -4555.65
(1,2,(3,((4,5),6))); -4538.83 -4.65065 32.2598 13.5732 -4562.17
(((1,3),2),(4,6),5); -4541.55 -2.23662 29.045 13.9067 -4558.92
(((1,2),3),4,(5,6)); -4534.67 -1.52784 28.9284 13.6984 -4551.43
((((1,3),2),4),5,6); -4536.97 -2.00791 30.5548 13.4476 -4556.08
(1,(2,((4,6),5)),3); -4540.78 -2.23662 28.9045 13.0501 -4558.87
((1,((4,6),5)),2,3); -4542.91 -1.89352 29.8751 13.7371 -4560.94
(1,2,(3,(4,(5,6)))); -4533.55 -1.52784 30.2156 13.7078 -4551.59
((1,(4,(5,6))),2,3); -4537.89 -1.66481 29.9592 13.6054 -4555.91
((1,2),3,((4,6),5)); -4533.77 -1.75655 30.6308 13.6408 -4552.52
((1,(4,(5,6))),2,3); -4542.66 -1.66481 24.8448 13.5122 -4555.66
(1,2,(3,(4,(5,6)))); -4531.96 -1.52784 31.897 13.3842 -4552
(1,(2,3),((4,6),5)); -4548.15 -1.89352 23.9509 13.1984 -4560.79
(((1,2),3),4,(5,6)); -4532.07 -1.52784 32.0822 13.8499 -4551.83
(((1,(2,3)),5),4,6); -4541.91 -1.89352 30.9074 13.6615 -4561.05
((1,(2,3)),(4,6),5); -4548.58 -1.89352 24.5082 13.9567 -4561.02
((1,(2,3)),(4,6),5); -4544.5 -1.89352 28.4534 13.9057 -4560.94
(((1,(2,3)),4),5,6); -4539.35 -1.66481 26.8752 12.8857 -4555
(((1,2),3),4,(5,6)); -4533.58 -1.52784 30.4464 13.6114 -4551.95
(1,(2,((4,6),5)),3); -4546.35 -2.23662 23.9348 13.9469 -4558.57
(1,2,(3,(4,(5,6)))); -4531.78 -1.52784 32.6796 13.814 -4552.17
(((1,3),2),4,(5,6)); -4536.35 -2.00791 30.5889 13.3242 -4555.63
(1,(2,3),(4,(5,6))); -4539.42 -1.66481 28.4856 14.2237 -4555.35
(1,(2,3),((4,6),5)); -4542.3 -1.89352 30.1034 13.0691 -4561.22
(1,2,(3,((4,6),5))); -4538.26 -1.75655 25.4281 13.2422 -4552.2
(1,(2,3),(4,(5,6))); -4536.18 -1.66481 31.1778 13.5147 -4555.51
((((1,3),2),5),4,6); -4544.86 -2.23662 24.6255 13.1536 -4558.57
