tree logl logTop logProp logPrior logWt
(1,2,(3,(4,(5,6)))); -4534.51 -1.01195 29.075 13.6195 -4550.98
(1,(2,3),((4,6),5)); -4542.67 -1.9059 29.5759 13.683 -4560.47
(1,2,(3,(4,(5,6)))); -4534.33 -1.01195 28.8967 13.3334 -4550.91
(1,2,(3,(4,(5,6)))); -4531.09 -1.01195 32.7589 13.809 -4551.05
(1,2,(3,(4,(5,6)))); -4533.72 -1.01195 29.676 13.3017 -4551.11
(1,2,(3,(4,(5,6)))); -4532.2 -1.01195 31.4122 13.4629 -4551.16
(1,2,(3,(4,(5,6)))); -4534.42 -1.01195 28.8636 13.0901 -4551.2
(1,2,(3,(4,(5,6)))); -4533.7 -1.01195 29.2272 13.1068 -4550.83
(1,2,(3,(4,(5,6)))); -4534.86 -1.01195 29.0984 13.5296 -4551.45
(1,(2,3),((4,6),5)); -4542.71 -1.9059 28.8239 13.0798 -4560.36
(1,(2,3),((4,6),5)); -4539.84 -1.9059 32.2108 13.611 -4560.35
(1,2,(3,(4,(5,6)))); -4534.11 -1.01195 29.9269 13.69 -4551.36
(1,2,(3,(4,(5,6)))); -4535.26 -1.01195 28.8184 13.7018 -4551.39
(1,(2,3),(4,(5,6))); -4538.9 -1.2431 28.4308 13.7186 -4554.86
(1,2,(3,(4,(5,6)))); -4533.68 -1.01195 30.4151 13.8782 -4551.23
(1,(2,3),((4,6),5)); -4539.98 -1.9059 32.3863 13.6681 -4560.61
(1,2,(3,((4,6),5))); -4534.71 -1.67475 29.274 13.7762 -4551.88
(1,(2,3),(4,(5,6))); -4537.97 -1.2431 29.745 13.9512 -4555.01
(1,2,(3,((4,6),5))); -4532.25 -1.67475 31.7482 13.5874 -4552.09
(1,(2,3),(4,(5,6))); -4537.82 -1.2431 29.3361 13.688 -4554.72
(1,(2,3),(4,(5,6))); -4535.64 -1.2431 31.8426 13.7964 -4554.93
(1,2,(3,(4,(5,6)))); -4537.39 -1.01195 26.7298 13.9131 -4551.22
(1,2,(3,(4,(5,6)))); -4535.36 -1.01195 28.4206 13.6586 -4551.13
(1,2,(3,(4,(5,6)))); -4537.97 -1.01195 25.2476 13.4164 -4550.82
(1,2,(3,((4,6),5))); -4537.6 -1.67475 25.9326 13.5499 -4551.66
(1,2,(3,(4,(5,6)))); -4536.23 -1.01195 26.9758 13.2395 -4550.98
(1,(2,3),(4,(5,6))); -4536.71 -1.2431 30.0536 13.5777 -4554.43
(1,(2,3),(4,(5,6))); -4539.39 -1.2431 27.9213 13.711 -4554.84
(1,(2,3),(4,(5,6))); -4538 -1.2431 29.0672 13.4914 -4554.82
(1,(2,3),((4,6),5)); -4543.83 -1.9059 28.5479 13.3197 -4560.96
(1,(2,3),(4,(5,6))); -4535.88 -1.2431 30.4388 13.1311 -4554.44
(1,2,(3,(4,(5,6)))); -4534.6 -1.01195 28.4729 13.3937 -4550.69
(1,2,(3,(4,(5,6)))); -4534.4 -1.01195 29.1364 13.6107 -4550.93
(1,2,(3,((4,6),5))); -4533.36 -1.67475 30.0939 13.1015 -4552.03
(1,(2,3),((4,6),5)); -4541.04 -1.9059 30.9309 13.3957 -4560.48
(1,(2,3),(4,(5,6))); -4537.92 -1.2431 28.7699 13.3354 -4554.6
(1,2,(3,((4,6),5))); -4536.13 -1.67475 27.3855 13.6957 -4551.49
(1,(2,3),(4,(5,6))); -4537.1 -1.2431 30.1749 13.5301 -4554.99
(1,2,(3,(4,(5,6)))); -4532.2 -1.01195 30.8653 13.3274 -4550.75
(1,2,(3,(4,(5,6)))); -4534.34 -1.01195 29.2399 13.3185 -4551.27
(1,2,(3,((4,6),5))); -4538.37 -1.67475 25.3927 13.3851 -4552.06
(1,(2,3),((4,6),5)); -4541.73 -1.9059 30.2868 13.3909 -4560.54
(1,(2,3),(4,(5,6))); -4537.93 -1.2431 29.7867 13.8699 -4555.09
(1,2,(3,(4,(5,6)))); -4532.58 -1.01195 30.88 13.3708 -4551.1
(1,(2,3),((4,6),5)); -4547.32 -1.9059 24.2346 12.9425 -4560.51
(1,2,(3,(4,(5,6)))); -4535.51 -1.01195 27.9181 13.5858 -4550.85
(1,2,(3,((4,6),5))); -4533.65 -1.67475 30.7121 13.7961 -4552.24
(1,(2,(4,(5,6))),3); -4538.52 -4.90505 28.3582 13.0968 -4558.69
(1,2,(3,(4,(5,6)))); -4534.43 -1.01195 28.5822 13.2109 -4550.82
(1,2,(3,(4,(5,6)))); -4535.65 -1.01195 28.758 13.98 -4551.44
(1,(2,3),(4,(5,6))); -4539.87 -1.2431 27.6388 13.439 -4555.31
(1,(2,3),(4,(5,6))); -4538.16 -1.2431 29.0411 13.3595 -4555.09
(1,(2,3),(4,(5,6))); -4538.17 -1.2431 28.4595 13.1547 -4554.72
(1,(2,3),(4,(5,6))); -4537.79 -1.2431 29.8574 13.632 -4555.26
(1,2,(3,(4,(5,6)))); -4535.45 -1.01195 27.9791 13.2109 -4551.23
(1,(2,3),((4,6),5)); -4547.04 -1.9059 25.0146 13.3464 -4560.61
(1,(2,3),(4,(5,6))); -4537.68 -1.2431 29.4445 13.5021 -4554.86
(1,2,(3,(4,(5,6)))); -4534.25 -1.01195 30.1155 13.9926 -4551.38
(1,(2,3),(4,(5,6))); -4537.75 -1.2431 29.0621 13.3237 -4554.73
(1,(2,3),(4,(5,6))); -4535.99 -1.2431 31.3645 13.5848 -4555.01
(1,(2,3),(4,(5,6))); -4538.17 -1.2431 28.6189 13.2928 -4554.74
(1,2,(3,((4,6),5))); -4536.65 -1.67475 26.7402 12.9897 -4552.07
(1,(2,3),(4,(5,6))); -4539.13 -1.2431 27.9895 13.5201 -4554.84
(1,(2,3),(4,(5,6))); -4537.04 -1.2431 29.5574 13.2207 -4554.62
(1,(2,3),(4,(5,6))); -4538.31 -1.2431 29.096 13.8433 -4554.81
(1,2,(3,(4,(5,6)))); -4534.22 -1.01195 29.1766 13.4364 -4550.97
(1,(2,3),(4,(5,6))); -4538.56 -1.2431 28.8713 13.8235 -4554.85
(1,(2,3),(4,(5,6))); -4539.13 -1.2431 28.2873 13.5239 -4555.14
(1,2,(3,((4,6),5))); -4532.28 -1.67475 30.9492 13.2243 -4551.68
(1,2,(3,(4,(5,6)))); -4533.07 -1.01195 30.6357 13.7241 -4551
(1,2,(3,(4,(5,6)))); -4534.53 -1.01195 29.2648 13.9434 -4550.86
(1,2,(3,(4,(5,6)))); -4538.74 -1.01195 24.152 13.2879 -4550.62
(1,2,(3,(4,(5,6)))); -4532.67 -1.01195 31.1224 13.6386 -4551.17
(1,(2,3),((4,6),5)); -4541.56 -1.9059 30.7625 13.6442 -4560.58
(1,(2,3),((4,6),5)); -4544.66 -1.9059 27.2368 12.9295 -4560.88
(1,(2,3),((4,6),5)); -4543.85 -1.9059 27.8386 13.0479 -4560.55
(1,(2,3),(4,(5,6))); -4536.29 -1.2431 30.9275 13.7322 -4554.72
(1,2,(3,((4,6),5))); -4538.02 -1.67475 24.7538 12.992 -4551.46
(1,(2,3),((4,6),5)); -4542.39 -1.9059 29.9827 13.4222 -4560.86
(1,(2,3),(4,(5,6))); -4537.27 -1.2431 29.1452 13.2624 -4554.39
(1,2,(3,((4,6),5))); -4534.04 -1.67475 29.4664 13.2851 -4551.9
(1,(2,3),(4,(5,6))); -4537.6 -1.2431 30.4014 14.0654 -4555.17
(1,(2,3),((4,6),5)); -4546.77 -1.9059 24.4554 12.7985 -4560.34
(1,2,(3,((4,6),5))); -4535.73 -1.67475 28.2158 13.407 -4552.21
(1,2,(3,((4,6),5))); -4532.56 -1.67475 31.3303 13.6851 -4551.88
(1,2,(3,((4,6),5))); -4543.27 -1.67475 20.1039 13.1116 -4551.94
(1,2,(3,(4,(5,6)))); -4533.93 -1.01195 29.7642 13.4509 -4551.26
(1,2,(3,((4,6),5))); -4535.07 -1.67475 28.779 13.4448 -4552.08
(1,2,(3,(4,(5,6)))); -4535.28 -1.01195 27.4534 13.2134 -4550.54
(1,(2,3),(4,(5,6))); -4537.02 -1.2431 29.729 13.4747 -4554.52
(1,(2,3),(4,(5,6))); -4536.19 -1.2431 30.8539 13.6958 -4554.59
(1,(2,3),((4,6),5)); -4542.46 -1.9059 29.0814 13.2755 -4560.17
(1,(2,3),(4,(5,6))); -4535.43 -1.2431 31.4339 13.4884 -4554.62
(1,(2,3),(4,(5,6))); -4536.98 -1.2431 30.5591 13.7199 -4555.06
(1,2,(3,((4,6),5))); -4534.54 -1.67475 29.5303 13.9264 -4551.82
(1,(2,3),((4,6),5)); -4542.5 -1.9059 29.6444 13.276 -4560.77
(1,2,(3,(4,(5,6)))); -4536.59 -1.01195 27.0364 13.4614 -4551.18
(1,2,(3,(4,(5,6)))); -4535.04 -1.01195 28.2599 13.4739 -4550.84
(1,(2,3),(4,(5,6))); -4535.5 -1.2431 31.1832 13.4855 -4554.44
(1,2,(3,(4,(5,6)))); -4532.91 -1.01195 30.8132 13.371 -4551.36
(1,(2,3),((4,6),5)); -4542.19 -1.9059 30.5734 13.8075 -4560.86
(1,(2,3),((4,6),5)); -4542.4 -1.9059 29.614 13.376 -4560.55
(1,(2,3),(4,(5,6))); -4543.36 -1.2431 23.7572 13.4521 -4554.91
(1,(2,3),(4,(5,6))); -4535.7 -1.2431 30.9516 13.3452 -4554.55
(1,2,(3,(4,(5,6)))); -4532.85 -1.01195 30.5336 13.4912 -4550.9
(1,2,(3,(4,(5,6)))); -4532.85 -1.01195 30.6157 13.5227 -4550.95
(1,2,(3,((4,6),5))); -4532.57 -1.67475 31.1503 13.4784 -4551.92
(1,2,(3,(4,(5,6)))); -4533.48 -1.01195 30.1612 13.2974 -4551.35
(1,2,(3,((4,6),5))); -4533.18 -1.67475 30.9326 13.8332 -4551.95
(1,2,(3,(4,(5,6)))); -4534.6 -1.01195 29.3244 13.8565 -4551.08
(1,2,(3,(4,(5,6)))); -4531.76 -1.01195 32.3525 13.775 -4551.35
(1,(2,3),((4,6),5)); -4542.59 -1.9059 29.7775 13.5067 -4560.77
(1,2,(3,(4,(5,6)))); -4534.32 -1.01195 29.628 13.8431 -4551.11
(1,(2,3),(4,(5,6))); -4535.45 -1.2431 31.5414 13.5301 -4554.71
(1,(2,3),((4,6),5)); -4544.98 -1.9059 27.4823 13.5218 -4560.85
(1,(2,3),(4,(5,6))); -4536.95 -1.2431 29.9648 13.5574 -4554.6
(1,2,(3,(4,(5,6)))); -4532.78 -1.01195 30.4495 13.3346 -4550.9
(1,(2,3),(4,(5,6))); -4535.2 -1.2431 31.3933 13.2994 -4554.53
(1,(2,3),((4,6),5)); -4541.25 -1.9059 30.8971 13.5616 -4560.49
(1,(2,3),(4,(5,6))); -4535.84 -1.2431 31.1886 13.5816 -4554.69
(1,2,(3,((4,6),5))); -4534.64 -1.67475 29.6595 13.8624 -4552.11
(1,(2,3),(4,(5,6))); -4535.92 -1.2431 31.5267 13.5253 -4555.16
(1,2,(3,((4,6),5))); -4533.73 -1.67475 29.9228 13.4555 -4551.87
(1,2,(3,(4,(5,6)))); -4534.71 -1.01195 29.1137 13.8412 -4551
(1,2,(3,(4,(5,6)))); -4532.72 -1.01195 30.6951 13.2382 -4551.19
(1,(2,3),(4,(5,6))); -4535.56 -1.2431 31.8534 13.5932 -4555.06
(1,2,(3,((4,6),5))); -4534.43 -1.67475 28.7105 13.2309 -4551.58
(1,(2,3),(4,(5,6))); -4543.65 -1.2431 22.8367 13.0655 -4554.66
(1,(2,3),(4,(5,6))); -4539.43 -1.2431 27.3363 13.6871 -4554.32
(1,2,(3,(4,(5,6)))); -4532.92 -1.01195 30.3025 13.5068 -4550.73
(1,2,(3,(4,(5,6)))); -4535.81 -1.01195 27.9846 13.4896 -4551.32
(1,(2,3),(4,(5,6))); -4535.64 -1.2431 31.2202 13.1817 -4554.92
(1,2,(3,((4,6),5))); -4532.32 -1.67475 31.9634 13.7046 -4552.26
(1,2,(3,((4,6),5))); -4532.34 -1.67475 31.4876 13.4651 -4552.04
(1,2,(3,((4,6),5))); -4534.67 -1.67475 28.8057 13.1853 -4551.96
(1,(2,3),(4,(5,6))); -4536.43 -1.2431 30.687 13.4692 -4554.89
(1,2,(3,((4,6),5))); -4533.37 -1.67475 29.9157 13.2189 -4551.74
(1,(2,3),(4,(5,6))); -4538.61 -1.2431 28.3629 13.1133 -4555.11
(1,(2,3),((4,6),5)); -4539.92 -1.9059 31.9202 13.2683 -4560.47
(1,2,(3,((4,6),5))); -4537.25 -1.67475 26.9869 14.0008 -4551.91
(1,2,(3,(4,(5,6)))); -4541.75 -1.01195 20.7902 13.0093 -4550.54
(1,2,(3,((4,6),5))); -4534.4 -1.67475 29.322 13.3561 -4552.04
(1,(2,3),((4,6),5)); -4543.4 -1.9059 28.1027 13.0871 -4560.32
(1,2,(3,((4,6),5))); -4532.56 -1.67475 30.4008 13.1457 -4551.49
(1,2,(3,(4,(5,6)))); -4533.63 -1.01195 30.0611 13.6326 -4551.07
(1,(2,3),(4,(5,6))); -4535.46 -1.2431 31.7375 13.5443 -4554.9
(1,(2,3),(4,(5,6))); -4540.95 -1.2431 27.0669 14.0072 -4555.25
(1,2,(3,(4,(5,6)))); -4534.64 -1.01195 28.7969 13.6866 -4550.76
(1,2,(3,(4,(5,6)))); -4534.16 -1.01195 29.2343 13.5939 -4550.81
(1,(2,3),(4,(5,6))); -4538.27 -1.2431 29.2563 13.8145 -4554.95
(1,2,(3,((4,6),5))); -4532.12 -1.67475 31.099 13.1871 -4551.7
(1,2,(3,(4,(5,6)))); -4537.46 -1.01195 27.0604 14.3023 -4551.23
(1,(2,3),(4,(5,6))); -4541.72 -1.2431 25.4486 13.6133 -4554.8
(1,(2,((4,6),5)),3); -4539.33 -5.56785 31.0999 13.9042 -4562.09
(1,2,(3,((4,6),5))); -4536.3 -1.67475 27.6761 13.8698 -4551.78
(1,(2,3),((4,6),5)); -4541.01 -1.9059 30.9762 13.3432 -4560.55
(1,2,(3,((4,6),5))); -4535.66 -1.67475 27.516 13.0653 -4551.79
(1,(2,3),(4,(5,6))); -4536.24 -1.2431 30.7568 13.3987 -4554.84
(1,2,(3,((4,6),5))); -4538.41 -1.67475 26.0361 14.0018 -4552.12
(1,2,(3,(4,(5,6)))); -4534.74 -1.01195 29.9159 14.0003 -4551.67
(1,(2,3),(4,(5,6))); -4535.75 -1.2431 31.5696 13.5234 -4555.03
(1,2,(3,(4,(5,6)))); -4534.98 -1.01195 29.3539 14.0386 -4551.3
(1,2,(3,(4,(5,6)))); -4533.83 -1.01195 29.2542 13.1039 -4550.99
(1,(2,3),(4,(5,6))); -4537.46 -1.2431 29.4565 13.6281 -4554.53
(1,2,(3,(4,(5,6)))); -4533.28 -1.01195 30.6208 13.5855 -4551.33
(1,2,(3,(4,(5,6)))); -4538.34 -1.01195 25.6288 14.0521 -4550.93
(1,(2,3),(4,(5,6))); -4537.61 -1.2431 28.6513 13.3738 -4554.13
(1,2,(3,((4,6),5))); -4532.57 -1.67475 31.2516 13.6067 -4551.89
(1,(2,3),(4,(5,6))); -4535.66 -1.2431 31.6695 13.5025 -4555.07
(1,(2,3),(4,(5,6))); -4537.59 -1.2431 29.9459 13.9581 -4554.82
(1,(2,3),((4,6),5)); -4543.41 -1.9059 29.4218 13.7206 -4561.02
(1,(2,3),(4,(5,6))); -4536.22 -1.2431 30.6426 13.3706 -4554.74
(1,2,(3,(4,(5,6)))); -4533.35 -1.01195 29.7485 13.4433 -4550.66
(1,2,(3,(4,(5,6)))); -4533.48 -1.01195 29.6626 13.3361 -4550.82
(1,2,(3,(4,(5,6)))); -4533.85 -1.01195 28.6058 12.977 -4550.49
(1,(2,3),(4,(5,6))); -4536.79 -1.2431 29.9364 13.3412 -4554.63
(1,(2,3),((4,6),5)); -4543.46 -1.9059 28.8135 13.8295 -4560.35
(1,2,(3,(4,(5,6)))); -4532.85 -1.01195 30.9069 13.6561 -4551.12
(1,2,(3,(4,(5,6)))); -4533.82 -1.01195 29.8024 13.5112 -4551.12
(1,(2,3),(4,(5,6))); -4535.66 -1.2431 31.2921 13.5362 -4554.66
(1,(2,3),(4,(5,6))); -4541.69 -1.2431 25.0189 13.2009 -4554.75
(1,2,(3,(4,(5,6)))); -4534.98 -1.01195 28.6051 13.5195 -4551.08
(1,2,(3,(4,(5,6)))); -4533.56 -1.01195 30.4234 13.8087 -4551.19
(1,2,(3,(4,(5,6)))); -4543.24 -1.01195 18.8704 12.6523 -4550.47
(1,2,(3,((4,6),5))); -4533.71 -1.67475 29.6458 13.3842 -4551.64
(1,2,(3,(4,(5,6)))); -4533.87 -1.01195 29.9005 13.8113 -4550.97
(1,2,(3,((4,6),5))); -4534.93 -1.67475 28.7155 13.3849 -4551.94
(1,2,(3,(4,(5,6)))); -4534.74 -1.01195 28.8118 13.5765 -4550.99
(1,2,(3,((4,6),5))); -4535.86 -1.67475 28.1566 13.9224 -4551.76
(1,2,(3,(4,(5,6)))); -4533.05 -1.01195 30.2027 13.6304 -4550.63
(1,(2,3),(4,(5,6))); -4542.88 -1.2431 23.3563 12.852 -4554.63
(1,2,(3,((4,6),5))); -4531.44 -1.67475 32.5258 13.6241 -4552.02
(1,(2,3),(4,(5,6))); -4537.93 -1.2431 28.3734 13.237 -4554.31
(1,(2,3),(4,(5,6))); -4535.26 -1.2431 31.959 13.48 -4554.99
(1,2,(3,((4,6),5))); -4533.48 -1.67475 30.6427 13.8302 -4551.96
(1,2,(3,(4,(5,6)))); -4537.04 -1.01195 25.5567 13.0242 -4550.59
(1,2,(3,(4,(5,6)))); -4532.55 -1.01195 30.4581 13.3794 -4550.64
(1,(2,3),(4,(5,6))); -4537.33 -1.2431 30.0598 13.5056 -4555.12
(1,(2,3),((4,6),5)); -4546.7 -1.9059 24.4693 13.1387 -4559.94
(1,(2,3),(4,(5,6))); -4538.6 -1.2431 28.8212 14.0668 -4554.6
(1,2,(3,(4,(5,6)))); -4531.87 -1.01195 31.4537 13.4369 -4550.9
(1,(2,3),(4,(5,6))); -4539.27 -1.2431 27.801 13.2451 -4555.07
(1,(2,3),(4,(5,6))); -4537.98 -1.2431 28.4489 13.1516 -4554.52
(1,2,(3,(4,(5,6)))); -4534.8 -1.01195 28.6608 13.3126 -4551.16
(1,2,(3,(4,(5,6)))); -4536.19 -1.01195 27.3721 13.2417 -4551.33
(1,2,(3,(4,(5,6)))); -4533.39 -1.01195 30.1613 13.477 -4551.08
(1,(2,3),(4,(5,6))); -4535.27 -1.2431 31.4648 13.4421 -4554.53
(1,2,(3,((4,6),5))); -4531.96 -1.67475 31.9869 13.788 -4551.84
(1,2,(3,(4,(5,6)))); -4533.77 -1.01195 29.2405 13.4271 -4550.59
(1,(2,3),(4,(5,6))); -4538.19 -1.2431 28.5838 13.5452 -4554.47
(1,(2,3),((4,6),5)); -4540.68 -1.9059 31.6097 13.6485 -4560.54
(1,(2,3),(4,(5,6))); -4535.69 -1.2431 31.711 13.8678 -4554.77
(1,2,(3,(4,(5,6)))); -4533.12 -1.01195 30.7609 13.5707 -4551.32
(1,(2,3),(4,(5,6))); -4540.21 -1.2431 26.7543 13.5765 -4554.63
(1,2,(3,(4,(5,6)))); -4535.8 -1.01195 27.1598 13.1679 -4550.8
(1,(2,3),(4,(5,6))); -4538.48 -1.2431 28.3207 13.3264 -4554.72
(1,2,(3,(4,(5,6)))); -4534.82 -1.01195 27.7127 13.1117 -4550.43
(1,2,(3,((4,6),5))); -4533.73 -1.67475 29.3976 13.3646 -4551.43
(1,2,(3,(4,(5,6)))); -4532.71 -1.01195 31.0652 13.7302 -4551.06
(1,2,(3,(4,(5,6)))); -4532.82 -1.01195 31.0087 13.5997 -4551.24
(1,(2,3),(4,(5,6))); -4538.51 -1.2431 28.1476 13.1632 -4554.74
(1,2,(3,((4,6),5))); -4535.42 -1.67475 27.4875 13.0774 -4551.51
(1,2,(3,((4,6),5))); -4537.86 -1.67475 26.1303 13.4724 -4552.19
(1,2,(3,((4,6),5))); -4531.78 -1.67475 32.1746 13.577 -4552.05
(1,(2,3),(4,(5,6))); -4536.14 -1.2431 30.8319 13.4796 -4554.73
(1,(2,3),(4,(5,6))); -4536.07 -1.2431 30.9314 13.4531 -4554.8
(1,(2,3),((4,6),5)); -4546.98 -1.9059 25.8335 13.6566 -4561.07
(1,(2,3),(4,(5,6))); -4539.17 -1.2431 28.4564 13.6812 -4555.19
(1,(2,3),(4,(5,6))); -4536.55 -1.2431 29.9389 13.0602 -4554.67
(1,(2,3),(4,(5,6))); -4541.32 -1.2431 25.8416 13.951 -4554.45
(1,2,(3,((4,6),5))); -4532.76 -1.67475 30.6664 13.2186 -4551.89
(1,(2,3),(4,(5,6))); -4537.85 -1.2431 28.8707 13.344 -4554.62
(1,2,(3,(4,(5,6)))); -4534.15 -1.01195 29.9871 13.7715 -4551.37
(1,(2,3),(4,(5,6))); -4536.59 -1.2431 30.0993 13.3407 -4554.59
(1,2,(3,(4,(5,6)))); -4535.64 -1.01195 27.5966 13.1727 -4551.08
(1,2,(3,(4,(5,6)))); -4533.59 -1.01195 29.6339 13.2157 -4551.02
(1,2,(3,(4,(5,6)))); -4533.83 -1.01195 29.1359 13.4108 -4550.56
(1,(2,3),((4,6),5)); -4541.84 -1.9059 30.4526 13.5044 -4560.69
(1,(2,3),(4,(5,6))); -4539.16 -1.2431 27.1366 13.1719 -4554.37
(1,2,(3,(4,(5,6)))); -4533.11 -1.01195 30.9605 13.7054 -4551.38
(1,2,(3,(4,(5,6)))); -4533.39 -1.01195 30.7547 13.9994 -4551.15
(1,(2,3),((4,6),5)); -4544.5 -1.9059 27.6477 13.3066 -4560.74
(1,2,(3,(4,(5,6)))); -4533.63 -1.01195 29.4359 13.2032 -4550.87
(1,2,(3,((4,6),5))); -4539.34 -1.67475 23.6937 13.1748 -4551.54
(1,2,(3,(4,(5,6)))); -4543.14 -1.01195 21.6857 14.2379 -4551.6
(1,(2,3),(4,(5,6))); -4538.1 -1.2431 28.5008 13.0877 -4554.76
(1,2,(3,((4,6),5))); -4537.53 -1.67475 26.3843 13.8827 -4551.71
(1,2,(3,(4,(5,6)))); -4532.85 -1.01195 31.0776 13.6762 -4551.26
(1,(2,3),(4,(5,6))); -4536.42 -1.2431 30.6314 13.4919 -4554.8
(1,(2,3),(4,(5,6))); -4538.71 -1.2431 27.9766 13.5854 -4554.34
(1,2,(3,((4,6),5))); -4535.83 -1.67475 28.6922 14.1568 -4552.04
(1,2,(3,((4,6),5))); -4533.44 -1.67475 29.8266 13.4293 -4551.51
(1,2,(3,(4,(5,6)))); -4534.49 -1.01195 29.5095 13.4409 -4551.57
(1,2,(3,(4,(5,6)))); -4533.87 -1.01195 30.4774 13.9457 -4551.42
(1,2,(3,(4,(5,6)))); -4536.71 -1.01195 27.2583 13.4556 -4551.53
(1,2,(3,(4,(5,6)))); -4531.34 -1.01195 32.3868 13.7293 -4551.01
(1,2,(3,(4,(5,6)))); -4532.07 -1.01195 31.6663 13.6002 -4551.15
(1,(2,3),((4,6),5)); -4539.86 -1.9059 31.7982 13.4279 -4560.13
(1,2,(3,(4,(5,6)))); -4536.97 -1.01195 26.7536 13.6468 -4551.09
(1,2,(3,(4,(5,6)))); -4537.92 -1.01195 26.5497 14.1062 -4551.37
(1,(2,3),(4,(5,6))); -4538.47 -1.2431 29.214 13.7187 -4555.21
(1,(2,3),((4,6),5)); -4544.64 -1.9059 27.7707 13.6118 -4560.7
(1,(2,3),(4,(5,6))); -4537.07 -1.2431 29.9062 13.5924 -4554.63
(1,2,(3,(4,(5,6)))); -4533.86 -1.01195 30.6486 14.131 -4551.38
(1,(2,3),((4,6),5)); -4544.18 -1.9059 27.9593 13.7741 -4560.27
(1,(2,3),(4,(5,6))); -4537.98 -1.2431 29.2015 13.6767 -4554.75
(1,2,(3,(4,(5,6)))); -4537.8 -1.01195 24.975 13.0445 -4550.74
(1,2,(3,(4,(5,6)))); -4532.83 -1.01195 30.6029 13.7231 -4550.72
(1,(2,3),(4,(5,6))); -4541.69 -1.2431 24.9315 13.3576 -4554.51
(1,2,(3,(4,(5,6)))); -4535.19 -1.01195 28.9771 13.6831 -4551.5
(1,(2,3),(4,(5,6))); -4537.47 -1.2431 29.8303 13.6398 -4554.91
(1,2,(3,(4,(5,6)))); -4533.91 -1.01195 30.5393 13.9825 -4551.48
(1,2,(3,((4,6),5))); -4535.53 -1.67475 28.5811 13.992 -4551.79
(1,(2,3),(4,(5,6))); -4543.04 -1.2431 23.8341 13.3304 -4554.78
(1,(2,3),((4,6),5)); -4541.76 -1.9059 30.6661 13.5892 -4560.74
(1,(2,3),((4,6),5)); -4545.46 -1.9059 26.6964 13.475 -4560.59
(1,(2,3),(4,(5,6))); -4535.18 -1.2431 32.1678 13.5437 -4555.05
(1,2,(3,(4,(5,6)))); -4533.78 -1.01195 28.8278 13.1159 -4550.51
(1,2,(3,(4,(5,6)))); -4535.71 -1.01195 27.7796 13.1014 -4551.4
(1,2,(3,(4,(5,6)))); -4533.16 -1.01195 30.172 13.5807 -4550.76
(1,(2,3),((4,6),5)); -4542.85 -1.9059 29.4256 13.3921 -4560.79
(1,(2,3),((4,6),5)); -4544.34 -1.9059 28.4343 13.5993 -4561.09
(1,2,(3,((4,6),5))); -4535.74 -1.67475 27.5501 13.4742 -4551.5
(1,2,(3,(4,(5,6)))); -4532.45 -1.01195 31.0499 13.4828 -4551.03
(1,(2,3),(4,(5,6))); -4538.53 -1.2431 29.2491 13.8635 -4555.15
(1,2,(3,(4,(5,6)))); -4533.63 -1.01195 29.0439 13.1715 -4550.52
(1,2,(3,(4,(5,6)))); -4535.85 -1.01195 28.6089 14.202 -4551.27
(1,2,(3,(4,(5,6)))); -4540.09 -1.01195 23.4912 13.6301 -4550.96
(1,(2,3),(4,(5,6))); -4539.48 -1.2431 27.1493 13.712 -4554.16
(1,(2,3),(4,(5,6))); -4536.37 -1.2431 30.9094 13.4929 -4555.03
(1,2,(3,(4,(5,6)))); -4533.62 -1.01195 30.0269 13.3071 -4551.35
(1,2,(3,(4,(5,6)))); -4535.93 -1.01195 27.7395 13.2747 -4551.41
(1,(2,3),((4,6),5)); -4541.31 -1.9059 31.3421 13.8241 -4560.73
(1,(2,3),(4,(5,6))); -4539.79 -1.2431 27.7913 13.4989 -4555.32
(1,(2,3),((4,6),5)); -4542.65 -1.9059 29.8881 13.4513 -4560.99
(1,(2,3),((4,6),5)); -4544.39 -1.9059 28.6269 13.902 -4561.02
(1,2,(3,((4,6),5))); -4536.43 -1.67475 26.8084 12.9574 -4551.95
(1,(2,3),(4,(5,6))); -4536.29 -1.2431 30.5267 13.3502 -4554.71
(1,(2,3),(4,(5,6))); -4539.11 -1.2431 28.1209 13.5949 -4554.88
(1,2,(3,((4,6),5))); -4532.04 -1.67475 31.6866 13.598 -4551.81
(1,(2,(4,(5,6))),3); -4536.4 -4.90505 30.8939 13.6678 -4558.54
(1,(2,3),((4,6),5)); -4541.39 -1.9059 30.3169 13.4852 -4560.13
(1,(2,3),(4,(5,6))); -4536.05 -1.2431 30.6306 13.1919 -4554.74
(1,(2,3),((4,6),5)); -4541.31 -1.9059 30.9285 13.655 -4560.49
(1,2,(3,(4,(5,6)))); -4535.68 -1.01195 28.457 14.013 -4551.14
(1,2,(3,(4,(5,6)))); -4535.39 -1.01195 27.7252 13.4983 -4550.63
(1,(2,3),(4,(5,6))); -4536.77 -1.2431 30.3746 13.3177 -4555.07
(1,(2,3),(4,(5,6))); -4537.22 -1.2431 29.835 13.613 -4554.68
(1,2,(3,((4,6),5))); -4537.25 -1.67475 25.4288 12.8066 -4551.55
(1,2,(3,(4,(5,6)))); -4540.38 -1.01195 23.7284 14.2935 -4550.83
(1,(2,3),(4,(5,6))); -4534.83 -1.2431 32.0523 13.454 -4554.67
(1,(2,3),((4,6),5)); -4545.54 -1.9059 26.1556 13.0243 -4560.57
(1,(2,3),((4,6),5)); -4551.55 -1.9059 21.5712 13.9357 -4561.09
(1,2,(3,((4,6),5))); -4533.38 -1.67475 29.9748 13.2743 -4551.76
(1,2,(3,(4,(5,6)))); -4538.82 -1.01195 25.6085 13.9653 -4551.47
(1,(2,3),(4,(5,6))); -4539.78 -1.2431 26.6631 13.0514 -4554.63
(1,2,(3,(4,(5,6)))); -4532.01 -1.01195 31.5866 13.4111 -4551.19
(1,(2,3),((4,6),5)); -4541.85 -1.9059 30.9624 13.8585 -4560.86
(1,(2,3),((4,6),5)); -4544.33 -1.9059 26.9001 13.1494 -4559.99
(1,2,(3,(4,(5,6)))); -4534.57 -1.01195 29.1142 13.7506 -4550.95
(1,(2,3),(4,(5,6))); -4539.85 -1.2431 27.5654 13.615 -4555.04
(1,2,(3,(4,(5,6)))); -4532.98 -1.01195 30.8417 13.5322 -4551.3
(1,2,(3,((4,6),5))); -4539.24 -1.67475 24.4252 13.2766 -4552.06
(1,(2,3),(4,(5,6))); -4536.07 -1.2431 31.1194 13.3352 -4555.1
(1,2,(3,(4,(5,6)))); -4532.94 -1.01195 31.3645 13.7799 -4551.54
(1,(2,3),(4,(5,6))); -4537.8 -1.2431 29.6774 13.637 -4555.09
(1,2,(3,(4,(5,6)))); -4533.21 -1.01195 30.0604 13.4574 -4550.82
(1,2,(3,((4,6),5))); -4531.64 -1.67475 31.7714 13.2786 -4551.8
(1,2,(3,(4,(5,6)))); -4536.41 -1.01195 26.8097 13.6531 -4550.58
(1,(2,((4,6),5)),3); -4539.85 -5.56785 29.2904 13.0307 -4561.67
(1,(2,3),((4,6),5)); -4541.96 -1.9059 30.4502 13.711 -4560.61
(1,(2,3),(4,(5,6))); -4540.35 -1.2431 27.0428 13.6722 -4554.96
(1,2,(3,((4,6),5))); -4532.18 -1.67475 31.805 13.7197 -4551.94
(1,(2,3),((4,6),5)); -4542.23 -1.9059 29.9198 13.3822 -4560.67
(1,(2,3),(4,(5,6))); -4542.09 -1.2431 25.1632 13.6926 -4554.8
(1,(2,3),(4,(5,6))); -4538.16 -1.2431 28.6594 13.2655 -4554.8
(1,(2,3),((4,6),5)); -4544.7 -1.9059 27.2342 13.6348 -4560.2
(1,(2,3),(4,(5,6))); -4536.05 -1.2431 31.6414 13.7187 -4555.22
(1,2,(3,((4,6),5))); -4533.79 -1.67475 30.0795 13.6933 -4551.85
(1,2,(3,(4,(5,6)))); -4537.79 -1.01195 26.235 13.8682 -4551.17
(1,2,(3,(4,(5,6)))); -4535.11 -1.01195 28.4389 13.4265 -4551.13
(1,2,(3,(4,(5,6)))); -4545.8 -1.01195 18.5792 13.8013 -4551.59
(1,(2,3),((4,6),5)); -4541.81 -1.9059 30.7686 13.6988 -4560.79
(1,2,(3,((4,6),5))); -4533.68 -1.67475 29.6794 13.4148 -4551.62
(1,2,(3,(4,(5,6)))); -4533.92 -1.01195 29.6101 13.6381 -4550.9
(1,2,(3,(4,(5,6)))); -4532.95 -1.01195 30.0091 13.1928 -4550.78
(1,2,(3,((4,6),5))); -4533.16 -1.67475 30.4834 13.5018 -4551.82
(1,2,(3,(4,(5,6)))); -4534.29 -1.01195 29.0542 13.3864 -4550.97
(1,2,(3,((4,6),5))); -4534.61 -1.67475 28.7791 13.4627 -4551.6
(1,2,(3,(4,(5,6)))); -4534.64 -1.01195 28.8538 13.7247 -4550.78
(1,(2,3),(4,(5,6))); -4538.94 -1.2431 28.9617 13.9856 -4555.16
(1,2,(3,(4,(5,6)))); -4531.1 -1.01195 32.8323 13.5867 -4551.36
(1,2,(3,((4,6),5))); -4534.21 -1.67475 29.1118 13.4087 -4551.58
(1,(2,3),((4,6),5)); -4540.96 -1.9059 31.0675 13.4751 -4560.46
(1,2,(3,(4,(5,6)))); -4536.15 -1.01195 28.0976 13.8048 -4551.45
(1,2,(3,(4,(5,6)))); -4536.42 -1.01195 26.7612 13.2305 -4550.96
(1,2,(3,((4,6),5))); -4535.13 -1.67475 29.1788 13.9915 -4551.99
(1,(2,3),(4,(5,6))); -4535.41 -1.2431 31.9268 13.4872 -4555.09
(1,(2,3),(4,(5,6))); -4541.02 -1.2431 25.4819 13.1084 -4554.63
(1,(2,3),((4,6),5)); -4541.72 -1.9059 30.2348 13.208 -4560.65
(1,(2,3),(4,(5,6))); -4536.39 -1.2431 31.0985 13.6463 -4555.09
(1,2,(3,(4,(5,6)))); -4536.83 -1.01195 27.0197 13.8051 -4551.06
(1,2,(3,(4,(5,6)))); -4534.48 -1.01195 28.6114 13.2271 -4550.87
(1,2,(3,(4,(5,6)))); -4535.61 -1.01195 27.9081 13.3953 -4551.13
(1,(2,3),(4,(5,6))); -4535.76 -1.2431 31.7843 13.6677 -4555.12
(1,2,(3,(4,(5,6)))); -4531.45 -1.01195 32.2071 13.6635 -4551.01
(1,(2,3),((4,6),5)); -4541.67 -1.9059 30.5255 13.5291 -4560.58
(1,(2,3),(4,(5,6))); -4538.03 -1.2431 29.3028 13.8691 -4554.7
(1,2,(3,(4,(5,6)))); -4532.64 -1.01195 30.8706 13.4901 -4551.03
(1,2,(3,(4,(5,6)))); -4534.97 -1.01195 29.4242 13.9448 -4551.46
(1,(2,3),(4,(5,6))); -4537.83 -1.2431 28.8495 13.1405 -4554.78
(1,2,(3,(4,(5,6)))); -4533.22 -1.01195 30.6708 13.7452 -4551.15
(1,2,(3,((4,6),5))); -4537.57 -1.67475 27.0888 13.9364 -4552.39
(1,(2,3),(4,(5,6))); -4537.91 -1.2431 29.0997 13.4809 -4554.77
(1,(2,3),(4,(5,6))); -4542.81 -1.2431 23.6593 13.2221 -4554.49
(1,(2,3),((4,6),5)); -4543.47 -1.9059 28.3128 13.0343 -4560.66
(1,2,(3,(4,(5,6)))); -4535.25 -1.01195 28.0693 13.3215 -4551.01
(1,2,(3,(4,(5,6)))); -4540.86 -1.01195 23.6912 14.4471 -4551.11
(1,2,(3,((4,6),5))); -4535.05 -1.67475 28.6819 13.3849 -4552.03
(1,2,(3,(4,(5,6)))); -4532.31 -1.01195 31.396 13.6321 -4551.09
(1,(2,3),(4,(5,6))); -4543.2 -1.2431 24.4674 13.6786 -4555.23
(1,2,(3,(4,(5,6)))); -4534.13 -1.01195 28.6637 13.0359 -4550.77
(1,(2,3),(4,(5,6))); -4534.89 -1.2431 32.2631 13.5029 -4554.89
(1,(2,3),(4,(5,6))); -4536.19 -1.2431 31.2569 13.7985 -4554.89
(1,(2,3),(4,(5,6))); -4534.65 -1.2431 32.4842 13.4876 -4554.89
(1,2,(3,((4,6),5))); -4540.35 -1.67475 24.1317 13.9152 -4552.24
(1,2,(3,(4,(5,6)))); -4534.51 -1.01195 29.196 13.6678 -4551.05
(1,2,(3,(4,(5,6)))); -4534.61 -1.01195 29.2574 13.9821 -4550.9
(1,(2,(4,(5,6))),3); -4534.93 -4.90505 32.1825 13.4896 -4558.53
(1,2,(3,((4,6),5))); -4533.02 -1.67475 30.7702 13.4789 -4551.99
(1,2,(3,((4,6),5))); -4534.37 -1.67475 29.7897 13.5182 -4552.32
(1,(2,3),(4,(5,6))); -4540.86 -1.2431 26.4282 13.5606 -4554.97
(1,2,(3,(4,(5,6)))); -4532.6 -1.01195 31.4906 13.8715 -4551.23
(1,2,(3,((4,6),5))); -4535.62 -1.67475 28.375 13.8954 -4551.78
(1,(2,3),(4,(5,6))); -4534.68 -1.2431 32.4627 13.603 -4554.78
(1,(2,3),(4,(5,6))); -4541.45 -1.2431 25.5296 13.5182 -4554.7
(1,(2,3),((4,6),5)); -4547.32 -1.9059 24.4215 13.5952 -4560.06
(1,(2,3),(4,(5,6))); -4537.18 -1.2431 29.3916 13.3668 -4554.45
(1,2,(3,(4,(5,6)))); -4533.99 -1.01195 29.7115 13.567 -4551.15
(1,2,(3,(4,(5,6)))); -4535.7 -1.01195 27.7407 13.164 -4551.29
(1,(2,3),(4,(5,6))); -4541.85 -1.2431 26.3549 14.0775 -4555.37
(1,2,(3,(4,(5,6)))); -4536 -1.01195 27.6728 13.4439 -4551.24
(1,2,(3,((4,6),5))); -4532.29 -1.67475 31.6063 13.534 -4552.03
(1,(2,3),(4,(5,6))); -4541.02 -1.2431 26.5496 13.9275 -4554.88
(1,(2,3),(4,(5,6))); -4538.98 -1.2431 27.9928 13.459 -4554.76
(1,(2,3),(4,(5,6))); -4536.13 -1.2431 30.9067 13.6678 -4554.62
(1,(2,3),(4,(5,6))); -4534.72 -1.2431 32.3176 13.618 -4554.66
(1,(2,3),((4,6),5)); -4541.76 -1.9059 30.3867 13.4497 -4560.61
(1,2,(3,(4,(5,6)))); -4539.04 -1.01195 24.4735 13.6683 -4550.86
(1,(2,3),(4,(5,6))); -4536.88 -1.2431 30.1383 13.2929 -4554.97
(1,2,(3,(4,(5,6)))); -4533.9 -1.01195 28.9381 13.1881 -4550.66
(1,(2,3),((4,6),5)); -4544.07 -1.9059 27.3208 12.994 -4560.3
(1,(2,3),(4,(5,6))); -4537.11 -1.2431 30.0767 13.8663 -4554.56
(1,2,(3,(4,(5,6)))); -4533.8 -1.01195 29.6346 13.5452 -4550.91
(1,(2,3),(4,(5,6))); -4539.86 -1.2431 28.3183 14.3143 -4555.11
(1,(2,3),(4,(5,6))); -4537.84 -1.2431 29.3197 13.6219 -4554.78
(1,2,(3,((4,6),5))); -4535.55 -1.67475 27.5001 13.1833 -4551.54
(1,2,(3,((4,6),5))); -4533.48 -1.67475 30.678 13.8326 -4552
(1,2,(3,(4,(5,6)))); -4534.29 -1.01195 29.3507 13.6261 -4551.02
(1,(2,3),((4,6),5)); -4544.33 -1.9059 27.2455 13.0762 -4560.41
(1,2,(3,(4,(5,6)))); -4535.19 -1.01195 28.9763 13.9079 -4551.27
(1,2,(3,(4,(5,6)))); -4537.34 -1.01195 26.5578 13.6537 -4551.26
(1,(2,3),(4,(5,6))); -4538.07 -1.2431 29.1727 13.6663 -4554.82
(1,2,(3,((4,6),5))); -4534.68 -1.67475 29.1923 13.7857 -4551.76
(1,2,(3,((4,6),5))); -4535.3 -1.67475 28.4543 13.5869 -4551.85
(1,(2,3),(4,(5,6))); -4535.39 -1.2431 31.5114 13.5183 -4554.62
(1,(2,3),(4,(5,6))); -4543.01 -1.2431 23.7187 13.4114 -4554.56
(1,2,(3,(4,(5,6)))); -4532.64 -1.01195 30.6614 13.5675 -4550.74
(1,2,(3,(4,(5,6)))); -4532.69 -1.01195 30.6666 13.5989 -4550.77
(1,(2,3),(4,(5,6))); -4540.94 -1.2431 25.2996 12.9665 -4554.52
(1,(2,3),((4,6),5)); -4542.45 -1.9059 29.1143 13.1185 -4560.35
(1,(2,3),(4,(5,6))); -4537.25 -1.2431 29.4915 13.4512 -4554.54
(1,(2,3),(4,(5,6))); -4539.51 -1.2431 27.4272 13.3806 -4554.8
(1,2,(3,(4,(5,6)))); -4534.56 -1.01195 28.3926 13.3049 -4550.66
(1,2,(3,((4,6),5))); -4534.25 -1.67475 28.7542 13.1189 -4551.56
(1,2,(3,(4,(5,6)))); -4535.47 -1.01195 27.8239 13.6118 -4550.69
(1,(2,3),(4,(5,6))); -4536.77 -1.2431 29.97 13.507 -4554.47
(1,2,(3,(4,(5,6)))); -4534.48 -1.01195 28.935 13.6169 -4550.81
(1,2,(3,(4,(5,6)))); -4533.19 -1.01195 30.7498 13.7279 -4551.22
(1,2,(3,(4,(5,6)))); -4531.42 -1.01195 31.9189 13.6105 -4550.74
(1,2,(3,(4,(5,6)))); -4532.98 -1.01195 31.2166 13.7946 -4551.41
(1,(2,3),(4,(5,6))); -4537.03 -1.2431 29.5425 13.2686 -4554.55
(1,2,(3,((4,6),5))); -4538.96 -1.67475 24.6424 13.3849 -4551.89
(1,(2,3),((4,6),5)); -4542.16 -1.9059 29.2182 13.2077 -4560.08
(1,2,(3,(4,(5,6)))); -4535.48 -1.01195 28.3178 13.7477 -4551.06
(1,2,(3,(4,(5,6)))); -4539.74 -1.01195 23.4992 13.3659 -4550.88
(1,2,(3,((4,6),5))); -4534.11 -1.67475 29.6264 13.54 -4551.87
(1,2,(3,(4,(5,6)))); -4533.5 -1.01195 30.2916 13.7832 -4551.02
(1,2,(3,(4,(5,6)))); -4532.34 -1.01195 31.6534 13.8231 -4551.18
(1,(2,3),(4,(5,6))); -4537.96 -1.2431 28.9447 13.4115 -4554.74
(1,2,(3,(4,(5,6)))); -4535.38 -1.01195 28.4839 13.6006 -4551.28
(1,2,(3,(4,(5,6)))); -4532.82 -1.01195 30.9131 13.4955 -4551.25
(1,(2,3),(4,(5,6))); -4536.27 -1.2431 30.2951 13.4979 -4554.31
(1,2,(3,(4,(5,6)))); -4534.65 -1.01195 28.4012 13.2989 -4550.77
(1,2,(3,(4,(5,6)))); -4532.25 -1.01195 31.548 13.7479 -4551.06
(1,2,(3,(4,(5,6)))); -4536.01 -1.01195 27.7057 13.5092 -4551.22
(1,2,(3,((4,6),5))); -4534.73 -1.67475 29.3198 13.676 -4552.05
(1,2,(3,((4,6),5))); -4542.16 -1.67475 21.9945 13.9912 -4551.83
(1,2,(3,(4,(5,6)))); -4539.37 -1.01195 23.4557 12.8769 -4550.96
(1,(2,3),((4,6),5)); -4541.18 -1.9059 30.3976 13.2836 -4560.2
(1,2,(3,((4,6),5))); -4535.22 -1.67475 28.3718 13.4267 -4551.84
(1,2,(3,(4,(5,6)))); -4533.64 -1.01195 30.1005 13.397 -4551.35
(1,2,(3,(4,(5,6)))); -4533.43 -1.01195 29.6218 13.4616 -4550.6
(1,(2,3),(4,(5,6))); -4538.08 -1.2431 29.6877 13.6519 -4555.36
(1,2,(3,(4,(5,6)))); -4543.87 -1.01195 18.837 13.0784 -4550.64
(1,(2,3),((4,6),5)); -4543.01 -1.9059 28.7119 13.4642 -4560.16
(1,2,(3,((4,6),5))); -4534.79 -1.67475 28.6445 13.5009 -4551.61
(1,2,(3,(4,(5,6)))); -4534.47 -1.01195 29.3572 13.9464 -4550.9
(1,2,(3,((4,6),5))); -4534.63 -1.67475 29.9587 13.8422 -4552.42
(1,2,(3,(4,(5,6)))); -4533.67 -1.01195 30.3103 13.7996 -4551.19
(1,2,(3,(4,(5,6)))); -4533.13 -1.01195 30.3108 13.7109 -4550.74
(1,(2,3),(4,(5,6))); -4539.65 -1.2431 27.6766 13.9125 -4554.66
(1,(2,3),(4,(5,6))); -4540.47 -1.2431 26.6025 13.7418 -4554.58
(1,2,(3,(4,(5,6)))); -4532.67 -1.01195 30.5787 13.4284 -4550.83
(1,2,(3,(4,(5,6)))); -4533.18 -1.01195 30.0472 13.438 -4550.8
(1,2,(3,(4,(5,6)))); -4535.65 -1.01195 27.9905 13.7318 -4550.92
(1,(2,3),(4,(5,6))); -4534.89 -1.2431 31.7862 13.4162 -4554.51
(1,(2,3),(4,(5,6))); -4535.44 -1.2431 31.9733 13.4656 -4555.19
(1,2,(3,(4,(5,6)))); -4533.9 -1.01195 29.1224 13.3576 -4550.68
(1,(2,3),(4,(5,6))); -4536.87 -1.2431 30.4914 13.6297 -4554.98
(1,(2,3),((4,6),5)); -4542.79 -1.9059 29.752 13.3715 -4561.08
(1,2,(3,(4,(5,6)))); -4535.68 -1.01195 28.3565 14.128 -4550.92
(1,2,(3,((4,6),5))); -4536.2 -1.67475 27.3382 13.4842 -4551.73
(1,(2,3),(4,(5,6))); -4536.96 -1.2431 29.9982 13.463 -4554.74
(1,(2,3),(4,(5,6))); -4537.88 -1.2431 29.2864 13.4292 -4554.98
(1,2,(3,((4,6),5))); -4534.54 -1.67475 29.1549 13.4203 -4551.95
(1,2,(3,(4,(5,6)))); -4534.31 -1.01195 29.7642 13.8745 -4551.21
(1,2,(3,(4,(5,6)))); -4535.95 -1.01195 26.8511 12.9211 -4550.89
(1,2,(3,((4,6),5))); -4533.67 -1.67475 29.6483 13.3636 -4551.63
(1,(2,3),((4,6),5)); -4543.56 -1.9059 28.643 13.3735 -4560.74
(1,2,(3,(4,(5,6)))); -4534.16 -1.01195 29.2071 13.4055 -4550.98
(1,(2,3),(4,(5,6))); -4536.53 -1.2431 31.4727 13.8616 -4555.38
(1,2,(3,(4,(5,6)))); -4534.44 -1.01195 28.5504 13.2867 -4550.72
(1,2,(3,(4,(5,6)))); -4536.28 -1.01195 27.6092 13.6429 -4551.26
(1,2,(3,((4,6),5))); -4534.06 -1.67475 30.2552 13.791 -4552.2
(1,(2,3),(4,(5,6))); -4535.57 -1.2431 31.7202 13.7525 -4554.78
(1,(2,3),((4,6),5)); -4542.55 -1.9059 29.5623 13.4114 -4560.6
(1,(2,3),(4,(5,6))); -4538.19 -1.2431 29.0331 13.6344 -4554.84
(1,(2,3),((4,6),5)); -4542.87 -1.9059 28.4017 13.0423 -4560.13
(1,(2,3),(4,(5,6))); -4539.87 -1.2431 27.6958 13.9182 -4554.89
(1,(2,(4,(5,6))),3); -4542.8 -4.90505 25.0984 13.8691 -4558.94
(1,(2,3),(4,(5,6))); -4534.92 -1.2431 32.0638 13.6336 -4554.59
(1,(2,3),(4,(5,6))); -4540.38 -1.2431 26.5619 13.2866 -4554.9
(1,(2,3),(4,(5,6))); -4537.75 -1.2431 29.4304 13.5843 -4554.84
(1,(2,3),(4,(5,6))); -4539.47 -1.2431 28.3913 14.0306 -4555.07
(1,(2,3),((4,6),5)); -4546.6 -1.9059 26.0428 13.6747 -4560.87
(1,(2,3),(4,(5,6))); -4536.79 -1.2431 29.739 13.3305 -4554.44
(1,(2,3),((4,6),5)); -4546.81 -1.9059 25.5304 13.5277 -4560.72
(1,2,(3,(4,(5,6)))); -4535.01 -1.01195 27.765 13.1779 -4550.61
(1,2,(3,((4,6),5))); -4535.3 -1.67475 29.241 13.7962 -4552.42
(1,2,(3,((4,6),5))); -4534.09 -1.67475 29.8776 13.4995 -4552.14
(1,2,(3,(4,(5,6)))); -4532.71 -1.01195 30.7541 13.5522 -4550.93
(1,2,(3,((4,6),5))); -4537.91 -1.67475 26.1722 13.5514 -4552.21
(1,2,(3,(4,(5,6)))); -4534.45 -1.01195 29.1893 13.8775 -4550.77
(1,2,(3,((4,6),5))); -4533.23 -1.67475 30.5786 13.7447 -4551.73
(1,2,(3,((4,6),5))); -4536.69 -1.67475 27.7064 13.7874 -4552.29
(1,2,(3,(4,(5,6)))); -4535.45 -1.01195 29.1435 14.2087 -4551.39
(1,(2,3),((4,6),5)); -4543.48 -1.9059 27.5397 13.0398 -4559.89
(1,2,(3,(4,(5,6)))); -4532.62 -1.01195 30.7826 13.2866 -4551.13
(1,2,(3,(4,(5,6)))); -4534.51 -1.01195 29.5808 13.9029 -4551.2
(1,2,(3,(4,(5,6)))); -4539.9 -1.01195 23.777 13.1544 -4551.54
(1,(2,3),(4,(5,6))); -4538.75 -1.2431 28.427 13.6679 -4554.76
(1,2,(3,(4,(5,6)))); -4537.49 -1.01195 25.5265 13.278 -4550.75
(1,2,(3,((4,6),5))); -4531.28 -1.67475 32.6002 13.4932 -4552.06
(1,2,(3,((4,6),5))); -4544.27 -1.67475 19.7296 13.7743 -4551.9
(1,2,(3,((4,6),5))); -4534.42 -1.67475 28.9745 13.1724 -4551.9
(1,2,(3,((4,6),5))); -4534.81 -1.67475 29.2097 13.5399 -4552.16
(1,2,(3,(4,(5,6)))); -4532.5 -1.01195 31.2187 13.4845 -4551.24
(1,2,(3,(4,(5,6)))); -4533.61 -1.01195 29.4875 13.4562 -4550.65
(1,(2,3),(4,(5,6))); -4536.28 -1.2431 30.0468 13.2588 -4554.31
(1,2,(3,(4,(5,6)))); -4533.52 -1.01195 29.9334 13.5353 -4550.93
(1,2,(3,(4,(5,6)))); -4535.15 -1.01195 27.8472 13.0811 -4550.93
(1,(2,3),(4,(5,6))); -4538.93 -1.2431 28.9646 13.9449 -4555.2
(1,2,(3,((4,6),5))); -4533.34 -1.67475 31.264 13.985 -4552.29
(1,2,(3,(4,(5,6)))); -4537.43 -1.01195 26.7609 13.8265 -4551.38
(1,(2,3),(4,(5,6))); -4537.1 -1.2431 30.6633 13.7763 -4555.24
(1,(2,3),(4,(5,6))); -4539.01 -1.2431 28.6126 13.6406 -4555.23
(1,(2,3),(4,(5,6))); -4540.32 -1.2431 26.4039 13.3346 -4554.64
(1,2,(3,((4,6),5))); -4532.69 -1.67475 30.8483 13.4629 -4551.75
(1,(2,3),(4,(5,6))); -4538.17 -1.2431 28.4597 13.1571 -4554.72
(1,2,(3,((4,6),5))); -4533.47 -1.67475 30.7378 13.5218 -4552.36
(1,(2,3),(4,(5,6))); -4539.07 -1.2431 28.8619 14.197 -4554.98
(1,(2,3),(4,(5,6))); -4535.71 -1.2431 31.2412 13.2945 -4554.9
(1,2,(3,(4,(5,6)))); -4531.56 -1.01195 31.887 13.5266 -4550.94
(1,2,(3,((4,6),5))); -4535.94 -1.67475 27.8598 13.4978 -4551.97
(1,(2,3),(4,(5,6))); -4537.19 -1.2431 30.1661 13.3816 -4555.22
(1,2,(3,(4,(5,6)))); -4534.65 -1.01195 29.3385 13.7918 -4551.2
(1,(2,3),(4,(5,6))); -4534.34 -1.2431 32.9443 13.6988 -4554.83
(1,2,(3,(4,(5,6)))); -4533 -1.01195 30.3364 13.6424 -4550.71
(1,2,(3,(4,(5,6)))); -4537.04 -1.01195 26.6443 13.1687 -4551.52
(1,2,(3,((4,6),5))); -4531.93 -1.67475 31.6315 13.4428 -4551.8
(1,(2,3),((4,6),5)); -4543.47 -1.9059 29.1074 13.8401 -4560.65
(1,2,(3,(4,(5,6)))); -4532.15 -1.01195 31.3886 13.5317 -4551.02
(1,(2,3),(4,(5,6))); -4538.78 -1.2431 28.3339 13.5395 -4554.82
(1,(2,3),(4,(5,6))); -4540.88 -1.2431 26.3095 13.4872 -4554.95
(1,(2,3),(4,(5,6))); -4539.15 -1.2431 28.089 13.4782 -4555.01
(1,(2,3),(4,(5,6))); -4541.04 -1.2431 26.1853 13.6519 -4554.81
(1,2,(3,((4,6),5))); -4533.85 -1.67475 30.1137 13.5936 -4552.05
(1,2,(3,((4,6),5))); -4536.49 -1.67475 27.3094 13.2577 -4552.22
(1,2,(3,(4,(5,6)))); -4533.67 -1.01195 29.8601 13.5438 -4550.99
(1,(2,3),((4,6),5)); -4540.7 -1.9059 31.4739 13.4055 -4560.68
(1,2,(3,(4,(5,6)))); -4535.74 -1.01195 27.0815 13.1967 -4550.64
(1,(2,3),((4,6),5)); -4547.61 -1.9059 23.9993 12.7858 -4560.73
(1,2,(3,((4,6),5))); -4535.25 -1.67475 28.7861 13.6579 -4552.05
(1,(2,3),(4,(5,6))); -4537.11 -1.2431 30.0994 13.7599 -4554.69
(1,(2,3),(4,(5,6))); -4538.74 -1.2431 28.0066 13.165 -4554.82
(1,2,(3,(4,(5,6)))); -4533.78 -1.01195 30.3176 13.6104 -4551.5
(1,2,(3,(4,(5,6)))); -4538.04 -1.01195 24.8433 12.7573 -4551.13
(1,2,(3,((4,6),5))); -4534.79 -1.67475 29.1431 13.5128 -4552.09
(1,2,(3,((4,6),5))); -4532.86 -1.67475 31.251 13.9423 -4551.84
(1,2,(3,(4,(5,6)))); -4532.71 -1.01195 31.242 13.6706 -4551.29
(1,2,(3,(4,(5,6)))); -4533.84 -1.01195 30.1453 14.1078 -4550.89
(1,(2,3),(4,(5,6))); -4535.61 -1.2431 31.4117 13.4488 -4554.82
(1,2,(3,((4,6),5))); -4536.58 -1.67475 27.8236 13.9639 -4552.11
(1,2,(3,((4,6),5))); -4532.36 -1.67475 30.9765 13.4249 -4551.59
(1,2,(3,(4,(5,6)))); -4537.24 -1.01195 26.6446 13.9092 -4550.99
(1,(2,3),(4,(5,6))); -4537.85 -1.2431 28.7392 13.168 -4554.66
(1,2,(3,((4,6),5))); -4532.83 -1.67475 31.0748 13.7467 -4551.83
(1,2,(3,((4,6),5))); -4531.57 -1.67475 32.4598 13.6066 -4552.1
(1,2,(3,((4,6),5))); -4534.69 -1.67475 29.2984 13.4988 -4552.16
(1,2,(3,(4,(5,6)))); -4535.84 -1.01195 27.484 13.5384 -4550.79
(1,(2,3),(4,(5,6))); -4541.59 -1.2431 25.8703 13.51 -4555.19
(1,2,(3,(4,(5,6)))); -4532.17 -1.01195 31.9389 13.6173 -4551.5
(1,(2,3),(4,(5,6))); -4537.85 -1.2431 29.6142 13.629 -4555.08
(1,(2,3),((4,6),5)); -4547.02 -1.9059 24.6861 13.4177 -4560.2
(1,2,(3,(4,(5,6)))); -4531.02 -1.01195 32.2552 13.4803 -4550.81
(1,(2,3),(4,(5,6))); -4538.29 -1.2431 28.3928 13.0115 -4554.92
(1,(2,3),((4,6),5)); -4545.29 -1.9059 26.2317 12.8113 -4560.62
(1,(2,3),(4,(5,6))); -4536.78 -1.2431 30.5035 13.3684 -4555.16
(1,2,(3,(4,(5,6)))); -4533.51 -1.01195 30.4594 13.8116 -4551.17
(1,2,(3,(4,(5,6)))); -4533.68 -1.01195 29.3631 13.2603 -4550.8
(1,2,(3,(4,(5,6)))); -4534.31 -1.01195 29.0179 13.6207 -4550.72
(1,(2,3),((4,6),5)); -4542.43 -1.9059 29.0719 13.464 -4559.94
(1,2,(3,(4,(5,6)))); -4535.47 -1.01195 28.9303 14.1901 -4551.22
(1,(2,3),(4,(5,6))); -4539.19 -1.2431 27.0929 13.3499 -4554.18
(1,(2,3),((4,6),5)); -4542.59 -1.9059 29.6511 13.4935 -4560.66
(1,2,(3,(4,(5,6)))); -4532.57 -1.01195 31.314 13.5059 -4551.39
(1,(2,3),((4,6),5)); -4543.54 -1.9059 28.5392 13.1573 -4560.83
(1,(2,3),(4,(5,6))); -4536.62 -1.2431 30.4115 13.232 -4555.05
(1,(2,3),((4,6),5)); -4543.28 -1.9059 29.2201 13.5778 -4560.83
(1,2,(3,(4,(5,6)))); -4532.99 -1.01195 30.4473 13.2653 -4551.19
(1,2,(3,(4,(5,6)))); -4531.92 -1.01195 31.8148 13.6159 -4551.13
(1,(2,3),(4,(5,6))); -4537.6 -1.2431 29.4972 13.3567 -4554.98
(1,(2,3),(4,(5,6))); -4537.53 -1.2431 30.1127 13.7751 -4555.11
(1,2,(3,(4,(5,6)))); -4533.45 -1.01195 30.2355 13.3468 -4551.35
(1,2,(3,(4,(5,6)))); -4534.29 -1.01195 29.7563 13.7359 -4551.32
(1,2,(3,(4,(5,6)))); -4532.93 -1.01195 30.8769 13.6729 -4551.14
(1,2,(3,(4,(5,6)))); -4536.39 -1.01195 28.0766 14.0396 -4551.44
(1,2,(3,(4,(5,6)))); -4533.69 -1.01195 30.2681 13.4255 -4551.55
(1,2,(3,((4,6),5))); -4536.02 -1.67475 27.2289 13.1342 -4551.78
(1,(2,3),((4,6),5)); -4542.41 -1.9059 29.8342 13.2732 -4560.88
(1,2,(3,((4,6),5))); -4536.54 -1.67475 27.2107 13.562 -4551.87
(1,(2,3),(4,(5,6))); -4537.79 -1.2431 29.4586 13.628 -4554.86
(1,2,(3,((4,6),5))); -4534.26 -1.67475 30.1326 13.7158 -4552.35
(1,(2,3),((4,6),5)); -4539.9 -1.9059 32.574 13.4311 -4560.95
(1,(2,3),(4,(5,6))); -4536.77 -1.2431 30.7087 13.6893 -4555.04
(1,2,(3,(4,(5,6)))); -4532.57 -1.01195 31.5701 13.7984 -4551.35
(1,2,(3,(4,(5,6)))); -4532.57 -1.01195 30.655 13.3927 -4550.84
(1,2,(3,(4,(5,6)))); -4532.39 -1.01195 31.3874 13.578 -4551.21
(1,(2,3),(4,(5,6))); -4536.08 -1.2431 30.8653 13.4475 -4554.74
(1,(2,3),(4,(5,6))); -4538.27 -1.2431 28.916 13.2754 -4555.15
(1,(2,3),(4,(5,6))); -4534.23 -1.2431 32.7421 13.5205 -4554.69
(1,2,(3,((4,6),5))); -4535.16 -1.67475 28.603 13.7093 -4551.73
(1,2,(3,(4,(5,6)))); -4532.15 -1.01195 31.4351 13.5813 -4551.01
(1,2,(3,(4,(5,6)))); -4533.72 -1.01195 29.9773 13.5885 -4551.12
(1,(2,3),((4,6),5)); -4541.41 -1.9059 30.3476 13.4407 -4560.22
(1,(2,3),(4,(5,6))); -4538.62 -1.2431 28.638 13.9746 -4554.52
(1,2,(3,(4,(5,6)))); -4531.99 -1.01195 31.2764 13.4918 -4550.78
(1,(2,3),((4,6),5)); -4545.7 -1.9059 26.2214 13.7051 -4560.12
(1,2,(3,((4,6),5))); -4533.32 -1.67475 30.5292 13.5793 -4551.95
(1,2,(3,(4,(5,6)))); -4532.75 -1.01195 31.3592 13.7722 -4551.35
(1,2,(3,(4,(5,6)))); -4531.02 -1.01195 32.5069 13.6099 -4550.93
(1,(2,3),((4,6),5)); -4545.09 -1.9059 26.6592 13.4492 -4560.2
(1,(2,3),((4,6),5)); -4539.77 -1.9059 32.6405 13.392 -4560.92
(1,2,(3,(4,(5,6)))); -4534.52 -1.01195 29.6214 13.6133 -4551.54
(1,(2,3),(4,(5,6))); -4535.59 -1.2431 31.8873 13.7887 -4554.93
(1,2,(3,(4,(5,6)))); -4532.44 -1.01195 30.7021 13.1202 -4551.04
(1,2,(3,(4,(5,6)))); -4534.67 -1.01195 28.3954 13.5683 -4550.51
(1,2,(3,(4,(5,6)))); -4531.35 -1.01195 32.1127 13.5335 -4550.94
(1,2,(3,(4,(5,6)))); -4538.01 -1.01195 25.8046 13.2811 -4551.55
(1,(2,3),((4,6),5)); -4540.98 -1.9059 30.9016 13.4888 -4560.3
(1,2,(3,(4,(5,6)))); -4533.97 -1.01195 29.7607 13.828 -4550.91
(1,2,(3,(4,(5,6)))); -4531.6 -1.01195 32.1968 13.7995 -4551.01
(1,2,(3,(4,(5,6)))); -4534.14 -1.01195 29.5396 13.3929 -4551.3
(1,2,(3,(4,(5,6)))); -4533.08 -1.01195 30.6878 13.6744 -4551.1
(1,2,(3,(4,(5,6)))); -4535.1 -1.01195 28.7637 13.7746 -4551.1
(1,2,(3,(4,(5,6)))); -4537.73 -1.01195 26.3963 14.0101 -4551.13
(1,2,(3,((4,6),5))); -4539.61 -1.67475 24.0255 13.6145 -4551.7
(1,2,(3,(4,(5,6)))); -4536.71 -1.01195 26.8404 13.5691 -4551
(1,(2,3),(4,(5,6))); -4538.7 -1.2431 28.0744 13.4051 -4554.61
(1,2,(3,(4,(5,6)))); -4534.62 -1.01195 29.0189 13.6305 -4551.02
(1,2,(3,(4,(5,6)))); -4533.87 -1.01195 29.4832 13.7546 -4550.61
(1,(2,3),(4,(5,6))); -4537.47 -1.2431 30.126 13.6012 -4555.24
(1,2,(3,((4,6),5))); -4531.73 -1.67475 31.6477 13.3102 -4551.74
(1,2,(3,((4,6),5))); -4531.97 -1.67475 32.4079 13.7887 -4552.26
(1,(2,3),(4,(5,6))); -4537.01 -1.2431 29.8416 13.1662 -4554.93
(1,2,(3,((4,6),5))); -4533.21 -1.67475 30.1625 13.2884 -4551.75
(1,2,(3,((4,6),5))); -4535.64 -1.67475 28.1124 13.2368 -4552.19
(1,2,(3,(4,(5,6)))); -4534.72 -1.01195 28.8742 13.7049 -4550.9
(1,2,(3,(4,(5,6)))); -4536.3 -1.01195 27.6107 13.6957 -4551.23
(1,2,(3,(4,(5,6)))); -4534.32 -1.01195 29.3612 13.7117 -4550.98
(1,2,(3,(4,(5,6)))); -4534.1 -1.01195 30.0354 14.1113 -4551.03
(1,(2,3),((4,6),5)); -4545.97 -1.9059 25.515 13.1657 -4560.22
(1,2,(3,(4,(5,6)))); -4536.18 -1.01195 27.0721 13.234 -4551.03
(1,(2,3),(4,(5,6))); -4538.23 -1.2431 28.919 13.4782 -4554.91
(1,(2,3),(4,(5,6))); -4534.55 -1.2431 32.4931 13.6849 -4554.6
(1,2,(3,((4,6),5))); -4535.22 -1.67475 28.6229 13.4138 -4552.11
(1,(2,3),(4,(5,6))); -4537.3 -1.2431 29.865 13.4552 -4554.95
(1,(2,3),(4,(5,6))); -4537.24 -1.2431 29.9728 13.7454 -4554.71
(1,2,(3,(4,(5,6)))); -4537.78 -1.01195 25.3538 13.3691 -4550.78
(1,2,(3,(4,(5,6)))); -4532.84 -1.01195 31.1113 13.6874 -4551.27
(1,2,(3,(4,(5,6)))); -4536.16 -1.01195 27.327 13.4697 -4551.03
(1,2,(3,(4,(5,6)))); -4535.95 -1.01195 27.5242 13.3758 -4551.11
(1,(2,3),(4,(5,6))); -4540.05 -1.2431 26.6448 12.9067 -4555.03
(1,2,(3,((4,6),5))); -4533.84 -1.67475 29.8171 13.3525 -4551.98
(1,2,(3,(4,(5,6)))); -4535.99 -1.01195 27.6689 13.3075 -4551.36
(1,(2,3),((4,6),5)); -4541.59 -1.9059 30.5615 13.3976 -4560.66
(1,(2,3),(4,(5,6))); -4535.07 -1.2431 32.1363 13.4285 -4555.02
(1,(2,3),(4,(5,6))); -4537.24 -1.2431 29.6023 13.4033 -4554.69
(1,2,(3,(4,(5,6)))); -4535.25 -1.01195 27.6262 13.135 -4550.75
(1,(2,3),(4,(5,6))); -4536.84 -1.2431 29.6379 13.368 -4554.35
(1,2,(3,((4,6),5))); -4535.32 -1.67475 28.2638 13.3212 -4551.94
(1,2,(3,((4,6),5))); -4534.61 -1.67475 29.1862 13.6736 -4551.8
(1,(2,3),(4,(5,6))); -4536.48 -1.2431 30.1561 13.4912 -4554.39
(1,(2,3),(4,(5,6))); -4538.96 -1.2431 28.2761 13.925 -4554.56
(1,(2,3),(4,(5,6))); -4535.75 -1.2431 31.2311 13.5493 -4554.68
(1,(2,3),(4,(5,6))); -4538.42 -1.2431 29.1925 13.8927 -4554.97
(1,2,(3,(4,(5,6)))); -4533.94 -1.01195 29.8361 13.6854 -4551.11
(1,(2,3),(4,(5,6))); -4535.98 -1.2431 30.8156 13.3787 -4554.66
(1,2,(3,(4,(5,6)))); -4532.04 -1.01195 31.486 13.6708 -4550.87
(1,2,(3,(4,(5,6)))); -4535.11 -1.01195 28.672 13.4847 -4551.31
(1,2,(3,(4,(5,6)))); -4537.18 -1.01195 27.1413 13.9921 -4551.34
(1,(2,3),((4,6),5)); -4544.42 -1.9059 27.6993 13.4609 -4560.56
(1,2,(3,((4,6),5))); -4533.84 -1.67475 29.9122 13.537 -4551.89
(1,(2,3),((4,6),5)); -4539.88 -1.9059 32.3595 13.3898 -4560.76
(1,(2,3),(4,(5,6))); -4535.49 -1.2431 31.4612 13.4018 -4554.8
(1,2,(3,(4,(5,6)))); -4534.56 -1.01195 27.9866 12.9054 -4550.65
(1,(2,3),(4,(5,6))); -4538.2 -1.2431 29.599 13.7693 -4555.27
(1,2,(3,((4,6),5))); -4531.62 -1.67475 32.273 13.719 -4551.85
(1,(2,3),(4,(5,6))); -4538.78 -1.2431 28.4302 13.6627 -4554.79
(1,2,(3,(4,(5,6)))); -4535.3 -1.01195 29.3488 14.132 -4551.53
(1,(2,3),(4,(5,6))); -4539.44 -1.2431 27.6511 13.6486 -4554.68
(1,2,(3,(4,(5,6)))); -4532.92 -1.01195 30.8259 13.6159 -4551.14
(1,(2,3),(4,(5,6))); -4535.97 -1.2431 30.7809 13.5702 -4554.43
(1,2,(3,((4,6),5))); -4536.27 -1.67475 27.4805 13.3694 -4552.05
(1,2,(3,((4,6),5))); -4534.1 -1.67475 29.2292 13.1445 -4551.86
(1,(2,3),((4,6),5)); -4544.6 -1.9059 27.2494 13.1053 -4560.65
(1,2,(3,(4,(5,6)))); -4534.86 -1.01195 28.0059 13.4342 -4550.44
(1,2,(3,(4,(5,6)))); -4533.95 -1.01195 29.4098 13.4068 -4550.97
(1,2,(3,(4,(5,6)))); -4534.08 -1.01195 29.2336 13.3633 -4550.96
(1,(2,3),((4,6),5)); -4541.38 -1.9059 30.4652 13.4626 -4560.29
(1,(2,3),(4,(5,6))); -4541.68 -1.2431 25.2557 13.5276 -4554.65
(1,2,(3,(4,(5,6)))); -4537.98 -1.01195 25.9625 13.9541 -4551
(1,2,(3,(4,(5,6)))); -4535.28 -1.01195 28.089 13.5891 -4550.79
(1,(2,3),(4,(5,6))); -4538.79 -1.2431 28.8948 13.6381 -4555.29
(1,2,(3,(4,(5,6)))); -4533.3 -1.01195 30.1758 13.3945 -4551.1
(1,(2,3),(4,(5,6))); -4535.48 -1.2431 31.4277 13.5443 -4554.61
(1,(2,3),((4,6),5)); -4544.72 -1.9059 27.3353 13.4541 -4560.51
(1,(2,3),(4,(5,6))); -4536.82 -1.2431 30.0781 13.4804 -4554.66
(1,2,(3,(4,(5,6)))); -4532.81 -1.01195 30.5191 13.2696 -4551.08
(1,2,(3,(4,(5,6)))); -4533.15 -1.01195 30.4192 13.4378 -4551.14
(1,(2,3),(4,(5,6))); -4537.63 -1.2431 29.0547 13.6198 -4554.31
(1,(2,3),(4,(5,6))); -4537.12 -1.2431 29.8371 13.2682 -4554.93
(1,2,(3,((4,6),5))); -4532.7 -1.67475 30.8348 13.2798 -4551.93
(1,2,(3,(4,(5,6)))); -4534.48 -1.01195 29.0356 13.1704 -4551.35
(1,(2,3),(4,(5,6))); -4538.31 -1.2431 29.0691 13.6705 -4554.95
(1,(2,3),(4,(5,6))); -4536.9 -1.2431 30.1947 13.4629 -4554.87
(1,2,(3,(4,(5,6)))); -4537.48 -1.01195 26.717 13.7518 -4551.46
(1,(2,3),(4,(5,6))); -4538.75 -1.2431 27.5577 13.1693 -4554.38
(1,2,(3,(4,(5,6)))); -4537.56 -1.01195 26.6201 13.875 -4551.32
(1,2,(3,(4,(5,6)))); -4532.51 -1.01195 30.9487 13.6677 -4550.8
(1,2,(3,(4,(5,6)))); -4534.24 -1.01195 29.6287 13.9669 -4550.91
(1,2,(3,(4,(5,6)))); -4535.55 -1.01195 28.3383 13.5497 -4551.35
(1,2,(3,(4,(5,6)))); -4533.67 -1.01195 29.5199 13.4225 -4550.78
(1,(2,3),(4,(5,6))); -4537.46 -1.2431 29.559 13.2038 -4555.06
(1,(2,3),((4,6),5)); -4544.48 -1.9059 28.2284 13.9792 -4560.63
(1,2,(3,(4,(5,6)))); -4533 -1.01195 30.3348 13.5294 -4550.81
(1,2,(3,((4,6),5))); -4534.46 -1.67475 29.5896 13.4212 -4552.3
(1,2,(3,(4,(5,6)))); -4533.92 -1.01195 28.9007 13.253 -4550.58
(1,(2,3),(4,(5,6))); -4538.62 -1.2431 28.2456 13.59 -4554.52
(1,(2,3),(4,(5,6))); -4542.18 -1.2431 24.0579 13.1978 -4554.28
(1,2,(3,((4,6),5))); -4531.69 -1.67475 32.5559 13.8552 -4552.07
(1,(2,3),((4,6),5)); -4539.99 -1.9059 32.435 13.6136 -4560.72
(1,(2,3),(4,(5,6))); -4540.69 -1.2431 26.9482 14.0145 -4554.87
(1,(2,3),(4,(5,6))); -4538.88 -1.2431 28.2177 13.4329 -4554.91
(1,2,(3,(4,(5,6)))); -4532.87 -1.01195 31.0456 13.7308 -4551.2
(1,2,(3,(4,(5,6)))); -4532.13 -1.01195 31.0876 13.2371 -4550.99
(1,(2,3),((4,6),5)); -4544.75 -1.9059 26.7077 13.0825 -4560.28
(1,2,(3,(4,(5,6)))); -4533.89 -1.01195 29.8609 13.4958 -4551.27
(1,2,(3,(4,(5,6)))); -4537.83 -1.01195 25.7799 13.7744 -4550.85
(1,2,(3,(4,(5,6)))); -4533.25 -1.01195 30.3009 13.7093 -4550.86
(1,2,(3,((4,6),5))); -4532.66 -1.67475 31.1218 13.3739 -4552.08
(1,2,(3,((4,6),5))); -4534.2 -1.67475 29.744 13.4016 -4552.21
(1,(2,3),(4,(5,6))); -4538.44 -1.2431 28.9799 13.5444 -4555.12
(1,2,(3,(4,(5,6)))); -4537.91 -1.01195 26.9594 14.0621 -4551.82
(1,2,(3,(4,(5,6)))); -4536.56 -1.01195 27.4036 13.8354 -4551.14
(1,2,(3,(4,(5,6)))); -4533.21 -1.01195 29.989 13.1527 -4551.06
(1,2,(3,(4,(5,6)))); -4537.59 -1.01195 26.4367 13.7973 -4551.24
(1,2,(3,(4,(5,6)))); -4532.43 -1.01195 30.7965 13.3248 -4550.91
(1,(2,3),(4,(5,6))); -4535.31 -1.2431 31.7149 13.5559 -4554.71
(1,2,(3,(4,(5,6)))); -4539.43 -1.01195 24.0724 13.6933 -4550.82
(1,2,(3,((4,6),5))); -4532.19 -1.67475 31.6548 13.5785 -4551.94
(1,2,(3,((4,6),5))); -4533.87 -1.67475 30.2361 13.638 -4552.14
(1,2,(3,((4,6),5))); -4533.02 -1.67475 30.5013 13.2427 -4551.95
(1,2,(3,((4,6),5))); -4534.02 -1.67475 30.2026 13.8481 -4552.05
(1,2,(3,(4,(5,6)))); -4537.54 -1.01195 24.9365 12.9051 -4550.59
(1,(2,3),(4,(5,6))); -4539.8 -1.2431 27.2253 13.5277 -4554.74
(1,2,(3,(4,(5,6)))); -4534.22 -1.01195 29.017 13.1453 -4551.1
(1,2,(3,(4,(5,6)))); -4532.6 -1.01195 30.7462 13.6994 -4550.66
(1,2,(3,((4,6),5))); -4533.95 -1.67475 30.0815 13.6261 -4552.08
(1,(2,3),(4,(5,6))); -4538.88 -1.2431 28.7281 13.6425 -4555.21
(1,(2,(4,(5,6))),3); -4537.29 -4.90505 30.5532 13.6923 -4559.06
(1,2,(3,(4,(5,6)))); -4534.05 -1.01195 29.6489 13.7725 -4550.94
(1,(2,3),(4,(5,6))); -4537.72 -1.2431 30.315 14.1617 -4555.12
(1,2,(3,(4,(5,6)))); -4535.93 -1.01195 27.9604 14.0421 -4550.86
(1,2,(3,(4,(5,6)))); -4531.77 -1.01195 31.9519 13.608 -4551.12
(1,(2,3),(4,(5,6))); -4538.6 -1.2431 28.4265 13.3673 -4554.9
(1,(2,3),((4,6),5)); -4542.76 -1.9059 29.8864 13.6061 -4560.94
(1,(2,3),(4,(5,6))); -4536.9 -1.2431 30.3922 13.5243 -4555.02
(1,2,(3,((4,6),5))); -4534.64 -1.67475 29.6584 13.5344 -4552.44
(1,(2,3),(4,(5,6))); -4538.79 -1.2431 28.1252 13.4994 -4554.66
(1,2,(3,((4,6),5))); -4532.68 -1.67475 31.1958 13.6098 -4551.94
(1,(2,3),(4,(5,6))); -4537.22 -1.2431 29.6615 13.2791 -4554.85
(1,(2,3),(4,(5,6))); -4538.22 -1.2431 28.7335 13.6222 -4554.57
(1,(2,3),((4,6),5)); -4547.1 -1.9059 23.6267 12.8331 -4559.8
(1,2,(3,(4,(5,6)))); -4535.54 -1.01195 28.1754 13.737 -4550.99
(1,(2,3),((4,6),5)); -4543.35 -1.9059 29.1443 13.4725 -4560.93
(1,(2,3),((4,6),5)); -4541.41 -1.9059 30.6366 13.4114 -4560.54
(1,(2,3),(4,(5,6))); -4538.44 -1.2431 28.2472 13.6982 -4554.23
(1,2,(3,(4,(5,6)))); -4536.73 -1.01195 26.4928 13.4262 -4550.81
(1,2,(3,(4,(5,6)))); -4533.46 -1.01195 29.9332 13.3314 -4551.07
(1,(2,3),(4,(5,6))); -4544.25 -1.2431 23.2468 13.3933 -4555.34
(1,2,(3,(4,(5,6)))); -4535.62 -1.01195 28.237 13.6997 -4551.17
(1,2,(3,(4,(5,6)))); -4531.24 -1.01195 32.9117 13.8354 -4551.33
(1,(2,3),(4,(5,6))); -4539.39 -1.2431 27.572 13.1527 -4555.05
(1,(2,3),(4,(5,6))); -4536.82 -1.2431 30.4827 13.7057 -4554.84
(1,(2,3),(4,(5,6))); -4536.39 -1.2431 30.3807 13.3323 -4554.68
(1,(2,3),((4,6),5)); -4541.96 -1.9059 30.5175 13.8629 -4560.52
(1,(2,3),(4,(5,6))); -4537.68 -1.2431 29.7585 13.517 -4555.17
(1,2,(3,(4,(5,6)))); -4533.71 -1.01195 30.1408 13.8231 -4551.04
(1,2,(3,(4,(5,6)))); -4532.54 -1.01195 31.3434 13.7049 -4551.19
(1,(2,3),(4,(5,6))); -4541.41 -1.2431 25.7704 13.7259 -4554.7
(1,(2,3),(4,(5,6))); -4537.87 -1.2431 28.7136 13.3036 -4554.52
(1,2,(3,(4,(5,6)))); -4535.28 -1.01195 28.8236 13.6923 -4551.42
(1,2,(3,(4,(5,6)))); -4535.82 -1.01195 27.9013 13.6145 -4551.12
(1,(2,3),((4,6),5)); -4540.61 -1.9059 31.8331 13.3855 -4560.96
(1,(2,3),((4,6),5)); -4544.53 -1.9059 28.2437 13.6416 -4561.04
(1,2,(3,(4,(5,6)))); -4535.03 -1.01195 28.8687 13.9199 -4550.99
(1,2,(3,(4,(5,6)))); -4534.61 -1.01195 28.0768 13.1705 -4550.52
(1,(2,3),(4,(5,6))); -4540.73 -1.2431 26.2426 13.5189 -4554.7
(1,2,(3,(4,(5,6)))); -4533.76 -1.01195 30.5269 13.7391 -4551.56
(1,(2,3),(4,(5,6))); -4539.28 -1.2431 27.3056 13.4712 -4554.35
(1,(2,3),((4,6),5)); -4546.28 -1.9059 26.2697 13.6064 -4560.85
(1,2,(3,(4,(5,6)))); -4534.1 -1.01195 29.4174 13.7572 -4550.77
(1,2,(3,((4,6),5))); -4533.11 -1.67475 30.6767 13.4916 -4551.97
(1,2,(3,(4,(5,6)))); -4534.48 -1.01195 29.3851 13.5487 -4551.33
(1,2,(3,((4,6),5))); -4536.34 -1.67475 27.3685 13.6244 -4551.75
(1,(2,3),((4,6),5)); -4546.25 -1.9059 25.5249 13.2579 -4560.42
(1,(2,3),(4,(5,6))); -4535.65 -1.2431 32.1354 13.8742 -4555.16
(1,2,(3,((4,6),5))); -4532.69 -1.67475 31.2569 13.5222 -4552.1
(1,2,(3,((4,6),5))); -4535.15 -1.67475 28.7161 13.5984 -4551.94
(1,2,(3,(4,(5,6)))); -4534.98 -1.01195 29.181 14.0212 -4551.16
(1,(2,3),(4,(5,6))); -4535.87 -1.2431 30.5716 13.4807 -4554.2
(1,(2,3),(4,(5,6))); -4534.34 -1.2431 32.588 13.497 -4554.67
(1,2,(3,(4,(5,6)))); -4534.62 -1.01195 29.5369 13.7743 -4551.39
(1,(2,3),(4,(5,6))); -4538.63 -1.2431 28.4907 13.7281 -4554.63
(1,2,(3,(4,(5,6)))); -4532.14 -1.01195 31.7641 13.7251 -4551.19
(1,2,(3,(4,(5,6)))); -4533.36 -1.01195 29.2232 13.1159 -4550.48
(1,(2,3),(4,(5,6))); -4538.49 -1.2431 28.0827 13.3192 -4554.49
(1,(2,3),(4,(5,6))); -4534.79 -1.2431 32.3606 13.6769 -4554.72
(1,2,(3,(4,(5,6)))); -4535.11 -1.01195 27.7138 13.0137 -4550.82
(1,(2,3),(4,(5,6))); -4535.14 -1.2431 31.2428 13.2816 -4554.34
(1,(2,3),((4,6),5)); -4542.44 -1.9059 29.8987 13.6579 -4560.58
(1,(2,3),((4,6),5)); -4540.82 -1.9059 31.1295 13.3912 -4560.47
(1,2,(3,(4,(5,6)))); -4532.43 -1.01195 30.9599 13.399 -4551
(1,2,(3,(4,(5,6)))); -4533.71 -1.01195 29.9306 13.6386 -4551.02
(1,(2,3),(4,(5,6))); -4544.41 -1.2431 22.9657 13.8398 -4554.78
(1,(2,3),(4,(5,6))); -4542.58 -1.2431 23.716 13.2048 -4554.34
(1,2,(3,((4,6),5))); -4533.69 -1.67475 29.6294 13.3257 -4551.67
(1,2,(3,(4,(5,6)))); -4537.31 -1.01195 27.4174 14.0803 -4551.66
(1,2,(3,((4,6),5))); -4535.52 -1.67475 28.8364 14.1493 -4551.88
(1,2,(3,(4,(5,6)))); -4533.33 -1.01195 30.1689 13.584 -4550.92
(1,(2,3),(4,(5,6))); -4538.7 -1.2431 28.6584 13.614 -4554.99
(1,(2,3),(4,(5,6))); -4536.54 -1.2431 30.4178 13.4562 -4554.74
(1,(2,3),(4,(5,6))); -4536.84 -1.2431 29.9025 13.214 -4554.77
(1,2,(3,(4,(5,6)))); -4533.63 -1.01195 30.3643 14.0377 -4550.97
(1,(2,3),(4,(5,6))); -4538.11 -1.2431 28.7255 13.3547 -4554.73
(1,(2,3),((4,6),5)); -4542.17 -1.9059 29.5184 13.1788 -4560.42
(1,2,(3,(4,(5,6)))); -4533.16 -1.01195 30.9962 13.9028 -4551.26
(1,2,(3,(4,(5,6)))); -4535.2 -1.01195 27.6487 13.1202 -4550.74
(1,2,(3,(4,(5,6)))); -4536.35 -1.01195 27.6247 13.6807 -4551.3
(1,(2,3),(4,(5,6))); -4536.66 -1.2431 30.2927 13.523 -4554.67
(1,(2,3),(4,(5,6))); -4534.25 -1.2431 33.1643 13.7668 -4554.89
(1,2,(3,(4,(5,6)))); -4537.68 -1.01195 26.6647 13.8874 -4551.47
(1,2,(3,(4,(5,6)))); -4538.13 -1.01195 25.2647 13.1415 -4551.26
(1,(2,3),((4,6),5)); -4542.43 -1.9059 30.5313 13.7248 -4561.14
(1,2,(3,((4,6),5))); -4536.73 -1.67475 27.1603 13.8157 -4551.75
(1,(2,3),(4,(5,6))); -4541.73 -1.2431 25.2551 13.3839 -4554.84
(1,2,(3,((4,6),5))); -4532.09 -1.67475 32.0433 13.7533 -4552.06
(1,(2,3),(4,(5,6))); -4540.48 -1.2431 27.4864 13.7704 -4555.44
(1,2,(3,(4,(5,6)))); -4534.43 -1.01195 28.8073 13.4794 -4550.77
(1,(2,3),(4,(5,6))); -4540.91 -1.2431 26.4161 13.6859 -4554.88
(1,2,(3,((4,6),5))); -4534.78 -1.67475 29.0023 13.472 -4551.99
(1,(2,3),(4,(5,6))); -4540.09 -1.2431 27.9643 14.0722 -4555.22
(1,2,(3,((4,6),5))); -4533.05 -1.67475 31.0177 13.7844 -4551.96
(1,2,(3,(4,(5,6)))); -4534.03 -1.01195 29.8954 13.4518 -4551.48
(1,2,(3,(4,(5,6)))); -4537.48 -1.01195 25.617 13.3557 -4550.76
(1,(2,3),(4,(5,6))); -4539.4 -1.2431 27.7856 13.3531 -4555.07
(1,(2,3),((4,6),5)); -4546.68 -1.9059 24.442 12.7828 -4560.25
(1,(2,3),((4,6),5)); -4542.24 -1.9059 30.3228 13.7245 -4560.74
(1,2,(3,((4,6),5))); -4532.06 -1.67475 31.9839 13.5896 -4552.13
(1,(2,3),(4,(5,6))); -4538.5 -1.2431 28.6201 13.6148 -4554.74
(1,(2,3),((4,6),5)); -4540.48 -1.9059 31.9129 13.4272 -4560.87
(1,2,(3,(4,(5,6)))); -4534.83 -1.01195 29.8197 14.1199 -4551.54
(1,2,(3,(4,(5,6)))); -4537.04 -1.01195 26.2021 13.3131 -4550.94
(1,2,(3,((4,6),5))); -4534.74 -1.67475 29.1661 13.787 -4551.8
(1,2,(3,(4,(5,6)))); -4531.53 -1.01195 32.4317 13.5854 -4551.39
(1,2,(3,((4,6),5))); -4534.02 -1.67475 29.4912 13.379 -4551.81
(1,(2,3),((4,6),5)); -4543.6 -1.9059 28.9566 13.5563 -4560.91
(1,2,(3,((4,6),5))); -4535.27 -1.67475 28.3423 13.3825 -4551.9
(1,2,(3,(4,(5,6)))); -4533.32 -1.01195 31.0869 14.074 -4551.34
(1,(2,3),(4,(5,6))); -4537.41 -1.2431 30.3064 13.5863 -4555.37
(1,2,(3,((4,6),5))); -4534.91 -1.67475 29.6481 13.8818 -4552.35
(1,2,(3,((4,6),5))); -4533.97 -1.67475 29.5327 13.4578 -4551.72
(1,(2,3),((4,6),5)); -4541.64 -1.9059 30.3109 13.6709 -4560.19
(1,2,(3,(4,(5,6)))); -4530.83 -1.01195 32.5714 13.4169 -4551
(1,2,(3,((4,6),5))); -4537.5 -1.67475 26.8371 13.4222 -4552.59
(1,(2,3),(4,(5,6))); -4537.05 -1.2431 30.2848 13.7101 -4554.87
(1,2,(3,((4,6),5))); -4539.31 -1.67475 24.3085 13.889 -4551.4
(1,2,(3,((4,6),5))); -4535.29 -1.67475 27.9232 13.1463 -4551.74
(1,2,(3,(4,(5,6)))); -4531.8 -1.01195 32.442 13.9052 -4551.35
(1,2,(3,(4,(5,6)))); -4532.15 -1.01195 31.1628 13.5741 -4550.75
(1,(2,3),(4,(5,6))); -4539.76 -1.2431 27.4353 13.3529 -4555.09
(1,(2,3),((4,6),5)); -4541.35 -1.9059 30.72 13.2921 -4560.69
(1,2,(3,((4,6),5))); -4531.94 -1.67475 31.8369 13.6626 -4551.79
(1,2,(3,(4,(5,6)))); -4533.74 -1.01195 30.0626 13.6978 -4551.12
(1,(2,3),(4,(5,6))); -4540.17 -1.2431 27.4912 13.8532 -4555.05
(1,(2,3),(4,(5,6))); -4536.46 -1.2431 31.2763 13.9746 -4555
(1,2,(3,((4,6),5))); -4534.09 -1.67475 29.8592 13.553 -4552.07
(1,2,(3,(4,(5,6)))); -4533.49 -1.01195 30.3253 13.4976 -4551.33
(1,2,(3,(4,(5,6)))); -4531.55 -1.01195 32.6296 13.9095 -4551.28
(1,(2,3),(4,(5,6))); -4538.56 -1.2431 29.357 13.8996 -4555.26
(1,2,(3,(4,(5,6)))); -4535.84 -1.01195 27.9888 13.4974 -4551.34
(1,(2,3),(4,(5,6))); -4537.32 -1.2431 28.6218 12.9781 -4554.2
(1,2,(3,(4,(5,6)))); -4533.51 -1.01195 30.6639 13.6478 -4551.54
(1,2,(3,((4,6),5))); -4535.52 -1.67475 27.6112 12.9015 -4551.91
(1,2,(3,((4,6),5))); -4533.29 -1.67475 30.2885 13.4608 -4551.79
(1,(2,3),((4,6),5)); -4543.43 -1.9059 28.7093 13.4375 -4560.61
(1,2,(3,((4,6),5))); -4532.72 -1.67475 31.684 13.7688 -4552.31
(1,2,(3,((4,6),5))); -4534.45 -1.67475 29.4564 13.585 -4552
(1,(2,3),(4,(5,6))); -4538.44 -1.2431 28.7106 13.6107 -4554.78
(1,2,(3,(4,(5,6)))); -4533.62 -1.01195 30.2881 13.4203 -4551.5
(1,2,(3,(4,(5,6)))); -4532.98 -1.01195 30.6836 13.672 -4551.01
(1,(2,3),(4,(5,6))); -4538.2 -1.2431 29.3848 13.8266 -4555
(1,2,(3,((4,6),5))); -4532.24 -1.67475 32.0558 13.8091 -4552.16
(1,(2,3),((4,6),5)); -4543.67 -1.9059 29.0439 14.0458 -4560.58
(1,(2,3),((4,6),5)); -4546.05 -1.9059 26.2213 13.3768 -4560.8
(1,(2,3),(4,(5,6))); -4535.4 -1.2431 31.6524 13.571 -4554.73
(1,2,(3,(4,(5,6)))); -4539.36 -1.01195 25.0841 14.3885 -4551.07
(1,2,(3,(4,(5,6)))); -4533.02 -1.01195 30.8411 13.476 -4551.4
(1,2,(3,((4,6),5))); -4535.28 -1.67475 28.7924 13.5206 -4552.23
(1,2,(3,(4,(5,6)))); -4533.17 -1.01195 30.8225 13.8795 -4551.12
(1,2,(3,(4,(5,6)))); -4536.89 -1.01195 26.6844 13.4814 -4551.1
(1,2,(3,(4,(5,6)))); -4537.68 -1.01195 25.2691 12.924 -4551.04
(1,(2,3),(4,(5,6))); -4540.96 -1.2431 26.0186 13.2744 -4554.95
(1,(2,3),(4,(5,6))); -4535.64 -1.2431 31.5527 13.6753 -4554.76
(1,(2,3),((4,6),5)); -4549.9 -1.9059 22.4513 13.2003 -4561.05
(1,2,(3,(4,(5,6)))); -4532.88 -1.01195 30.765 13.6508 -4551
(1,2,(3,(4,(5,6)))); -4534.46 -1.01195 28.8476 13.4038 -4550.92
(1,2,(3,(4,(5,6)))); -4533.97 -1.01195 29.9514 13.8116 -4551.12
(1,(2,3),(4,(5,6))); -4535.85 -1.2431 31.3224 13.6376 -4554.77
(1,2,(3,((4,6),5))); -4543.92 -1.67475 19.8454 13.2333 -4552.21
(1,(2,3),(4,(5,6))); -4539.84 -1.2431 27.7948 13.4988 -4555.37
(1,(2,3),(4,(5,6))); -4540.77 -1.2431 26.0952 13.3602 -4554.75
(1,(2,3),(4,(5,6))); -4539.85 -1.2431 27.0956 13.4548 -4554.74
(1,2,(3,(4,(5,6)))); -4534.8 -1.01195 28.0318 13.1818 -4550.66
(1,(2,3),(4,(5,6))); -4536.15 -1.2431 31.274 13.7713 -4554.9
(1,(2,3),(4,(5,6))); -4536.43 -1.2431 30.6208 13.5245 -4554.77
(1,(2,3),(4,(5,6))); -4539.96 -1.2431 26.848 13.6037 -4554.45
(1,2,(3,((4,6),5))); -4536.29 -1.67475 26.9729 12.9773 -4551.96
(1,(2,3),(4,(5,6))); -4537.79 -1.2431 28.5069 13.1312 -4554.41
(1,(2,(4,(5,6))),3); -4537.17 -4.90505 30.5016 13.5156 -4559.06
(1,(2,3),(4,(5,6))); -4536.06 -1.2431 31.3804 13.7132 -4554.97
(1,(2,3),(4,(5,6))); -4536.37 -1.2431 30.6078 13.2842 -4554.94
(1,2,(3,(4,(5,6)))); -4536.28 -1.01195 27.7547 13.7278 -4551.31
(1,2,(3,((4,6),5))); -4534.52 -1.67475 29.4267 13.559 -4552.06
(1,2,(3,(4,(5,6)))); -4533.44 -1.01195 30.4112 13.4573 -4551.4
(1,2,(3,((4,6),5))); -4533.3 -1.67475 30.3909 13.6925 -4551.67
(1,(2,3),(4,(5,6))); -4537.55 -1.2431 30.1305 13.7254 -4555.19
(1,2,(3,((4,6),5))); -4534.77 -1.67475 29.7973 14.0653 -4552.18
(1,(2,3),((4,6),5)); -4543.81 -1.9059 29.0395 13.6182 -4561.14
(1,(2,3),(4,(5,6))); -4537.15 -1.2431 29.7956 13.4244 -4554.76
(1,(2,3),(4,(5,6))); -4537.71 -1.2431 28.4399 12.8923 -4554.5
(1,(2,3),(4,(5,6))); -4536.59 -1.2431 30.1291 13.4322 -4554.53
(1,(2,3),(4,(5,6))); -4537.38 -1.2431 29.2491 13.4894 -4554.38
(1,(2,3),((4,6),5)); -4540.08 -1.9059 32.2108 13.407 -4560.79
(1,2,(3,(4,(5,6)))); -4532.6 -1.01195 30.9758 13.4771 -4551.11
(1,(2,3),((4,6),5)); -4542.9 -1.9059 29.5103 13.6068 -4560.71
(1,(2,3),(4,(5,6))); -4541.67 -1.2431 25.4197 13.2853 -4555.04
(1,2,(3,((4,6),5))); -4534.53 -1.67475 28.5529 13.3374 -4551.42
(1,(2,3),(4,(5,6))); -4539.93 -1.2431 27.7465 13.3978 -4555.52
(1,(2,3),((4,6),5)); -4540.65 -1.9059 31.7564 13.4724 -4560.84
(1,2,(3,((4,6),5))); -4533.08 -1.67475 30.0477 13.4445 -4551.36
(1,(2,3),(4,(5,6))); -4535.48 -1.2431 31.5646 13.4884 -4554.8
(1,(2,3),(4,(5,6))); -4539.56 -1.2431 27.2505 13.2647 -4554.79
(1,2,(3,(4,(5,6)))); -4538.56 -1.01195 26.0288 14.0379 -4551.56
(1,2,(3,(4,(5,6)))); -4532.67 -1.01195 30.7644 13.4429 -4551
(1,(2,3),(4,(5,6))); -4537.57 -1.2431 29.3501 13.4396 -4554.72
(1,(2,3),(4,(5,6))); -4535.99 -1.2431 30.9119 13.4107 -4554.73
(1,2,(3,(4,(5,6)))); -4534.23 -1.01195 28.971 13.315 -4550.9
(1,2,(3,((4,6),5))); -4537.48 -1.67475 26.9215 14.0813 -4551.99
(1,(2,3),(4,(5,6))); -4537.92 -1.2431 28.9518 13.2076 -4554.91
(1,2,(3,(4,(5,6)))); -4533.39 -1.01195 30.5949 13.9162 -4551.08
(1,(2,3),(4,(5,6))); -4539.54 -1.2431 27.0686 13.4678 -4554.38
(1,(2,3),(4,(5,6))); -4539.03 -1.2431 27.9997 13.3602 -4554.91
(1,2,(3,((4,6),5))); -4533.89 -1.67475 30.2077 13.6874 -4552.08
(1,(2,3),(4,(5,6))); -4542.51 -1.2431 25.2137 14.1324 -4554.84
(1,2,(3,(4,(5,6)))); -4536.37 -1.01195 26.925 13.1423 -4551.16
(1,2,(3,(4,(5,6)))); -4535.41 -1.01195 28.0036 13.4243 -4551
(1,2,(3,(4,(5,6)))); -4533.98 -1.01195 30.0393 13.8754 -4551.15
(1,(2,3),((4,6),5)); -4543.88 -1.9059 27.6873 13.1109 -4560.36
(1,(2,3),((4,6),5)); -4540.4 -1.9059 31.9518 13.7586 -4560.49
(1,2,(3,((4,6),5))); -4535.48 -1.67475 28.0499 13.2802 -4551.92
(1,(2,3),(4,(5,6))); -4535.89 -1.2431 31.4 13.7074 -4554.83
(1,2,(3,(4,(5,6)))); -4531.95 -1.01195 32.2843 13.7545 -4551.49
(1,2,(3,(4,(5,6)))); -4534.62 -1.01195 28.5417 13.4336 -4550.74
(1,2,(3,(4,(5,6)))); -4535.93 -1.01195 27.6384 13.8231 -4550.75
(1,2,(3,((4,6),5))); -4535.97 -1.67475 28.2943 13.6026 -4552.33
(1,2,(3,(4,(5,6)))); -4535.2 -1.01195 28.4547 13.3417 -4551.33
(1,2,(3,(4,(5,6)))); -4532.57 -1.01195 31.8291 13.9093 -4551.5
(1,2,(3,(4,(5,6)))); -4533.94 -1.01195 30.013 13.5857 -4551.38
(1,2,(3,(4,(5,6)))); -4533.93 -1.01195 29.241 13.2554 -4550.92
(1,(2,3),(4,(5,6))); -4538.69 -1.2431 28.6357 13.8375 -4554.73
(1,(2,3),((4,6),5)); -4544.39 -1.9059 28.4257 13.8198 -4560.9
(1,2,(3,(4,(5,6)))); -4535.71 -1.01195 28.0703 13.4965 -4551.3
(1,2,(3,(4,(5,6)))); -4536.03 -1.01195 28.4984 14.0644 -4551.47
(1,2,(3,(4,(5,6)))); -4536.19 -1.01195 26.6141 13.2104 -4550.6
(1,2,(3,((4,6),5))); -4534.59 -1.67475 29.1375 13.3427 -4552.06
(1,2,(3,(4,(5,6)))); -4538.79 -1.01195 24.5763 13.2002 -4551.18
(1,(2,3),(4,(5,6))); -4536.46 -1.2431 29.9332 13.3256 -4554.31
