tree logl logTop logProp logPrior logWt
(1,2,(3,(4,(5,6)))); -4533.57 -1.50678 29.6858 13.2664 -4551.49
(1,2,(3,(4,(5,6)))); -4532.55 -1.50678 30.5553 13.2601 -4551.35
(1,(2,((4,6),5)),3); -4539.07 -2.25804 31.6174 13.6168 -4559.33
(1,(2,3),((4,6),5)); -4542.41 -1.91004 29.3131 13.5014 -4560.13
(1,2,(3,(4,(5,6)))); -4533.79 -1.50678 29.5367 13.2722 -4551.56
(1,(2,3),(4,(5,6))); -4534.6 -1.65698 32.4762 13.3825 -4555.35
(1,(2,3),((4,6),5)); -4545.02 -1.91004 26.9951 12.9063 -4561.01
(1,2,(3,((4,6),5))); -4538.17 -1.75985 25.681 13.1462 -4552.46
(1,2,(3,((4,6),5))); -4534.28 -1.75985 30.0767 13.9405 -4552.18
(1,(2,(4,(5,6))),3); -4537.19 -2.00497 30.3947 13.5451 -4556.05
(1,2,(3,((4,6),5))); -4537.49 -1.75985 26.8472 13.7463 -4552.35
(1,2,(3,((4,6),5))); -4533.08 -1.75985 31.091 13.5169 -4552.41
(1,2,(3,((4,6),5))); -4534.1 -1.75985 29.0267 13.1499 -4551.74
(1,(2,3),(4,(5,6))); -4537.01 -1.65698 29.6552 13.2856 -4555.04
(1,2,(3,((4,6),5))); -4536.01 -1.75985 28.0532 13.489 -4552.33
(1,(2,3),((4,6),5)); -4544.01 -1.91004 28.0234 13.6006 -4560.34
(1,(2,3),((4,6),5)); -4542.44 -1.91004 30.4407 13.7126 -4561.08
(1,(2,(4,(5,6))),3); -4541.57 -2.00497 24.9985 13.0852 -4555.49
(1,2,(3,((4,6),5))); -4534.31 -1.75985 29.4108 13.2823 -4552.2
(1,(2,(4,(5,6))),3); -4535.44 -2.00497 31.712 13.5866 -4555.57
(1,2,(3,((4,5),6))); -4540.58 -4.60443 30.4972 13.5431 -4562.14
(1,(2,3),((4,6),5)); -4545.48 -1.91004 27.0294 13.7103 -4560.71
(1,(2,3),(4,(5,6))); -4536.35 -1.65698 30.9105 13.4578 -4555.46
(1,(2,3),(4,(5,6))); -4539.81 -1.65698 27.0419 13.5487 -4554.96
(1,(2,(4,(5,6))),3); -4541.14 -2.00497 25.6166 13.2367 -4555.53
(1,(2,(4,(5,6))),3); -4541.76 -2.00497 25.5722 13.3134 -4556.03
(1,2,(3,((4,5),6))); -4538.93 -4.60443 30.2984 13.2334 -4560.6
(1,(2,3),(4,(5,6))); -4536.1 -1.65698 31.444 13.5198 -4555.68
(1,(2,3),((4,6),5)); -4540.81 -1.91004 31.4127 13.3247 -4560.81
(1,(2,3),(4,(5,6))); -4539.36 -1.65698 28.5778 13.7601 -4555.83
(1,(2,3),((4,6),5)); -4543.47 -1.91004 28.7565 13.4537 -4560.68
(1,(2,3),(4,(5,6))); -4536.55 -1.65698 30.526 13.521 -4555.21
(1,((2,3),(5,6)),4); -4576.01 -7.26443 30.1019 13.5703 -4599.81
(1,(2,(4,(5,6))),3); -4538.18 -2.00497 29.547 13.7136 -4556.02
(1,(2,3),(4,(5,6))); -4536.48 -1.65698 30.6308 13.6462 -4555.12
(1,(2,3),(4,(5,6))); -4538.06 -1.65698 28.6621 13.437 -4554.94
(1,2,(3,(4,(5,6)))); -4538.21 -1.50678 25.62 13.8854 -4551.45
(1,2,(3,((4,6),5))); -4533.15 -1.75985 30.5156 13.4632 -4551.97
(1,2,(3,(4,(5,6)))); -4533.68 -1.50678 30.1048 13.4246 -4551.86
(1,(2,3),(4,(5,6))); -4537.23 -1.65698 30.3056 13.5225 -4555.67
(1,(2,((4,6),5)),3); -4542.62 -2.25804 27.4544 13.1686 -4559.16
(1,2,(3,((4,6),5))); -4532.11 -1.75985 31.7362 13.377 -4552.23
(1,2,(3,(4,(5,6)))); -4533.23 -1.50678 30.7951 13.7516 -4551.78
(1,(2,3),(4,(5,6))); -4539.56 -1.65698 27.7782 13.5245 -4555.47
(1,2,(3,((4,6),5))); -4534.09 -1.75985 29.7334 13.6835 -4551.9
(1,(2,3),(4,(5,6))); -4539.57 -1.65698 27.7063 13.7095 -4555.23
(1,(2,(4,(5,6))),3); -4537.14 -2.00497 29.4878 13.4531 -4555.18
(1,(2,(4,(5,6))),3); -4536.15 -2.00497 30.4746 13.3188 -4555.31
(1,2,(3,(4,(5,6)))); -4534.76 -1.50678 29.3781 13.8385 -4551.81
(1,2,(3,(4,(5,6)))); -4532.13 -1.50678 31.5893 13.6398 -4551.59
(1,2,(3,(4,(5,6)))); -4532.81 -1.50678 30.6493 13.648 -4551.32
(1,2,(3,(4,(5,6)))); -4532.25 -1.50678 31.6479 13.658 -4551.75
(1,(2,3),((4,6),5)); -4543.96 -1.91004 28.6247 13.353 -4561.14
(1,2,(3,((4,6),5))); -4535.38 -1.75985 29.1199 13.7461 -4552.51
(1,(2,((4,6),5)),3); -4542.28 -2.25804 28.2705 13.9564 -4558.86
(1,2,(3,(4,(5,6)))); -4536.56 -1.50678 27.3973 13.8627 -4551.6
(1,2,(3,(4,(5,6)))); -4535.15 -1.50678 28.1753 13.3505 -4551.49
(1,2,(3,(4,(5,6)))); -4533.09 -1.50678 30.9367 13.9263 -4551.61
(1,(2,(4,(5,6))),3); -4537.77 -2.00497 29.0789 13.3851 -4555.47
(1,(2,(4,(5,6))),3); -4538.51 -2.00497 29.0174 13.7363 -4555.8
(1,2,(3,(4,(5,6)))); -4533.14 -1.50678 30.7529 13.6299 -4551.77
(1,(2,((4,6),5)),3); -4538.51 -2.25804 31.7316 13.4307 -4559.07
(1,2,(3,((4,6),5))); -4531.79 -1.75985 32.3262 13.6167 -4552.26
(1,2,(3,((4,6),5))); -4537.16 -1.75985 26.9085 13.612 -4552.21
(1,(2,3),(4,(5,6))); -4540.01 -1.65698 27.5161 13.9728 -4555.22
(1,(2,((4,6),5)),3); -4541.89 -2.25804 28.1499 13.4959 -4558.81
(1,(2,3),(4,(5,6))); -4535.69 -1.65698 31.3153 13.2979 -4555.37
(1,2,(3,(4,(5,6)))); -4537.16 -1.50678 26.4079 13.5905 -4551.48
(1,2,(3,(4,(5,6)))); -4537.84 -1.50678 26.174 13.3291 -4552.19
(1,(2,(4,(5,6))),3); -4535.16 -2.00497 31.9919 13.4404 -4555.72
(1,(2,((4,6),5)),3); -4540.28 -2.25804 29.8455 13.3915 -4558.99
(1,2,(3,(4,(5,6)))); -4536.6 -1.50678 27.5316 13.8637 -4551.78
(1,2,(3,(4,(5,6)))); -4534.28 -1.50678 29.5394 13.8407 -4551.49
(1,2,(3,(4,(5,6)))); -4531.7 -1.50678 32.1238 13.9039 -4551.43
(1,2,(3,(4,(5,6)))); -4531.53 -1.50678 32.1377 13.5164 -4551.65
(1,(2,((4,6),5)),3); -4542.7 -2.25804 28.0734 13.7936 -4559.24
(1,(2,3),(4,(5,6))); -4540.3 -1.65698 26.9689 13.5914 -4555.34
(1,2,(3,(4,(5,6)))); -4534.69 -1.50678 28.4504 13.2012 -4551.45
(1,(2,((4,6),5)),3); -4543.19 -2.25804 26.9562 13.8007 -4558.61
(1,2,(3,(4,(5,6)))); -4531.93 -1.50678 31.821 13.4221 -4551.84
(1,(2,((4,6),5)),3); -4538.55 -2.25804 31.5176 13.5716 -4558.76
(1,2,(3,(4,(5,6)))); -4531.75 -1.50678 31.5489 13.3678 -4551.44
(1,(2,3),(4,(5,6))); -4537.17 -1.65698 29.6901 13.3354 -4555.18
(1,(2,(4,(5,6))),3); -4538.54 -2.00497 27.8165 12.8954 -4555.47
(1,(2,3),((4,6),5)); -4543.09 -1.91004 29.6192 13.6264 -4560.99
(1,(2,(4,(5,6))),3); -4536.51 -2.00497 30.417 13.5101 -4555.42
(1,(2,3),(4,(5,6))); -4541.09 -1.65698 26.4506 13.3233 -4555.87
(1,2,(3,(4,(5,6)))); -4535.81 -1.50678 27.4431 13.4333 -4551.32
(1,2,(3,((4,6),5))); -4533.57 -1.75985 30.0615 13.2169 -4552.17
(1,2,(3,(4,(5,6)))); -4535.98 -1.50678 28.1775 13.9642 -4551.7
(1,2,(3,((4,6),5))); -4535.48 -1.75985 28.1901 13.4787 -4551.95
(1,2,(3,(4,(5,6)))); -4533.29 -1.50678 30.1244 13.3119 -4551.6
(1,2,(3,((4,6),5))); -4535.33 -1.75985 28.5356 13.6171 -4552.01
(1,(2,3),(4,(5,6))); -4534.94 -1.65698 32.0069 13.531 -4555.08
(1,(2,3),(4,(5,6))); -4537.8 -1.65698 29.1641 13.5756 -4555.04
(1,(2,3),(4,(5,6))); -4537.73 -1.65698 28.31 12.9591 -4554.74
(1,(2,3),(4,(5,6))); -4537.57 -1.65698 30.1395 13.9333 -4555.43
(1,(2,(4,(5,6))),3); -4538.56 -2.00497 28.9883 13.7426 -4555.81
(1,(2,3),(4,(5,6))); -4541.53 -1.65698 25.5372 13.6698 -4555.06
(1,2,(3,((4,6),5))); -4533.44 -1.75985 30.2305 13.4107 -4552.02
