tree logl logTop logProp logPrior logWt
(1,(2,3),((4,6),5)); -4542.39 -1.88647 31.0928 13.1455 -4562.23
(1,2,(3,((4,6),5))); -4535.05 -1.75514 29.9454 12.9245 -4553.83
(1,2,(3,((4,6),5))); -4544.74 -1.75514 25.2356 12.3679 -4559.37
(1,(2,3),((4,6),5)); -4541.5 -1.88647 30.1569 13.2436 -4560.3
(1,(2,3),(4,(5,6))); -4539.74 -1.64785 29.6258 13.0288 -4557.99
(1,(2,3),(4,(5,6))); -4543.76 -1.64785 30.7731 12.6139 -4563.57
(1,(2,(4,(5,6))),3); -4555.86 -2.02751 28.39 12.2712 -4574
(1,(2,3),((4,6),5)); -4544.28 -1.88647 26.5846 13.5408 -4559.21
(1,2,(3,(4,(5,6)))); -4534.46 -1.51652 28.6282 13.2822 -4551.33
(1,(2,((4,6),5)),3); -4544.23 -2.26614 27.2372 13.048 -4560.68
(1,2,(3,(4,(5,6)))); -4539.15 -1.51652 25.6249 12.8699 -4553.42
(1,(2,3),((4,6),5)); -4542.98 -1.88647 30.4814 13.1127 -4562.23
(1,2,(3,(4,(5,6)))); -4534.27 -1.51652 31.2654 13.6162 -4553.43
(1,2,(3,(4,(5,6)))); -4537.45 -1.51652 31.7827 12.6908 -4558.06
(1,(2,3),(4,(5,6))); -4536.03 -1.64785 29.7241 13.533 -4553.87
(1,2,(3,(4,(5,6)))); -4537.7 -1.51652 29.2777 12.842 -4555.66
(1,2,(3,((4,6),5))); -4541.84 -1.75514 26.1231 12.5952 -4557.13
(1,(2,(4,(5,6))),3); -4542.81 -2.02751 28.9492 12.6142 -4561.17
(1,(2,3),((4,6),5)); -4540.82 -1.88647 31.9523 13.1286 -4561.53
(1,(2,((4,6),5)),3); -4544.98 -2.26614 25.3062 13.1274 -4559.43
(1,(2,((4,6),5)),3); -4544.91 -2.26614 28.3342 13.027 -4562.48
(1,2,(3,(4,(5,6)))); -4535.86 -1.51652 28.7686 13.2609 -4552.88
(1,(2,3),(4,(5,6))); -4552.03 -1.64785 27.8341 12.4309 -4569.08
(1,(2,3),((4,6),5)); -4569.18 -1.88647 25.0758 12.0134 -4584.13
(1,(2,3),((4,6),5)); -4560.71 -1.88647 29.2309 12.1932 -4579.64
(1,(2,((4,6),5)),3); -4540.17 -2.26614 30.4704 13.4827 -4559.42
(1,(2,3),(4,(5,6))); -4538.11 -1.64785 30.7741 12.9517 -4557.58
(1,(2,(4,(5,6))),3); -4540.46 -2.02751 29.7053 13.0312 -4559.16
(1,(2,3),((4,6),5)); -4550.44 -1.88647 31.1883 12.5743 -4570.94
(1,(2,3),(4,(5,6))); -4537.13 -1.64785 31.3662 12.9613 -4557.18
(1,(2,3),((4,6),5)); -4545.91 -1.88647 28.7031 12.835 -4563.66
(1,2,(3,(4,(5,6)))); -4537.42 -1.51652 27.0011 12.8102 -4553.12
(1,(2,((4,6),5)),3); -4540.07 -2.26614 30.8721 13.1647 -4560.04
(1,(2,((4,6),5)),3); -4564.81 -2.26614 26.4754 11.7767 -4581.78
(1,2,(3,(4,(5,6)))); -4533.33 -1.51652 32.1079 13.1205 -4553.83
(1,(2,3),(4,(5,6))); -4540.68 -1.64785 27.4168 12.7323 -4557.02
(1,2,(3,(4,(5,6)))); -4559.36 -1.51652 24.1674 12.6192 -4572.43
(1,(2,3),((4,6),5)); -4540.36 -1.88647 31.4239 13.4355 -4560.23
(1,(2,(4,(5,6))),3); -4539.13 -2.02751 28.9786 12.7951 -4557.34
(1,2,(3,(4,(5,6)))); -4534.52 -1.51652 32.1093 12.9515 -4555.2
(1,2,(3,(4,(5,6)))); -4536.53 -1.51652 27.5843 13.3568 -4552.28
(1,(2,3),(4,(5,6))); -4537.1 -1.64785 29.0373 13.5456 -4554.23
(1,(2,((4,6),5)),3); -4540.52 -2.26614 31.3029 13.1199 -4560.97
(1,(2,((4,6),5)),3); -4541.63 -2.26614 29.5309 12.9997 -4560.43
(1,2,(3,(4,(5,6)))); -4534.54 -1.51652 29.2001 13.348 -4551.9
(1,(2,3),(4,(5,6))); -4539.36 -1.64785 28.4599 13.2673 -4556.2
(1,(2,3),(4,(5,6))); -4541.35 -1.64785 28.2452 12.9717 -4558.27
(1,2,(3,(4,(5,6)))); -4537.45 -1.51652 28.6354 13.1745 -4554.43
(1,2,(3,((4,6),5))); -4537.54 -1.75514 30.7004 12.7001 -4557.29
(1,2,(3,((4,6),5))); -4538.38 -1.75514 29.1476 12.9217 -4556.36
(1,(2,3),(4,(5,6))); -4537.73 -1.64785 28.0708 13.7075 -4553.74
(1,(2,3),(4,(5,6))); -4538.44 -1.64785 30.4189 13.0105 -4557.49
(1,(2,(4,(5,6))),3); -4540.71 -2.02751 27.6729 12.8919 -4557.52
(1,2,(3,(4,(5,6)))); -4536.65 -1.51652 31.7335 13.0031 -4556.89
(1,(2,3),(4,(5,6))); -4542.17 -1.64785 25.8579 13.3975 -4556.28
(1,(2,3),((4,6),5)); -4546.35 -1.88647 27.5194 12.9362 -4562.82
(1,2,(3,((4,6),5))); -4535.27 -1.75514 27.1002 13.0529 -4551.07
(1,(2,3),((4,6),5)); -4546.3 -1.88647 28.7985 12.9053 -4564.08
(1,(2,((4,6),5)),3); -4541.4 -2.26614 31.1892 12.8337 -4562.03
(1,2,(3,(4,(5,6)))); -4538.47 -1.51652 28.9037 12.8493 -4556.04
(1,(2,3),(4,(5,6))); -4538.91 -1.64785 29.6963 12.9444 -4557.31
(1,(2,(4,(5,6))),3); -4539.14 -2.02751 30.4732 13.0644 -4558.57
(1,2,(3,(4,(5,6)))); -4541.04 -1.51652 22.4668 13.2498 -4551.77
(1,(2,3),(4,(5,6))); -4543.39 -1.64785 24.7244 12.8863 -4556.87
(1,2,(3,(4,(5,6)))); -4537.44 -1.51652 27.4289 13.2761 -4553.11
(1,2,(3,((4,6),5))); -4534.77 -1.75514 32.6139 12.8248 -4556.31
(1,2,(3,(4,(5,6)))); -4538.11 -1.51652 28.6361 12.658 -4555.6
(1,(2,(4,(5,6))),3); -4542.82 -2.02751 26.9748 12.9926 -4558.83
(1,2,(3,((4,6),5))); -4535.07 -1.75514 29.4733 13.0817 -4553.22
(1,2,(3,((4,6),5))); -4541.88 -1.75514 28.8545 12.3294 -4560.16
(1,2,(3,((4,6),5))); -4537.55 -1.75514 28.12 12.9395 -4554.49
(1,(2,3),(4,(5,6))); -4538.41 -1.64785 28.5911 13.3586 -4555.29
(1,2,(3,(4,(5,6)))); -4539.36 -1.51652 30.4527 12.5616 -4558.76
(1,(2,3),((4,5),6)); -4547.38 -4.837 31.3071 12.961 -4570.56
(1,(2,(4,(5,6))),3); -4537.81 -2.02751 30.0862 13.0352 -4556.89
(1,(2,(4,(5,6))),3); -4535.89 -2.02751 30.0042 13.422 -4554.5
(1,(2,((4,6),5)),3); -4543.33 -2.26614 27.9835 13.2598 -4560.32
(1,2,(3,((4,6),5))); -4536.52 -1.75514 29.3827 12.919 -4554.74
(1,(2,(4,(5,6))),3); -4544.12 -2.02751 23.9681 12.9419 -4557.17
(1,(2,((4,6),5)),3); -4539.85 -2.26614 29.1571 13.314 -4557.95
(1,2,(3,(4,(5,6)))); -4533.17 -1.51652 31.0086 13.316 -4552.38
(1,(2,(4,(5,6))),3); -4539.49 -2.02751 26.6782 13.7842 -4554.41
(1,2,(3,(4,(5,6)))); -4560.39 -1.51652 28.6108 11.4964 -4579.02
(1,2,(3,(4,(5,6)))); -4543.35 -1.51652 22.4698 13.0005 -4554.34
(1,2,(3,(4,(5,6)))); -4539.26 -1.51652 28.8748 12.5836 -4557.07
(1,2,(3,(4,(5,6)))); -4546.5 -1.51652 23.7745 12.6513 -4559.14
(1,(2,((4,6),5)),3); -4540.84 -2.26614 30.5024 12.9829 -4560.63
(1,2,(3,(4,(5,6)))); -4544.71 -1.51652 22.1601 12.9895 -4555.39
(1,(2,3),((4,6),5)); -4547.16 -1.88647 28.7727 12.8056 -4565.01
(1,(2,((4,6),5)),3); -4542.61 -2.26614 27.5702 13.1602 -4559.29
(1,(2,3),((4,6),5)); -4543.55 -1.88647 27.8666 12.916 -4560.38
(1,2,(3,(4,(5,6)))); -4534.46 -1.51652 28.334 13.394 -4550.91
(1,(2,(4,(5,6))),3); -4559.59 -2.02751 28.642 11.7622 -4578.5
(1,2,(3,((4,6),5))); -4533.07 -1.75514 30.818 13.2229 -4552.42
(1,2,(3,((4,6),5))); -4540.6 -1.75514 26.9491 12.6032 -4556.7
(1,2,(3,((4,6),5))); -4533.75 -1.75514 29.3244 13.4659 -4551.36
(1,(2,3),(4,(5,6))); -4540.75 -1.64785 27.8613 13.113 -4557.15
(1,(2,3),((4,6),5)); -4550.93 -1.88647 21.2375 12.8741 -4561.18
(1,(2,3),((4,6),5)); -4546.39 -1.88647 29.6071 12.7431 -4565.14
(1,2,(3,((4,6),5))); -4532.51 -1.75514 30.7894 13.6211 -4551.43
(1,(2,3),(4,(5,6))); -4537.33 -1.64785 28.5611 13.7373 -4553.8
(1,2,(3,((4,6),5))); -4535.42 -1.75514 30.6618 12.9285 -4554.91
(1,2,(3,(4,(5,6)))); -4536.29 -1.51652 28.1767 13.0511 -4552.93
(1,2,(3,((4,6),5))); -4537.49 -1.75514 26.7149 13.3678 -4552.59
(1,2,(3,((4,6),5))); -4540.13 -1.75514 25.73 12.8189 -4554.79
(1,(2,3),(4,(5,6))); -4540.28 -1.64785 29.7926 12.973 -4558.75
(1,(2,3),(4,(5,6))); -4559.47 -1.64785 27.442 11.9469 -4576.62
(1,(2,(4,(5,6))),3); -4544.38 -2.02751 28.0766 12.5712 -4561.91
(1,2,(3,(4,(5,6)))); -4538.3 -1.51652 28.3527 12.7143 -4555.45
(1,(2,((4,6),5)),3); -4542.56 -2.26614 28.8805 13.059 -4560.65
(1,(2,((4,6),5)),3); -4545.13 -2.26614 29.2344 12.8083 -4563.82
(1,(2,((4,6),5)),3); -4542.45 -2.26614 30.16 12.6639 -4562.21
(1,2,((3,(5,6)),4)); -4575.96 -6.53306 30.1365 13.8578 -4598.77
(1,2,(3,(4,(5,6)))); -4533.82 -1.51652 32.0163 13.0353 -4554.32
(1,2,(3,(4,(5,6)))); -4536.99 -1.51652 30.433 12.9655 -4555.97
(1,(2,((4,6),5)),3); -4551.15 -2.26614 22.8286 12.6366 -4563.61
(1,2,(3,(4,(5,6)))); -4534.21 -1.51652 30.9422 12.9575 -4553.71
(1,(2,3),((4,6),5)); -4543.66 -1.88647 30.7278 13.2381 -4563.03
(1,2,(3,(4,(5,6)))); -4536.2 -1.51652 28.6836 12.9866 -4553.42
(1,(2,3),(4,(5,6))); -4538.12 -1.64785 31.6136 12.8412 -4558.54
(1,(2,3),(4,(5,6))); -4557.4 -1.64785 28.4631 12.0712 -4575.44
(1,(2,3),(4,(5,6))); -4536.19 -1.64785 30.7536 13.6396 -4554.95
(1,2,(3,(4,(5,6)))); -4537.1 -1.51652 29.4971 12.8984 -4555.21
(1,2,(3,((4,6),5))); -4533.67 -1.75514 30.5792 13.3599 -4552.65
(1,(2,3),((4,6),5)); -4542.34 -1.88647 30.8134 13.1119 -4561.93
(1,2,(3,((4,5),6))); -4545.29 -4.70567 28.2878 12.8425 -4565.44
(1,(2,3),(4,(5,6))); -4542.06 -1.64785 29.662 12.7784 -4560.59
(1,(2,3),((4,6),5)); -4548.43 -1.88647 26.6168 12.4874 -4564.45
(1,2,(3,((4,6),5))); -4534.02 -1.75514 30.6479 13.1007 -4553.32
(1,2,(3,(4,(5,6)))); -4539.42 -1.51652 29.7856 12.8352 -4557.89
(1,2,(3,((4,6),5))); -4536.45 -1.75514 30.2735 12.9718 -4555.51
(1,(2,((4,6),5)),3); -4545.56 -2.26614 27.6697 12.7596 -4562.74
(1,(2,3),(4,(5,6))); -4539.81 -1.64785 27.7244 12.9933 -4556.19
(1,(2,((4,6),5)),3); -4544.81 -2.26614 28.7099 13.2217 -4562.57
(1,(2,3),((4,6),5)); -4549.43 -1.88647 29.2855 12.6866 -4567.91
(1,(2,3),((4,6),5)); -4543.86 -1.88647 30.1241 13.1699 -4562.7
(1,2,(3,((4,6),5))); -4543.73 -1.75514 26.9487 12.8111 -4559.62
(1,2,(3,((4,6),5))); -4539.15 -1.75514 29.0144 13.0586 -4556.86
(1,2,(3,((4,6),5))); -4554.59 -1.75514 27.7191 11.9544 -4572.11
(1,2,(3,(4,(5,6)))); -4556.26 -1.51652 28.5392 11.977 -4574.34
(1,(2,3),(4,(5,6))); -4536.63 -1.64785 31.5911 13.0155 -4556.85
(1,2,(3,(4,(5,6)))); -4536.03 -1.51652 27.858 13.1816 -4552.22
(1,2,(3,((4,6),5))); -4535.55 -1.75514 29.2749 13.2294 -4553.35
(1,(2,(4,(5,6))),3); -4539.56 -2.02751 27.4462 13.2851 -4555.75
(1,2,(3,((4,6),5))); -4533.6 -1.75514 30.6378 13.6968 -4552.3
(1,(2,3),((4,6),5)); -4545.33 -1.88647 29.9254 12.59 -4564.55
(1,(2,((4,6),5)),3); -4543.22 -2.26614 28.284 12.7449 -4561.02
(1,(2,3),((4,5),6)); -4546.88 -4.837 30.6521 12.8716 -4569.5
(1,2,(3,((4,6),5))); -4537.75 -1.75514 30.2914 13.27 -4556.53
(1,(2,((4,5),6)),3); -4555.24 -5.21667 29.7203 12.3194 -4577.86
(1,(2,(4,(5,6))),3); -4545.16 -2.02751 27.0026 12.5875 -4561.61
(1,(2,3),((4,6),5)); -4545.77 -1.88647 28.513 13.1012 -4563.07
(1,(2,3),((4,6),5)); -4545.25 -1.88647 29.2773 12.6672 -4563.74
(1,(2,3),((4,6),5)); -4543.75 -1.88647 28.3686 13.3735 -4560.63
(1,2,(3,(4,(5,6)))); -4533.8 -1.51652 31.8262 13.0691 -4554.07
(1,(2,3),((4,6),5)); -4542.55 -1.88647 30.9387 13.1143 -4562.26
(1,(2,3),(4,(5,6))); -4541.22 -1.64785 26.3703 13.335 -4555.9
(1,2,(3,(4,(5,6)))); -4534.98 -1.51652 31.0498 12.8735 -4554.68
(1,(2,((4,6),5)),3); -4538.74 -2.26614 31.9248 13.346 -4559.58
(1,(2,3),(4,(5,6))); -4542.5 -1.64785 28.0851 12.8913 -4559.34
(1,(2,((4,6),5)),3); -4543.42 -2.26614 27.3318 13.0875 -4559.93
(1,(2,((4,6),5)),3); -4540.63 -2.26614 28.4561 13.3271 -4558.03
(1,(2,3),(4,(5,6))); -4539.54 -1.64785 30.1992 13.4181 -4557.97
(1,2,(3,((4,6),5))); -4548.62 -1.75514 23.8399 12.141 -4562.07
(1,(2,3),((4,6),5)); -4554.48 -1.88647 24.2373 12.8052 -4567.8
(1,2,(3,(4,(5,6)))); -4546.24 -1.51652 30.074 12.2952 -4565.53
(1,2,(3,(4,(5,6)))); -4533.05 -1.51652 30.3623 13.1032 -4551.82
(1,2,((3,(5,6)),4)); -4581.25 -6.53306 26.5928 13.0261 -4601.35
(1,(2,((4,6),5)),3); -4543.9 -2.26614 28.681 12.778 -4562.07
(1,(2,3),((4,6),5)); -4547.72 -1.88647 27.8336 12.7448 -4564.7
(1,(2,3),(4,(5,6))); -4547.71 -1.64785 23.8621 12.5903 -4560.63
(1,2,(3,((4,6),5))); -4557.48 -1.75514 29.1215 12.0132 -4576.35
(1,(2,((4,6),5)),3); -4541.52 -2.26614 30.0492 12.9671 -4560.87
(1,(2,((4,6),5)),3); -4542.22 -2.26614 27.278 12.9505 -4558.82
(1,2,(3,(4,(5,6)))); -4539.26 -1.51652 26.6686 12.8967 -4554.55
(1,(2,3),(4,(5,6))); -4540.25 -1.64785 28.298 12.7817 -4557.42
(1,(2,3),(4,(5,6))); -4543.72 -1.64785 23.9021 12.9269 -4556.34
(1,(2,(4,(5,6))),3); -4544.8 -2.02751 25.1272 12.7772 -4559.18
(1,(2,(4,(5,6))),3); -4537.2 -2.02751 32.2581 12.9614 -4558.52
(1,2,(3,((4,6),5))); -4537.03 -1.75514 27.0776 13.3993 -4552.46
(1,2,(3,(4,(5,6)))); -4537.75 -1.51652 28.527 13.2283 -4554.56
(1,(2,3),(4,(5,6))); -4541.12 -1.64785 29.242 12.9105 -4559.1
(1,(2,(4,(5,6))),3); -4537.67 -2.02751 29.9462 13.2856 -4556.36
(1,2,(3,((4,6),5))); -4533.9 -1.75514 29.5666 13.6678 -4551.56
(1,(2,3),((4,6),5)); -4542.16 -1.88647 30.0447 13.5129 -4560.58
(1,(2,3),((4,6),5)); -4544.25 -1.88647 29.5228 13.1416 -4562.52
(1,(2,3),(4,(5,6))); -4539.25 -1.64785 31.4984 12.8834 -4559.51
(1,2,(3,((4,5),6))); -4546.5 -4.70567 25.2349 12.8696 -4563.57
(1,2,(3,((4,6),5))); -4537.15 -1.75514 30.6164 12.8663 -4556.66
(1,2,(3,(4,(5,6)))); -4534.96 -1.51652 28.8792 13.5363 -4551.82
(1,(2,3),((4,6),5)); -4544.11 -1.88647 29.6933 13.2793 -4562.41
(1,2,(3,(4,(5,6)))); -4537.09 -1.51652 29.6538 12.8652 -4555.39
(1,(2,3),(4,(5,6))); -4540.53 -1.64785 30.0973 13.0008 -4559.27
(1,2,(3,((4,6),5))); -4546.87 -1.75514 23.706 12.8224 -4559.51
(1,(2,3),(4,(5,6))); -4537.24 -1.64785 30.2409 13.1656 -4555.96
(1,(2,(4,(5,6))),3); -4542.14 -2.02751 27.5358 12.6268 -4559.07
(1,(2,3),(4,(5,6))); -4538.46 -1.64785 29.3171 13.7721 -4555.65
(1,2,(3,((4,6),5))); -4536.9 -1.75514 30.8309 12.7464 -4556.74
(1,2,(3,((4,6),5))); -4536.25 -1.75514 31.6682 13.4242 -4556.25
(1,2,(3,(4,(5,6)))); -4532.33 -1.51652 31.2517 13.4104 -4551.69
(1,(2,3),((4,6),5)); -4540.95 -1.88647 31.3979 13.5443 -4560.69
(1,2,(3,(4,(5,6)))); -4536.52 -1.51652 30.2281 12.7179 -4555.55
(1,(2,((4,6),5)),3); -4538.36 -2.26614 32.2364 13.3525 -4559.51
(1,(2,3),((4,6),5)); -4544.03 -1.88647 29.1677 13.2399 -4561.84
(1,2,(3,(4,(5,6)))); -4531.79 -1.51652 32.5334 13.3509 -4552.49
(1,(2,(4,(5,6))),3); -4541.09 -2.02751 31.1463 12.7062 -4561.56
(1,(2,(4,(5,6))),3); -4543.51 -2.02751 24.7355 13.3641 -4556.91
(1,(2,3),((4,6),5)); -4545.82 -1.88647 29.4658 12.7849 -4564.38
(1,(2,(4,(5,6))),3); -4537.85 -2.02751 30.9254 12.9315 -4557.87
(1,(2,3),(4,(5,6))); -4538.42 -1.64785 29.7544 13.4878 -4556.33
(1,(2,3),(4,(5,6))); -4544.21 -1.64785 25.4772 12.556 -4558.78
(1,(2,3),(4,(5,6))); -4545.34 -1.64785 23.6775 13.3916 -4557.27
(1,(2,3),(4,(5,6))); -4544.48 -1.64785 26.2208 12.3652 -4559.98
(1,2,(3,((4,6),5))); -4539.67 -1.75514 30.7306 12.6785 -4559.48
(1,2,(3,(4,(5,6)))); -4537.97 -1.51652 29.0076 12.8893 -4555.6
(1,(2,3),((4,6),5)); -4542.25 -1.88647 30.6012 13.5169 -4561.22
(1,(2,3),(4,(5,6))); -4542.34 -1.64785 27.0956 12.9031 -4558.18
(1,2,(3,(4,(5,6)))); -4536.73 -1.51652 29.7966 12.7497 -4555.29
(1,2,(3,(4,(5,6)))); -4539.09 -1.51652 29.9289 12.6529 -4557.88
(1,2,(3,(4,(5,6)))); -4532.66 -1.51652 31.8367 13.2743 -4552.73
(1,2,(3,(4,(5,6)))); -4538.54 -1.51652 27.4404 12.9371 -4554.56
(1,(2,3),(4,(5,6))); -4539.25 -1.64785 29.4141 13.2841 -4557.03
(1,2,(3,(4,(5,6)))); -4540.5 -1.51652 27.1479 12.8638 -4556.3
(1,(2,3),(4,(5,6))); -4538.04 -1.64785 29.6692 13.37 -4555.98
(1,(2,((4,6),5)),3); -4562.17 -2.26614 29.755 12.18 -4582.01
(1,2,(3,(4,(5,6)))); -4534.97 -1.51652 30.9178 12.8628 -4554.54
(1,2,(3,(4,(5,6)))); -4539.47 -1.51652 28.8437 12.6207 -4557.21
(1,(2,3),((4,6),5)); -4542.6 -1.88647 31.8333 12.8504 -4563.47
(1,2,(3,(4,(5,6)))); -4539.37 -1.51652 24.0375 13.4121 -4551.51
(1,(2,3),((4,6),5)); -4541.19 -1.88647 31.1751 13.5918 -4560.66
(1,2,(3,(4,(5,6)))); -4535.28 -1.51652 31.5762 12.8076 -4555.57
(1,2,(3,(4,(5,6)))); -4543.3 -1.51652 28.8634 12.7291 -4560.95
(1,(2,3),((4,6),5)); -4544.22 -1.88647 30.7153 12.8331 -4563.99
(1,2,(3,(4,(5,6)))); -4552.84 -1.51652 31.902 11.8904 -4574.37
(1,2,(3,((4,6),5))); -4538.95 -1.75514 27.7267 13.2996 -4555.13
(1,2,(3,(4,(5,6)))); -4535.22 -1.51652 32.4421 13.0519 -4556.13
(1,2,(3,((4,6),5))); -4533.92 -1.75514 30.0992 13.1363 -4552.64
(1,(2,3),(4,(5,6))); -4539.4 -1.64785 29.3645 12.9706 -4557.44
(1,2,(3,(4,(5,6)))); -4536.5 -1.51652 27.8781 12.7703 -4553.12
(1,2,(3,((4,6),5))); -4551.43 -1.75514 31.3488 12.2801 -4572.25
(1,2,(3,(4,(5,6)))); -4535.25 -1.51652 31.0306 12.8619 -4554.94
(1,2,(3,((4,6),5))); -4539.49 -1.75514 26.1541 12.7822 -4554.61
(1,(2,3),((4,6),5)); -4548.97 -1.88647 26.9417 12.5282 -4565.27
(1,(2,3),(4,(5,6))); -4537.37 -1.64785 29.3556 13.61 -4554.77
(1,(2,3),(4,(5,6))); -4539.23 -1.64785 30.2252 13.2243 -4557.88
(1,(2,3),(4,(5,6))); -4537.03 -1.64785 29.095 13.0728 -4554.7
(1,2,(3,(4,(5,6)))); -4534.05 -1.51652 32.1023 13.2274 -4554.45
(1,(2,(4,(5,6))),3); -4537.96 -2.02751 32.4121 13.0155 -4559.38
(1,2,(3,(4,(5,6)))); -4533.05 -1.51652 32.538 13.0387 -4554.06
(1,(2,3),(4,(5,6))); -4541.19 -1.64785 27.8823 12.81 -4557.91
(1,(2,(4,(5,6))),3); -4538.75 -2.02751 30.1034 13.0799 -4557.8
(1,2,(3,((4,6),5))); -4543.05 -1.75514 26.1771 12.3844 -4558.59
(1,2,(3,(4,(5,6)))); -4534.53 -1.51652 29.1881 13.3352 -4551.9
(1,(2,3),(4,(5,6))); -4536.42 -1.64785 27.9917 13.5584 -4552.5
(1,(2,3),(4,(5,6))); -4537.34 -1.64785 31.0847 13.3307 -4556.74
(1,(2,3),((4,6),5)); -4544.35 -1.88647 30.5382 12.8412 -4563.93
(1,(2,3),(4,(5,6))); -4536.81 -1.64785 31.3633 13.6123 -4556.21
(1,(2,3),(4,(5,6))); -4538.99 -1.64785 28.9297 12.8388 -4556.73
(1,(2,3),((4,6),5)); -4545.68 -1.88647 27.8249 13.4399 -4561.96
(1,((2,5),(4,6)),3); -4591.24 -6.81245 29.4647 12.1835 -4615.33
(1,(2,(4,(5,6))),3); -4535.66 -2.02751 32.1541 13.3065 -4556.53
(1,2,(3,(4,(5,6)))); -4531.95 -1.51652 32.1141 13.5711 -4552.01
(1,(2,3),(4,(5,6))); -4539.04 -1.64785 28.9255 13.5371 -4556.08
(1,(2,3),((4,6),5)); -4544.6 -1.88647 29.5442 12.965 -4563.07
(1,2,(3,(4,(5,6)))); -4533.78 -1.51652 29.6875 13.6611 -4551.33
(1,2,(3,((4,6),5))); -4540.04 -1.75514 28.3911 12.6705 -4557.52
(1,(2,3),((4,6),5)); -4545.18 -1.88647 29.5219 12.7972 -4563.79
(1,(2,3),(4,(5,6))); -4539.5 -1.64785 28.372 12.9965 -4556.52
(1,(2,3),(4,(5,6))); -4536.21 -1.64785 32.1738 13.1444 -4556.89
(1,2,(3,((4,6),5))); -4537.96 -1.75514 28.7904 12.9507 -4555.55
(1,2,(3,(4,(5,6)))); -4548.54 -1.51652 28.9602 12.8127 -4566.2
(1,(2,(4,(5,6))),3); -4542.27 -2.02751 29.2744 12.6862 -4560.89
(1,(2,((4,6),5)),3); -4556.7 -2.26614 29.5893 12.2098 -4576.35
(1,2,(3,(4,(5,6)))); -4536.15 -1.51652 28.83 12.9768 -4553.52
(1,2,(3,(4,(5,6)))); -4533.39 -1.51652 28.0269 13.4463 -4549.48
(1,2,(3,((4,6),5))); -4536.36 -1.75514 25.9426 13.4711 -4550.58
(1,(2,3),(4,(5,6))); -4536.73 -1.64785 29.8401 13.4603 -4554.76
(1,(2,3),((4,6),5)); -4543 -1.88647 30.3859 13.2482 -4562.02
(1,(2,((4,6),5)),3); -4549.49 -2.26614 24.9763 12.5475 -4564.19
(1,(2,3),(4,(5,6))); -4540.2 -1.64785 29.7498 12.9772 -4558.62
(1,(2,3),(4,(5,6))); -4540.46 -1.64785 29.5074 12.8779 -4558.74
(1,2,(3,(4,(5,6)))); -4536.04 -1.51652 29.9689 13.0171 -4554.51
(1,(2,3),(4,(5,6))); -4536.42 -1.64785 31.9964 13.183 -4556.88
(1,(2,3),(4,(5,6))); -4537.01 -1.64785 30.9175 13.1243 -4556.45
(1,(2,3),((4,6),5)); -4541.8 -1.88647 30.7997 13.4336 -4561.05
(1,(2,((4,6),5)),3); -4566.01 -2.26614 28.8327 11.5549 -4585.55
(1,2,(3,((4,6),5))); -4535.33 -1.75514 30.7049 12.781 -4555.01
(1,(2,3),(4,(5,6))); -4538.79 -1.64785 29.818 13.5592 -4556.7
(1,(2,((4,6),5)),3); -4556.91 -2.26614 27.192 12.3958 -4573.97
(1,(2,((4,6),5)),3); -4544.76 -2.26614 27.8783 13.1976 -4561.7
(1,(2,3),((4,6),5)); -4544.41 -1.88647 29.4547 13.1112 -4562.64
(1,2,(3,((4,6),5))); -4536.24 -1.75514 29.0091 13.0581 -4553.94
(1,(2,(4,(5,6))),3); -4540.02 -2.02751 29.4517 12.9502 -4558.54
(1,2,(3,((4,6),5))); -4545.08 -1.75514 27.0888 12.489 -4561.43
(1,(2,3),(4,(5,6))); -4540.08 -1.64785 27.809 13.1629 -4556.38
(1,2,(3,((4,6),5))); -4537.69 -1.75514 29.1945 12.9164 -4555.72
(1,(2,(4,(5,6))),3); -4537.24 -2.02751 29.624 13.1399 -4555.75
(1,(2,3),((4,6),5)); -4544.35 -1.88647 29.0088 12.9145 -4562.33
(1,2,(3,(4,(5,6)))); -4541.23 -1.51652 26.231 12.8184 -4556.15
(1,(2,3),((4,6),5)); -4544.21 -1.88647 27.7807 13.0237 -4560.85
(1,2,(3,((4,6),5))); -4532.11 -1.75514 31.1775 13.7002 -4551.34
(1,2,(3,((4,6),5))); -4532.13 -1.75514 32.0162 13.6228 -4552.27
(1,(2,((4,6),5)),3); -4540.26 -2.26614 28.0323 13.3577 -4557.2
(1,(2,(4,(5,6))),3); -4535.5 -2.02751 31.1577 13.3366 -4555.35
(1,(2,3),((4,6),5)); -4541.57 -1.88647 29.9391 13.403 -4560
(1,2,(3,((4,6),5))); -4538.25 -1.75514 27.9748 12.7871 -4555.19
(1,2,(3,((4,6),5))); -4538.07 -1.75514 26.5657 13.2118 -4553.18
(1,2,(3,((4,5),6))); -4542.93 -4.70567 27.0101 12.9843 -4561.66
(1,2,(3,((4,6),5))); -4541.26 -1.75514 24.2229 13.0744 -4554.16
(1,(2,(4,(5,6))),3); -4546.09 -2.02751 24.4975 12.8834 -4559.73
(1,(2,(4,(5,6))),3); -4540.34 -2.02751 27.9565 12.9997 -4557.33
(1,(2,((4,6),5)),3); -4545.21 -2.26614 27.6871 12.7665 -4562.4
(1,(2,3),(4,(5,6))); -4536.84 -1.64785 32.045 13.0223 -4557.51
(1,(2,3),(4,(5,6))); -4535.69 -1.64785 30.4769 13.3792 -4554.44
(1,(2,(4,(5,6))),3); -4541.92 -2.02751 30.9766 12.6165 -4562.31
(1,2,(3,(4,(5,6)))); -4537.26 -1.51652 27.5877 12.9935 -4553.37
(1,2,(3,(4,(5,6)))); -4537.61 -1.51652 24.068 13.8439 -4549.35
(1,(2,3),(4,(5,6))); -4543.75 -1.64785 28.3323 12.7113 -4561.02
(1,2,(3,((4,6),5))); -4537.46 -1.75514 25.9855 13.1995 -4552
(1,2,(3,(4,(5,6)))); -4534.93 -1.51652 28.2335 13.6015 -4551.08
(1,(2,3),(4,(5,6))); -4538.05 -1.64785 31.076 13.0581 -4557.72
(1,2,(3,((4,6),5))); -4533.78 -1.75514 31.8938 13.1378 -4554.29
(1,2,(3,(4,(5,6)))); -4538.91 -1.51652 27.7687 13.1364 -4555.05
(1,(2,3),((4,6),5)); -4543.61 -1.88647 27.4328 13.5255 -4559.4
(1,(2,3),(4,(5,6))); -4541.69 -1.64785 26.8092 13.2447 -4556.9
(1,(2,3),((4,6),5)); -4564.76 -1.88647 26.2888 12.0236 -4580.91
(1,(2,3),(4,(5,6))); -4537.22 -1.64785 31.5159 13.0302 -4557.36
(1,(2,((4,6),5)),3); -4547.91 -2.26614 24.3317 12.3957 -4562.11
(1,2,(3,(4,(5,6)))); -4537.47 -1.51652 28.9006 13.0436 -4554.84
(1,(2,3),(4,(5,6))); -4541.05 -1.64785 27.7455 13.7335 -4556.71
(1,2,(3,(4,(5,6)))); -4534.33 -1.51652 32.3665 13.2346 -4554.98
(1,(2,3),(4,(5,6))); -4541.85 -1.64785 28.4697 13.1155 -4558.85
(1,(2,3),(4,(5,6))); -4535.8 -1.64785 30.1313 13.2379 -4554.34
(1,(2,3),(4,(5,6))); -4541.51 -1.64785 28.1002 12.8976 -4558.36
(1,(2,3),(4,(5,6))); -4538.78 -1.64785 30.5819 12.9579 -4558.05
(1,2,(3,(4,(5,6)))); -4533.27 -1.51652 30.7203 13.3618 -4552.14
(1,2,(3,(4,(5,6)))); -4537.54 -1.51652 30.4358 12.9839 -4556.51
(1,(2,(4,(5,6))),3); -4537.84 -2.02751 30.7543 13.193 -4557.43
(1,2,(3,(4,(5,6)))); -4539.56 -1.51652 25.016 12.6721 -4553.42
(1,(2,(4,(5,6))),3); -4538.53 -2.02751 31.2137 12.9602 -4558.81
(1,(2,3),(4,(5,6))); -4542.28 -1.64785 27.3257 12.6452 -4558.61
(1,(2,((4,6),5)),3); -4542.9 -2.26614 29.5697 12.6056 -4562.13
(1,(2,3),((4,6),5)); -4546.02 -1.88647 29.1785 13.4236 -4563.67
(1,(2,3),(4,(5,6))); -4559.2 -1.64785 29.7835 11.9866 -4578.65
(1,(2,3),(4,(5,6))); -4539.2 -1.64785 28.545 13.6117 -4555.78
(1,2,(3,(4,(5,6)))); -4531.9 -1.51652 30.5229 13.4693 -4550.47
(1,2,(3,(4,(5,6)))); -4533.94 -1.51652 29.8573 13.1359 -4552.18
(1,2,(3,(4,(5,6)))); -4535.65 -1.51652 29.8001 13.2268 -4553.74
(1,(2,3),((4,6),5)); -4548.67 -1.88647 27.8724 12.6345 -4565.79
(1,(2,3),(4,(5,6))); -4535.46 -1.64785 31.7229 13.3572 -4555.48
(1,(2,(4,(5,6))),3); -4538.15 -2.02751 28.3477 13.5275 -4555
(1,(2,(4,(5,6))),3); -4545.28 -2.02751 25.0592 12.4998 -4559.87
(1,2,(3,(4,(5,6)))); -4539.34 -1.51652 28.1113 12.4899 -4556.48
(1,2,(3,(4,(5,6)))); -4539.27 -1.51652 29.039 12.8466 -4556.98
(1,(2,((4,6),5)),3); -4547.16 -2.26614 25.9041 12.5942 -4562.74
(1,(2,((4,6),5)),3); -4549.78 -2.26614 24.6082 12.6677 -4563.98
(1,2,(3,((4,6),5))); -4539.25 -1.75514 25.3811 12.8421 -4553.55
(1,(2,3),(4,(5,6))); -4542.81 -1.64785 27.1382 12.7738 -4558.82
(1,(2,3),(4,(5,6))); -4537.72 -1.64785 29.8488 13.206 -4556.01
(1,(2,((4,6),5)),3); -4541.82 -2.26614 30.1087 13.0119 -4561.18
(1,2,(3,(4,(5,6)))); -4532.89 -1.51652 30.9136 13.3411 -4551.98
(1,(2,3),(4,(5,6))); -4536.6 -1.64785 31.9152 13.1466 -4557.02
(1,(2,3),((4,6),5)); -4559.14 -1.88647 28.2708 12.4184 -4576.88
(1,(2,3),(4,(5,6))); -4538.29 -1.64785 29.0906 13.3389 -4555.68
(1,(2,3),((4,6),5)); -4544.04 -1.88647 30.7213 13.0422 -4563.61
(1,(2,(4,(5,6))),3); -4540.46 -2.02751 29.4638 12.7579 -4559.19
(1,(2,((4,6),5)),3); -4565.9 -2.26614 29.4868 11.6876 -4585.96
(1,(2,3),((4,6),5)); -4543.43 -1.88647 31.6079 12.9142 -4564.01
(1,2,(3,((4,6),5))); -4535.56 -1.75514 29.5364 13.1694 -4553.68
(1,(2,3),(4,(5,6))); -4538.05 -1.64785 30.4015 13.0182 -4557.08
(1,(2,3),((4,6),5)); -4547.56 -1.88647 29.5159 12.457 -4566.5
(1,2,(3,((4,6),5))); -4535.39 -1.75514 29.6542 13.1212 -4553.67
(1,2,(3,(4,(5,6)))); -4536.32 -1.51652 30.3574 12.9905 -4555.2
(1,2,(3,((4,6),5))); -4536.89 -1.75514 27.2004 13.2083 -4552.63
(1,(2,3),((4,6),5)); -4544.22 -1.88647 28.5676 13.1895 -4561.48
(1,2,(3,(4,(5,6)))); -4533.97 -1.51652 28.2484 13.5652 -4550.17
(1,(2,((4,5),6)),3); -4548.25 -5.21667 30.7527 13.0666 -4571.16
(1,(2,3),(4,(5,6))); -4538.91 -1.64785 29.3227 13.2691 -4556.61
(1,2,((3,(5,6)),4)); -4573.32 -6.53306 31.6652 13.1369 -4598.39
(1,(2,3),((4,6),5)); -4542.09 -1.88647 30.4043 13.3378 -4561.05
(1,2,(3,((4,6),5))); -4532.35 -1.75514 28.6346 13.5749 -4549.17
(1,(2,3),((4,6),5)); -4545.52 -1.88647 27.9332 13.0111 -4562.33
(1,(2,3),((4,6),5)); -4544.67 -1.88647 27.7809 13.2114 -4561.13
(1,2,(3,((4,6),5))); -4533.19 -1.75514 30.3298 13.4827 -4551.8
(1,2,(3,(4,(5,6)))); -4540.35 -1.51652 28.9408 12.6661 -4558.14
(1,2,(3,((4,6),5))); -4551.48 -1.75514 20.7853 12.0816 -4561.94
(1,(2,3),((4,6),5)); -4547.12 -1.88647 28.4928 12.6968 -4564.8
(1,(2,(4,(5,6))),3); -4537.38 -2.02751 27.2587 13.7418 -4552.93
(1,(2,(4,(5,6))),3); -4540.07 -2.02751 28.0025 12.7784 -4557.32
(1,(2,3),(4,(5,6))); -4541.52 -1.64785 30.8041 12.5222 -4561.45
(1,(2,3),(4,(5,6))); -4539.95 -1.64785 30.1397 13.0707 -4558.66
(1,(2,3),((4,5),6)); -4546.27 -4.837 30.9068 13.2853 -4568.73
(1,2,(3,(4,(5,6)))); -4535.33 -1.51652 28.14 12.9817 -4552.01
(1,(2,3),(4,(5,6))); -4537.59 -1.64785 30.7194 12.9961 -4556.96
(1,(2,(4,(5,6))),3); -4539.05 -2.02751 30.4115 12.7834 -4558.7
(1,(2,((4,6),5)),3); -4544.46 -2.26614 29.64 12.7845 -4563.58
(1,(2,((4,6),5)),3); -4541.06 -2.26614 29.9115 13.1097 -4560.13
(1,(2,((4,6),5)),3); -4547.29 -2.26614 25.9092 12.8816 -4562.58
(1,2,(3,(4,(5,6)))); -4535.77 -1.51652 29.5931 13.511 -4553.37
(1,(2,(4,(5,6))),3); -4536.32 -2.02751 31.5369 13.1639 -4556.72
(1,(2,(4,(5,6))),3); -4541.08 -2.02751 26.4144 13.0771 -4556.44
(1,(2,3),((4,6),5)); -4552.79 -1.88647 24.527 12.4283 -4566.77
(1,(2,((4,6),5)),3); -4548.69 -2.26614 27.506 12.5994 -4565.86
(1,(2,(4,(5,6))),3); -4542.4 -2.02751 30.1726 12.6395 -4561.96
(1,2,(3,((4,6),5))); -4538.12 -1.75514 29.8886 12.7382 -4557.03
(1,(2,(4,(5,6))),3); -4544.8 -2.02751 24.4053 12.6571 -4558.58
(1,(2,3),(4,(5,6))); -4540.41 -1.64785 28.2942 13.3373 -4557.01
(1,2,(3,(4,(5,6)))); -4535.39 -1.51652 31.1172 12.9085 -4555.11
(1,(2,3),(4,(5,6))); -4543.56 -1.64785 28.0676 12.4116 -4560.86
(1,(2,3),((4,6),5)); -4543.92 -1.88647 31.2468 12.9046 -4564.15
(1,(2,3),((4,6),5)); -4543.41 -1.88647 31.1971 13.2201 -4563.28
(1,(2,((4,6),5)),3); -4546.78 -2.26614 27.0431 12.9721 -4563.12
(1,(2,3),((4,6),5)); -4558.12 -1.88647 29.2997 12.2072 -4577.1
(1,(2,3),(4,(5,6))); -4539.69 -1.64785 29.8958 12.7059 -4558.53
(1,(2,(4,(5,6))),3); -4536.61 -2.02751 30.7351 13.7014 -4555.67
(1,2,(3,(4,(5,6)))); -4533.26 -1.51652 27.0244 13.395 -4548.4
(1,(2,3),(4,(5,6))); -4549.86 -1.64785 21.4524 12.574 -4560.38
(1,(2,3),((4,6),5)); -4556.77 -1.88647 30.3443 12.2587 -4576.74
(1,2,(3,(4,(5,6)))); -4537.02 -1.51652 28.5956 12.8613 -4554.27
(1,(2,3),((4,5),6)); -4548.58 -4.837 28.053 13.1106 -4568.36
(1,(2,3),((4,6),5)); -4544.44 -1.88647 29.7177 12.9287 -4563.12
(1,(2,((4,6),5)),3); -4542.22 -2.26614 30.7693 12.8119 -4562.44
(1,2,(3,((4,6),5))); -4539.94 -1.75514 30.2046 12.6797 -4559.22
(1,2,(3,(4,(5,6)))); -4536.32 -1.51652 30.1289 13.1998 -4554.76
(1,(2,3),((4,6),5)); -4546.59 -1.88647 26.4251 13.3596 -4561.54
(1,(2,3),(4,(5,6))); -4540.7 -1.64785 29.0936 13.2318 -4558.21
(1,2,(3,(4,(5,6)))); -4535.13 -1.51652 27.7584 13.1743 -4551.23
(1,2,(3,((4,6),5))); -4539.15 -1.75514 29.1536 12.9424 -4557.12
(1,(2,3),(4,(5,6))); -4539.73 -1.64785 28.0512 13.2723 -4556.15
(1,(2,3),((4,6),5)); -4544.14 -1.88647 29.7452 13.0146 -4562.75
(1,(2,(4,(5,6))),3); -4540.55 -2.02751 29.5995 13.0197 -4559.15
(1,2,(3,(4,(5,6)))); -4535.98 -1.51652 30.5813 12.8019 -4555.28
(1,2,(3,((4,6),5))); -4538.67 -1.75514 30.3841 12.6263 -4558.18
(1,(2,3),(4,(5,6))); -4540.86 -1.64785 28.2176 13.2188 -4557.51
(1,2,(3,(4,(5,6)))); -4538.22 -1.51652 28.3439 13.0211 -4555.06
(1,(2,3),((4,6),5)); -4542.8 -1.88647 31.0997 12.8744 -4562.91
(1,2,(3,(4,(5,6)))); -4532.72 -1.51652 32.0112 13.2792 -4552.97
(1,2,(3,((4,6),5))); -4562.49 -1.75514 22.5874 11.6356 -4575.2
(1,(2,3),(4,(5,6))); -4541.66 -1.64785 28.3711 12.712 -4558.97
(1,(2,((4,6),5)),3); -4539.57 -2.26614 30.0548 13.3981 -4558.5
(1,(2,((4,6),5)),3); -4552.22 -2.26614 22.7887 13.3011 -4563.97
(1,2,(3,(4,(5,6)))); -4537.38 -1.51652 30.1647 12.798 -4556.26
(1,(2,3),((4,6),5)); -4543.69 -1.88647 28.9802 12.8579 -4561.69
(1,(2,((4,6),5)),3); -4540.38 -2.26614 31.4888 12.8922 -4561.24
(1,2,(3,(4,(5,6)))); -4537.88 -1.51652 29.7077 13.0132 -4556.09
(1,(2,3),(4,(5,6))); -4544.47 -1.64785 28.4836 12.3765 -4562.22
(1,2,(3,(4,(5,6)))); -4536.1 -1.51652 27.5509 13.1207 -4552.04
(1,(2,3),(4,(5,6))); -4538.7 -1.64785 32.3752 12.8822 -4559.84
(1,2,(3,(4,(5,6)))); -4535.33 -1.51652 30.2187 13.2834 -4553.78
(1,(2,3),(4,(5,6))); -4543.08 -1.64785 25.3189 12.9116 -4557.14
(1,2,(3,(4,(5,6)))); -4533.83 -1.51652 28.1163 13.2267 -4550.24
(1,(2,3),(4,(5,6))); -4541.13 -1.64785 25.9485 13.0399 -4555.68
(1,2,(3,(4,(5,6)))); -4559.86 -1.51652 30.0888 11.7098 -4579.76
(1,(2,3),(4,(5,6))); -4540.95 -1.64785 28.1204 13.3505 -4557.37
(1,(2,3),(4,(5,6))); -4536.57 -1.64785 29.4969 13.5196 -4554.19
(1,(2,(4,(5,6))),3); -4540.97 -2.02751 29.1614 13.0742 -4559.08
(1,2,(3,(4,(5,6)))); -4534.81 -1.51652 30.2402 13.0944 -4553.47
(1,2,(3,((4,6),5))); -4536.68 -1.75514 28.7031 12.9777 -4554.16
(1,(2,((4,6),5)),3); -4547.92 -2.26614 23.958 12.6959 -4561.45
(1,(2,3),((4,6),5)); -4544.09 -1.88647 28.2707 13.2779 -4560.97
(1,(2,((4,6),5)),3); -4546.66 -2.26614 26.5615 12.5287 -4562.96
(1,(2,3),(4,(5,6))); -4539.8 -1.64785 27.8616 13.3313 -4555.98
(1,(2,(4,(5,6))),3); -4538.15 -2.02751 30.2611 13.1699 -4557.27
(1,(2,((4,6),5)),3); -4544.04 -2.26614 28.7593 12.7854 -4562.28
(1,(2,3),(4,(5,6))); -4535.6 -1.64785 30.2865 13.3725 -4554.16
(1,2,(3,((4,6),5))); -4536.36 -1.75514 29.5161 13.0267 -4554.61
(1,(2,3),((4,6),5)); -4544.97 -1.88647 29.1954 12.826 -4563.22
(1,(2,(4,(5,6))),3); -4538.98 -2.02751 30.7508 13.2184 -4558.54
(1,(2,3),((4,6),5)); -4548.57 -1.88647 25.8539 13.2257 -4563.09
(1,2,(3,((4,6),5))); -4538.26 -1.75514 30.7127 12.8552 -4557.87
(1,(2,((4,6),5)),3); -4545.13 -2.26614 26.7766 12.8902 -4561.28
(1,2,(3,((4,6),5))); -4537.96 -1.75514 31.2178 12.9419 -4558
(1,(2,3),(4,(5,6))); -4540.43 -1.64785 28.0296 12.8008 -4557.31
(1,(2,3),(4,(5,6))); -4551.16 -1.64785 28.9964 12.4074 -4569.4
(1,(2,(4,(5,6))),3); -4536.86 -2.02751 31.8281 13.0668 -4557.65
(1,(2,3),(4,(5,6))); -4537.6 -1.64785 29.8559 13.3736 -4555.73
(1,(2,3),((4,6),5)); -4544.1 -1.88647 28.9447 13.022 -4561.91
(1,(2,3),(4,(5,6))); -4539.3 -1.64785 25.4398 13.2957 -4553.09
(1,(2,((4,6),5)),3); -4545.56 -2.26614 29.0481 12.6348 -4564.24
(1,2,(3,((4,6),5))); -4537.75 -1.75514 27.0627 12.837 -4553.73
(1,2,(3,(4,(5,6)))); -4538.16 -1.51652 30.0944 13.0272 -4556.74
(1,(2,((4,6),5)),3); -4550.12 -2.26614 25.9653 12.2208 -4566.13
(1,(2,(4,(5,6))),3); -4540.22 -2.02751 29.9426 12.9737 -4559.22
(1,(2,3),(4,(5,6))); -4540.02 -1.64785 29.6017 12.5896 -4558.68
(1,2,(3,((4,6),5))); -4536.03 -1.75514 30.8671 12.9875 -4555.66
(1,(2,3),(4,(5,6))); -4538.88 -1.64785 27.8481 13.3502 -4555.03
(1,2,(3,(4,(5,6)))); -4543.26 -1.51652 21.9646 12.8421 -4553.89
(1,2,(3,(4,(5,6)))); -4539.38 -1.51652 23.6726 12.8968 -4551.68
(1,2,(3,(4,(5,6)))); -4539.69 -1.51652 26.8188 12.7456 -4555.28
(1,(2,3),(4,(5,6))); -4536.91 -1.64785 29.6769 13.5441 -4554.69
(1,2,(3,((4,6),5))); -4537.1 -1.75514 29.5947 12.9138 -4555.53
(1,(2,3),((4,6),5)); -4545.5 -1.88647 26.4443 13.6799 -4560.15
(1,2,(3,((4,6),5))); -4536.28 -1.75514 31.4142 13.1678 -4556.28
(1,(2,3),(4,(5,6))); -4541.99 -1.64785 27.0582 13.0705 -4557.63
(1,2,(3,(4,(5,6)))); -4539.25 -1.51652 29.4254 12.8394 -4557.35
(1,(2,3),((4,6),5)); -4555.31 -1.88647 29.6111 12.471 -4574.34
(1,2,(3,((4,6),5))); -4536.29 -1.75514 28.2524 12.9935 -4553.31
(1,2,(3,(4,(5,6)))); -4538.4 -1.51652 28.5486 12.7666 -4555.7
(1,(2,3),(4,(5,6))); -4559.59 -1.64785 25.4378 12.0708 -4574.61
(1,2,(3,(4,(5,6)))); -4539.4 -1.51652 28.9592 12.919 -4556.95
(1,(2,3),(4,(5,6))); -4536.4 -1.64785 30.1018 13.2209 -4554.93
(1,(2,3),((4,6),5)); -4546.99 -1.88647 28.0705 12.6485 -4564.3
(1,2,(3,(4,(5,6)))); -4536.16 -1.51652 27.3755 13.0036 -4552.05
(1,(2,3),(4,(5,6))); -4536.98 -1.64785 30.4823 13.4513 -4555.66
(1,2,(3,((4,6),5))); -4537.96 -1.75514 25.7757 13.2201 -4552.27
(1,(2,3),(4,(5,6))); -4538.82 -1.64785 27.096 13.7366 -4553.83
(1,(2,3),(4,(5,6))); -4547.13 -1.64785 28.4548 12.4739 -4564.76
(1,((2,5),3),(4,6)); -4610.55 -7.96863 27.0257 12.9688 -4632.57
(1,(2,3),(4,(5,6))); -4544.12 -1.64785 27.1797 12.5244 -4560.42
(1,(2,((4,6),5)),3); -4540.48 -2.26614 28.8115 13.4825 -4558.08
(1,(2,3),((4,6),5)); -4548.32 -1.88647 29.9949 12.4701 -4567.74
(1,2,(3,(4,(5,6)))); -4533.69 -1.51652 29.1713 13.4252 -4550.95
(1,(2,(4,(5,6))),3); -4539.21 -2.02751 30.1494 13.0829 -4558.3
(1,2,(3,((4,6),5))); -4537.05 -1.75514 27.4207 13.2629 -4552.96
(1,2,(3,(4,(5,6)))); -4532.02 -1.51652 30.9585 13.4126 -4551.08
(1,(2,(4,(5,6))),3); -4536.57 -2.02751 30.6713 13.0955 -4556.17
(1,2,(3,(4,(5,6)))); -4534.29 -1.51652 30.232 13.1847 -4552.85
(1,(2,3),(4,(5,6))); -4552.82 -1.64785 30.4479 12.1804 -4572.74
(1,(2,(4,(5,6))),3); -4539.42 -2.02751 27.769 13.0371 -4556.18
(1,(2,3),(4,(5,6))); -4539.55 -1.64785 28.4131 13.6963 -4555.92
(1,(2,((4,6),5)),3); -4543.27 -2.26614 30.7874 12.9608 -4563.37
(1,2,(3,(4,(5,6)))); -4536.91 -1.51652 30.4923 12.9903 -4555.93
(1,(2,3),(4,(5,6))); -4541.4 -1.64785 27.9859 12.6992 -4558.34
(1,(2,(4,(5,6))),3); -4537.41 -2.02751 31.335 12.9628 -4557.81
(1,2,(3,(4,(5,6)))); -4549.18 -1.51652 28.0877 12.5199 -4566.27
(1,(2,3),(4,(5,6))); -4538.01 -1.64785 30.8501 13.0523 -4557.45
(1,2,(3,((4,6),5))); -4534.61 -1.75514 30.5472 13.1059 -4553.8
(1,(2,3),((4,6),5)); -4547.05 -1.88647 27.8687 13.0295 -4563.78
(1,(2,((4,5),6)),3); -4556.03 -5.21667 24.6295 12.3904 -4573.49
(1,(2,3),(4,(5,6))); -4536.89 -1.64785 29.7484 13.2125 -4555.07
(1,(2,3),(4,(5,6))); -4537.28 -1.64785 31.1907 13.1598 -4556.96
(1,(2,3),((4,6),5)); -4544.52 -1.88647 29.2141 12.9466 -4562.67
(1,2,(3,((4,5),6))); -4544.04 -4.70567 30.416 12.8146 -4566.35
(1,2,(3,(4,(5,6)))); -4534.57 -1.51652 32.4871 12.841 -4555.73
(1,2,(3,(4,(5,6)))); -4537.6 -1.51652 30.1392 12.6687 -4556.59
(1,2,(3,((4,6),5))); -4541.43 -1.75514 25.1571 12.6107 -4555.73
(1,(2,3),(4,(5,6))); -4556.32 -1.64785 28.2346 12.1157 -4574.09
(1,(2,3),((4,5),6)); -4548.82 -4.837 29.7395 13.028 -4570.37
(1,(2,3),((4,6),5)); -4559.16 -1.88647 27.3998 12.1567 -4576.29
(1,2,(3,(4,(5,6)))); -4540.27 -1.51652 28.1518 12.8734 -4557.07
(1,2,(3,((4,6),5))); -4535.59 -1.75514 26.0333 13.836 -4549.55
(1,2,(3,((4,6),5))); -4555.63 -1.75514 25.1716 12.1583 -4570.39
(1,(2,3),(4,(5,6))); -4538.62 -1.64785 31.0651 12.7525 -4558.58
(1,2,(3,(4,(5,6)))); -4533.48 -1.51652 28.6114 13.4314 -4550.17
(1,(2,((4,6),5)),3); -4540.8 -2.26614 30.589 13.2438 -4560.41
(1,2,(3,((4,6),5))); -4536.14 -1.75514 27.6266 13.272 -4552.25
(1,2,(3,((4,6),5))); -4542.24 -1.75514 21.9267 12.6029 -4553.32
(1,(2,((4,6),5)),3); -4542.75 -2.26614 28.8297 12.9474 -4560.89
(1,(2,(4,(5,6))),3); -4537.81 -2.02751 31.3565 13.2027 -4557.99
(1,(2,3),((4,6),5)); -4546.31 -1.88647 28.3826 13.2027 -4563.38
(1,2,(3,(4,(5,6)))); -4537.2 -1.51652 29.9185 12.705 -4555.93
(1,(2,3),((4,6),5)); -4544.65 -1.88647 31.5967 12.8783 -4565.26
(1,2,(3,((4,6),5))); -4533.89 -1.75514 28.9551 13.4741 -4551.13
(1,(2,((4,6),5)),3); -4544.61 -2.26614 29.6853 12.8566 -4563.7
(1,2,(3,((4,6),5))); -4542.13 -1.75514 24.1144 13.5562 -4554.45
(1,2,(3,(4,(5,6)))); -4534.06 -1.51652 31.5696 13.0914 -4554.05
(1,2,(3,((4,6),5))); -4531.96 -1.75514 29.1239 13.4215 -4549.42
(1,(2,3),(4,(5,6))); -4554.87 -1.64785 30.8832 12.3184 -4575.08
(1,(2,3),((4,6),5)); -4542.05 -1.88647 30.8364 13.2237 -4561.55
(1,(2,3),((4,6),5)); -4544.78 -1.88647 30.2941 12.7399 -4564.22
(1,(2,3),(4,(5,6))); -4539.87 -1.64785 29.3158 12.8715 -4557.96
(1,(2,3),((4,6),5)); -4543.68 -1.88647 31.17 12.6796 -4564.06
(1,(2,(4,(5,6))),3); -4542.47 -2.02751 29.6035 12.7325 -4561.37
(1,2,(3,((4,6),5))); -4535.81 -1.75514 30.0656 13.1356 -4554.5
(1,(2,3),(4,(5,6))); -4538.32 -1.64785 30.2579 13.3638 -4556.87
(1,(2,3),((4,6),5)); -4545.56 -1.88647 29.3458 12.7275 -4564.06
(1,(2,3),(4,(5,6))); -4550.33 -1.64785 29.7337 12.3647 -4569.34
(1,2,(3,((4,6),5))); -4552.57 -1.75514 30.4254 12.1068 -4572.65
(1,(2,3),((4,6),5)); -4547.29 -1.88647 25.5846 12.6966 -4562.07
(1,(2,((4,6),5)),3); -4543.36 -2.26614 28.4442 12.6947 -4561.38
(1,2,(3,(4,(5,6)))); -4535.63 -1.51652 24.5571 13.1993 -4548.5
(1,2,(3,((4,6),5))); -4541.7 -1.75514 25.6482 13.2582 -4555.84
(1,2,(3,(4,(5,6)))); -4532.88 -1.51652 28.498 13.5549 -4549.34
(1,2,(3,((4,6),5))); -4533.11 -1.75514 29.283 13.3798 -4550.77
(1,(2,3),(4,(5,6))); -4541.13 -1.64785 28.7282 12.8908 -4558.61
(1,2,(3,(4,(5,6)))); -4533.86 -1.51652 29.8125 13.1862 -4552
(1,2,(3,((4,6),5))); -4538.23 -1.75514 27.2296 13.0005 -4554.21
(1,2,(3,(4,(5,6)))); -4537.56 -1.51652 29.0369 13.1136 -4555
(1,2,(3,(4,(5,6)))); -4534.61 -1.51652 32.282 13.1512 -4555.26
(1,(2,(4,(5,6))),3); -4539.25 -2.02751 29.4623 12.8595 -4557.88
(1,(2,(4,(5,6))),3); -4539.66 -2.02751 30.7258 12.8479 -4559.56
(1,(2,((4,6),5)),3); -4545.9 -2.26614 22.6398 13.4103 -4557.4
(1,(2,3),(4,(5,6))); -4539.92 -1.64785 28.1835 13.2278 -4556.52
(1,2,(3,(4,(5,6)))); -4536.78 -1.51652 27.7593 12.8894 -4553.17
(1,2,(3,((4,6),5))); -4537.23 -1.75514 28.0031 13.371 -4553.62
(1,2,(3,((4,6),5))); -4541.21 -1.75514 26.5242 12.8103 -4556.68
(1,(2,3),(4,(5,6))); -4541.38 -1.64785 28.7835 13.081 -4558.73
(1,(2,(4,(5,6))),3); -4538.66 -2.02751 30.354 13.1405 -4557.91
(1,(2,3),((4,5),6)); -4546.98 -4.837 31.8347 13.0587 -4570.59
(1,(2,3),((4,6),5)); -4546.46 -1.88647 29.3345 12.7011 -4564.98
(1,2,(3,((4,6),5))); -4533.05 -1.75514 31.346 13.6821 -4552.47
(1,(2,3),((4,6),5)); -4548.64 -1.88647 26.6769 12.7885 -4564.41
(1,(2,3),((4,6),5)); -4545.7 -1.88647 25.644 13.0876 -4560.15
(1,2,(3,(4,(5,6)))); -4539.49 -1.51652 27.0158 13.3714 -4554.65
(1,2,(3,(4,(5,6)))); -4540.72 -1.51652 28.4495 12.5438 -4558.14
(1,(2,(4,(5,6))),3); -4540.54 -2.02751 29.7729 13.0801 -4559.26
(1,2,(3,(4,(5,6)))); -4548.31 -1.51652 29.3251 12.7575 -4566.39
(1,2,(3,(4,(5,6)))); -4537.79 -1.51652 30.0008 13.0761 -4556.23
(1,2,(3,((4,6),5))); -4536.38 -1.75514 24.2518 13.654 -4548.73
(1,2,(3,((4,6),5))); -4536.4 -1.75514 29.542 13.1532 -4554.55
(1,(2,3),((4,6),5)); -4553.89 -1.88647 25.4811 12.6907 -4568.56
(1,2,(3,((4,6),5))); -4534.88 -1.75514 31.8 13.0408 -4555.4
(1,(2,3),(4,(5,6))); -4540.49 -1.64785 26.8887 13.0992 -4555.92
(1,(2,3),(4,(5,6))); -4536.12 -1.64785 29.8386 13.3476 -4554.26
(1,2,(3,((4,6),5))); -4540.32 -1.75514 29.8302 12.5075 -4559.4
(1,(2,3),((4,6),5)); -4546.79 -1.88647 28.6941 12.8569 -4564.51
(1,2,(3,((4,6),5))); -4560.86 -1.75514 27.7491 11.6605 -4578.71
(1,(2,3),((4,6),5)); -4541.66 -1.88647 30.1932 13.3202 -4560.42
(1,(2,3),(4,(5,6))); -4541.72 -1.64785 25.2179 13.5584 -4555.03
(1,2,(3,((4,6),5))); -4540.59 -1.75514 28.8259 12.5344 -4558.64
(1,(2,3),((4,6),5)); -4550.61 -1.88647 25.9615 12.3861 -4566.07
(1,(2,3),(4,(5,6))); -4544.61 -1.64785 27.9132 12.6062 -4561.57
(1,2,(3,((4,6),5))); -4534.98 -1.75514 29.0412 13.1091 -4552.66
(1,2,(3,((4,6),5))); -4533.93 -1.75514 28.9375 13.3849 -4551.23
(1,(2,((4,6),5)),3); -4542.61 -2.26614 31.3202 12.9874 -4563.21
(1,2,(3,(4,(5,6)))); -4532.78 -1.51652 30.0055 13.2925 -4551.01
(1,(2,3),((4,6),5)); -4548.79 -1.88647 26.0636 12.6264 -4564.12
(1,(2,3),((4,6),5)); -4543.9 -1.88647 28.3677 13.1631 -4560.99
(1,2,(3,(4,(5,6)))); -4538.96 -1.51652 29.7057 12.942 -4557.24
(1,2,(3,((4,6),5))); -4534.98 -1.75514 29.2848 13.3687 -4552.65
(1,(2,3),(4,(5,6))); -4537.55 -1.64785 27.4111 13.7352 -4552.88
(1,(2,((4,6),5)),3); -4540.04 -2.26614 30.2531 13.1974 -4559.36
(1,(2,3),((4,6),5)); -4542.12 -1.88647 30.975 13.1667 -4561.82
(1,2,(3,((4,6),5))); -4538.05 -1.75514 29.5266 12.8057 -4556.52
(1,(2,(4,(5,6))),3); -4535.13 -2.02751 32.9838 13.3895 -4556.76
(1,2,(3,((4,6),5))); -4562.46 -1.75514 27.2454 12.131 -4579.33
(1,(2,3),(4,(5,6))); -4538.16 -1.64785 28.9779 13.203 -4555.58
(1,(2,3),((4,6),5)); -4545.39 -1.88647 29.0816 13.1616 -4563.2
(1,(2,3),(4,(5,6))); -4539.17 -1.64785 28.4076 12.9265 -4556.3
(1,2,(3,((4,6),5))); -4536.95 -1.75514 27.9615 12.9441 -4553.72
(1,(2,(4,(5,6))),3); -4540.04 -2.02751 29.318 12.9359 -4558.45
(1,(2,3),(4,(5,6))); -4535.68 -1.64785 29.4068 13.6449 -4553.09
(1,(2,3),((4,6),5)); -4542.1 -1.88647 30.6423 13.3471 -4561.28
(1,(2,((4,6),5)),3); -4543.49 -2.26614 27.2233 13.1092 -4559.87
(1,2,(3,(4,(5,6)))); -4533.85 -1.51652 28.7269 13.3641 -4550.73
(1,(2,3),((4,6),5)); -4541.9 -1.88647 30.3003 13.6386 -4560.45
(1,2,(3,((4,6),5))); -4555.09 -1.75514 29.1045 12.0903 -4573.86
(1,(2,3),(4,(5,6))); -4539.72 -1.64785 29.6163 13.1397 -4557.85
(1,(2,3),((4,6),5)); -4543.8 -1.88647 27.3614 13.3267 -4559.72
(1,(2,(4,(5,6))),3); -4539.47 -2.02751 26.3402 13.4394 -4554.4
(1,(2,3),((4,6),5)); -4546.01 -1.88647 30.2025 12.7124 -4565.39
(1,(2,3),((4,6),5)); -4545.72 -1.88647 29.1296 12.9865 -4563.75
(1,(2,3),(4,(5,6))); -4546.43 -1.64785 25.8527 12.5669 -4561.37
(1,2,(3,(4,(5,6)))); -4534.06 -1.51652 27.943 13.5833 -4549.94
(1,(2,3),((4,6),5)); -4547.77 -1.88647 30.4261 12.5367 -4567.54
(1,(2,3),(4,(5,6))); -4542.32 -1.64785 26.2341 13.7715 -4556.43
(1,(2,3),(4,(5,6))); -4544.73 -1.64785 27.9621 12.6873 -4561.66
(1,2,(3,(4,(5,6)))); -4537.46 -1.51652 30.5291 12.7113 -4556.8
(1,2,(3,(4,(5,6)))); -4536.69 -1.51652 28.4464 12.8089 -4553.84
(1,(2,3),(4,(5,6))); -4547.71 -1.64785 29.8782 12.8424 -4566.39
(1,(2,(4,(5,6))),3); -4542.86 -2.02751 28.1941 12.6442 -4560.44
(1,(2,(4,(5,6))),3); -4541.37 -2.02751 28.2202 12.9066 -4558.71
(1,(2,(4,(5,6))),3); -4538.45 -2.02751 28.9032 13.1401 -4556.24
(1,(2,(4,(5,6))),3); -4536.83 -2.02751 30.6073 13.6373 -4555.83
(1,(2,((4,6),5)),3); -4541.85 -2.26614 28.2589 13.7301 -4558.65
(1,(2,((4,6),5)),3); -4540.72 -2.26614 31.4755 12.9829 -4561.48
(1,2,(3,(4,(5,6)))); -4539.7 -1.51652 24.6437 13.1064 -4552.75
(1,2,(3,(4,(5,6)))); -4534.68 -1.51652 25.7438 13.4048 -4548.53
(1,2,(3,((4,6),5))); -4536.22 -1.75514 30.195 13.3358 -4554.83
(1,(2,(4,(5,6))),3); -4537.61 -2.02751 31.1294 12.8647 -4557.9
(1,(2,((4,6),5)),3); -4544.94 -2.26614 29.2186 13.0797 -4563.34
(1,(2,3),(4,(5,6))); -4537.2 -1.64785 31.9632 13.0708 -4557.74
(1,(2,3),((4,6),5)); -4552.24 -1.88647 30.1416 12.4205 -4571.85
(1,(2,(4,(5,6))),3); -4542.18 -2.02751 26.4716 12.8773 -4557.8
(1,(2,3),((4,6),5)); -4543.43 -1.88647 30.3379 13.872 -4561.78
(1,(2,(4,(5,6))),3); -4555.83 -2.02751 30.4411 12.0438 -4576.26
(1,(2,3),(4,(5,6))); -4536.37 -1.64785 30.6267 13.403 -4555.24
(1,(2,(4,(5,6))),3); -4547.07 -2.02751 24.7293 12.4109 -4561.42
(1,(2,3),(4,(5,6))); -4542.17 -1.64785 27.8759 13.011 -4558.68
(1,2,(3,((4,5),6))); -4539.81 -4.70567 29.1027 13.4813 -4560.14
(1,2,(3,((4,6),5))); -4543.75 -1.75514 23.6454 12.8846 -4556.26
(1,(2,3),((4,6),5)); -4541.41 -1.88647 31.7253 13.1935 -4561.83
(1,2,(3,(4,(5,6)))); -4537.23 -1.51652 27.584 13.4931 -4552.83
(1,2,(3,(4,(5,6)))); -4534.39 -1.51652 31.1666 13.0858 -4553.99
(1,(2,(4,(5,6))),3); -4538.22 -2.02751 30.178 13.0023 -4557.42
(1,(2,3),(4,(5,6))); -4540.29 -1.64785 28.4928 13.1418 -4557.29
(1,2,(3,(4,(5,6)))); -4542.11 -1.51652 27.3871 12.2826 -4558.73
(1,2,(3,((4,6),5))); -4537.32 -1.75514 29.9645 13.1957 -4555.85
(1,(2,(4,(5,6))),3); -4548.12 -2.02751 30.3935 12.0896 -4568.45
(1,(2,((4,6),5)),3); -4539.25 -2.26614 32.1905 13.0059 -4560.7
(1,(2,(4,(5,6))),3); -4553.42 -2.02751 29.415 12.2236 -4572.64
(1,2,(3,(4,(5,6)))); -4535.23 -1.51652 28.6116 13.153 -4552.2
(1,2,(3,(4,(5,6)))); -4556.66 -1.51652 26.5618 12.0913 -4572.65
(1,(2,((4,6),5)),3); -4543.62 -2.26614 30.4773 12.6323 -4563.73
(1,2,(3,((4,6),5))); -4536.28 -1.75514 30.665 13.1915 -4555.51
(1,(2,3),(4,(5,6))); -4541.66 -1.64785 27.9813 13.3245 -4557.97
(1,(2,(4,(5,6))),3); -4538.96 -2.02751 29.6314 13.2025 -4557.41
(1,2,(3,(4,(5,6)))); -4534.55 -1.51652 31.8181 13.1572 -4554.73
(1,(2,3),(4,(5,6))); -4541.55 -1.64785 28.8344 12.7027 -4559.33
(1,(2,3),((4,5),6)); -4549.76 -4.837 27.8619 13.1895 -4569.27
(1,((2,5),(4,6)),3); -4587.33 -6.81245 27.7189 12.5206 -4609.34
(1,2,(3,((4,6),5))); -4541.76 -1.75514 27.8559 12.9237 -4558.45
(1,(2,3),(4,(5,6))); -4544.53 -1.64785 27.8107 12.2808 -4561.71
(1,(2,(4,(5,6))),3); -4541.67 -2.02751 30.0817 12.8252 -4560.96
(1,(2,3),(4,(5,6))); -4538.17 -1.64785 30.7039 13.0391 -4557.48
(1,(2,3),((4,6),5)); -4546.06 -1.88647 27.2727 13.0063 -4562.21
(1,(2,((4,6),5)),3); -4542.26 -2.26614 27.4925 13.4392 -4558.58
(1,(2,(4,(5,6))),3); -4556.03 -2.02751 27.6865 12.1151 -4573.63
(1,(2,3),((4,6),5)); -4547.43 -1.88647 26.8707 12.4762 -4563.71
(1,2,(3,(4,(5,6)))); -4538.09 -1.51652 27.814 12.8849 -4554.53
(1,2,(3,((4,6),5))); -4536.54 -1.75514 31.1977 13.0273 -4556.46
(1,2,(3,((4,6),5))); -4537.48 -1.75514 27.1083 13.079 -4553.26
(1,2,(3,((4,6),5))); -4537.23 -1.75514 28.8054 12.926 -4554.86
(1,(2,3),(4,(5,6))); -4538.25 -1.64785 29.716 13.7206 -4555.9
(1,(2,3),(4,(5,6))); -4539 -1.64785 27.8167 13.3528 -4555.11
(1,2,(3,(4,(5,6)))); -4534.14 -1.51652 32.0462 12.9552 -4554.75
(1,2,(3,(4,(5,6)))); -4538.47 -1.51652 24.5722 13.1509 -4551.41
(1,2,(3,((4,5),6))); -4545.15 -4.70567 30.8407 12.6232 -4568.07
(1,2,(3,((4,6),5))); -4538.15 -1.75514 29.4565 12.8321 -4556.53
(1,(2,3),(4,(5,6))); -4549.4 -1.64785 30.2328 12.3807 -4568.9
(1,2,(3,(4,(5,6)))); -4534.76 -1.51652 31.52 12.9175 -4554.88
(1,(2,3),((4,6),5)); -4544.57 -1.88647 29.7528 12.9785 -4563.23
(1,2,(3,(4,(5,6)))); -4539.57 -1.51652 27.97 12.746 -4556.31
(1,2,(3,(4,(5,6)))); -4536.75 -1.51652 29.2861 12.9 -4554.65
(1,(2,((4,6),5)),3); -4541.4 -2.26614 30.7813 13.2248 -4561.23
(1,(2,(4,(5,6))),3); -4542.93 -2.02751 30.4575 12.5129 -4562.91
(1,2,(3,((4,6),5))); -4536.82 -1.75514 29.0351 13.132 -4554.48
(1,(2,3),(4,(5,6))); -4535.44 -1.64785 29.1288 13.6673 -4552.55
(1,(2,((4,6),5)),3); -4538.58 -2.26614 31.4805 13.2271 -4559.1
(1,(2,(4,(5,6))),3); -4541.4 -2.02751 29.7463 12.7592 -4560.41
(1,(2,3),(4,(5,6))); -4538.13 -1.64785 29.5152 13.0366 -4556.26
(1,2,(3,(4,(5,6)))); -4533.62 -1.51652 31.2907 12.9434 -4553.48
(1,(2,3),(4,(5,6))); -4541.03 -1.64785 28.4284 12.7995 -4558.3
(1,(2,3),(4,(5,6))); -4535.13 -1.64785 32.4435 13.3784 -4555.84
(1,2,(3,((4,6),5))); -4538.23 -1.75514 29.1508 12.6323 -4556.5
(1,2,(3,(4,(5,6)))); -4567.28 -1.51652 26.8021 11.7158 -4583.89
(1,2,(3,(4,(5,6)))); -4533.22 -1.51652 31.1107 13.3066 -4552.54
(1,(2,((4,6),5)),3); -4563.31 -2.26614 26.0067 11.7841 -4579.8
(1,(2,3),((4,6),5)); -4543.43 -1.88647 29.6362 12.9268 -4562.03
(1,(2,3),(4,(5,6))); -4541.76 -1.64785 27.6336 12.6589 -4558.38
(1,2,(3,((4,6),5))); -4536.4 -1.75514 27.3811 13.1293 -4552.41
(1,(2,((4,6),5)),3); -4541.31 -2.26614 31.5066 13.0996 -4561.98
(1,(2,(4,(5,6))),3); -4536.63 -2.02751 31.712 13.1289 -4557.24
(1,2,(3,(4,(5,6)))); -4536.28 -1.51652 28.4616 13.133 -4553.12
(1,(2,3),(4,(5,6))); -4540.42 -1.64785 27.5278 13.394 -4556.2
(1,(2,3),((4,6),5)); -4541.55 -1.88647 32.0407 13.0283 -4562.45
(1,2,(3,(4,(5,6)))); -4533.14 -1.51652 30.0417 13.4617 -4551.24
(1,(2,3),(4,(5,6))); -4542.29 -1.64785 28.5223 13.2239 -4559.23
(1,(2,(4,(5,6))),3); -4537.58 -2.02751 31.9304 13.0395 -4558.49
(1,(2,(4,(5,6))),3); -4538.4 -2.02751 30.7121 12.9467 -4558.19
(1,(2,3),(4,(5,6))); -4544.7 -1.64785 24.4618 12.8948 -4557.91
(1,2,(3,((4,6),5))); -4539.95 -1.75514 27.7081 12.6057 -4556.81
(1,2,(3,((4,6),5))); -4541.33 -1.75514 25.3531 12.852 -4555.59
(1,(2,(4,(5,6))),3); -4537.61 -2.02751 31.6391 13.3742 -4557.9
(1,2,(3,((4,6),5))); -4534.79 -1.75514 30.8743 13.3166 -4554.1
(1,(2,3),((4,6),5)); -4544.26 -1.88647 29.469 13.0795 -4562.53
(1,(2,3),(4,(5,6))); -4545.2 -1.64785 23.6855 13.101 -4557.43
(1,(2,3),(4,(5,6))); -4544.33 -1.64785 27.8092 12.5077 -4561.27
(1,2,(3,((4,6),5))); -4536.95 -1.75514 28.592 12.9448 -4554.36
(1,2,(3,(4,(5,6)))); -4533.9 -1.51652 29.3051 13.1951 -4551.53
(1,(2,((4,6),5)),3); -4545.5 -2.26614 27.5479 12.969 -4562.34
(1,(2,3),((4,6),5)); -4543.43 -1.88647 29.5374 13.0733 -4561.78
(1,(2,3),((4,6),5)); -4544.32 -1.88647 27.2929 13.035 -4560.47
(1,(2,((4,6),5)),3); -4539.74 -2.26614 31.2414 13.0362 -4560.21
(1,(2,3),((4,6),5)); -4546.76 -1.88647 27.9252 12.7374 -4563.83
(1,(2,3),((4,6),5)); -4541.85 -1.88647 29.8973 13.053 -4560.58
(1,(2,3),(4,(5,6))); -4537.77 -1.64785 31.2005 12.953 -4557.66
(1,(2,3),((4,6),5)); -4548.91 -1.88647 27.5407 12.4765 -4565.86
(1,2,(3,(4,(5,6)))); -4534.95 -1.51652 26.0351 13.2528 -4549.25
(1,(2,3),(4,(5,6))); -4538.38 -1.64785 28.5548 13.3448 -4555.23
(1,(2,(4,(5,6))),3); -4538.79 -2.02751 29.3804 13.5098 -4556.69
(1,(2,3),((4,6),5)); -4549.62 -1.88647 28.696 12.9145 -4567.29
(1,(2,3),(4,(5,6))); -4537.89 -1.64785 28.8319 13.5243 -4554.84
(1,(2,((4,6),5)),3); -4541.13 -2.26614 30.7989 13.0013 -4561.19
(1,2,(3,(4,(5,6)))); -4534.64 -1.51652 32.437 12.9682 -4555.63
(1,2,(3,(4,(5,6)))); -4537.48 -1.51652 29.904 12.7452 -4556.16
(1,(2,3),(4,(5,6))); -4536.85 -1.64785 29.6285 13.2814 -4554.85
(1,(2,3),((4,6),5)); -4568.17 -1.88647 28.3261 12.0833 -4586.3
(1,(2,3),(4,(5,6))); -4537.46 -1.64785 28.7242 13.4907 -4554.34
(1,2,(3,((4,6),5))); -4532.41 -1.75514 30.9487 13.4997 -4551.62
(1,(2,(4,(5,6))),3); -4537.74 -2.02751 29.2243 13.3378 -4555.66
(1,(2,(4,(5,6))),3); -4538.62 -2.02751 29.4751 13.0294 -4557.09
(1,(2,3),(4,(5,6))); -4542.1 -1.64785 27.5956 12.909 -4558.43
(1,2,(3,(4,(5,6)))); -4535.88 -1.51652 31.1954 13.1667 -4555.43
(1,2,(3,(4,(5,6)))); -4533.06 -1.51652 31.0392 13.4567 -4552.16
(1,2,(3,(4,(5,6)))); -4536.78 -1.51652 29.6081 12.6405 -4555.27
(1,2,(3,((4,6),5))); -4536.03 -1.75514 29.8829 12.9869 -4554.69
(1,(2,3),((4,6),5)); -4547.21 -1.88647 26.005 12.8388 -4562.26
(1,2,(3,((4,6),5))); -4540.45 -1.75514 25.7035 13.2479 -4554.66
(1,2,(3,(4,(5,6)))); -4540.47 -1.51652 29.271 12.753 -4558.51
(1,2,(3,(4,(5,6)))); -4537.74 -1.51652 30.0054 12.7589 -4556.5
(1,(2,3),(4,(5,6))); -4540.87 -1.64785 28.2079 12.759 -4557.97
(1,(2,3),((4,6),5)); -4541.37 -1.88647 30.8021 13.1147 -4560.94
(1,(2,3),(4,(5,6))); -4542.62 -1.64785 27.1659 12.8225 -4558.61
(1,2,(3,(4,(5,6)))); -4536.5 -1.51652 29.4764 12.8272 -4554.67
(1,2,(3,(4,(5,6)))); -4540.9 -1.51652 28.6252 12.5779 -4558.46
(1,(2,((4,6),5)),3); -4547.45 -2.26614 26.975 12.7194 -4563.97
(1,2,(3,(4,(5,6)))); -4532.92 -1.51652 31.4568 13.4489 -4552.44
(1,2,(3,((4,6),5))); -4541.37 -1.75514 27.1113 12.8193 -4557.42
(1,(2,((4,6),5)),3); -4548.58 -2.26614 27.838 12.6686 -4566.01
(1,(2,3),((4,6),5)); -4543.64 -1.88647 30.9564 12.6946 -4563.79
(1,(2,(4,(5,6))),3); -4539.93 -2.02751 29.7122 12.8815 -4558.79
(1,2,(3,(4,(5,6)))); -4535.19 -1.51652 30.9438 13.2168 -4554.44
(1,2,(3,(4,(5,6)))); -4535.37 -1.51652 30.5498 12.8621 -4554.57
(1,2,(3,((4,6),5))); -4540.74 -1.75514 26.4722 12.6914 -4556.27
(1,2,(3,((4,5),6))); -4544.81 -4.70567 24.8598 12.9191 -4561.46
(1,2,(3,(4,(5,6)))); -4534.59 -1.51652 29.7051 13.2098 -4552.6
(1,2,(3,((4,6),5))); -4536.91 -1.75514 28.6749 12.9522 -4554.38
(1,(2,3),(4,(5,6))); -4540.41 -1.64785 27.9388 13.1333 -4556.87
(1,(2,3),((4,6),5)); -4541.33 -1.88647 29.9819 13.4504 -4559.75
(1,(2,((4,6),5)),3); -4541.89 -2.26614 30.6576 12.795 -4562.01
(1,(2,3),((4,6),5)); -4544.41 -1.88647 31.1858 12.7313 -4564.76
(1,(2,3),((4,6),5)); -4541.64 -1.88647 27.9319 13.4188 -4558.04
(1,2,(3,(4,(5,6)))); -4539.95 -1.51652 26.4551 12.9818 -4554.94
(1,(2,(4,(5,6))),3); -4537.99 -2.02751 28.1849 13.3468 -4554.85
(1,(2,((4,6),5)),3); -4539.58 -2.26614 31.9614 13.4862 -4560.32
(1,(2,3),(4,(5,6))); -4536.53 -1.64785 31.4538 13.4482 -4556.19
(1,(2,3),(4,(5,6))); -4538.95 -1.64785 27.5374 13.6241 -4554.51
(1,(2,3),(4,(5,6))); -4541.61 -1.64785 27.6143 13.1465 -4557.73
(1,(2,((4,6),5)),3); -4541.3 -2.26614 28.3933 13.4096 -4558.55
(1,(2,3),((4,6),5)); -4544.6 -1.88647 29.4182 12.8123 -4563.09
(1,(2,3),(4,(5,6))); -4538.71 -1.64785 30.0175 12.862 -4557.51
(1,2,(3,((4,5),6))); -4545.44 -4.70567 29.0379 12.7108 -4566.47
(1,2,(3,(4,(5,6)))); -4557.24 -1.51652 28.9046 11.7361 -4575.93
(1,2,(3,(4,(5,6)))); -4534.53 -1.51652 31.3386 13.1118 -4554.27
(1,2,(3,(4,(5,6)))); -4535.82 -1.51652 28.3808 13.4473 -4552.27
(1,(2,3),((4,6),5)); -4545.72 -1.88647 27.9863 12.7674 -4562.83
(1,(2,(4,(5,6))),3); -4563.15 -2.02751 24.7751 12.0284 -4577.93
(1,2,(3,(4,(5,6)))); -4544.29 -1.51652 20.9407 12.4557 -4554.29
(1,2,(3,(4,(5,6)))); -4532.36 -1.51652 30.9982 13.3907 -4551.48
(1,(2,(4,(5,6))),3); -4537.84 -2.02751 28.3871 13.4743 -4554.78
(1,2,(3,((4,6),5))); -4542.08 -1.75514 24.6764 12.5602 -4555.95
(1,(2,3),((4,5),6)); -4570.32 -4.837 32.1472 12.2725 -4595.03
(1,2,(3,((4,6),5))); -4538.16 -1.75514 27.7391 13.1617 -4554.5
(1,(2,3),(4,(5,6))); -4540.11 -1.64785 28.6822 12.9691 -4557.47
(1,2,(3,(4,(5,6)))); -4534.55 -1.51652 30.5671 13.4777 -4553.15
(1,(2,((4,6),5)),3); -4542.48 -2.26614 27.9634 12.7309 -4559.98
(1,2,(3,(4,(5,6)))); -4536.14 -1.51652 31.5174 12.732 -4556.44
(1,(2,(4,(5,6))),3); -4541.46 -2.02751 26.8189 12.6638 -4557.65
(1,2,(3,(4,(5,6)))); -4540.11 -1.51652 26.9123 12.9989 -4555.54
(1,2,(3,((4,6),5))); -4541.76 -1.75514 27.851 12.9291 -4558.44
(1,2,(3,(4,(5,6)))); -4539.07 -1.51652 28.5478 12.7573 -4556.38
(1,2,(3,((4,6),5))); -4536.57 -1.75514 28.4885 13.0037 -4553.81
(1,(2,((4,6),5)),3); -4546.36 -2.26614 26.7446 12.596 -4562.77
(1,2,(3,((4,6),5))); -4539.92 -1.75514 30.026 12.5017 -4559.2
(1,2,(3,((4,6),5))); -4535.02 -1.75514 28.2719 13.8734 -4551.18
(1,(2,3),(4,(5,6))); -4540.48 -1.64785 29.5168 13.0606 -4558.59
(1,(2,((4,6),5)),3); -4545.64 -2.26614 28.1932 12.9173 -4563.18
(1,(2,(4,(5,6))),3); -4536.14 -2.02751 32.76 13.1436 -4557.79
(1,(2,3),(4,(5,6))); -4537.95 -1.64785 28.7981 13.376 -4555.02
(1,(2,3),((4,6),5)); -4546.23 -1.88647 29.3052 13.0954 -4564.33
(1,2,(3,(4,(5,6)))); -4534.75 -1.51652 29.6736 13.2318 -4552.71
(1,2,(3,(4,(5,6)))); -4538.32 -1.51652 28.9465 12.9622 -4555.82
(1,2,(3,((4,6),5))); -4533.86 -1.75514 28.1338 13.2971 -4550.45
(1,(2,((4,6),5)),3); -4545.2 -2.26614 29.9711 12.6881 -4564.75
(1,(2,3),((4,6),5)); -4544.21 -1.88647 29.1652 12.9777 -4562.28
(1,2,(3,((4,6),5))); -4536.93 -1.75514 29.53 12.9545 -4555.26
(1,(2,3),((4,6),5)); -4543.23 -1.88647 30.1607 13.16 -4562.11
(1,(2,3),(4,(5,6))); -4538.82 -1.64785 30.0217 13.0285 -4557.46
(1,(2,3),((4,5),6)); -4552.69 -4.837 27.2803 12.7916 -4572.01
(1,2,(3,((4,6),5))); -4534.55 -1.75514 28.5902 13.2453 -4551.65
(1,(2,3),((4,6),5)); -4543.13 -1.88647 30.7443 13.2063 -4562.56
(1,2,(3,((4,6),5))); -4541.66 -1.75514 22.9195 13.0997 -4553.24
(1,2,(3,((4,6),5))); -4533.72 -1.75514 31.4725 13.1117 -4553.84
(1,(2,3),(4,(5,6))); -4539.48 -1.64785 28.369 13.1156 -4556.38
(1,2,(3,(4,(5,6)))); -4533.45 -1.51652 29.4317 13.2719 -4551.13
(1,(2,3),(4,(5,6))); -4538.43 -1.64785 30.5539 13.0238 -4557.61
(1,(2,(4,(5,6))),3); -4539.15 -2.02751 30.2474 12.9632 -4558.46
(1,(2,3),(4,(5,6))); -4546.03 -1.64785 23.8934 12.6621 -4558.91
(1,2,(3,(4,(5,6)))); -4533.26 -1.51652 32.431 13.1036 -4554.1
(1,(2,3),(4,(5,6))); -4538.44 -1.64785 29.1625 13.824 -4555.43
(1,(2,(4,(5,6))),3); -4542.59 -2.02751 27.0517 12.7946 -4558.88
(1,(2,3),(4,(5,6))); -4541.02 -1.64785 27.052 13.3405 -4556.38
(1,2,(3,((4,6),5))); -4536.59 -1.75514 25.9437 13.5812 -4550.71
(1,2,(3,(4,(5,6)))); -4535.95 -1.51652 28.419 12.978 -4552.91
(1,(2,(4,(5,6))),3); -4560.18 -2.02751 28.4336 11.9018 -4578.74
(1,2,(3,(4,(5,6)))); -4540.51 -1.51652 28.493 12.5554 -4557.96
(1,(2,(4,(5,6))),3); -4540.22 -2.02751 26.7333 13.1269 -4555.86
(1,2,(3,((4,6),5))); -4539.34 -1.75514 26.1387 13.0052 -4554.23
(1,2,(3,((4,6),5))); -4534.68 -1.75514 28.9428 13.2625 -4552.12
(1,(2,((4,6),5)),3); -4543.41 -2.26614 30.5354 12.6823 -4563.53
(1,(2,(4,(5,6))),3); -4539.74 -2.02751 26.1457 13.7402 -4554.17
(1,2,(3,((4,6),5))); -4536.65 -1.75514 30.6755 12.7638 -4556.32
(1,(2,(4,(5,6))),3); -4539.03 -2.02751 30.6765 12.9038 -4558.83
(1,2,(3,((4,6),5))); -4538.65 -1.75514 29.6951 12.914 -4557.19
(1,2,(3,(4,(5,6)))); -4535.94 -1.51652 28.0864 13.288 -4552.26
(1,(2,(4,(5,6))),3); -4554.66 -2.02751 26.2378 12.1973 -4570.72
(1,(2,3),(4,(5,6))); -4538.02 -1.64785 29.6162 13.2468 -4556.03
(1,(2,3),(4,(5,6))); -4541.56 -1.64785 28.1184 13.3044 -4558.02
(1,2,(3,(4,(5,6)))); -4540.85 -1.51652 25.731 12.8745 -4555.23
(1,2,(3,(4,(5,6)))); -4535.48 -1.51652 30.4645 13.0278 -4554.44
(1,(2,3),((4,6),5)); -4545.99 -1.88647 26.0113 13.1544 -4560.74
(1,(2,3),(4,(5,6))); -4543.86 -1.64785 26.5392 12.5353 -4559.51
(1,(2,3),(4,(5,6))); -4537.5 -1.64785 31.7391 13.0861 -4557.8
(1,2,(3,((4,6),5))); -4533.3 -1.75514 31.4185 13.2603 -4553.21
(1,2,(3,(4,(5,6)))); -4538.56 -1.51652 30.9876 12.7648 -4558.3
(1,(2,(4,(5,6))),3); -4541.94 -2.02751 26.5646 13.0979 -4557.44
(1,(2,3),(4,(5,6))); -4537.49 -1.64785 30.748 13.3922 -4556.49
(1,2,(3,(4,(5,6)))); -4540.61 -1.51652 26.4612 12.9502 -4555.63
(1,(2,((4,5),6)),3); -4553.51 -5.21667 26.2485 13.0478 -4571.93
(1,(2,3),(4,(5,6))); -4540.45 -1.64785 29.376 12.7949 -4558.68
(1,(2,3),(4,(5,6))); -4538.99 -1.64785 29.6969 13.0941 -4557.25
(1,(2,((4,6),5)),3); -4542.48 -2.26614 28.1862 13.3022 -4559.63
(1,(2,(4,(5,6))),3); -4539.87 -2.02751 26.9332 13.4316 -4555.4
(1,(2,((4,6),5)),3); -4543.63 -2.26614 29.0755 12.9596 -4562.02
(1,(2,((4,6),5)),3); -4546.5 -2.26614 24.2188 12.7787 -4560.21
(1,2,(3,((4,6),5))); -4534.24 -1.75514 31.8073 13.083 -4554.72
(1,(2,3),((4,6),5)); -4541.17 -1.88647 32.1435 13.234 -4561.97
(1,(2,3),((4,6),5)); -4543.27 -1.88647 31.8093 12.9673 -4563.99
(1,(2,3),(4,(5,6))); -4539.25 -1.64785 29.225 13.2534 -4556.87
(1,(2,3),((4,6),5)); -4543.16 -1.88647 30.8713 12.8827 -4563.04
(1,2,(3,(4,(5,6)))); -4534.63 -1.51652 30.0585 12.9961 -4553.21
(1,(2,(4,(5,6))),3); -4540.06 -2.02751 29.437 13.0409 -4558.48
(1,(2,3),((4,6),5)); -4550.21 -1.88647 22.762 12.77 -4562.08
(1,2,(3,((4,6),5))); -4537.01 -1.75514 29.3534 13.0223 -4555.1
(1,(2,((4,6),5)),3); -4540.2 -2.26614 29.9421 13.5663 -4558.84
(1,2,(3,(4,(5,6)))); -4531.48 -1.51652 29.1944 13.5122 -4548.68
(1,2,(3,((4,6),5))); -4538.19 -1.75514 26.9558 13.1328 -4553.77
(1,2,(3,((4,6),5))); -4538.1 -1.75514 27.6808 13.2356 -4554.3
(1,2,(3,(4,(5,6)))); -4533.25 -1.51652 31.2757 13.368 -4552.68
(1,2,(3,(4,(5,6)))); -4543.92 -1.51652 23.7632 13.4196 -4555.78
(1,(2,3),(4,(5,6))); -4535.74 -1.64785 31.3379 13.7755 -4554.95
(1,2,(3,(4,(5,6)))); -4536.66 -1.51652 28.3248 13.4164 -4553.08
(1,(2,3),(4,(5,6))); -4539.03 -1.64785 28.6916 13.0646 -4556.31
(1,2,(3,(4,(5,6)))); -4537.44 -1.51652 30.7888 12.8081 -4556.94
(1,(2,3),(4,(5,6))); -4540.78 -1.64785 29.1411 12.831 -4558.74
(1,(2,3),((4,6),5)); -4548.76 -1.88647 26.1168 13.0202 -4563.74
(1,(2,((4,6),5)),3); -4544.53 -2.26614 29.7539 12.729 -4563.82
(1,(2,3),(4,(5,6))); -4535.6 -1.64785 32.7501 13.3604 -4556.64
(1,2,(3,((4,6),5))); -4535.1 -1.75514 29.3513 13.3207 -4552.89
(1,(2,((4,6),5)),3); -4540.96 -2.26614 31.4536 13.0713 -4561.61
(1,2,(3,((4,6),5))); -4536.84 -1.75514 25.4418 13.1494 -4550.89
(1,2,(3,((4,6),5))); -4551.63 -1.75514 29.4565 11.9099 -4570.93
(1,(2,(4,(5,6))),3); -4538.54 -2.02751 31.7612 12.9524 -4559.38
(1,(2,(4,(5,6))),3); -4537.32 -2.02751 29.9958 13.0212 -4556.32
(1,2,(3,((4,6),5))); -4531.8 -1.75514 31.3374 13.4459 -4551.45
(1,(2,(4,(5,6))),3); -4537.88 -2.02751 29.8296 13.1469 -4556.59
(1,(2,3),(4,(5,6))); -4538.25 -1.64785 29.0606 13.2526 -4555.7
(1,(2,3),(4,(5,6))); -4537.1 -1.64785 30.6884 13.0846 -4556.35
(1,(2,(4,(5,6))),3); -4537.83 -2.02751 31.7196 13.167 -4558.41
(1,2,(3,(4,(5,6)))); -4538.4 -1.51652 27.857 12.9168 -4554.85
(1,(2,3),(4,(5,6))); -4544.06 -1.64785 24.8779 12.7501 -4557.84
(1,(2,(4,(5,6))),3); -4543.8 -2.02751 25.743 12.6698 -4558.9
(1,(2,3),(4,(5,6))); -4538.19 -1.64785 30.2817 13.2736 -4556.85
(1,(2,3),((4,6),5)); -4543.2 -1.88647 31.2995 13.0367 -4563.35
(1,(2,(4,(5,6))),3); -4537.99 -2.02751 31.2554 13.0098 -4558.26
(1,2,(3,(4,(5,6)))); -4536.4 -1.51652 29.1497 13.0228 -4554.04
(1,2,(3,(4,(5,6)))); -4537.52 -1.51652 28.4926 13.2369 -4554.29
(1,(2,3),(4,(5,6))); -4538.01 -1.64785 29.9048 13.2689 -4556.29
(1,2,(3,((4,6),5))); -4536.69 -1.75514 31.0677 12.7879 -4556.72
(1,(2,3),((4,6),5)); -4544.55 -1.88647 30.0878 13.0242 -4563.5
(1,2,(3,(4,(5,6)))); -4535.56 -1.51652 30.4842 13.0826 -4554.48
(1,2,(3,((4,6),5))); -4535.75 -1.75514 30.4825 12.973 -4555.02
(1,(2,3),((4,6),5)); -4550.52 -1.88647 25.7068 12.4703 -4565.64
(1,(2,((4,6),5)),3); -4539.34 -2.26614 30.789 13.1392 -4559.25
(1,2,(3,((4,6),5))); -4550.32 -1.75514 21.5474 12.3886 -4561.24
(1,2,(3,(4,(5,6)))); -4534.48 -1.51652 30.4393 13.0344 -4553.4
(1,(2,(4,(5,6))),3); -4536.63 -2.02751 29.9416 13.4348 -4555.17
(1,2,(3,(4,(5,6)))); -4537.54 -1.51652 28.9549 12.9673 -4555.04
(1,(2,3),((4,6),5)); -4545.83 -1.88647 28.2794 12.707 -4563.29
(1,(2,3),((4,6),5)); -4551.12 -1.88647 24.1582 12.8642 -4564.3
(1,(2,3),(4,(5,6))); -4544 -1.64785 25.8199 13.0703 -4558.4
(1,2,(3,(4,(5,6)))); -4538.47 -1.51652 30.7467 12.6232 -4558.11
(1,(2,3),(4,(5,6))); -4541.82 -1.64785 27.8507 12.8923 -4558.43
(1,(2,3),(4,(5,6))); -4538.65 -1.64785 27.5475 13.3833 -4554.46
(1,(2,(4,(5,6))),3); -4539.15 -2.02751 27.9603 13.4063 -4555.73
(1,2,(3,((4,6),5))); -4532.13 -1.75514 31.3433 13.4368 -4551.79
(1,(2,3),((4,6),5)); -4562.36 -1.88647 27.1524 12.42 -4578.98
(1,(2,3),(4,(5,6))); -4538.45 -1.64785 28.8508 13.0754 -4555.88
(1,(2,3),((4,6),5)); -4549.57 -1.88647 26.0744 13.0968 -4564.44
(1,(2,((4,6),5)),3); -4541.78 -2.26614 28.2842 13.3037 -4559.02
(1,2,(3,((4,6),5))); -4534.29 -1.75514 30.0859 13.3519 -4552.78
(1,2,(3,(4,(5,6)))); -4542.17 -1.51652 25.668 12.5095 -4556.84
(1,(2,3),((4,6),5)); -4544.88 -1.88647 30.9489 12.8799 -4564.83
(1,2,(3,(4,(5,6)))); -4534.56 -1.51652 28.8734 12.9552 -4551.99
(1,(2,(4,(5,6))),3); -4538.46 -2.02751 29.6833 13.518 -4556.66
(1,(2,(4,(5,6))),3); -4537.9 -2.02751 30.8085 13.087 -4557.65
(1,(2,3),(4,(5,6))); -4535.03 -1.64785 30.3918 13.6565 -4553.41
(1,(2,3),(4,(5,6))); -4541.79 -1.64785 29.5248 12.6289 -4560.33
(1,(2,(4,(5,6))),3); -4538.62 -2.02751 31.4814 13.189 -4558.94
(1,(2,((4,6),5)),3); -4570.58 -2.26614 27.4662 11.6425 -4588.67
(1,2,(3,((4,6),5))); -4535.04 -1.75514 29.8771 13.2158 -4553.45
(1,2,(3,((4,5),6))); -4543.14 -4.70567 30.2342 13.0336 -4565.04
(1,(2,3),(4,(5,6))); -4543.58 -1.64785 26.6837 12.5233 -4559.39
(1,(2,3),((4,6),5)); -4544.83 -1.88647 28.7471 13.0921 -4562.37
(1,2,(3,((4,6),5))); -4541.03 -1.75514 28.1649 12.7168 -4558.23
(1,2,(3,(4,(5,6)))); -4557.03 -1.51652 29.159 12.0202 -4575.69
(1,2,(3,(4,(5,6)))); -4539.58 -1.51652 28.3812 12.67 -4556.8
(1,(2,((4,6),5)),3); -4540.75 -2.26614 29.4104 14.0399 -4558.39
(1,(2,((4,6),5)),3); -4545.05 -2.26614 28.0245 12.7757 -4562.56
(1,(2,3),(4,(5,6))); -4542.36 -1.64785 24.5838 12.8603 -4555.74
(1,(2,3),((4,6),5)); -4545.21 -1.88647 28.2423 13.3219 -4562.01
(1,(2,(4,(5,6))),3); -4536.24 -2.02751 29.4338 13.6592 -4554.04
(1,2,(3,((4,6),5))); -4543.64 -1.75514 30.6037 12.4944 -4563.51
(1,(2,((4,6),5)),3); -4541.12 -2.26614 30.7913 13.0344 -4561.14
(1,(2,(4,(5,6))),3); -4550.22 -2.02751 21.0229 12.7944 -4560.48
(1,2,(3,(4,(5,6)))); -4540.44 -1.51652 25.182 13.1053 -4554.04
(1,(2,3),(4,(5,6))); -4535.97 -1.64785 31.9792 13.3632 -4556.23
(1,2,(3,(4,(5,6)))); -4553.18 -1.51652 29.2672 11.8961 -4572.07
(1,(2,3),((4,6),5)); -4545.16 -1.88647 29.7747 13.2127 -4563.61
(1,(2,(4,(5,6))),3); -4538.1 -2.02751 30.879 13.6901 -4557.32
(1,(2,3),((4,6),5)); -4544.69 -1.88647 28.5238 13.0953 -4562
(1,(2,3),(4,(5,6))); -4539.62 -1.64785 31.0832 12.9002 -4559.45
(1,2,(3,(4,(5,6)))); -4541.4 -1.51652 26.0218 12.6117 -4556.32
(1,(2,3),((4,6),5)); -4550.42 -1.88647 26.6728 12.3262 -4566.66
(1,(2,((4,6),5)),3); -4541.76 -2.26614 29.9786 12.9728 -4561.03
(1,(2,3),(4,(5,6))); -4543.02 -1.64785 27.1152 12.7863 -4559
(1,(2,(4,(5,6))),3); -4543.78 -2.02751 28.6601 12.5627 -4561.91
(1,2,(3,(4,(5,6)))); -4536.11 -1.51652 28.1809 13.13 -4552.68
(1,2,(3,(4,(5,6)))); -4534.57 -1.51652 29.7345 13.5602 -4552.26
