tree logl logTop logProp logPrior logWt
(1,(2,3),(4,(5,6))); -4539.11 -1.63286 29.1961 13.5303 -4556.41
(1,(2,3),((4,6),5)); -4550.59 -1.90868 27.0084 12.5194 -4566.99
(1,(2,((4,6),5)),3); -4543.38 -2.28749 28.1924 13.4868 -4560.37
(1,(2,(4,(5,6))),3); -4539.9 -2.01168 30.3987 12.873 -4559.44
(1,2,(3,(4,(5,6)))); -4536.65 -1.49671 30.9899 12.7756 -4556.36
(1,(2,3),(4,(5,6))); -4561.26 -1.63286 26.8145 11.7018 -4578
(1,2,(3,(4,(5,6)))); -4535.2 -1.49671 29.4902 13.1717 -4553.02
(1,2,(3,(4,(5,6)))); -4536.27 -1.49671 28.362 13.3727 -4552.76
(1,2,(3,(4,(5,6)))); -4542.85 -1.49671 22.5867 12.5518 -4554.38
(1,(2,3),(4,(5,6))); -4556.2 -1.63286 30.3737 11.9161 -4576.29
(1,(2,3),((4,6),5)); -4543.22 -1.90868 29.42 12.9743 -4561.58
(1,(2,((4,6),5)),3); -4544.05 -2.28749 27.271 12.6876 -4560.92
(1,(2,(4,(5,6))),3); -4539.94 -2.01168 26.5936 13.1343 -4555.41
(1,2,(3,(4,(5,6)))); -4541.7 -1.49671 26.1035 12.5651 -4556.73
(1,2,(3,(4,(5,6)))); -4533.73 -1.49671 28.1847 13.3455 -4550.07
(1,(2,3),(4,(5,6))); -4544.11 -1.63286 28.6459 12.4649 -4561.93
(1,(2,((4,6),5)),3); -4543.77 -2.28749 30.723 12.7427 -4564.04
(1,(2,3),(4,(5,6))); -4539.54 -1.63286 26.5433 13.6641 -4554.05
(1,2,(3,(4,(5,6)))); -4533.58 -1.49671 31.0392 13.1836 -4552.94
(1,(2,((4,6),5)),3); -4542.04 -2.28749 28.0164 12.9658 -4559.37
(1,(2,3),((4,6),5)); -4543.75 -1.90868 30.5689 13.0839 -4563.15
(1,(2,((4,6),5)),3); -4553.26 -2.28749 21.1858 12.8567 -4563.88
(1,2,(3,(4,(5,6)))); -4544.22 -1.49671 24.6892 12.9941 -4557.41
(1,2,(3,(4,(5,6)))); -4542.3 -1.49671 27.0641 12.6188 -4558.24
(1,(2,(4,(5,6))),3); -4536.84 -2.01168 31.4651 13.2667 -4557.05
(1,2,(3,((4,6),5))); -4539.22 -1.77252 28.0679 12.8431 -4556.22
(1,2,(3,((4,6),5))); -4539.56 -1.77252 26.9785 13.0303 -4555.28
(1,(2,3),(4,(5,6))); -4544.92 -1.63286 26.387 12.9414 -4560
(1,2,(3,((4,6),5))); -4535.64 -1.77252 28.151 13.5179 -4552.04
(1,2,(3,((4,6),5))); -4536.54 -1.77252 26.7309 13.8814 -4551.17
(1,(2,3),(4,(5,6))); -4542.12 -1.63286 28.0977 12.9 -4558.95
(1,(2,3),(4,(5,6))); -4537.03 -1.63286 30.9397 13.3026 -4556.3
(1,2,(3,((4,6),5))); -4548.55 -1.77252 28.1314 12.4772 -4565.98
(1,2,(3,(4,(5,6)))); -4535.63 -1.49671 27.8162 12.9334 -4552
(1,(2,3),((4,6),5)); -4547.42 -1.90868 25.6312 13.7676 -4561.2
(1,(2,3),(4,(5,6))); -4544.99 -1.63286 25.7583 12.8886 -4559.49
(1,2,(3,(4,(5,6)))); -4539.08 -1.49671 26.4913 12.9734 -4554.1
(1,(2,(4,(5,6))),3); -4541.14 -2.01168 28.965 12.883 -4559.23
(1,2,(3,(4,(5,6)))); -4535.36 -1.49671 30.5642 13.0637 -4554.36
(1,(2,3),(4,(5,6))); -4537.89 -1.63286 31.2766 13.1314 -4557.67
(1,2,(3,(4,(5,6)))); -4532.54 -1.49671 30.0443 13.2131 -4550.87
(1,(2,((4,6),5)),3); -4539.69 -2.28749 31.7404 13.2081 -4560.51
(1,(2,3),(4,(5,6))); -4551.14 -1.63286 27.7617 12.4853 -4568.05
(1,2,(3,(4,(5,6)))); -4537.03 -1.49671 30.7991 12.9319 -4556.39
(1,(2,((4,6),5)),3); -4541.99 -2.28749 31.2897 13.0925 -4562.47
(1,(2,3),((4,5),6)); -4552.3 -4.82146 27.7761 13.1328 -4571.77
(1,2,(3,((4,6),5))); -4554.58 -1.77252 25.8282 11.9685 -4570.21
(1,2,(3,((4,6),5))); -4534.52 -1.77252 31.0794 13.1921 -4554.18
(1,2,(3,(4,(5,6)))); -4539.49 -1.49671 29.6137 12.5024 -4558.1
(1,2,(3,(4,(5,6)))); -4534.84 -1.49671 31.3795 13.1356 -4554.58
(1,(2,3),(4,(5,6))); -4536.14 -1.63286 29.0049 13.6775 -4553.1
(1,2,(3,((4,5),6))); -4546.59 -4.6853 23.6277 13.2533 -4561.65
(1,(2,(4,(5,6))),3); -4540.44 -2.01168 30.9153 12.7925 -4560.58
(1,(2,(4,(5,6))),3); -4547.7 -2.01168 25.9962 12.1686 -4563.54
(1,2,(3,(4,(5,6)))); -4537.28 -1.49671 28.6891 13.2634 -4554.2
(1,(2,(4,(5,6))),3); -4545.5 -2.01168 21.1599 13.3653 -4555.31
(1,(2,3),((4,6),5)); -4546.55 -1.90868 25.3995 12.7494 -4561.11
(1,2,(3,(4,(5,6)))); -4539.5 -1.49671 26.6939 13.19 -4554.5
(1,2,(3,(4,(5,6)))); -4536.32 -1.49671 31.1343 13.0513 -4555.9
(1,(2,3),((4,6),5)); -4546.74 -1.90868 29.583 12.5784 -4565.65
(1,(2,3),(4,(5,6))); -4542.06 -1.63286 22.1737 13.5797 -4552.29
(1,2,(3,(4,(5,6)))); -4533.3 -1.49671 30.3281 13.1672 -4551.96
(1,(2,(4,(5,6))),3); -4540.44 -2.01168 28.3706 13.3239 -4557.5
(1,(2,((4,6),5)),3); -4540.36 -2.28749 30.6332 13.0337 -4560.25
(1,(2,3),((4,6),5)); -4541.1 -1.90868 30.7332 13.2717 -4560.47
(1,(2,3),((4,6),5)); -4548.17 -1.90868 27.8383 12.7351 -4565.18
(1,(2,(4,(5,6))),3); -4536.45 -2.01168 30.306 13.2495 -4555.52
(1,2,(3,((4,6),5))); -4534.73 -1.77252 31.7303 13.214 -4555.01
(1,2,(3,(4,(5,6)))); -4539.86 -1.49671 29.0351 12.5954 -4557.79
(1,(2,(4,(5,6))),3); -4547.78 -2.01168 29.4614 12.5941 -4566.66
(1,2,(3,(4,(5,6)))); -4532.06 -1.49671 31.3923 13.4164 -4551.54
(1,(2,3),(4,(5,6))); -4542.91 -1.63286 27.0815 12.6938 -4558.93
(1,(2,((4,5),6)),3); -4562.54 -5.20027 30.1494 12.5242 -4585.36
(1,2,(3,(4,(5,6)))); -4541.65 -1.49671 26.9003 12.5087 -4557.54
(1,(2,(4,(5,6))),3); -4540.45 -2.01168 28.5445 12.8331 -4558.18
(1,2,(3,(4,(5,6)))); -4536.77 -1.49671 28.1481 12.9676 -4553.45
(1,2,(3,((4,6),5))); -4537.99 -1.77252 29.1751 12.6842 -4556.25
(1,2,(3,(4,(5,6)))); -4536.43 -1.49671 28.8308 13.0099 -4553.74
(1,2,(3,(4,(5,6)))); -4548.67 -1.49671 28.3646 12.9118 -4565.62
(1,(2,(4,(5,6))),3); -4539.72 -2.01168 30.1245 12.8316 -4559.02
(1,(2,3),(4,(5,6))); -4541.25 -1.63286 28.507 13.0069 -4558.38
(1,(2,((4,6),5)),3); -4540.65 -2.28749 28.9113 13.6719 -4558.18
(1,(2,((4,6),5)),3); -4543.7 -2.28749 27.0712 12.8911 -4560.16
(1,(2,(4,(5,6))),3); -4539.13 -2.01168 27.2176 13.8215 -4554.54
(1,2,(3,(4,(5,6)))); -4533.61 -1.49671 30.8933 13.1764 -4552.82
(1,(2,3),(4,(5,6))); -4539.81 -1.63286 28.5889 13.4268 -4556.6
(1,(2,3),((4,6),5)); -4541.98 -1.90868 31.0869 13.1526 -4561.83
(1,2,(3,(4,(5,6)))); -4533.37 -1.49671 31.0959 13.367 -4552.6
(1,(2,3),((4,6),5)); -4541.57 -1.90868 31.409 13.0511 -4561.83
(1,(2,(4,(5,6))),3); -4543.83 -2.01168 30.0389 12.4778 -4563.41
(1,(2,3),(4,(5,6))); -4547.14 -1.63286 27.9412 12.5936 -4564.12
(1,(2,3),((4,6),5)); -4549.25 -1.90868 29.185 12.5278 -4567.82
(1,(2,3),((4,6),5)); -4547.6 -1.90868 27.6384 12.659 -4564.48
(1,(2,3),(4,(5,6))); -4536.9 -1.63286 29.2584 13.6359 -4554.16
(1,2,(3,((4,6),5))); -4533.77 -1.77252 29.6953 13.3245 -4551.92
(1,(2,3),((4,6),5)); -4546.36 -1.90868 29.1104 13.1414 -4564.23
(1,2,(3,(4,(5,6)))); -4538.97 -1.49671 26.5953 13.0572 -4554.01
(1,2,(3,(4,(5,6)))); -4534.75 -1.49671 28.6864 13.1641 -4551.77
(1,(2,3),(4,(5,6))); -4545.53 -1.63286 23.0496 13.1961 -4557.02
(1,(2,3),((4,6),5)); -4547.25 -1.90868 28.0394 12.8655 -4564.33
(1,(2,3),(4,(5,6))); -4540.19 -1.63286 27.4838 12.9044 -4556.4
(1,(2,((4,6),5)),3); -4546.36 -2.28749 28.0297 12.3995 -4564.28
(1,(2,3),(4,(5,6))); -4541.26 -1.63286 27.6562 12.6576 -4557.89
(1,(2,3),((4,6),5)); -4544.22 -1.90868 29.7699 12.6523 -4563.25
(1,(2,((4,6),5)),3); -4540.41 -2.28749 30.3147 13.1121 -4559.9
(1,2,(3,(4,(5,6)))); -4540.97 -1.49671 29.3421 12.3944 -4559.41
(1,2,(3,(4,(5,6)))); -4532.69 -1.49671 29.8991 13.8369 -4550.25
(1,(2,3),((4,6),5)); -4545.42 -1.90868 28.4353 13.002 -4562.76
(1,(2,3),((4,6),5)); -4544.53 -1.90868 30.0283 12.7092 -4563.75
(1,(2,((4,6),5)),3); -4541.34 -2.28749 31.2044 12.8218 -4562.01
(1,(2,3),((4,6),5)); -4547.87 -1.90868 24.2106 13.0225 -4560.97
(1,(2,3),(4,(5,6))); -4537.87 -1.63286 30.4276 12.8921 -4557.04
(1,(2,((4,6),5)),3); -4545.07 -2.28749 27.7851 12.8497 -4562.29
(1,2,(3,(4,(5,6)))); -4534.83 -1.49671 29.6498 13.4798 -4552.49
(1,2,(3,((4,6),5))); -4535.21 -1.77252 31.6604 12.8471 -4555.79
(1,2,(3,((4,6),5))); -4532.44 -1.77252 32.099 13.4875 -4552.83
(1,(2,3),(4,(5,6))); -4544.98 -1.63286 23.7258 12.5337 -4557.8
(1,(2,(4,(5,6))),3); -4539.66 -2.01168 27.0592 13.3024 -4555.43
(1,(2,3),(4,(5,6))); -4539.99 -1.63286 27.9261 12.9147 -4556.63
(1,2,(3,((4,6),5))); -4535.25 -1.77252 29.5026 13.4575 -4553.07
(1,(2,(4,(5,6))),3); -4535.98 -2.01168 31.3847 13.2306 -4556.14
(1,2,(3,(4,(5,6)))); -4557.56 -1.49671 25.6406 12.0663 -4572.63
(1,(2,(4,(5,6))),3); -4541.16 -2.01168 29.106 12.851 -4559.42
(1,(2,3),((4,6),5)); -4544.9 -1.90868 29.0724 13.2389 -4562.64
(1,2,(3,(4,(5,6)))); -4549.09 -1.49671 30.1252 12.2416 -4568.47
(1,2,(3,((4,6),5))); -4537.2 -1.77252 30.4541 13.0551 -4556.37
(1,2,(3,(4,(5,6)))); -4540.71 -1.49671 25.8351 12.629 -4555.41
(1,(2,3),(4,(5,6))); -4535.95 -1.63286 30.3565 13.724 -4554.21
(1,2,(3,((4,6),5))); -4537.34 -1.77252 27.881 13.4259 -4553.57
(1,(2,3),(4,(5,6))); -4539.43 -1.63286 27.8003 13.7364 -4555.13
(1,(2,(4,(5,6))),3); -4539.97 -2.01168 28.8549 13.046 -4557.79
(1,(2,(4,(5,6))),3); -4541.08 -2.01168 24.6848 13.3021 -4554.48
(1,(2,3),(4,(5,6))); -4541.53 -1.63286 27.2335 12.8296 -4557.57
(1,(2,(4,(5,6))),3); -4540.37 -2.01168 29.4469 12.988 -4558.84
(1,(2,(4,(5,6))),3); -4542.52 -2.01168 24.0369 13.1959 -4555.37
(1,(2,3),((4,6),5)); -4550.91 -1.90868 25.7936 12.654 -4565.96
(1,2,(3,((4,6),5))); -4533.84 -1.77252 29.5286 13.313 -4551.83
(1,(2,3),((4,6),5)); -4548.09 -1.90868 26.976 12.6658 -4564.31
(1,(2,3),((4,6),5)); -4546.65 -1.90868 24.9752 13.1074 -4560.43
(1,(2,3),(4,(5,6))); -4543.88 -1.63286 27.1834 12.9236 -4559.77
(1,(2,3),(4,(5,6))); -4541.43 -1.63286 29.08 12.9859 -4559.15
(1,(2,3),((4,6),5)); -4542.68 -1.90868 27.3589 13.5756 -4558.37
(1,(2,3),(4,(5,6))); -4546.72 -1.63286 23.5618 12.8363 -4559.07
(1,(2,(4,(5,6))),3); -4535.91 -2.01168 31.3981 13.4547 -4555.86
(1,(2,3),(4,(5,6))); -4537.83 -1.63286 28.8487 13.8539 -4554.45
(1,(2,3),(4,(5,6))); -4540.62 -1.63286 29.7386 12.9305 -4559.06
(1,(2,3),(4,(5,6))); -4537.11 -1.63286 28.8982 13.4978 -4554.14
(1,(2,((4,6),5)),3); -4545.73 -2.28749 27.5593 12.7691 -4562.81
(1,(2,((4,6),5)),3); -4542.59 -2.28749 29.7504 12.9968 -4561.63
(1,(2,3),((4,6),5)); -4544.86 -1.90868 30.9619 12.6439 -4565.09
(1,2,(3,((4,6),5))); -4540.91 -1.77252 29.7819 12.5558 -4559.9
(1,2,(3,(4,(5,6)))); -4540.22 -1.49671 27.2081 12.6048 -4556.32
(1,2,(3,(4,(5,6)))); -4535.13 -1.49671 31.731 12.8281 -4555.53
(1,(2,3),(4,(5,6))); -4537.18 -1.63286 30.7416 13.2131 -4556.34
(1,(2,3),(4,(5,6))); -4541.35 -1.63286 28.3138 12.772 -4558.53
(1,(2,(4,(5,6))),3); -4541.62 -2.01168 28.2437 12.9556 -4558.92
(1,(2,3),((4,6),5)); -4542.71 -1.90868 31.135 13.1414 -4562.61
(1,(2,3),(4,(5,6))); -4540.11 -1.63286 25.8267 13.4064 -4554.16
(1,(2,3),(4,(5,6))); -4540.4 -1.63286 29.7169 12.9128 -4558.84
(1,2,(3,((4,6),5))); -4534.3 -1.77252 31.5904 13.0693 -4554.6
(1,2,(3,((4,6),5))); -4550.66 -1.77252 29.5297 12.3818 -4569.58
(1,(2,(4,(5,6))),3); -4537.79 -2.01168 30.1584 13.2206 -4556.74
(1,(2,(4,(5,6))),3); -4543.34 -2.01168 23.4671 13.5054 -4555.32
(1,2,(3,(4,(5,6)))); -4535.2 -1.49671 29.4469 13.1889 -4552.95
(1,2,(3,(4,(5,6)))); -4534.81 -1.49671 29.8281 13.0924 -4553.05
(1,(2,(4,(5,6))),3); -4542.09 -2.01168 27.2534 12.9797 -4558.37
(1,(2,3),(4,(5,6))); -4537.51 -1.63286 31.5978 12.8716 -4557.87
(1,2,(3,((4,6),5))); -4540.22 -1.77252 27.9238 12.8391 -4557.08
(1,(2,3),((4,6),5)); -4543.83 -1.90868 28.6651 12.9372 -4561.46
(1,2,(3,(4,(5,6)))); -4537.53 -1.49671 28.9559 12.6582 -4555.32
(1,(2,3),(4,(5,6))); -4538.56 -1.63286 29.3068 13.1989 -4556.3
(1,(2,((4,6),5)),3); -4550.98 -2.28749 22.0306 12.8324 -4562.47
(1,2,(3,((4,6),5))); -4536.29 -1.77252 29.4309 13.0588 -4554.43
(1,(2,3),((4,6),5)); -4543.42 -1.90868 31.65 12.9152 -4564.07
(1,2,(3,(4,(5,6)))); -4534.08 -1.49671 30.0268 13.1272 -4552.48
(1,(2,3),(4,(5,6))); -4539.82 -1.63286 29.1489 12.7165 -4557.88
(1,(2,3),(4,(5,6))); -4539.55 -1.63286 28.867 13.3954 -4556.65
(1,(2,3),((4,6),5)); -4546.92 -1.90868 27.3908 12.927 -4563.29
(1,2,(3,((4,6),5))); -4533.38 -1.77252 31.733 13.1139 -4553.77
(1,(2,3),((4,6),5)); -4542.05 -1.90868 30.5704 13.5509 -4560.97
(1,(2,(4,(5,6))),3); -4538.27 -2.01168 31.5523 12.9573 -4558.88
(1,(2,(4,(5,6))),3); -4537.98 -2.01168 31.0728 12.8584 -4558.2
(1,2,(3,(4,(5,6)))); -4542.78 -1.49671 29.1379 12.2916 -4561.12
(1,(2,3),((4,6),5)); -4541.79 -1.90868 30.8671 13.0761 -4561.49
(1,2,(3,(4,(5,6)))); -4535.7 -1.49671 31.0721 12.8253 -4555.44
(1,(2,3),(4,(5,6))); -4538.1 -1.63286 30.6394 13.2283 -4557.14
(1,(2,((4,6),5)),3); -4562.58 -2.28749 26.5813 11.6281 -4579.82
(1,(2,(4,(5,6))),3); -4558.85 -2.01168 28.6578 12.124 -4577.39
(1,2,(3,((4,6),5))); -4534.34 -1.77252 30.3113 13.2971 -4553.13
(1,(2,3),(4,(5,6))); -4539 -1.63286 29.3367 13.3006 -4556.66
(1,2,(3,(4,(5,6)))); -4540.13 -1.49671 27.0647 12.8845 -4555.81
(1,(2,((4,6),5)),3); -4542.34 -2.28749 29.3868 13.241 -4560.77
(1,(2,3),((4,6),5)); -4541.48 -1.90868 27.8464 13.4609 -4557.78
(1,(2,3),((4,6),5)); -4543.22 -1.90868 30.7244 12.8124 -4563.04
(1,((2,3),(5,6)),4); -4580.84 -7.01312 30.7302 12.7532 -4605.83
(1,2,(3,((4,6),5))); -4542.17 -1.77252 22.8805 13.0326 -4553.79
(1,2,(3,((4,6),5))); -4549.36 -1.77252 28.3103 13.0746 -4566.37
(1,(2,3),(4,(5,6))); -4541.56 -1.63286 28.2202 12.8894 -4558.52
(1,(2,(4,(5,6))),3); -4544.88 -2.01168 26.258 12.7081 -4560.44
(1,(2,3),(4,(5,6))); -4539.8 -1.63286 29.4547 12.8763 -4558.01
(1,(2,3),(4,(5,6))); -4542.6 -1.63286 28.0701 13.1128 -4559.19
(1,2,(3,((4,6),5))); -4545.52 -1.77252 31.8339 12.8365 -4566.29
(1,(2,3),((4,6),5)); -4548.56 -1.90868 26.9876 12.6057 -4564.85
(1,(2,((4,6),5)),3); -4539.51 -2.28749 28.7811 13.4467 -4557.13
(1,2,(3,(4,(5,6)))); -4538.58 -1.49671 27.5988 12.6357 -4555.04
(1,(2,3),((4,6),5)); -4541.76 -1.90868 29.598 13.2191 -4560.05
(1,(2,(4,(5,6))),3); -4542.22 -2.01168 27.7195 12.8116 -4559.14
(1,2,(3,((4,6),5))); -4539.34 -1.77252 31.3251 12.5201 -4559.92
(1,2,(3,(4,(5,6)))); -4536.63 -1.49671 27.8616 13.4213 -4552.57
(1,2,(3,((4,6),5))); -4555.27 -1.77252 30.9173 12.0187 -4575.94
(1,(2,3),(4,(5,6))); -4543.98 -1.63286 26.4766 12.7446 -4559.35
(1,2,(3,(4,(5,6)))); -4533.41 -1.49671 31.6667 13.136 -4553.44
(1,2,(3,((4,6),5))); -4534.52 -1.77252 31.5167 13.0998 -4554.71
(1,(2,3),((4,6),5)); -4562.87 -1.90868 28.5993 12.5626 -4580.81
(1,(2,3),((4,6),5)); -4544.48 -1.90868 28.8917 12.8438 -4562.44
(1,(2,(4,(5,6))),3); -4544.63 -2.01168 26.0841 12.5888 -4560.14
(1,(2,3),(4,(5,6))); -4542 -1.63286 27.5307 12.664 -4558.5
(1,2,(3,(4,(5,6)))); -4536.94 -1.49671 27.9746 13.1152 -4553.3
(1,2,(3,(4,(5,6)))); -4536.03 -1.49671 27.9895 13.8169 -4551.7
(1,(2,(4,(5,6))),3); -4538.22 -2.01168 27.3159 13.605 -4553.94
(1,(2,(4,(5,6))),3); -4553.89 -2.01168 27.7125 11.9217 -4571.69
(1,(2,(4,(5,6))),3); -4538.61 -2.01168 31.8364 12.7697 -4559.69
(1,(2,3),(4,(5,6))); -4542.77 -1.63286 26.0701 12.6989 -4557.78
(1,(2,3),(4,(5,6))); -4538.52 -1.63286 29.8178 13.4946 -4556.47
(1,(2,3),((4,6),5)); -4547.67 -1.90868 27.7236 12.6701 -4564.63
(1,2,(3,(4,(5,6)))); -4534.77 -1.49671 29.2031 12.904 -4552.56
(1,(2,(4,(5,6))),3); -4541.91 -2.01168 27.371 12.9317 -4558.36
(1,2,(3,(4,(5,6)))); -4539.54 -1.49671 23.9607 12.7675 -4552.23
(1,(2,((4,6),5)),3); -4542.73 -2.28749 29.8863 13.179 -4561.72
(1,2,(3,(4,(5,6)))); -4533.13 -1.49671 29.1921 13.2007 -4550.62
(1,(2,((4,6),5)),3); -4539.3 -2.28749 32.1925 13.4326 -4560.35
(1,(2,((4,6),5)),3); -4544.56 -2.28749 28.8007 12.9607 -4562.69
(1,2,(3,(4,(5,6)))); -4535.33 -1.49671 29.5788 14.1091 -4552.3
(1,(2,3),(4,(5,6))); -4537.8 -1.63286 30.8809 13.0364 -4557.28
(1,(2,((4,6),5)),3); -4542.5 -2.28749 27.5188 13.405 -4558.9
(1,(2,(4,(5,6))),3); -4541.53 -2.01168 30.599 12.6216 -4561.52
(1,(2,((4,6),5)),3); -4541.06 -2.28749 29.8956 13.1918 -4560.05
(1,(2,(4,(5,6))),3); -4538.57 -2.01168 28.7883 13.5776 -4555.8
(1,2,(3,((4,6),5))); -4537.38 -1.77252 29.8559 13.2973 -4555.71
(1,2,(3,((4,6),5))); -4535.13 -1.77252 29.9135 13.1249 -4553.69
(1,(2,(4,(5,6))),3); -4551.27 -2.01168 28.6302 12.5147 -4569.4
(1,(2,(4,(5,6))),3); -4539.75 -2.01168 30.4493 12.8408 -4559.37
(1,(2,3),(4,(5,6))); -4538.07 -1.63286 30.2754 13.1368 -4556.84
(1,(2,3),(4,(5,6))); -4540 -1.63286 27.6854 13.0582 -4556.26
(1,(2,3),(4,(5,6))); -4543.95 -1.63286 25.8861 12.4638 -4559.01
(1,(2,3),(4,(5,6))); -4538.12 -1.63286 27.9396 13.5766 -4554.11
(1,2,(3,(4,(5,6)))); -4533.24 -1.49671 29.8036 13.2344 -4551.3
(1,(2,(4,(5,6))),3); -4543.41 -2.01168 27.4373 12.5677 -4560.29
(1,2,(3,(4,(5,6)))); -4538.21 -1.49671 29.046 13.4457 -4555.3
(1,(2,((4,6),5)),3); -4540.39 -2.28749 32.4004 12.9348 -4562.15
(1,(2,3),((4,6),5)); -4541.9 -1.90868 29.2652 13.1467 -4559.93
(1,(2,3),(4,(5,6))); -4537 -1.63286 31.9465 12.9943 -4557.59
(1,(2,3),((4,6),5)); -4545.4 -1.90868 29.0245 12.932 -4563.4
(1,2,(3,(4,(5,6)))); -4546.88 -1.49671 28.2448 12.572 -4564.05
(1,(2,3),((4,6),5)); -4546.11 -1.90868 26.1909 12.6608 -4561.55
(1,2,(3,(4,(5,6)))); -4537.13 -1.49671 29.3085 13.1336 -4554.8
(1,2,(3,(4,(5,6)))); -4534.32 -1.49671 30.3229 13.2343 -4552.91
(1,(2,3),((4,6),5)); -4548.63 -1.90868 26.6261 12.7362 -4564.43
(1,2,(3,(4,(5,6)))); -4535.12 -1.49671 30.556 12.8889 -4554.28
(1,(2,(4,(5,6))),3); -4539.76 -2.01168 28.8459 13.022 -4557.6
(1,(2,3),(4,(5,6))); -4537.9 -1.63286 31.0539 13.2265 -4557.37
(1,(2,3),(4,(5,6))); -4543.51 -1.63286 27.2877 12.4345 -4560
(1,2,(3,(4,(5,6)))); -4540.73 -1.49671 30.5632 12.4447 -4560.35
(1,(2,(4,(5,6))),3); -4536.97 -2.01168 29.7749 13.6643 -4555.1
(1,2,(3,(4,(5,6)))); -4534.29 -1.49671 31.712 13.0265 -4554.47
(1,(2,3),((4,6),5)); -4545.99 -1.90868 27.651 13.0085 -4562.54
(1,2,(3,((4,6),5))); -4535.93 -1.77252 29.3852 12.8941 -4554.2
(1,(2,3),((4,5),6)); -4563.54 -4.82146 27.5667 12.4242 -4583.51
(1,(2,((4,6),5)),3); -4542.6 -2.28749 30.0861 13.2202 -4561.75
(1,2,(3,(4,(5,6)))); -4536.35 -1.49671 30.3047 12.9814 -4555.17
(1,(2,3),((4,6),5)); -4543.95 -1.90868 28.7743 12.9931 -4561.64
(1,(2,3),((4,6),5)); -4545.71 -1.90868 29.498 12.8476 -4564.27
(1,(2,(4,(5,6))),3); -4561.97 -2.01168 28.2882 11.8067 -4580.46
(1,(2,3),(4,(5,6))); -4536.32 -1.63286 29.6666 13.8191 -4553.8
(1,(2,3),(4,(5,6))); -4538.65 -1.63286 29.8042 13.6346 -4556.46
(1,(2,3),(4,(5,6))); -4539.9 -1.63286 29.7329 12.8688 -4558.39
(1,2,(3,((4,6),5))); -4555.6 -1.77252 28.0295 12.0343 -4573.37
(1,(2,3),(4,(5,6))); -4536.43 -1.63286 31.6168 13.1105 -4556.57
(1,2,(3,((4,6),5))); -4543.36 -1.77252 28.4389 12.3613 -4561.21
(1,2,(3,(4,(5,6)))); -4536.25 -1.49671 28.7915 13.5424 -4553
(1,2,(3,((4,6),5))); -4537.72 -1.77252 28.1591 12.7325 -4554.92
(1,(2,3),((4,6),5)); -4549.08 -1.90868 29.2724 12.4666 -4567.79
(1,(2,3),(4,(5,6))); -4538.75 -1.63286 31.1656 12.9714 -4558.57
(1,2,(3,((4,6),5))); -4535.57 -1.77252 27.0501 13.2146 -4551.18
(1,2,(3,(4,(5,6)))); -4532.77 -1.49671 30.9076 13.6069 -4551.57
(1,2,(3,((4,6),5))); -4535.36 -1.77252 29.9874 13.025 -4554.09
(1,(2,3),(4,(5,6))); -4536.49 -1.63286 29.2716 13.7287 -4553.66
(1,2,(3,(4,(5,6)))); -4535.91 -1.49671 27.4691 13.4732 -4551.41
(1,(2,((4,5),6)),3); -4548.66 -5.20027 29.8556 12.9903 -4570.72
(1,(2,(4,(5,6))),3); -4547.78 -2.01168 30.5837 12.4953 -4567.88
(1,(2,((4,6),5)),3); -4542.35 -2.28749 29.0867 12.8788 -4560.85
(1,(2,3),(4,(5,6))); -4540.57 -1.63286 29.6268 13.1198 -4558.71
(1,(2,(4,(5,6))),3); -4546.1 -2.01168 27.2318 12.6244 -4562.72
(1,(2,(4,(5,6))),3); -4536.23 -2.01168 31.7115 13.4661 -4556.48
(1,(2,3),((4,6),5)); -4555.13 -1.90868 28.7502 12.4632 -4573.33
(1,(2,3),((4,6),5)); -4541.45 -1.90868 30.0998 13.1951 -4560.26
(1,(2,((4,6),5)),3); -4542.16 -2.28749 28.3428 13.1684 -4559.62
(1,2,(3,((4,6),5))); -4534.47 -1.77252 28.9398 13.3559 -4551.83
(1,(2,3),(4,(5,6))); -4538.61 -1.63286 28.576 13.217 -4555.6
(1,2,(3,(4,(5,6)))); -4534.23 -1.49671 30.6884 13.1825 -4553.23
(1,(2,3),(4,(5,6))); -4539.08 -1.63286 29.5042 13.1574 -4557.06
(1,(2,3),(4,(5,6))); -4541.29 -1.63286 25.7154 13.3402 -4555.3
(1,2,(3,((4,6),5))); -4538.68 -1.77252 28.5228 12.9517 -4556.02
(1,2,(3,((4,6),5))); -4541.12 -1.77252 23.9632 13.1505 -4553.71
(1,2,(3,(4,(5,6)))); -4532.47 -1.49671 31.6667 13.2609 -4552.37
(1,(2,(4,(5,6))),3); -4543.49 -2.01168 23.9333 13.1686 -4556.26
(1,(2,(4,(5,6))),3); -4537.1 -2.01168 32.0332 13.1318 -4558.02
(1,(2,3),((4,6),5)); -4544.97 -1.90868 27.5059 13.0146 -4561.37
(1,(2,((4,6),5)),3); -4538.46 -2.28749 31.0677 13.3922 -4558.42
(1,(2,3),(4,(5,6))); -4549.07 -1.63286 22.7766 12.4324 -4561.05
(1,2,(3,(4,(5,6)))); -4533.54 -1.49671 32.1677 13.1906 -4554.01
(1,(2,(4,(5,6))),3); -4537.18 -2.01168 31.1401 13.2946 -4557.04
(1,2,(3,((4,6),5))); -4540.3 -1.77252 30.1265 12.5436 -4559.65
(1,(2,((4,6),5)),3); -4540.18 -2.28749 30.6259 13.5748 -4559.52
(1,(2,((4,6),5)),3); -4556.25 -2.28749 30.9944 12.1068 -4577.43
(1,(2,((4,6),5)),3); -4539.81 -2.28749 30.8995 13.6335 -4559.37
(1,(2,(4,(5,6))),3); -4540.77 -2.01168 31.1551 12.6893 -4561.25
(1,2,(3,(4,(5,6)))); -4532.5 -1.49671 32.2632 13.2488 -4553.01
(1,(2,((4,6),5)),3); -4540.53 -2.28749 30.7203 13.4871 -4560.05
(1,2,(3,((4,6),5))); -4553.93 -1.77252 28.0723 11.6453 -4572.13
(1,(2,3),(4,(5,6))); -4537.73 -1.63286 28.9226 13.2044 -4555.08
(1,(2,3),((4,6),5)); -4545.06 -1.90868 29.746 12.6593 -4564.05
(1,(2,3),(4,(5,6))); -4539.09 -1.63286 28.2895 13.108 -4555.9
(1,2,(3,((4,6),5))); -4539.37 -1.77252 29.4399 12.9154 -4557.67
(1,(2,3),((4,6),5)); -4546.32 -1.90868 30.1581 12.7104 -4565.68
(1,(2,3),(4,(5,6))); -4544.66 -1.63286 26.7066 12.6238 -4560.37
(1,2,(3,(4,(5,6)))); -4544.86 -1.49671 24.5434 12.7188 -4558.18
(1,(2,3),(4,(5,6))); -4541.82 -1.63286 26.7673 13.0405 -4557.18
(1,2,(3,((4,6),5))); -4539.57 -1.77252 28.5439 12.7564 -4557.13
(1,(2,3),((4,6),5)); -4545.9 -1.90868 30.5526 12.6858 -4565.68
(1,2,(3,((4,6),5))); -4536.53 -1.77252 30.346 13.1946 -4555.45
(1,(2,(4,(5,6))),3); -4543.87 -2.01168 28.6609 12.6423 -4561.9
(1,(2,((4,6),5)),3); -4538.59 -2.28749 30.4528 13.4166 -4557.92
(1,2,(3,(4,(5,6)))); -4536.16 -1.49671 28.9688 13.0535 -4553.57
(1,(2,3),(4,(5,6))); -4537.59 -1.63286 30.6701 13.2352 -4556.66
(1,2,((3,(5,6)),4)); -4576.07 -7.1309 28.9348 12.9496 -4599.19
(1,(2,((4,6),5)),3); -4538.62 -2.28749 32.6022 13.1987 -4560.31
(1,(2,((4,6),5)),3); -4539.16 -2.28749 28.5584 13.5174 -4556.49
(1,(2,3),(4,(5,6))); -4538.01 -1.63286 31.3535 12.8964 -4558.1
(1,2,(3,((4,6),5))); -4537.02 -1.77252 29.7436 13.0709 -4555.47
(1,(2,3),(4,(5,6))); -4543.47 -1.63286 27.812 12.5821 -4560.33
(1,(2,3),(4,(5,6))); -4541.2 -1.63286 29.4726 12.8199 -4559.49
(1,2,(3,(4,(5,6)))); -4537.56 -1.49671 29.8641 12.6399 -4556.28
(1,(2,((4,6),5)),3); -4543.91 -2.28749 29.0944 12.7156 -4562.57
(1,2,(3,(4,(5,6)))); -4533.09 -1.49671 29.8745 13.2674 -4551.19
(1,(2,(4,(5,6))),3); -4564.48 -2.01168 29.6737 12.0134 -4584.15
(1,(2,3),((4,6),5)); -4542.34 -1.90868 30.3424 13.2296 -4561.36
(1,(2,3),(4,(5,6))); -4539.44 -1.63286 29.9375 13.495 -4557.52
(1,(2,3),((4,6),5)); -4567.65 -1.90868 29.1251 11.4854 -4587.2
(1,2,(3,((4,6),5))); -4532.42 -1.77252 30.5437 13.3302 -4551.41
(1,(2,3),((4,6),5)); -4544.46 -1.90868 27.3914 13.3698 -4560.39
(1,2,(3,((4,6),5))); -4537.45 -1.77252 30.9136 12.8095 -4557.32
(1,(2,3),((4,6),5)); -4543.22 -1.90868 31.9162 12.8559 -4564.19
(1,2,(3,(4,(5,6)))); -4556.08 -1.49671 28.937 12.4416 -4574.07
(1,2,(3,(4,(5,6)))); -4538.92 -1.49671 27.6007 12.9784 -4555.03
(1,2,(3,(4,(5,6)))); -4536.59 -1.49671 29.7319 12.752 -4555.06
(1,(2,3),(4,(5,6))); -4541.22 -1.63286 29.0855 12.5424 -4559.39
(1,(2,(4,(5,6))),3); -4540.49 -2.01168 30.73 12.7935 -4560.44
(1,2,(3,((4,6),5))); -4535.2 -1.77252 32.0249 12.8676 -4556.13
(1,(2,3),(4,(5,6))); -4539.62 -1.63286 28.8989 13.2106 -4556.94
(1,(2,3),(4,(5,6))); -4554.45 -1.63286 30.0553 12.5344 -4573.6
(1,2,(3,((4,6),5))); -4534.07 -1.77252 31.5853 13.2763 -4554.15
(1,(2,3),(4,(5,6))); -4538.94 -1.63286 31.5538 12.7383 -4559.38
(1,2,(3,(4,(5,6)))); -4536.37 -1.49671 27.6162 13.8954 -4551.59
(1,2,(3,(4,(5,6)))); -4542.76 -1.49671 26.3251 12.4149 -4558.17
(1,(2,3),(4,(5,6))); -4541.28 -1.63286 28.4591 13.1507 -4558.22
(1,(2,3),((4,6),5)); -4545.7 -1.90868 27.9598 13.0784 -4562.49
(1,2,(3,(4,(5,6)))); -4535.1 -1.49671 29.3942 13.4234 -4552.56
(1,2,(3,(4,(5,6)))); -4538.88 -1.49671 29.9257 12.7216 -4557.58
(1,2,(3,(4,(5,6)))); -4543.59 -1.49671 29.3765 12.6693 -4561.8
(1,(2,(4,(5,6))),3); -4541.71 -2.01168 25.9393 13.5394 -4556.12
(1,2,(3,(4,(5,6)))); -4533.4 -1.49671 31.0267 13.0141 -4552.91
(1,(2,((4,6),5)),3); -4542.74 -2.28749 29.5699 13.1443 -4561.45
(1,(2,3),(4,(5,6))); -4544.22 -1.63286 25.0188 12.8062 -4558.07
(1,2,(3,((4,6),5))); -4542.43 -1.77252 27.6927 12.6849 -4559.21
(1,(2,3),(4,(5,6))); -4539.99 -1.63286 29.2738 12.8703 -4558.03
(1,2,(3,((4,6),5))); -4556.94 -1.77252 28.1092 12.1655 -4574.66
(1,(2,(4,(5,6))),3); -4535.43 -2.01168 31.4368 13.3884 -4555.49
(1,2,(3,(4,(5,6)))); -4548.37 -1.49671 24.8039 12.2166 -4562.46
(1,(2,3),((4,6),5)); -4545.87 -1.90868 30.049 12.5388 -4565.29
(1,2,(3,((4,6),5))); -4533.61 -1.77252 31.1298 13.3371 -4553.17
(1,(2,3),(4,(5,6))); -4541.77 -1.63286 27.4177 13.2441 -4557.58
(1,(2,3),((4,6),5)); -4541.99 -1.90868 29.4112 13.7868 -4559.53
(1,2,(3,(4,(5,6)))); -4532.47 -1.49671 30.941 13.3641 -4551.54
(1,(2,3),((4,6),5)); -4545.62 -1.90868 28.463 12.6379 -4563.35
(1,2,(3,((4,6),5))); -4538.08 -1.77252 28.5581 12.9218 -4555.49
(1,(2,(4,(5,6))),3); -4540.04 -2.01168 28.3541 13.1885 -4557.22
(1,(2,3),(4,(5,6))); -4539.22 -1.63286 29.3462 12.7631 -4557.44
(1,(2,(4,(5,6))),3); -4537.42 -2.01168 31.9026 13.0478 -4558.29
(1,(2,(4,(5,6))),3); -4538.14 -2.01168 30.4273 13.7597 -4556.82
(1,(2,3),(4,(5,6))); -4536.76 -1.63286 29.6834 13.2958 -4554.78
(1,(2,3),((4,6),5)); -4545.41 -1.90868 29.1866 12.9288 -4563.57
(1,(2,3),((4,6),5)); -4544.46 -1.90868 28.4636 12.8797 -4561.95
(1,(2,(4,(5,6))),3); -4536.35 -2.01168 29.9973 13.5026 -4554.85
(1,(2,(4,(5,6))),3); -4539.85 -2.01168 29.5009 12.9412 -4558.42
(1,2,(3,((4,6),5))); -4537.44 -1.77252 29.4381 13.0275 -4555.62
(1,(2,(4,(5,6))),3); -4539.33 -2.01168 30.2877 13.0704 -4558.56
(1,2,(3,(4,(5,6)))); -4539.39 -1.49671 25.2502 13.4147 -4552.73
(1,(2,3),(4,(5,6))); -4538.07 -1.63286 29.7783 13.2729 -4556.2
(1,(2,(4,(5,6))),3); -4540.06 -2.01168 30.5393 12.7693 -4559.84
(1,(2,((4,6),5)),3); -4543.63 -2.28749 30.7449 12.6512 -4564.01
(1,(2,((4,6),5)),3); -4541.49 -2.28749 29.1196 13.18 -4559.72
(1,(2,(4,(5,6))),3); -4538.34 -2.01168 28.9851 13.2285 -4556.11
(1,(2,((4,6),5)),3); -4540.08 -2.28749 31.2268 13.018 -4560.58
(1,2,(3,(4,(5,6)))); -4537.68 -1.49671 23.3798 13.1736 -4549.38
(1,(2,3),((4,6),5)); -4539.65 -1.90868 33.0565 13.2583 -4561.35
(1,2,(3,(4,(5,6)))); -4540.83 -1.49671 29.2094 12.5774 -4558.95
(1,(2,((4,6),5)),3); -4539.71 -2.28749 29.2203 13.4528 -4557.77
(1,(2,3),((4,6),5)); -4541.78 -1.90868 29.6889 13.3395 -4560.04
(1,(2,3),(4,(5,6))); -4537.15 -1.63286 30.0903 13.2842 -4555.58
(1,2,(3,((4,6),5))); -4552.68 -1.77252 29.0857 12.1435 -4571.4
(1,(2,3),((4,6),5)); -4543.26 -1.90868 29.9218 13.1856 -4561.9
(1,(2,3),((4,6),5)); -4543.88 -1.90868 26.9106 13.8555 -4558.84
(1,2,(3,((4,6),5))); -4534.67 -1.77252 31.9554 13.002 -4555.39
(1,(2,3),(4,(5,6))); -4541.23 -1.63286 27.6192 12.7589 -4557.72
(1,(2,(4,(5,6))),3); -4539.22 -2.01168 30.5073 12.9532 -4558.78
(1,(2,(4,(5,6))),3); -4538.5 -2.01168 28.5993 13.252 -4555.85
(1,2,(3,((4,6),5))); -4550.65 -1.77252 30.5449 12.0426 -4570.93
(1,2,(3,((4,5),6))); -4542.59 -4.6853 28.9595 13.0258 -4563.21
(1,(2,(4,(5,6))),3); -4541.01 -2.01168 29.6216 12.8765 -4559.77
(1,2,(3,(4,(5,6)))); -4536.48 -1.49671 28.0646 13.0133 -4553.03
(1,(2,3),((4,6),5)); -4560.94 -1.90868 30.5654 12.0498 -4581.36
(1,2,(3,((4,6),5))); -4538.93 -1.77252 26.8154 12.7082 -4554.81
(1,(2,3),((4,6),5)); -4547.31 -1.90868 27.929 13.4694 -4563.68
(1,(2,3),((4,6),5)); -4544.3 -1.90868 29.3777 13.0616 -4562.52
(1,(2,(4,(5,6))),3); -4541.86 -2.01168 26.6859 13.0594 -4557.5
(1,(2,3),(4,(5,6))); -4548.05 -1.63286 27.8984 12.6143 -4564.97
(1,(2,3),(4,(5,6))); -4538.33 -1.63286 30.3613 13.0336 -4557.29
(1,(2,3),(4,(5,6))); -4536.54 -1.63286 32.2316 13.1336 -4557.27
(1,2,(3,((4,6),5))); -4537.99 -1.77252 29.7882 12.7425 -4556.81
(1,(2,(4,(5,6))),3); -4538.16 -2.01168 30.7851 13.2454 -4557.71
(1,2,(3,(4,(5,6)))); -4536.51 -1.49671 29.4979 13.2185 -4554.28
(1,2,(3,(4,(5,6)))); -4533.65 -1.49671 31.3207 13.3495 -4553.12
(1,2,(3,(4,(5,6)))); -4543.08 -1.49671 27.6178 12.3483 -4559.85
(1,(2,(4,(5,6))),3); -4540.29 -2.01168 29.8653 12.9963 -4559.17
(1,2,(3,((4,6),5))); -4532.89 -1.77252 31.1356 13.5663 -4552.23
(1,2,(3,(4,(5,6)))); -4542.31 -1.49671 23.3862 13.3153 -4553.88
(1,(2,(4,(5,6))),3); -4538.12 -2.01168 31.2203 12.9144 -4558.44
(1,2,(3,((4,6),5))); -4533.66 -1.77252 29.2875 13.6902 -4551.03
(1,(2,(4,(5,6))),3); -4535.83 -2.01168 32.5188 13.3179 -4557.04
(1,(2,3),(4,(5,6))); -4541.19 -1.63286 27.4465 12.8575 -4557.42
(1,2,(3,(4,(5,6)))); -4534.38 -1.49671 31.4198 13.2192 -4554.08
(1,(2,3),((4,6),5)); -4549.02 -1.90868 27.6225 12.4531 -4566.09
(1,(2,(4,(5,6))),3); -4556.5 -2.01168 31.166 11.9557 -4577.73
(1,(2,3),((4,6),5)); -4546.05 -1.90868 27.0378 12.9874 -4562.01
(1,(2,3),((4,5),6)); -4546.39 -4.82146 32.3497 13.3248 -4570.24
(1,2,(3,((4,6),5))); -4539.09 -1.77252 27.9175 12.7555 -4556.02
(1,(2,3),(4,(5,6))); -4537.47 -1.63286 30.7308 13.3493 -4556.48
(1,2,(3,((4,6),5))); -4540.45 -1.77252 28.3077 12.675 -4557.85
(1,(2,3),(4,(5,6))); -4548.96 -1.63286 22.6696 12.8343 -4560.43
(1,2,(3,((4,5),6))); -4537.53 -4.6853 31.035 13.4118 -4559.83
(1,(2,3),(4,(5,6))); -4538.82 -1.63286 29.74 13.2509 -4556.94
(1,2,(3,((4,6),5))); -4536.27 -1.77252 29.5243 13.2609 -4554.31
(1,2,(3,(4,(5,6)))); -4534.82 -1.49671 29.2382 13.2125 -4552.34
(1,2,(3,(4,(5,6)))); -4533.08 -1.49671 29.966 13.4777 -4551.07
(1,2,(3,((4,6),5))); -4534.23 -1.77252 30.6697 12.9926 -4553.68
(1,2,(3,(4,(5,6)))); -4540.55 -1.49671 24.7635 12.6986 -4554.11
(1,2,(3,((4,6),5))); -4538.74 -1.77252 26.3655 13.3275 -4553.55
(1,2,(3,((4,6),5))); -4536.17 -1.77252 29.555 12.8338 -4554.66
(1,(2,3),((4,6),5)); -4546.47 -1.90868 28.9224 13.0692 -4564.23
(1,(2,3),(4,(5,6))); -4536.62 -1.63286 31.3161 13.1442 -4556.43
(1,(2,(4,(5,6))),3); -4554.58 -2.01168 30.4333 12.0269 -4575
(1,2,(3,(4,(5,6)))); -4537.14 -1.49671 30.9319 12.7054 -4556.86
(1,(2,((4,6),5)),3); -4540.78 -2.28749 29.7595 13.4817 -4559.34
(1,2,(3,(4,(5,6)))); -4535 -1.49671 29.9557 13.0181 -4553.43
(1,2,(3,(4,(5,6)))); -4538.98 -1.49671 29.5977 12.4387 -4557.63
(1,(2,(4,(5,6))),3); -4537.95 -2.01168 29.9564 13.135 -4556.78
(1,(2,3),((4,6),5)); -4543.07 -1.90868 30.9539 12.8623 -4563.07
(1,(2,(4,(5,6))),3); -4538.97 -2.01168 28.9451 13.1031 -4556.82
(1,2,(3,(4,(5,6)))); -4533.79 -1.49671 29.4344 13.3892 -4551.33
(1,(2,(4,(5,6))),3); -4539.88 -2.01168 26.4573 13.429 -4554.92
(1,2,(3,(4,(5,6)))); -4535.67 -1.49671 29.8185 13.6408 -4553.35
(1,(2,((4,6),5)),3); -4545.38 -2.28749 27.5094 13.3945 -4561.78
(1,2,(3,((4,6),5))); -4535.44 -1.77252 27.3835 13.3952 -4551.2
(1,(2,3),((4,5),6)); -4546.76 -4.82146 30.3738 13.4261 -4568.53
(1,2,(3,(4,(5,6)))); -4547.15 -1.49671 25.5837 12.2295 -4562
(1,(2,((4,5),6)),3); -4553.56 -5.20027 27.6935 12.2455 -4574.21
(1,2,(3,((4,6),5))); -4534.75 -1.77252 31.3888 13.0145 -4554.9
(1,2,(3,(4,(5,6)))); -4536.48 -1.49671 28.7739 12.903 -4553.85
(1,2,(3,(4,(5,6)))); -4548.27 -1.49671 28.9967 12.1008 -4566.67
(1,2,(3,((4,6),5))); -4538.56 -1.77252 28.2287 12.8917 -4555.67
(1,(2,3),((4,6),5)); -4544.11 -1.90868 28.2932 13.0978 -4561.21
(1,(2,3),(4,(5,6))); -4538.04 -1.63286 28.3207 13.3316 -4554.66
(1,(2,3),(4,(5,6))); -4540.87 -1.63286 27.7715 13.5351 -4556.74
(1,2,(3,(4,(5,6)))); -4540.39 -1.49671 27.4441 12.7738 -4556.56
(1,2,(3,((4,6),5))); -4536.12 -1.77252 29.3619 13.0187 -4554.23
(1,(2,3),((4,6),5)); -4543.03 -1.90868 30.8499 12.8572 -4562.94
(1,(2,3),((4,6),5)); -4541.43 -1.90868 32.296 13.0626 -4562.57
(1,(2,3),(4,(5,6))); -4537.87 -1.63286 30.4424 13.1287 -4556.82
(1,2,(3,((4,6),5))); -4537.52 -1.77252 26.997 13.1242 -4553.16
(1,(2,(4,(5,6))),3); -4540.12 -2.01168 27.1026 12.8594 -4556.37
(1,2,(3,(4,(5,6)))); -4534.2 -1.49671 31.5513 13.1458 -4554.1
(1,(2,3),(4,(5,6))); -4544.8 -1.63286 28.8379 12.757 -4562.52
(1,2,(3,(4,(5,6)))); -4538.71 -1.49671 26.0699 12.5324 -4553.75
(1,2,(3,((4,6),5))); -4533.66 -1.77252 32.7042 13.1124 -4555.02
(1,(2,3),(4,(5,6))); -4536.03 -1.63286 30.8736 13.3654 -4555.17
(1,(2,3),(4,(5,6))); -4540.57 -1.63286 29.7172 13.2713 -4558.65
(1,2,(3,((4,6),5))); -4536.7 -1.77252 30.0413 13.2914 -4555.22
(1,(2,(4,(5,6))),3); -4535.39 -2.01168 30.1377 13.6162 -4553.92
(1,(2,(4,(5,6))),3); -4540.9 -2.01168 29.6858 12.8485 -4559.75
(1,(2,((4,6),5)),3); -4542.44 -2.28749 30.3511 12.6972 -4562.39
(1,(2,((4,6),5)),3); -4540.92 -2.28749 30.7862 13.3414 -4560.65
(1,(2,3),(4,(5,6))); -4535.79 -1.63286 31.8509 13.204 -4556.07
(1,2,(3,(4,(5,6)))); -4559.15 -1.49671 25.4776 11.9542 -4574.17
(1,2,(3,(4,(5,6)))); -4537.3 -1.49671 27.5778 13.2855 -4553.08
(1,2,(3,((4,6),5))); -4532.11 -1.77252 32.1525 13.3207 -4552.72
(1,(2,3),(4,(5,6))); -4539.93 -1.63286 29.4595 12.9913 -4558.03
(1,(2,((4,6),5)),3); -4544.5 -2.28749 28.2905 12.7363 -4562.34
(1,(2,3),((4,6),5)); -4549.2 -1.90868 24.2337 12.8298 -4562.51
(1,2,(3,(4,(5,6)))); -4556.02 -1.49671 27.8505 11.9653 -4573.4
(1,2,(3,((4,6),5))); -4540.64 -1.77252 25.4628 12.9752 -4554.9
(1,(2,3),((4,6),5)); -4543.47 -1.90868 29.8246 12.942 -4562.26
(1,2,(3,((4,6),5))); -4536.03 -1.77252 29.7371 13.1652 -4554.37
(1,(2,((4,6),5)),3); -4543.62 -2.28749 29.1075 12.7423 -4562.27
(1,(2,3),(4,(5,6))); -4542.57 -1.63286 28.1754 12.802 -4559.57
(1,(2,((4,6),5)),3); -4540.38 -2.28749 29.3677 13.1827 -4558.85
(1,(2,3),((4,6),5)); -4547.05 -1.90868 27.5392 12.8304 -4563.67
(1,(2,3),((4,6),5)); -4548.75 -1.90868 25.8956 13.1948 -4563.36
(1,(2,((4,5),6)),3); -4549.09 -5.20027 30.8252 12.805 -4572.31
(1,2,(3,(4,(5,6)))); -4534.54 -1.49671 24.2791 13.0645 -4547.25
(1,2,(3,((4,6),5))); -4538.67 -1.77252 27.9745 12.7921 -4555.63
(1,2,(3,(4,(5,6)))); -4540.13 -1.49671 28.5562 12.8156 -4557.37
(1,2,(3,(4,(5,6)))); -4535.87 -1.49671 30.0719 12.806 -4554.63
(1,(2,(4,(5,6))),3); -4541.98 -2.01168 27.8606 12.871 -4558.98
(1,(2,3),(4,(5,6))); -4541.41 -1.63286 26.2756 12.9719 -4556.35
(1,2,(3,(4,(5,6)))); -4534.7 -1.49671 31.1749 12.8969 -4554.47
(1,2,(3,(4,(5,6)))); -4535.87 -1.49671 27.0043 13.2813 -4551.09
(1,2,(3,((4,5),6))); -4542.63 -4.6853 26.7832 13.4598 -4560.63
(1,(2,3),((4,6),5)); -4545.4 -1.90868 27.329 13.1551 -4561.48
(1,(2,3),(4,(5,6))); -4540.08 -1.63286 28.4972 13.3657 -4556.84
(1,(2,(4,(5,6))),3); -4542.73 -2.01168 25.2441 13.152 -4556.83
(1,(2,(4,(5,6))),3); -4540.01 -2.01168 27.4233 13.0833 -4556.36
(1,2,(3,(4,(5,6)))); -4538.12 -1.49671 28.3334 12.6994 -4555.25
(1,(2,3),(4,(5,6))); -4535.17 -1.63286 29.8135 13.624 -4552.99
(1,2,(3,(4,(5,6)))); -4539.53 -1.49671 29.1451 12.7027 -4557.47
(1,(2,3),((4,6),5)); -4544.95 -1.90868 30.0362 12.8728 -4564.03
(1,2,(3,((4,6),5))); -4535.65 -1.77252 31.6663 12.8619 -4556.23
(1,2,(3,((4,6),5))); -4534.51 -1.77252 28.9389 13.3256 -4551.9
(1,(2,(4,(5,6))),3); -4539.9 -2.01168 29.1524 13.1003 -4557.96
(1,2,(3,(4,(5,6)))); -4538.16 -1.49671 29.0129 12.9953 -4555.68
(1,(2,(4,(5,6))),3); -4540.42 -2.01168 30.1691 12.9716 -4559.63
(1,(2,3),(4,(5,6))); -4535.79 -1.63286 31.7839 13.2266 -4555.98
(1,2,(3,(4,(5,6)))); -4534.41 -1.49671 28.856 13.3636 -4551.4
(1,(2,(4,(5,6))),3); -4543.01 -2.01168 26.4738 12.6595 -4558.83
(1,(2,3),((4,6),5)); -4546.46 -1.90868 28.5378 12.8465 -4564.06
(1,(2,3),(4,(5,6))); -4536.7 -1.63286 30.1716 13.0361 -4555.46
(1,2,(3,(4,(5,6)))); -4535.56 -1.49671 30.3368 13.2321 -4554.16
(1,(2,3),(4,(5,6))); -4547.36 -1.63286 27.2069 12.439 -4563.76
(1,2,(3,(4,(5,6)))); -4537.58 -1.49671 27.1134 13.372 -4552.82
(1,2,(3,((4,6),5))); -4536.65 -1.77252 26.5201 13.3781 -4551.56
(1,(2,(4,(5,6))),3); -4545.84 -2.01168 21.2871 12.6593 -4556.48
(1,2,(3,((4,6),5))); -4531.72 -1.77252 31.6134 13.6679 -4551.43
(1,(2,((4,6),5)),3); -4541.1 -2.28749 30.0724 13.073 -4560.38
(1,2,(3,(4,(5,6)))); -4536.24 -1.49671 27.1091 13.2473 -4551.6
(1,(2,3),(4,(5,6))); -4542.08 -1.63286 27.601 12.7181 -4558.59
(1,(2,(4,(5,6))),3); -4543.58 -2.01168 27.0365 12.7952 -4559.84
(1,2,(3,((4,6),5))); -4534.09 -1.77252 30.1942 12.9183 -4553.14
(1,(2,3),(4,(5,6))); -4548.03 -1.63286 30.3727 12.4588 -4567.57
(1,(2,3),((4,6),5)); -4546.27 -1.90868 30.2961 12.6774 -4565.79
(1,2,(3,(4,(5,6)))); -4535.87 -1.49671 30.8283 13.0595 -4555.13
(1,(2,3),((4,6),5)); -4541.18 -1.90868 30.4301 13.5187 -4560
(1,(2,((4,6),5)),3); -4539.72 -2.28749 30.1815 13.259 -4558.93
(1,(2,3),(4,(5,6))); -4537.46 -1.63286 30.7653 13.1706 -4556.69
(1,2,(3,(4,(5,6)))); -4533.72 -1.49671 31.0424 13.2429 -4553.02
(1,2,(3,(4,(5,6)))); -4543.12 -1.49671 26.0439 12.6349 -4558.03
(1,(2,3),((4,6),5)); -4543.51 -1.90868 28.4536 13.3592 -4560.52
(1,2,(3,((4,6),5))); -4537.81 -1.77252 26.9868 12.7272 -4553.85
(1,2,(3,((4,6),5))); -4540.03 -1.77252 27.3381 12.517 -4556.62
(1,2,(3,(4,(5,6)))); -4558.43 -1.49671 28.2406 11.9075 -4576.26
(1,2,(3,(4,(5,6)))); -4539.04 -1.49671 29.6668 12.685 -4557.52
(1,(2,3),(4,(5,6))); -4543.93 -1.63286 26.7276 13.0238 -4559.27
(1,(2,((4,6),5)),3); -4543.31 -2.28749 27.0152 13.1258 -4559.49
(1,2,(3,(4,(5,6)))); -4535.85 -1.49671 29.9973 13.0334 -4554.31
(1,(2,3),(4,(5,6))); -4536.77 -1.63286 31.4574 13.2847 -4556.58
(1,2,(3,(4,(5,6)))); -4576.84 -1.49671 22.5971 11.2507 -4589.69
(1,(2,3),(4,(5,6))); -4542.43 -1.63286 26.5159 12.7519 -4557.83
(1,2,(3,(4,(5,6)))); -4535.55 -1.49671 31.363 13.2254 -4555.18
(1,(2,(4,(5,6))),3); -4539.6 -2.01168 30.4295 12.7837 -4559.26
(1,(2,3),((4,6),5)); -4545.66 -1.90868 25.3019 13.2494 -4559.62
(1,2,(3,((4,6),5))); -4538.22 -1.77252 26.7609 13.362 -4553.39
(1,(2,3),(4,(5,6))); -4540.99 -1.63286 26.564 13.625 -4555.56
(1,(2,3),(4,(5,6))); -4538.11 -1.63286 29.4915 13.2298 -4556.01
(1,(2,3),(4,(5,6))); -4554.52 -1.63286 30.554 12.3728 -4574.33
(1,2,(3,(4,(5,6)))); -4538.32 -1.49671 28.3629 13.0095 -4555.17
(1,(2,3),((4,6),5)); -4566.9 -1.90868 27.7389 11.5511 -4585
(1,2,(3,(4,(5,6)))); -4533.56 -1.49671 32.4367 12.8978 -4554.6
(1,2,(3,((4,6),5))); -4538.54 -1.77252 29.2968 13.0525 -4556.56
(1,2,(3,(4,(5,6)))); -4538.04 -1.49671 24.8803 13.0136 -4551.4
(1,(2,3),((4,6),5)); -4542.19 -1.90868 30.1632 13.0506 -4561.21
(1,2,(3,((4,5),6))); -4541.14 -4.6853 30.8134 12.8481 -4563.79
(1,2,(3,(4,(5,6)))); -4543.59 -1.49671 26.8484 12.7923 -4559.15
(1,(2,3),((4,6),5)); -4547.98 -1.90868 20.7148 13.2082 -4557.39
(1,(2,((4,6),5)),3); -4544.72 -2.28749 25.7186 13.0009 -4559.72
(1,(2,3),((4,6),5)); -4552.1 -1.90868 25.4999 12.5639 -4566.95
(1,2,(3,(4,(5,6)))); -4533.21 -1.49671 31.305 13.2738 -4552.74
(1,(2,3),((4,6),5)); -4544.84 -1.90868 27.3622 13.1062 -4561.01
(1,(2,3),((4,6),5)); -4548.02 -1.90868 27.9955 12.5418 -4565.38
(1,(2,3),(4,(5,6))); -4539.81 -1.63286 28.7701 12.9081 -4557.3
(1,2,(3,(4,(5,6)))); -4534.27 -1.49671 29.4783 13.1236 -4552.12
(1,2,(3,(4,(5,6)))); -4551.95 -1.49671 29.3302 12.5948 -4570.18
(1,2,(3,(4,(5,6)))); -4536.96 -1.49671 28.7662 13.0344 -4554.19
(1,2,(3,(4,(5,6)))); -4538.3 -1.49671 28.5641 13.2171 -4555.15
(1,(2,(4,(5,6))),3); -4542.42 -2.01168 26.4048 12.7375 -4558.1
(1,(2,3),(4,(5,6))); -4540.74 -1.63286 28.3581 13.8742 -4556.86
(1,2,(3,(4,(5,6)))); -4535.64 -1.49671 27.0918 13.7175 -4550.51
(1,2,(3,(4,(5,6)))); -4534.17 -1.49671 31.1835 13.064 -4553.79
(1,(2,((4,6),5)),3); -4545.88 -2.28749 27.5583 12.7779 -4562.95
(1,(2,((4,6),5)),3); -4542.4 -2.28749 30.1703 12.8305 -4562.02
(1,2,(3,(4,(5,6)))); -4535.44 -1.49671 29.803 12.9577 -4553.79
(1,(2,((4,6),5)),3); -4547.4 -2.28749 25.1076 12.8075 -4561.99
(1,2,(3,(4,(5,6)))); -4533.32 -1.49671 30.7134 13.3262 -4552.2
(1,(2,((4,6),5)),3); -4541.22 -2.28749 30.0824 13.3272 -4560.26
(1,(2,(4,(5,6))),3); -4542.34 -2.01168 25.1395 12.9025 -4556.58
(1,2,(3,(4,(5,6)))); -4553.2 -1.49671 29.1955 12.2755 -4571.62
(1,(2,3),(4,(5,6))); -4540.73 -1.63286 28.2032 12.8366 -4557.73
(1,(2,3),(4,(5,6))); -4537.96 -1.63286 28.6724 13.6073 -4554.65
(1,2,(3,((4,6),5))); -4534.69 -1.77252 29.7468 13.5535 -4552.65
(1,2,(3,(4,(5,6)))); -4537.05 -1.49671 29.5288 12.9173 -4555.16
(1,2,(3,((4,5),6))); -4568.66 -4.6853 31.4742 11.92 -4592.9
(1,2,(3,(4,(5,6)))); -4539.02 -1.49671 25.2772 12.7792 -4553.02
(1,(2,((4,6),5)),3); -4543.71 -2.28749 28.9514 12.9422 -4562
(1,2,(3,(4,(5,6)))); -4537.1 -1.49671 29.9033 12.8747 -4555.62
(1,2,(3,((4,6),5))); -4535.85 -1.77252 30.7335 13.1833 -4555.17
(1,(2,3),((4,6),5)); -4544.71 -1.90868 29.216 12.8866 -4562.95
(1,2,(3,((4,6),5))); -4542.53 -1.77252 31.7523 12.5171 -4563.54
(1,(2,3),((4,6),5)); -4541.08 -1.90868 30.2432 13.3473 -4559.89
(1,2,(3,((4,6),5))); -4541.24 -1.77252 26.3575 12.9257 -4556.44
(1,(2,3),(4,(5,6))); -4535.7 -1.63286 30.5114 13.6606 -4554.18
(1,(2,((4,6),5)),3); -4543.83 -2.28749 28.895 12.8923 -4562.12
(1,(2,3),(4,(5,6))); -4545.26 -1.63286 23.6856 13.0016 -4557.57
(1,2,(3,(4,(5,6)))); -4542.33 -1.49671 26.0132 12.33 -4557.51
(1,(2,(4,(5,6))),3); -4535.98 -2.01168 30.5795 13.8192 -4554.75
(1,(2,3),(4,(5,6))); -4541.68 -1.63286 27.3019 12.8594 -4557.76
(1,2,(3,(4,(5,6)))); -4535.63 -1.49671 30.3183 13.0999 -4554.34
(1,(2,(4,(5,6))),3); -4537.19 -2.01168 31.3206 13.2245 -4557.3
(1,2,(3,((4,6),5))); -4535.06 -1.77252 27.7419 13.6329 -4550.95
(1,(2,(4,(5,6))),3); -4539.12 -2.01168 28.3519 13.384 -4556.1
(1,(2,3),((4,6),5)); -4546.84 -1.90868 25.093 13.7538 -4560.09
(1,(2,3),(4,(5,6))); -4543.94 -1.63286 26.6373 12.7678 -4559.44
(1,(2,(4,(5,6))),3); -4538.18 -2.01168 29.8896 13.1914 -4556.89
(1,(2,3),(4,(5,6))); -4548.12 -1.63286 23.3655 12.6486 -4560.47
(1,(2,3),(4,(5,6))); -4542.85 -1.63286 26.6064 12.9485 -4558.14
(1,(2,3),(4,(5,6))); -4537.93 -1.63286 29.0648 13.3519 -4555.28
(1,(2,3),(4,(5,6))); -4539.5 -1.63286 29.2133 13.1657 -4557.18
(1,2,(3,((4,6),5))); -4536 -1.77252 28.265 13.0896 -4552.95
(1,(2,3),(4,(5,6))); -4537.34 -1.63286 29.6519 13.3243 -4555.3
(1,2,(3,(4,(5,6)))); -4536.74 -1.49671 30.4729 12.7094 -4556
(1,(2,3),(4,(5,6))); -4537.42 -1.63286 30.2317 13.4989 -4555.79
(1,(2,3),((4,6),5)); -4542.91 -1.90868 30.0401 13.2847 -4561.57
(1,(2,((4,6),5)),3); -4539.3 -2.28749 30.7077 13.1155 -4559.17
(1,(2,3),(4,(5,6))); -4540.2 -1.63286 29.0901 13.0611 -4557.87
(1,(2,(4,(5,6))),3); -4539.73 -2.01168 29.3711 12.9626 -4558.15
(1,2,(3,(4,(5,6)))); -4542.43 -1.49671 25.777 12.7123 -4556.99
(1,(2,(4,(5,6))),3); -4537.97 -2.01168 31.4738 12.7889 -4558.67
(1,(2,3),(4,(5,6))); -4540.91 -1.63286 26.5399 13.1467 -4555.94
(1,(2,(4,(5,6))),3); -4539.79 -2.01168 29.8041 12.8435 -4558.76
(1,2,(3,((4,6),5))); -4533.9 -1.77252 30.6613 13.0873 -4553.24
(1,(2,3),((4,6),5)); -4564.16 -1.90868 28.9794 11.927 -4583.12
(1,2,(3,(4,(5,6)))); -4535.17 -1.49671 29.0321 13.6963 -4552
(1,(2,3),(4,(5,6))); -4538.87 -1.63286 30.7389 12.9296 -4558.31
(1,(2,((4,6),5)),3); -4539.42 -2.28749 30.0668 13.7152 -4558.06
(1,(2,(4,(5,6))),3); -4540.42 -2.01168 29.1073 12.8183 -4558.72
(1,(2,3),((4,6),5)); -4541.54 -1.90868 31.8963 13.0119 -4562.33
(1,(2,((4,6),5)),3); -4539.23 -2.28749 31.8878 13.1891 -4560.22
(1,(2,3),(4,(5,6))); -4551.36 -1.63286 30.1166 12.6116 -4570.49
(1,(2,3),(4,(5,6))); -4536.39 -1.63286 30.8415 13.1871 -4555.67
(1,2,(3,((4,6),5))); -4534.87 -1.77252 29.3191 13.0102 -4552.95
(1,(2,3),(4,(5,6))); -4537.6 -1.63286 29.0118 13.1718 -4555.07
(1,2,(3,(4,(5,6)))); -4533.68 -1.49671 31.3396 13.0524 -4553.47
(1,2,(3,((4,6),5))); -4538.05 -1.77252 25.8678 13.2031 -4552.49
(1,(2,((4,6),5)),3); -4543.16 -2.28749 31.8121 12.6585 -4564.6
(1,(2,((4,6),5)),3); -4551.81 -2.28749 24.3034 12.2608 -4566.14
(1,(2,3),((4,6),5)); -4541.68 -1.90868 30.7316 13.1217 -4561.2
(1,(2,(4,(5,6))),3); -4542.88 -2.01168 28.8545 12.7212 -4561.02
(1,(2,((4,6),5)),3); -4561.01 -2.28749 29.5278 11.978 -4580.85
(1,(2,((4,6),5)),3); -4547.39 -2.28749 25.994 12.7278 -4562.94
(1,2,(3,((4,6),5))); -4535.84 -1.77252 30.3736 12.8882 -4555.1
(1,(2,(4,(5,6))),3); -4538.7 -2.01168 28.6868 13.0057 -4556.39
(1,2,(3,(4,(5,6)))); -4536.87 -1.49671 28.1535 12.9472 -4553.57
(1,2,(3,(4,(5,6)))); -4534.98 -1.49671 30.0038 13.1384 -4553.34
(1,(2,3),((4,6),5)); -4565.78 -1.90868 27.5938 12.0323 -4583.25
(1,2,(3,((4,6),5))); -4533.18 -1.77252 29.6949 13.6603 -4550.99
(1,(2,3),(4,(5,6))); -4541.39 -1.63286 27.6761 12.9809 -4557.72
(1,(2,3),((4,6),5)); -4545.82 -1.90868 29.9339 12.7576 -4564.91
(1,2,(3,((4,6),5))); -4535.39 -1.77252 30.1372 13.0478 -4554.25
(1,2,(3,(4,(5,6)))); -4534.15 -1.49671 30.9148 13.4244 -4553.14
(1,(2,3),(4,(5,6))); -4535.56 -1.63286 31.3358 13.6303 -4554.9
(1,2,(3,((4,6),5))); -4533.51 -1.77252 28.7781 13.3738 -4550.68
(1,2,(3,((4,6),5))); -4537.69 -1.77252 30.3535 12.9584 -4556.85
(1,(2,((4,6),5)),3); -4541.61 -2.28749 29.1408 13.4149 -4559.62
(1,(2,3),((4,6),5)); -4548.49 -1.90868 24.0365 13.1768 -4561.26
(1,2,(3,(4,(5,6)))); -4538.41 -1.49671 28.5587 12.8341 -4555.63
(1,2,(3,((4,6),5))); -4537.39 -1.77252 30.2526 12.693 -4556.73
(1,(2,((4,6),5)),3); -4550.09 -2.28749 25.0952 12.62 -4564.85
(1,2,(3,((4,6),5))); -4535.75 -1.77252 29.927 12.9813 -4554.47
(1,2,(3,(4,(5,6)))); -4536.59 -1.49671 29.399 12.826 -4554.66
(1,2,(3,((4,6),5))); -4538.62 -1.77252 27.2967 12.9915 -4554.7
(1,2,(3,(4,(5,6)))); -4535.9 -1.49671 28.7584 12.9621 -4553.19
(1,2,(3,((4,6),5))); -4533.7 -1.77252 31.0254 13.1901 -4553.31
(1,2,(3,(4,(5,6)))); -4562.73 -1.49671 25.3659 11.7846 -4577.81
(1,2,(3,(4,(5,6)))); -4534.67 -1.49671 30.5657 13.179 -4553.55
(1,(2,3),(4,(5,6))); -4543.62 -1.63286 26.0476 12.94 -4558.36
(1,2,(3,((4,6),5))); -4536.77 -1.77252 28.6232 12.8878 -4554.28
(1,2,(3,(4,(5,6)))); -4537.05 -1.49671 26.1988 13.5876 -4551.15
(1,2,(3,((4,6),5))); -4537.19 -1.77252 28.3018 13.2964 -4553.97
(1,(2,((4,6),5)),3); -4544.42 -2.28749 28.1776 12.958 -4561.93
(1,(2,((4,6),5)),3); -4540.05 -2.28749 30.6165 13.3646 -4559.59
(1,2,(3,((4,6),5))); -4537.45 -1.77252 27.5532 12.9832 -4553.79
(1,(2,(4,(5,6))),3); -4539.16 -2.01168 29.2424 13.2764 -4557.14
(1,(2,3),((4,6),5)); -4557.46 -1.90868 22.55 12.2468 -4569.67
(1,2,(3,(4,(5,6)))); -4537.86 -1.49671 28.2685 13.1661 -4554.46
(1,2,(3,(4,(5,6)))); -4532.99 -1.49671 31.7921 13.4957 -4552.78
(1,(2,3),((4,6),5)); -4544.17 -1.90868 29.8029 13.2227 -4562.66
(1,(2,(4,(5,6))),3); -4556.05 -2.01168 27.8633 12.2816 -4573.65
(1,2,(3,(4,(5,6)))); -4536.28 -1.49671 28.4067 13.162 -4553.02
(1,2,(3,(4,(5,6)))); -4533.97 -1.49671 31.7738 13.0734 -4554.17
(1,(2,((4,6),5)),3); -4541.3 -2.28749 30.4906 13.1603 -4560.92
(1,(2,(4,(5,6))),3); -4546.2 -2.01168 25.9421 12.8328 -4561.32
(1,2,(3,((4,6),5))); -4536.14 -1.77252 24.911 13.5582 -4549.27
(1,(2,(4,(5,6))),3); -4539.88 -2.01168 28.4411 12.9446 -4557.39
(1,(2,((4,6),5)),3); -4541.45 -2.28749 31.6201 12.7582 -4562.6
(1,2,(3,(4,(5,6)))); -4533.37 -1.49671 29.7689 13.2646 -4551.37
(1,2,(3,((4,6),5))); -4535.24 -1.77252 32.581 13.0171 -4556.58
(1,(2,3),(4,(5,6))); -4535.45 -1.63286 31.9191 13.4146 -4555.59
(1,(2,(4,(5,6))),3); -4540.92 -2.01168 28.0788 12.864 -4558.15
(1,(2,3),((4,6),5)); -4542.21 -1.90868 30.1788 12.9328 -4561.36
(1,(2,3),(4,(5,6))); -4539.14 -1.63286 28.4833 13.3352 -4555.92
(1,(2,(4,(5,6))),3); -4538.83 -2.01168 29.236 13.375 -4556.7
(1,2,(3,(4,(5,6)))); -4535.7 -1.49671 29.2458 13.2101 -4553.23
(1,2,(3,((4,6),5))); -4536.44 -1.77252 29.7949 13.0514 -4554.96
(1,(2,(4,(5,6))),3); -4539.98 -2.01168 29.5383 12.8529 -4558.68
(1,(2,((4,6),5)),3); -4550.68 -2.28749 22.2484 12.114 -4563.1
(1,(2,(4,(5,6))),3); -4541.41 -2.01168 28.4004 13.5264 -4558.29
(1,2,(3,(4,(5,6)))); -4538.59 -1.49671 28.0625 13.0309 -4555.11
(1,(2,3),((4,6),5)); -4545.3 -1.90868 30.7452 13.019 -4564.93
(1,(2,((4,6),5)),3); -4540.2 -2.28749 29.5079 13.4893 -4558.5
(1,(2,((4,6),5)),3); -4541.02 -2.28749 31.037 13.1594 -4561.19
(1,(2,3),((4,6),5)); -4548.59 -1.90868 29.1665 12.5171 -4567.14
(1,(2,3),((4,6),5)); -4543.32 -1.90868 30.9406 13.0177 -4563.15
(1,(2,3),(4,(5,6))); -4543.01 -1.63286 27.9988 12.7824 -4559.86
(1,(2,(4,(5,6))),3); -4546.79 -2.01168 29.4888 12.5851 -4565.7
(1,(2,(4,(5,6))),3); -4541.88 -2.01168 28.4156 13.0935 -4559.21
(1,2,(3,((4,5),6))); -4542.19 -4.6853 30.2683 13.0258 -4564.11
(1,(2,3),(4,(5,6))); -4537.22 -1.63286 31.3298 13.11 -4557.07
(1,2,(3,(4,(5,6)))); -4535.7 -1.49671 28.7479 13.0196 -4552.92
(1,2,(3,((4,6),5))); -4539.59 -1.77252 25.9242 12.7059 -4554.59
(1,(2,3),(4,(5,6))); -4543.88 -1.63286 25.9812 12.8703 -4558.62
(1,2,(3,(4,(5,6)))); -4534.27 -1.49671 29.6882 13.1107 -4552.34
(1,2,(3,((4,6),5))); -4533.76 -1.77252 30.2906 13.3834 -4552.44
(1,2,(3,(4,(5,6)))); -4533.19 -1.49671 31.3809 13.4306 -4552.64
(1,2,(3,(4,(5,6)))); -4534.51 -1.49671 30.6873 12.9701 -4553.73
(1,(2,3),((4,6),5)); -4545.02 -1.90868 27.355 13.0637 -4561.22
(1,2,(3,(4,(5,6)))); -4534.36 -1.49671 30.44 13.1366 -4553.16
(1,(2,3),(4,(5,6))); -4546.41 -1.63286 28.0556 12.5358 -4563.56
(1,(2,3),((4,6),5)); -4559.02 -1.90868 26.1714 12.205 -4574.89
(1,(2,3),((4,6),5)); -4540.9 -1.90868 30.2018 13.3802 -4559.63
(1,(2,((4,6),5)),3); -4543.41 -2.28749 30.0207 12.7826 -4562.93
(1,2,(3,(4,(5,6)))); -4534.19 -1.49671 30.1643 13.1448 -4552.71
(1,(2,3),((4,6),5)); -4550.19 -1.90868 26.193 12.5041 -4565.78
(1,2,(3,(4,(5,6)))); -4533.99 -1.49671 31.007 13.4628 -4553.03
(1,2,(3,((4,6),5))); -4534.52 -1.77252 28.4833 13.3337 -4551.44
(1,(2,3),(4,(5,6))); -4536.88 -1.63286 31.2537 13.2979 -4556.47
(1,(2,((4,6),5)),3); -4547.74 -2.28749 26.6891 12.4857 -4564.23
(1,(2,3),((4,6),5)); -4544.36 -1.90868 29.2418 12.7972 -4562.72
(1,2,(3,(4,(5,6)))); -4533.24 -1.49671 29.8833 13.2021 -4551.42
(1,(2,(4,(5,6))),3); -4543.35 -2.01168 29.2824 12.8392 -4561.8
(1,(2,(4,(5,6))),3); -4541.61 -2.01168 28.5334 12.9545 -4559.2
(1,2,(3,((4,6),5))); -4535.17 -1.77252 31.1524 13.1286 -4554.97
(1,(2,3),((4,6),5)); -4545.01 -1.90868 25.7335 13.0542 -4559.6
(1,(2,3),((4,6),5)); -4542.91 -1.90868 29.2423 13.564 -4560.49
(1,(2,3),((4,6),5)); -4546.14 -1.90868 26.9262 12.9354 -4562.04
(1,(2,3),((4,6),5)); -4541.32 -1.90868 29.3295 13.2758 -4559.28
(1,(2,(4,(5,6))),3); -4536.78 -2.01168 30.6163 13.6758 -4555.73
(1,2,(3,((4,5),6))); -4548.72 -4.6853 24.5906 12.4207 -4565.57
(1,2,(3,((4,6),5))); -4534.88 -1.77252 29.5635 13.4305 -4552.79
(1,2,(3,(4,(5,6)))); -4536.47 -1.49671 27.9352 12.8064 -4553.1
(1,(2,3),(4,(5,6))); -4538.53 -1.63286 28.9919 13.3843 -4555.77
(1,2,(3,(4,(5,6)))); -4537.28 -1.49671 30.7891 12.9038 -4556.66
(1,2,(3,((4,6),5))); -4538.74 -1.77252 27.7616 12.6917 -4555.59
(1,(2,3),((4,6),5)); -4547.08 -1.90868 29.2129 12.8948 -4565.31
(1,2,(3,(4,(5,6)))); -4535.57 -1.49671 29.5358 13.0642 -4553.54
(1,(2,3),(4,(5,6))); -4540.36 -1.63286 27.8923 12.8639 -4557.02
(1,(2,3),((4,6),5)); -4543.86 -1.90868 29.0572 13.3167 -4561.5
(1,(2,(4,(5,6))),3); -4541.05 -2.01168 30.08 12.8714 -4560.27
(1,(2,(4,(5,6))),3); -4538.38 -2.01168 28.1806 13.346 -4555.23
(1,(2,((4,6),5)),3); -4541.79 -2.28749 30.8542 12.7728 -4562.16
(1,2,(3,((4,6),5))); -4543.26 -1.77252 23.8968 12.8993 -4556.03
(1,(2,((4,6),5)),3); -4560.32 -2.28749 29.2478 11.7309 -4580.13
(1,(2,3),(4,(5,6))); -4537.41 -1.63286 30.9334 13.1722 -4556.81
(1,(2,((4,6),5)),3); -4541.79 -2.28749 28.3495 13.2456 -4559.18
(1,(2,(4,(5,6))),3); -4539.12 -2.01168 29.9142 12.8831 -4558.16
(1,(2,((4,5),6)),3); -4549.1 -5.20027 35.1884 12.7538 -4576.73
(1,(2,3),((4,6),5)); -4540.74 -1.90868 30.0096 13.8237 -4558.84
(1,2,(3,(4,(5,6)))); -4535.52 -1.49671 26.6 13.5601 -4550.06
(1,(2,3),((4,6),5)); -4541.78 -1.90868 31.7429 13.1055 -4562.33
(1,(2,3),(4,(5,6))); -4537.61 -1.63286 30.2676 13.6127 -4555.89
(1,2,(3,(4,(5,6)))); -4543.95 -1.49671 27.6455 12.3391 -4560.75
(1,(2,3),((4,6),5)); -4544.04 -1.90868 29.9634 12.8744 -4563.04
(1,2,(3,((4,6),5))); -4542.78 -1.77252 24.4152 13.0561 -4555.91
(1,(2,3),(4,(5,6))); -4546.98 -1.63286 29.6175 12.5433 -4565.68
(1,(2,3),((4,6),5)); -4545.87 -1.90868 28.2972 12.9751 -4563.1
(1,2,(3,((4,6),5))); -4556.89 -1.77252 26.6647 11.9107 -4573.42
(1,(2,3),((4,6),5)); -4547.64 -1.90868 25.6995 12.4709 -4562.77
(1,(2,3),(4,(5,6))); -4537.97 -1.63286 29.2604 13.5195 -4555.35
(1,(2,((4,5),6)),3); -4553.3 -5.20027 33.5667 12.3161 -4579.75
(1,2,(3,((4,6),5))); -4557.05 -1.77252 28.6826 11.7668 -4575.73
(1,2,(3,((4,6),5))); -4538.63 -1.77252 27.5464 12.8844 -4555.06
(1,(2,(4,(5,6))),3); -4544.64 -2.01168 26.3225 12.7006 -4560.28
(1,2,(3,(4,(5,6)))); -4546.63 -1.49671 26.2309 12.3415 -4562.02
(1,(2,3),((4,6),5)); -4540.35 -1.90868 32.8959 13.1961 -4561.96
(1,(2,3),(4,(5,6))); -4535.97 -1.63286 30.3399 13.4438 -4554.5
(1,2,(3,((4,6),5))); -4534.15 -1.77252 29.3052 13.2264 -4552.01
(1,(2,3),(4,(5,6))); -4539.62 -1.63286 28.3638 12.8273 -4556.79
(1,(2,3),(4,(5,6))); -4538.28 -1.63286 30.7652 13.0266 -4557.66
(1,(2,3),(4,(5,6))); -4535.09 -1.63286 30.6485 13.4649 -4553.91
(1,2,(3,(4,(5,6)))); -4538.04 -1.49671 25.3711 13.4219 -4551.49
(1,(2,3),((4,6),5)); -4542.71 -1.90868 30.9822 12.8981 -4562.7
(1,(2,3),((4,6),5)); -4545.99 -1.90868 28.8903 13.117 -4563.68
(1,(2,(4,(5,6))),3); -4538.62 -2.01168 30.5476 13.2295 -4557.95
(1,(2,(4,(5,6))),3); -4557.29 -2.01168 30.7103 11.8833 -4578.13
(1,(2,3),(4,(5,6))); -4539.68 -1.63286 27.3142 13.3295 -4555.29
(1,(2,3),((4,6),5)); -4542.3 -1.90868 30.4349 13.0873 -4561.56
(1,2,(3,((4,6),5))); -4539.11 -1.77252 28.9986 12.8347 -4557.05
(1,2,(3,(4,(5,6)))); -4534.55 -1.49671 30.9955 13.018 -4554.03
(1,(2,3),((4,6),5)); -4541.97 -1.90868 29.7139 13.3745 -4560.22
(1,(2,3),(4,(5,6))); -4538.96 -1.63286 31.2318 12.9778 -4558.85
(1,2,(3,(4,(5,6)))); -4538.55 -1.49671 28.1807 12.8573 -4555.37
(1,2,(3,((4,6),5))); -4535.35 -1.77252 29.3869 13.1058 -4553.4
(1,2,(3,(4,(5,6)))); -4540.6 -1.49671 27.0162 13.1109 -4556
(1,2,(3,(4,(5,6)))); -4561.75 -1.49671 26.9538 11.5628 -4578.64
(1,2,(3,(4,(5,6)))); -4540.02 -1.49671 26.5195 13.338 -4554.7
(1,2,(3,(4,(5,6)))); -4536.94 -1.49671 27.8171 13.2151 -4553.04
(1,2,(3,((4,6),5))); -4534.62 -1.77252 29.8694 13.2476 -4553.02
(1,(2,3),(4,(5,6))); -4537.27 -1.63286 28.9431 13.6574 -4554.18
(1,2,(3,((4,6),5))); -4538.68 -1.77252 29.046 12.7952 -4556.7
(1,(2,3),(4,(5,6))); -4540.52 -1.63286 27.9995 12.7874 -4557.36
(1,2,(3,(4,(5,6)))); -4535.09 -1.49671 29.0948 12.9002 -4552.78
(1,(2,3),(4,(5,6))); -4552.36 -1.63286 30.853 12.3576 -4572.49
(1,(2,3),((4,6),5)); -4548.54 -1.90868 27.9662 12.6133 -4565.81
(1,(2,((4,6),5)),3); -4542.13 -2.28749 30.2992 12.9859 -4561.73
(1,2,(3,(4,(5,6)))); -4532.48 -1.49671 29.2014 13.4629 -4549.71
(1,(2,(4,(5,6))),3); -4545.39 -2.01168 26.0691 12.8601 -4560.61
(1,(2,(4,(5,6))),3); -4537.65 -2.01168 29.9366 13.4305 -4556.17
(1,(2,3),(4,(5,6))); -4538.52 -1.63286 29.3463 13.2843 -4556.21
(1,2,(3,((4,6),5))); -4535.23 -1.77252 28.5206 13.6534 -4551.87
(1,2,(3,(4,(5,6)))); -4537.28 -1.49671 31.1819 12.6351 -4557.32
(1,(2,3),(4,(5,6))); -4545.17 -1.63286 22.6299 13.0003 -4556.44
(1,(2,(4,(5,6))),3); -4545.59 -2.01168 26.4133 12.7533 -4561.26
(1,(2,((4,6),5)),3); -4542.62 -2.28749 27.4548 13.2791 -4559.08
(1,(2,(4,(5,6))),3); -4557.12 -2.01168 28.5739 12.0476 -4575.65
(1,(2,3),(4,(5,6))); -4540.47 -1.63286 29.9661 12.8781 -4559.19
(1,(2,((4,6),5)),3); -4546.09 -2.28749 21.8776 13.1225 -4557.13
(1,(2,(4,(5,6))),3); -4543.39 -2.01168 24.7421 13.1261 -4557.01
(1,2,(3,(4,(5,6)))); -4534.18 -1.49671 27.7825 13.6407 -4549.82
(1,(2,3),(4,(5,6))); -4540.31 -1.63286 27.7013 13.002 -4556.64
(1,2,(3,((4,6),5))); -4543.69 -1.77252 22.8124 12.7986 -4555.47
(1,(2,3),(4,(5,6))); -4538.49 -1.63286 28.5071 13.1463 -4555.48
(1,2,(3,(4,(5,6)))); -4537.94 -1.49671 29.7686 12.8336 -4556.38
(1,(2,((4,6),5)),3); -4543.47 -2.28749 28.7475 13.6028 -4560.9
(1,(2,3),(4,(5,6))); -4537.31 -1.63286 29.8836 13.3642 -4555.46
(1,(2,(4,(5,6))),3); -4539.33 -2.01168 31.9129 12.9121 -4560.34
(1,(2,3),(4,(5,6))); -4537.66 -1.63286 27.1576 13.6698 -4552.78
(1,2,(3,(4,(5,6)))); -4552.14 -1.49671 29.0052 12.3248 -4570.32
(1,(2,3),(4,(5,6))); -4537.8 -1.63286 28.4887 13.1517 -4554.77
(1,2,(3,(4,(5,6)))); -4543.05 -1.49671 27.1064 12.5307 -4559.13
(1,2,(3,(4,(5,6)))); -4545.6 -1.49671 23.0221 12.747 -4557.38
(1,2,(3,(4,(5,6)))); -4534.15 -1.49671 30.1938 13.2456 -4552.6
(1,2,(3,(4,(5,6)))); -4542.05 -1.49671 29.1418 12.4819 -4560.21
(1,2,(3,(4,(5,6)))); -4547.25 -1.49671 32.4497 12.385 -4568.82
(1,2,(3,(4,(5,6)))); -4535.55 -1.49671 28.7599 13.1387 -4552.66
(1,2,(3,(4,(5,6)))); -4533.85 -1.49671 32.3513 12.9277 -4554.77
(1,(2,3),(4,(5,6))); -4537.93 -1.63286 30.5308 13.1556 -4556.94
(1,(2,3),(4,(5,6))); -4541.33 -1.63286 28.4719 13.6008 -4557.84
(1,(2,3),((4,6),5)); -4546.81 -1.90868 30.3312 12.6911 -4566.36
(1,(2,3),(4,(5,6))); -4539.71 -1.63286 25.0673 13.3631 -4553.04
(1,(2,((4,6),5)),3); -4545.49 -2.28749 28.8415 12.6249 -4563.99
(1,2,(3,(4,(5,6)))); -4537.98 -1.49671 28.0182 13.0679 -4554.43
(1,(2,((4,6),5)),3); -4543.55 -2.28749 28.9879 13.1 -4561.72
(1,2,(3,(4,(5,6)))); -4544.12 -1.49671 30.695 12.8656 -4563.44
(1,(2,(4,(5,6))),3); -4536.47 -2.01168 31.4012 13.4326 -4556.45
(1,2,(3,(4,(5,6)))); -4537.03 -1.49671 30.057 12.7272 -4555.85
(1,(2,3),(4,(5,6))); -4547.91 -1.63286 30.323 12.1108 -4567.75
(1,2,(3,((4,6),5))); -4564.1 -1.77252 25.845 11.9829 -4579.73
(1,2,(3,((4,6),5))); -4538.9 -1.77252 25.3511 13.4382 -4552.59
(1,(2,3),((4,6),5)); -4548.3 -1.90868 28.7389 12.8367 -4566.11
(1,(2,((4,6),5)),3); -4544.12 -2.28749 28.4841 12.7749 -4562.11
(1,(2,(4,(5,6))),3); -4539.32 -2.01168 29.9117 12.8402 -4558.4
(1,(2,3),((4,6),5)); -4544.41 -1.90868 27.9593 13.0399 -4561.23
(1,(2,((4,6),5)),3); -4548.57 -2.28749 27.1038 12.5373 -4565.42
(1,2,(3,(4,(5,6)))); -4540.72 -1.49671 27.0869 12.7528 -4556.55
(1,(2,(4,(5,6))),3); -4536.96 -2.01168 31.4979 13.1569 -4557.31
(1,(2,3),(4,(5,6))); -4538.3 -1.63286 30.3105 13.0739 -4557.17
(1,(2,(4,(5,6))),3); -4540.53 -2.01168 28.4041 12.7611 -4558.19
(1,(2,3),((4,6),5)); -4541.3 -1.90868 31.2268 13.058 -4561.38
(1,2,(3,(4,(5,6)))); -4542.96 -1.49671 28.114 12.3304 -4560.24
(1,2,(3,((4,6),5))); -4536.41 -1.77252 28.1849 13.2312 -4553.13
(1,(2,3),(4,(5,6))); -4539.45 -1.63286 27.9446 13.0512 -4555.97
(1,2,(3,(4,(5,6)))); -4536.39 -1.49671 30.2904 12.84 -4555.33
(1,2,(3,(4,(5,6)))); -4534.13 -1.49671 30.7756 13.4484 -4552.95
(1,(2,3),((4,6),5)); -4545.91 -1.90868 28.6047 12.9329 -4563.49
(1,2,(3,(4,(5,6)))); -4537.65 -1.49671 27.3661 12.7494 -4553.76
(1,(2,3),((4,6),5)); -4543.8 -1.90868 30.7426 13.035 -4563.42
(1,2,(3,((4,6),5))); -4532.49 -1.77252 31.5426 13.3961 -4552.41
(1,2,(3,((4,6),5))); -4533.2 -1.77252 29.5697 13.8545 -4550.69
(1,2,(3,((4,6),5))); -4533.54 -1.77252 29.5695 13.6858 -4551.19
(1,(2,3),(4,(5,6))); -4553.76 -1.63286 28.8876 12.1841 -4572.1
(1,2,(3,(4,(5,6)))); -4537.2 -1.49671 28.7129 12.6448 -4554.77
(1,(2,3),(4,(5,6))); -4536.44 -1.63286 31.2166 13.251 -4556.04
(1,(2,(4,(5,6))),3); -4544.41 -2.01168 24.182 12.6375 -4557.96
(1,2,(3,(4,(5,6)))); -4553.87 -1.49671 31.1463 11.9841 -4574.53
(1,(2,(4,(5,6))),3); -4554.37 -2.01168 30.3536 12.0979 -4574.63
(1,(2,3),(4,(5,6))); -4538.81 -1.63286 30.7201 13.1892 -4557.98
(1,(2,3),((4,6),5)); -4543.98 -1.90868 28.8041 13.0111 -4561.68
(1,2,(3,(4,(5,6)))); -4535.38 -1.49671 29.5769 12.9512 -4553.5
(1,(2,3),(4,(5,6))); -4538.73 -1.63286 30.5027 12.9684 -4557.9
(1,(2,3),((4,6),5)); -4543.69 -1.90868 29.7143 13.1225 -4562.19
(1,(2,3),((4,6),5)); -4550.21 -1.90868 27.2665 12.7585 -4566.63
(1,2,(3,(4,(5,6)))); -4533.43 -1.49671 30.2291 13.342 -4551.81
(1,(2,3),((4,6),5)); -4544.52 -1.90868 27.7677 13.4572 -4560.74
(1,(2,(4,(5,6))),3); -4539.12 -2.01168 30.8445 12.917 -4559.06
(1,(2,(4,(5,6))),3); -4540.06 -2.01168 29.8904 12.7761 -4559.19
(1,2,(3,(4,(5,6)))); -4537.51 -1.49671 28.2125 12.8466 -4554.37
(1,2,(3,((4,6),5))); -4534.08 -1.77252 31.4962 13.1066 -4554.24
(1,(2,((4,6),5)),3); -4544.68 -2.28749 28.4783 12.9035 -4562.54
(1,(2,(4,(5,6))),3); -4539.23 -2.01168 30.3236 12.8357 -4558.73
(1,2,(3,((4,6),5))); -4533.65 -1.77252 31.6073 13.1766 -4553.86
(1,(2,3),(4,(5,6))); -4539.49 -1.63286 27.5033 12.9971 -4555.62
(1,(2,3),((4,6),5)); -4540.72 -1.90868 32.2828 13.1991 -4561.71
(1,(2,3),(4,(5,6))); -4536.24 -1.63286 29.6821 13.492 -4554.07
(1,(2,3),((4,6),5)); -4570.16 -1.90868 24.2598 11.484 -4584.85
(1,(2,3),(4,(5,6))); -4535.64 -1.63286 30.7954 13.3021 -4554.77
(1,(2,3),(4,(5,6))); -4537.23 -1.63286 30.3788 13.265 -4555.98
(1,(2,3),((4,6),5)); -4563.34 -1.90868 29.7214 11.8125 -4583.16
(1,(2,3),(4,(5,6))); -4552.81 -1.63286 27.5092 12.6082 -4569.34
(1,2,(3,((4,6),5))); -4540.7 -1.77252 27.1515 12.8351 -4556.79
(1,(2,3),((4,6),5)); -4552.02 -1.90868 21.5512 13.3794 -4562.1
(1,2,(3,((4,6),5))); -4540.38 -1.77252 26.8321 12.5938 -4556.39
(1,(2,(4,(5,6))),3); -4540.1 -2.01168 30.1441 12.6297 -4559.63
(1,(2,3),(4,(5,6))); -4552.19 -1.63286 28.7675 12.5648 -4570.02
(1,2,(3,((4,6),5))); -4536.37 -1.77252 29.8749 12.9233 -4555.1
(1,2,(3,((4,6),5))); -4539.57 -1.77252 29.7578 12.5449 -4558.55
(1,2,(3,(4,(5,6)))); -4532.31 -1.49671 32.4345 13.2948 -4552.95
(1,(2,3),(4,(5,6))); -4534.92 -1.63286 30.2391 13.5504 -4553.24
(1,2,(3,((4,6),5))); -4539.54 -1.77252 27.4044 12.6408 -4556.08
(1,(2,(4,(5,6))),3); -4538 -2.01168 31.0395 13.0403 -4558.01
(1,(2,3),((4,6),5)); -4542.62 -1.90868 29.6263 13.2311 -4560.92
(1,(2,(4,(5,6))),3); -4539.75 -2.01168 28.9957 12.9164 -4557.84
(1,2,(3,(4,(5,6)))); -4540.64 -1.49671 26.1375 13.0284 -4555.25
(1,2,(3,((4,6),5))); -4533.01 -1.77252 28.6553 13.5719 -4549.87
(1,(2,((4,5),6)),3); -4556.34 -5.20027 26.2064 12.4753 -4575.27
(1,2,(3,(4,(5,6)))); -4535.45 -1.49671 28.2895 13.3952 -4551.84
(1,(2,((4,6),5)),3); -4542.31 -2.28749 29.4802 12.8557 -4561.22
(1,(2,(4,(5,6))),3); -4536.63 -2.01168 32.703 13.0346 -4558.31
(1,2,(3,(4,(5,6)))); -4534.96 -1.49671 27.907 13.2023 -4551.16
(1,(2,3),(4,(5,6))); -4542.89 -1.63286 26.3031 13.0211 -4557.8
(1,2,(3,((4,6),5))); -4533.09 -1.77252 30.4861 13.5674 -4551.78
(1,2,(3,(4,(5,6)))); -4533.93 -1.49671 26.2219 13.4022 -4548.25
(1,2,(3,(4,(5,6)))); -4541.88 -1.49671 27.1132 12.6741 -4557.82
(1,(2,3),(4,(5,6))); -4549.18 -1.63286 25.7422 12.302 -4564.25
(1,(2,3),(4,(5,6))); -4546.44 -1.63286 22.2451 13.549 -4556.77
(1,2,(3,(4,(5,6)))); -4532.65 -1.49671 29.1692 13.6709 -4549.64
(1,2,(3,(4,(5,6)))); -4539.16 -1.49671 24.7976 12.937 -4552.51
(1,(2,(4,(5,6))),3); -4538.93 -2.01168 30.7077 12.9456 -4558.7
(1,(2,((4,5),6)),3); -4574.41 -5.20027 26.2171 11.8862 -4593.94
(1,(2,3),(4,(5,6))); -4538.85 -1.63286 29.3793 12.8724 -4556.99
(1,(2,3),(4,(5,6))); -4562.78 -1.63286 29.1716 11.7362 -4581.85
(1,2,(3,((4,6),5))); -4538.14 -1.77252 29.6378 12.5978 -4556.95
(1,(2,3),(4,(5,6))); -4542.63 -1.63286 23.5052 13.7286 -4554.04
(1,2,(3,(4,(5,6)))); -4537.78 -1.49671 30.0344 12.6182 -4556.69
(1,((2,5),3),(4,6)); -4607.75 -8.08641 31.3746 13.067 -4634.14
(1,(2,(4,(5,6))),3); -4542.65 -2.01168 29.2844 12.6349 -4561.31
(1,(2,((4,6),5)),3); -4541.49 -2.28749 29.4034 12.9882 -4560.19
(1,(2,3),((4,6),5)); -4542.33 -1.90868 30.5318 13.3481 -4561.42
(1,2,(3,((4,6),5))); -4537.6 -1.77252 29.4605 13.1255 -4555.71
(1,(2,3),((4,5),6)); -4552.95 -4.82146 26.9842 12.9911 -4571.77
(1,2,(3,(4,(5,6)))); -4535.91 -1.49671 29.4133 13.0877 -4553.74
(1,(2,3),(4,(5,6))); -4537.32 -1.63286 30.7515 13.2177 -4556.49
(1,(2,3),(4,(5,6))); -4545.99 -1.63286 20.8655 13.0618 -4555.43
(1,2,(3,((4,6),5))); -4536.59 -1.77252 29.4706 12.6985 -4555.13
(1,2,(3,(4,(5,6)))); -4535.49 -1.49671 29.5971 13.1041 -4553.48
(1,2,(3,((4,6),5))); -4537.68 -1.77252 27.1861 13.5477 -4553.09
(1,(2,((4,6),5)),3); -4539.89 -2.28749 30.1798 13.2873 -4559.07
(1,2,(3,((4,6),5))); -4537.72 -1.77252 28.0509 13.2151 -4554.33
(1,(2,3),(4,(5,6))); -4547.54 -1.63286 22.8683 13.0046 -4559.04
(1,(2,3),(4,(5,6))); -4536.6 -1.63286 29.8555 13.2853 -4554.8
(1,(2,(4,(5,6))),3); -4536.28 -2.01168 31.8494 13.2641 -4556.88
(1,2,(3,(4,(5,6)))); -4543.25 -1.49671 25.3415 12.6031 -4557.49
(1,(2,(4,(5,6))),3); -4537.01 -2.01168 30.507 13.3439 -4556.18
(1,(2,3),(4,(5,6))); -4542.67 -1.63286 30.3613 12.8205 -4561.85
(1,(2,(4,(5,6))),3); -4539.91 -2.01168 26.6022 13.4117 -4555.12
(1,(2,3),(4,(5,6))); -4542.21 -1.63286 27.3662 12.5392 -4558.67
(1,(2,(4,(5,6))),3); -4538.77 -2.01168 29.8688 12.8868 -4557.76
(1,(2,(4,(5,6))),3); -4536.44 -2.01168 30.9811 13.0824 -4556.35
(1,2,(3,(4,(5,6)))); -4544.86 -1.49671 28.5346 12.8592 -4562.03
(1,(2,3),((4,6),5)); -4553.4 -1.90868 30.5371 12.6471 -4573.2
(1,(2,3),(4,(5,6))); -4542.79 -1.63286 23.8964 13.3612 -4554.96
(1,(2,((4,6),5)),3); -4539.81 -2.28749 28.6893 13.3361 -4557.45
(1,2,(3,(4,(5,6)))); -4546.15 -1.49671 31.0461 12.4051 -4566.29
(1,(2,3),(4,(5,6))); -4544.72 -1.63286 23.388 12.6428 -4557.1
(1,2,(3,(4,(5,6)))); -4532.81 -1.49671 31.8688 13.2862 -4552.89
