tree logl logTop logProp logPrior logWt
(1,2,(3,(4,(5,6)))); -4535.28 -1.51048 31.3284 13.1507 -4554.96
(1,2,(3,(4,(5,6)))); -4538.54 -1.51048 29.0171 12.6072 -4556.46
(1,2,(3,((4,6),5))); -4537.45 -1.77472 27.6937 12.8967 -4554.03
(1,(2,(4,(5,6))),3); -4536.84 -2.00225 29.2157 13.2987 -4554.76
(1,2,(3,((4,6),5))); -4539.54 -1.77472 27.4077 13.1149 -4555.61
(1,2,(3,(4,(5,6)))); -4534.24 -1.51048 27.9496 13.5107 -4550.19
(1,(2,3),(4,(5,6))); -4538.97 -1.64162 29.2367 12.7539 -4557.09
(1,(2,3),(4,(5,6))); -4536.94 -1.64162 30.293 13.153 -4555.73
(1,2,(3,(4,(5,6)))); -4535.16 -1.51048 28.8385 13.3451 -4552.16
(1,(2,(4,(5,6))),3); -4541.46 -2.00225 29.0307 12.815 -4559.68
(1,(2,3),(4,(5,6))); -4539.58 -1.64162 29.8508 12.7226 -4558.35
(1,(2,3),(4,(5,6))); -4538.45 -1.64162 28.2673 13.2781 -4555.08
(1,(2,(4,(5,6))),3); -4538.78 -2.00225 29.9048 12.9861 -4557.7
(1,(2,3),(4,(5,6))); -4537.56 -1.64162 30.8466 13.4808 -4556.57
(1,2,(3,((4,6),5))); -4532.23 -1.77472 31.3116 13.4111 -4551.9
(1,(2,(4,(5,6))),3); -4542.46 -2.00225 26.4978 12.8995 -4558.06
(1,(2,((4,6),5)),3); -4541.89 -2.26649 30.0252 12.9154 -4561.26
(1,(2,3),(4,(5,6))); -4556.68 -1.64162 26.7983 12.0615 -4573.06
(1,(2,3),((4,6),5)); -4547.57 -1.90586 27.2588 12.655 -4564.08
(1,(2,3),((4,6),5)); -4554.13 -1.90586 23.9013 12.5943 -4567.34
(1,2,(3,(4,(5,6)))); -4537.71 -1.51048 28.2804 13.0373 -4554.46
(1,(2,3),(4,(5,6))); -4539.18 -1.64162 28.3395 13.265 -4555.9
(1,(2,(4,(5,6))),3); -4536.48 -2.00225 31.5566 13.1308 -4556.91
(1,(2,3),(4,(5,6))); -4540.21 -1.64162 29.7905 13.1167 -4558.53
(1,2,(3,((4,6),5))); -4538.39 -1.77472 29.1814 12.9064 -4556.44
(1,(2,3),((4,6),5)); -4541.7 -1.90586 31.9642 12.9376 -4562.63
(1,2,(3,((4,5),6))); -4539.91 -4.60865 30.1771 13.0666 -4561.63
(1,2,(3,((4,6),5))); -4534.92 -1.77472 30.1964 13.2141 -4553.67
(1,2,(3,(4,(5,6)))); -4535.6 -1.51048 29.6829 12.9358 -4553.86
(1,(2,3),((4,6),5)); -4545.2 -1.90586 27.2604 13.3764 -4560.99
(1,(2,((4,6),5)),3); -4544.93 -2.26649 27.165 12.993 -4561.37
(1,(2,(4,(5,6))),3); -4563.22 -2.00225 29.5573 11.5783 -4583.2
(1,2,(3,((4,6),5))); -4536.21 -1.77472 26.5879 12.9542 -4551.61
(1,(2,((4,6),5)),3); -4546.77 -2.26649 29.1459 12.4542 -4565.73
(1,2,(3,(4,(5,6)))); -4537.76 -1.51048 28.7426 12.6226 -4555.39
(1,2,(3,(4,(5,6)))); -4537.55 -1.51048 28.9098 13.4083 -4554.57
(1,2,(3,((4,5),6))); -4544.02 -4.60865 29.1267 12.9328 -4564.82
(1,(2,(4,(5,6))),3); -4545.01 -2.00225 21.6607 13.0942 -4555.58
(1,(2,3),(4,(5,6))); -4544.43 -1.64162 25.2012 12.762 -4558.51
(1,2,(3,(4,(5,6)))); -4536.75 -1.51048 28.5664 13.2553 -4553.57
(1,2,(3,((4,6),5))); -4532.47 -1.77472 29.1579 13.7188 -4549.68
(1,2,(3,(4,(5,6)))); -4533.27 -1.51048 31.496 13.2799 -4552.99
(1,2,(3,(4,(5,6)))); -4537.59 -1.51048 30.8673 12.5499 -4557.42
(1,(2,(4,(5,6))),3); -4537.08 -2.00225 27.2689 13.5111 -4552.84
(1,2,(3,((4,6),5))); -4537.28 -1.77472 30.6376 12.6546 -4557.03
(1,(2,((4,6),5)),3); -4540.88 -2.26649 29.226 13.1006 -4559.28
(1,2,(3,((4,6),5))); -4533.49 -1.77472 31.7088 13.1275 -4553.84
(1,2,(3,(4,(5,6)))); -4547.82 -1.51048 20.8761 12.3512 -4557.86
(1,(2,(4,(5,6))),3); -4547.75 -2.00225 29.0818 12.5837 -4566.25
(1,2,(3,((4,5),6))); -4541.77 -4.60865 28.9103 13.2065 -4562.08
(1,2,(3,((4,6),5))); -4534.54 -1.77472 30.1332 13.2079 -4553.24
(1,2,(3,((4,6),5))); -4538.26 -1.77472 26.2994 13.049 -4553.29
(1,(2,3),(4,(5,6))); -4542.25 -1.64162 27.766 12.9721 -4558.69
(1,(2,3),(4,(5,6))); -4539.06 -1.64162 29.8581 13.0935 -4557.46
(1,(2,3),((4,6),5)); -4545.79 -1.90586 30.3752 12.7926 -4565.28
(1,(2,((4,6),5)),3); -4544.31 -2.26649 28.7247 12.8273 -4562.47
(1,(2,3),(4,(5,6))); -4538.39 -1.64162 29.767 13.1184 -4556.68
(1,(2,(4,(5,6))),3); -4539.22 -2.00225 30.0705 13.1305 -4558.16
(1,(2,3),(4,(5,6))); -4552.41 -1.64162 28.8597 12.171 -4570.74
(1,(2,3),(4,(5,6))); -4536.47 -1.64162 31.7279 13.4152 -4556.42
(1,(2,(4,(5,6))),3); -4538.47 -2.00225 30.9802 13 -4558.46
(1,2,(3,(4,(5,6)))); -4533.2 -1.51048 30.8051 13.3367 -4552.18
(1,2,(3,((4,6),5))); -4539.5 -1.77472 27.9093 12.8528 -4556.33
(1,(2,3),(4,(5,6))); -4536.94 -1.64162 31.0212 13.0312 -4556.57
(1,(2,3),((4,6),5)); -4543.79 -1.90586 29.3695 13.114 -4561.95
(1,(2,3),((4,6),5)); -4544.2 -1.90586 28.7868 12.8669 -4562.02
(1,2,(3,(4,(5,6)))); -4552.2 -1.51048 24.938 12.1467 -4566.5
(1,2,(3,(4,(5,6)))); -4534.82 -1.51048 28.7278 13.5419 -4551.51
(1,(2,(4,(5,6))),3); -4540.06 -2.00225 30.5005 12.8055 -4559.75
(1,(2,3),(4,(5,6))); -4539.23 -1.64162 25.7376 13.33 -4553.28
(1,(2,3),((4,6),5)); -4542.97 -1.90586 31.0192 13.1701 -4562.72
(1,(2,3),(4,(5,6))); -4537.36 -1.64162 28.3075 13.3853 -4553.92
(1,(2,3),((4,6),5)); -4544.14 -1.90586 29.2538 13.1391 -4562.16
(1,2,(3,(4,(5,6)))); -4557.62 -1.51048 29.0034 11.9853 -4576.14
(1,2,(3,(4,(5,6)))); -4537.74 -1.51048 29.8999 12.8417 -4556.3
(1,(2,(4,(5,6))),3); -4539.01 -2.00225 29.938 13.334 -4557.61
(1,(2,(4,(5,6))),3); -4537.41 -2.00225 30.7657 13.1407 -4557.03
(1,(2,(4,(5,6))),3); -4538.98 -2.00225 29.3375 12.813 -4557.51
(1,(2,(4,(5,6))),3); -4541.31 -2.00225 26.8462 13.3362 -4556.83
(1,(2,3),((4,6),5)); -4566.09 -1.90586 25.5527 12.0977 -4581.45
(1,2,(3,((4,6),5))); -4535.61 -1.77472 27.5596 13.3399 -4551.61
(1,2,(3,(4,(5,6)))); -4534.98 -1.51048 31.3421 13.0901 -4554.74
(1,2,(3,((4,6),5))); -4546.98 -1.77472 29.8921 12.4019 -4566.24
(1,(2,3),((4,6),5)); -4549.08 -1.90586 28.0996 12.383 -4566.7
(1,(2,(4,(5,6))),3); -4537.68 -2.00225 30.5624 13.791 -4556.46
(1,2,(3,(4,(5,6)))); -4538.45 -1.51048 29.8389 12.5855 -4557.21
(1,(2,3),(4,(5,6))); -4550.57 -1.64162 30.6686 12.1381 -4570.75
(1,(2,((4,6),5)),3); -4538.83 -2.26649 27.909 13.456 -4555.55
(1,(2,3),(4,(5,6))); -4537.44 -1.64162 28.7828 13.4409 -4554.42
(1,(2,((4,5),6)),3); -4549.88 -5.10042 33.4004 12.5444 -4575.83
(1,(2,((4,6),5)),3); -4542.65 -2.26649 27.456 13.0413 -4559.33
(1,(2,3),(4,(5,6))); -4542.5 -1.64162 27.4577 12.9004 -4558.7
(1,(2,3),(4,(5,6))); -4537.13 -1.64162 30.5467 13.427 -4555.89
(1,(2,3),((4,6),5)); -4539.87 -1.90586 30.7726 13.3148 -4559.23
(1,2,(3,((4,6),5))); -4535.29 -1.77472 30.6151 13.0174 -4554.66
(1,2,(3,((4,6),5))); -4546.68 -1.77472 30.582 12.3644 -4566.67
(1,2,(3,((4,6),5))); -4535.5 -1.77472 28.3992 13.0534 -4552.62
(1,(2,3),(4,(5,6))); -4537.13 -1.64162 28.774 13.3686 -4554.18
(1,(2,3),((4,6),5)); -4545.25 -1.90586 27.8213 13.0259 -4561.95
(1,(2,((4,6),5)),3); -4538.56 -2.26649 31.6703 13.2406 -4559.26
(1,(2,3),((4,6),5)); -4556.69 -1.90586 29.9163 12.8171 -4575.7
(1,(2,3),(4,(5,6))); -4539.53 -1.64162 30.3889 13.3409 -4558.22
(1,2,(3,((4,6),5))); -4534.46 -1.77472 29.0738 13.3666 -4551.94
(1,(2,3),(4,(5,6))); -4538.04 -1.64162 30.004 13.0095 -4556.67
(1,2,(3,(4,(5,6)))); -4539.47 -1.51048 28.1167 12.6369 -4556.46
(1,(2,3),((4,6),5)); -4547.27 -1.90586 25.2406 12.6674 -4561.75
(1,(2,(4,(5,6))),3); -4545.16 -2.00225 26.5579 12.3767 -4561.34
(1,2,(3,((4,6),5))); -4537.35 -1.77472 29.101 13.0311 -4555.19
(1,(2,3),(4,(5,6))); -4544.53 -1.64162 27.5089 12.5801 -4561.1
(1,(2,(4,(5,6))),3); -4553.88 -2.00225 18.7228 12.1006 -4562.51
(1,2,(3,((4,6),5))); -4541.64 -1.77472 23.5348 12.885 -4554.06
(1,2,(3,((4,6),5))); -4534.09 -1.77472 27.811 12.9692 -4550.7
(1,(2,3),((4,6),5)); -4544.58 -1.90586 29.0667 12.9184 -4562.63
(1,2,(3,(4,(5,6)))); -4560.42 -1.51048 29.2185 11.7661 -4579.38
(1,(2,(4,(5,6))),3); -4537.92 -2.00225 30.3539 13.0312 -4557.24
(1,(2,(4,(5,6))),3); -4542.24 -2.00225 29.4547 12.5324 -4561.17
(1,(2,(4,(5,6))),3); -4538.72 -2.00225 30.4799 12.8729 -4558.33
(1,(2,3),(4,(5,6))); -4538.46 -1.64162 31.0074 12.7443 -4558.36
(1,(2,3),((4,6),5)); -4543.75 -1.90586 28.1953 12.9961 -4560.86
(1,(2,((4,6),5)),3); -4542.56 -2.26649 27.4508 13.2216 -4559.06
(1,(2,3),((4,5),6)); -4555.79 -4.73979 24.2229 12.2178 -4572.53
(1,2,(3,(4,(5,6)))); -4552.34 -1.51048 29.6698 12.2822 -4571.24
(1,2,(3,((4,6),5))); -4543.06 -1.77472 29.2872 12.2899 -4561.83
(1,2,(3,((4,6),5))); -4548.11 -1.77472 27.4736 12.1002 -4565.26
(1,2,(3,((4,6),5))); -4532.15 -1.77472 29.8968 13.3932 -4550.43
(1,(2,3),((4,6),5)); -4540.45 -1.90586 32.1214 13.5687 -4560.91
(1,2,(3,(4,(5,6)))); -4532.83 -1.51048 32.385 13.0674 -4553.66
(1,(2,3),(4,(5,6))); -4542.37 -1.64162 26.2955 12.8861 -4557.42
(1,(2,3),((4,6),5)); -4547.07 -1.90586 27.4267 12.9316 -4563.47
(1,2,(3,(4,(5,6)))); -4536.12 -1.51048 30.0754 13.0266 -4554.68
(1,(2,3),((4,6),5)); -4550.26 -1.90586 27.4295 12.4336 -4567.16
(1,2,(3,(4,(5,6)))); -4537.85 -1.51048 27.7163 12.7242 -4554.35
(1,(2,3),(4,(5,6))); -4539.81 -1.64162 30.5058 12.9548 -4559
(1,(2,3),(4,(5,6))); -4544.04 -1.64162 27.8266 12.6836 -4560.82
(1,(2,3),((4,6),5)); -4543.85 -1.90586 30.4928 12.9965 -4563.25
(1,(2,((4,5),6)),3); -4550.76 -5.10042 27.4351 12.7722 -4570.53
(1,2,(3,((4,6),5))); -4536.19 -1.77472 31.2059 12.8865 -4556.29
(1,(2,3),((4,6),5)); -4545.29 -1.90586 27.5708 12.8628 -4561.91
(1,(2,((4,6),5)),3); -4540.15 -2.26649 31.2778 13.3275 -4560.36
(1,2,(3,(4,(5,6)))); -4535.51 -1.51048 29.5668 12.9016 -4553.69
(1,(2,(4,(5,6))),3); -4537.9 -2.00225 29.3382 13.66 -4555.58
(1,2,(3,(4,(5,6)))); -4547.45 -1.51048 30.8077 12.0789 -4567.69
(1,(2,(4,(5,6))),3); -4540.7 -2.00225 31.1826 12.7168 -4561.16
(1,(2,((4,5),6)),3); -4547.83 -5.10042 30.4701 13.2981 -4570.1
(1,2,(3,((4,6),5))); -4534.82 -1.77472 29.9262 13.0527 -4553.47
(1,(2,3),((4,6),5)); -4540.32 -1.90586 32.2889 13.126 -4561.39
(1,(2,3),(4,(5,6))); -4537.38 -1.64162 30.369 13.3441 -4556.05
(1,(2,(4,(5,6))),3); -4537.72 -2.00225 28.1798 13.5647 -4554.34
(1,(2,3),((4,6),5)); -4542.76 -1.90586 29.5886 12.9567 -4561.3
(1,(2,((4,5),6)),3); -4548.87 -5.10042 29.0232 13.2809 -4569.72
(1,(2,3),((4,6),5)); -4539.94 -1.90586 30.3798 13.2968 -4558.93
(1,(2,((4,6),5)),3); -4539.15 -2.26649 29.4346 13.7414 -4557.11
(1,(2,3),(4,(5,6))); -4538.62 -1.64162 29.0637 13.0859 -4556.24
(1,(2,3),((4,6),5)); -4566.8 -1.90586 29.1038 11.7383 -4586.07
(1,(2,((4,6),5)),3); -4541.83 -2.26649 30.5424 12.8637 -4561.78
(1,(2,((4,6),5)),3); -4539.62 -2.26649 31.7379 13.1081 -4560.52
(1,2,(3,((4,6),5))); -4536.78 -1.77472 29.4894 12.9066 -4555.14
(1,(2,3),((4,6),5)); -4549.85 -1.90586 28.5446 12.4462 -4567.85
(1,(2,(4,(5,6))),3); -4541.88 -2.00225 28.8115 13.1017 -4559.6
(1,2,(3,(4,(5,6)))); -4535.5 -1.51048 32.229 12.745 -4556.5
(1,(2,((4,6),5)),3); -4539.97 -2.26649 29.4095 13.0902 -4558.55
(1,(2,3),(4,(5,6))); -4539.86 -1.64162 29.317 12.901 -4557.91
(1,(2,3),((4,6),5)); -4541.33 -1.90586 29.8412 13.314 -4559.76
(1,2,(3,(4,(5,6)))); -4535.69 -1.51048 30.8329 12.9623 -4555.07
(1,(2,((4,6),5)),3); -4542.01 -2.26649 30.8236 12.9265 -4562.17
(1,2,(3,(4,(5,6)))); -4538.37 -1.51048 29.3213 12.7933 -4556.41
(1,(2,(4,(5,6))),3); -4541.48 -2.00225 29.1328 12.8475 -4559.77
(1,2,(3,(4,(5,6)))); -4535.26 -1.51048 29.6722 12.912 -4553.53
(1,(2,3),((4,6),5)); -4544 -1.90586 29.5417 12.9579 -4562.49
(1,2,(3,((4,6),5))); -4536.8 -1.77472 29.7969 13.0634 -4555.3
(1,2,(3,((4,6),5))); -4542.25 -1.77472 24.5552 12.8467 -4555.73
(1,2,(3,((4,6),5))); -4533.64 -1.77472 29.4383 13.2636 -4551.59
(1,(2,3),((4,6),5)); -4542.93 -1.90586 29.3926 12.8305 -4561.4
(1,2,(3,(4,(5,6)))); -4537.12 -1.51048 27.7874 12.874 -4553.55
(1,(2,3),((4,6),5)); -4547.02 -1.90586 26.5908 12.8803 -4562.64
(1,2,(3,(4,(5,6)))); -4558.98 -1.51048 29.6166 11.541 -4578.57
(1,(2,((4,6),5)),3); -4554 -2.26649 22.981 12.7358 -4566.52
(1,(2,3),((4,6),5)); -4545.56 -1.90586 29.187 12.9107 -4563.74
(1,(2,3),((4,6),5)); -4552.75 -1.90586 27.4193 12.2143 -4569.87
(1,(2,(4,(5,6))),3); -4537.97 -2.00225 30.5062 13.1484 -4557.33
(1,(2,3),(4,(5,6))); -4540.72 -1.64162 28.9253 12.9545 -4558.33
(1,2,(3,((4,6),5))); -4539.34 -1.77472 25.5179 12.9849 -4553.65
(1,2,(3,(4,(5,6)))); -4555.46 -1.51048 30.6315 12.0795 -4575.52
(1,(2,(4,(5,6))),3); -4540.13 -2.00225 28.6723 12.8608 -4557.94
(1,2,(3,(4,(5,6)))); -4536.28 -1.51048 29.8206 12.922 -4554.69
(1,(2,((4,6),5)),3); -4542.55 -2.26649 31.0236 12.7846 -4563.05
(1,(2,(4,(5,6))),3); -4541.74 -2.00225 28.0632 12.6638 -4559.14
(1,2,(3,((4,6),5))); -4539.91 -1.77472 28.6619 12.6519 -4557.7
(1,2,(3,(4,(5,6)))); -4533.7 -1.51048 31.5265 13.0366 -4553.7
(1,(2,3),(4,(5,6))); -4560.98 -1.64162 27.2949 11.9281 -4577.98
(1,(2,3),((4,6),5)); -4539.78 -1.90586 31.3185 13.2365 -4559.76
(1,2,(3,((4,6),5))); -4539.14 -1.77472 29.594 12.8239 -4557.68
(1,(2,((4,6),5)),3); -4541.27 -2.26649 31.7538 13.0235 -4562.27
(1,(2,3),(4,(5,6))); -4538.04 -1.64162 29.5419 12.8981 -4556.33
(1,(2,(4,(5,6))),3); -4540.21 -2.00225 29.5379 12.8621 -4558.89
(1,2,(3,(4,(5,6)))); -4534.52 -1.51048 29.0957 13.2122 -4551.91
(1,2,(3,((4,6),5))); -4533.74 -1.77472 29.6423 13.206 -4551.95
(1,2,(3,(4,(5,6)))); -4534.82 -1.51048 29.6371 13.0219 -4552.94
(1,(2,3),(4,(5,6))); -4545.36 -1.64162 25.1532 12.7329 -4559.42
(1,(2,(4,(5,6))),3); -4538.2 -2.00225 30.9943 13.0887 -4558.11
(1,(2,((4,6),5)),3); -4539.37 -2.26649 30.5963 13.2025 -4559.03
(1,(2,3),(4,(5,6))); -4538.96 -1.64162 29.9197 13.2708 -4557.25
(1,(2,3),(4,(5,6))); -4540.14 -1.64162 26.6107 13.2205 -4555.17
(1,(2,((4,6),5)),3); -4541.35 -2.26649 31.2523 13.0508 -4561.82
(1,(2,(4,(5,6))),3); -4540.69 -2.00225 27.3682 13.2342 -4556.83
(1,(2,3),(4,(5,6))); -4537.22 -1.64162 30.074 13.4103 -4555.53
(1,(2,((4,6),5)),3); -4550.59 -2.26649 24.2943 12.8443 -4564.3
(1,(2,(4,(5,6))),3); -4537.28 -2.00225 30.8516 13.0709 -4557.06
(1,(2,(4,(5,6))),3); -4542.34 -2.00225 30.4107 12.5482 -4562.2
(1,(2,3),(4,(5,6))); -4537.06 -1.64162 30.1015 13.4552 -4555.34
(1,(2,3),((4,6),5)); -4547.94 -1.90586 27.4621 12.5599 -4564.74
(1,(2,((4,5),6)),3); -4549.43 -5.10042 29.0709 13.1153 -4570.48
(1,(2,3),((4,6),5)); -4542.86 -1.90586 32.1442 12.7659 -4564.14
(1,2,(3,(4,(5,6)))); -4536.17 -1.51048 30.3375 12.9016 -4555.12
(1,(2,((4,5),6)),3); -4547.51 -5.10042 32.1107 13.3275 -4571.39
(1,(2,3),((4,6),5)); -4544.65 -1.90586 26.1209 13.1414 -4559.53
(1,(2,(4,(5,6))),3); -4536.79 -2.00225 30.5056 13.4215 -4555.88
(1,(2,3),(4,(5,6))); -4540.37 -1.64162 29.5389 12.9151 -4558.64
(1,2,(3,((4,6),5))); -4533.24 -1.77472 30.8981 13.0613 -4552.85
(1,2,(3,(4,(5,6)))); -4537.6 -1.51048 29.2153 13.2549 -4555.07
(1,(2,3),((4,6),5)); -4549.36 -1.90586 25.7139 12.869 -4564.11
(1,(2,3),((4,6),5)); -4542.85 -1.90586 27.5947 13.1937 -4559.16
(1,2,(3,((4,6),5))); -4534.12 -1.77472 29.5552 13.097 -4552.35
(1,2,(3,((4,6),5))); -4536.37 -1.77472 30.637 12.987 -4555.79
(1,(2,3),((4,6),5)); -4548.55 -1.90586 28.4917 12.4721 -4566.47
(1,(2,((4,5),6)),3); -4563.89 -5.10042 33.7993 11.934 -4590.86
(1,2,(3,((4,6),5))); -4539.92 -1.77472 28.3643 12.6892 -4557.37
(1,(2,3),((4,6),5)); -4543.07 -1.90586 30.8583 13.2797 -4562.56
(1,2,(3,(4,(5,6)))); -4537.89 -1.51048 30.4529 12.7936 -4557.06
(1,2,(3,((4,5),6))); -4552.08 -4.60865 27.4991 12.9168 -4571.27
(1,2,(3,((4,6),5))); -4545.59 -1.77472 26.8318 12.3584 -4561.83
(1,2,(3,(4,(5,6)))); -4544.63 -1.51048 24.3431 12.5768 -4557.91
(1,(2,3),((4,6),5)); -4545.78 -1.90586 30.4855 12.6206 -4565.55
(1,((2,3),(5,6)),4); -4575.66 -7.41858 28.7373 13.579 -4598.24
(1,(2,3),((4,6),5)); -4548.22 -1.90586 24.1992 12.731 -4561.59
(1,2,(3,(4,(5,6)))); -4544.41 -1.51048 25.9296 12.5789 -4559.27
(1,2,(3,((4,6),5))); -4540.39 -1.77472 28.3076 12.675 -4557.8
(1,2,(3,((4,5),6))); -4557.96 -4.60865 31.0063 12.1108 -4581.47
(1,2,(3,(4,(5,6)))); -4547.19 -1.51048 23.7332 12.5022 -4559.94
(1,2,(3,(4,(5,6)))); -4533.62 -1.51048 29.45 13.2888 -4551.29
(1,2,(3,(4,(5,6)))); -4543.19 -1.51048 26.5593 12.2224 -4559.04
(1,2,(3,((4,6),5))); -4553.5 -1.77472 27.8295 12.2508 -4570.85
(1,(2,3),((4,6),5)); -4548.14 -1.90586 27.6027 12.6083 -4565.04
(1,(2,(4,(5,6))),3); -4539.89 -2.00225 29.0914 13.1438 -4557.84
(1,2,(3,(4,(5,6)))); -4539.96 -1.51048 28.6945 13.0226 -4557.15
(1,(2,(4,(5,6))),3); -4540.23 -2.00225 29.5423 12.7886 -4558.99
(1,(2,3),(4,(5,6))); -4540.03 -1.64162 28.5564 13.0376 -4557.19
(1,2,(3,(4,(5,6)))); -4536.38 -1.51048 29.6501 13.1613 -4554.37
(1,(2,3),((4,6),5)); -4543.24 -1.90586 28.2592 13.2946 -4560.11
(1,2,(3,(4,(5,6)))); -4537.34 -1.51048 29.5852 12.886 -4555.55
(1,(2,(4,(5,6))),3); -4539.64 -2.00225 28.886 13.0863 -4557.44
(1,(2,(4,(5,6))),3); -4539.23 -2.00225 30.6947 12.8156 -4559.11
(1,2,(3,(4,(5,6)))); -4533.86 -1.51048 26.2178 13.5704 -4548.02
(1,(2,(4,(5,6))),3); -4536.7 -2.00225 29.6263 13.2983 -4555.03
(1,(2,3),(4,(5,6))); -4538.19 -1.64162 27.8402 13.4808 -4554.19
(1,(2,3),((4,6),5)); -4546.99 -1.90586 26.1652 12.8267 -4562.24
(1,(2,3),(4,(5,6))); -4539.42 -1.64162 31.2639 12.8361 -4559.49
(1,(2,(4,(5,6))),3); -4536.44 -2.00225 28.5218 13.335 -4553.63
(1,2,(3,(4,(5,6)))); -4534.66 -1.51048 30.4807 13.1226 -4553.53
(1,(2,3),(4,(5,6))); -4539.2 -1.64162 28.8935 13.3791 -4556.36
(1,(2,((4,6),5)),3); -4545.4 -2.26649 29.6283 12.4244 -4564.87
(1,(2,(4,(5,6))),3); -4542.97 -2.00225 29.7054 12.425 -4562.25
(1,2,(3,((4,6),5))); -4533.28 -1.77472 29.7867 13.4049 -4551.44
(1,(2,(4,(5,6))),3); -4542.18 -2.00225 28.6258 13.1772 -4559.63
(1,(2,3),(4,(5,6))); -4547.03 -1.64162 22.607 12.3443 -4558.93
(1,(2,((4,6),5)),3); -4542.56 -2.26649 29.1213 13.0132 -4560.94
(1,2,(3,(4,(5,6)))); -4538.08 -1.51048 27.497 12.9628 -4554.13
(1,(2,3),(4,(5,6))); -4537.78 -1.64162 29.5634 13.4864 -4555.5
(1,2,(3,(4,(5,6)))); -4536.77 -1.51048 29.1347 12.9162 -4554.5
(1,(2,((4,6),5)),3); -4545.85 -2.26649 27.7267 12.6646 -4563.18
(1,(2,3),(4,(5,6))); -4550.77 -1.64162 29.6117 12.2194 -4569.81
(1,(2,3),(4,(5,6))); -4534.91 -1.64162 31.9637 13.4689 -4555.04
(1,(2,((4,6),5)),3); -4542.34 -2.26649 29.3277 12.9475 -4560.99
(1,2,(3,((4,6),5))); -4533.51 -1.77472 31.3532 13.422 -4553.22
(1,(2,((4,6),5)),3); -4547.1 -2.26649 27.0083 12.3123 -4564.06
(1,2,(3,((4,6),5))); -4538.67 -1.77472 30.5952 12.4947 -4558.55
(1,(2,3),((4,6),5)); -4543.19 -1.90586 27.9916 13.0441 -4560.05
(1,2,(3,((4,6),5))); -4534.19 -1.77472 30.982 13.1904 -4553.75
(1,(2,3),(4,(5,6))); -4538.42 -1.64162 28.2475 13.5898 -4554.72
(1,2,(3,((4,6),5))); -4539.19 -1.77472 24.0486 13.0284 -4551.98
(1,(2,3),((4,6),5)); -4549.07 -1.90586 25.4984 12.5935 -4563.88
(1,(2,((4,6),5)),3); -4568.09 -2.26649 29.0254 11.3074 -4588.08
(1,2,(3,(4,(5,6)))); -4532.86 -1.51048 28.4169 13.4849 -4549.31
(1,(2,(4,(5,6))),3); -4538.89 -2.00225 29.8109 12.827 -4557.88
(1,2,(3,(4,(5,6)))); -4538.18 -1.51048 28.6665 12.6127 -4555.75
(1,2,(3,((4,6),5))); -4532.55 -1.77472 32.6898 13.1887 -4553.82
(1,(2,((4,6),5)),3); -4541.59 -2.26649 28.9022 13.1837 -4559.57
(1,(2,3),(4,(5,6))); -4563.6 -1.64162 26.2099 11.985 -4579.46
(1,2,(3,((4,6),5))); -4548.99 -1.77472 30.7317 12.1839 -4569.31
(1,(2,3),(4,(5,6))); -4540.79 -1.64162 28.7329 12.9581 -4558.21
(1,2,((3,6),(4,5))); -4598.13 -9.21034 26.4903 12.6566 -4621.17
(1,(2,3),((4,6),5)); -4542.95 -1.90586 31.0843 12.8732 -4563.07
(1,(2,3),((4,5),6)); -4547.22 -4.73979 30.505 13.0668 -4569.4
(1,2,(3,((4,6),5))); -4537.88 -1.77472 26.2502 13.3037 -4552.6
(1,(2,3),(4,(5,6))); -4535.69 -1.64162 31.5079 13.2793 -4555.56
(1,2,(3,(4,(5,6)))); -4563.86 -1.51048 22.5939 11.7081 -4576.25
(1,(2,3),(4,(5,6))); -4538.22 -1.64162 30.536 13.0461 -4557.35
(1,(2,3),(4,(5,6))); -4537.46 -1.64162 30.6095 12.9626 -4556.75
(1,(2,((4,6),5)),3); -4543.05 -2.26649 22.4715 13.7153 -4554.07
(1,(2,3),((4,6),5)); -4544.39 -1.90586 28.4913 12.8989 -4561.89
(1,(2,3),(4,(5,6))); -4546.78 -1.64162 28.5598 12.6364 -4564.34
(1,(2,3),((4,6),5)); -4546.95 -1.90586 29.1588 12.7162 -4565.3
(1,((2,4),(5,6)),3); -4580.82 -9.21034 30.3688 13.1015 -4607.3
(1,(2,3),((4,6),5)); -4543.92 -1.90586 30.4644 13.1409 -4563.15
(1,(2,(4,(5,6))),3); -4544.98 -2.00225 24.5836 13.2881 -4558.28
(1,(2,(4,(5,6))),3); -4539.74 -2.00225 31.1231 12.9197 -4559.95
(1,(2,3),(4,(5,6))); -4546.68 -1.64162 30.466 12.6041 -4566.19
(1,2,(3,((4,6),5))); -4550.74 -1.77472 29.7342 11.86 -4570.39
(1,(2,3),(4,(5,6))); -4536.61 -1.64162 31.416 13.115 -4556.56
(1,(2,3),(4,(5,6))); -4538.22 -1.64162 28.433 13.3937 -4554.9
(1,(2,3),(4,(5,6))); -4538.2 -1.64162 30.6684 13.2916 -4557.22
(1,(2,3),(4,(5,6))); -4538.11 -1.64162 29.6222 13.3931 -4555.98
(1,(2,3),((4,6),5)); -4558.2 -1.90586 31.0528 11.9611 -4579.2
(1,2,(3,((4,6),5))); -4533.67 -1.77472 30.3232 13.2568 -4552.51
(1,2,(3,((4,6),5))); -4534.29 -1.77472 29.6336 13.4893 -4552.21
(1,(2,3),((4,6),5)); -4545.1 -1.90586 26.4031 13.3006 -4560.11
(1,(2,3),((4,6),5)); -4542.68 -1.90586 30.3893 13.158 -4561.82
(1,2,(3,(4,(5,6)))); -4536.21 -1.51048 29.0684 13.0128 -4553.78
(1,(2,3),(4,(5,6))); -4536.34 -1.64162 31.6176 13.053 -4556.54
(1,(2,3),(4,(5,6))); -4537.94 -1.64162 30.3345 13.2874 -4556.63
(1,2,(3,(4,(5,6)))); -4531.88 -1.51048 30.1647 13.3941 -4550.16
(1,(2,3),(4,(5,6))); -4540.47 -1.64162 26.8471 13.2284 -4555.73
(1,(2,3),(4,(5,6))); -4545.76 -1.64162 23.8308 12.9119 -4558.32
(1,2,(3,(4,(5,6)))); -4536.81 -1.51048 25.5248 13.4248 -4550.42
(1,(2,3),(4,(5,6))); -4542.77 -1.64162 28.272 12.5211 -4560.16
(1,2,(3,(4,(5,6)))); -4535.32 -1.51048 28.1943 13.3075 -4551.71
(1,(2,3),(4,(5,6))); -4547.03 -1.64162 23.0513 12.8887 -4558.83
(1,(2,3),(4,(5,6))); -4540.62 -1.64162 27.5779 13.3105 -4556.52
(1,2,(3,((4,5),6))); -4544.39 -4.60865 28.583 12.7982 -4564.79
(1,(2,3),(4,(5,6))); -4537.84 -1.64162 30.8365 12.9545 -4557.36
(1,(2,(4,(5,6))),3); -4538.04 -2.00225 30.1205 12.8929 -4557.27
(1,(2,3),(4,(5,6))); -4539.05 -1.64162 28.956 13.3442 -4556.3
(1,(2,(4,(5,6))),3); -4540.86 -2.00225 30.2531 12.6059 -4560.51
(1,(2,(4,(5,6))),3); -4539.84 -2.00225 30.0981 12.6422 -4559.3
(1,(2,(4,(5,6))),3); -4541.44 -2.00225 26.6918 13.3618 -4556.77
(1,2,(3,((4,6),5))); -4534.51 -1.77472 31.4951 12.9738 -4554.81
(1,2,(3,(4,(5,6)))); -4535.56 -1.51048 28.7585 13.114 -4552.72
(1,(2,((4,6),5)),3); -4539.26 -2.26649 32.1057 13.0937 -4560.54
(1,2,(3,(4,(5,6)))); -4536.77 -1.51048 29.6575 12.7463 -4555.19
(1,2,(3,((4,6),5))); -4539.84 -1.77472 27.686 13.1012 -4556.2
(1,2,(3,(4,(5,6)))); -4534.48 -1.51048 30.4648 13.1113 -4553.34
(1,(2,((4,6),5)),3); -4539.04 -2.26649 30.3999 13.0684 -4558.64
(1,2,(3,(4,(5,6)))); -4535.16 -1.51048 30.2385 13.0361 -4553.88
(1,2,(3,(4,(5,6)))); -4537.44 -1.51048 27.9128 12.6873 -4554.17
(1,(2,3),(4,(5,6))); -4535.49 -1.64162 30.4396 13.3477 -4554.23
(1,(2,3),(4,(5,6))); -4540.12 -1.64162 27.6199 12.805 -4556.57
(1,(2,(4,(5,6))),3); -4535.08 -2.00225 31.0539 13.4082 -4554.73
(1,(2,3),((4,5),6)); -4549.51 -4.73979 27.8939 12.9589 -4569.19
(1,2,(3,((4,6),5))); -4537.01 -1.77472 30.3256 12.8077 -4556.3
(1,(2,(4,(5,6))),3); -4557.62 -2.00225 25.8309 11.7683 -4573.69
(1,(2,3),(4,(5,6))); -4539.2 -1.64162 28.622 13.0166 -4556.45
(1,2,(3,(4,(5,6)))); -4537.45 -1.51048 30.4825 12.895 -4556.55
(1,(2,3),((4,6),5)); -4544.59 -1.90586 31.6297 12.6309 -4565.5
(1,(2,3),(4,(5,6))); -4537.54 -1.64162 30.0935 13.3857 -4555.89
(1,(2,3),(4,(5,6))); -4542.14 -1.64162 25.6769 13.3482 -4556.11
(1,(2,3),((4,6),5)); -4544.41 -1.90586 27.8958 12.9704 -4561.24
(1,2,(3,(4,(5,6)))); -4540.02 -1.51048 28.2332 12.4944 -4557.27
(1,(2,3),((4,6),5)); -4544.7 -1.90586 25.1547 13.8152 -4557.95
(1,2,(3,((4,6),5))); -4544.61 -1.77472 31.151 12.6649 -4564.87
(1,(2,(4,(5,6))),3); -4544.05 -2.00225 28.2846 12.6786 -4561.66
(1,(2,3),(4,(5,6))); -4541.53 -1.64162 28.1635 12.8638 -4558.47
(1,(2,((4,6),5)),3); -4556.14 -2.26649 27.0624 12.2834 -4573.19
(1,(2,((4,6),5)),3); -4567.73 -2.26649 28.3969 11.7561 -4586.64
(1,2,(3,((4,6),5))); -4540.32 -1.77472 26.777 12.7485 -4556.12
(1,(2,3),(4,(5,6))); -4553.05 -1.64162 28.3534 12.1951 -4570.85
(1,2,(3,((4,5),6))); -4544.13 -4.60865 30.573 12.4236 -4566.89
(1,(2,(4,(5,6))),3); -4538.37 -2.00225 25.6046 13.5163 -4552.46
(1,2,(3,(4,(5,6)))); -4539.9 -1.51048 27.8957 12.7354 -4556.57
(1,(2,3),((4,6),5)); -4542.62 -1.90586 29.4765 13.5943 -4560.4
(1,2,(3,((4,6),5))); -4539.97 -1.77472 24.6695 12.9217 -4553.49
(1,2,(3,(4,(5,6)))); -4536.15 -1.51048 30.4781 13.0984 -4555.04
(1,2,(3,(4,(5,6)))); -4535.24 -1.51048 30.4938 12.9113 -4554.33
(1,2,(3,(4,(5,6)))); -4534.12 -1.51048 31.4929 13.0229 -4554.1
(1,2,(3,((4,6),5))); -4534.08 -1.77472 29.3822 13.435 -4551.8
(1,(2,3),(4,(5,6))); -4557.39 -1.64162 25.827 12.1839 -4572.67
(1,(2,3),((4,6),5)); -4542.49 -1.90586 31.4739 12.9375 -4562.93
(1,2,(3,(4,(5,6)))); -4541.85 -1.51048 28.7473 12.4277 -4559.68
(1,2,(3,((4,6),5))); -4535.8 -1.77472 29.0204 13.0168 -4553.58
(1,(2,3),(4,(5,6))); -4536.41 -1.64162 31.2061 13.0553 -4556.2
(1,2,(3,((4,6),5))); -4537.41 -1.77472 28.5722 12.8961 -4554.86
(1,2,(3,(4,(5,6)))); -4540.18 -1.51048 27.9657 12.6998 -4556.96
(1,2,(3,(4,(5,6)))); -4539.6 -1.51048 21.1436 13.221 -4549.03
(1,2,(3,(4,(5,6)))); -4539.21 -1.51048 31.1763 12.8718 -4559.02
(1,(2,((4,6),5)),3); -4543.13 -2.26649 30.2087 12.8203 -4562.79
(1,(2,3),(4,(5,6))); -4542.55 -1.64162 30.3616 12.6565 -4561.9
(1,(2,((4,6),5)),3); -4541.81 -2.26649 30.2764 13.0223 -4561.33
(1,2,(3,(4,(5,6)))); -4535.91 -1.51048 20.7243 13.6882 -4544.46
(1,2,(3,(4,(5,6)))); -4540.42 -1.51048 27.9287 12.5419 -4557.31
(1,(2,3),((4,6),5)); -4547.44 -1.90586 26.5473 12.9743 -4562.92
(1,(2,3),((4,6),5)); -4543.96 -1.90586 30.9511 13.1162 -4563.7
(1,(2,(4,(5,6))),3); -4538.51 -2.00225 30.815 12.871 -4558.46
(1,(2,3),(4,(5,6))); -4538.44 -1.64162 30.0408 13.299 -4556.82
(1,(2,((4,6),5)),3); -4543.49 -2.26649 29.2079 12.8277 -4562.14
(1,(2,3),((4,6),5)); -4542.23 -1.90586 32.2054 13.1941 -4563.15
(1,(2,3),((4,6),5)); -4546.22 -1.90586 28.0429 12.5926 -4563.58
(1,2,(3,(4,(5,6)))); -4534.43 -1.51048 31.2064 13.1009 -4554.04
(1,(2,3),((4,6),5)); -4541.54 -1.90586 29.8816 13.0682 -4560.26
(1,2,(3,(4,(5,6)))); -4538.3 -1.51048 26.781 12.834 -4553.76
(1,2,(3,((4,6),5))); -4552.87 -1.77472 27.8878 11.9166 -4570.61
(1,2,(3,(4,(5,6)))); -4534.3 -1.51048 29.7595 13.0738 -4552.5
(1,2,(3,((4,6),5))); -4544.97 -1.77472 26.3202 12.515 -4560.55
(1,(2,3),((4,6),5)); -4549.99 -1.90586 27.9836 12.6555 -4567.22
(1,(2,((4,6),5)),3); -4541.81 -2.26649 31.5519 13.1667 -4562.46
(1,(2,3),((4,6),5)); -4542.27 -1.90586 31.6178 13.0533 -4562.74
(1,(2,3),(4,(5,6))); -4539.83 -1.64162 27.0187 12.8724 -4555.62
(1,2,(3,(4,(5,6)))); -4538.21 -1.51048 29.8262 12.9584 -4556.59
(1,2,(3,(4,(5,6)))); -4533.27 -1.51048 31.5428 13.5484 -4552.78
(1,(2,3),((4,6),5)); -4543.28 -1.90586 28.0785 13.627 -4559.64
(1,(2,3),((4,6),5)); -4546.02 -1.90586 26.467 13.2659 -4561.13
(1,2,(3,(4,(5,6)))); -4537.68 -1.51048 28.2739 12.9939 -4554.47
(1,2,(3,(4,(5,6)))); -4533.37 -1.51048 30.4001 13.2493 -4552.03
(1,(2,3),(4,(5,6))); -4535.41 -1.64162 30.0522 13.4703 -4553.63
(1,(2,3),(4,(5,6))); -4538.2 -1.64162 29.1986 13.1793 -4555.86
(1,(2,3),(4,(5,6))); -4544.84 -1.64162 26.0518 13.2528 -4559.28
(1,(2,3),(4,(5,6))); -4536.63 -1.64162 28.8917 13.4778 -4553.68
(1,2,(3,(4,(5,6)))); -4536.21 -1.51048 27.9316 13.4611 -4552.19
(1,2,(3,((4,6),5))); -4535.54 -1.77472 30.1469 12.8876 -4554.57
(1,(2,3),(4,(5,6))); -4539.17 -1.64162 28.7164 13.0827 -4556.44
(1,(2,((4,6),5)),3); -4538.46 -2.26649 32.4271 13.3439 -4559.81
(1,2,(3,((4,6),5))); -4538.34 -1.77472 29.8033 12.7589 -4557.16
(1,(2,3),(4,(5,6))); -4540.99 -1.64162 29.1597 12.7881 -4559.01
(1,(2,3),((4,5),6)); -4547.75 -4.73979 30.5862 13.0848 -4569.99
(1,(2,(4,(5,6))),3); -4540.5 -2.00225 28.7925 12.8813 -4558.42
(1,(2,3),(4,(5,6))); -4539.7 -1.64162 28.5609 13.0749 -4556.83
(1,(2,(4,(5,6))),3); -4540.44 -2.00225 29.298 12.7784 -4558.96
(1,2,(3,(4,(5,6)))); -4537.28 -1.51048 28.5748 12.8638 -4554.5
(1,2,(3,((4,6),5))); -4534.69 -1.77472 28.6648 13.5817 -4551.54
(1,2,(3,(4,(5,6)))); -4561.09 -1.51048 28.7291 11.824 -4579.51
(1,2,(3,(4,(5,6)))); -4537.79 -1.51048 26.707 12.7239 -4553.28
(1,(2,((4,6),5)),3); -4542.2 -2.26649 27.4167 13.2006 -4558.68
(1,(2,3),((4,6),5)); -4543.4 -1.90586 30.8844 13.1329 -4563.05
(1,2,(3,((4,6),5))); -4536.66 -1.77472 29.9393 13.0997 -4555.28
(1,(2,((4,6),5)),3); -4541.96 -2.26649 29.9372 12.9614 -4561.2
(1,(2,(4,(5,6))),3); -4560.05 -2.00225 27.9663 11.817 -4578.2
(1,2,(3,(4,(5,6)))); -4536.22 -1.51048 29.2003 12.9033 -4554.03
(1,(2,(4,(5,6))),3); -4540.19 -2.00225 27.2404 12.6 -4556.83
(1,(2,(4,(5,6))),3); -4539.53 -2.00225 28.4693 13.1185 -4556.88
(1,2,(3,(4,(5,6)))); -4535.89 -1.51048 27.0816 13.4013 -4551.08
(1,2,(3,(4,(5,6)))); -4540.42 -1.51048 26.2185 12.8553 -4555.3
(1,(2,(4,(5,6))),3); -4542.95 -2.00225 27.6977 12.7052 -4559.95
(1,(2,(4,(5,6))),3); -4541.59 -2.00225 26.7995 12.9279 -4557.47
(1,(2,(4,(5,6))),3); -4539.16 -2.00225 31.7939 12.6969 -4560.26
(1,(2,3),(4,(5,6))); -4538.63 -1.64162 29.162 13.405 -4556.02
(1,2,(3,((4,6),5))); -4534.08 -1.77472 32.1442 12.8755 -4555.12
(1,(2,3),(4,(5,6))); -4536.02 -1.64162 31.2322 13.4821 -4555.41
(1,(2,3),((4,6),5)); -4546.15 -1.90586 27.7493 13.0328 -4562.77
(1,(2,3),((4,6),5)); -4542.46 -1.90586 29.333 13.6647 -4560.04
(1,2,(3,((4,6),5))); -4536.32 -1.77472 28.1855 13.5027 -4552.78
(1,2,(3,(4,(5,6)))); -4545.58 -1.51048 27.2927 12.6479 -4561.74
(1,(2,((4,6),5)),3); -4540.9 -2.26649 30.9811 13.433 -4560.71
(1,(2,((4,6),5)),3); -4544.29 -2.26649 29.7564 12.7497 -4563.56
(1,(2,3),(4,(5,6))); -4536.09 -1.64162 30.1584 13.6219 -4554.27
(1,(2,3),(4,(5,6))); -4541.82 -1.64162 26.6518 12.9183 -4557.2
(1,(2,(4,(5,6))),3); -4537.9 -2.00225 27.3411 13.1654 -4554.08
(1,2,(3,((4,5),6))); -4541 -4.60865 29.1553 13.4599 -4561.3
(1,(2,3),(4,(5,6))); -4546.89 -1.64162 23.5442 13.0443 -4559.03
(1,2,(3,((4,6),5))); -4536.84 -1.77472 30.6234 12.704 -4556.53
(1,(2,3),((4,6),5)); -4545.92 -1.90586 29.6728 13.1443 -4564.35
(1,(2,((4,5),6)),3); -4552.7 -5.10042 24.4758 12.8766 -4569.4
(1,(2,3),((4,6),5)); -4546.05 -1.90586 30.4041 12.5928 -4565.77
(1,2,(3,((4,6),5))); -4537.16 -1.77472 30.0129 12.8551 -4556.09
(1,(2,3),(4,(5,6))); -4542.1 -1.64162 25.7223 12.7416 -4556.72
(1,(2,(4,(5,6))),3); -4540.45 -2.00225 26.8549 13.6068 -4555.7
(1,2,(3,(4,(5,6)))); -4533.88 -1.51048 28.0772 13.3146 -4550.15
(1,(2,((4,6),5)),3); -4543.11 -2.26649 29.8017 12.8981 -4562.28
(1,(2,(4,(5,6))),3); -4537.19 -2.00225 31.2542 13.1277 -4557.32
(1,(2,(4,(5,6))),3); -4552.56 -2.00225 29.9579 12.1592 -4572.36
(1,(2,3),(4,(5,6))); -4544.98 -1.64162 23.9347 12.6694 -4557.89
(1,(2,3),((4,5),6)); -4547.42 -4.73979 30.2541 13.2906 -4569.13
(1,2,(3,(4,(5,6)))); -4536.8 -1.51048 27.5556 13.6331 -4552.23
(1,(2,3),((4,6),5)); -4543.7 -1.90586 28.6742 13.3846 -4560.9
(1,(2,((4,6),5)),3); -4542.21 -2.26649 30.4954 12.7216 -4562.25
(1,(2,3),(4,(5,6))); -4537.92 -1.64162 30.3257 13.4307 -4556.46
(1,2,(3,((4,6),5))); -4534.58 -1.77472 30.6689 13.0369 -4553.98
(1,(2,(4,(5,6))),3); -4539.98 -2.00225 28.8864 12.8791 -4557.99
(1,(2,3),(4,(5,6))); -4539.64 -1.64162 29.333 12.8912 -4557.72
(1,2,(3,(4,(5,6)))); -4538.52 -1.51048 28.136 13.0806 -4555.09
(1,(2,3),(4,(5,6))); -4540.11 -1.64162 30.1807 12.8926 -4559.04
(1,2,(3,((4,6),5))); -4537.79 -1.77472 28.319 12.9444 -4554.94
(1,2,((3,(5,6)),4)); -4575.64 -7.26443 28.8927 12.9129 -4598.88
(1,2,(3,(4,(5,6)))); -4536.85 -1.51048 26.5824 12.9772 -4551.97
(1,2,(3,(4,(5,6)))); -4544.62 -1.51048 24.6343 12.6442 -4558.12
(1,2,(3,(4,(5,6)))); -4536.04 -1.51048 31.5485 12.8689 -4556.23
(1,(2,(4,(5,6))),3); -4543.79 -2.00225 27.7713 12.5391 -4561.03
(1,(2,3),((4,6),5)); -4549.44 -1.90586 25.4057 12.6858 -4564.07
(1,2,(3,((4,6),5))); -4543.79 -1.77472 24.666 12.4091 -4557.82
(1,2,(3,(4,(5,6)))); -4542.06 -1.51048 27.1132 12.3266 -4558.36
(1,(2,3),((4,6),5)); -4546.22 -1.90586 31.1413 12.7052 -4566.57
(1,2,(3,(4,(5,6)))); -4540.06 -1.51048 24.4904 13.2393 -4552.82
(1,2,(3,((4,6),5))); -4535.85 -1.77472 28.6023 13.3629 -4552.86
(1,(2,3),((4,6),5)); -4546.5 -1.90586 27.7764 12.8429 -4563.34
(1,(2,3),(4,(5,6))); -4544.51 -1.64162 24.481 12.8304 -4557.81
(1,(2,3),((4,6),5)); -4544.31 -1.90586 29.5609 13.3805 -4562.39
(1,(2,3),(4,(5,6))); -4539.02 -1.64162 30.4314 12.8098 -4558.28
(1,(2,3),(4,(5,6))); -4540.49 -1.64162 26.9204 12.8768 -4556.17
(1,(2,(4,(5,6))),3); -4561.88 -2.00225 30.2616 11.6367 -4582.5
(1,2,(3,(4,(5,6)))); -4534.12 -1.51048 31.2872 13.6874 -4553.23
(1,2,(3,(4,(5,6)))); -4538.58 -1.51048 26.8756 12.8133 -4554.15
(1,(2,3),(4,(5,6))); -4540.73 -1.64162 26.5121 12.8133 -4556.07
(1,2,(3,(4,(5,6)))); -4537.6 -1.51048 27.6766 13.2031 -4553.58
(1,2,(3,((4,6),5))); -4533.27 -1.77472 31.6546 13.2234 -4553.47
(1,(2,3),(4,(5,6))); -4557.16 -1.64162 27.1977 11.9654 -4574.03
(1,2,(3,(4,(5,6)))); -4540.27 -1.51048 25.5404 12.5813 -4554.74
(1,(2,3),((4,6),5)); -4561.38 -1.90586 29.5616 12.3025 -4580.54
(1,2,(3,(4,(5,6)))); -4537.43 -1.51048 29.8949 12.9583 -4555.88
(1,(2,3),(4,(5,6))); -4536.94 -1.64162 30.3671 13.4255 -4555.52
(1,2,(3,(4,(5,6)))); -4552.28 -1.51048 25.3427 12.5663 -4566.57
(1,(2,(4,(5,6))),3); -4541.64 -2.00225 27.728 12.8464 -4558.53
(1,2,(3,((4,6),5))); -4537.08 -1.77472 29.276 12.9662 -4555.17
(1,(2,3),(4,(5,6))); -4536.54 -1.64162 30.9452 13.242 -4555.88
(1,2,(3,((4,6),5))); -4542.89 -1.77472 25.1046 13.0844 -4556.68
(1,(2,3),(4,(5,6))); -4539.88 -1.64162 29.2685 13.2252 -4557.56
(1,(2,3),(4,(5,6))); -4555.57 -1.64162 28.2936 12.1849 -4573.32
(1,(2,(4,(5,6))),3); -4544.14 -2.00225 27.505 12.542 -4561.11
(1,2,(3,(4,(5,6)))); -4536.23 -1.51048 31.7657 12.8248 -4556.68
(1,(2,3),((4,6),5)); -4545.9 -1.90586 27.3877 13.1462 -4562.05
(1,2,(3,((4,6),5))); -4544.43 -1.77472 24.3329 13.0173 -4557.52
(1,2,(3,(4,(5,6)))); -4559.11 -1.51048 30.0834 11.7788 -4578.93
(1,(2,(4,(5,6))),3); -4536.24 -2.00225 30.4064 13.3287 -4555.32
(1,2,(3,(4,(5,6)))); -4534.64 -1.51048 27.5083 13.2805 -4550.38
(1,(2,3),(4,(5,6))); -4548.81 -1.64162 29.8446 12.0952 -4568.2
(1,(2,3),((4,6),5)); -4546.71 -1.90586 27.0571 12.6905 -4562.98
(1,(2,(4,(5,6))),3); -4541.23 -2.00225 28.1976 13.2045 -4558.22
(1,(2,((4,6),5)),3); -4540.31 -2.26649 29.6042 13.8144 -4558.37
(1,2,((3,(5,6)),4)); -4575 -7.26443 30.651 13.4381 -4599.48
(1,(2,(4,(5,6))),3); -4543.32 -2.00225 21.4278 13.6368 -4553.11
(1,2,(3,((4,6),5))); -4535.32 -1.77472 31.6347 12.7685 -4555.96
(1,(2,((4,6),5)),3); -4561.58 -2.26649 29.8646 11.7593 -4581.95
(1,(2,((4,6),5)),3); -4539.12 -2.26649 32.2802 13.0501 -4560.62
(1,2,(3,((4,5),6))); -4562.56 -4.60865 28.1892 12.146 -4583.22
(1,2,(3,((4,6),5))); -4536.57 -1.77472 29.2482 13.2591 -4554.34
(1,(2,(4,(5,6))),3); -4543.34 -2.00225 25.3139 12.847 -4557.81
(1,(2,(4,(5,6))),3); -4536.49 -2.00225 31.0516 13.044 -4556.5
(1,(2,3),((4,6),5)); -4547.11 -1.90586 28.5954 12.6998 -4564.91
(1,(2,3),((4,6),5)); -4541.29 -1.90586 29.5529 13.2631 -4559.48
(1,2,(3,((4,6),5))); -4531.21 -1.77472 32.5199 13.4486 -4552.05
(1,2,(3,((4,5),6))); -4542.48 -4.60865 28.7796 13.1249 -4562.74
(1,(2,3),(4,(5,6))); -4541.09 -1.64162 28.3915 12.7038 -4558.42
(1,(2,3),(4,(5,6))); -4538.98 -1.64162 28.5639 13.0003 -4556.19
(1,2,(3,(4,(5,6)))); -4536.19 -1.51048 29.886 13.1233 -4554.47
(1,(2,((4,6),5)),3); -4542.77 -2.26649 29.2834 13.0786 -4561.24
(1,2,(3,(4,(5,6)))); -4538.15 -1.51048 28.5734 12.6889 -4555.55
(1,(2,3),(4,(5,6))); -4536.53 -1.64162 31.9393 13.1147 -4557
(1,(2,3),(4,(5,6))); -4539.06 -1.64162 28.8623 13.2682 -4556.3
(1,(2,3),((4,6),5)); -4544.73 -1.90586 29.2784 13.0889 -4562.83
(1,(2,((4,6),5)),3); -4540.5 -2.26649 32.1906 12.9145 -4562.04
(1,(2,(4,(5,6))),3); -4542.88 -2.00225 25.9421 12.9386 -4557.89
(1,(2,3),((4,6),5)); -4542.26 -1.90586 31.3533 13.1889 -4562.33
(1,2,(3,(4,(5,6)))); -4537.04 -1.51048 27.7492 13.1019 -4553.2
(1,2,(3,(4,(5,6)))); -4538.61 -1.51048 30.5856 12.5098 -4558.2
(1,2,(3,(4,(5,6)))); -4538.8 -1.51048 27.1918 12.942 -4554.56
(1,(2,(4,(5,6))),3); -4547.39 -2.00225 23.5876 12.213 -4560.77
(1,(2,3),(4,(5,6))); -4536.77 -1.64162 31.5963 13.1282 -4556.88
(1,(2,3),((4,6),5)); -4542.66 -1.90586 31.0825 13.1044 -4562.54
(1,(2,3),(4,(5,6))); -4551.73 -1.64162 27.3551 12.2602 -4568.47
(1,2,(3,(4,(5,6)))); -4536.85 -1.51048 27.8523 12.9606 -4553.25
(1,2,(3,((4,6),5))); -4535.02 -1.77472 30.1127 12.9328 -4553.98
(1,2,(3,((4,6),5))); -4537.49 -1.77472 28.2146 13.4171 -4554.06
(1,(2,3),(4,(5,6))); -4540.06 -1.64162 29.0806 12.7743 -4558.01
(1,(2,((4,6),5)),3); -4539.16 -2.26649 30.7582 13.1482 -4559.04
(1,(2,((4,6),5)),3); -4546.95 -2.26649 25.5931 13.0075 -4561.8
(1,(2,3),((4,6),5)); -4542.29 -1.90586 31.3964 13.0422 -4562.55
(1,2,(3,(4,(5,6)))); -4544.09 -1.51048 24.9378 12.6993 -4557.83
(1,2,(3,((4,6),5))); -4531.93 -1.77472 31.0992 13.4556 -4551.35
(1,(2,3),(4,(5,6))); -4539.38 -1.64162 28.4215 13.1382 -4556.31
(1,2,(3,(4,(5,6)))); -4543.64 -1.51048 25.2581 12.269 -4558.14
(1,(2,3),((4,6),5)); -4550.34 -1.90586 25.591 12.7736 -4565.06
(1,(2,((4,6),5)),3); -4542.19 -2.26649 28.8673 13.2007 -4560.12
(1,(2,3),((4,6),5)); -4545.63 -1.90586 27.9628 12.8308 -4562.67
(1,(2,3),(4,(5,6))); -4538.93 -1.64162 29.8356 13.0454 -4557.37
(1,(2,3),(4,(5,6))); -4541.61 -1.64162 25.1728 13.2293 -4555.2
(1,(2,((4,6),5)),3); -4567.15 -2.26649 27.0801 11.7147 -4584.78
(1,(2,3),((4,6),5)); -4543.97 -1.90586 30.6067 12.6961 -4563.78
(1,(2,(4,(5,6))),3); -4538.6 -2.00225 27.1284 13.1621 -4554.57
(1,2,(3,(4,(5,6)))); -4539.69 -1.51048 27.9542 13.0403 -4556.12
(1,(2,(4,(5,6))),3); -4537.38 -2.00225 31.8138 13.1738 -4558.02
(1,2,(3,((4,6),5))); -4534.82 -1.77472 31.065 13.2603 -4554.4
(1,2,(3,((4,6),5))); -4534.44 -1.77472 31.7995 13.1767 -4554.84
(1,(2,((4,6),5)),3); -4540.12 -2.26649 30.459 13.2346 -4559.61
(1,(2,3),(4,(5,6))); -4538.88 -1.64162 30.1986 13.0767 -4557.65
(1,(2,3),((4,6),5)); -4544.54 -1.90586 28.3301 13.0428 -4561.74
(1,2,(3,(4,(5,6)))); -4538.73 -1.51048 26.61 13.1282 -4553.72
(1,2,(3,(4,(5,6)))); -4544.61 -1.51048 24.6643 12.62 -4558.16
(1,2,(3,(4,(5,6)))); -4537.32 -1.51048 27.7989 13.223 -4553.41
(1,2,(3,((4,6),5))); -4539.07 -1.77472 27.1161 13.059 -4554.9
(1,2,(3,(4,(5,6)))); -4538.91 -1.51048 29.7155 13.0972 -4557.03
(1,2,(3,(4,(5,6)))); -4537.02 -1.51048 29.6185 12.681 -4555.47
(1,(2,(4,(5,6))),3); -4549.03 -2.00225 21.8524 12.7205 -4560.17
(1,(2,(4,(5,6))),3); -4540.48 -2.00225 26.1376 13.5395 -4555.08
(1,2,(3,((4,6),5))); -4563.47 -1.77472 27.14 11.8295 -4580.56
(1,(2,((4,6),5)),3); -4547.17 -2.26649 26.913 12.8419 -4563.5
(1,(2,3),(4,(5,6))); -4535.47 -1.64162 32.3837 13.5491 -4555.94
(1,2,(3,(4,(5,6)))); -4536.84 -1.51048 28.6797 12.9334 -4554.1
(1,(2,3),((4,6),5)); -4543.94 -1.90586 30.5081 12.9072 -4563.45
(1,(2,((4,6),5)),3); -4542.41 -2.26649 29.4161 13.0507 -4561.04
(1,(2,3),(4,(5,6))); -4550.77 -1.64162 29.8138 12.1796 -4570.04
(1,2,(3,(4,(5,6)))); -4541.9 -1.51048 25.8145 12.4533 -4556.78
(1,2,(3,((4,5),6))); -4541.74 -4.60865 30.5442 13.0059 -4563.89
(1,2,(3,((4,6),5))); -4531.42 -1.77472 32.1405 13.5524 -4551.79
(1,(2,3),((4,6),5)); -4541.12 -1.90586 31.5868 13.0491 -4561.56
(1,(2,3),(4,(5,6))); -4540.23 -1.64162 27.1784 13.5267 -4555.52
(1,2,(3,((4,6),5))); -4539.61 -1.77472 30.0177 12.7471 -4558.66
(1,(2,3),((4,6),5)); -4546.52 -1.90586 29.0614 12.853 -4564.63
(1,(2,(4,(5,6))),3); -4539.75 -2.00225 28.5447 13.1393 -4557.16
(1,(2,3),((4,6),5)); -4540.39 -1.90586 31.6176 13.2197 -4560.7
(1,2,(3,(4,(5,6)))); -4558.65 -1.51048 24.4445 11.6846 -4572.92
(1,(2,(4,(5,6))),3); -4537.79 -2.00225 30.4615 13.195 -4557.06
(1,2,(3,(4,(5,6)))); -4536.36 -1.51048 31.4237 12.7461 -4556.55
(1,2,(3,((4,6),5))); -4534.14 -1.77472 30.1074 13.6436 -4552.38
(1,(2,3),(4,(5,6))); -4546.29 -1.64162 18.61 13.026 -4553.51
(1,(2,3),(4,(5,6))); -4541.61 -1.64162 29.9815 12.8201 -4560.41
(1,2,(3,((4,6),5))); -4534.23 -1.77472 28.5189 13.2955 -4551.23
(1,2,(3,((4,6),5))); -4537.14 -1.77472 30.2963 12.8432 -4556.36
(1,(2,(4,(5,6))),3); -4543.64 -2.00225 26.5157 12.7621 -4559.39
(1,(2,3),(4,(5,6))); -4537.74 -1.64162 30.7755 13.0326 -4557.13
(1,2,(3,((4,6),5))); -4540.27 -1.77472 25.101 12.886 -4554.26
(1,(2,3),(4,(5,6))); -4540.29 -1.64162 25.249 13.0848 -4554.09
(1,(2,((4,6),5)),3); -4540.29 -2.26649 27.9932 13.9139 -4556.64
(1,(2,((4,6),5)),3); -4557.19 -2.26649 29.3694 12.1939 -4576.63
(1,2,(3,((4,5),6))); -4540.83 -4.60865 29.1886 13.271 -4561.36
(1,2,(3,(4,(5,6)))); -4535.81 -1.51048 31.0086 13.087 -4555.24
(1,2,(3,(4,(5,6)))); -4535.73 -1.51048 30.2381 12.9371 -4554.54
(1,2,(3,(4,(5,6)))); -4540.89 -1.51048 28.6875 12.6365 -4558.46
(1,(2,3),(4,(5,6))); -4537.87 -1.64162 31.7885 13.0467 -4558.26
(1,(2,3),((4,6),5)); -4541.7 -1.90586 31.8277 13.2211 -4562.21
(1,(2,3),(4,(5,6))); -4537.82 -1.64162 32.3678 12.9846 -4558.84
(1,(2,3),((4,6),5)); -4544.03 -1.90586 29.0785 13.102 -4561.91
(1,(2,(4,(5,6))),3); -4540.62 -2.00225 29.5496 12.833 -4559.34
(1,(2,3),((4,6),5)); -4541.06 -1.90586 30.5481 13.3972 -4560.12
(1,(2,3),((4,6),5)); -4540.91 -1.90586 30.2879 13.4224 -4559.68
(1,(2,3),(4,(5,6))); -4548.26 -1.64162 23.9422 12.4092 -4561.43
(1,(2,3),(4,(5,6))); -4539.09 -1.64162 29.7524 13.1804 -4557.3
(1,(2,((4,6),5)),3); -4539.2 -2.26649 31.5807 13.3535 -4559.69
(1,(2,3),(4,(5,6))); -4557.14 -1.64162 28.9669 12.163 -4575.59
(1,(2,3),((4,6),5)); -4542.6 -1.90586 30.3559 13.6704 -4561.19
(1,2,(3,(4,(5,6)))); -4540.5 -1.51048 29.7437 12.6125 -4559.15
(1,(2,3),(4,(5,6))); -4536.69 -1.64162 31.0599 13.6116 -4555.78
(1,(2,3),((4,5),6)); -4546.16 -4.73979 31.4359 13.1342 -4569.2
(1,(2,3),((4,6),5)); -4541.92 -1.90586 30.9782 13.5853 -4561.22
(1,(2,3),(4,(5,6))); -4541.71 -1.64162 29.459 12.8023 -4560.01
(1,(2,(4,(5,6))),3); -4543.12 -2.00225 26.0547 12.8226 -4558.36
(1,2,(3,(4,(5,6)))); -4537.57 -1.51048 24.209 13.2779 -4550.01
(1,(2,3),((4,6),5)); -4546.44 -1.90586 29.4395 12.7767 -4565.01
(1,2,(3,(4,(5,6)))); -4539.86 -1.51048 24.878 13.3236 -4552.92
(1,((2,5),(4,6)),3); -4586.94 -7.1309 27.8449 12.8847 -4609.03
(1,(2,3),(4,(5,6))); -4547.17 -1.64162 25.5802 12.4736 -4561.92
(1,(2,3),((4,6),5)); -4544.8 -1.90586 30.4932 13.1795 -4564.01
(1,(2,(4,(5,6))),3); -4539.5 -2.00225 29.199 13.17 -4557.53
(1,(2,3),((4,5),6)); -4548.73 -4.73979 30.2149 12.8745 -4570.81
(1,2,(3,((4,6),5))); -4537.29 -1.77472 30.8786 12.6981 -4557.25
(1,(2,3),(4,(5,6))); -4552.78 -1.64162 26.5589 12.7828 -4568.2
(1,2,(3,((4,6),5))); -4533.6 -1.77472 30.8579 13.3951 -4552.84
(1,(2,3),((4,6),5)); -4544.54 -1.90586 28.8651 12.9595 -4562.36
(1,(2,(4,(5,6))),3); -4536.95 -2.00225 30.4653 13.1351 -4556.28
(1,2,(3,((4,6),5))); -4532.43 -1.77472 30.2455 13.2237 -4551.23
(1,(2,(4,(5,6))),3); -4545.49 -2.00225 28.482 12.3417 -4563.63
(1,(2,(4,(5,6))),3); -4538.91 -2.00225 27.4643 13.1664 -4555.21
(1,2,(3,(4,(5,6)))); -4536.78 -1.51048 29.1997 13.1403 -4554.35
(1,2,(3,(4,(5,6)))); -4533.46 -1.51048 30.4839 13.2053 -4552.25
(1,2,(3,(4,(5,6)))); -4540.82 -1.51048 28.6676 12.3694 -4558.63
(1,2,(3,((4,6),5))); -4538.51 -1.77472 28.9532 12.7894 -4556.45
(1,2,(3,((4,6),5))); -4533.05 -1.77472 31.0779 13.1319 -4552.77
(1,(2,3),(4,(5,6))); -4540.59 -1.64162 28.9383 13.1803 -4557.99
(1,2,(3,(4,(5,6)))); -4534.51 -1.51048 28.1497 13.3968 -4550.77
(1,(2,3),(4,(5,6))); -4539.18 -1.64162 31.4543 12.7424 -4559.53
(1,(2,3),((4,6),5)); -4543.18 -1.90586 31.1084 13.2063 -4562.99
(1,(2,3),(4,(5,6))); -4543.77 -1.64162 27.4621 12.8246 -4560.05
(1,(2,((4,6),5)),3); -4551.02 -2.26649 26.2469 12.3151 -4567.21
(1,2,(3,((4,6),5))); -4536.15 -1.77472 29.553 12.9706 -4554.51
(1,(2,(4,(5,6))),3); -4538.78 -2.00225 29.9726 12.854 -4557.9
(1,(2,(4,(5,6))),3); -4540.42 -2.00225 30.0291 12.5251 -4559.93
(1,2,(3,(4,(5,6)))); -4539.84 -1.51048 29.9869 12.5073 -4558.84
(1,(2,(4,(5,6))),3); -4543.87 -2.00225 22.879 12.8654 -4555.88
(1,(2,3),(4,(5,6))); -4550.53 -1.64162 31.0579 12.3412 -4570.89
(1,2,(3,(4,(5,6)))); -4540.17 -1.51048 27.6632 12.9651 -4556.38
(1,2,(3,(4,(5,6)))); -4538.91 -1.51048 27.4342 12.8901 -4554.97
(1,(2,(4,(5,6))),3); -4536.99 -2.00225 31.0573 13.2273 -4556.83
(1,2,(3,(4,(5,6)))); -4532.61 -1.51048 31.7907 13.3969 -4552.52
(1,2,(3,(4,(5,6)))); -4535.29 -1.51048 30.8028 12.8486 -4554.75
(1,(2,3),(4,(5,6))); -4542.3 -1.64162 26.7499 12.7146 -4557.98
(1,(2,(4,(5,6))),3); -4545.46 -2.00225 25.3581 12.4931 -4560.33
(1,(2,3),((4,6),5)); -4541.8 -1.90586 27.9343 13.7983 -4557.84
(1,2,(3,(4,(5,6)))); -4534.34 -1.51048 27.0052 14.1301 -4548.72
(1,(2,3),(4,(5,6))); -4539.87 -1.64162 30.0807 12.8365 -4558.76
(1,(2,(4,(5,6))),3); -4540.49 -2.00225 30.6334 12.8861 -4560.24
(1,2,(3,(4,(5,6)))); -4533.07 -1.51048 30.6845 13.1038 -4552.16
(1,(2,3),((4,6),5)); -4541.43 -1.90586 31.2569 13.1628 -4561.43
(1,(2,(4,(5,6))),3); -4540.19 -2.00225 30.2861 12.9559 -4559.52
(1,(2,3),(4,(5,6))); -4542.98 -1.64162 26.5476 13.2511 -4557.92
(1,(2,((4,6),5)),3); -4549.26 -2.26649 26.0816 12.5073 -4565.1
(1,2,(3,(4,(5,6)))); -4535.43 -1.51048 29.0954 13.7764 -4552.26
(1,(2,(4,(5,6))),3); -4537.95 -2.00225 30.2072 13.0793 -4557.08
(1,(2,(4,(5,6))),3); -4544.89 -2.00225 28.2665 12.264 -4562.9
(1,(2,3),((4,6),5)); -4545.16 -1.90586 29.8189 12.7452 -4564.14
(1,(2,3),((4,6),5)); -4545.93 -1.90586 29.3031 13.2236 -4563.92
(1,2,(3,((4,6),5))); -4536.41 -1.77472 25.4808 14.0186 -4549.64
(1,(2,3),((4,6),5)); -4546.39 -1.90586 27.9514 12.7105 -4563.53
(1,2,(3,(4,(5,6)))); -4540.92 -1.51048 28.8308 12.629 -4558.63
(1,(2,((4,6),5)),3); -4542.53 -2.26649 30.6041 12.8077 -4562.59
(1,(2,(4,(5,6))),3); -4541.65 -2.00225 28.1498 13.0393 -4558.76
(1,2,(3,(4,(5,6)))); -4536.39 -1.51048 30.7814 12.9605 -4555.72
(1,(2,3),((4,6),5)); -4544.53 -1.90586 29.3994 12.83 -4563
(1,2,(3,((4,6),5))); -4535.7 -1.77472 31.1038 12.8007 -4555.78
(1,2,(3,((4,6),5))); -4534.22 -1.77472 29.5989 13.232 -4552.36
(1,(2,3),(4,(5,6))); -4538.66 -1.64162 28.8543 13.3865 -4555.77
(1,(2,(4,(5,6))),3); -4546.3 -2.00225 26.3065 12.9293 -4561.68
(1,(2,(4,(5,6))),3); -4539.12 -2.00225 27.7474 13.469 -4555.4
(1,(2,(4,(5,6))),3); -4538.07 -2.00225 29.6934 13.0108 -4556.76
(1,(2,3),(4,(5,6))); -4548.75 -1.64162 20.467 12.5538 -4558.3
(1,(2,3),(4,(5,6))); -4539.49 -1.64162 27.3415 13.1812 -4555.29
(1,2,(3,(4,(5,6)))); -4538.51 -1.51048 27.6011 12.8814 -4554.74
(1,(2,3),((4,6),5)); -4544.65 -1.90586 31.5369 12.6709 -4565.43
(1,2,(3,((4,6),5))); -4537.12 -1.77472 30.1461 13.2192 -4555.82
(1,(2,((4,6),5)),3); -4553.18 -2.26649 31.1128 12.0285 -4574.54
(1,(2,(4,(5,6))),3); -4540.72 -2.00225 28.9743 12.7938 -4558.91
(1,(2,((4,6),5)),3); -4544.42 -2.26649 29.265 12.5925 -4563.35
(1,2,(3,((4,5),6))); -4539.12 -4.60865 32.8482 13.2277 -4563.35
(1,2,(3,(4,(5,6)))); -4533.08 -1.51048 30.8612 13.2623 -4552.19
(1,2,(3,(4,(5,6)))); -4533.76 -1.51048 30.0215 13.3903 -4551.91
(1,(2,((4,6),5)),3); -4543.69 -2.26649 28.4995 12.8519 -4561.6
(1,2,(3,(4,(5,6)))); -4534.81 -1.51048 30.4785 13.1697 -4553.63
(1,(2,(4,(5,6))),3); -4549.86 -2.00225 30.4032 12.3899 -4569.88
(1,2,(3,((4,6),5))); -4537.34 -1.77472 28.0045 13.2628 -4553.85
(1,2,(3,(4,(5,6)))); -4538.9 -1.51048 28.3586 12.8895 -4555.88
(1,2,(3,((4,6),5))); -4536.62 -1.77472 27.444 13.1816 -4552.66
(1,(2,((4,6),5)),3); -4540.82 -2.26649 28.4285 13.035 -4558.48
(1,(2,3),((4,6),5)); -4541.34 -1.90586 30.643 13.3327 -4560.55
(1,(2,3),((4,6),5)); -4541.7 -1.90586 31.4867 13.2499 -4561.85
(1,2,(3,((4,6),5))); -4570.38 -1.77472 24.618 11.2614 -4585.51
(1,(2,3),((4,6),5)); -4542.88 -1.90586 30.7772 13.1479 -4562.42
(1,2,(3,(4,(5,6)))); -4549.47 -1.51048 28.7556 12.3604 -4567.37
(1,(2,3),(4,(5,6))); -4536.92 -1.64162 30.179 13.3197 -4555.42
(1,(2,(4,(5,6))),3); -4538.67 -2.00225 28.6889 13.1562 -4556.21
(1,(2,3),((4,6),5)); -4541.72 -1.90586 31.856 13.0454 -4562.43
(1,2,(3,((4,6),5))); -4537.88 -1.77472 29.2971 12.8463 -4556.11
(1,2,(3,((4,6),5))); -4536.35 -1.77472 30.7143 13.0087 -4555.83
(1,2,(3,((4,6),5))); -4537.86 -1.77472 28.8277 12.9963 -4555.47
(1,2,(3,(4,(5,6)))); -4533.51 -1.51048 28.3765 13.464 -4549.93
(1,2,(3,(4,(5,6)))); -4534.93 -1.51048 28.631 13.4458 -4551.63
(1,(2,3),(4,(5,6))); -4537.79 -1.64162 30.9383 13.1677 -4557.2
(1,2,(3,(4,(5,6)))); -4534.9 -1.51048 29.4608 12.9017 -4552.97
(1,2,(3,(4,(5,6)))); -4562.98 -1.51048 28.6172 11.7401 -4581.37
(1,(2,3),(4,(5,6))); -4538.85 -1.64162 29.5963 13.0581 -4557.03
(1,(2,(4,(5,6))),3); -4537.2 -2.00225 29.8122 13.1966 -4555.81
(1,(2,3),(4,(5,6))); -4546.78 -1.64162 24.171 12.4508 -4560.14
(1,(2,((4,6),5)),3); -4544.92 -2.26649 28.1165 12.6357 -4562.67
(1,(2,(4,(5,6))),3); -4544.33 -2.00225 27.6352 12.6934 -4561.27
(1,2,(3,((4,6),5))); -4537.06 -1.77472 28.1753 13.322 -4553.69
(1,(2,3),((4,6),5)); -4558.68 -1.90586 28.3019 12.2564 -4576.63
(1,(2,(4,(5,6))),3); -4538.55 -2.00225 29.4382 13.0016 -4556.99
(1,(2,(4,(5,6))),3); -4542.7 -2.00225 29.4213 12.6108 -4561.51
(1,(2,((4,6),5)),3); -4539.25 -2.26649 30.7697 13.3095 -4558.98
(1,(2,(4,(5,6))),3); -4538.37 -2.00225 26.0953 13.5519 -4552.91
(1,(2,3),(4,(5,6))); -4539.33 -1.64162 30.6466 12.7553 -4558.86
(1,(2,((4,6),5)),3); -4540.64 -2.26649 30.063 13.2442 -4559.73
(1,(2,3),((4,5),6)); -4546.73 -4.73979 32.8395 13.0719 -4571.24
(1,2,(3,(4,(5,6)))); -4534.73 -1.51048 29.3214 13.0946 -4552.46
(1,(2,3),(4,(5,6))); -4536.73 -1.64162 31.7359 13.2188 -4556.89
(1,2,(3,(4,(5,6)))); -4535.91 -1.51048 31.7717 12.7084 -4556.48
(1,2,(3,((4,6),5))); -4535.73 -1.77472 29.3827 13.7625 -4553.13
(1,2,(3,(4,(5,6)))); -4549.76 -1.51048 29.4986 12.1409 -4568.63
(1,2,(3,((4,6),5))); -4556.51 -1.77472 30.7757 11.6512 -4577.4
(1,2,(3,((4,6),5))); -4535.28 -1.77472 28.7777 13.3984 -4552.43
(1,(2,3),((4,6),5)); -4565.52 -1.90586 26.0781 12.072 -4581.43
(1,(2,(4,(5,6))),3); -4536.52 -2.00225 31.0512 13.1369 -4556.44
(1,2,(3,((4,5),6))); -4544.42 -4.60865 44.7826 12.6665 -4581.15
(1,(2,3),((4,6),5)); -4543.77 -1.90586 30.0787 13.0683 -4562.68
(1,2,(3,((4,6),5))); -4539.53 -1.77472 27.302 12.6458 -4555.96
(1,2,(3,(4,(5,6)))); -4542.05 -1.51048 28.1559 12.4805 -4559.24
(1,(2,3),((4,6),5)); -4540.9 -1.90586 31.5141 13.1279 -4561.2
(1,2,(3,(4,(5,6)))); -4540.41 -1.51048 28.3525 12.9686 -4557.3
(1,(2,3),(4,(5,6))); -4536.64 -1.64162 30.3137 13.1284 -4555.47
(1,2,(3,(4,(5,6)))); -4536.31 -1.51048 27.1826 12.888 -4552.12
(1,(2,((4,6),5)),3); -4555.95 -2.26649 30.007 12.0226 -4576.2
(1,2,(3,(4,(5,6)))); -4535.63 -1.51048 29.0382 13.0654 -4553.11
(1,2,(3,(4,(5,6)))); -4537.98 -1.51048 28.2157 12.8464 -4554.86
(1,2,(3,(4,(5,6)))); -4543.36 -1.51048 26.6837 12.5757 -4558.98
(1,(2,3),((4,6),5)); -4544.7 -1.90586 27.1268 13.1979 -4560.53
(1,(2,3),((4,6),5)); -4544.85 -1.90586 26.1804 12.9215 -4560.02
(1,(2,3),((4,6),5)); -4548.09 -1.90586 26.4863 12.7383 -4563.75
(1,(2,3),((4,6),5)); -4545.12 -1.90586 27.098 13.511 -4560.61
(1,2,(3,((4,6),5))); -4534.76 -1.77472 29.365 12.9438 -4552.96
(1,(2,((4,6),5)),3); -4540.77 -2.26649 29.337 13.2236 -4559.15
(1,(2,3),(4,(5,6))); -4545.24 -1.64162 23.7997 12.805 -4557.88
(1,2,(3,(4,(5,6)))); -4537.51 -1.51048 28.5418 12.9532 -4554.61
(1,2,(3,(4,(5,6)))); -4566.65 -1.51048 27.8468 11.6323 -4584.38
(1,2,(3,((4,6),5))); -4538.3 -1.77472 28.76 12.7794 -4556.05
(1,2,(3,((4,6),5))); -4539.22 -1.77472 27.4177 12.7922 -4555.62
(1,2,(3,((4,6),5))); -4535.41 -1.77472 29.4551 12.8641 -4553.78
(1,2,(3,((4,6),5))); -4542.02 -1.77472 26.1036 12.7912 -4557.1
(1,(2,3),(4,(5,6))); -4558.33 -1.64162 24.2183 12.8601 -4571.33
(1,2,(3,(4,(5,6)))); -4538.69 -1.51048 30.2564 12.5845 -4557.88
(1,(2,(4,(5,6))),3); -4535.55 -2.00225 30.9919 13.2227 -4555.32
(1,(2,((4,6),5)),3); -4540.48 -2.26649 30.4612 13.0811 -4560.12
(1,2,(3,((4,6),5))); -4539.42 -1.77472 29.6049 12.6254 -4558.18
(1,(2,(4,(5,6))),3); -4542.4 -2.00225 26.2801 12.9854 -4557.7
(1,2,(3,(4,(5,6)))); -4533.17 -1.51048 30.5498 13.2484 -4551.98
(1,(2,((4,6),5)),3); -4542.7 -2.26649 31.152 12.7318 -4563.39
(1,(2,3),((4,6),5)); -4551.67 -1.90586 27.4615 12.47 -4568.57
(1,(2,((4,6),5)),3); -4538.87 -2.26649 31.266 13.2728 -4559.13
(1,(2,3),(4,(5,6))); -4539.96 -1.64162 29.1585 12.9308 -4557.83
(1,(2,3),(4,(5,6))); -4543.02 -1.64162 28.5337 12.5512 -4560.65
(1,(2,3),(4,(5,6))); -4541.47 -1.64162 26.5411 12.6175 -4557.03
(1,(2,((4,6),5)),3); -4543.44 -2.26649 29.8108 13.2357 -4562.28
(1,(2,3),(4,(5,6))); -4538.79 -1.64162 29.8023 13.1283 -4557.11
(1,2,(3,((4,5),6))); -4541.99 -4.60865 31.0634 12.6638 -4564.99
(1,(2,3),(4,(5,6))); -4537.12 -1.64162 29.2649 13.7147 -4554.31
(1,2,(3,(4,(5,6)))); -4533.75 -1.51048 30.7513 13.3856 -4552.63
(1,(2,((4,6),5)),3); -4544.53 -2.26649 28.1901 12.8069 -4562.18
(1,(2,((4,6),5)),3); -4550.65 -2.26649 22.091 12.7827 -4562.23
(1,2,(3,(4,(5,6)))); -4540.59 -1.51048 26.3763 13.0421 -4555.44
(1,(2,3),((4,6),5)); -4540.84 -1.90586 31.4889 13.2377 -4561
(1,2,(3,((4,6),5))); -4534.21 -1.77472 29.965 13.3055 -4552.64
(1,2,(3,((4,6),5))); -4537.38 -1.77472 26.6644 13.6339 -4552.19
(1,(2,(4,(5,6))),3); -4541.61 -2.00225 26.605 13.2669 -4556.95
(1,2,(3,(4,(5,6)))); -4533.58 -1.51048 29.3387 13.6788 -4550.75
(1,(2,3),(4,(5,6))); -4542.16 -1.64162 27.6085 12.7097 -4558.7
(1,2,(3,((4,5),6))); -4543.11 -4.60865 30.5637 12.6568 -4565.62
(1,2,(3,(4,(5,6)))); -4536.77 -1.51048 29.8616 13.0126 -4555.13
(1,(2,3),((4,6),5)); -4542.71 -1.90586 29.6866 13.0141 -4561.29
(1,2,(3,(4,(5,6)))); -4533.52 -1.51048 29.5608 13.3982 -4551.2
(1,2,(3,(4,(5,6)))); -4545.13 -1.51048 23.8609 12.5638 -4557.93
(1,(2,((4,6),5)),3); -4541.56 -2.26649 29.226 13.3093 -4559.74
(1,(2,(4,(5,6))),3); -4555.4 -2.00225 28.9092 12.13 -4574.18
(1,2,(3,(4,(5,6)))); -4534.51 -1.51048 31.3449 13.352 -4554.01
(1,(2,3),((4,6),5)); -4542.83 -1.90586 31.227 13.0444 -4562.91
(1,(2,(4,(5,6))),3); -4543.19 -2.00225 26.3995 12.483 -4559.11
(1,(2,3),(4,(5,6))); -4554.74 -1.64162 28.168 12.4169 -4572.13
(1,(2,(4,(5,6))),3); -4536.07 -2.00225 29.9457 13.4719 -4554.55
(1,2,(3,((4,6),5))); -4533.44 -1.77472 31.877 13.2859 -4553.8
(1,(2,((4,6),5)),3); -4540.16 -2.26649 28.9351 13.5313 -4557.83
(1,2,(3,((4,6),5))); -4533.85 -1.77472 30.7364 13.0136 -4553.35
(1,2,(3,((4,6),5))); -4537.15 -1.77472 28.2073 13.2566 -4553.87
(1,(2,3),((4,6),5)); -4542.65 -1.90586 28.3268 13.3486 -4559.53
(1,(2,3),(4,(5,6))); -4538.81 -1.64162 27.8104 14.0021 -4554.26
(1,2,(3,((4,6),5))); -4542.76 -1.77472 26.6362 12.58 -4558.59
(1,(2,((4,6),5)),3); -4541.42 -2.26649 28.2232 13.2811 -4558.63
(1,2,(3,(4,(5,6)))); -4538.85 -1.51048 29.4031 12.5021 -4557.27
(1,(2,3),(4,(5,6))); -4555.6 -1.64162 26.4452 11.9976 -4571.69
(1,(2,(4,(5,6))),3); -4537.52 -2.00225 29.4631 13.3219 -4555.67
(1,(2,3),(4,(5,6))); -4543.47 -1.64162 25.1666 13.0448 -4557.23
(1,(2,3),((4,6),5)); -4542.09 -1.90586 30.7649 12.9556 -4561.81
(1,(2,3),(4,(5,6))); -4537.3 -1.64162 28.2162 13.3599 -4553.79
(1,(2,(4,(5,6))),3); -4534.83 -2.00225 30.2433 13.3253 -4553.75
(1,2,(3,((4,6),5))); -4541.12 -1.77472 24.2114 12.6515 -4554.45
(1,2,(3,((4,6),5))); -4543.08 -1.77472 26.6978 12.6248 -4558.93
(1,(2,(4,(5,6))),3); -4536.53 -2.00225 31.8251 13.2693 -4557.08
(1,(2,((4,5),6)),3); -4548.41 -5.10042 29.4907 12.7395 -4570.26
(1,(2,3),((4,6),5)); -4544.72 -1.90586 28.9533 12.8876 -4562.69
(1,(2,((4,6),5)),3); -4544.26 -2.26649 28.9253 12.5815 -4562.87
(1,(2,3),(4,(5,6))); -4538.51 -1.64162 30.726 12.8601 -4558.02
(1,(2,3),(4,(5,6))); -4538.81 -1.64162 27.7831 13.5665 -4554.67
(1,2,(3,((4,6),5))); -4538.55 -1.77472 26.5301 13.1374 -4553.71
(1,(2,3),(4,(5,6))); -4552.48 -1.64162 29.766 12.3783 -4571.51
(1,(2,(4,(5,6))),3); -4542.91 -2.00225 28.9496 12.6196 -4561.25
(1,2,(3,(4,(5,6)))); -4536.28 -1.51048 29.1754 12.9822 -4553.98
(1,(2,3),(4,(5,6))); -4540.85 -1.64162 27.9493 13.0315 -4557.41
(1,2,(3,((4,6),5))); -4533.79 -1.77472 29.53 13.6156 -4551.48
(1,(2,3),(4,(5,6))); -4538.89 -1.64162 30.1435 13.1057 -4557.57
(1,(2,3),((4,6),5)); -4544.51 -1.90586 29.8227 12.8196 -4563.42
(1,(2,3),(4,(5,6))); -4539.54 -1.64162 27.3605 13.4524 -4555.09
(1,(2,3),(4,(5,6))); -4536.81 -1.64162 29.2757 13.5127 -4554.21
(1,(2,3),((4,6),5)); -4546.13 -1.90586 29.1835 12.6934 -4564.52
(1,(2,3),(4,(5,6))); -4541.46 -1.64162 28.7634 12.8668 -4559
(1,(2,((4,6),5)),3); -4542.31 -2.26649 30.7561 12.7745 -4562.56
(1,2,(3,((4,6),5))); -4537.65 -1.77472 26.9725 13.5861 -4552.81
(1,(2,3),((4,6),5)); -4542.42 -1.90586 29.5204 13.1836 -4560.66
(1,2,(3,((4,6),5))); -4537.47 -1.77472 30.5315 12.7518 -4557.03
(1,(2,(4,(5,6))),3); -4537.05 -2.00225 27.2653 13.7487 -4552.57
(1,2,(3,((4,6),5))); -4538.98 -1.77472 27.6164 12.8839 -4555.49
(1,(2,(4,(5,6))),3); -4538.66 -2.00225 27.3566 13.1641 -4554.85
(1,2,(3,((4,6),5))); -4543.07 -1.77472 27.177 12.4467 -4559.58
(1,(2,3),(4,(5,6))); -4553.42 -1.64162 30.2027 12.2237 -4573.04
(1,(2,3),(4,(5,6))); -4539.29 -1.64162 30.3101 12.9461 -4558.3
(1,(2,3),(4,(5,6))); -4538.38 -1.64162 29.1656 13.3584 -4555.83
(1,(2,((4,6),5)),3); -4543.46 -2.26649 28.7059 13.1218 -4561.31
(1,(2,(4,(5,6))),3); -4537.99 -2.00225 30.9063 13.0757 -4557.83
(1,(2,3),(4,(5,6))); -4540.16 -1.64162 24.6612 13.1976 -4553.27
(1,(2,(4,(5,6))),3); -4546.15 -2.00225 24.866 12.3715 -4560.65
(1,2,(3,(4,(5,6)))); -4534.38 -1.51048 31.2692 12.977 -4554.18
(1,2,(3,((4,6),5))); -4537.12 -1.77472 28.2801 12.8984 -4554.27
(1,(2,(4,(5,6))),3); -4544.02 -2.00225 26.6869 12.5338 -4560.18
(1,(2,3),((4,6),5)); -4548.05 -1.90586 26.9254 12.8364 -4564.05
(1,2,(3,((4,6),5))); -4532.91 -1.77472 30.737 13.2959 -4552.13
(1,(2,(4,(5,6))),3); -4542.9 -2.00225 28.2997 12.5459 -4560.66
(1,2,(3,(4,(5,6)))); -4534.26 -1.51048 30.9806 13.2327 -4553.52
(1,(2,(4,(5,6))),3); -4546.12 -2.00225 25.8996 12.6371 -4561.39
(1,2,(3,((4,6),5))); -4542.4 -1.77472 27.4894 12.5471 -4559.12
(1,(2,(4,(5,6))),3); -4537.97 -2.00225 30.0897 13.5313 -4556.53
(1,(2,((4,6),5)),3); -4546.16 -2.26649 27.2314 12.8094 -4562.85
(1,2,(3,((4,6),5))); -4532.32 -1.77472 31.9807 13.1801 -4552.89
(1,(2,(4,(5,6))),3); -4540.8 -2.00225 28.8327 13.253 -4558.38
(1,(2,(4,(5,6))),3); -4538.07 -2.00225 29.8817 13.333 -4556.63
(1,2,(3,(4,(5,6)))); -4535.56 -1.51048 31.8949 12.835 -4556.13
(1,(2,((4,6),5)),3); -4539.53 -2.26649 29.4372 13.5014 -4557.73
(1,((2,4),(5,6)),3); -4586.38 -9.21034 29.4332 13.1281 -4611.9
(1,(2,3),((4,6),5)); -4544.6 -1.90586 28.9755 13.1739 -4562.31
(1,(2,(4,(5,6))),3); -4540.16 -2.00225 31.3436 12.7852 -4560.72
(1,(2,3),((4,6),5)); -4542.3 -1.90586 30.4212 13.0128 -4561.61
(1,(2,((4,6),5)),3); -4540.4 -2.26649 30.0886 13.4538 -4559.3
(1,(2,((4,6),5)),3); -4537.7 -2.26649 29.9856 13.467 -4556.49
(1,2,(3,((4,6),5))); -4532.56 -1.77472 31.6547 13.196 -4552.8
(1,2,(3,(4,(5,6)))); -4533.37 -1.51048 31.3246 13.1391 -4553.07
(1,(2,3),(4,(5,6))); -4538.37 -1.64162 27.6978 13.5996 -4554.11
(1,2,(3,((4,6),5))); -4538.62 -1.77472 27.0551 12.783 -4554.67
(1,(2,3),((4,6),5)); -4545.49 -1.90586 26.4369 13.0505 -4560.79
(1,(2,((4,6),5)),3); -4545.16 -2.26649 27.8423 12.7239 -4562.54
(1,2,(3,((4,6),5))); -4535.29 -1.77472 30.8642 13.0267 -4554.9
(1,(2,3),((4,6),5)); -4544.76 -1.90586 30.0758 12.953 -4563.79
(1,(2,((4,6),5)),3); -4553.23 -2.26649 28.0966 12.5382 -4571.06
(1,(2,(4,(5,6))),3); -4538.25 -2.00225 32.0978 12.7469 -4559.61
(1,(2,3),((4,6),5)); -4543.52 -1.90586 31.755 12.8157 -4564.36
(1,2,(3,((4,6),5))); -4532.89 -1.77472 30.6697 13.0948 -4552.24
(1,2,(3,((4,6),5))); -4535.65 -1.77472 30.6162 12.8611 -4555.18
(1,(2,3),(4,(5,6))); -4541.42 -1.64162 27.9714 12.7034 -4558.33
(1,2,(3,((4,6),5))); -4535.37 -1.77472 25.8444 13.5673 -4549.42
(1,(2,(4,(5,6))),3); -4537.48 -2.00225 28.2003 13.3557 -4554.33
(1,(2,((4,6),5)),3); -4539.67 -2.26649 32.1657 12.9862 -4561.11
(1,(2,3),((4,6),5)); -4542.02 -1.90586 31.8534 12.9735 -4562.81
(1,2,(3,(4,(5,6)))); -4537.63 -1.51048 29.3832 12.7127 -4555.81
(1,(2,3),((4,6),5)); -4558.76 -1.90586 28.6271 12.4119 -4576.88
(1,(2,3),((4,6),5)); -4543.22 -1.90586 30.8826 13.1079 -4562.9
(1,(2,3),(4,(5,6))); -4538.88 -1.64162 29.115 13.2052 -4556.43
(1,(2,(4,(5,6))),3); -4543.1 -2.00225 25.6705 12.851 -4557.92
(1,2,(3,(4,(5,6)))); -4536.46 -1.51048 29.0037 13.2399 -4553.74
(1,2,(3,(4,(5,6)))); -4541.82 -1.51048 26.7555 12.3713 -4557.71
(1,(2,((4,6),5)),3); -4546.18 -2.26649 26.9432 12.853 -4562.53
(1,2,(3,((4,6),5))); -4540.45 -1.77472 27.1546 12.7089 -4556.67
(1,2,(3,((4,6),5))); -4535.43 -1.77472 27.8349 13.324 -4551.72
(1,(2,3),(4,(5,6))); -4535.86 -1.64162 32.3606 13.2155 -4556.65
(1,(2,((4,6),5)),3); -4545.74 -2.26649 26.6006 13.2499 -4561.35
(1,2,(3,((4,6),5))); -4542.25 -1.77472 26.3576 12.7437 -4557.64
(1,(2,3),(4,(5,6))); -4541.88 -1.64162 27.9524 12.836 -4558.63
(1,2,(3,((4,6),5))); -4534.39 -1.77472 31.4436 13.1694 -4554.43
(1,2,(3,((4,6),5))); -4534.17 -1.77472 31.0067 13.1401 -4553.81
(1,2,(3,(4,(5,6)))); -4536.62 -1.51048 27.6705 13.0151 -4552.79
(1,(2,(4,(5,6))),3); -4541.55 -2.00225 25.6044 13.4455 -4555.71
(1,2,(3,(4,(5,6)))); -4541.73 -1.51048 29.0855 12.5042 -4559.82
(1,(2,(4,(5,6))),3); -4537.6 -2.00225 31.9275 13.2075 -4558.32
(1,2,(3,((4,6),5))); -4532.83 -1.77472 26.9837 13.4804 -4548.11
(1,2,(3,(4,(5,6)))); -4537.12 -1.51048 26.1962 13.3405 -4551.49
(1,(2,(4,(5,6))),3); -4554.86 -2.00225 27.1045 12.2926 -4571.67
(1,2,(3,(4,(5,6)))); -4537.65 -1.51048 30.364 12.6919 -4556.83
(1,(2,3),(4,(5,6))); -4537.46 -1.64162 29.1285 13.3164 -4554.91
(1,(2,3),(4,(5,6))); -4543.04 -1.64162 27.9511 12.6428 -4559.99
(1,(2,((4,6),5)),3); -4543.69 -2.26649 29.207 13.2138 -4561.94
(1,(2,((4,6),5)),3); -4540.89 -2.26649 31.154 13.177 -4561.13
(1,2,(3,((4,6),5))); -4538.88 -1.77472 28.51 12.6583 -4556.5
(1,(2,3),(4,(5,6))); -4539.99 -1.64162 29.3358 12.9063 -4558.06
(1,(2,((4,6),5)),3); -4547.84 -2.26649 25.5062 12.2208 -4563.39
(1,(2,3),((4,6),5)); -4542.44 -1.90586 31.3535 12.9342 -4562.77
(1,2,(3,(4,(5,6)))); -4543.77 -1.51048 31.416 12.5088 -4564.19
(1,(2,(4,(5,6))),3); -4537.09 -2.00225 31.1073 13.1039 -4557.1
(1,(2,((4,6),5)),3); -4544.74 -2.26649 27.2202 12.9132 -4561.31
(1,2,(3,((4,6),5))); -4540.04 -1.77472 25.3308 12.9942 -4554.15
(1,(2,3),((4,6),5)); -4543.69 -1.90586 30.1634 12.9256 -4562.84
(1,2,(3,((4,6),5))); -4536.7 -1.77472 29.5522 12.8467 -4555.18
(1,2,(3,(4,(5,6)))); -4554.28 -1.51048 28.9562 12.0835 -4572.66
(1,(2,(4,(5,6))),3); -4558.61 -2.00225 28.0908 12.0396 -4576.66
(1,2,(3,(4,(5,6)))); -4535.27 -1.51048 29.8637 12.7684 -4553.87
(1,(2,3),((4,6),5)); -4545.92 -1.90586 27.4746 13.1079 -4562.2
(1,2,(3,(4,(5,6)))); -4542.43 -1.51048 22.3009 12.953 -4553.29
(1,(2,3),(4,(5,6))); -4538.65 -1.64162 30.6802 12.9719 -4558
(1,2,(3,(4,(5,6)))); -4539.2 -1.51048 28.9991 12.7129 -4557
(1,2,(3,(4,(5,6)))); -4534.21 -1.51048 31.4962 13.2276 -4553.99
(1,2,(3,((4,6),5))); -4534.24 -1.77472 29.019 13.3587 -4551.68
(1,(2,3),((4,5),6)); -4549.84 -4.73979 30.6467 12.6766 -4572.55
(1,2,(3,((4,5),6))); -4545.65 -4.60865 26.4703 12.6247 -4564.11
(1,(2,3),((4,6),5)); -4544.58 -1.90586 25.0327 13.5946 -4557.92
(1,(2,3),(4,(5,6))); -4552.39 -1.64162 26.7611 12.0983 -4568.69
(1,2,(3,(4,(5,6)))); -4537.3 -1.51048 28.4654 13.1855 -4554.09
(1,(2,(4,(5,6))),3); -4542.46 -2.00225 28.3811 12.7877 -4560.06
(1,(2,(4,(5,6))),3); -4539.62 -2.00225 29.6265 13.2461 -4558
(1,(2,3),((4,6),5)); -4543.82 -1.90586 30.5381 12.8107 -4563.46
(1,(2,3),(4,(5,6))); -4539.92 -1.64162 30.6941 12.6486 -4559.61
(1,2,(3,((4,6),5))); -4534.38 -1.77472 31.1996 13.2433 -4554.11
(1,2,(3,((4,5),6))); -4539.92 -4.60865 32.196 12.9695 -4563.75
(1,2,(3,((4,6),5))); -4539.46 -1.77472 27.5928 12.94 -4555.89
(1,(2,(4,(5,6))),3); -4538.79 -2.00225 30.5225 12.958 -4558.35
(1,2,(3,(4,(5,6)))); -4538.48 -1.51048 27.7917 13.0602 -4554.73
(1,(2,3),(4,(5,6))); -4538.48 -1.64162 31.4091 13.0094 -4558.52
(1,(2,3),(4,(5,6))); -4536.22 -1.64162 31.715 13.1742 -4556.41
(1,(2,((4,6),5)),3); -4541.59 -2.26649 28.9069 13.3018 -4559.46
(1,2,(3,(4,(5,6)))); -4536.25 -1.51048 29.6207 12.7345 -4554.65
(1,(2,3),(4,(5,6))); -4541.07 -1.64162 25.5186 13.0898 -4555.14
(1,2,(3,((4,6),5))); -4537.17 -1.77472 30.0207 12.7302 -4556.24
(1,(2,(4,(5,6))),3); -4539.12 -2.00225 29.7994 12.8236 -4558.09
(1,(2,3),(4,(5,6))); -4542.63 -1.64162 26.348 12.8984 -4557.72
(1,(2,3),((4,6),5)); -4542.75 -1.90586 28.9448 12.9705 -4560.64
(1,(2,3),((4,6),5)); -4541.76 -1.90586 31.8044 13.1945 -4562.28
(1,(2,3),((4,6),5)); -4544.81 -1.90586 29.0717 12.7807 -4563.01
(1,(2,3),(4,(5,6))); -4536.74 -1.64162 29.8056 13.1253 -4555.06
(1,(2,3),(4,(5,6))); -4539.34 -1.64162 28.5855 13.6651 -4555.9
(1,(2,3),((4,6),5)); -4545.18 -1.90586 26.3858 13.3138 -4560.16
(1,2,(3,((4,6),5))); -4541.15 -1.77472 28.5496 12.9545 -4558.52
(1,2,(3,(4,(5,6)))); -4532.11 -1.51048 31.7874 13.2426 -4552.16
(1,(2,((4,6),5)),3); -4543.72 -2.26649 28.8938 12.6397 -4562.24
(1,(2,3),(4,(5,6))); -4558.92 -1.64162 28.1965 11.9343 -4576.82
(1,(2,3),(4,(5,6))); -4539.77 -1.64162 29.3886 13.1067 -4557.7
(1,(2,((4,6),5)),3); -4542.7 -2.26649 29.7273 13.009 -4561.68
