   0.234181    0.153514    0.115067   0.0216124    0.475071 0.000555071
   0.234181    0.153514    0.115067   0.0216124    0.475071 0.000555071
   0.234181    0.153514    0.115067   0.0216124    0.475071 0.000555071
  0.232422   0.145844   0.109718  0.0265083   0.484026 0.00148185
  0.232422   0.145844   0.109718  0.0265083   0.484026 0.00148185
  0.232422   0.145844   0.109718  0.0265083   0.484026 0.00148185
  0.232422   0.145844   0.109718  0.0265083   0.484026 0.00148185
  0.232422   0.145844   0.109718  0.0265083   0.484026 0.00148185
  0.232422   0.145844   0.109718  0.0265083   0.484026 0.00148185
  0.232422   0.145844   0.109718  0.0265083   0.484026 0.00148185
  0.243885   0.148838   0.118026  0.0249053   0.462625 0.00172029
  0.238004   0.159116   0.114471  0.0265826   0.459798 0.00202711
  0.238004   0.159116   0.114471  0.0265826   0.459798 0.00202711
  0.238004   0.159116   0.114471  0.0265826   0.459798 0.00202711
   0.231141    0.156801    0.109853   0.0272653    0.474442 0.000497902
   0.231141    0.156801    0.109853   0.0272653    0.474442 0.000497902
 0.236188  0.159131   0.10971 0.0312178  0.461174  0.002578
  0.242038   0.142028    0.11438  0.0277037   0.467516 0.00633446
  0.242038   0.142028    0.11438  0.0277037   0.467516 0.00633446
  0.257366   0.137149   0.116092  0.0322155   0.449741 0.00743627
  0.257366   0.137149   0.116092  0.0322155   0.449741 0.00743627
  0.257366   0.137149   0.116092  0.0322155   0.449741 0.00743627
  0.274143   0.139113    0.11889  0.0197962   0.441183 0.00687445
 0.266844  0.140093  0.106853 0.0155224  0.459887 0.0107997
 0.258728  0.138405 0.0904999 0.0190835  0.480933 0.0123513
 0.258728  0.138405 0.0904999 0.0190835  0.480933 0.0123513
 0.250243  0.136614  0.083499 0.0203134  0.496557 0.0127736
 0.250243  0.136614  0.083499 0.0203134  0.496557 0.0127736
 0.250243  0.136614  0.083499 0.0203134  0.496557 0.0127736
  0.244352    0.15605  0.0833598  0.0225652   0.485313 0.00835975
  0.244352    0.15605  0.0833598  0.0225652   0.485313 0.00835975
  0.244352    0.15605  0.0833598  0.0225652   0.485313 0.00835975
  0.242821   0.147133   0.088696  0.0192206   0.492581 0.00954922
  0.242821   0.147133   0.088696  0.0192206   0.492581 0.00954922
  0.242821   0.147133   0.088696  0.0192206   0.492581 0.00954922
  0.242821   0.147133   0.088696  0.0192206   0.492581 0.00954922
  0.242821   0.147133   0.088696  0.0192206   0.492581 0.00954922
  0.242821   0.147133   0.088696  0.0192206   0.492581 0.00954922
  0.242821   0.147133   0.088696  0.0192206   0.492581 0.00954922
  0.242821   0.147133   0.088696  0.0192206   0.492581 0.00954922
  0.242821   0.147133   0.088696  0.0192206   0.492581 0.00954922
  0.242821   0.147133   0.088696  0.0192206   0.492581 0.00954922
  0.242821   0.147133   0.088696  0.0192206   0.492581 0.00954922
   0.25697    0.14776  0.0742256  0.0227513   0.489699 0.00859469
   0.25697    0.14776  0.0742256  0.0227513   0.489699 0.00859469
   0.25697    0.14776  0.0742256  0.0227513   0.489699 0.00859469
 0.249059  0.142563  0.077921 0.0223164  0.496535 0.0116059
 0.249059  0.142563  0.077921 0.0223164  0.496535 0.0116059
 0.249059  0.142563  0.077921 0.0223164  0.496535 0.0116059
   0.25554   0.143011  0.0693652  0.0211299   0.501187 0.00976717
   0.25554   0.143011  0.0693652  0.0211299   0.501187 0.00976717
  0.26978  0.155281  0.063819 0.0172792  0.483728 0.0101124
  0.26978  0.155281  0.063819 0.0172792  0.483728 0.0101124
  0.270173   0.130957   0.067325  0.0213956   0.500619 0.00953016
 0.269893  0.139059 0.0784044 0.0155911  0.481883 0.0151697
 0.247536  0.150075 0.0714258 0.0152525  0.498804 0.0169066
 0.247536  0.150075 0.0714258 0.0152525  0.498804 0.0169066
 0.247536  0.150075 0.0714258 0.0152525  0.498804 0.0169066
 0.247536  0.150075 0.0714258 0.0152525  0.498804 0.0169066
 0.238393  0.145252 0.0682053 0.0182507  0.511427 0.0184728
 0.238393  0.145252 0.0682053 0.0182507  0.511427 0.0184728
  0.23475  0.154872 0.0653853 0.0142682  0.510968 0.0197564
  0.23475  0.154872 0.0653853 0.0142682  0.510968 0.0197564
 0.238971  0.159742 0.0617806 0.0173795  0.505734 0.0163924
 0.238971  0.159742 0.0617806 0.0173795  0.505734 0.0163924
 0.237865  0.154331  0.068419 0.0167307  0.508138 0.0145157
 0.242146  0.148883 0.0735044 0.0150084  0.502831 0.0176274
 0.242146  0.148883 0.0735044 0.0150084  0.502831 0.0176274
 0.238038  0.144779 0.0720524 0.0230986  0.509403  0.012629
 0.238038  0.144779 0.0720524 0.0230986  0.509403  0.012629
 0.247228   0.14607 0.0802007 0.0247076  0.489477 0.0123167
 0.247228   0.14607 0.0802007 0.0247076  0.489477 0.0123167
 0.236745  0.159665 0.0791138 0.0281999  0.486039 0.0102374
  0.223745   0.168089   0.087469  0.0270058   0.483945 0.00974577
  0.223745   0.168089   0.087469  0.0270058   0.483945 0.00974577
   0.21112   0.166558  0.0944441  0.0273686    0.49337 0.00713943
  0.216322   0.171604  0.0759704  0.0243886   0.504681 0.00703376
 0.217453  0.186005 0.0785073 0.0303074  0.476181 0.0115456
 0.217453  0.186005 0.0785073 0.0303074  0.476181 0.0115456
 0.217453  0.186005 0.0785073 0.0303074  0.476181 0.0115456
 0.232397   0.16391 0.0606119 0.0282201   0.49736 0.0175007
  0.23395  0.172914 0.0669886 0.0304109  0.478877 0.0168595
  0.23395  0.172914 0.0669886 0.0304109  0.478877 0.0168595
  0.23395  0.172914 0.0669886 0.0304109  0.478877 0.0168595
  0.21191  0.171959  0.080983 0.0291926  0.488609  0.017346
 0.205683  0.160892 0.0709747 0.0269083  0.524055 0.0114867
 0.205683  0.160892 0.0709747 0.0269083  0.524055 0.0114867
 0.205683  0.160892 0.0709747 0.0269083  0.524055 0.0114867
  0.210906   0.153936  0.0748561  0.0312803   0.520344 0.00867818
  0.210906   0.153936  0.0748561  0.0312803   0.520344 0.00867818
  0.210906   0.153936  0.0748561  0.0312803   0.520344 0.00867818
  0.210906   0.153936  0.0748561  0.0312803   0.520344 0.00867818
  0.221947   0.146334  0.0780603  0.0217638   0.522567 0.00932855
  0.221947   0.146334  0.0780603  0.0217638   0.522567 0.00932855
  0.230121   0.154729  0.0799241  0.0170335   0.508856 0.00933615
   0.23928   0.160887  0.0691036  0.0196908    0.50587 0.00516761
   0.23928   0.160887  0.0691036  0.0196908    0.50587 0.00516761
   0.23928   0.160887  0.0691036  0.0196908    0.50587 0.00516761
 0.230602  0.159995 0.0815966 0.0273144  0.496742 0.0037506
 0.230602  0.159995 0.0815966 0.0273144  0.496742 0.0037506
 0.230602  0.159995 0.0815966 0.0273144  0.496742 0.0037506
  0.22306  0.173765 0.0864934 0.0223461  0.488326 0.0060098
  0.22306  0.173765 0.0864934 0.0223461  0.488326 0.0060098
  0.217558   0.148851  0.0839631  0.0322901   0.510951 0.00638669
  0.217558   0.148851  0.0839631  0.0322901   0.510951 0.00638669
  0.218988   0.143375  0.0847239  0.0324988   0.513667 0.00674828
  0.207855   0.163972   0.083144   0.033906    0.50743 0.00369406
  0.206727    0.17992  0.0719972  0.0397795   0.498579 0.00299759
  0.206727    0.17992  0.0719972  0.0397795   0.498579 0.00299759
  0.206727    0.17992  0.0719972  0.0397795   0.498579 0.00299759
  0.214685   0.170435  0.0731885  0.0408441    0.49684 0.00400784
  0.207225   0.164637  0.0699156  0.0404642   0.515327 0.00243161
  0.217233   0.154666  0.0687431  0.0317928   0.524442 0.00312272
 0.229442  0.150547 0.0660975 0.0317121  0.518431 0.0037699
 0.229442  0.150547 0.0660975 0.0317121  0.518431 0.0037699
 0.229442  0.150547 0.0660975 0.0317121  0.518431 0.0037699
 0.229442  0.150547 0.0660975 0.0317121  0.518431 0.0037699
  0.235466   0.137603  0.0705575  0.0315969    0.52264 0.00213764
  0.235466   0.137603  0.0705575  0.0315969    0.52264 0.00213764
  0.235466   0.137603  0.0705575  0.0315969    0.52264 0.00213764
  0.235466   0.137603  0.0705575  0.0315969    0.52264 0.00213764
  0.235466   0.137603  0.0705575  0.0315969    0.52264 0.00213764
  0.235466   0.137603  0.0705575  0.0315969    0.52264 0.00213764
  0.239928   0.141332  0.0681403  0.0376888   0.505702 0.00720815
  0.239928   0.141332  0.0681403  0.0376888   0.505702 0.00720815
  0.248664   0.138444  0.0728696  0.0390869   0.492097 0.00883892
  0.248664   0.138444  0.0728696  0.0390869   0.492097 0.00883892
  0.248664   0.138444  0.0728696  0.0390869   0.492097 0.00883892
  0.248664   0.138444  0.0728696  0.0390869   0.492097 0.00883892
   0.26328   0.130178  0.0766024  0.0295013   0.491442 0.00899563
  0.269027   0.136318  0.0841254  0.0306139    0.47398 0.00593519
  0.269027   0.136318  0.0841254  0.0306139    0.47398 0.00593519
  0.269027   0.136318  0.0841254  0.0306139    0.47398 0.00593519
  0.269027   0.136318  0.0841254  0.0306139    0.47398 0.00593519
  0.275115   0.135603  0.0923748  0.0212196   0.471056 0.00463168
  0.275115   0.135603  0.0923748  0.0212196   0.471056 0.00463168
  0.275115   0.135603  0.0923748  0.0212196   0.471056 0.00463168
  0.275115   0.135603  0.0923748  0.0212196   0.471056 0.00463168
   0.24997   0.156203  0.0998743  0.0189599   0.470405 0.00458691
  0.246602   0.148806  0.0921057  0.0153305   0.490367 0.00678922
  0.252641   0.147974  0.0829494  0.0159488   0.492284 0.00820314
  0.252641   0.147974  0.0829494  0.0159488   0.492284 0.00820314
  0.212474   0.168089  0.0778577  0.0199338   0.514379 0.00726688
  0.218516   0.165843  0.0730613  0.0155632   0.521985 0.00503132
  0.218516   0.165843  0.0730613  0.0155632   0.521985 0.00503132
  0.218516   0.165843  0.0730613  0.0155632   0.521985 0.00503132
  0.218516   0.165843  0.0730613  0.0155632   0.521985 0.00503132
  0.200955   0.165925  0.0790111  0.0126552   0.538111 0.00334385
  0.207279   0.169257   0.081902    0.01636   0.520904 0.00429807
  0.220313   0.174928  0.0730152  0.0185992   0.510804 0.00234015
  0.220313   0.174928  0.0730152  0.0185992   0.510804 0.00234015
  0.225967   0.163812  0.0829793  0.0219713   0.499826 0.00544476
  0.225967   0.163812  0.0829793  0.0219713   0.499826 0.00544476
 0.214924  0.157177 0.0728894  0.020017  0.529874 0.0051189
  0.226115    0.14807  0.0731872  0.0158807   0.527273 0.00947506
  0.226115    0.14807  0.0731872  0.0158807   0.527273 0.00947506
  0.21187  0.147514 0.0753924 0.0130796  0.541811 0.0103329
 0.197739  0.164135 0.0753421 0.0107849  0.537617 0.0143825
 0.197788   0.15457 0.0805147 0.0137373  0.542456 0.0109341
 0.197788   0.15457 0.0805147 0.0137373  0.542456 0.0109341
 0.207259  0.154738 0.0778547 0.0168337  0.527222 0.0160926
 0.207259  0.154738 0.0778547 0.0168337  0.527222 0.0160926
 0.207259  0.154738 0.0778547 0.0168337  0.527222 0.0160926
 0.211498  0.136784 0.0795856 0.0195845  0.528509 0.0240394
 0.211498  0.136784 0.0795856 0.0195845  0.528509 0.0240394
 0.211498  0.136784 0.0795856 0.0195845  0.528509 0.0240394
 0.214383   0.14362 0.0823231 0.0220124  0.512055 0.0256072
 0.214383   0.14362 0.0823231 0.0220124  0.512055 0.0256072
  0.21732  0.143949 0.0826212 0.0249431  0.512594 0.0185733
 0.233913   0.16668 0.0816096 0.0231521  0.477244 0.0174005
 0.233913   0.16668 0.0816096 0.0231521  0.477244 0.0174005
 0.233913   0.16668 0.0816096 0.0231521  0.477244 0.0174005
 0.226749  0.165155 0.0725444 0.0310609  0.491874 0.0126169
 0.226749  0.165155 0.0725444 0.0310609  0.491874 0.0126169
 0.226749  0.165155 0.0725444 0.0310609  0.491874 0.0126169
 0.251645   0.15637 0.0704373 0.0282301  0.479363 0.0139533
 0.239676  0.168748 0.0769802 0.0272174  0.474779 0.0125992
 0.239676  0.168748 0.0769802 0.0272174  0.474779 0.0125992
 0.242341  0.157387  0.082982 0.0240804   0.47836 0.0148489
 0.242341  0.157387  0.082982 0.0240804   0.47836 0.0148489
 0.250895  0.165175 0.0843322 0.0195357  0.469072   0.01099
 0.253382  0.145955 0.0827267 0.0145279  0.488788  0.014621
 0.253382  0.145955 0.0827267 0.0145279  0.488788  0.014621
 0.253382  0.145955 0.0827267 0.0145279  0.488788  0.014621
 0.253382  0.145955 0.0827267 0.0145279  0.488788  0.014621
 0.255647  0.150809 0.0787805 0.0127717  0.489388 0.0126035
  0.241307   0.162377  0.0752955  0.0118198   0.499661 0.00954005
  0.241307   0.162377  0.0752955  0.0118198   0.499661 0.00954005
  0.247384     0.1557   0.080357  0.0153752   0.493946 0.00723779
  0.247384     0.1557   0.080357  0.0153752   0.493946 0.00723779
 0.256252  0.156457 0.0887851 0.0160633  0.472402 0.0100409
   0.24705   0.160679  0.0707925  0.0175099   0.497178 0.00679128
  0.240198   0.159479  0.0779416    0.02286   0.494354 0.00516703
  0.240198   0.159479  0.0779416    0.02286   0.494354 0.00516703
  0.240198   0.159479  0.0779416    0.02286   0.494354 0.00516703
  0.240198   0.159479  0.0779416    0.02286   0.494354 0.00516703
  0.231161   0.165872  0.0953265  0.0195402     0.4845 0.00360079
 0.232389   0.17045  0.102738 0.0207762  0.470398 0.0032493
 0.232389   0.17045  0.102738 0.0207762  0.470398 0.0032493
  0.245206   0.174651  0.0971789  0.0192994   0.457766 0.00589936
  0.245206   0.174651  0.0971789  0.0192994   0.457766 0.00589936
  0.245898   0.172618  0.0804369  0.0208844   0.471459 0.00870394
  0.211922   0.178101  0.0824334  0.0159292   0.505417 0.00619763
  0.211689   0.175969  0.0898626  0.0159549   0.498979 0.00754538
  0.211689   0.175969  0.0898626  0.0159549   0.498979 0.00754538
 0.208603  0.170259 0.0961299 0.0139245  0.501661  0.009422
   0.20202   0.157753   0.110326  0.0101426   0.512252 0.00750608
   0.20202   0.157753   0.110326  0.0101426   0.512252 0.00750608
  0.210445   0.151254   0.118982 0.00774421   0.504347 0.00722748
  0.210445   0.151254   0.118982 0.00774421   0.504347 0.00722748
  0.220055   0.151499   0.108287 0.00765373   0.507824 0.00468089
  0.220055   0.151499   0.108287 0.00765373   0.507824 0.00468089
0.220983 0.146565  0.11306 0.012959 0.504179 0.002255
0.220983 0.146565  0.11306 0.012959 0.504179 0.002255
  0.222468   0.150827   0.102752  0.0163314   0.507238 0.00038371
   0.22633   0.134219   0.097392  0.0180481   0.522868 0.00114286
  0.236964   0.123343   0.109386  0.0142335   0.514723 0.00134987
  0.236964   0.123343   0.109386  0.0142335   0.514723 0.00134987
  0.251417   0.115157   0.118207  0.0214831   0.491757 0.00197892
   0.24607   0.120262   0.108193  0.0205274   0.502771 0.00217723
   0.24607   0.120262   0.108193  0.0205274   0.502771 0.00217723
 0.250986  0.123389  0.102411 0.0245898  0.496968 0.0016559
 0.250986  0.123389  0.102411 0.0245898  0.496968 0.0016559
 0.250986  0.123389  0.102411 0.0245898  0.496968 0.0016559
  0.249564   0.131132  0.0936732  0.0220561   0.501965 0.00160905
 0.246073  0.156979 0.0812409 0.0222282  0.492149 0.0013306
 0.246073  0.156979 0.0812409 0.0222282  0.492149 0.0013306
 0.246073  0.156979 0.0812409 0.0222282  0.492149 0.0013306
   0.244339    0.153853     0.07613     0.02586    0.498831 0.000987055
   0.23383   0.155794   0.083212  0.0249544   0.500316 0.00189315
   0.23383   0.155794   0.083212  0.0249544   0.500316 0.00189315
  0.224232   0.150655  0.0868572  0.0298054   0.507421 0.00102953
   0.218471    0.133831   0.0882846   0.0282063    0.530641 0.000567074
   0.218471    0.133831   0.0882846   0.0282063    0.530641 0.000567074
   0.218471    0.133831   0.0882846   0.0282063    0.530641 0.000567074
   0.214438    0.141658   0.0790984   0.0327394    0.531425 0.000640902
   0.214438    0.141658   0.0790984   0.0327394    0.531425 0.000640902
  0.216358    0.14398  0.0904323  0.0244928   0.523403 0.00133405
  0.216358    0.14398  0.0904323  0.0244928   0.523403 0.00133405
  0.216358    0.14398  0.0904323  0.0244928   0.523403 0.00133405
  0.222886   0.150502  0.0796412  0.0246267   0.520715 0.00162946
  0.23669  0.141433 0.0751768 0.0190345  0.522946 0.0047199
  0.23669  0.141433 0.0751768 0.0190345  0.522946 0.0047199
  0.239386    0.13192  0.0858806  0.0136412   0.525783 0.00338912
  0.239386    0.13192  0.0858806  0.0136412   0.525783 0.00338912
  0.239386    0.13192  0.0858806  0.0136412   0.525783 0.00338912
  0.239386    0.13192  0.0858806  0.0136412   0.525783 0.00338912
  0.239386    0.13192  0.0858806  0.0136412   0.525783 0.00338912
   0.24572    0.12968  0.0829232  0.0161674   0.521021 0.00448864
  0.238854   0.133179  0.0757771  0.0180315   0.531389 0.00276909
  0.234431   0.134852  0.0854598  0.0165294   0.526124 0.00260339
 0.235403  0.144063 0.0791251 0.0164099  0.523596 0.0014032
 0.235403  0.144063 0.0791251 0.0164099  0.523596 0.0014032
   0.222052    0.148786    0.082343   0.0244311    0.521734 0.000654336
  0.229773    0.13972  0.0904909  0.0255474   0.513287 0.00118174
   0.25652   0.141167  0.0958371  0.0164815    0.48866 0.00133456
  0.249733   0.154238  0.0963079   0.017853   0.479334 0.00253362
  0.240041   0.142552   0.094487  0.0172163   0.502856 0.00284711
  0.257519   0.154788  0.0982447  0.0128185   0.471767 0.00486136
  0.250749   0.146246  0.0896695  0.0116639   0.495284 0.00638748
  0.250749   0.146246  0.0896695  0.0116639   0.495284 0.00638748
  0.250749   0.146246  0.0896695  0.0116639   0.495284 0.00638748
  0.250749   0.146246  0.0896695  0.0116639   0.495284 0.00638748
   0.25888   0.150988  0.0952939 0.00890911   0.479442 0.00648768
  0.267319   0.147121   0.091976  0.0112026    0.47674 0.00564194
  0.267319   0.147121   0.091976  0.0112026    0.47674 0.00564194
  0.267319   0.147121   0.091976  0.0112026    0.47674 0.00564194
  0.267319   0.147121   0.091976  0.0112026    0.47674 0.00564194
  0.267319   0.147121   0.091976  0.0112026    0.47674 0.00564194
  0.267319   0.147121   0.091976  0.0112026    0.47674 0.00564194
  0.259728   0.171525  0.0802235 0.00869051    0.47382 0.00601317
  0.254814   0.169348  0.0772687 0.00747006   0.485334 0.00576592
  0.254814   0.169348  0.0772687 0.00747006   0.485334 0.00576592
  0.254814   0.169348  0.0772687 0.00747006   0.485334 0.00576592
  0.254814   0.169348  0.0772687 0.00747006   0.485334 0.00576592
  0.249794   0.164849   0.081368 0.00696414   0.490863 0.00616133
  0.249794   0.164849   0.081368 0.00696414   0.490863 0.00616133
  0.256001   0.162209  0.0746923 0.00959797   0.493944 0.00355554
   0.25248    0.16739  0.0639561  0.0124818   0.498581 0.00511039
  0.241128   0.162388  0.0737284  0.0106853   0.508546 0.00352392
  0.241128   0.162388  0.0737284  0.0106853   0.508546 0.00352392
  0.241128   0.162388  0.0737284  0.0106853   0.508546 0.00352392
  0.221123   0.181056  0.0843684  0.0117849    0.49579 0.00587904
  0.221123   0.181056  0.0843684  0.0117849    0.49579 0.00587904
  0.221123   0.181056  0.0843684  0.0117849    0.49579 0.00587904
  0.232687   0.186043    0.08263  0.0114198   0.481252 0.00596847
  0.232687   0.186043    0.08263  0.0114198   0.481252 0.00596847
  0.232687   0.186043    0.08263  0.0114198   0.481252 0.00596847
  0.222426   0.180026  0.0723507  0.0101007   0.506994 0.00810273
  0.222426   0.180026  0.0723507  0.0101007   0.506994 0.00810273
  0.230962   0.179397  0.0675819  0.0120138   0.502302 0.00774342
  0.230962   0.179397  0.0675819  0.0120138   0.502302 0.00774342
 0.220826  0.178203 0.0780645 0.0107602  0.500312 0.0118342
 0.220826  0.178203 0.0780645 0.0107602  0.500312 0.0118342
 0.220826  0.178203 0.0780645 0.0107602  0.500312 0.0118342
 0.217859  0.170709 0.0920732 0.0145171  0.491593 0.0132482
 0.217859  0.170709 0.0920732 0.0145171  0.491593 0.0132482
 0.217859  0.170709 0.0920732 0.0145171  0.491593 0.0132482
 0.230805  0.174739 0.0937741 0.0162667  0.473397 0.0110179
 0.230805  0.174739 0.0937741 0.0162667  0.473397 0.0110179
 0.230805  0.174739 0.0937741 0.0162667  0.473397 0.0110179
 0.230805  0.174739 0.0937741 0.0162667  0.473397 0.0110179
 0.237857  0.192177 0.0908684 0.0127622  0.455565 0.0107699
 0.254252  0.176012  0.092555 0.0166807  0.451875 0.0086255
  0.250814   0.171972  0.0936859  0.0136516   0.462385 0.00749204
  0.250814   0.171972  0.0936859  0.0136516   0.462385 0.00749204
  0.250814   0.171972  0.0936859  0.0136516   0.462385 0.00749204
  0.250814   0.171972  0.0936859  0.0136516   0.462385 0.00749204
  0.254269   0.179872  0.0869437  0.0153677   0.456901 0.00664731
  0.254269   0.179872  0.0869437  0.0153677   0.456901 0.00664731
  0.254269   0.179872  0.0869437  0.0153677   0.456901 0.00664731
  0.254269   0.179872  0.0869437  0.0153677   0.456901 0.00664731
  0.247249   0.192158  0.0841896    0.01743   0.454722 0.00425183
  0.247249   0.192158  0.0841896    0.01743   0.454722 0.00425183
  0.247249   0.192158  0.0841896    0.01743   0.454722 0.00425183
  0.245481   0.184531  0.0894255  0.0143352    0.45761 0.00861738
  0.247296   0.173541  0.0971846  0.0157697   0.457141 0.00906743
  0.247296   0.173541  0.0971846  0.0157697   0.457141 0.00906743
   0.24361   0.170731  0.0990143  0.0201489    0.45692 0.00957647
   0.24361   0.170731  0.0990143  0.0201489    0.45692 0.00957647
 0.245305  0.163831   0.10254 0.0179001  0.460728 0.0096958
 0.245305  0.163831   0.10254 0.0179001  0.460728 0.0096958
  0.241725   0.151133  0.0989506  0.0236584    0.47646 0.00807265
  0.241725   0.151133  0.0989506  0.0236584    0.47646 0.00807265
 0.229476  0.159535 0.0953483 0.0228794  0.482735 0.0100267
 0.229476  0.159535 0.0953483 0.0228794  0.482735 0.0100267
 0.229476  0.159535 0.0953483 0.0228794  0.482735 0.0100267
 0.229476  0.159535 0.0953483 0.0228794  0.482735 0.0100267
  0.224995   0.174685  0.0952465   0.018091    0.48177 0.00521211
  0.225528   0.174298  0.0915138  0.0253694   0.478308 0.00498178
  0.224533   0.172166  0.0958335  0.0179643   0.485675 0.00382783
  0.223596   0.160303   0.103744  0.0126714   0.493058 0.00662826
  0.223596   0.160303   0.103744  0.0126714   0.493058 0.00662826
  0.223596   0.160303   0.103744  0.0126714   0.493058 0.00662826
  0.223596   0.160303   0.103744  0.0126714   0.493058 0.00662826
   0.22916   0.159776  0.0952565  0.0133085   0.498314 0.00418464
   0.22916   0.159776  0.0952565  0.0133085   0.498314 0.00418464
   0.22916   0.159776  0.0952565  0.0133085   0.498314 0.00418464
  0.219942   0.162962   0.102085  0.0128052   0.493865 0.00834071
  0.219942   0.162962   0.102085  0.0128052   0.493865 0.00834071
 0.230934    0.1559 0.0986615 0.0144403  0.489067 0.0109964
 0.228851   0.15656  0.091605 0.0159859   0.49484 0.0121589
 0.228851   0.15656  0.091605 0.0159859   0.49484 0.0121589
 0.228851   0.15656  0.091605 0.0159859   0.49484 0.0121589
 0.228851   0.15656  0.091605 0.0159859   0.49484 0.0121589
 0.228851   0.15656  0.091605 0.0159859   0.49484 0.0121589
 0.228851   0.15656  0.091605 0.0159859   0.49484 0.0121589
 0.223744  0.169782 0.0821179 0.0115442  0.499286  0.013526
 0.223744  0.169782 0.0821179 0.0115442  0.499286  0.013526
 0.223744  0.169782 0.0821179 0.0115442  0.499286  0.013526
 0.223744  0.169782 0.0821179 0.0115442  0.499286  0.013526
 0.240514  0.180012 0.0740752 0.0108329  0.484194 0.0103717
 0.240514  0.180012 0.0740752 0.0108329  0.484194 0.0103717
 0.240514  0.180012 0.0740752 0.0108329  0.484194 0.0103717
 0.240514  0.180012 0.0740752 0.0108329  0.484194 0.0103717
 0.240514  0.180012 0.0740752 0.0108329  0.484194 0.0103717
 0.240699  0.164498 0.0696338 0.0105925  0.502271 0.0123057
 0.240699  0.164498 0.0696338 0.0105925  0.502271 0.0123057
  0.247079   0.161304  0.0736151 0.00840629   0.497196  0.0123996
 0.247333  0.181547 0.0782557 0.0144745  0.468408 0.0099826
 0.238347  0.176921 0.0772178 0.0186346  0.478021 0.0108584
 0.238347  0.176921 0.0772178 0.0186346  0.478021 0.0108584
 0.238347  0.176921 0.0772178 0.0186346  0.478021 0.0108584
  0.249808   0.158654  0.0828367  0.0281316   0.472011 0.00855854
  0.249808   0.158654  0.0828367  0.0281316   0.472011 0.00855854
  0.248671   0.161794  0.0945818  0.0233307   0.467622 0.00400081
 0.223127  0.154796  0.106514 0.0254839  0.481822 0.0082566
 0.223127  0.154796  0.106514 0.0254839  0.481822 0.0082566
  0.220407   0.158623   0.111544  0.0158825   0.487576 0.00596727
  0.220407   0.158623   0.111544  0.0158825   0.487576 0.00596727
 0.225414  0.160368  0.100938 0.0134671  0.489701  0.010111
 0.234947  0.157907 0.0845666 0.0152123  0.497196 0.0101712
 0.234947  0.157907 0.0845666 0.0152123  0.497196 0.0101712
 0.234947  0.157907 0.0845666 0.0152123  0.497196 0.0101712
 0.234947  0.157907 0.0845666 0.0152123  0.497196 0.0101712
  0.257649    0.16856  0.0900943  0.0141756   0.461657 0.00786446
  0.257649    0.16856  0.0900943  0.0141756   0.461657 0.00786446
  0.261463   0.168662   0.098137    0.01569   0.447508 0.00853945
 0.258515  0.143152 0.0902793 0.0209976  0.477395 0.0096604
  0.259493   0.128194  0.0909534  0.0217607   0.490157 0.00944239
  0.259493   0.128194  0.0909534  0.0217607   0.490157 0.00944239
  0.259493   0.128194  0.0909534  0.0217607   0.490157 0.00944239
  0.259493   0.128194  0.0909534  0.0217607   0.490157 0.00944239
  0.259493   0.128194  0.0909534  0.0217607   0.490157 0.00944239
  0.259493   0.128194  0.0909534  0.0217607   0.490157 0.00944239
  0.259493   0.128194  0.0909534  0.0217607   0.490157 0.00944239
  0.259493   0.128194  0.0909534  0.0217607   0.490157 0.00944239
  0.259493   0.128194  0.0909534  0.0217607   0.490157 0.00944239
 0.256066  0.144928 0.0916883  0.021983  0.473913 0.0114208
 0.256066  0.144928 0.0916883  0.021983  0.473913 0.0114208
  0.244111   0.137679  0.0883996  0.0303008   0.490756 0.00875304
  0.244111   0.137679  0.0883996  0.0303008   0.490756 0.00875304
  0.244111   0.137679  0.0883996  0.0303008   0.490756 0.00875304
  0.244111   0.137679  0.0883996  0.0303008   0.490756 0.00875304
  0.244111   0.137679  0.0883996  0.0303008   0.490756 0.00875304
  0.238187   0.147834  0.0878261  0.0258657   0.492029 0.00825865
  0.238187   0.147834  0.0878261  0.0258657   0.492029 0.00825865
  0.238187   0.147834  0.0878261  0.0258657   0.492029 0.00825865
  0.248848   0.162315  0.0844327  0.0188653   0.477294 0.00824547
  0.248848   0.162315  0.0844327  0.0188653   0.477294 0.00824547
  0.248848   0.162315  0.0844327  0.0188653   0.477294 0.00824547
  0.248848   0.162315  0.0844327  0.0188653   0.477294 0.00824547
  0.253241   0.160226  0.0942037  0.0179194   0.465999 0.00841113
 0.228871  0.171296 0.0898451 0.0149077  0.481706 0.0133735
 0.228871  0.171296 0.0898451 0.0149077  0.481706 0.0133735
  0.229672    0.16674   0.091988   0.019404   0.482333 0.00986202
  0.229672    0.16674   0.091988   0.019404   0.482333 0.00986202
 0.218147  0.165428 0.0944813 0.0179881  0.492061 0.0118944
 0.245699  0.148494  0.087415 0.0224481  0.484553 0.0113903
  0.247597   0.157269  0.0791038  0.0183668   0.491387 0.00627671
 0.245594  0.157694 0.0794595 0.0237245  0.485157 0.0083716
 0.245594  0.157694 0.0794595 0.0237245  0.485157 0.0083716
 0.245594  0.157694 0.0794595 0.0237245  0.485157 0.0083716
  0.230565   0.160811  0.0822101  0.0170463   0.500895 0.00847287
  0.230565   0.160811  0.0822101  0.0170463   0.500895 0.00847287
  0.230565   0.160811  0.0822101  0.0170463   0.500895 0.00847287
  0.230565   0.160811  0.0822101  0.0170463   0.500895 0.00847287
  0.230565   0.160811  0.0822101  0.0170463   0.500895 0.00847287
 0.220853  0.158458 0.0913799 0.0197795  0.499801 0.0097279
 0.220853  0.158458 0.0913799 0.0197795  0.499801 0.0097279
 0.220853  0.158458 0.0913799 0.0197795  0.499801 0.0097279
 0.220853  0.158458 0.0913799 0.0197795  0.499801 0.0097279
 0.220853  0.158458 0.0913799 0.0197795  0.499801 0.0097279
 0.220853  0.158458 0.0913799 0.0197795  0.499801 0.0097279
 0.232792  0.148108 0.0945805 0.0186482  0.495251 0.0106209
 0.216712  0.155182 0.0938149 0.0194858  0.502393 0.0124123
 0.216712  0.155182 0.0938149 0.0194858  0.502393 0.0124123
 0.216712  0.155182 0.0938149 0.0194858  0.502393 0.0124123
 0.213595  0.154141 0.0878257 0.0182833  0.514513 0.0116408
 0.235136  0.153185 0.0869073  0.019854  0.491306 0.0136118
 0.231349  0.151662 0.0832877 0.0264386  0.496617 0.0106448
 0.231349  0.151662 0.0832877 0.0264386  0.496617 0.0106448
  0.234738   0.151016  0.0970094  0.0286875   0.478896 0.00965186
  0.234738   0.151016  0.0970094  0.0286875   0.478896 0.00965186
  0.234738   0.151016  0.0970094  0.0286875   0.478896 0.00965186
  0.234738   0.151016  0.0970094  0.0286875   0.478896 0.00965186
 0.232122   0.15152  0.108497 0.0235398  0.473906 0.0104146
  0.226129   0.168761     0.1046  0.0261855   0.466172 0.00815262
  0.237701   0.170447   0.108161  0.0210151    0.45629 0.00638569
  0.237701   0.170447   0.108161  0.0210151    0.45629 0.00638569
  0.237701   0.170447   0.108161  0.0210151    0.45629 0.00638569
   0.24833   0.170748   0.102108  0.0188207   0.456157 0.00383719
   0.24833   0.170748   0.102108  0.0188207   0.456157 0.00383719
  0.252648   0.164547  0.0963606  0.0156045   0.467224 0.00361605
  0.252648   0.164547  0.0963606  0.0156045   0.467224 0.00361605
  0.246763   0.166812  0.0891674  0.0112642   0.482014 0.00397932
  0.220786   0.179215  0.0828866 0.00773892   0.504896 0.00447737
  0.206491   0.187915  0.0886841  0.0102213   0.502565 0.00412352
  0.206491   0.187915  0.0886841  0.0102213   0.502565 0.00412352
  0.209749   0.190164   0.100345 0.00873546   0.486354 0.00465331
   0.20262   0.197932  0.0981031  0.0179842   0.477739 0.00562131
  0.203282   0.194198  0.0977087  0.0191058   0.476016 0.00968973
  0.203282   0.194198  0.0977087  0.0191058   0.476016 0.00968973
 0.213949  0.196629 0.0896942  0.013874  0.474743 0.0111111
  0.206897   0.197178  0.0894538 0.00878989   0.488118 0.00956301
 0.226665  0.197765 0.0885945 0.0145101  0.461774 0.0106913
 0.238276  0.182284 0.0779781 0.0152865  0.474462 0.0117141
 0.224195  0.174427 0.0947615 0.0181336  0.474504 0.0139784
 0.223463  0.168669 0.0849396 0.0202694  0.489146 0.0135127
 0.223463  0.168669 0.0849396 0.0202694  0.489146 0.0135127
  0.23966  0.170843 0.0784445 0.0179247  0.482141 0.0109873
  0.23966  0.170843 0.0784445 0.0179247  0.482141 0.0109873
  0.249893   0.162516  0.0734693   0.026183   0.478426 0.00951315
  0.249893   0.162516  0.0734693   0.026183   0.478426 0.00951315
  0.249893   0.162516  0.0734693   0.026183   0.478426 0.00951315
  0.249893   0.162516  0.0734693   0.026183   0.478426 0.00951315
  0.249893   0.162516  0.0734693   0.026183   0.478426 0.00951315
  0.256607   0.171992  0.0664893  0.0239719   0.474452 0.00648777
  0.256607   0.171992  0.0664893  0.0239719   0.474452 0.00648777
  0.256607   0.171992  0.0664893  0.0239719   0.474452 0.00648777
   0.26332   0.181512  0.0623307  0.0238309    0.46361 0.00539572
  0.267883   0.183739  0.0597926  0.0230627   0.461995 0.00352675
  0.256797   0.194458  0.0543105   0.028785   0.462067 0.00358324
  0.256797   0.194458  0.0543105   0.028785   0.462067 0.00358324
  0.241736   0.172905  0.0692934  0.0328291   0.479768 0.00346838
  0.246696   0.155519  0.0674174  0.0336844   0.493984 0.00269964
  0.253993   0.162101  0.0709982  0.0269697   0.482364 0.00357378
  0.253993   0.162101  0.0709982  0.0269697   0.482364 0.00357378
  0.253993   0.162101  0.0709982  0.0269697   0.482364 0.00357378
  0.253993   0.162101  0.0709982  0.0269697   0.482364 0.00357378
  0.240836   0.170429   0.074671  0.0221995   0.485233 0.00663158
  0.240912   0.178918  0.0817142  0.0211015   0.472462 0.00489325
  0.240912   0.178918  0.0817142  0.0211015   0.472462 0.00489325
  0.240912   0.178918  0.0817142  0.0211015   0.472462 0.00489325
  0.240912   0.178918  0.0817142  0.0211015   0.472462 0.00489325
  0.240912   0.178918  0.0817142  0.0211015   0.472462 0.00489325
  0.242181    0.16715  0.0780043  0.0201172   0.486846 0.00570188
  0.242181    0.16715  0.0780043  0.0201172   0.486846 0.00570188
  0.242181    0.16715  0.0780043  0.0201172   0.486846 0.00570188
  0.229043   0.160983  0.0795398  0.0259891   0.499009 0.00543623
  0.228199   0.144188  0.0898107   0.024022   0.507632 0.00614912
  0.229795   0.144014  0.0897725  0.0212528    0.50805 0.00711552
  0.223654   0.150082  0.0972425  0.0231995   0.501207 0.00461545
 0.228279   0.15761 0.0918369 0.0263588  0.489274 0.0066413
 0.228279   0.15761 0.0918369 0.0263588  0.489274 0.0066413
   0.23151   0.164893   0.093878  0.0290609   0.472519 0.00813927
   0.23151   0.164893   0.093878  0.0290609   0.472519 0.00813927
   0.23151   0.164893   0.093878  0.0290609   0.472519 0.00813927
   0.23151   0.164893   0.093878  0.0290609   0.472519 0.00813927
   0.23151   0.164893   0.093878  0.0290609   0.472519 0.00813927
   0.23151   0.164893   0.093878  0.0290609   0.472519 0.00813927
   0.23151   0.164893   0.093878  0.0290609   0.472519 0.00813927
   0.23151   0.164893   0.093878  0.0290609   0.472519 0.00813927
  0.226692   0.176559  0.0813589  0.0254486   0.485236 0.00470565
  0.232866   0.164315  0.0853433  0.0245061   0.489088 0.00388188
  0.232866   0.164315  0.0853433  0.0245061   0.489088 0.00388188
  0.232866   0.164315  0.0853433  0.0245061   0.489088 0.00388188
  0.232866   0.164315  0.0853433  0.0245061   0.489088 0.00388188
  0.212937   0.162161    0.08012  0.0306139   0.510127 0.00404082
  0.222303   0.160378    0.07851  0.0347747   0.500599 0.00343575
  0.226372   0.158108  0.0840084  0.0361333   0.491889 0.00348877
  0.233691   0.150527  0.0767966  0.0351096   0.498631 0.00524449
  0.233691   0.150527  0.0767966  0.0351096   0.498631 0.00524449
  0.233691   0.150527  0.0767966  0.0351096   0.498631 0.00524449
  0.233691   0.150527  0.0767966  0.0351096   0.498631 0.00524449
  0.233691   0.150527  0.0767966  0.0351096   0.498631 0.00524449
   0.22788    0.15454  0.0650747  0.0283069   0.516433 0.00776464
   0.22788    0.15454  0.0650747  0.0283069   0.516433 0.00776464
   0.22788    0.15454  0.0650747  0.0283069   0.516433 0.00776464
  0.22922  0.144511 0.0839969 0.0271114  0.498937 0.0162239
 0.225538  0.160176 0.0860482 0.0291693  0.479662 0.0194063
 0.242744  0.169292 0.0852428 0.0221752  0.463907 0.0166392
 0.242744  0.169292 0.0852428 0.0221752  0.463907 0.0166392
 0.242744  0.169292 0.0852428 0.0221752  0.463907 0.0166392
 0.242744  0.169292 0.0852428 0.0221752  0.463907 0.0166392
 0.242744  0.169292 0.0852428 0.0221752  0.463907 0.0166392
 0.242744  0.169292 0.0852428 0.0221752  0.463907 0.0166392
 0.242744  0.169292 0.0852428 0.0221752  0.463907 0.0166392
 0.242744  0.169292 0.0852428 0.0221752  0.463907 0.0166392
 0.262809  0.154371 0.0852236 0.0231958  0.463996 0.0104038
 0.262809  0.154371 0.0852236 0.0231958  0.463996 0.0104038
 0.264856  0.161236  0.084429 0.0227209  0.455202 0.0115552
 0.264856  0.161236  0.084429 0.0227209  0.455202 0.0115552
  0.26951  0.160525 0.0813762 0.0221112  0.451004  0.015473
 0.262793   0.17496 0.0761655 0.0206001  0.450113 0.0153678
 0.262793   0.17496 0.0761655 0.0206001  0.450113 0.0153678
 0.262793   0.17496 0.0761655 0.0206001  0.450113 0.0153678
 0.262793   0.17496 0.0761655 0.0206001  0.450113 0.0153678
 0.270542  0.172465 0.0850005 0.0205978  0.439053 0.0123416
 0.270542  0.172465 0.0850005 0.0205978  0.439053 0.0123416
 0.265039    0.1556 0.0832907 0.0156145  0.468462  0.011994
  0.262975   0.170081   0.077853  0.0250886   0.456144 0.00785862
  0.287679   0.139521  0.0705627  0.0201005   0.476364 0.00577246
  0.287679   0.139521  0.0705627  0.0201005   0.476364 0.00577246
  0.278806   0.133208  0.0768834  0.0196179   0.490114 0.00137134
  0.278806   0.133208  0.0768834  0.0196179   0.490114 0.00137134
   0.29771   0.135896  0.0779435  0.0165444   0.470835 0.00107175
   0.29771   0.135896  0.0779435  0.0165444   0.470835 0.00107175
   0.29771   0.135896  0.0779435  0.0165444   0.470835 0.00107175
  0.293175   0.138467  0.0977637  0.0108582   0.455562 0.00417449
  0.293175   0.138467  0.0977637  0.0108582   0.455562 0.00417449
  0.278647   0.145808   0.110053   0.010585    0.45177 0.00313636
  0.275448   0.150072   0.110183  0.0104652   0.452801 0.00103095
  0.275448   0.150072   0.110183  0.0104652   0.452801 0.00103095
   0.25856   0.147542   0.113402  0.0119064   0.467471 0.00111776
   0.25856   0.147542   0.113402  0.0119064   0.467471 0.00111776
   0.26995   0.149185   0.101539  0.0120027   0.466662 0.00066076
   0.26995   0.149185   0.101539  0.0120027   0.466662 0.00066076
  0.264288    0.14943   0.104221  0.0140173   0.466655 0.00138888
  0.269284     0.1636  0.0884471  0.0210255   0.455263 0.00238139
  0.270728   0.159993  0.0896659  0.0193106    0.45472 0.00558263
  0.257101   0.151358   0.101386  0.0250207   0.460108 0.00502634
  0.245443   0.140652   0.100244  0.0308213   0.478377 0.00446157
  0.245443   0.140652   0.100244  0.0308213   0.478377 0.00446157
  0.247652   0.135555  0.0901534  0.0254715   0.492242 0.00892578
  0.24683  0.125794 0.0859214 0.0235709  0.507257 0.0106263
 0.244045  0.133978 0.0873967 0.0196961  0.500731 0.0141532
 0.244045  0.133978 0.0873967 0.0196961  0.500731 0.0141532
 0.244045  0.133978 0.0873967 0.0196961  0.500731 0.0141532
 0.244045  0.133978 0.0873967 0.0196961  0.500731 0.0141532
  0.249228   0.124243  0.0785473  0.0249171   0.514369 0.00869564
  0.249228   0.124243  0.0785473  0.0249171   0.514369 0.00869564
  0.239193   0.122747  0.0906466  0.0281912   0.514495 0.00472693
  0.239193   0.122747  0.0906466  0.0281912   0.514495 0.00472693
  0.239193   0.122747  0.0906466  0.0281912   0.514495 0.00472693
  0.221817   0.125324  0.0931037  0.0301399   0.527454 0.00216173
  0.221817   0.125324  0.0931037  0.0301399   0.527454 0.00216173
  0.220574   0.129915  0.0944347  0.0347895   0.517271 0.00301596
  0.220574   0.129915  0.0944347  0.0347895   0.517271 0.00301596
  0.220574   0.129915  0.0944347  0.0347895   0.517271 0.00301596
  0.223887   0.127268   0.098561  0.0374155   0.509423 0.00344627
  0.223887   0.127268   0.098561  0.0374155   0.509423 0.00344627
  0.223887   0.127268   0.098561  0.0374155   0.509423 0.00344627
  0.223887   0.127268   0.098561  0.0374155   0.509423 0.00344627
  0.223887   0.127268   0.098561  0.0374155   0.509423 0.00344627
  0.232942   0.120895   0.094518  0.0314251   0.517285 0.00293517
  0.232942   0.120895   0.094518  0.0314251   0.517285 0.00293517
  0.232942   0.120895   0.094518  0.0314251   0.517285 0.00293517
  0.232942   0.120895   0.094518  0.0314251   0.517285 0.00293517
  0.262858   0.132795  0.0889616  0.0358677   0.475296 0.00422143
  0.260667   0.134983  0.0847248  0.0328639   0.478638 0.00812369
  0.260667   0.134983  0.0847248  0.0328639   0.478638 0.00812369
  0.267325   0.145379  0.0688094   0.035971   0.475717 0.00679777
  0.261232   0.152501  0.0820794  0.0321154   0.465152 0.00692014
  0.261232   0.152501  0.0820794  0.0321154   0.465152 0.00692014
  0.261232   0.152501  0.0820794  0.0321154   0.465152 0.00692014
  0.259858   0.147567  0.0831027  0.0383024   0.467572 0.00359787
  0.259858   0.147567  0.0831027  0.0383024   0.467572 0.00359787
  0.259858   0.147567  0.0831027  0.0383024   0.467572 0.00359787
  0.259858   0.147567  0.0831027  0.0383024   0.467572 0.00359787
  0.259858   0.147567  0.0831027  0.0383024   0.467572 0.00359787
  0.259858   0.147567  0.0831027  0.0383024   0.467572 0.00359787
  0.278694   0.140749  0.0919907  0.0260302   0.459341 0.00319485
    0.2567    0.14148   0.099169  0.0256822   0.471653 0.00531609
  0.256845   0.156614  0.0973635  0.0199469   0.462463 0.00676873
  0.256845   0.156614  0.0973635  0.0199469   0.462463 0.00676873
  0.256845   0.156614  0.0973635  0.0199469   0.462463 0.00676873
  0.256845   0.156614  0.0973635  0.0199469   0.462463 0.00676873
  0.248035   0.158297  0.0959947  0.0187841    0.47187 0.00701966
  0.248035   0.158297  0.0959947  0.0187841    0.47187 0.00701966
 0.232085  0.176083 0.0848452 0.0188177  0.476381 0.0117875
 0.232085  0.176083 0.0848452 0.0188177  0.476381 0.0117875
 0.232085  0.176083 0.0848452 0.0188177  0.476381 0.0117875
 0.232085  0.176083 0.0848452 0.0188177  0.476381 0.0117875
  0.217962   0.189753  0.0971958  0.0144948   0.472517 0.00807773
  0.217962   0.189753  0.0971958  0.0144948   0.472517 0.00807773
  0.217962   0.189753  0.0971958  0.0144948   0.472517 0.00807773
  0.217962   0.189753  0.0971958  0.0144948   0.472517 0.00807773
  0.217962   0.189753  0.0971958  0.0144948   0.472517 0.00807773
  0.231262   0.185437   0.100615  0.0182372   0.458608 0.00584065
  0.231262   0.185437   0.100615  0.0182372   0.458608 0.00584065
  0.258793   0.166032  0.0950826  0.0169154   0.453678 0.00949925
  0.258793   0.166032  0.0950826  0.0169154   0.453678 0.00949925
  0.209841   0.172754   0.120223  0.0179097   0.471637 0.00763517
  0.209841   0.172754   0.120223  0.0179097   0.471637 0.00763517
  0.22307  0.158891  0.108785 0.0186864  0.480171 0.0103957
 0.238196  0.147152  0.105239 0.0201605  0.473402 0.0158496
 0.236277  0.146153 0.0977167 0.0177307  0.482348 0.0197744
 0.265137  0.138941 0.0857708 0.0144768  0.478127 0.0175476
 0.266235  0.145248 0.0917821 0.0157629  0.462341 0.0186303
 0.244456  0.140572 0.0867696 0.0177239  0.496285 0.0141931
 0.240645  0.144464 0.0764074 0.0170218  0.507391 0.0140715
     0.24  0.159736 0.0703927 0.0159312  0.499456 0.0144842
     0.24  0.159736 0.0703927 0.0159312  0.499456 0.0144842
     0.24  0.159736 0.0703927 0.0159312  0.499456 0.0144842
 0.248781  0.177697 0.0723847 0.0152441  0.471004 0.0148892
 0.255199  0.181824 0.0704462 0.0151468   0.47007 0.0073138
 0.255199  0.181824 0.0704462 0.0151468   0.47007 0.0073138
 0.255199  0.181824 0.0704462 0.0151468   0.47007 0.0073138
  0.266744    0.18684  0.0724063  0.0110449    0.45823 0.00473534
  0.266744    0.18684  0.0724063  0.0110449    0.45823 0.00473534
  0.266744    0.18684  0.0724063  0.0110449    0.45823 0.00473534
 0.246958  0.177568 0.0691638 0.0108437  0.490861 0.0046058
 0.246958  0.177568 0.0691638 0.0108437  0.490861 0.0046058
 0.246958  0.177568 0.0691638 0.0108437  0.490861 0.0046058
  0.256315   0.178459   0.070584 0.00711937   0.482579 0.00494299
  0.256315   0.178459   0.070584 0.00711937   0.482579 0.00494299
  0.232638   0.172028  0.0761086 0.00824125    0.50742 0.00356429
  0.228085   0.195593   0.083599 0.00868513   0.478888 0.00514974
  0.228085   0.195593   0.083599 0.00868513   0.478888 0.00514974
  0.228085   0.195593   0.083599 0.00868513   0.478888 0.00514974
  0.228085   0.195593   0.083599 0.00868513   0.478888 0.00514974
  0.228085   0.195593   0.083599 0.00868513   0.478888 0.00514974
  0.222138   0.179725  0.0936376 0.00881653   0.487756 0.00792768
  0.222138   0.179725  0.0936376 0.00881653   0.487756 0.00792768
  0.222138   0.179725  0.0936376 0.00881653   0.487756 0.00792768
  0.204381   0.182731  0.0907692 0.00806848    0.50401    0.01004
  0.204381   0.182731  0.0907692 0.00806848    0.50401    0.01004
    0.2053   0.189548  0.0903859 0.00831925   0.496884 0.00956329
    0.2053   0.189548  0.0903859 0.00831925   0.496884 0.00956329
    0.2053   0.189548  0.0903859 0.00831925   0.496884 0.00956329
  0.203804   0.176171  0.0902952 0.00621193   0.513441  0.0100768
  0.213447   0.162607  0.0939815 0.00781114   0.515585  0.0065682
  0.213447   0.162607  0.0939815 0.00781114   0.515585  0.0065682
  0.212768   0.184741  0.0991797 0.00728435   0.488139 0.00788835
  0.210076   0.175895    0.09701  0.0131337    0.49731 0.00657469
  0.219466   0.173969  0.0942553  0.0182385   0.490952 0.00311894
  0.220571   0.176193  0.0945885  0.0140568   0.490604 0.00398605
  0.220571   0.176193  0.0945885  0.0140568   0.490604 0.00398605
  0.216059   0.153688   0.099076  0.0207564   0.505046 0.00537453
  0.230228   0.152252   0.106756  0.0181215   0.488154 0.00448851
  0.230228   0.152252   0.106756  0.0181215   0.488154 0.00448851
  0.230228   0.152252   0.106756  0.0181215   0.488154 0.00448851
  0.217722   0.158659  0.0992167  0.0206165   0.497834 0.00595173
  0.237559   0.153594  0.0857997  0.0179795   0.498985 0.00608299
  0.236668   0.154985  0.0742249  0.0218913   0.508065 0.00416613
  0.236668   0.154985  0.0742249  0.0218913   0.508065 0.00416613
  0.236668   0.154985  0.0742249  0.0218913   0.508065 0.00416613
  0.236812   0.175071  0.0839235  0.0180223    0.48279 0.00338064
  0.236812   0.175071  0.0839235  0.0180223    0.48279 0.00338064
  0.227806    0.17226   0.079788  0.0242234   0.492245 0.00367788
  0.230995   0.167021  0.0868999  0.0244952   0.488293 0.00229597
  0.230995   0.167021  0.0868999  0.0244952   0.488293 0.00229597
  0.233301   0.166995  0.0767088   0.023542   0.497068 0.00238572
  0.233301   0.166995  0.0767088   0.023542   0.497068 0.00238572
  0.216996   0.163477  0.0821317  0.0195252   0.515782 0.00208804
  0.216996   0.163477  0.0821317  0.0195252   0.515782 0.00208804
   0.217581    0.160281   0.0875152   0.0222596    0.511373 0.000990835
  0.238499   0.147727  0.0963478  0.0173932   0.496874 0.00315845
  0.238499   0.147727  0.0963478  0.0173932   0.496874 0.00315845
  0.238499   0.147727  0.0963478  0.0173932   0.496874 0.00315845
  0.238499   0.147727  0.0963478  0.0173932   0.496874 0.00315845
  0.238499   0.147727  0.0963478  0.0173932   0.496874 0.00315845
  0.238499   0.147727  0.0963478  0.0173932   0.496874 0.00315845
  0.224275   0.154661  0.0896032  0.0178751   0.511862 0.00172255
  0.218387   0.138842  0.0869294  0.0146202   0.538815 0.00240652
  0.219369    0.13312  0.0832015  0.0192799   0.541927 0.00310288
  0.213703   0.130254  0.0884092  0.0144412   0.546926 0.00626679
  0.213703   0.130254  0.0884092  0.0144412   0.546926 0.00626679
  0.213703   0.130254  0.0884092  0.0144412   0.546926 0.00626679
  0.213703   0.130254  0.0884092  0.0144412   0.546926 0.00626679
  0.213703   0.130254  0.0884092  0.0144412   0.546926 0.00626679
 0.212575  0.147927 0.0876703 0.0197608  0.527668 0.0043993
  0.219161   0.151014  0.0842714  0.0208684   0.518563 0.00612149
  0.222178   0.150755  0.0788922  0.0270015   0.516399 0.00477432
  0.222178   0.150755  0.0788922  0.0270015   0.516399 0.00477432
  0.222178   0.150755  0.0788922  0.0270015   0.516399 0.00477432
  0.222178   0.150755  0.0788922  0.0270015   0.516399 0.00477432
  0.222178   0.150755  0.0788922  0.0270015   0.516399 0.00477432
  0.226692   0.152432  0.0749542  0.0235458   0.517385 0.00499096
  0.226692   0.152432  0.0749542  0.0235458   0.517385 0.00499096
  0.226692   0.152432  0.0749542  0.0235458   0.517385 0.00499096
  0.221798   0.151508  0.0683693  0.0216963    0.52687 0.00975749
 0.218981  0.156458 0.0685445 0.0193495  0.526201 0.0104664
 0.218981  0.156458 0.0685445 0.0193495  0.526201 0.0104664
 0.214263  0.152231 0.0778186 0.0176635  0.526045 0.0119787
 0.214263  0.152231 0.0778186 0.0176635  0.526045 0.0119787
 0.237351    0.1387 0.0709738 0.0140925  0.526317 0.0125657
   0.22369   0.135452  0.0744121  0.0152662   0.543348 0.00783143
  0.214558   0.143181  0.0909428  0.0170027   0.527178 0.00713824
  0.214558   0.143181  0.0909428  0.0170027   0.527178 0.00713824
  0.214558   0.143181  0.0909428  0.0170027   0.527178 0.00713824
   0.21986    0.14206   0.091883  0.0148482   0.523344 0.00800485
   0.21986    0.14206   0.091883  0.0148482   0.523344 0.00800485
  0.224913    0.14049  0.0889889  0.0122757   0.524675 0.00865786
  0.224913    0.14049  0.0889889  0.0122757   0.524675 0.00865786
 0.218347  0.157846 0.0812336  0.018374  0.511283 0.0129162
 0.218347  0.157846 0.0812336  0.018374  0.511283 0.0129162
 0.215325  0.169172 0.0807332 0.0227661   0.50284 0.0091641
 0.215325  0.169172 0.0807332 0.0227661   0.50284 0.0091641
  0.203125   0.166949  0.0821005  0.0229863   0.519263 0.00557649
  0.202892   0.169507  0.0834828  0.0231144    0.51632 0.00468422
  0.202892   0.169507  0.0834828  0.0231144    0.51632 0.00468422
  0.202892   0.169507  0.0834828  0.0231144    0.51632 0.00468422
  0.207478   0.168296   0.082592  0.0264192   0.512493 0.00272206
  0.224131   0.147657  0.0866773   0.024691   0.514104 0.00273938
  0.245128   0.157866  0.0782067  0.0292211   0.484743 0.00483607
  0.245128   0.157866  0.0782067  0.0292211   0.484743 0.00483607
  0.256977   0.156871  0.0756793  0.0263915   0.478566 0.00551557
  0.244872   0.152399  0.0825295  0.0294314   0.486017 0.00475117
  0.244872   0.152399  0.0825295  0.0294314   0.486017 0.00475117
  0.244872   0.152399  0.0825295  0.0294314   0.486017 0.00475117
  0.244872   0.152399  0.0825295  0.0294314   0.486017 0.00475117
  0.244872   0.152399  0.0825295  0.0294314   0.486017 0.00475117
  0.244872   0.152399  0.0825295  0.0294314   0.486017 0.00475117
  0.244872   0.152399  0.0825295  0.0294314   0.486017 0.00475117
  0.253648   0.152096  0.0809297  0.0249979   0.485766 0.00256234
  0.253648   0.152096  0.0809297  0.0249979   0.485766 0.00256234
  0.253648   0.152096  0.0809297  0.0249979   0.485766 0.00256234
  0.246373     0.1522  0.0809856   0.026125   0.491236 0.00307998
  0.245653   0.142488  0.0837519  0.0265395   0.498801 0.00276727
  0.245653   0.142488  0.0837519  0.0265395   0.498801 0.00276727
 0.232712  0.150289 0.0899029 0.0274332  0.491815 0.0078475
 0.232712  0.150289 0.0899029 0.0274332  0.491815 0.0078475
 0.235437  0.150605 0.0985343 0.0231786  0.482131 0.0101134
   0.25147   0.154587  0.0879699  0.0217688   0.475834 0.00837054
  0.230591   0.182235  0.0843908  0.0194314   0.480152 0.00319944
  0.230591   0.182235  0.0843908  0.0194314   0.480152 0.00319944
  0.230591   0.182235  0.0843908  0.0194314   0.480152 0.00319944
  0.250164   0.189429  0.0821332  0.0156774   0.457274 0.00532179
  0.264192   0.159142   0.079958  0.0224909   0.469331 0.00488659
  0.270602   0.152984  0.0759997   0.020104   0.473027 0.00728351
  0.270602   0.152984  0.0759997   0.020104   0.473027 0.00728351
  0.270602   0.152984  0.0759997   0.020104   0.473027 0.00728351
  0.27243  0.159551 0.0741735  0.030045  0.454536 0.0092642
  0.27243  0.159551 0.0741735  0.030045  0.454536 0.0092642
   0.26256   0.150976  0.0734103  0.0335157    0.47369 0.00584767
  0.272971    0.14965   0.084067   0.026564     0.4601 0.00664807
  0.268865   0.156399  0.0827439  0.0248575   0.464585 0.00254954
  0.252227   0.176854  0.0777224  0.0201325   0.470672 0.00239219
  0.252305    0.16616  0.0737102  0.0191515   0.484146 0.00452786
  0.245029   0.170004  0.0738854  0.0210278    0.48474 0.00531409
  0.245029   0.170004  0.0738854  0.0210278    0.48474 0.00531409
  0.245029   0.170004  0.0738854  0.0210278    0.48474 0.00531409
  0.245029   0.170004  0.0738854  0.0210278    0.48474 0.00531409
  0.223551   0.164418  0.0809186  0.0228231   0.502449 0.00584118
  0.223551   0.164418  0.0809186  0.0228231   0.502449 0.00584118
  0.223551   0.164418  0.0809186  0.0228231   0.502449 0.00584118
  0.223551   0.164418  0.0809186  0.0228231   0.502449 0.00584118
   0.23947   0.162047    0.07549   0.023958   0.491753 0.00728131
   0.23947   0.162047    0.07549   0.023958   0.491753 0.00728131
  0.235269   0.163145  0.0740306  0.0196882    0.49813 0.00973712
  0.235269   0.163145  0.0740306  0.0196882    0.49813 0.00973712
  0.264713    0.16463  0.0730461  0.0162722   0.473699 0.00764004
  0.264713    0.16463  0.0730461  0.0162722   0.473699 0.00764004
  0.264713    0.16463  0.0730461  0.0162722   0.473699 0.00764004
  0.267037   0.159163  0.0641516   0.020636   0.485345 0.00366712
  0.267037   0.159163  0.0641516   0.020636   0.485345 0.00366712
  0.251487   0.167945  0.0744073  0.0214297   0.480358 0.00437406
  0.255559   0.178679   0.061878  0.0272574   0.471355 0.00527161
  0.255559   0.178679   0.061878  0.0272574   0.471355 0.00527161
  0.255559   0.178679   0.061878  0.0272574   0.471355 0.00527161
  0.255559   0.178679   0.061878  0.0272574   0.471355 0.00527161
  0.267938   0.169471  0.0637908  0.0313352   0.461228 0.00623622
  0.267938   0.169471  0.0637908  0.0313352   0.461228 0.00623622
  0.267938   0.169471  0.0637908  0.0313352   0.461228 0.00623622
  0.284508   0.166555  0.0609993  0.0285114   0.452272 0.00715349
  0.269596   0.143244  0.0711322  0.0341922   0.473845 0.00799094
  0.292937     0.1546  0.0700423  0.0293569   0.448338 0.00472608
  0.292937     0.1546  0.0700423  0.0293569   0.448338 0.00472608
  0.292937     0.1546  0.0700423  0.0293569   0.448338 0.00472608
  0.284844   0.151314  0.0605151  0.0318452    0.46723 0.00425233
  0.275113   0.160117  0.0680111  0.0329307   0.456517 0.00731091
  0.277634    0.14202  0.0749425   0.030298   0.468278 0.00682734
  0.252146   0.137043  0.0736271  0.0241832   0.505045 0.00795578
  0.252146   0.137043  0.0736271  0.0241832   0.505045 0.00795578
  0.263558    0.14647   0.074269  0.0209734   0.487771 0.00695913
  0.263558    0.14647   0.074269  0.0209734   0.487771 0.00695913
  0.260881   0.138696  0.0724012  0.0224042   0.499389 0.00622917
  0.260881   0.138696  0.0724012  0.0224042   0.499389 0.00622917
  0.260881   0.138696  0.0724012  0.0224042   0.499389 0.00622917
  0.260881   0.138696  0.0724012  0.0224042   0.499389 0.00622917
  0.260881   0.138696  0.0724012  0.0224042   0.499389 0.00622917
  0.262344   0.137715   0.067198  0.0174243   0.509993 0.00532527
   0.25893   0.136328   0.064026  0.0205695   0.514462 0.00568443
   0.25893   0.136328   0.064026  0.0205695   0.514462 0.00568443
  0.282472   0.132321  0.0682944   0.023039   0.488121 0.00575289
  0.26777      0.13 0.0717304 0.0182873  0.507683 0.0045291
  0.26777      0.13 0.0717304 0.0182873  0.507683 0.0045291
 0.261452  0.145968 0.0777757 0.0181875  0.489752 0.0068655
  0.268584   0.142357  0.0884397  0.0162997   0.477025 0.00729541
  0.268584   0.142357  0.0884397  0.0162997   0.477025 0.00729541
  0.268584   0.142357  0.0884397  0.0162997   0.477025 0.00729541
  0.254817   0.124603  0.0864392  0.0126376   0.511912 0.00959125
  0.254817   0.124603  0.0864392  0.0126376   0.511912 0.00959125
  0.250059   0.137642  0.0953832  0.0101711   0.497846 0.00889894
   0.22259   0.152697   0.110107  0.0152159   0.490712 0.00867786
   0.22259   0.152697   0.110107  0.0152159   0.490712 0.00867786
   0.22259   0.152697   0.110107  0.0152159   0.490712 0.00867786
 0.226288   0.15446  0.099966  0.016707   0.49174 0.0108389
 0.226288   0.15446  0.099966  0.016707   0.49174 0.0108389
 0.226288   0.15446  0.099966  0.016707   0.49174 0.0108389
 0.233069  0.157814 0.0897271 0.0144242  0.493904 0.0110624
 0.233069  0.157814 0.0897271 0.0144242  0.493904 0.0110624
 0.226363   0.16179 0.0964346 0.0161888  0.488646 0.0105779
 0.226363   0.16179 0.0964346 0.0161888  0.488646 0.0105779
 0.248924  0.150834 0.0957905 0.0157111  0.477289 0.0114508
 0.248924  0.150834 0.0957905 0.0157111  0.477289 0.0114508
 0.248924  0.150834 0.0957905 0.0157111  0.477289 0.0114508
 0.248924  0.150834 0.0957905 0.0157111  0.477289 0.0114508
 0.248924  0.150834 0.0957905 0.0157111  0.477289 0.0114508
 0.226308   0.17153 0.0896981 0.0197026  0.481339 0.0114223
 0.226308   0.17153 0.0896981 0.0197026  0.481339 0.0114223
 0.226308   0.17153 0.0896981 0.0197026  0.481339 0.0114223
 0.226308   0.17153 0.0896981 0.0197026  0.481339 0.0114223
  0.22497  0.167535   0.08941 0.0220712  0.485632 0.0103822
  0.22497  0.167535   0.08941 0.0220712  0.485632 0.0103822
  0.22497  0.167535   0.08941 0.0220712  0.485632 0.0103822
 0.235027  0.158648 0.0913202 0.0195717  0.484469 0.0109637
 0.235027  0.158648 0.0913202 0.0195717  0.484469 0.0109637
 0.235027  0.158648 0.0913202 0.0195717  0.484469 0.0109637
 0.235027  0.158648 0.0913202 0.0195717  0.484469 0.0109637
 0.235027  0.158648 0.0913202 0.0195717  0.484469 0.0109637
 0.235027  0.158648 0.0913202 0.0195717  0.484469 0.0109637
 0.235027  0.158648 0.0913202 0.0195717  0.484469 0.0109637
 0.235027  0.158648 0.0913202 0.0195717  0.484469 0.0109637
  0.234766    0.15354   0.101227  0.0159446   0.486658 0.00786416
  0.234766    0.15354   0.101227  0.0159446   0.486658 0.00786416
  0.234766    0.15354   0.101227  0.0159446   0.486658 0.00786416
  0.233808   0.165376   0.102313  0.0145369   0.474735 0.00923064
  0.240547   0.172969   0.098542  0.0178993   0.461299 0.00874299
  0.237551   0.169835   0.101053  0.0190423    0.46631 0.00620826
  0.237551   0.169835   0.101053  0.0190423    0.46631 0.00620826
  0.229596   0.178412  0.0940484  0.0235441   0.469068 0.00533193
  0.229596   0.178412  0.0940484  0.0235441   0.469068 0.00533193
  0.229596   0.178412  0.0940484  0.0235441   0.469068 0.00533193
  0.229596   0.178412  0.0940484  0.0235441   0.469068 0.00533193
  0.229596   0.178412  0.0940484  0.0235441   0.469068 0.00533193
  0.229596   0.178412  0.0940484  0.0235441   0.469068 0.00533193
   0.22375   0.181764  0.0884739  0.0250599   0.475184 0.00576741
   0.22375   0.181764  0.0884739  0.0250599   0.475184 0.00576741
   0.22375   0.181764  0.0884739  0.0250599   0.475184 0.00576741
   0.22375   0.181764  0.0884739  0.0250599   0.475184 0.00576741
  0.207795   0.173196  0.0975101  0.0256195   0.491497 0.00438206
  0.220182   0.176127  0.0886051  0.0232996   0.487655 0.00413007
  0.220182   0.176127  0.0886051  0.0232996   0.487655 0.00413007
  0.220182   0.176127  0.0886051  0.0232996   0.487655 0.00413007
 0.218266  0.170006 0.0874814 0.0263327  0.493613 0.0043009
 0.218266  0.170006 0.0874814 0.0263327  0.493613 0.0043009
  0.23525  0.160085 0.0966039  0.019238  0.477528 0.0112944
  0.23525  0.160085 0.0966039  0.019238  0.477528 0.0112944
 0.243253  0.167279 0.0919161 0.0110075  0.476394 0.0101501
 0.243253  0.167279 0.0919161 0.0110075  0.476394 0.0101501
  0.249912   0.166675  0.0933936   0.010902   0.470239 0.00887781
 0.240635  0.171808 0.0837952 0.0147877  0.476579 0.0123956
 0.240635  0.171808 0.0837952 0.0147877  0.476579 0.0123956
 0.240635  0.171808 0.0837952 0.0147877  0.476579 0.0123956
  0.228658    0.17328  0.0844486  0.0140638   0.490253 0.00929645
  0.24831  0.160663 0.0752893 0.0196773   0.48283 0.0132306
 0.232243  0.164277 0.0848072 0.0179565  0.487611 0.0131048
 0.232243  0.164277 0.0848072 0.0179565  0.487611 0.0131048
 0.239616  0.155321 0.0794794 0.0174329  0.496733 0.0114176
 0.244949  0.139605  0.079294 0.0171525  0.506584 0.0124153
 0.244949  0.139605  0.079294 0.0171525  0.506584 0.0124153
 0.244949  0.139605  0.079294 0.0171525  0.506584 0.0124153
 0.254443  0.142236 0.0797725 0.0265557  0.484596 0.0123978
 0.254443  0.142236 0.0797725 0.0265557  0.484596 0.0123978
 0.254443  0.142236 0.0797725 0.0265557  0.484596 0.0123978
 0.254443  0.142236 0.0797725 0.0265557  0.484596 0.0123978
 0.250794  0.159738 0.0777748 0.0204152  0.480876 0.0104017
 0.250794  0.159738 0.0777748 0.0204152  0.480876 0.0104017
  0.236623   0.166391  0.0771506  0.0202135     0.4915 0.00812142
  0.236623   0.166391  0.0771506  0.0202135     0.4915 0.00812142
  0.236623   0.166391  0.0771506  0.0202135     0.4915 0.00812142
  0.236623   0.166391  0.0771506  0.0202135     0.4915 0.00812142
  0.236623   0.166391  0.0771506  0.0202135     0.4915 0.00812142
  0.236623   0.166391  0.0771506  0.0202135     0.4915 0.00812142
  0.236623   0.166391  0.0771506  0.0202135     0.4915 0.00812142
  0.236623   0.166391  0.0771506  0.0202135     0.4915 0.00812142
  0.236623   0.166391  0.0771506  0.0202135     0.4915 0.00812142
  0.259494   0.147359  0.0753238  0.0180896   0.493149 0.00658523
  0.259494   0.147359  0.0753238  0.0180896   0.493149 0.00658523
  0.259494   0.147359  0.0753238  0.0180896   0.493149 0.00658523
  0.259494   0.147359  0.0753238  0.0180896   0.493149 0.00658523
  0.259494   0.147359  0.0753238  0.0180896   0.493149 0.00658523
  0.259494   0.147359  0.0753238  0.0180896   0.493149 0.00658523
  0.259494   0.147359  0.0753238  0.0180896   0.493149 0.00658523
  0.259494   0.147359  0.0753238  0.0180896   0.493149 0.00658523
  0.256718   0.149731  0.0805807  0.0167922    0.49023 0.00594767
  0.244409   0.135604  0.0805627 0.00989368   0.524045 0.00548492
  0.244409   0.135604  0.0805627 0.00989368   0.524045 0.00548492
  0.255892   0.139134  0.0770132   0.010466   0.512059 0.00543582
  0.255892   0.139134  0.0770132   0.010466   0.512059 0.00543582
  0.255892   0.139134  0.0770132   0.010466   0.512059 0.00543582
  0.256575   0.133899  0.0753363  0.0142441   0.513688 0.00625725
  0.256575   0.133899  0.0753363  0.0142441   0.513688 0.00625725
  0.266293   0.132668  0.0724975  0.0126738    0.51092 0.00494695
  0.257522     0.1411  0.0751866 0.00961106   0.512605 0.00397581
  0.257522     0.1411  0.0751866 0.00961106   0.512605 0.00397581
  0.254762   0.143941  0.0708662 0.00668776   0.517048 0.00669571
  0.239132   0.136898  0.0690664 0.00823521   0.541939 0.00472972
  0.231201   0.129648  0.0738888  0.0102153   0.547838 0.00720863
  0.231201   0.129648  0.0738888  0.0102153   0.547838 0.00720863
  0.215105   0.132404  0.0816927  0.0140741   0.549593 0.00713077
 0.211294  0.136438 0.0739302 0.0150899  0.553036 0.0102115
  0.217889   0.120503  0.0773862  0.0195307   0.556366 0.00832538
  0.222597   0.119141  0.0823526  0.0214767   0.544976 0.00945678
  0.222597   0.119141  0.0823526  0.0214767   0.544976 0.00945678
  0.222597   0.119141  0.0823526  0.0214767   0.544976 0.00945678
  0.222597   0.119141  0.0823526  0.0214767   0.544976 0.00945678
  0.222597   0.119141  0.0823526  0.0214767   0.544976 0.00945678
  0.222597   0.119141  0.0823526  0.0214767   0.544976 0.00945678
  0.247702   0.120347  0.0904048  0.0293083   0.505426 0.00681223
  0.256508   0.134833  0.0923703  0.0231123   0.484272 0.00890481
  0.256508   0.134833  0.0923703  0.0231123   0.484272 0.00890481
  0.250085   0.154927  0.0927494  0.0254651   0.470271 0.00650235
  0.235561   0.153002   0.100945  0.0223872    0.47874 0.00936468
 0.243875   0.17295 0.0805923 0.0186483  0.473595 0.0103402
 0.228643  0.174614 0.0804999 0.0189786  0.487069  0.010195
 0.228643  0.174614 0.0804999 0.0189786  0.487069  0.010195
  0.242995   0.167412  0.0742847  0.0219958    0.48637 0.00694293
  0.242995   0.167412  0.0742847  0.0219958    0.48637 0.00694293
  0.242995   0.167412  0.0742847  0.0219958    0.48637 0.00694293
  0.229293   0.164717   0.082912  0.0266311    0.49153 0.00491682
 0.249855    0.1752 0.0867844 0.0139133   0.46827 0.0059775
  0.253467   0.168803   0.079831  0.0138763   0.479727 0.00429558
  0.244725   0.167614  0.0792513  0.0133023   0.488519 0.00658797
  0.244725   0.167614  0.0792513  0.0133023   0.488519 0.00658797
  0.224169   0.157659  0.0871243 0.00910588     0.5152 0.00674236
  0.224169   0.157659  0.0871243 0.00910588     0.5152 0.00674236
  0.224169   0.157659  0.0871243 0.00910588     0.5152 0.00674236
  0.224169   0.157659  0.0871243 0.00910588     0.5152 0.00674236
  0.238137   0.138047  0.0967773  0.0127206   0.507383 0.00693499
  0.235897   0.145244  0.0810773  0.0119566    0.51665 0.00917379
  0.235897   0.145244  0.0810773  0.0119566    0.51665 0.00917379
  0.235897   0.145244  0.0810773  0.0119566    0.51665 0.00917379
  0.235897   0.145244  0.0810773  0.0119566    0.51665 0.00917379
  0.226381   0.172247  0.0801258  0.0103198   0.503285 0.00764191
  0.226381   0.172247  0.0801258  0.0103198   0.503285 0.00764191
 0.206293  0.172172 0.0769506 0.0167067  0.517042 0.0108355
  0.214536   0.156304  0.0797385  0.0166625   0.525066 0.00769303
  0.215536   0.141756  0.0674875  0.0240836   0.541619 0.00951824
  0.215536   0.141756  0.0674875  0.0240836   0.541619 0.00951824
 0.226195  0.148338 0.0649426 0.0202564  0.531193 0.0090755
  0.231226   0.144854  0.0660832  0.0184537   0.531537 0.00784648
 0.223165  0.139906 0.0565079 0.0223541  0.546683 0.0113836
  0.216549   0.164971  0.0576142  0.0171311     0.5347 0.00903422
  0.232847   0.167331  0.0617817  0.0225292   0.509282 0.00622864
   0.23573   0.172704  0.0718767  0.0197219   0.495747 0.00422155
  0.240109   0.151099  0.0662972  0.0230284   0.513912 0.00555431
  0.240109   0.151099  0.0662972  0.0230284   0.513912 0.00555431
  0.231443    0.14488  0.0677989  0.0188169   0.532423 0.00463893
 0.236286  0.139321 0.0657405 0.0205648  0.533484 0.0046035
 0.236286  0.139321 0.0657405 0.0205648  0.533484 0.0046035
 0.236286  0.139321 0.0657405 0.0205648  0.533484 0.0046035
 0.236286  0.139321 0.0657405 0.0205648  0.533484 0.0046035
  0.242767   0.134619  0.0746084   0.016011    0.52529 0.00670455
  0.242767   0.134619  0.0746084   0.016011    0.52529 0.00670455
  0.242767   0.134619  0.0746084   0.016011    0.52529 0.00670455
  0.244079   0.132761  0.0771946  0.0151352    0.52105 0.00978073
 0.238814  0.145433 0.0798142 0.0135597  0.509878 0.0125015
 0.252942  0.131987 0.0837057  0.018159  0.502309 0.0108968
 0.252942  0.131987 0.0837057  0.018159  0.502309 0.0108968
 0.252942  0.131987 0.0837057  0.018159  0.502309 0.0108968
  0.25165  0.131023 0.0752403 0.0159803  0.515039 0.0110676
  0.25165  0.131023 0.0752403 0.0159803  0.515039 0.0110676
  0.25165  0.131023 0.0752403 0.0159803  0.515039 0.0110676
  0.25165  0.131023 0.0752403 0.0159803  0.515039 0.0110676
  0.25165  0.131023 0.0752403 0.0159803  0.515039 0.0110676
  0.247971    0.12461  0.0696861  0.0219049   0.527438 0.00838985
