GEN	stNNI( topo{0};brlens{0} )$run0	eSPR( topo{0};brlens{0};stopProb=0.5 )$run0	parsSpr( topo{0};brlens{0};radius=9,warp=0.1 )$run0	likeSPR( topo{0};brlens{0};radius=7,warp=1 )$run0	blMult( brlens{0} )$run0	TL-Mult( brlens{0} )$run0	blDistGamma( brlens{0} )$run0	freqSlider( statefreq{0};brlens{0} )$run0	freqDirich( statefreq{0};brlens{0} )$run0	revMatSlider( revmat{0};brlens{0} )$run0	revMatDirich( revmat{0};brlens{0} )$run0	rateHetMulti( ratehet{0} )$run0
5000	0.0175913,739	0.00789474,760	0.0321716,746	0.0632411,253	0.212121,957	0.0431655,139	0.871003,907	0.207792,77	0.164384,73	0.269231,104	0.203125,128	0.299145,117
10000	0.0108696,1472	0.00390371,1537	0.0193721,1497	0.0365854,492	0.227126,1858	0.0567376,282	0.838941,1813	0.160305,131	0.0921986,141	0.157205,229	0.0893471,291	0.140078,257
15000	0.00763016,2228	0.00307152,2279	0.0149457,2208	0.0254351,747	0.231183,2790	0.0831354,421	0.828069,2786	0.136364,198	0.0654206,214	0.123457,324	0.0628019,414	0.102302,391
20000	0.00593472,3033	0.00230112,3042	0.0110924,2975	0.018981,1001	0.236728,3692	0.116487,558	0.834115,3623	0.136201,279	0.0510949,274	0.109649,456	0.0577281,537	0.0886792,530
25000	0.00578491,3803	0.00208333,3840	0.00987984,3745	0.0150555,1262	0.238022,4571	0.151471,680	0.840788,4516	0.144543,339	0.0434783,345	0.110727,578	0.0555556,666	0.0854962,655
30000	0.00522876,4590	0.00173085,4622	0.00830714,4454	0.0138981,1511	0.239993,5521	0.154313,823	0.856904,5381	0.169576,401	0.0383693,417	0.133615,711	0.0514429,797	0.0906736,772
35000	0.00468604,5335	0.00149115,5365	0.007099,5212	0.0124434,1768	0.240144,6392	0.161123,962	0.872086,6348	0.172043,465	0.0349076,487	0.162736,848	0.0592672,928	0.110112,890
40000	0.00409433,6106	0.00130018,6153	0.00616256,6004	0.0112911,2037	0.240705,7262	0.169742,1084	0.880414,7250	0.173258,531	0.0357782,559	0.171941,948	0.061263,1061	0.109453,1005
45000	0.00393471,6862	0.00130133,6916	0.00561881,6763	0.0109075,2292	0.242561,8200	0.178808,1208	0.889244,8135	0.179572,607	0.0483871,620	0.170956,1088	0.0629787,1175	0.126984,1134
50000	0.00367647,7616	0.00143697,7655	0.00501716,7574	0.0102001,2549	0.244163,9080	0.180859,1327	0.896075,9045	0.199128,688	0.0476879,692	0.186623,1211	0.0670221,1313	0.1352,1250
55000	0.00380907,8401	0.00142399,8427	0.00457335,8309	0.00992908,2820	0.24641,9959	0.189796,1470	0.901529,9942	0.201058,756	0.0506667,750	0.19012,1336	0.0690377,1434	0.14255,1396
60000	0.00369044,9213	0.0013011,9223	0.00419056,9068	0.00980392,3060	0.246242,10843	0.196226,1590	0.906212,10833	0.202192,821	0.0541205,813	0.199863,1456	0.0710627,1562	0.146904,1518
65000	0.00341194,9965	0.00130013,9999	0.00386965,9820	0.00957797,3341	0.248698,11713	0.200117,1709	0.909717,11752	0.209713,906	0.0617143,875	0.20875,1600	0.07096,1677	0.159464,1643
70000	0.00314553,10809	0.00139392,10761	0.00357815,10620	0.00953182,3567	0.249264,12561	0.20271,1845	0.913202,12604	0.205312,979	0.0626993,941	0.208405,1737	0.07393,1799	0.164885,1777
75000	0.00301257,11618	0.0013073,11474	0.00333275,11402	0.00907676,3856	0.247951,13418	0.203061,1960	0.915663,13529	0.206963,1034	0.0687251,1004	0.207395,1866	0.0728029,1923	0.167537,1916
80000	0.00291687,12342	0.00131019,12212	0.00312423,12163	0.00847458,4130	0.24885,14342	0.205684,2076	0.917795,14476	0.216364,1100	0.0729167,1056	0.209945,1991	0.0732654,2061	0.174549,2051
85000	0.00305064,13112	0.00138932,12956	0.00293323,12955	0.00860702,4415	0.249262,15253	0.210478,2195	0.919536,15361	0.222125,1148	0.0738074,1111	0.213037,2117	0.073026,2191	0.180238,2186
90000	0.00317231,13870	0.00131301,13709	0.00276183,13759	0.00833868,4677	0.249675,16149	0.217429,2318	0.921508,16231	0.223134,1219	0.0745394,1194	0.220309,2265	0.0797733,2294	0.183153,2315
95000	0.00307671,14626	0.00130683,14539	0.00261546,14529	0.00789634,4939	0.249442,17014	0.217054,2451	0.922974,17137	0.223354,1276	0.0786963,1258	0.224217,2395	0.080867,2399	0.194501,2437
100000	0.00292797,15369	0.00143304,15352	0.00261421,15301	0.00866384,5194	0.249483,17905	0.219352,2594	0.924316,18009	0.218168,1343	0.0795455,1320	0.226318,2523	0.0810597,2529	0.194065,2561
105000	0.00309885,16135	0.0015556,16071	0.00248062,16125	0.00895468,5472	0.25012,18803	0.223953,2697	0.926016,18896	0.218994,1411	0.0798838,1377	0.225066,2657	0.0816403,2658	0.19533,2698
110000	0.00301936,16891	0.00148131,16877	0.00236813,16891	0.00861766,5686	0.251245,19686	0.224938,2823	0.927655,19794	0.220727,1486	0.0792768,1438	0.224249,2796	0.0835125,2790	0.195637,2842
115000	0.00294251,17672	0.00147493,17628	0.00226912,17628	0.00824222,5945	0.250873,20624	0.228485,2963	0.928623,20707	0.224952,1547	0.081403,1511	0.22707,2911	0.0835903,2919	0.197623,2945
120000	0.00282317,18419	0.0014099,18441	0.00217521,18389	0.00789177,6209	0.251138,21522	0.230645,3087	0.929576,21612	0.22375,1600	0.0804376,1554	0.226434,3034	0.0874712,3041	0.195666,3092
125000	0.00276344,19179	0.00135156,19237	0.00209446,19098	0.00775555,6447	0.252127,22445	0.234016,3222	0.930487,22528	0.226755,1667	0.0790926,1631	0.228399,3148	0.0899371,3180	0.197949,3218
130000	0.0027103,19924	0.00130156,19976	0.00211246,19882	0.00759268,6717	0.252025,23331	0.233024,3343	0.931552,23463	0.23117,1726	0.0800942,1698	0.226634,3274	0.089399,3311	0.203875,3355
135000	0.00270584,20696	0.00125271,20755	0.00208414,20632	0.00750144,6932	0.251742,24251	0.232411,3468	0.93265,24380	0.232143,1792	0.0834279,1762	0.226819,3408	0.0896432,3447	0.205637,3477
140000	0.00265499,21469	0.00120751,21532	0.00201029,21390	0.00765697,7183	0.252485,25150	0.237977,3618	0.932895,25274	0.232181,1852	0.0825638,1841	0.22554,3516	0.0909345,3574	0.210219,3601
145000	0.00261085,22215	0.00120989,22316	0.00194447,22114	0.00749866,7468	0.252065,26025	0.237626,3758	0.933852,26214	0.234065,1914	0.0829396,1905	0.226685,3635	0.0921373,3701	0.211513,3735
150000	0.00260439,23038	0.00117045,23068	0.00192375,22872	0.00752465,7708	0.25114,26977	0.238974,3900	0.934502,27039	0.232161,1990	0.0822268,1958	0.226029,3765	0.0928833,3822	0.211753,3863
155000	0.00256486,23783	0.00117499,23830	0.00186259,23623	0.00738515,7989	0.251041,27848	0.242215,4046	0.934939,27943	0.232671,2063	0.0816626,2045	0.227763,3890	0.0943826,3952	0.211133,3988
160000	0.00256462,24565	0.00117867,24604	0.00180505,24376	0.00716802,8231	0.25179,28766	0.244381,4182	0.935868,28831	0.234243,2126	0.0846736,2114	0.230616,4011	0.0965213,4082	0.211089,4112
165000	0.00252735,25323	0.00125999,25397	0.00174895,25158	0.00708215,8472	0.25209,29664	0.244326,4318	0.936527,29745	0.232814,2182	0.0876788,2167	0.231104,4141	0.0958937,4213	0.213507,4220
170000	0.00249357,26067	0.00122418,26140	0.00169655,25935	0.00709707,8736	0.252461,30579	0.241581,4454	0.937165,30620	0.232373,2255	0.0939597,2235	0.231996,4263	0.097003,4371	0.213349,4345
175000	0.00250047,26795	0.00118986,26894	0.0017222,26710	0.00709534,9020	0.252833,31499	0.24222,4595	0.937786,31504	0.236261,2311	0.0935315,2288	0.232669,4414	0.0979083,4494	0.216041,4476
180000	0.00242983,27574	0.00119401,27638	0.00167309,27494	0.0069915,9297	0.253272,32392	0.241976,4736	0.938073,32393	0.23475,2377	0.0923472,2339	0.233016,4519	0.0985307,4628	0.218079,4613
185000	0.00243232,28368	0.00123183,28413	0.00162757,28263	0.00743845,9545	0.252824,33288	0.24181,4884	0.938225,33298	0.23655,2435	0.0940348,2414	0.233276,4634	0.100337,4744	0.217013,4714
190000	0.00240434,29114	0.00119908,29189	0.00158429,29035	0.00734844,9798	0.252391,34189	0.241283,5019	0.939072,34188	0.236117,2503	0.0965406,2486	0.234319,4767	0.100533,4874	0.218272,4838
195000	0.00234278,29879	0.00123428,29977	0.00161177,29781	0.00755542,10059	0.252474,35065	0.241051,5140	0.939745,35101	0.234766,2560	0.0978091,2556	0.233838,4888	0.100559,5012	0.219992,4982
200000	0.00231716,30641	0.00133087,30807	0.00163784,30528	0.00786179,10303	0.251974,35968	0.241216,5265	0.940429,35974	0.237567,2614	0.0995423,2622	0.234241,5029	0.100701,5134	0.222678,5115
205000	0.00235691,31397	0.00133004,31578	0.00175747,31295	0.00797191,10537	0.25219,36873	0.242648,5407	0.940872,36869	0.236675,2683	0.0992537,2680	0.234451,5161	0.100076,5276	0.221777,5244
210000	0.00230193,32147	0.00129955,32319	0.00171329,32102	0.00777706,10801	0.252648,37760	0.242292,5514	0.941483,37784	0.238512,2742	0.100327,2751	0.235883,5295	0.0999077,5415	0.221229,5370
215000	0.00233957,32912	0.0013287,33115	0.00173321,32887	0.00770346,11034	0.252574,38654	0.242462,5638	0.941734,38633	0.236551,2807	0.102265,2826	0.237182,5422	0.100684,5552	0.223551,5520
220000	0.00234609,33673	0.00141706,33873	0.00169144,33699	0.00788867,11282	0.252546,39565	0.243623,5763	0.942131,39503	0.238162,2872	0.102111,2889	0.235506,5554	0.101039,5681	0.224407,5646
225000	0.00240712,34481	0.00144184,34678	0.00174176,34448	0.00824581,11521	0.252714,40433	0.243666,5881	0.942621,40398	0.237577,2938	0.104392,2960	0.234061,5678	0.101651,5814	0.224783,5770
230000	0.0025558,35214	0.00146743,35436	0.00173163,35227	0.00815079,11778	0.252994,41337	0.243711,6003	0.943026,41317	0.237762,3003	0.104132,3025	0.23569,5800	0.10228,5964	0.227273,5896
235000	0.00258419,35988	0.00149336,36160	0.00169501,35988	0.00823148,12027	0.252607,42295	0.245001,6151	0.943449,42227	0.239088,3070	0.105947,3077	0.236268,5917	0.102222,6075	0.228548,6025
240000	0.00258391,36766	0.00148814,36959	0.00165919,36765	0.00814332,12280	0.252746,43154	0.243187,6275	0.943745,43107	0.235912,3141	0.105647,3152	0.234709,6033	0.103626,6205	0.230083,6163
245000	0.00255789,37531	0.0014847,37718	0.00162511,37536	0.00798977,12516	0.25261,44068	0.24189,6412	0.943819,44036	0.239875,3210	0.10692,3208	0.234212,6144	0.102739,6317	0.228426,6304
250000	0.00263577,38319	0.00147971,38521	0.00159136,38332	0.00789063,12800	0.252683,44914	0.241654,6530	0.944296,44898	0.2416,3274	0.107984,3269	0.234442,6283	0.102751,6433	0.228411,6427
255000	0.00260736,39120	0.00147478,39328	0.00158641,39082	0.00789575,13045	0.253163,45836	0.240663,6640	0.944658,45716	0.244026,3348	0.107614,3336	0.234431,6407	0.102634,6567	0.229658,6575
260000	0.00262855,39946	0.00149674,40087	0.00155595,39847	0.00781544,13307	0.253179,46714	0.242362,6775	0.944916,46620	0.24356,3416	0.106753,3391	0.235276,6537	0.102871,6688	0.229616,6672
265000	0.00260481,40694	0.00149268,40866	0.00152736,40593	0.00774793,13552	0.252895,47589	0.241664,6898	0.94516,47538	0.245121,3484	0.108971,3478	0.235532,6670	0.103797,6821	0.230747,6817
270000	0.0026554,41425	0.00146525,41631	0.00154806,41342	0.00759494,13825	0.252645,48582	0.242692,7013	0.945257,48426	0.244513,3554	0.108093,3534	0.235078,6802	0.103608,6930	0.231834,6936
275000	0.00265214,42230	0.00150862,42423	0.00151958,42117	0.00782194,14063	0.252591,49491	0.24316,7127	0.945167,49295	0.243221,3614	0.108828,3602	0.235812,6925	0.103487,7054	0.231903,7059
280000	0.00260683,42964	0.00157404,43201	0.00149059,42936	0.00768747,14309	0.252506,50379	0.243802,7260	0.945366,50170	0.243089,3690	0.108987,3661	0.235011,7055	0.10306,7190	0.232289,7185
285000	0.00258309,43746	0.00154739,43945	0.00146463,43697	0.00762834,14551	0.252713,51319	0.244787,7386	0.9457,51087	0.243818,3761	0.109501,3726	0.235466,7173	0.103387,7293	0.232777,7316
290000	0.00256065,44520	0.00156747,44658	0.00146074,44498	0.00749443,14811	0.252317,52216	0.245507,7511	0.946122,51988	0.242448,3840	0.110847,3789	0.235085,7308	0.104385,7434	0.232665,7427
295000	0.00253863,45300	0.00156257,45438	0.00143599,45265	0.00737297,15055	0.252237,53081	0.24535,7634	0.946443,52916	0.243347,3908	0.110708,3857	0.236188,7439	0.103863,7558	0.233276,7549
300000	0.0024962,46070	0.0015377,46173	0.00141166,46045	0.00725965,15290	0.252587,54029	0.245268,7767	0.946415,53802	0.243182,3960	0.111423,3922	0.237019,7569	0.104757,7694	0.234796,7679
305000	0.002519,46844	0.00153423,46929	0.00138999,46763	0.00713826,15550	0.252362,54925	0.245787,7893	0.946671,54717	0.243927,4034	0.112117,3978	0.23702,7704	0.10527,7837	0.234091,7826
310000	0.00247644,47649	0.00152995,47714	0.00136761,47528	0.00729002,15775	0.252391,55834	0.24573,8021	0.94666,55587	0.242572,4106	0.111854,4041	0.236822,7816	0.105494,7972	0.233756,7957
315000	0.00245853,48403	0.00154604,48511	0.00134659,48270	0.00722022,16066	0.252416,56712	0.245942,8132	0.94674,56496	0.241445,4179	0.11284,4112	0.237286,7944	0.106036,8101	0.233837,8074
320000	0.00248184,49157	0.00154265,49266	0.00132512,49052	0.00742104,16305	0.252723,57664	0.245438,8275	0.947041,57365	0.241981,4240	0.113647,4162	0.237836,8077	0.106127,8226	0.233833,8211
325000	0.00244445,49909	0.00151848,50050	0.00130559,49786	0.00730853,16556	0.252677,58557	0.244825,8406	0.947295,58287	0.2417,4307	0.116235,4250	0.238531,8196	0.106729,8367	0.234842,8329
330000	0.00242714,50677	0.00151479,50832	0.00128591,50548	0.00725198,16823	0.252678,59455	0.244687,8517	0.947511,59174	0.243373,4376	0.116694,4319	0.237838,8325	0.10772,8485	0.235211,8469
335000	0.00241208,51408	0.00151095,51623	0.00126666,51316	0.0071483,17067	0.252525,60390	0.244504,8642	0.947649,60037	0.243722,4460	0.11656,4384	0.237589,8460	0.107739,8632	0.237035,8581
340000	0.00239606,52169	0.00148943,52369	0.0012477,52096	0.00714656,17351	0.252494,61257	0.245752,8769	0.947841,60967	0.242968,4515	0.116813,4443	0.237701,8578	0.10755,8768	0.23916,8718
345000	0.00237978,52946	0.00148678,53135	0.00126666,52895	0.00733121,17596	0.252425,62161	0.246655,8895	0.947854,61827	0.244318,4576	0.117151,4507	0.237017,8704	0.107235,8915	0.239964,8843
350000	0.00236301,53745	0.00148519,53865	0.00126611,53708	0.0072768,17865	0.252379,63060	0.246149,9023	0.947818,62704	0.244933,4638	0.117892,4572	0.237647,8824	0.106807,9035	0.240152,8961
355000	0.00234763,54523	0.00146279,54690	0.0012491,54439	0.00722918,18121	0.252272,63919	0.246061,9140	0.948145,63600	0.24452,4699	0.118418,4653	0.238218,8954	0.107404,9171	0.240788,9091
360000	0.00233269,55301	0.00144261,55455	0.00124867,55259	0.0071825,18378	0.252203,64809	0.246954,9273	0.948507,64475	0.244645,4762	0.117884,4708	0.239329,9067	0.107055,9313	0.241522,9200
365000	0.00238834,56106	0.00142308,56216	0.00123212,56001	0.00719347,18628	0.25231,65693	0.247238,9412	0.948743,65376	0.244109,4838	0.118029,4770	0.24017,9181	0.10771,9442	0.241512,9337
370000	0.00242633,56876	0.0014386,57000	0.00125088,56760	0.00725175,18892	0.252294,66589	0.248086,9533	0.949088,66251	0.24353,4907	0.118486,4836	0.240589,9298	0.107981,9585	0.241001,9473
375000	0.00241328,57598	0.00141888,57792	0.00125115,57547	0.00726304,19138	0.252197,67467	0.247544,9671	0.949356,67135	0.244368,4972	0.11883,4923	0.239865,9447	0.107955,9717	0.240905,9593
380000	0.00239669,58414	0.00145195,58542	0.00123558,58272	0.00720981,19418	0.252428,68376	0.248009,9794	0.949622,68045	0.24349,5031	0.11992,4970	0.240084,9580	0.108523,9832	0.241106,9726
385000	0.0024342,59157	0.00146645,59327	0.00122005,59014	0.00717192,19660	0.252715,69240	0.246779,9936	0.949854,68958	0.243471,5093	0.120621,5024	0.240448,9736	0.108219,9989	0.241739,9866
390000	0.00243609,59932	0.00148087,60100	0.00122055,59809	0.00722928,19919	0.25291,70108	0.246944,10063	0.950044,69842	0.243317,5162	0.121645,5105	0.240694,9859	0.108298,10111	0.242342,9990
395000	0.00245304,60741	0.00149568,60842	0.00122195,60559	0.00729565,20149	0.253194,70985	0.247155,10192	0.950296,70739	0.243693,5232	0.121786,5173	0.2417,10000	0.10873,10264	0.2419,10124
400000	0.00251869,61540	0.00152612,61594	0.00123889,61345	0.00721118,20385	0.253118,71852	0.247261,10313	0.950508,71648	0.244092,5289	0.122352,5239	0.2418,10153	0.109636,10398	0.2418,10244
405000	0.0025195,62314	0.00153898,62379	0.00122425,62079	0.00721829,20642	0.253238,72801	0.24837,10432	0.950711,72531	0.245191,5355	0.123045,5307	0.241487,10278	0.109537,10517	0.241968,10365
410000	0.00248729,63121	0.00156797,63139	0.00121042,62788	0.00731847,20906	0.253321,73701	0.248958,10556	0.950961,73431	0.246259,5413	0.123721,5375	0.241661,10403	0.109943,10651	0.243439,10516
415000	0.00249099,63830	0.00154898,63913	0.00119508,63594	0.00722721,21170	0.253158,74582	0.248995,10699	0.951045,74292	0.245162,5478	0.124678,5438	0.241981,10538	0.110792,10795	0.243464,10671
420000	0.00249172,64614	0.00154736,64626	0.00118047,64381	0.00718652,21429	0.253054,75466	0.248891,10820	0.951252,75203	0.245351,5539	0.126115,5495	0.241247,10682	0.110938,10934	0.242901,10811
425000	0.00249293,65385	0.00155925,65416	0.00116579,65192	0.00715209,21672	0.252752,76312	0.249109,10939	0.951513,76103	0.244872,5607	0.126236,5561	0.241976,10811	0.111322,11067	0.243713,10935
430000	0.00247846,66170	0.00154072,66203	0.00116727,65966	0.00711906,21913	0.252847,77177	0.249209,11059	0.951709,77012	0.245379,5681	0.126179,5619	0.241395,10924	0.111349,11208	0.243766,11068
435000	0.0024657,66918	0.00153844,66951	0.00115358,66749	0.00708516,22159	0.252523,78088	0.249307,11183	0.952043,77924	0.245825,5748	0.126696,5675	0.241092,11058	0.111297,11339	0.243398,11208
440000	0.00247974,67749	0.00153567,67723	0.00114088,67492	0.00700205,22422	0.252545,78964	0.24927,11297	0.952299,78824	0.245777,5802	0.126635,5733	0.241719,11170	0.111547,11475	0.243722,11349
445000	0.00254026,68497	0.00151831,68497	0.00112801,68262	0.00701708,22659	0.252551,79861	0.249606,11422	0.952417,79734	0.245482,5866	0.126532,5793	0.242446,11318	0.111647,11608	0.2441,11483
450000	0.00254078,69270	0.00152971,69294	0.0011161,68990	0.00720493,22901	0.252458,80754	0.249352,11574	0.952576,80655	0.244895,5925	0.126643,5859	0.24203,11449	0.111727,11734	0.244243,11595
455000	0.0025543,70078	0.00151329,70046	0.0011042,69734	0.00716877,23156	0.252392,81631	0.249637,11701	0.95263,81570	0.245324,5988	0.126772,5924	0.241891,11592	0.111823,11867	0.244515,11713
460000	0.00254108,70836	0.00149747,70786	0.00109149,70546	0.00713858,23394	0.252256,82551	0.249599,11847	0.952825,82438	0.245367,6044	0.126587,5988	0.242833,11720	0.112555,12003	0.243944,11847
465000	0.00251358,71611	0.00150882,71579	0.00107978,71311	0.00706251,23646	0.252214,83441	0.249854,11971	0.952842,83337	0.245246,6100	0.126816,6056	0.243565,11849	0.112524,12113	0.244368,11986
470000	0.0025001,72397	0.00150619,72368	0.00106793,72102	0.0070196,23933	0.252203,84313	0.249628,12086	0.953018,84181	0.24558,6165	0.127566,6138	0.243654,11976	0.112438,12229	0.244386,12112
475000	0.00248634,73200	0.00151766,73139	0.00105704,72845	0.00694416,24193	0.252283,85206	0.249489,12233	0.952913,85056	0.245859,6219	0.128279,6213	0.243574,12099	0.112423,12364	0.243849,12233
480000	0.00246122,73947	0.00150063,73969	0.00104608,73608	0.00695467,24444	0.252275,86148	0.249272,12360	0.953066,85907	0.245583,6283	0.128868,6270	0.243677,12217	0.112525,12495	0.244576,12352
485000	0.00244898,74725	0.00148501,74747	0.00103536,74370	0.00699951,24716	0.252097,87014	0.24968,12508	0.953145,86778	0.248386,6349	0.129042,6339	0.244934,12338	0.112274,12612	0.244322,12504
490000	0.00244958,75523	0.00147014,75503	0.00102414,75185	0.00692665,24976	0.252315,87906	0.249703,12643	0.953345,87601	0.24883,6410	0.129329,6410	0.245067,12466	0.112637,12740	0.243966,12637
495000	0.00245053,76310	0.00145522,76277	0.00102745,75916	0.00693399,25238	0.252306,88801	0.249549,12759	0.953599,88489	0.249034,6473	0.129938,6480	0.246253,12609	0.113224,12886	0.244319,12762
500000	0.00242668,77060	0.00146675,77041	0.00101698,76698	0.00702457,25482	0.252234,89651	0.250019,12871	0.953786,89476	0.249656,6537	0.131816,6547	0.246012,12727	0.113093,13007	0.244439,12903
505000	0.00241521,77840	0.00146501,77815	0.00102037,77423	0.00698948,25753	0.252169,90598	0.249384,12984	0.953979,90394	0.250152,6584	0.131619,6610	0.245756,12842	0.113225,13142	0.244257,13015
510000	0.00242864,78645	0.0014769,78543	0.0010105,78179	0.0069594,26008	0.251814,91492	0.249943,13127	0.954155,91286	0.249925,6650	0.132146,6682	0.246068,12972	0.112744,13269	0.243554,13147
515000	0.00244296,79412	0.00149965,79352	0.00100037,78971	0.00696745,26265	0.251871,92341	0.249566,13263	0.9543,92145	0.250261,6713	0.132366,6754	0.246047,13091	0.112677,13410	0.24362,13283
520000	0.00243312,80144	0.00151022,80121	0.000990521,79756	0.00693711,26524	0.252188,93232	0.248917,13394	0.954442,93069	0.250591,6768	0.132482,6816	0.245987,13208	0.113096,13546	0.243704,13422
525000	0.00240913,80942	0.00152072,80883	0.000981135,80519	0.00687311,26771	0.252008,94132	0.249464,13533	0.954742,93951	0.251319,6824	0.132267,6880	0.246648,13351	0.113422,13657	0.243712,13557
530000	0.00238681,81699	0.00150669,81636	0.000971519,81316	0.00680977,27020	0.251989,95020	0.249267,13644	0.954917,94848	0.250363,6894	0.13173,6946	0.246482,13502	0.113442,13778	0.243922,13697
535000	0.0024253,82464	0.00149362,82350	0.00096237,82089	0.00700121,27281	0.251801,95925	0.249819,13782	0.955056,95786	0.249964,6957	0.131192,7005	0.2471,13622	0.113316,13908	0.243872,13831
540000	0.00242605,83263	0.00147952,83135	0.000977777,82841	0.00698004,27507	0.251823,96838	0.250863,13912	0.955191,96676	0.250107,7017	0.131846,7084	0.24725,13727	0.113105,14040	0.244054,13960
545000	0.00243972,84026	0.00152503,83933	0.00103985,83666	0.00709143,27780	0.251822,97704	0.252082,14051	0.955368,97532	0.249683,7093	0.131959,7131	0.24679,13862	0.113169,14147	0.244689,14075
550000	0.00242847,84827	0.00153488,84697	0.00104262,84403	0.00709549,28046	0.251714,98612	0.251552,14172	0.955335,98399	0.251152,7159	0.132175,7195	0.246822,14002	0.11304,14287	0.245687,14201
555000	0.00245278,85617	0.00152072,85486	0.00105727,85125	0.00706639,28303	0.251784,99498	0.251715,14286	0.955511,99329	0.251732,7218	0.132003,7265	0.246677,14144	0.113101,14403	0.244939,14326
560000	0.00243151,86366	0.0015074,86241	0.00104845,85841	0.00699521,28591	0.251621,100405	0.252061,14433	0.955705,100236	0.252092,7291	0.133006,7338	0.247126,14268	0.113374,14536	0.244569,14454
565000	0.0024559,87137	0.00150557,87010	0.00103861,86654	0.0070044,28839	0.251587,101265	0.252761,14579	0.955857,101127	0.25136,7352	0.132667,7402	0.247587,14403	0.113596,14666	0.244954,14566
570000	0.00243522,87877	0.00150381,87777	0.00102915,87451	0.00714924,29094	0.251483,102138	0.253453,14697	0.956041,102026	0.251482,7420	0.133066,7470	0.247404,14539	0.113632,14811	0.244558,14700
575000	0.00242606,88621	0.00149085,88540	0.00102004,88232	0.00715551,29348	0.251524,103028	0.252971,14812	0.956017,102950	0.251635,7491	0.13282,7529	0.248161,14680	0.113497,14952	0.244921,14817
580000	0.00241632,89392	0.00153379,89321	0.00105594,89020	0.00719886,29588	0.251673,103885	0.253461,14953	0.95616,103854	0.251823,7541	0.133149,7608	0.248109,14808	0.113343,15087	0.244931,14943
585000	0.00241865,90133	0.00153187,90086	0.00105813,89781	0.00716798,29855	0.251567,104835	0.253181,15088	0.956247,104747	0.251445,7612	0.133125,7677	0.247957,14926	0.113566,15207	0.244735,15053
590000	0.00239845,90892	0.00154114,90842	0.00106001,90565	0.00713717,30124	0.251546,105746	0.253468,15209	0.956287,105644	0.251205,7679	0.133557,7742	0.248473,15060	0.113561,15331	0.244758,15166
595000	0.00243328,91646	0.00154988,91620	0.00106183,91352	0.00717648,30377	0.251399,106667	0.253207,15359	0.95645,106522	0.251002,7733	0.133769,7797	0.248009,15193	0.113327,15442	0.244442,15292
600000	0.0024352,92395	0.00155841,92402	0.00107469,92120	0.00717899,30645	0.251336,107573	0.253116,15487	0.956544,107418	0.250803,7787	0.13352,7864	0.248614,15337	0.113169,15552	0.244099,15420
605000	0.00244709,93172	0.0015567,93146	0.00106586,92883	0.00712366,30883	0.251323,108454	0.253265,15620	0.956601,108344	0.250508,7868	0.134122,7948	0.248447,15452	0.113429,15675	0.24378,15555
610000	0.00242749,93924	0.0015441,93906	0.00105755,93613	0.00712292,31167	0.251093,109346	0.253336,15738	0.956582,109263	0.250126,7940	0.134015,8014	0.247868,15597	0.113233,15817	0.244338,15675
615000	0.00246165,94652	0.00153162,94671	0.00104876,94397	0.00716013,31424	0.251136,110243	0.253979,15895	0.956665,110118	0.250968,8009	0.135165,8079	0.247982,15731	0.113443,15964	0.245306,15817
620000	0.00249363,95443	0.00151902,95456	0.00104033,95162	0.0071654,31680	0.25121,111126	0.253976,16033	0.956773,110995	0.251177,8070	0.134578,8144	0.248455,15854	0.113632,16087	0.245392,15950
625000	0.00248451,96196	0.00150737,96194	0.00103143,95983	0.00723208,31941	0.25108,112028	0.254253,16165	0.956889,111897	0.251138,8127	0.134543,8213	0.249687,15980	0.113778,16207	0.245504,16069
630000	0.00248584,96949	0.00150565,96968	0.00102304,96770	0.00726708,32200	0.25114,112909	0.254169,16312	0.956847,112786	0.250061,8198	0.134089,8293	0.249348,16102	0.113369,16336	0.245781,16177
635000	0.00247781,97667	0.00150362,97764	0.00101479,97557	0.00726512,32484	0.251235,113802	0.253969,16439	0.956745,113697	0.249727,8253	0.133844,8353	0.249322,16232	0.113502,16449	0.246028,16303
640000	0.00248893,98436	0.00149113,98583	0.00102727,98319	0.00726829,32745	0.251271,114637	0.25353,16574	0.95663,114596	0.249309,8319	0.133952,8406	0.248628,16394	0.113156,16570	0.246148,16421
645000	0.00248019,99186	0.00148958,99357	0.00101916,99101	0.00730392,32996	0.251257,115531	0.253768,16720	0.95673,115484	0.249077,8399	0.133569,8475	0.248411,16525	0.113296,16682	0.24589,16544
650000	0.00247151,99939	0.00147803,100133	0.00101136,99866	0.00734232,33232	0.251254,116440	0.253397,16855	0.956813,116401	0.249527,8452	0.133661,8544	0.248725,16665	0.113586,16789	0.245625,16684
655000	0.00245186,100740	0.00148677,100890	0.00100375,100623	0.00735382,33452	0.251234,117317	0.254279,17001	0.956849,117287	0.249824,8518	0.133457,8602	0.248898,16794	0.113498,16943	0.245827,16833
660000	0.00244244,101538	0.0014752,101681	0.000996095,101396	0.0073272,33710	0.251296,118211	0.254291,17130	0.956948,118160	0.250291,8578	0.133834,8660	0.248744,16925	0.113631,17064	0.245766,16947
665000	0.00245232,102352	0.00148317,102483	0.000998072,102197	0.00736464,33946	0.251224,119065	0.253808,17265	0.957072,119036	0.249971,8645	0.134275,8706	0.248724,17051	0.11389,17192	0.245575,17062
670000	0.00246305,103124	0.00149142,103257	0.000990811,102946	0.00736864,34199	0.25124,119965	0.253821,17406	0.957196,119943	0.250172,8706	0.13483,8774	0.248909,17179	0.11387,17318	0.245708,17183
675000	0.00248337,103891	0.00149951,104034	0.000983521,103709	0.00734952,34424	0.251299,120908	0.253663,17539	0.957316,120819	0.250085,8773	0.134694,8820	0.248527,17314	0.113672,17445	0.245959,17324
680000	0.00247421,104680	0.00150821,104760	0.000986137,104448	0.00732537,34674	0.251379,121800	0.253875,17678	0.957509,121791	0.249943,8826	0.134737,8884	0.248379,17429	0.113861,17574	0.246219,17456
685000	0.00246548,105456	0.00151636,105516	0.000979078,105201	0.00735673,34934	0.251426,122700	0.25396,17802	0.957626,122717	0.250225,8884	0.134809,8946	0.248277,17553	0.113779,17701	0.245765,17590
690000	0.00246697,106203	0.00152379,106314	0.00100959,105984	0.00744551,35189	0.251501,123594	0.25322,17937	0.957702,123598	0.250531,8949	0.134886,9015	0.248543,17671	0.113823,17826	0.245937,17720
695000	0.0024686,106943	0.00151215,107132	0.00100229,106755	0.00750458,35445	0.251492,124493	0.253392,18059	0.957808,124503	0.250222,9004	0.134751,9076	0.248708,17808	0.113816,17950	0.246074,17832
700000	0.00246036,107708	0.00151087,107885	0.00101348,107550	0.00758849,35712	0.251281,125338	0.25308,18180	0.957822,125420	0.250138,9063	0.134807,9139	0.248759,17929	0.114161,18106	0.246578,17970
705000	0.00245236,108467	0.00152742,108680	0.00100624,108324	0.00753573,35962	0.251278,126223	0.253236,18307	0.957915,126292	0.250301,9137	0.135164,9211	0.248353,18059	0.114294,18225	0.246894,18113
710000	0.00244499,109203	0.00153569,109397	0.00099923,109084	0.00750987,36219	0.251377,127132	0.252967,18453	0.95796,127237	0.250544,9196	0.135266,9278	0.247818,18215	0.114466,18346	0.246601,18240
715000	0.00242805,109965	0.00153455,110130	0.000992118,109866	0.00748273,36484	0.251404,128017	0.25249,18575	0.958069,128163	0.249892,9256	0.135494,9351	0.247315,18341	0.114069,18480	0.24717,18372
720000	0.00242054,110719	0.00154165,110920	0.000984928,110668	0.00745659,36746	0.251439,128906	0.252886,18712	0.958226,129029	0.249169,9323	0.135861,9414	0.247454,18460	0.114283,18603	0.246973,18500
725000	0.00242181,111487	0.00154021,111673	0.000986919,111458	0.00740681,36993	0.251406,129814	0.253356,18847	0.958296,129916	0.248935,9388	0.135625,9482	0.24762,18593	0.114237,18733	0.246884,18616
730000	0.00241462,112233	0.00153837,112457	0.000980156,112227	0.00735373,37260	0.251444,130717	0.253269,18968	0.958338,130792	0.249656,9453	0.135217,9555	0.24745,18727	0.114339,18865	0.246719,18746
735000	0.00242405,113034	0.0015455,113232	0.000991466,112964	0.00733431,37495	0.251571,131617	0.252957,19106	0.95828,131688	0.249501,9515	0.135484,9610	0.247363,18867	0.114516,18993	0.246994,18879
740000	0.00241724,113766	0.00153516,113995	0.000993258,113767	0.00744154,37761	0.251613,132501	0.252782,19234	0.958299,132588	0.24953,9574	0.135838,9688	0.247159,19008	0.114666,19099	0.247279,19019
745000	0.00240175,114500	0.00153372,114754	0.00100428,114510	0.00749645,38018	0.251777,133408	0.252452,19374	0.958255,133550	0.249741,9638	0.135953,9746	0.247138,19127	0.11443,19217	0.247364,19158
750000	0.00242954,115248	0.00154074,115529	0.00101514,115255	0.00747458,38263	0.251671,134322	0.252513,19500	0.958259,134473	0.250541,9703	0.136248,9813	0.247351,19256	0.114751,19355	0.247524,19283
755000	0.00242961,116068	0.00153076,116282	0.00100859,116004	0.00745396,38503	0.251621,135279	0.252243,19616	0.958213,135353	0.250409,9772	0.136198,9868	0.247741,19371	0.114875,19482	0.247706,19402
760000	0.00243925,116839	0.00152098,117030	0.0010107,116751	0.00740875,38738	0.251489,136153	0.252443,19751	0.95829,136321	0.250788,9837	0.135796,9934	0.247694,19512	0.11466,19597	0.24753,19537
765000	0.00243189,117604	0.00151937,117812	0.00100402,117527	0.0074095,39004	0.251485,137034	0.252364,19880	0.958352,137172	0.250758,9898	0.135559,10003	0.247937,19630	0.114588,19749	0.247575,19687
770000	0.00243323,118361	0.00152613,118601	0.00103979,118293	0.00746402,39255	0.251427,137901	0.2524,19996	0.958481,138104	0.250678,9961	0.13564,10056	0.247912,19757	0.114602,19895	0.247528,19820
775000	0.00245991,119110	0.0015157,119417	0.00103332,119034	0.00748855,39527	0.25138,138790	0.2521,20115	0.958575,138997	0.250874,10017	0.135734,10108	0.247928,19905	0.114809,20042	0.247367,19938
780000	0.00246874,119899	0.00153105,120179	0.00104314,119831	0.0075171,39776	0.251232,139644	0.251642,20247	0.958727,139899	0.251215,10083	0.135636,10189	0.247416,20027	0.114582,20169	0.247794,20057
785000	0.00247615,120752	0.0015375,120976	0.00103647,120602	0.00752575,39996	0.25121,140536	0.251413,20353	0.958796,140764	0.250986,10140	0.135734,10248	0.247371,20156	0.114459,20278	0.248428,20199
790000	0.00246889,121512	0.00153572,121767	0.00104618,121394	0.00750348,40248	0.251199,141414	0.251305,20493	0.958893,141653	0.251103,10195	0.13572,10308	0.247202,20279	0.11458,20405	0.248426,20332
795000	0.00246154,122281	0.00152622,122525	0.00103949,122175	0.00750488,40507	0.251023,142286	0.250691,20627	0.958966,142517	0.250219,10271	0.136066,10370	0.247331,20418	0.114503,20541	0.248755,20482
800000	0.00246321,123010	0.00152503,123276	0.00103281,122965	0.00750257,40786	0.251018,143181	0.250602,20766	0.959046,143406	0.249322,10328	0.13598,10428	0.246884,20536	0.1145,20690	0.248303,20628
805000	0.00245601,123778	0.00151557,124046	0.00102637,123737	0.00752704,41052	0.25101,144126	0.250503,20890	0.95915,144258	0.249278,10390	0.135701,10501	0.246601,20665	0.114745,20820	0.248397,20737
810000	0.00245734,124525	0.00153824,124818	0.00102019,124487	0.00752189,41346	0.251003,145018	0.250798,21001	0.959215,145177	0.249331,10456	0.135417,10560	0.246405,20791	0.114396,20971	0.248249,20850
815000	0.00245012,125300	0.00152904,125569	0.00102191,125256	0.0074765,41597	0.251266,145925	0.250888,21125	0.959223,146086	0.249311,10525	0.135847,10637	0.246593,20913	0.114553,21082	0.248654,20985
820000	0.00245065,126089	0.00152733,126364	0.00101602,125982	0.00745502,41851	0.251412,146823	0.2504,21258	0.959277,146993	0.248866,10584	0.135951,10695	0.246523,21065	0.114439,21199	0.248234,21097
825000	0.00245148,126862	0.00152635,127101	0.00100951,126794	0.00748147,42104	0.251372,147769	0.25,21384	0.959234,147870	0.249577,10642	0.135996,10765	0.246364,21176	0.114128,21327	0.248184,21206
830000	0.00244459,127629	0.00152515,127856	0.00100316,127597	0.00755091,42379	0.251283,148681	0.249582,21512	0.959136,148737	0.250023,10691	0.135881,10833	0.246597,21306	0.114479,21445	0.248055,21334
835000	0.00242985,128403	0.00152348,128653	0.000997172,128363	0.00752867,42637	0.251386,149579	0.249965,21651	0.959179,149606	0.250232,10778	0.135783,10885	0.246406,21424	0.114572,21576	0.24817,21445
840000	0.00243834,129186	0.00151407,129452	0.000991188,129138	0.00755403,42891	0.251573,150493	0.250184,21764	0.959127,150465	0.25037,10824	0.135728,10941	0.246288,21552	0.114428,21708	0.24817,21586
845000	0.00245451,129965	0.00150501,130232	0.000985548,129877	0.00753134,43153	0.251541,151411	0.249737,21887	0.959187,151349	0.249311,10886	0.135385,11013	0.246426,21686	0.114042,21834	0.247846,21707
850000	0.00245556,130724	0.00151151,130995	0.000987371,130650	0.007489,43397	0.251476,152305	0.250329,22007	0.959246,152278	0.249132,10950	0.135528,11090	0.246656,21828	0.113955,21956	0.247846,21820
855000	0.00246427,131479	0.00151818,131737	0.000996425,131470	0.00744457,43656	0.251534,153164	0.25,22144	0.959293,153191	0.249274,11012	0.135741,11161	0.246538,21952	0.113953,22088	0.248018,21946
860000	0.00246505,132249	0.00152463,132491	0.00102086,132242	0.00754072,43895	0.251592,154051	0.250112,22270	0.959323,154116	0.249277,11068	0.135639,11221	0.246944,22090	0.114029,22240	0.247836,22067
865000	0.00247398,132984	0.00152288,133300	0.00102974,133043	0.00751863,44157	0.251546,154966	0.249922,22391	0.959406,154998	0.249415,11118	0.135646,11272	0.246995,22215	0.113893,22363	0.248186,22193
870000	0.00248221,133752	0.0015439,134076	0.00102402,133787	0.00758701,44418	0.251612,155859	0.2502,22534	0.959457,155885	0.249329,11178	0.135345,11334	0.24745,22356	0.113803,22495	0.248679,22326
875000	0.0024763,134475	0.0015349,134862	0.00101826,134543	0.00765238,44692	0.251634,156799	0.250144,22631	0.959528,156800	0.249356,11253	0.135107,11391	0.24742,22480	0.113663,22637	0.248964,22437
880000	0.00249159,135255	0.0015336,135629	0.00101991,135306	0.00763036,44952	0.25172,157703	0.250736,22769	0.959463,157685	0.248807,11318	0.13514,11440	0.247601,22617	0.11377,22774	0.249113,22552
885000	0.00250697,136021	0.00153248,136380	0.00102133,136097	0.00772056,45204	0.251663,158593	0.25119,22903	0.959539,158572	0.249122,11396	0.135502,11498	0.247945,22751	0.113886,22900	0.249196,22685
890000	0.00250718,136807	0.00153124,137144	0.00102288,136868	0.00768063,45439	0.251594,159499	0.251118,23033	0.959625,159457	0.249105,11457	0.135551,11575	0.248076,22872	0.113885,23032	0.248806,22817
895000	0.00251464,137594	0.00152272,137911	0.00103169,137638	0.00766149,45683	0.251523,160383	0.251144,23162	0.959663,160351	0.249219,11528	0.135867,11629	0.248174,22996	0.114201,23161	0.249173,22964
900000	0.00250786,138365	0.00152133,138694	0.00102626,138367	0.00768377,45941	0.25164,161270	0.251072,23320	0.959739,161247	0.2489,11591	0.136165,11699	0.247925,23132	0.114356,23287	0.249015,23087
905000	0.0025016,139111	0.00152037,139440	0.00102046,139153	0.00768664,46184	0.25172,162172	0.251002,23442	0.959702,162142	0.249056,11652	0.136228,11767	0.247788,23282	0.114219,23420	0.248892,23235
910000	0.00250876,139910	0.00151191,140220	0.00101509,139889	0.00764921,46410	0.251763,163086	0.25106,23576	0.959626,163027	0.249062,11724	0.136771,11830	0.247855,23429	0.114457,23546	0.249133,23353
915000	0.00249495,140684	0.00151826,140951	0.00100955,140657	0.0076722,46662	0.251759,163990	0.251233,23727	0.959691,163885	0.24894,11790	0.136421,11897	0.247539,23568	0.114576,23696	0.249266,23493
920000	0.00250226,141472	0.00151718,141710	0.00100444,141372	0.00765197,46916	0.251643,164936	0.251048,23844	0.959735,164784	0.249072,11856	0.136645,11958	0.247511,23708	0.114433,23813	0.248995,23631
925000	0.00252365,142254	0.00150947,142434	0.000998952,142149	0.00765187,47178	0.251758,165822	0.250907,23969	0.959788,165698	0.248721,11921	0.137361,12034	0.247135,23825	0.114141,23944	0.24878,23772
930000	0.00251699,143028	0.00150825,143212	0.000993403,142943	0.00765355,47429	0.251652,166742	0.251131,24087	0.959837,166620	0.248811,11985	0.137323,12081	0.247117,23936	0.113976,24049	0.24887,23888
935000	0.00252548,143735	0.00150717,143978	0.000994734,143757	0.00761246,47685	0.251747,167613	0.251135,24226	0.959872,167538	0.248382,12050	0.136798,12142	0.247031,24082	0.113768,24172	0.248647,24022
940000	0.00251242,144482	0.00150633,144723	0.000989188,144563	0.00757118,47945	0.251813,168502	0.250821,24360	0.959908,168438	0.247915,12113	0.136572,12206	0.247265,24225	0.113879,24289	0.24911,24154
945000	0.00249898,145259	0.00149861,145468	0.000983798,145355	0.00752909,48213	0.251934,169370	0.250806,24497	0.959952,169345	0.248133,12187	0.13659,12263	0.247463,24343	0.113929,24410	0.24895,24290
950000	0.00249904,146056	0.00149106,146205	0.000978581,146130	0.00753307,48453	0.252053,170270	0.25064,24621	0.959997,170238	0.248144,12255	0.136721,12339	0.247629,24464	0.114059,24540	0.249089,24429
955000	0.00251999,146826	0.0015103,146991	0.000993975,146885	0.00759582,48711	0.252007,171186	0.250576,24755	0.960072,171133	0.248254,12314	0.136474,12398	0.247836,24609	0.11438,24646	0.248839,24546
960000	0.00252021,147607	0.00150918,147762	0.000988778,147657	0.00759525,48978	0.251844,172083	0.250633,24865	0.960133,172023	0.248405,12379	0.136641,12456	0.248101,24748	0.114591,24775	0.248713,24667
965000	0.00252747,148370	0.00152847,148515	0.00100393,148416	0.00759885,49218	0.251827,173000	0.25037,24975	0.960169,172932	0.24795,12442	0.136458,12524	0.248201,24871	0.114605,24929	0.249194,24808
970000	0.00252786,149138	0.00154065,149288	0.00101223,149176	0.00758188,49460	0.251849,173918	0.250339,25094	0.96022,173830	0.247722,12510	0.135978,12605	0.24837,25003	0.114628,25055	0.249368,24923
975000	0.00253609,149837	0.00154573,150091	0.00101373,149941	0.00756387,49710	0.251995,174825	0.250545,25217	0.960254,174734	0.247317,12579	0.136112,12666	0.248081,25149	0.114884,25182	0.248993,25069
980000	0.00254297,150611	0.00154435,150873	0.00100861,150703	0.00756484,49968	0.251956,175721	0.250286,25347	0.960292,175634	0.247192,12642	0.136303,12729	0.248091,25277	0.114497,25302	0.248998,25193
985000	0.0025568,151361	0.0015364,151653	0.00100328,151503	0.00758843,50208	0.25199,176618	0.250363,25487	0.960275,176512	0.246675,12705	0.13657,12792	0.247853,25390	0.114444,25436	0.248905,25335
990000	0.00254953,152185	0.00152894,152393	0.00101149,152251	0.00754994,50464	0.252098,177471	0.250137,25610	0.960288,177453	0.246751,12774	0.136579,12857	0.248049,25499	0.114521,25550	0.249127,25493
995000	0.00254405,152906	0.00153417,153177	0.00100623,153046	0.00751346,50709	0.252102,178380	0.250058,25750	0.960301,178343	0.246964,12844	0.137008,12919	0.247875,25642	0.11445,25688	0.24918,25596
1000000	0.00255774,153651	0.00154615,153931	0.00100103,153841	0.00746927,51009	0.252122,179318	0.249855,25867	0.960349,179190	0.247174,12914	0.137246,12984	0.247778,25761	0.114606,25819	0.249271,25715
