GEN	stNNI( topo{0};brlens{0} )$run0	eSPR( topo{0};brlens{0};stopProb=0.5 )$run0	parsSpr( topo{0};brlens{0};radius=7,warp=0.1 )$run0	likeSPR( topo{0};brlens{0};radius=6,warp=1 )$run0	blMult( brlens{0} )$run0	TL-Mult( brlens{0} )$run0	blDistGamma( brlens{0} )$run0	freqSlider( statefreq{0};brlens{0} )$run0	freqDirich( statefreq{0};brlens{0} )$run0	revMatSlider( revmat{0};brlens{0} )$run0	revMatDirich( revmat{0};brlens{0} )$run0	rateHetMulti( ratehet{0} )$run0
5000	0.0423077,780	0.0323383,804	0.048,750	0.0846774,248	0.251908,917	0.114035,114	0.712456,859	0.237288,59	0.178082,73	0.299213,127	0.221429,140	0.255814,129
10000	0.0473373,1521	0.043206,1597	0.0603279,1525	0.082218,523	0.246041,1768	0.234375,256	0.660249,1766	0.240602,133	0.113475,141	0.201581,253	0.200717,279	0.155462,238
15000	0.0430704,2345	0.0342612,2335	0.0577508,2303	0.0839793,774	0.249534,2681	0.252632,380	0.701215,2634	0.233503,197	0.113208,212	0.216146,384	0.225564,399	0.140449,356
20000	0.0429032,3100	0.0288399,3086	0.0524943,3067	0.0857988,1014	0.250968,3614	0.287879,528	0.746467,3538	0.222222,252	0.115672,268	0.229287,519	0.222868,516	0.150602,498
25000	0.043119,3873	0.0292595,3862	0.0532162,3871	0.0972006,1286	0.250334,4494	0.285061,656	0.770819,4407	0.205696,316	0.124242,330	0.233704,629	0.234756,656	0.190323,620
30000	0.0414341,4658	0.0293356,4636	0.0512264,4607	0.0947093,1531	0.252929,5377	0.294041,772	0.793142,5337	0.204787,376	0.153086,405	0.221503,772	0.243312,785	0.201613,744
35000	0.0383128,5429	0.0279941,5394	0.0477695,5380	0.0907544,1763	0.252815,6305	0.281564,895	0.799776,6248	0.225734,443	0.150743,471	0.231031,883	0.231195,904	0.19322,885
40000	0.0364751,6196	0.0272698,6124	0.0448708,6151	0.090005,2011	0.253074,7239	0.2805,1041	0.804158,7118	0.238281,512	0.164179,536	0.245821,1017	0.239806,1030	0.203902,1025
45000	0.0368571,7000	0.0271794,6917	0.0417272,6878	0.0870516,2286	0.252637,8154	0.268479,1177	0.820433,7997	0.242049,566	0.177554,597	0.241197,1136	0.24456,1149	0.207349,1143
50000	0.0385255,7813	0.0282994,7668	0.0418251,7627	0.088915,2553	0.252765,9040	0.269585,1302	0.826893,8902	0.246815,628	0.18003,661	0.241461,1259	0.248238,1277	0.216535,1270
55000	0.0393792,8634	0.0282719,8489	0.0430185,8322	0.0870968,2790	0.251945,9895	0.267744,1423	0.839248,9835	0.248164,681	0.185339,723	0.248933,1406	0.245014,1404	0.226753,1398
60000	0.0397989,9347	0.0281189,9282	0.0413657,9138	0.085639,3036	0.251599,10791	0.273136,1556	0.849362,10741	0.249673,765	0.187339,774	0.247869,1525	0.250825,1515	0.226144,1530
65000	0.0408889,10125	0.029075,10043	0.0424371,9897	0.0877886,3292	0.250192,11715	0.273107,1677	0.853402,11610	0.244898,833	0.196407,835	0.251376,1635	0.246201,1645	0.233904,1693
70000	0.0401941,10922	0.0285003,10842	0.0415179,10646	0.0866856,3530	0.251271,12584	0.271224,1814	0.854607,12504	0.23588,903	0.208099,889	0.249158,1782	0.245037,1763	0.243822,1821
75000	0.039688,11666	0.0279402,11632	0.0402385,11407	0.0860874,3752	0.250278,13509	0.272446,1938	0.859068,13432	0.233402,964	0.215042,944	0.248168,1910	0.243658,1892	0.244115,1954
80000	0.0394473,12447	0.0273453,12397	0.0392157,12189	0.0862198,4013	0.250261,14373	0.264907,2046	0.863494,14329	0.234674,1044	0.215628,1011	0.253183,2042	0.244466,2033	0.238921,2076
85000	0.0398884,13262	0.0270496,13161	0.038396,12918	0.0861467,4295	0.250475,15263	0.263399,2183	0.867429,15207	0.239819,1105	0.215941,1079	0.249423,2165	0.249655,2175	0.240055,2187
90000	0.0400969,14041	0.0270465,13902	0.0395786,13669	0.0884099,4547	0.249938,16180	0.261058,2306	0.870618,16146	0.241232,1169	0.216028,1148	0.250219,2278	0.251941,2318	0.24216,2296
95000	0.0411375,14804	0.0273384,14668	0.0399251,14427	0.0909846,4814	0.250073,17095	0.261709,2434	0.874039,17045	0.237247,1235	0.210353,1217	0.252811,2401	0.248462,2439	0.240397,2421
100000	0.0401207,15578	0.02688,15439	0.0386944,15196	0.0909091,5082	0.249541,17985	0.260016,2546	0.870673,17939	0.239599,1298	0.21205,1278	0.25158,2532	0.246894,2576	0.24265,2551
105000	0.0405703,16342	0.027112,16229	0.0378199,15944	0.0908068,5330	0.250119,18903	0.253089,2671	0.869812,18842	0.241026,1365	0.212956,1343	0.252368,2639	0.248143,2692	0.240741,2700
110000	0.0404861,17117	0.0280253,16949	0.0380367,16747	0.091995,5609	0.250581,19790	0.251158,2807	0.87244,19724	0.244056,1430	0.217672,1392	0.250627,2789	0.247247,2815	0.241258,2831
115000	0.0406931,17890	0.0279159,17696	0.0372678,17495	0.0913125,5859	0.250796,20718	0.254162,2943	0.874213,20638	0.240107,1491	0.219462,1449	0.249487,2926	0.247954,2932	0.239285,2963
120000	0.0403052,18608	0.0276438,18449	0.0367369,18265	0.0914883,6121	0.250912,21657	0.252851,3069	0.876549,21547	0.239355,1550	0.222661,1518	0.252217,3045	0.250408,3067	0.237758,3104
125000	0.0408406,19368	0.0279655,19238	0.0365294,18971	0.0920351,6378	0.251098,22545	0.253267,3214	0.879765,22456	0.239332,1617	0.226153,1583	0.249922,3185	0.249453,3199	0.241836,3246
130000	0.0409005,20122	0.0277223,20020	0.0367461,19730	0.0909228,6643	0.251579,23432	0.254925,3350	0.882957,23359	0.23753,1684	0.225258,1647	0.252345,3305	0.252101,3332	0.242002,3376
135000	0.0408652,20898	0.0279195,20774	0.0368801,20526	0.0939394,6930	0.252343,24324	0.257454,3488	0.884744,24207	0.240182,1757	0.228521,1711	0.25269,3439	0.252391,3451	0.243491,3495
140000	0.0407014,21670	0.0274513,21529	0.0368426,21334	0.0938196,7184	0.252042,25222	0.257823,3611	0.885927,25098	0.238674,1810	0.228507,1768	0.257584,3560	0.252999,3585	0.242215,3629
145000	0.0411038,22431	0.0273303,22283	0.0370001,22081	0.0932545,7442	0.252325,26129	0.2584,3750	0.884735,26027	0.239107,1882	0.231106,1826	0.258948,3688	0.256216,3700	0.242489,3761
150000	0.0409589,23194	0.0272053,23047	0.0364504,22853	0.0932884,7718	0.252397,27013	0.259402,3882	0.884024,26928	0.243702,1945	0.227176,1884	0.25721,3814	0.254498,3835	0.243633,3887
155000	0.0411988,23957	0.0270656,23831	0.0360074,23634	0.0930174,7977	0.252572,27897	0.259167,4009	0.883268,27773	0.243927,2017	0.23073,1959	0.25569,3954	0.252645,3970	0.245152,4022
160000	0.0409475,24739	0.0270347,24672	0.035339,24364	0.0935901,8206	0.251677,28767	0.260522,4134	0.884948,28648	0.244264,2092	0.231798,2019	0.256285,4097	0.253538,4098	0.245437,4164
165000	0.0409923,25517	0.0269994,25408	0.0355626,25195	0.0948052,8470	0.251671,29622	0.258095,4262	0.885351,29525	0.243846,2153	0.233622,2076	0.255004,4247	0.252841,4224	0.246222,4301
170000	0.0413746,26248	0.0271377,26126	0.0358917,25967	0.0952928,8710	0.251701,30568	0.258898,4411	0.885562,30462	0.243451,2214	0.235184,2143	0.254741,4377	0.253109,4342	0.245713,4432
175000	0.0414412,26978	0.0270522,26874	0.0358318,26736	0.0951102,8937	0.251846,31551	0.257199,4549	0.884218,31326	0.24515,2268	0.236806,2217	0.254271,4507	0.253781,4496	0.244683,4561
180000	0.0414067,27725	0.0271131,27625	0.0356909,27486	0.095672,9219	0.251741,32446	0.257449,4665	0.882535,32282	0.244951,2327	0.233857,2292	0.255296,4626	0.254388,4615	0.245951,4692
185000	0.0418935,28477	0.0272037,28452	0.0359366,28272	0.0962697,9463	0.251547,33290	0.258314,4781	0.882544,33204	0.243243,2405	0.233191,2350	0.25801,4744	0.251899,4740	0.245334,4822
190000	0.0420556,29247	0.0273409,29187	0.036574,29037	0.0963756,9712	0.251023,34212	0.257428,4914	0.884306,34090	0.24668,2485	0.233804,2408	0.258508,4878	0.24959,4876	0.247275,4954
195000	0.0430255,29959	0.0278751,29955	0.0374866,29824	0.0985816,9941	0.251216,35157	0.258033,5042	0.885389,35014	0.24461,2551	0.236672,2476	0.258483,5010	0.24865,4999	0.246648,5072
200000	0.0429334,30722	0.0275725,30719	0.0372512,30603	0.0978623,10198	0.251276,36060	0.258538,5183	0.886355,35910	0.244146,2605	0.234971,2545	0.25741,5128	0.250146,5125	0.244906,5202
205000	0.0430463,31501	0.0278598,31479	0.0372794,31331	0.098508,10456	0.251041,36970	0.260697,5305	0.886638,36820	0.245883,2672	0.238658,2623	0.258359,5264	0.250286,5246	0.248453,5333
210000	0.0429638,32283	0.027472,32251	0.0370993,32103	0.0975519,10702	0.250964,37850	0.262762,5446	0.886537,37704	0.245794,2734	0.238767,2693	0.257652,5391	0.251581,5378	0.249954,5465
215000	0.0425088,33052	0.0274735,33050	0.0368117,32870	0.0974677,10978	0.251065,38719	0.261776,5562	0.887149,38582	0.24465,2804	0.241217,2761	0.258018,5519	0.25109,5504	0.250938,5599
220000	0.0422344,33835	0.0272195,33836	0.0365042,33640	0.0968689,11242	0.24995,39608	0.263862,5681	0.886581,39482	0.244506,2867	0.237876,2825	0.257188,5634	0.250753,5643	0.251095,5707
225000	0.0424284,34623	0.0271944,34566	0.0366594,34425	0.0961823,11499	0.250617,40512	0.265239,5791	0.885628,40412	0.245405,2938	0.238293,2883	0.257936,5765	0.250825,5761	0.249614,5825
230000	0.0422559,35356	0.0269062,35345	0.0365192,35187	0.0956108,11756	0.250664,41402	0.263646,5936	0.885386,41330	0.245836,3002	0.238338,2937	0.256506,5879	0.249111,5905	0.249455,5965
235000	0.0420671,36109	0.026691,36117	0.0363631,35943	0.095492,12001	0.250715,42331	0.265835,6094	0.886571,42229	0.244758,3052	0.23819,3006	0.256752,5998	0.24942,6038	0.250575,6082
240000	0.0420328,36876	0.0268409,36884	0.0362814,36713	0.0962698,12278	0.250776,43194	0.266989,6210	0.887823,43146	0.243018,3115	0.236251,3073	0.256863,6120	0.249878,6171	0.251768,6220
245000	0.042093,37631	0.0269682,37674	0.0360151,37512	0.096877,12552	0.250817,44084	0.26713,6334	0.88878,44003	0.244193,3186	0.237608,3127	0.25762,6234	0.250634,6308	0.250983,6355
250000	0.0420907,38417	0.0271015,38448	0.035988,38235	0.0965829,12818	0.250894,45015	0.266005,6451	0.889725,44906	0.244082,3253	0.238661,3197	0.258268,6350	0.249767,6426	0.249075,6484
255000	0.0424201,39156	0.0272255,39228	0.0363478,39012	0.0967742,13082	0.250539,45901	0.265347,6565	0.890409,45825	0.245089,3309	0.242434,3271	0.257925,6467	0.249543,6564	0.248943,6620
260000	0.042646,39910	0.0274041,39994	0.0366933,39762	0.0974532,13350	0.250614,46821	0.265141,6687	0.890118,46732	0.245171,3365	0.244005,3336	0.25713,6592	0.249776,6690	0.250407,6761
265000	0.0431213,40676	0.0276025,40721	0.0368416,40552	0.0980104,13621	0.250398,47776	0.266627,6796	0.890438,47635	0.245701,3431	0.24306,3386	0.257041,6711	0.249597,6819	0.250727,6876
270000	0.042984,41434	0.0276352,41505	0.0366163,41375	0.0980336,13883	0.250534,48684	0.264863,6913	0.891421,48490	0.244489,3493	0.244502,3456	0.257176,6828	0.249856,6944	0.249178,6995
275000	0.0429109,42227	0.0277061,42265	0.03665,42101	0.09872,14141	0.25061,49583	0.263747,7056	0.89153,49396	0.243099,3550	0.244811,3517	0.257365,6959	0.251376,7085	0.248174,7120
280000	0.0428711,42966	0.0276151,43020	0.0364739,42880	0.0986082,14370	0.251055,50479	0.263012,7205	0.890232,50315	0.242474,3621	0.244983,3588	0.256302,7101	0.25333,7208	0.247413,7247
285000	0.0431082,43704	0.0276306,43792	0.0369692,43658	0.0992142,14635	0.250973,51368	0.26323,7332	0.889789,51211	0.241127,3691	0.244999,3649	0.255599,7234	0.25341,7332	0.247498,7394
290000	0.0431193,44458	0.0275864,44551	0.0369712,44467	0.0998724,14889	0.250799,52233	0.263398,7464	0.890419,52135	0.24148,3756	0.245008,3706	0.256013,7359	0.252478,7466	0.246541,7516
295000	0.0431976,45234	0.0275025,45305	0.0374514,45232	0.099392,15132	0.250663,53167	0.264236,7569	0.890274,53032	0.244049,3823	0.243644,3776	0.256712,7487	0.251844,7592	0.247157,7651
300000	0.0431068,46002	0.0274115,46112	0.0371586,46019	0.0987325,15385	0.250791,54025	0.262625,7703	0.890526,53949	0.244404,3887	0.244722,3837	0.256242,7610	0.25389,7712	0.248228,7759
305000	0.0433276,46760	0.0275638,46873	0.0375726,46816	0.099106,15660	0.251452,54913	0.261319,7841	0.891064,54812	0.246138,3949	0.245708,3903	0.256732,7724	0.253598,7851	0.248164,7898
310000	0.0434892,47529	0.0276471,47600	0.0377307,47574	0.0985305,15924	0.250999,55805	0.26075,7977	0.891645,55761	0.246892,4022	0.245393,3961	0.256469,7845	0.253759,7980	0.248317,8022
315000	0.0437323,48271	0.0274584,48364	0.0375566,48327	0.098635,16191	0.251591,56743	0.261288,8106	0.892235,56623	0.246218,4098	0.244781,4024	0.257261,7988	0.254929,8116	0.248497,8149
320000	0.0435971,49017	0.0275552,49174	0.0376951,49078	0.0982203,16463	0.251505,57645	0.261239,8230	0.892947,57532	0.245079,4166	0.243084,4085	0.256917,8096	0.253972,8245	0.248519,8269
325000	0.0433979,49795	0.0273388,49929	0.0376681,49883	0.0982635,16700	0.251534,58501	0.262536,8376	0.893045,58417	0.245225,4241	0.243738,4152	0.255653,8226	0.254865,8377	0.248007,8403
330000	0.0432572,50558	0.0272286,50682	0.0375195,50667	0.0981953,16956	0.251473,59406	0.263059,8481	0.893363,59360	0.244651,4300	0.244134,4219	0.25664,8358	0.25486,8487	0.249355,8526
335000	0.0434622,51309	0.0272522,51482	0.03731,51434	0.0981132,17225	0.251775,60284	0.262388,8617	0.893241,60229	0.245473,4363	0.243509,4275	0.256698,8473	0.254609,8625	0.249194,8684
340000	0.043762,52100	0.0274036,52256	0.0375276,52175	0.0985464,17474	0.25185,61215	0.262196,8753	0.89159,61129	0.244866,4431	0.244173,4333	0.256401,8592	0.254206,8737	0.248382,8805
345000	0.0436007,52889	0.0275643,52967	0.0375535,52991	0.0985002,17736	0.251729,62158	0.261907,8881	0.892207,61989	0.245212,4490	0.243575,4397	0.255744,8704	0.253886,8878	0.247422,8920
350000	0.0437442,53630	0.0276506,53742	0.0374751,53769	0.098644,17994	0.251812,63047	0.261434,9008	0.892703,62900	0.244688,4565	0.243837,4462	0.255237,8831	0.253914,9007	0.24743,9045
355000	0.0436886,54362	0.0278883,54539	0.0373893,54561	0.0988764,18245	0.251768,63920	0.260851,9147	0.893484,63812	0.244003,4627	0.244048,4536	0.254808,8944	0.254593,9144	0.247735,9163
360000	0.0436967,55130	0.0278561,55320	0.0374652,55278	0.0987835,18495	0.252005,64844	0.261146,9263	0.893495,64739	0.24435,4690	0.246151,4611	0.255136,9054	0.255965,9263	0.247289,9313
365000	0.0436517,55897	0.0278322,56122	0.0374043,56063	0.0992375,18753	0.251879,65722	0.260874,9403	0.892711,65608	0.244169,4759	0.245016,4665	0.255178,9174	0.256203,9391	0.248438,9443
370000	0.0437222,56676	0.0280471,56940	0.0373537,56835	0.0992788,18997	0.251873,66617	0.260865,9526	0.891817,66489	0.244822,4828	0.244773,4735	0.254708,9293	0.256788,9502	0.247856,9562
375000	0.0437501,57417	0.0280103,57693	0.0373882,57585	0.0990171,19229	0.251513,67571	0.260834,9669	0.891411,67392	0.246122,4900	0.245267,4807	0.256495,9431	0.256131,9624	0.247779,9682
380000	0.0438033,58192	0.0279037,58451	0.0372604,58373	0.0989591,19503	0.25144,68422	0.260861,9806	0.891792,68313	0.246879,4966	0.244961,4862	0.256402,9567	0.2567,9739	0.248011,9806
385000	0.0436309,58949	0.0277595,59223	0.0371904,59155	0.0985374,19759	0.251241,69312	0.260541,9937	0.892786,69254	0.247615,5032	0.243893,4912	0.257025,9680	0.256777,9849	0.24844,9938
390000	0.0433494,59724	0.0275898,59986	0.0369672,59891	0.0979806,20055	0.251584,70251	0.26007,10055	0.893211,70101	0.247746,5102	0.242765,4976	0.256779,9810	0.25669,9977	0.248411,10072
395000	0.0433604,60516	0.0277192,60716	0.0369381,60669	0.0978684,20313	0.251611,71082	0.260212,10184	0.893829,71046	0.24643,5182	0.241557,5034	0.256462,9943	0.256476,10114	0.249093,10201
400000	0.0433846,61243	0.0277344,61512	0.0368526,61461	0.0978324,20576	0.251901,71929	0.261418,10313	0.894285,71948	0.246897,5237	0.242305,5101	0.256448,10080	0.257499,10268	0.248935,10332
405000	0.0433394,61999	0.0277265,62287	0.0367592,62243	0.0980994,20836	0.252341,72842	0.261757,10441	0.89498,72834	0.245886,5287	0.243144,5178	0.256071,10212	0.257272,10382	0.249163,10459
410000	0.0434741,62750	0.0276038,63071	0.0368066,63005	0.0982566,21108	0.252095,73758	0.262197,10576	0.895423,73697	0.246358,5354	0.242887,5237	0.256145,10334	0.257401,10505	0.248845,10605
415000	0.0434755,63553	0.0277634,63861	0.0367744,63740	0.0985217,21376	0.25217,74648	0.263217,10706	0.89602,74553	0.246952,5414	0.242276,5308	0.256854,10469	0.257261,10639	0.2483,10733
420000	0.0435452,64324	0.0279076,64606	0.0369687,64460	0.0991816,21627	0.252032,75530	0.26343,10834	0.895985,75508	0.247494,5487	0.241488,5375	0.257321,10586	0.257429,10768	0.248554,10895
425000	0.0435463,65149	0.0279639,65370	0.0370166,65214	0.0997528,21844	0.252168,76437	0.263609,10967	0.896466,76400	0.247523,5551	0.242045,5437	0.256882,10717	0.257526,10896	0.248139,11018
430000	0.043765,65966	0.028008,66124	0.0371061,65973	0.0994613,22089	0.252383,77307	0.261907,11107	0.896859,77292	0.248081,5603	0.242678,5497	0.256803,10841	0.257521,11036	0.247738,11165
435000	0.0437324,66724	0.0281,66904	0.0372501,66738	0.0998435,22365	0.252258,78182	0.261597,11231	0.8972,78181	0.249427,5673	0.24399,5574	0.256707,10958	0.25792,11174	0.247875,11296
440000	0.04381,67496	0.0281407,67660	0.0370826,67498	0.099832,22618	0.252366,79032	0.261691,11376	0.897084,79103	0.250479,5741	0.244417,5642	0.256068,11083	0.257785,11304	0.248537,11447
445000	0.0437089,68247	0.0280834,68439	0.0369898,68262	0.099559,22901	0.252403,79908	0.26181,11516	0.897517,79994	0.249312,5812	0.244117,5694	0.255038,11214	0.258019,11441	0.249482,11572
450000	0.043576,68983	0.0280935,69162	0.0369614,69045	0.0995119,23153	0.252169,80807	0.261488,11664	0.897413,80897	0.249404,5874	0.244845,5771	0.255049,11339	0.258009,11581	0.248891,11724
455000	0.0436234,69779	0.0282158,69890	0.0370662,69821	0.0996239,23398	0.252268,81691	0.261322,11813	0.897289,81812	0.249874,5939	0.243831,5836	0.255345,11459	0.257872,11719	0.248417,11843
460000	0.0438616,70540	0.0283095,70683	0.037303,70611	0.0996535,23662	0.252235,82558	0.261547,11929	0.897324,82726	0.250583,6002	0.243675,5889	0.255589,11585	0.258285,11828	0.248436,11987
465000	0.0438513,71332	0.0283319,71439	0.0371459,71421	0.0996318,23898	0.252367,83434	0.261216,12059	0.897966,83639	0.250413,6054	0.243747,5957	0.255746,11703	0.257465,11955	0.248658,12109
470000	0.0437773,72115	0.0282956,72202	0.0370191,72206	0.0994329,24157	0.252516,84276	0.260805,12193	0.898499,84561	0.249103,6130	0.244607,6026	0.256302,11822	0.257902,12086	0.248323,12226
475000	0.0438278,72899	0.0281482,72971	0.0369416,72953	0.099205,24404	0.252926,85187	0.261029,12309	0.898825,85436	0.248914,6215	0.243963,6087	0.256629,11955	0.258078,12225	0.248078,12359
480000	0.0438752,73709	0.02825,73699	0.0369466,73701	0.0996472,24657	0.253058,86091	0.260317,12431	0.899306,86341	0.249443,6282	0.242508,6140	0.256692,12104	0.257999,12345	0.2484,12500
485000	0.043854,74406	0.0283835,74480	0.0371723,74491	0.0993053,24903	0.253037,87023	0.259781,12576	0.899631,87238	0.250552,6338	0.241712,6214	0.256027,12237	0.257154,12475	0.24891,12619
490000	0.0437906,75176	0.0282674,75281	0.0369681,75227	0.0991012,25146	0.252759,87910	0.258865,12690	0.900051,88185	0.250546,6406	0.241989,6273	0.256694,12361	0.257186,12594	0.249235,12751
495000	0.0436958,75934	0.0282111,76034	0.036842,75946	0.0989245,25383	0.252999,88854	0.259251,12810	0.900322,89127	0.250348,6463	0.240562,6331	0.256431,12479	0.25732,12739	0.248915,12900
500000	0.043816,76730	0.0285532,76769	0.0371379,76741	0.0993052,25618	0.253133,89771	0.259047,12932	0.900194,90035	0.25046,6528	0.240576,6393	0.255954,12596	0.256894,12873	0.249577,13014
505000	0.0438239,77492	0.0286039,77507	0.0371971,77506	0.0991767,25873	0.253143,90676	0.2592,13071	0.900511,90995	0.250872,6593	0.240514,6457	0.256646,12714	0.257645,12983	0.249372,13133
510000	0.0440431,78287	0.0287069,78274	0.0372537,78301	0.0993756,26103	0.253413,91566	0.259874,13191	0.90075,91849	0.250564,6649	0.24111,6524	0.256632,12855	0.256901,13114	0.249567,13287
515000	0.0442451,79037	0.0287337,79071	0.0373485,79066	0.0997837,26357	0.253085,92475	0.259935,13311	0.901064,92747	0.250709,6701	0.242019,6578	0.25593,12984	0.256364,13239	0.249591,13434
520000	0.0440906,79813	0.0286351,79832	0.0371794,79856	0.099812,26590	0.253265,93337	0.261245,13451	0.900404,93668	0.250776,6767	0.242215,6647	0.255892,13111	0.257384,13373	0.249428,13555
525000	0.0441032,80561	0.0287536,80616	0.0372028,80639	0.0995045,26843	0.25318,94253	0.261533,13570	0.900589,94557	0.250367,6814	0.242492,6726	0.255821,13228	0.257236,13509	0.249415,13684
530000	0.0441674,81327	0.0286806,81379	0.0371649,81394	0.0996754,27108	0.253187,95151	0.26152,13693	0.900932,95460	0.250618,6879	0.24312,6795	0.255802,13358	0.257296,13638	0.249312,13818
535000	0.0442137,82056	0.0286986,82199	0.0372606,82178	0.0996745,27339	0.253293,96043	0.261377,13800	0.901252,96417	0.250972,6945	0.243369,6862	0.255415,13480	0.256964,13749	0.249426,13932
540000	0.0441287,82826	0.0286672,82952	0.0371107,82968	0.0995687,27589	0.253452,96914	0.261516,13915	0.901721,97305	0.250713,7008	0.242888,6925	0.255519,13635	0.256894,13889	0.249396,14074
545000	0.044041,83604	0.0285465,83688	0.0369459,83744	0.099278,27841	0.253549,97843	0.261222,14057	0.902004,98177	0.251804,7069	0.24332,6999	0.255287,13761	0.256955,14018	0.249102,14199
550000	0.043874,84378	0.0285081,84432	0.0368643,84499	0.0990705,28081	0.253472,98780	0.261566,14180	0.902332,99111	0.251964,7128	0.243626,7060	0.255869,13886	0.257405,14145	0.248883,14320
555000	0.0439055,85183	0.0286308,85188	0.0370079,85279	0.0991846,28331	0.253462,99656	0.261477,14311	0.902327,100017	0.252362,7196	0.243528,7108	0.254924,14012	0.257049,14258	0.248669,14461
560000	0.0439295,85956	0.0287077,85935	0.0369591,86041	0.0991435,28605	0.253435,100507	0.261547,14441	0.90242,100943	0.252068,7252	0.244038,7171	0.25565,14160	0.256982,14394	0.248715,14595
565000	0.0438117,86712	0.02869,86720	0.0369274,86819	0.0987359,28875	0.253553,101383	0.261472,14579	0.902577,101875	0.252633,7311	0.243842,7226	0.25592,14274	0.257115,14511	0.248862,14715
570000	0.0438342,87466	0.0287422,87502	0.0369347,87587	0.098848,29166	0.253366,102267	0.261419,14712	0.901622,102767	0.253491,7377	0.242906,7295	0.255332,14393	0.256575,14639	0.249106,14829
575000	0.0437512,88249	0.028718,88307	0.0368316,88321	0.0982999,29410	0.253183,103139	0.261863,14836	0.899852,103657	0.253894,7448	0.243332,7348	0.255827,14545	0.256535,14766	0.249499,14974
580000	0.0438299,89026	0.0286471,89084	0.0368199,89055	0.0982766,29651	0.253055,104088	0.261741,14969	0.898425,104553	0.253757,7519	0.242944,7405	0.254827,14657	0.256575,14904	0.249387,15089
585000	0.0437665,89749	0.0285562,89858	0.0366866,89842	0.0981841,29903	0.253007,104993	0.261765,15109	0.897367,105512	0.254027,7574	0.243366,7462	0.254267,14764	0.255839,15029	0.248734,15205
590000	0.0436397,90514	0.0284879,90670	0.0366015,90570	0.0979605,30155	0.253,105901	0.261489,15232	0.897331,106410	0.253438,7635	0.243081,7516	0.254532,14894	0.255408,15164	0.248973,15339
595000	0.0437757,91352	0.0285733,91449	0.0366266,91327	0.0983353,30396	0.253075,106759	0.260838,15362	0.897328,107293	0.252632,7695	0.24278,7583	0.254554,15042	0.255152,15285	0.249207,15457
600000	0.0438567,92141	0.0285473,92233	0.0365814,92096	0.0983842,30635	0.252886,107665	0.260976,15488	0.897654,108163	0.251865,7774	0.243727,7652	0.254256,15154	0.255711,15408	0.249375,15591
605000	0.0438629,92926	0.0285512,93026	0.0365877,92818	0.09835,30910	0.252794,108543	0.260744,15613	0.898242,109092	0.252045,7824	0.243808,7711	0.253847,15273	0.254986,15542	0.249205,15722
610000	0.0437878,93702	0.028463,93841	0.0365288,93570	0.0984532,31162	0.253111,109442	0.26101,15735	0.898723,109956	0.252057,7899	0.243699,7776	0.253801,15390	0.255219,15665	0.248771,15862
615000	0.0438957,94474	0.0285587,94577	0.036646,94335	0.0986543,31433	0.253067,110358	0.260935,15866	0.898929,110853	0.251568,7970	0.243298,7834	0.253707,15510	0.254825,15803	0.24889,15987
620000	0.0439604,95222	0.0284956,95348	0.0365481,95135	0.0987432,31668	0.253083,111252	0.260367,15989	0.898754,111797	0.25143,8042	0.242597,7902	0.2536,15627	0.254807,15914	0.249006,16104
625000	0.0439422,95967	0.028484,96124	0.0365579,95930	0.0988061,31911	0.252996,112140	0.260099,16090	0.898671,112742	0.250832,8113	0.242809,7961	0.253874,15748	0.254863,16040	0.248737,16234
630000	0.0439642,96715	0.0285815,96881	0.0368812,96716	0.0989247,32176	0.253064,113078	0.260116,16212	0.899028,113636	0.251101,8176	0.242711,8026	0.253277,15868	0.254395,16156	0.248778,16360
635000	0.0440703,97458	0.0286039,97679	0.0368329,97440	0.0987262,32423	0.252839,114025	0.260585,16344	0.899482,114507	0.250667,8250	0.24371,8108	0.252659,15986	0.254204,16294	0.249727,16486
640000	0.0440777,98213	0.0285848,98444	0.0370269,98226	0.0987114,32671	0.252898,114912	0.260693,16483	0.899438,115391	0.250932,8313	0.244529,8179	0.252686,16103	0.254913,16437	0.24988,16628
645000	0.0439967,98962	0.0285835,99218	0.0371665,98987	0.0985783,32918	0.252864,115829	0.260451,16625	0.899719,116273	0.250777,8370	0.244606,8250	0.252925,16238	0.254556,16570	0.250298,16760
650000	0.0437911,99792	0.0285054,99946	0.0370563,99794	0.0985584,33158	0.252952,116698	0.260343,16751	0.900075,117148	0.250652,8438	0.244316,8313	0.253316,16359	0.254445,16703	0.249882,16900
655000	0.043716,100581	0.0284044,100724	0.0370378,100600	0.098345,33413	0.25296,117576	0.259986,16874	0.900612,118042	0.25056,8489	0.244083,8366	0.253124,16486	0.254113,16835	0.250029,17014
660000	0.043685,101385	0.028365,101463	0.0370356,101389	0.0984848,33660	0.25268,118490	0.259828,16992	0.900748,118930	0.250351,8544	0.244334,8427	0.253114,16617	0.254069,16956	0.250598,17147
665000	0.0437405,102148	0.0283957,102269	0.0370029,102127	0.0983254,33918	0.25266,119378	0.259945,17119	0.900977,119841	0.250842,8615	0.244956,8475	0.253492,16754	0.253541,17086	0.250145,17270
670000	0.0437439,102940	0.0283848,103048	0.0369017,102895	0.0983065,34189	0.252559,120269	0.259358,17231	0.901235,120711	0.25121,8678	0.245557,8552	0.253273,16883	0.253182,17205	0.249727,17399
675000	0.0437919,103695	0.0283531,103798	0.0369638,103669	0.0983492,34469	0.252699,121164	0.259353,17374	0.901077,121620	0.251001,8745	0.245443,8613	0.253617,17002	0.253186,17343	0.249657,17508
680000	0.0438054,104462	0.0283749,104529	0.0369803,104434	0.0982266,34736	0.252695,122092	0.259005,17490	0.900879,122527	0.250993,8813	0.245157,8672	0.253399,17139	0.253175,17478	0.249376,17628
685000	0.0437894,105231	0.0285945,105300	0.0371944,105177	0.0983588,34974	0.252654,123030	0.258662,17606	0.900485,123419	0.251071,8870	0.244734,8736	0.253703,17284	0.252811,17610	0.249451,17763
690000	0.0437492,106059	0.0285402,106096	0.0372083,105944	0.0981644,35247	0.252529,123879	0.258925,17731	0.900706,124298	0.251317,8925	0.244622,8785	0.253547,17409	0.252354,17733	0.249581,17894
695000	0.0438271,106806	0.0285631,106886	0.0372634,106673	0.0980094,35517	0.252535,124775	0.258768,17877	0.900806,125229	0.251086,8981	0.244211,8853	0.253196,17520	0.252533,17867	0.249944,18016
700000	0.043853,107564	0.0285173,107654	0.0371735,107442	0.0980244,35787	0.252881,125636	0.258897,17984	0.901144,126184	0.251245,9039	0.24417,8920	0.253298,17663	0.252057,17988	0.249738,18139
705000	0.0439146,108301	0.0285272,108458	0.0372638,108282	0.0983074,36040	0.253004,126516	0.258791,18115	0.900955,127054	0.252006,9099	0.244269,8986	0.253306,17773	0.252347,18106	0.250192,18270
710000	0.0440423,109077	0.0285924,109225	0.0373203,109029	0.0986692,36293	0.253168,127382	0.258782,18247	0.901183,127984	0.252125,9178	0.244862,9050	0.252877,17902	0.252113,18222	0.250448,18411
715000	0.0440285,109838	0.0286541,109967	0.0373593,109772	0.0988722,36532	0.253211,128308	0.258586,18373	0.901377,128915	0.252326,9242	0.245122,9122	0.253269,18048	0.252112,18349	0.250513,18534
720000	0.0440384,110540	0.0286385,110760	0.0373113,110610	0.0986647,36771	0.253109,129213	0.258935,18495	0.901491,129815	0.25223,9305	0.24573,9193	0.253316,18171	0.252099,18465	0.250509,18662
725000	0.0439247,111327	0.0285617,111548	0.0372498,111383	0.0985855,37044	0.253085,130079	0.259502,18628	0.901752,130720	0.252189,9366	0.246571,9259	0.253295,18287	0.25214,18573	0.250719,18786
730000	0.0438946,112064	0.0284987,112356	0.0372339,112129	0.0986856,37280	0.253229,131004	0.259384,18756	0.9017,131638	0.251935,9431	0.246165,9323	0.253165,18403	0.251711,18700	0.251004,18916
735000	0.0439844,112790	0.0285931,113139	0.0372916,112921	0.0987911,37554	0.253382,131884	0.259263,18892	0.901831,132537	0.251922,9495	0.245795,9394	0.253563,18524	0.251448,18819	0.250381,19051
740000	0.0439737,113568	0.0286417,113890	0.0371911,113710	0.0989874,37823	0.253498,132774	0.259055,19023	0.901749,133423	0.252223,9559	0.24598,9452	0.253674,18646	0.251464,18953	0.250639,19179
745000	0.0439558,114365	0.0285667,114644	0.0371726,114493	0.0989946,38093	0.253496,133643	0.25893,19148	0.901469,134313	0.252289,9612	0.246193,9521	0.253595,18778	0.25169,19079	0.250531,19311
750000	0.0440183,115134	0.0285811,115426	0.0372848,115248	0.0992309,38355	0.253452,134546	0.258418,19275	0.901108,135218	0.251886,9679	0.246531,9585	0.253651,18900	0.251823,19204	0.250849,19430
755000	0.0439524,115898	0.0285537,116167	0.0371823,116023	0.0989358,38621	0.25346,135461	0.259242,19395	0.901078,136138	0.251641,9748	0.246401,9655	0.253588,19023	0.252006,19317	0.250639,19554
760000	0.0438531,116685	0.0285411,116919	0.0370624,116776	0.0988137,38861	0.253436,136358	0.258973,19531	0.900787,137049	0.251707,9813	0.246037,9714	0.253654,19156	0.251594,19444	0.250685,19694
765000	0.0438303,117453	0.0285469,117666	0.0370207,117583	0.0987714,39151	0.253502,137269	0.258806,19675	0.900485,137889	0.251746,9879	0.245955,9766	0.254032,19281	0.251648,19567	0.250744,19821
770000	0.0437908,118244	0.0285068,118428	0.0370258,118377	0.0987516,39412	0.253486,138181	0.258695,19811	0.900709,138743	0.25264,9943	0.24629,9838	0.254048,19394	0.251689,19691	0.250928,19938
775000	0.0438726,118981	0.0285252,119228	0.0371005,119109	0.0989343,39693	0.25348,139076	0.258459,19949	0.900352,139652	0.252948,10006	0.245908,9898	0.254048,19516	0.251904,19825	0.251308,20067
780000	0.0438142,119733	0.0286162,120002	0.0371955,119880	0.099029,39958	0.253518,139935	0.258012,20096	0.900606,140532	0.254093,10079	0.245818,9983	0.254199,19646	0.251904,19956	0.251535,20200
785000	0.0437873,120423	0.0285154,120777	0.0371484,120678	0.098923,40203	0.253624,140870	0.258224,20215	0.899803,141422	0.254411,10145	0.245542,10039	0.25421,19775	0.251742,20088	0.251412,20365
790000	0.043752,121206	0.0285667,121540	0.0371517,121448	0.0989353,40481	0.253811,141775	0.258087,20342	0.898637,142300	0.254232,10219	0.245175,10103	0.25425,19882	0.25183,20220	0.251513,20484
795000	0.0439275,121951	0.0287995,122294	0.0375302,122195	0.099229,40724	0.253821,142703	0.25812,20475	0.897895,143254	0.254033,10290	0.245199,10155	0.25426,20011	0.251818,20356	0.251797,20592
800000	0.0439487,122734	0.0288036,123075	0.0376279,122994	0.0992797,40955	0.253698,143576	0.257781,20595	0.897405,144159	0.254444,10352	0.245277,10217	0.254306,20145	0.251917,20475	0.251653,20723
805000	0.0440011,123497	0.0287816,123829	0.0376807,123777	0.0994348,41223	0.253599,144504	0.257832,20715	0.896899,145023	0.254128,10416	0.245694,10277	0.253983,20273	0.250959,20605	0.25181,20861
810000	0.0439289,124269	0.0287645,124598	0.0376303,124554	0.0995033,41476	0.253549,145380	0.257761,20841	0.895958,145902	0.253679,10466	0.24558,10351	0.253599,20422	0.250687,20751	0.251977,20990
815000	0.0438295,125007	0.0287113,125386	0.0375645,125331	0.0992238,41744	0.253537,146227	0.257039,20989	0.895114,146788	0.253492,10525	0.245732,10426	0.253318,20567	0.250754,20889	0.251787,21121
820000	0.0438094,125772	0.0286867,126156	0.037375,126127	0.0991643,42001	0.253588,147148	0.256716,21105	0.894532,147666	0.25307,10586	0.245285,10498	0.253804,20701	0.250417,21001	0.252225,21239
825000	0.0437634,126567	0.0286453,126897	0.0372858,126858	0.0987841,42274	0.253478,148013	0.256708,21242	0.89409,148589	0.252839,10655	0.245147,10561	0.25396,20834	0.25,21128	0.252175,21382
830000	0.043735,127335	0.0286406,127651	0.0372492,127627	0.0988952,42540	0.253444,148869	0.256817,21381	0.893395,149496	0.252751,10722	0.244687,10634	0.254027,20982	0.250787,21277	0.25249,21486
835000	0.0436946,128048	0.0286642,128453	0.0372548,128386	0.0988926,42804	0.253539,149780	0.256732,21501	0.892692,150390	0.25283,10778	0.245214,10709	0.254025,21116	0.250841,21404	0.252323,21631
840000	0.0435711,128824	0.0285854,129227	0.0372693,129168	0.0986321,43059	0.253519,150620	0.256465,21617	0.891416,151321	0.252675,10840	0.24543,10777	0.253872,21243	0.250464,21536	0.252159,21768
845000	0.0436011,129561	0.0286288,130009	0.037242,129934	0.0985327,43346	0.253451,151485	0.256515,21757	0.890359,152187	0.252087,10901	0.244811,10841	0.253952,21382	0.250219,21685	0.252327,21912
850000	0.0435733,130332	0.0285644,130757	0.0371832,130731	0.098272,43634	0.253518,152368	0.256338,21893	0.889318,153096	0.252053,10958	0.244956,10904	0.254105,21499	0.250011,21795	0.252213,22033
855000	0.0436415,131045	0.0285286,131517	0.0372302,131533	0.0982845,43893	0.253569,153280	0.256536,22032	0.8893,153984	0.252269,11016	0.245598,10961	0.253742,21644	0.250182,21928	0.25168,22167
860000	0.0438105,131795	0.0285684,132244	0.0373517,132310	0.0985315,44128	0.253526,154225	0.256792,22158	0.888169,154885	0.252525,11088	0.246049,11010	0.253719,21780	0.250532,22081	0.251525,22296
865000	0.04383,132512	0.0286107,132992	0.0372931,133081	0.0983673,44405	0.253546,155100	0.256314,22293	0.886955,155814	0.252397,11161	0.246005,11077	0.253637,21929	0.250236,22199	0.251638,22437
870000	0.043858,133271	0.0286387,133770	0.0372694,133890	0.0982898,44674	0.253466,155954	0.256516,22408	0.886359,156704	0.252624,11242	0.245649,11146	0.253992,22044	0.25028,22323	0.251484,22574
875000	0.0439023,134025	0.028674,134547	0.0372695,134614	0.0983216,44924	0.253463,156895	0.256515,22525	0.886471,157607	0.252783,11318	0.246363,11203	0.253983,22155	0.250445,22484	0.251244,22703
880000	0.0439202,134790	0.0286673,135311	0.0371809,135419	0.0984282,45170	0.253467,157784	0.256251,22638	0.886793,158497	0.253602,11384	0.246761,11270	0.254006,22279	0.250376,22618	0.251664,22840
885000	0.0439051,135588	0.0286313,136075	0.0371763,136189	0.0985667,45421	0.253588,158643	0.256227,22765	0.887147,159411	0.253647,11449	0.247243,11333	0.253904,22414	0.249923,22735	0.252035,22977
890000	0.0438013,136343	0.0286007,136850	0.0370887,136942	0.0983294,45673	0.253528,159596	0.256353,22902	0.887282,160258	0.254102,11519	0.246732,11397	0.253405,22541	0.250175,22860	0.251957,23119
895000	0.0437555,137080	0.0286125,137632	0.0370438,137702	0.0984966,45961	0.253525,160505	0.25634,23028	0.88671,161153	0.254019,11570	0.247581,11471	0.253155,22666	0.250457,22990	0.252044,23242
900000	0.0436287,137868	0.0285745,138375	0.0370499,138462	0.0984642,46230	0.253443,161413	0.256431,23168	0.886578,162059	0.254,11626	0.24738,11545	0.253412,22789	0.250054,23099	0.252161,23366
905000	0.043551,138665	0.0285123,139168	0.0369479,139223	0.0981851,46504	0.253445,162284	0.256549,23286	0.886829,162904	0.254337,11701	0.24789,11614	0.253556,22922	0.249946,23225	0.252085,23504
910000	0.0434998,139426	0.0285155,139959	0.0368714,139973	0.0982233,46771	0.253449,163177	0.256564,23425	0.887127,163795	0.253781,11770	0.24801,11685	0.253559,23040	0.250011,23347	0.2522,23632
915000	0.043459,140201	0.0284576,140771	0.0368968,140744	0.0980696,47038	0.253627,164060	0.256468,23539	0.88735,164670	0.253572,11827	0.247682,11757	0.253488,23153	0.25017,23488	0.252316,23752
920000	0.0434434,140965	0.0285072,141508	0.0368465,141533	0.0980844,47296	0.253725,164958	0.256567,23678	0.887578,165528	0.253451,11880	0.248013,11826	0.253683,23281	0.250486,23650	0.252375,23897
925000	0.043577,141749	0.0285775,142280	0.0368432,142333	0.0980681,47518	0.253794,165875	0.256803,23812	0.887484,166385	0.25297,11954	0.247978,11872	0.253772,23399	0.250557,23791	0.251997,24032
930000	0.0434658,142503	0.0285241,143072	0.0367289,143157	0.0978404,47741	0.253782,166757	0.256773,23955	0.887756,167252	0.253308,12017	0.24822,11937	0.253495,23531	0.250345,23911	0.251459,24167
935000	0.0434027,143240	0.0284536,143813	0.0366498,143957	0.0976921,48008	0.253737,167654	0.257325,24094	0.888004,168185	0.25331,12084	0.248064,12009	0.253615,23654	0.250406,24017	0.250978,24285
940000	0.0433213,144040	0.0284632,144608	0.0365675,144664	0.0975105,48282	0.253704,168523	0.257472,24224	0.888074,169085	0.253209,12152	0.248841,12076	0.25397,23806	0.250207,24136	0.250983,24404
945000	0.0433101,144770	0.0284748,145427	0.0365428,145446	0.0975173,48535	0.253606,169436	0.257408,24366	0.888317,169963	0.252987,12218	0.249011,12128	0.253972,23920	0.250175,24251	0.251059,24540
950000	0.043265,145545	0.0284571,146185	0.0364829,146233	0.0973645,48796	0.253671,170331	0.257414,24482	0.888419,170880	0.253598,12299	0.248749,12193	0.254036,24036	0.25038,24367	0.251166,24653
955000	0.043215,146338	0.0284416,146968	0.0364699,146998	0.0973222,49033	0.253675,171211	0.257035,24627	0.88837,171764	0.253823,12359	0.248755,12245	0.254187,24183	0.250112,24497	0.250918,24777
960000	0.0432223,147123	0.0284966,147772	0.0364298,147736	0.0973482,49287	0.253714,172131	0.257076,24732	0.888456,172631	0.253985,12422	0.248457,12312	0.254246,24315	0.250132,24627	0.251244,24912
965000	0.0432322,147899	0.028457,148575	0.0364214,148484	0.0974168,49550	0.253809,173024	0.257039,24860	0.888539,173496	0.253701,12495	0.248729,12387	0.253959,24441	0.250101,24746	0.251088,25043
970000	0.0432129,148636	0.0284188,149338	0.0363169,149242	0.0972392,49805	0.253924,173922	0.25712,25000	0.888646,174426	0.253939,12566	0.248635,12452	0.253779,24541	0.25,24892	0.251112,25180
975000	0.0431875,149395	0.0284766,150123	0.0362833,149959	0.0969875,50058	0.253976,174843	0.256707,25122	0.888887,175371	0.254117,12632	0.248122,12514	0.254044,24669	0.24991,25005	0.250701,25309
980000	0.0431173,150195	0.0284127,150883	0.0361919,150752	0.0968595,50310	0.254077,175738	0.256563,25257	0.889272,176233	0.253665,12686	0.247892,12574	0.25393,24810	0.249831,25133	0.250659,25429
985000	0.0430583,150958	0.0283519,151630	0.0361477,151545	0.0968029,50577	0.254177,176637	0.256494,25369	0.88906,177177	0.253434,12741	0.247764,12633	0.253882,24925	0.249901,25258	0.250568,25550
990000	0.0430125,151700	0.0283226,152387	0.0360748,152350	0.0966206,50838	0.254067,177548	0.256442,25495	0.889007,178057	0.253455,12807	0.247736,12699	0.254012,25050	0.249675,25393	0.250779,25676
995000	0.0429517,152497	0.0282772,153162	0.0360036,153096	0.0964518,51124	0.254,178457	0.256495,25634	0.888626,178911	0.253284,12867	0.248079,12754	0.253962,25177	0.249559,25525	0.251396,25796
1000000	0.042924,153271	0.0282672,153924	0.036017,153844	0.0965066,51354	0.254035,179381	0.256707,25757	0.887664,179817	0.25292,12929	0.248615,12815	0.253742,25321	0.249396,25654	0.251417,25933
