GEN	stNNI( topo{0};brlens{0} )$run0	eSPR( topo{0};brlens{0};stopProb=0.5 )$run0	parsSpr( topo{0};brlens{0};radius=6,warp=0.1 )$run0	likeSPR( topo{0};brlens{0};radius=5,warp=1 )$run0	blMult( brlens{0} )$run0	TL-Mult( brlens{0} )$run0	blDistGamma( brlens{0} )$run0	freqSlider( statefreq{0};brlens{0} )$run0	freqDirich( statefreq{0};brlens{0} )$run0	revMatSlider( revmat{0};brlens{0} )$run0	revMatDirich( revmat{0};brlens{0} )$run0	rateHetMulti( ratehet{0} )$run0
5000	0.0576923,780	0.0398458,778	0.0609756,738	0.117188,256	0.300106,943	0.152,125	0.766102,885	0.27027,74	0.233333,60	0.464912,114	0.318841,138	0.504587,109
10000	0.0858618,1549	0.0492773,1522	0.0974359,1560	0.157221,547	0.285474,1783	0.2,260	0.744955,1784	0.368794,141	0.214815,135	0.360169,236	0.346614,251	0.301724,232
15000	0.0870712,2274	0.0465934,2275	0.103952,2328	0.173755,823	0.27745,2714	0.230179,391	0.756051,2644	0.416667,216	0.269036,197	0.385475,358	0.315789,399	0.330709,381
20000	0.0860884,3055	0.0477905,3055	0.0981854,3086	0.172761,1094	0.271357,3582	0.23221,534	0.760931,3522	0.379433,282	0.215094,265	0.322515,493	0.304348,529	0.324056,503
25000	0.0877239,3796	0.0482903,3831	0.100207,3862	0.168161,1338	0.264837,4482	0.24159,654	0.780877,4445	0.376068,351	0.218289,339	0.327243,602	0.307922,669	0.339144,631
30000	0.0859189,4609	0.0504766,4616	0.0981409,4626	0.170655,1588	0.260594,5357	0.245136,771	0.802478,5326	0.415459,414	0.219512,410	0.30109,734	0.300637,785	0.33377,764
35000	0.0917414,5352	0.0548633,5377	0.0983271,5380	0.172489,1832	0.262116,6314	0.245495,888	0.815773,6226	0.405405,481	0.222453,481	0.304551,857	0.292709,919	0.31019,893
40000	0.0900813,6150	0.0565792,6133	0.0983073,6144	0.176527,2096	0.259182,7215	0.24632,1019	0.826725,7087	0.387868,544	0.209091,550	0.296827,977	0.284102,1063	0.291585,1022
45000	0.0914228,6902	0.058244,6902	0.0999855,6901	0.174024,2356	0.257721,8160	0.245167,1138	0.83643,7966	0.3711,609	0.210181,609	0.31205,1112	0.280908,1189	0.292388,1156
50000	0.0897619,7687	0.059267,7694	0.101706,7679	0.16979,2615	0.258709,9014	0.249216,1276	0.842486,8850	0.366864,676	0.219118,680	0.307443,1236	0.280916,1310	0.292284,1283
55000	0.0882874,8461	0.0588305,8431	0.101852,8424	0.170656,2883	0.256568,9935	0.25071,1408	0.852121,9758	0.362652,739	0.221333,750	0.308487,1355	0.273677,1436	0.28662,1420
60000	0.0864519,9219	0.0587343,9228	0.101479,9194	0.174286,3150	0.256939,10808	0.251148,1525	0.855774,10643	0.352357,806	0.221951,820	0.298997,1495	0.2711,1564	0.28876,1548
65000	0.0845731,10015	0.0584461,9975	0.101263,9974	0.174823,3392	0.25624,11739	0.252121,1650	0.860219,11518	0.34738,878	0.234428,883	0.29401,1636	0.268772,1678	0.2858,1662
70000	0.0843764,10785	0.0582805,10724	0.100551,10701	0.174447,3663	0.255939,12671	0.250279,1790	0.864109,12407	0.332984,955	0.228125,960	0.295751,1765	0.267668,1797	0.283389,1782
75000	0.0847882,11570	0.0605432,11562	0.101296,11501	0.178187,3906	0.256175,13522	0.249345,1909	0.868552,13260	0.32681,1022	0.232443,1011	0.290373,1901	0.270931,1923	0.281756,1913
80000	0.0853718,12346	0.0611053,12323	0.101706,12251	0.177516,4163	0.255256,14413	0.25074,2026	0.871576,14164	0.327869,1098	0.23827,1087	0.285924,2046	0.267317,2050	0.278898,2033
85000	0.0839636,13089	0.060358,13072	0.100522,13022	0.17951,4412	0.25494,15333	0.247461,2166	0.872048,15076	0.325021,1163	0.243924,1152	0.287941,2181	0.27011,2188	0.277726,2146
90000	0.0833093,13888	0.0599682,13824	0.0997394,13816	0.17906,4680	0.255197,16211	0.248472,2290	0.875885,15961	0.322395,1219	0.239309,1216	0.284532,2295	0.269841,2331	0.271045,2269
95000	0.0857903,14652	0.0612442,14532	0.100814,14611	0.184922,4921	0.254558,17112	0.252471,2428	0.877943,16902	0.317896,1274	0.235614,1286	0.285184,2423	0.269075,2464	0.271816,2395
100000	0.086838,15408	0.0621609,15299	0.102469,15390	0.186664,5159	0.255244,18022	0.253307,2570	0.878982,17799	0.313109,1335	0.236686,1352	0.279734,2556	0.268065,2574	0.267744,2536
105000	0.0863861,16160	0.0621458,16059	0.103165,16178	0.186369,5414	0.254097,18918	0.252967,2696	0.882041,18676	0.316312,1410	0.238869,1415	0.275913,2711	0.266445,2706	0.268348,2657
110000	0.0855912,16941	0.0614598,16824	0.101828,16960	0.184373,5657	0.254556,19811	0.254159,2825	0.883272,19584	0.31694,1464	0.239892,1484	0.275485,2835	0.266573,2836	0.270961,2779
115000	0.0856193,17753	0.0614439,17577	0.101186,17710	0.182665,5907	0.254134,20682	0.253492,2935	0.884353,20528	0.312867,1531	0.240129,1545	0.27921,2987	0.265737,2939	0.271163,2906
120000	0.0858114,18529	0.062289,18366	0.101169,18474	0.184446,6159	0.255225,21577	0.254729,3066	0.88403,21428	0.309824,1588	0.242387,1609	0.278367,3111	0.26486,3062	0.268558,3031
125000	0.0858004,19254	0.0625489,19153	0.10114,19211	0.185508,6431	0.255315,22529	0.256841,3216	0.879046,22273	0.312651,1660	0.240096,1666	0.278941,3248	0.264015,3193	0.267846,3166
130000	0.0859839,20027	0.063387,19941	0.101435,19924	0.188165,6675	0.255352,23450	0.254551,3351	0.877949,23187	0.312139,1730	0.237572,1730	0.277695,3367	0.264043,3329	0.272423,3289
135000	0.0856923,20772	0.0631396,20716	0.101607,20717	0.187248,6948	0.254185,24313	0.256234,3489	0.876658,24128	0.308081,1782	0.235558,1783	0.27727,3502	0.265625,3456	0.271951,3394
140000	0.0859582,21557	0.0628197,21506	0.101131,21477	0.189208,7209	0.254196,25205	0.255743,3613	0.878263,25013	0.307942,1851	0.236089,1851	0.276309,3630	0.265568,3581	0.270031,3507
145000	0.0857322,22302	0.0626011,22252	0.101128,22259	0.18848,7465	0.253607,26127	0.257633,3734	0.876148,25918	0.304802,1916	0.234896,1920	0.273502,3755	0.266541,3718	0.268299,3634
150000	0.0863759,23062	0.0631469,22994	0.10153,23067	0.188138,7739	0.254001,26996	0.256736,3860	0.8728,26824	0.30137,1971	0.236483,1979	0.272097,3892	0.264995,3868	0.267076,3748
155000	0.0861477,23866	0.0637608,23745	0.102487,23808	0.188057,7971	0.254051,27896	0.256192,3997	0.873178,27716	0.300933,2037	0.239077,2037	0.270176,4027	0.265785,4007	0.268174,3893
160000	0.0860822,24616	0.0634409,24511	0.10236,24619	0.185487,8227	0.253811,28797	0.256646,4138	0.874882,28565	0.301344,2084	0.23943,2105	0.268474,4168	0.26492,4122	0.269516,4048
165000	0.0859461,25388	0.0629703,25250	0.101605,25363	0.183928,8487	0.253139,29711	0.256975,4265	0.876305,29508	0.298041,2144	0.238778,2161	0.268065,4290	0.267294,4250	0.267033,4183
170000	0.0852512,26158	0.0626775,26054	0.101314,26097	0.183715,8769	0.252907,30616	0.258542,4390	0.877834,30385	0.293931,2208	0.242438,2215	0.267015,4408	0.268504,4391	0.267579,4309
175000	0.0854044,26919	0.0628282,26851	0.101301,26831	0.182743,9040	0.252837,31546	0.257086,4516	0.879164,31282	0.294325,2273	0.243528,2279	0.265711,4535	0.266327,4517	0.267513,4411
180000	0.0847971,27725	0.0624977,27617	0.101051,27600	0.18223,9274	0.253081,32452	0.256515,4643	0.880599,32169	0.29475,2324	0.242875,2351	0.266267,4672	0.264941,4635	0.266858,4538
185000	0.0847992,28538	0.0624251,28354	0.101093,28370	0.182,9511	0.25368,33357	0.258342,4765	0.881276,33102	0.295474,2386	0.247196,2407	0.263399,4795	0.263634,4749	0.265967,4666
190000	0.0850505,29312	0.0624549,29109	0.101096,29101	0.181538,9750	0.253432,34313	0.259403,4892	0.88256,34009	0.294882,2462	0.248784,2468	0.262515,4914	0.264976,4891	0.268048,4779
195000	0.0854226,30074	0.062546,29882	0.101481,29848	0.181409,9994	0.253208,35224	0.262644,5022	0.883236,34925	0.294512,2533	0.249705,2543	0.26112,5036	0.263955,5016	0.269019,4903
200000	0.0854681,30877	0.0628286,30623	0.101569,30590	0.182899,10257	0.253384,36131	0.262502,5139	0.88284,35840	0.292871,2595	0.248371,2609	0.261613,5145	0.264706,5168	0.269598,5026
205000	0.08554,31646	0.0626593,31392	0.101934,31393	0.182571,10511	0.253148,37002	0.261623,5248	0.883639,36739	0.288238,2661	0.247562,2666	0.260533,5293	0.263545,5297	0.268051,5152
210000	0.0858368,32422	0.0620825,32183	0.102235,32171	0.182691,10734	0.253325,37892	0.261161,5376	0.884593,37632	0.285714,2716	0.245255,2740	0.263265,5428	0.264527,5421	0.266982,5285
215000	0.0858838,33196	0.0619743,32933	0.102159,32929	0.183101,10983	0.2528,38837	0.261312,5503	0.885363,38504	0.286383,2776	0.245989,2805	0.264124,5558	0.264828,5547	0.2669,5429
220000	0.085975,33975	0.062474,33694	0.102863,33666	0.184007,11255	0.252697,39767	0.261816,5649	0.885074,39382	0.283708,2848	0.247211,2868	0.263896,5703	0.263874,5658	0.267028,5535
225000	0.0858394,34716	0.0620994,34477	0.10276,34420	0.18372,11523	0.253067,40673	0.260772,5779	0.88501,40273	0.282422,2907	0.246767,2938	0.263194,5836	0.263975,5796	0.267927,5662
230000	0.0860974,35425	0.062174,35272	0.103205,35192	0.183148,11761	0.252738,41545	0.260339,5900	0.884088,41221	0.279732,2985	0.25,2992	0.261889,5972	0.264666,5932	0.266759,5803
235000	0.0862808,36161	0.0626353,36034	0.103832,35991	0.182807,12040	0.252899,42432	0.260458,6024	0.885144,42131	0.278597,3051	0.251552,3061	0.26022,6091	0.263618,6058	0.265947,5926
240000	0.0871766,36948	0.0634821,36782	0.104728,36800	0.183474,12296	0.252963,43291	0.258862,6150	0.885949,43051	0.277653,3119	0.25016,3118	0.259891,6218	0.262478,6191	0.266236,6036
245000	0.0879258,37725	0.0639459,37563	0.105008,37578	0.183976,12556	0.253021,44186	0.260558,6275	0.886922,43890	0.278389,3179	0.248904,3194	0.260556,6371	0.261014,6310	0.265835,6173
250000	0.087462,38531	0.0638981,38311	0.104593,38339	0.18332,12830	0.253017,45084	0.260285,6393	0.88781,44790	0.280099,3231	0.248229,3247	0.260421,6501	0.261875,6442	0.265831,6301
255000	0.0869189,39278	0.0635924,39077	0.104259,39162	0.18195,13108	0.252665,45974	0.259072,6531	0.888344,45658	0.278943,3291	0.248714,3305	0.261355,6627	0.260268,6574	0.266719,6415
260000	0.0867784,40033	0.0636599,39821	0.104172,39934	0.180366,13395	0.252789,46889	0.259159,6660	0.889144,46547	0.280691,3356	0.248658,3354	0.260966,6748	0.260131,6712	0.266829,6551
265000	0.0870982,40816	0.0638497,40564	0.103987,40707	0.180459,13643	0.253328,47772	0.261627,6773	0.889554,47471	0.282456,3420	0.247733,3419	0.258796,6878	0.258676,6858	0.266208,6679
270000	0.086945,41578	0.0637613,41326	0.103904,41471	0.179382,13881	0.253112,48686	0.261929,6895	0.890115,48396	0.283947,3476	0.24742,3488	0.260083,7017	0.258554,6985	0.267755,6801
275000	0.0868765,42359	0.0638915,42087	0.103875,42272	0.179471,14136	0.253016,49574	0.262761,7033	0.88984,49274	0.284463,3540	0.248237,3545	0.260437,7138	0.259421,7112	0.267965,6930
280000	0.0873021,43149	0.0636998,42873	0.103802,43034	0.179578,14367	0.253121,50466	0.263767,7173	0.890533,50143	0.283108,3617	0.247993,3613	0.26081,7262	0.26,7250	0.268113,7053
285000	0.087009,43938	0.0634502,43609	0.103821,43835	0.179175,14617	0.25328,51370	0.263382,7286	0.891502,51033	0.282135,3672	0.247011,3680	0.260322,7387	0.259856,7381	0.269466,7192
290000	0.0869264,44716	0.0634277,44397	0.104176,44607	0.178771,14857	0.253469,52243	0.263463,7409	0.892013,51960	0.281016,3740	0.246996,3745	0.260043,7518	0.260389,7508	0.269041,7300
295000	0.086988,45512	0.063202,45141	0.104038,45368	0.178293,15110	0.25328,53131	0.263835,7535	0.892542,52867	0.282489,3809	0.24651,3797	0.260478,7659	0.260044,7641	0.268371,7430
300000	0.0872205,46285	0.0633499,45888	0.104831,46122	0.178481,15363	0.253754,54072	0.263666,7665	0.892749,53771	0.281792,3861	0.244565,3864	0.25857,7789	0.259421,7775	0.268125,7545
305000	0.0868696,47036	0.0631881,46686	0.104735,46880	0.177665,15608	0.253369,54987	0.262631,7798	0.893461,54609	0.282713,3951	0.242824,3937	0.258244,7915	0.25918,7898	0.267966,7695
310000	0.0870293,47777	0.0635797,47468	0.105101,47659	0.17808,15858	0.25324,55868	0.262495,7943	0.893884,55524	0.283118,4016	0.244755,4004	0.257239,8047	0.259347,8024	0.267537,7812
315000	0.0870004,48563	0.063791,48220	0.104984,48436	0.178523,16110	0.253197,56778	0.261834,8070	0.893793,56418	0.283153,4072	0.244752,4049	0.257304,8181	0.259173,8149	0.26779,7954
320000	0.0869759,49324	0.0639636,48981	0.105103,49247	0.178654,16378	0.253324,57693	0.261797,8201	0.892752,57297	0.283087,4133	0.246165,4107	0.258348,8295	0.260251,8292	0.267511,8052
325000	0.0874337,50118	0.0639833,49763	0.105045,50007	0.178653,16630	0.253456,58586	0.261931,8319	0.89105,58192	0.280982,4196	0.246582,4169	0.257969,8439	0.260529,8429	0.267174,8152
330000	0.0874599,50869	0.063978,50533	0.105124,50740	0.178648,16888	0.253004,59497	0.262227,8424	0.891293,59150	0.279981,4261	0.247284,4234	0.258023,8569	0.260428,8559	0.267641,8276
335000	0.0874223,51623	0.0642306,51284	0.105195,51590	0.179408,17123	0.253202,60438	0.262591,8538	0.891777,60015	0.280009,4307	0.248314,4301	0.259727,8713	0.260669,8670	0.267564,8398
340000	0.0874096,52397	0.0643078,52031	0.105109,52355	0.179511,17414	0.253337,61357	0.261226,8663	0.89208,60897	0.27873,4377	0.2496,4371	0.258882,8838	0.260539,8801	0.267679,8499
345000	0.0875247,53185	0.0643884,52789	0.105322,53104	0.179775,17661	0.253392,62271	0.260612,8787	0.892317,61802	0.277477,4440	0.250508,4431	0.259234,8961	0.259479,8941	0.266922,8628
350000	0.0872538,53969	0.0641033,53601	0.104966,53846	0.17933,17939	0.253072,63152	0.261597,8903	0.892153,62663	0.278074,4506	0.249167,4503	0.25853,9086	0.259067,9071	0.265951,8761
355000	0.0870836,54729	0.0639679,54371	0.105142,54593	0.179089,18220	0.25308,64039	0.26229,9032	0.892111,63593	0.27728,4573	0.248468,4568	0.259147,9211	0.259545,9193	0.266501,8878
360000	0.0872025,55503	0.0638888,55127	0.104924,55383	0.178719,18448	0.25333,64947	0.262141,9163	0.892329,64493	0.276893,4648	0.247891,4623	0.258914,9339	0.26079,9314	0.265979,9012
365000	0.0879686,56236	0.0646246,55892	0.105723,56194	0.180135,18686	0.253616,65883	0.262484,9292	0.892386,65354	0.277354,4716	0.24638,4696	0.259709,9476	0.260953,9427	0.266288,9148
370000	0.0883332,57068	0.0650861,56648	0.106151,56938	0.180256,18912	0.253238,66775	0.262147,9426	0.893162,66259	0.277172,4766	0.245485,4762	0.25956,9597	0.260715,9566	0.265216,9283
375000	0.0887479,57838	0.0658644,57421	0.10648,57729	0.181296,19162	0.253329,67671	0.262094,9550	0.893697,67129	0.276419,4826	0.245487,4819	0.259484,9727	0.260169,9686	0.26488,9442
380000	0.0883989,58598	0.065478,58218	0.105858,58503	0.180666,19406	0.253067,68555	0.26218,9688	0.894152,68060	0.276243,4887	0.244827,4881	0.259496,9846	0.260271,9809	0.264844,9549
385000	0.0883863,59387	0.0653748,58983	0.105464,59281	0.180389,19652	0.25293,69454	0.260719,9796	0.894397,68975	0.276169,4939	0.244395,4951	0.259434,9964	0.260195,9931	0.264478,9687
390000	0.0883492,60159	0.0653501,59801	0.105333,60019	0.180814,19921	0.253194,70357	0.259984,9916	0.894886,69848	0.275414,5007	0.244307,5006	0.259457,10098	0.26042,10053	0.265614,9815
395000	0.0881112,60923	0.0653143,60538	0.105137,60797	0.180351,20194	0.253542,71223	0.260294,10054	0.895425,70753	0.275305,5078	0.245023,5073	0.25952,10242	0.260173,10174	0.265802,9951
400000	0.0883645,61699	0.065267,61302	0.10557,61523	0.180765,20463	0.253642,72137	0.259757,10198	0.895879,71686	0.274216,5131	0.245828,5154	0.259467,10352	0.259889,10289	0.265051,10066
405000	0.0882381,62456	0.0650683,62104	0.105738,62248	0.180629,20711	0.253792,73111	0.260021,10303	0.89587,72573	0.275463,5184	0.244257,5224	0.25951,10489	0.258932,10412	0.264703,10185
410000	0.0878819,63244	0.0648309,62825	0.105518,63032	0.180774,20982	0.253507,73986	0.259981,10420	0.896316,73473	0.276551,5254	0.244004,5295	0.258872,10623	0.25909,10533	0.263912,10333
415000	0.0878083,64060	0.0649144,63576	0.105455,63800	0.180792,21179	0.253406,74872	0.260931,10543	0.896419,74386	0.277548,5318	0.243465,5356	0.258767,10751	0.2591,10687	0.263942,10472
420000	0.0876527,64824	0.0647321,64373	0.105068,64577	0.180351,21436	0.253291,75743	0.260662,10669	0.895947,75260	0.277644,5381	0.24243,5416	0.258177,10884	0.258684,10824	0.262885,10613
425000	0.0875497,65597	0.0648393,65084	0.105103,65412	0.179815,21689	0.253256,76626	0.260435,10805	0.896108,76137	0.277033,5447	0.243809,5492	0.25827,11004	0.258901,10954	0.26188,10753
430000	0.0871629,66370	0.0648782,65831	0.105028,66144	0.179732,21966	0.253259,77561	0.260679,10956	0.896414,77018	0.277192,5498	0.244364,5545	0.258444,11132	0.258003,11089	0.26281,10890
435000	0.086939,67116	0.0648666,66552	0.105181,66932	0.179417,22222	0.253261,78504	0.261296,11110	0.89649,77886	0.276432,5571	0.243985,5611	0.257589,11266	0.257156,11215	0.262823,11015
440000	0.0865814,67913	0.0646652,67285	0.104997,67678	0.17918,22469	0.253079,79398	0.261075,11242	0.896834,78805	0.27689,5634	0.243847,5688	0.256902,11374	0.256896,11347	0.262559,11167
445000	0.0866817,68665	0.0647777,68079	0.105293,68447	0.1795,22741	0.253073,80301	0.260709,11369	0.89702,79666	0.275941,5686	0.243915,5752	0.256927,11513	0.257944,11487	0.262971,11294
450000	0.086508,69404	0.0647603,68823	0.10539,69257	0.179777,22984	0.253054,81275	0.260911,11502	0.897392,80510	0.275239,5755	0.244276,5809	0.257322,11643	0.256934,11610	0.262688,11428
455000	0.0863846,70163	0.064645,69580	0.105237,69985	0.179904,23229	0.253228,82179	0.26162,11639	0.897689,81477	0.273836,5821	0.244388,5880	0.257826,11756	0.256325,11739	0.262898,11552
460000	0.0864455,70958	0.0647055,70334	0.105172,70760	0.179934,23492	0.252877,83080	0.26162,11769	0.898069,82340	0.27404,5886	0.245035,5942	0.257801,11889	0.255671,11859	0.262852,11691
465000	0.0862119,71707	0.0647733,71125	0.105294,71514	0.179935,23753	0.253031,83958	0.261301,11902	0.898611,83244	0.275075,5962	0.244374,5999	0.257957,12033	0.256074,11977	0.262134,11826
470000	0.0860095,72492	0.0649215,71856	0.105115,72340	0.179757,23999	0.252989,84822	0.26049,12012	0.899209,84164	0.274041,6021	0.244401,6072	0.258242,12163	0.256302,12099	0.262291,11960
475000	0.0858258,73253	0.0650447,72627	0.105243,73069	0.179917,24289	0.25293,85676	0.25947,12144	0.899597,85097	0.273698,6087	0.245526,6146	0.258621,12296	0.256031,12229	0.261603,12087
480000	0.0858367,74001	0.0650472,73439	0.105461,73847	0.179764,24560	0.252776,86547	0.258785,12265	0.899866,85995	0.274086,6155	0.245171,6212	0.258821,12414	0.257284,12356	0.261201,12209
485000	0.0856195,74761	0.0648644,74201	0.105439,74631	0.178892,24825	0.252903,87417	0.259143,12414	0.899926,86886	0.273984,6223	0.245536,6272	0.257507,12555	0.256953,12477	0.262198,12338
490000	0.0856572,75522	0.0647374,74949	0.105216,75388	0.178737,25076	0.253025,88351	0.259117,12531	0.899818,87790	0.273465,6286	0.244898,6321	0.257323,12700	0.25739,12619	0.262052,12467
495000	0.0856383,76286	0.0646666,75696	0.105258,76118	0.178609,25357	0.25303,89282	0.259221,12661	0.900229,88703	0.27383,6347	0.244751,6382	0.257014,12832	0.257257,12746	0.262351,12590
500000	0.0858566,77082	0.0647781,76461	0.105374,76888	0.178945,25628	0.25312,90147	0.259352,12778	0.900502,89600	0.273919,6407	0.246159,6443	0.257282,12978	0.257212,12861	0.262748,12727
505000	0.0858006,77785	0.0650015,77229	0.105233,77666	0.179603,25896	0.253258,91077	0.258651,12917	0.900672,90498	0.273429,6477	0.246274,6509	0.257289,13102	0.258199,12990	0.262642,12854
510000	0.0861325,78565	0.0649875,78015	0.105368,78468	0.180489,26118	0.253302,91926	0.259044,13048	0.900745,91421	0.273215,6526	0.246575,6570	0.257,13214	0.258598,13113	0.2626,13016
515000	0.0858303,79331	0.0647773,78793	0.105084,79203	0.180212,26380	0.253095,92823	0.259383,13189	0.901086,92323	0.272548,6608	0.246567,6627	0.256537,13347	0.259215,13240	0.262942,13136
520000	0.0857991,80129	0.0647756,79567	0.105149,79963	0.179804,26629	0.252995,93753	0.259407,13315	0.901278,93171	0.27289,6684	0.246489,6694	0.256905,13468	0.259434,13356	0.262527,13271
525000	0.0858075,80902	0.0647563,80332	0.105029,80730	0.180118,26888	0.252818,94645	0.258904,13449	0.900946,94070	0.272471,6731	0.245931,6758	0.257655,13619	0.259196,13484	0.262321,13392
530000	0.0859908,81718	0.064879,81074	0.105011,81477	0.180139,27129	0.252818,95559	0.258708,13579	0.900905,94969	0.272313,6801	0.245627,6803	0.257116,13737	0.259093,13609	0.262089,13545
535000	0.0857853,82450	0.0646304,81850	0.104884,82224	0.179874,27408	0.252826,96442	0.258192,13703	0.901058,95884	0.271522,6865	0.245527,6875	0.256799,13863	0.259321,13759	0.262119,13677
540000	0.0859529,83220	0.0646302,82593	0.105129,83022	0.179857,27672	0.253061,97340	0.2584,13839	0.901284,96752	0.271191,6925	0.245462,6942	0.256592,13995	0.259718,13892	0.262167,13808
545000	0.085965,83976	0.0647622,83382	0.105198,83756	0.179841,27908	0.253356,98253	0.258376,13968	0.901276,97666	0.270649,6998	0.245749,6999	0.256247,14127	0.259832,14036	0.262293,13931
550000	0.0859766,84744	0.0648099,84123	0.105301,84520	0.180111,28166	0.253267,99180	0.258555,14086	0.901301,98583	0.269612,7062	0.246104,7058	0.255889,14264	0.259149,14154	0.261807,14060
555000	0.0860991,85541	0.0648684,84895	0.105503,85268	0.18042,28406	0.252964,100038	0.258507,14224	0.901181,99515	0.269781,7128	0.246704,7130	0.25641,14391	0.259758,14271	0.26189,14193
560000	0.0859889,86360	0.0648435,85637	0.105551,86044	0.18074,28660	0.253101,100928	0.25802,14340	0.901656,100443	0.269274,7186	0.246459,7202	0.256032,14506	0.259687,14375	0.26175,14319
565000	0.0859934,87123	0.0647577,86399	0.105473,86837	0.180671,28920	0.253103,101769	0.257679,14487	0.901625,101357	0.268997,7238	0.245737,7272	0.256403,14641	0.259691,14498	0.261982,14459
570000	0.0857481,87932	0.0645172,87155	0.105403,87626	0.180326,29186	0.253076,102649	0.257565,14606	0.901892,102234	0.268972,7287	0.246898,7335	0.256146,14765	0.259657,14627	0.262159,14598
575000	0.0857336,88670	0.0646669,87943	0.105481,88376	0.180401,29440	0.253412,103539	0.258161,14735	0.902164,103183	0.269226,7347	0.246588,7401	0.256527,14899	0.259264,14761	0.262342,14706
580000	0.0856085,89407	0.0645369,88709	0.105369,89144	0.180306,29705	0.253354,104431	0.257627,14882	0.902261,104104	0.268945,7403	0.246718,7466	0.256705,15025	0.259234,14890	0.262707,14834
585000	0.0855011,90186	0.0644819,89498	0.105367,89914	0.180373,29938	0.25353,105309	0.25768,15007	0.902701,105017	0.268989,7465	0.246981,7535	0.256568,15150	0.258934,15027	0.262271,14954
590000	0.0853585,90981	0.0643048,90211	0.105444,90655	0.180055,30213	0.253549,106240	0.257084,15139	0.90282,105937	0.268675,7537	0.246451,7608	0.25662,15256	0.259105,15156	0.262428,15067
595000	0.0855417,91733	0.0644449,90977	0.105514,91410	0.180246,30475	0.253608,107130	0.257876,15267	0.903082,106853	0.269216,7611	0.246645,7675	0.256255,15387	0.25901,15289	0.262358,15193
600000	0.0856117,92499	0.0644314,91772	0.105405,92206	0.180533,30709	0.25356,108002	0.257773,15405	0.903168,107764	0.269487,7659	0.24696,7730	0.256414,15514	0.259069,15409	0.262279,15331
605000	0.0857072,93271	0.0645827,92517	0.105445,92987	0.180574,30990	0.253411,108898	0.257489,15523	0.903209,108688	0.268599,7729	0.247077,7783	0.256607,15627	0.258596,15530	0.262276,15457
610000	0.0858233,94077	0.064715,93286	0.105357,93738	0.18082,31230	0.253393,109770	0.257386,15638	0.903332,109602	0.267921,7812	0.247897,7846	0.256313,15762	0.258772,15647	0.262122,15592
615000	0.0860829,94862	0.0647186,94007	0.105404,94522	0.180807,31481	0.253308,110648	0.257584,15789	0.903099,110504	0.267844,7874	0.247438,7905	0.256022,15901	0.258003,15775	0.262967,15732
620000	0.0861952,95655	0.0647301,94809	0.105315,95248	0.180895,31720	0.25334,111589	0.25739,15933	0.903247,111366	0.268348,7930	0.248022,7963	0.255887,16011	0.257959,15925	0.262886,15851
625000	0.0862169,96466	0.0650273,95606	0.105657,95952	0.180715,31973	0.253435,112455	0.257452,16069	0.903094,112263	0.268384,7996	0.247383,8024	0.255961,16147	0.25786,16063	0.262042,15986
630000	0.0862666,97303	0.0650681,96376	0.105603,96692	0.180853,32203	0.253564,113340	0.257414,16219	0.902921,113135	0.267178,8077	0.246817,8091	0.255927,16282	0.257699,16170	0.262041,16112
635000	0.0863097,98077	0.0651762,97152	0.105539,97452	0.181012,32484	0.253478,114227	0.257496,16342	0.902592,114026	0.267519,8134	0.246237,8171	0.256429,16410	0.257665,16308	0.261824,16217
640000	0.0864205,98877	0.0652043,97923	0.105681,98230	0.181388,32742	0.253436,115098	0.257457,16461	0.902616,114947	0.26796,8199	0.246532,8218	0.256114,16520	0.257329,16442	0.261825,16343
645000	0.0863846,99659	0.0650271,98682	0.105555,98982	0.181229,33019	0.253483,116000	0.257274,16566	0.9025,115836	0.267602,8266	0.246137,8284	0.256065,16652	0.25772,16580	0.261746,16474
650000	0.0862227,100426	0.0649668,99420	0.105306,99738	0.181056,33266	0.253498,116936	0.257151,16675	0.902445,116765	0.267988,8325	0.245927,8348	0.256206,16799	0.257966,16696	0.261833,16606
655000	0.0862268,101233	0.0649598,100185	0.105154,100481	0.180869,33516	0.253505,117836	0.25755,16789	0.902225,117668	0.26747,8386	0.246196,8412	0.256072,16921	0.258528,16826	0.261539,16747
660000	0.0863577,102006	0.0648953,100978	0.10514,101227	0.181078,33770	0.253502,118709	0.25807,16945	0.902036,118564	0.267456,8450	0.246784,8473	0.256376,17057	0.258971,16944	0.261539,16877
665000	0.0862703,102770	0.0648109,101773	0.104945,101958	0.18099,34013	0.25345,119625	0.25787,17090	0.902076,119450	0.26741,8515	0.246954,8536	0.256254,17190	0.258391,17071	0.261332,17009
670000	0.0861686,103518	0.064846,102489	0.104885,102751	0.181123,34264	0.253493,120532	0.258143,17223	0.902046,120373	0.267543,8593	0.247152,8602	0.256132,17327	0.258196,17204	0.261388,17124
675000	0.0862185,104328	0.0649251,103242	0.105018,103525	0.181194,34532	0.253525,121424	0.258228,17349	0.901976,121215	0.267443,8671	0.247205,8677	0.256066,17433	0.258292,17337	0.261481,17267
680000	0.0863849,105111	0.0649722,103983	0.105121,104261	0.181215,34815	0.253503,122326	0.258657,17471	0.90177,122132	0.267048,8740	0.2464,8750	0.255768,17555	0.257989,17462	0.261584,17394
685000	0.0863647,105865	0.0649237,104723	0.105088,105036	0.181377,35043	0.253459,123235	0.2589,17613	0.902007,123049	0.266765,8813	0.246117,8821	0.255781,17687	0.257856,17599	0.261704,17516
690000	0.0861573,106677	0.0648736,105482	0.104936,105741	0.181295,35296	0.253588,124095	0.258487,17734	0.902031,123957	0.266772,8899	0.246121,8894	0.255721,17828	0.25781,17734	0.261111,17663
695000	0.0863083,107452	0.0650392,106259	0.105249,106519	0.181555,35521	0.253557,125029	0.258855,17871	0.901866,124809	0.265677,8962	0.246592,8950	0.255901,17964	0.25835,17875	0.260835,17789
700000	0.0862869,108232	0.0650992,107006	0.105256,107338	0.181577,35759	0.253453,125917	0.258907,17991	0.902137,125727	0.265211,9023	0.246255,9011	0.25582,18083	0.257987,17997	0.26094,17916
705000	0.0860919,109023	0.0649851,107794	0.105085,108112	0.181571,36008	0.253427,126770	0.25865,18121	0.902111,126654	0.264369,9082	0.246091,9082	0.255604,18200	0.258182,18119	0.260937,18035
710000	0.0861119,109799	0.064986,108531	0.104976,108872	0.181487,36278	0.253362,127687	0.258399,18247	0.902057,127554	0.265092,9144	0.245878,9159	0.256314,18333	0.258326,18225	0.260855,18171
715000	0.0862672,110575	0.0648969,109281	0.105046,109619	0.181597,36548	0.253339,128559	0.258105,18384	0.90194,128493	0.264511,9217	0.246037,9210	0.256242,18463	0.258082,18343	0.261307,18308
720000	0.0862334,111407	0.0648259,110064	0.105124,110317	0.181433,36796	0.253341,129454	0.25812,18503	0.901804,129414	0.26389,9269	0.245769,9277	0.256438,18601	0.258351,18471	0.261247,18427
725000	0.086308,112226	0.0648063,110838	0.105069,111098	0.181384,37032	0.253309,130331	0.257838,18628	0.901827,130291	0.26428,9331	0.245501,9336	0.256001,18746	0.258245,18587	0.26094,18556
730000	0.0863479,113008	0.0648202,111601	0.104925,111908	0.181594,37270	0.253288,131226	0.25809,18757	0.901607,131188	0.264747,9375	0.245291,9397	0.25664,18863	0.258249,18730	0.260749,18677
735000	0.0861699,113752	0.0647386,112375	0.10488,112700	0.181816,37505	0.253321,132133	0.257759,18882	0.901138,132073	0.264251,9438	0.245954,9453	0.256406,19005	0.257994,18857	0.260583,18827
740000	0.0860395,114552	0.0647599,113141	0.105009,113409	0.181729,37776	0.253308,133012	0.258233,19010	0.901318,132983	0.264121,9507	0.246432,9528	0.256959,19147	0.25765,18987	0.260502,18948
745000	0.0860071,115316	0.0647899,113922	0.104954,114136	0.181746,38020	0.253438,133934	0.258305,19144	0.901215,133907	0.264344,9586	0.246661,9584	0.257178,19259	0.257845,19120	0.260434,19072
750000	0.0860536,116044	0.0648756,114681	0.104925,114911	0.1815,38270	0.253546,134883	0.258458,19272	0.901027,134794	0.263731,9650	0.246809,9635	0.257245,19394	0.257967,19266	0.260417,19200
755000	0.0860636,116809	0.0648927,115483	0.104837,115694	0.181485,38521	0.253415,135789	0.258417,19395	0.900707,135659	0.263862,9721	0.247706,9701	0.257298,19526	0.257898,19403	0.260583,19299
760000	0.0859907,117629	0.0649836,116214	0.104781,116443	0.181624,38789	0.25362,136657	0.25816,19515	0.900633,136594	0.263873,9785	0.248007,9782	0.256971,19652	0.257534,19512	0.260552,19428
765000	0.0859553,118422	0.0649807,116927	0.104808,117243	0.181676,39042	0.25378,137552	0.258004,19647	0.900729,137503	0.264051,9839	0.247559,9832	0.256961,19789	0.2577,19643	0.260314,19561
770000	0.0860017,119172	0.0650398,117728	0.104822,118048	0.181774,39296	0.253722,138443	0.258368,19778	0.900827,138334	0.263987,9902	0.247399,9899	0.257268,19917	0.257655,19790	0.259737,19693
775000	0.0860733,119921	0.0650319,118511	0.104894,118749	0.182113,39536	0.253658,139404	0.258343,19896	0.900531,139280	0.26358,9978	0.247515,9959	0.257303,20027	0.257744,19919	0.259334,19820
780000	0.0860236,120653	0.0649981,119342	0.104788,119518	0.182152,39802	0.253736,140307	0.258521,20010	0.900507,140150	0.263132,10052	0.246953,10010	0.257095,20156	0.257518,20053	0.259337,19947
785000	0.0860574,121419	0.0650928,120090	0.104811,120283	0.182422,40050	0.253742,141222	0.25918,20152	0.900591,141053	0.263049,10116	0.246624,10072	0.256902,20284	0.257543,20183	0.259414,20076
790000	0.0861013,122170	0.0651327,120861	0.104838,121063	0.182587,40315	0.253728,142109	0.258843,20271	0.900645,141936	0.263675,10183	0.246866,10131	0.257,20428	0.25742,20317	0.259398,20216
795000	0.0862842,122931	0.0652326,121611	0.104761,121811	0.182872,40553	0.253604,143042	0.259154,20401	0.900263,142826	0.264482,10254	0.246858,10184	0.257262,20586	0.257165,20446	0.258904,20355
800000	0.0864761,123722	0.0651668,122363	0.104821,122580	0.183008,40796	0.253654,143964	0.258759,20521	0.900421,143745	0.264418,10317	0.247021,10238	0.257046,20720	0.256926,20574	0.258553,20460
805000	0.0865377,124466	0.0651706,123077	0.104782,123399	0.182974,41044	0.253672,144872	0.258764,20652	0.900404,144664	0.264675,10375	0.246704,10316	0.256967,20847	0.25662,20696	0.258353,20592
810000	0.0866186,125204	0.0652978,123848	0.104671,124180	0.183247,41294	0.253653,145786	0.258373,20780	0.900168,145575	0.264968,10439	0.246767,10362	0.257139,20977	0.25677,20828	0.258696,20727
815000	0.0867404,125962	0.0655438,124619	0.104647,124982	0.183343,41567	0.253549,146654	0.258848,20881	0.900246,146450	0.264972,10503	0.246909,10433	0.256793,21126	0.256618,20965	0.258798,20858
820000	0.0867729,126710	0.0655995,125382	0.104776,125773	0.183401,41810	0.253599,147532	0.258893,21028	0.90012,147407	0.265152,10560	0.247403,10493	0.256523,21234	0.256627,21089	0.258984,20982
825000	0.0869879,127466	0.0656606,126164	0.10478,126560	0.183696,42075	0.253585,148416	0.259265,21183	0.900304,148281	0.264803,10623	0.247703,10557	0.25665,21352	0.25648,21218	0.259133,21105
830000	0.0869694,128206	0.0656208,126972	0.104779,127278	0.18373,42312	0.253727,149334	0.259162,21338	0.900204,149175	0.263872,10687	0.247526,10609	0.256269,21493	0.256545,21353	0.259427,21243
835000	0.0869798,128938	0.065657,127770	0.104686,127992	0.183847,42568	0.253653,150229	0.259011,21447	0.899873,150100	0.264616,10759	0.247265,10693	0.2558,21638	0.256733,21497	0.259488,21369
840000	0.0870014,129722	0.0656309,128537	0.104537,128768	0.183629,42831	0.253688,151111	0.258952,21560	0.899489,150969	0.264407,10828	0.246537,10757	0.255754,21767	0.257119,21632	0.258807,21518
845000	0.0870805,130477	0.0657454,129317	0.104613,129534	0.183926,43088	0.253593,152039	0.259133,21680	0.899361,151860	0.264257,10872	0.246601,10811	0.255777,21898	0.257273,21759	0.258712,21665
850000	0.087296,131266	0.0659268,130114	0.104847,130285	0.184603,43320	0.25366,152953	0.258897,21804	0.899533,152717	0.263956,10945	0.246438,10879	0.255592,22039	0.25697,21878	0.25844,21800
855000	0.0874426,132018	0.0660183,130903	0.105055,131074	0.184695,43553	0.253663,153850	0.258937,21932	0.899613,153606	0.263655,11022	0.246071,10944	0.255591,22180	0.256887,21998	0.258485,21920
860000	0.0874968,132782	0.0660945,131660	0.105115,131865	0.184635,43827	0.253595,154715	0.258964,22061	0.899423,154528	0.263599,11085	0.246296,11003	0.255977,22295	0.257269,22113	0.258316,22066
865000	0.0875894,133555	0.0661185,132444	0.105293,132678	0.184816,44098	0.253591,155601	0.259037,22186	0.899427,155389	0.263843,11143	0.246315,11059	0.255874,22429	0.25694,22227	0.258123,22191
870000	0.0875571,134358	0.0661446,133193	0.105165,133438	0.184571,44357	0.253563,156478	0.259117,22322	0.899207,156310	0.264567,11207	0.246468,11113	0.255974,22557	0.257101,22357	0.25818,22310
875000	0.0875775,135126	0.0661366,133950	0.10526,134211	0.184796,44606	0.253732,157351	0.258915,22463	0.898749,157213	0.264922,11275	0.24651,11176	0.25629,22693	0.256932,22504	0.258381,22432
880000	0.0876468,135932	0.0661157,134673	0.105232,135026	0.184774,44844	0.253726,158218	0.258769,22607	0.898068,158144	0.264885,11337	0.246328,11233	0.255971,22819	0.256909,22615	0.25807,22552
885000	0.0876725,136702	0.0660893,135438	0.105233,135804	0.184649,45118	0.253802,159136	0.258236,22735	0.897926,159002	0.264445,11405	0.245748,11288	0.256323,22932	0.256357,22769	0.258127,22671
890000	0.0875958,137461	0.066075,136224	0.105101,136535	0.184539,45367	0.253691,160041	0.258286,22870	0.898027,159934	0.264706,11458	0.245659,11345	0.256151,23084	0.256348,22883	0.257742,22798
895000	0.0876313,138204	0.0659574,137043	0.105192,137339	0.184646,45644	0.253861,160958	0.258367,23006	0.898035,160761	0.264548,11514	0.245943,11401	0.256079,23196	0.256815,23001	0.257402,22933
900000	0.0876227,139005	0.0660272,137822	0.10518,138058	0.184611,45902	0.253771,161819	0.258742,23135	0.898125,161678	0.264686,11576	0.246534,11467	0.255981,23322	0.256798,23131	0.25744,23085
905000	0.0877296,139759	0.0659751,138628	0.105223,138829	0.184424,46160	0.25378,162712	0.258579,23254	0.897667,162577	0.264021,11643	0.246705,11532	0.256086,23457	0.256829,23245	0.257413,23204
910000	0.0877926,140570	0.0660523,139435	0.105285,139593	0.184525,46411	0.253833,163529	0.25861,23375	0.897534,163450	0.263985,11709	0.247006,11607	0.256025,23611	0.257399,23380	0.257094,23330
915000	0.0877274,141347	0.0659659,140224	0.105097,140308	0.184239,46673	0.253842,164453	0.258713,23528	0.897588,164355	0.264348,11761	0.246828,11664	0.255878,23734	0.257307,23505	0.256824,23448
920000	0.0877692,142157	0.0659646,141015	0.105045,141111	0.184324,46939	0.253708,165304	0.258603,23654	0.897433,165219	0.264422,11822	0.246762,11736	0.256416,23848	0.257439,23625	0.256979,23570
925000	0.0877826,142944	0.0660284,141742	0.10498,141875	0.184343,47211	0.253838,166177	0.258105,23781	0.897312,166154	0.264585,11879	0.24682,11794	0.256375,24000	0.257285,23748	0.25689,23695
930000	0.0878778,143745	0.0660772,142500	0.105029,142580	0.184639,47471	0.253765,167127	0.258572,23916	0.896822,167042	0.264361,11942	0.247028,11861	0.256332,24125	0.257642,23882	0.256668,23809
935000	0.0879621,144494	0.066072,143268	0.105019,143355	0.184923,47728	0.253666,168040	0.258581,24066	0.896394,167895	0.264723,12005	0.24694,11930	0.256142,24260	0.257684,24010	0.257046,23949
940000	0.0878113,145266	0.0660241,144008	0.104822,144139	0.184815,47983	0.253634,168960	0.258188,24211	0.8958,168762	0.264769,12086	0.247037,11982	0.256285,24383	0.257883,24135	0.257173,24085
945000	0.0878979,146033	0.0661329,144754	0.104991,144917	0.184961,48248	0.253566,169865	0.257825,24346	0.895523,169636	0.264822,12144	0.246597,12048	0.256216,24495	0.257833,24287	0.256821,24227
950000	0.0877666,146787	0.0662086,145555	0.105088,145725	0.184892,48477	0.253612,170729	0.258043,24461	0.89517,170600	0.264959,12217	0.246486,12094	0.256234,24622	0.25784,24395	0.256677,24338
955000	0.0877785,147576	0.0662353,146342	0.104969,146520	0.184901,48718	0.253601,171616	0.258015,24580	0.895304,171440	0.264601,12294	0.246481,12147	0.256371,24761	0.257759,24519	0.256503,24487
960000	0.0877853,148362	0.0662021,147080	0.104972,147315	0.184953,48980	0.25364,172504	0.257706,24687	0.894976,172360	0.264487,12356	0.247073,12215	0.2563,24881	0.257737,24653	0.256634,24607
965000	0.0877699,149197	0.0662982,147832	0.105058,148108	0.1848,49237	0.253565,173372	0.257595,24818	0.894607,173200	0.264192,12419	0.246805,12285	0.256269,25005	0.257457,24777	0.256687,24750
970000	0.0877368,149937	0.0662473,148625	0.105046,148840	0.18469,49510	0.253529,174217	0.257525,24949	0.894226,174183	0.264343,12480	0.246922,12344	0.256228,25130	0.257281,24895	0.256529,24890
975000	0.0877765,150701	0.0662843,149432	0.105037,149585	0.184503,49777	0.253622,175087	0.257326,25081	0.893817,175112	0.263708,12529	0.247197,12399	0.256282,25269	0.257115,25016	0.256517,25012
980000	0.0876979,151429	0.0662414,150193	0.10493,150348	0.184449,50041	0.253494,176012	0.25759,25199	0.893206,176012	0.262974,12602	0.246955,12480	0.2562,25402	0.257233,25129	0.25655,25153
985000	0.087678,152159	0.0661325,151000	0.104881,151123	0.184445,50286	0.253536,176945	0.257532,25325	0.893042,176902	0.263154,12658	0.247411,12554	0.255885,25531	0.257438,25241	0.256488,25276
990000	0.0876339,152886	0.066123,151808	0.104896,151884	0.184486,50562	0.253517,177846	0.257319,25447	0.892659,177807	0.26334,12725	0.247724,12631	0.255856,25659	0.257443,25361	0.256382,25384
995000	0.0875275,153666	0.0660683,152539	0.104809,152649	0.184294,50821	0.253549,178794	0.257442,25563	0.892154,178700	0.263141,12784	0.247537,12689	0.255467,25792	0.257434,25490	0.256301,25513
1000000	0.0874007,154461	0.0660245,153337	0.104787,153435	0.184179,51059	0.253621,179650	0.257502,25693	0.891546,179588	0.263121,12842	0.247354,12755	0.25546,25918	0.257026,25620	0.256259,25642
