GEN	stNNI( topo{0};brlens{0} )$run0	eSPR( topo{0};brlens{0};stopProb=0.5 )$run0	parsSpr( topo{0};brlens{0};radius=7,warp=0.1 )$run0	likeSPR( topo{0};brlens{0};radius=6,warp=1 )$run0	blMult( brlens{0} )$run0	TL-Mult( brlens{0} )$run0	blDistGamma( brlens{0} )$run0	freqSlider( statefreq{0};brlens{0} )$run0	freqDirich( statefreq{0};brlens{0} )$run0	revMatSlider( revmat{0};brlens{0} )$run0	revMatDirich( revmat{0};brlens{0} )$run0	rateHetMulti( ratehet{0} )$run0
5000	0.137931,754	0.104139,749	0.149123,798	0.226562,256	0.29703,909	0.180328,122	0.712695,898	0.25,72	0.15942,69	0.459016,122	0.268293,123	0.367188,128
10000	0.136986,1533	0.113907,1510	0.159803,1627	0.28,500	0.287344,1841	0.244541,229	0.775229,1744	0.335878,131	0.169231,130	0.371212,264	0.188235,255	0.254237,236
15000	0.148292,2313	0.118532,2261	0.168053,2404	0.283582,737	0.269175,2764	0.226776,366	0.789821,2574	0.437811,201	0.227979,193	0.36855,407	0.20339,413	0.245232,367
20000	0.147712,3060	0.117784,3014	0.170701,3181	0.280808,990	0.266703,3667	0.232143,504	0.808941,3512	0.416,250	0.226054,261	0.337945,506	0.197822,551	0.232143,504
25000	0.152846,3847	0.119223,3808	0.173924,3996	0.272727,1243	0.266549,4517	0.235772,615	0.819032,4382	0.404531,309	0.23053,321	0.324031,645	0.222865,691	0.241214,626
30000	0.153362,4610	0.119921,4553	0.174821,4742	0.268687,1485	0.261142,5430	0.229223,746	0.820881,5287	0.364829,381	0.248705,386	0.318008,783	0.226277,822	0.289032,775
35000	0.155977,5379	0.12214,5289	0.178656,5519	0.273789,1713	0.261234,6320	0.236659,862	0.827829,6238	0.367615,457	0.268519,432	0.316304,920	0.240334,957	0.275711,914
40000	0.158331,6158	0.123627,6099	0.180232,6303	0.278589,1985	0.262067,7189	0.231161,982	0.831371,7134	0.365949,511	0.265432,486	0.30642,1028	0.247698,1086	0.282964,1039
45000	0.16186,6969	0.124982,6905	0.180755,7098	0.287049,2247	0.261365,8073	0.232094,1103	0.833082,7956	0.351211,578	0.261029,544	0.308094,1149	0.246065,1207	0.278395,1171
50000	0.162866,7718	0.126693,7680	0.179435,7858	0.288523,2492	0.259942,9002	0.240816,1225	0.829241,8919	0.336957,644	0.25082,610	0.302716,1252	0.241535,1329	0.280881,1271
55000	0.161404,8519	0.125935,8425	0.178642,8615	0.287427,2752	0.260526,9880	0.235778,1336	0.829989,9817	0.336158,708	0.255224,670	0.306093,1395	0.24578,1481	0.278887,1402
60000	0.161137,9284	0.126357,9212	0.178292,9333	0.288725,2989	0.260294,10807	0.241261,1459	0.833209,10744	0.322165,776	0.247606,731	0.295912,1541	0.252348,1597	0.275704,1527
65000	0.15855,10041	0.12505,9972	0.176802,10113	0.286943,3255	0.260044,11698	0.252053,1583	0.83514,11622	0.311321,848	0.258385,805	0.293556,1676	0.249567,1731	0.277174,1656
70000	0.158138,10826	0.12414,10754	0.176265,10870	0.287255,3523	0.260817,12526	0.244957,1735	0.836261,12526	0.305987,902	0.257506,866	0.291069,1814	0.247059,1870	0.279642,1788
75000	0.159546,11633	0.125217,11516	0.177404,11657	0.28613,3778	0.259691,13389	0.245109,1840	0.839081,13454	0.314374,967	0.254902,918	0.287416,1931	0.254464,2016	0.274592,1901
80000	0.160885,12425	0.125416,12319	0.178991,12414	0.284655,4047	0.258966,14249	0.251912,1961	0.838927,14391	0.320809,1038	0.253361,967	0.283285,2058	0.252587,2126	0.270823,2005
85000	0.161381,13211	0.125325,13086	0.178901,13214	0.286809,4306	0.258936,15135	0.257143,2100	0.84121,15234	0.317029,1104	0.254581,1037	0.280348,2183	0.254545,2255	0.27541,2135
90000	0.161013,13943	0.124486,13857	0.180163,14004	0.286752,4544	0.258653,16064	0.250561,2227	0.842592,16111	0.31637,1179	0.262489,1101	0.27938,2323	0.257023,2385	0.27542,2262
95000	0.161036,14711	0.125495,14646	0.179369,14774	0.285208,4800	0.258477,16957	0.252435,2361	0.840089,17022	0.311699,1248	0.264527,1153	0.274518,2437	0.254676,2513	0.278385,2378
100000	0.161001,15503	0.124838,15428	0.178725,15549	0.285432,5052	0.257446,17829	0.253594,2504	0.838426,17936	0.303855,1323	0.266169,1206	0.274571,2564	0.254789,2610	0.282051,2496
105000	0.1617,16308	0.125208,16229	0.179671,16302	0.283636,5292	0.257481,18681	0.255894,2630	0.834746,18880	0.300289,1382	0.264196,1268	0.27028,2675	0.25641,2730	0.277926,2623
110000	0.162072,17085	0.125066,17023	0.179212,17058	0.284048,5573	0.257437,19597	0.251991,2762	0.831939,19725	0.298466,1434	0.265106,1324	0.27585,2795	0.254361,2866	0.273387,2758
115000	0.162229,17839	0.12408,17803	0.17771,17793	0.284192,5820	0.257322,20519	0.255334,2906	0.82853,20645	0.299134,1501	0.265025,1381	0.276749,2916	0.254764,2991	0.274428,2886
120000	0.162772,18615	0.125087,18595	0.177566,18534	0.284729,6090	0.256235,21410	0.251238,3029	0.827653,21538	0.298976,1562	0.269896,1445	0.275749,3039	0.257244,3106	0.273955,3037
125000	0.163704,19407	0.125743,19357	0.179138,19298	0.287179,6341	0.256423,22342	0.251755,3134	0.827574,22456	0.299814,1611	0.273028,1509	0.27316,3152	0.257046,3229	0.277497,3164
130000	0.163334,20155	0.125137,20106	0.178422,20048	0.286105,6578	0.256613,23249	0.249001,3253	0.830184,23390	0.294925,1675	0.26692,1581	0.272921,3283	0.255325,3380	0.27771,3302
135000	0.164023,20869	0.125114,20917	0.179026,20807	0.286758,6842	0.2571,24154	0.24897,3398	0.829764,24278	0.293509,1741	0.267194,1643	0.274802,3417	0.257597,3521	0.277469,3413
140000	0.164235,21591	0.125414,21744	0.178729,21541	0.286822,7095	0.256762,25031	0.249717,3528	0.830555,25194	0.291069,1814	0.263343,1705	0.274007,3551	0.257057,3649	0.276919,3557
145000	0.164512,22357	0.125133,22520	0.179669,22291	0.287033,7365	0.256515,25901	0.25,3656	0.830776,26131	0.290064,1872	0.263548,1753	0.272159,3678	0.257143,3780	0.277597,3696
150000	0.165123,23098	0.126164,23295	0.179675,23036	0.286351,7634	0.25659,26782	0.249273,3783	0.829583,27022	0.289744,1950	0.265746,1810	0.269932,3838	0.253968,3906	0.280811,3846
155000	0.165201,23880	0.126498,24040	0.179192,23818	0.286166,7915	0.256482,27655	0.247326,3926	0.829224,27943	0.287282,2005	0.264848,1869	0.271208,3949	0.253224,4032	0.278982,3968
160000	0.165156,24710	0.125801,24809	0.178505,24582	0.285051,8188	0.256536,28573	0.247222,4049	0.830541,28774	0.287024,2073	0.26501,1932	0.270721,4078	0.253807,4137	0.278144,4095
165000	0.165541,25468	0.125382,25554	0.178711,25393	0.284423,8410	0.256327,29478	0.246878,4164	0.831482,29712	0.28518,2139	0.266633,1999	0.268426,4206	0.252634,4271	0.276748,4206
170000	0.164941,26276	0.12556,26362	0.179441,26159	0.285516,8644	0.255855,30361	0.247029,4291	0.832761,30597	0.287012,2202	0.268222,2058	0.268602,4341	0.252847,4390	0.276684,4319
175000	0.165146,27073	0.126321,27153	0.17944,26945	0.286229,8888	0.255688,31206	0.246662,4419	0.834571,31500	0.283127,2264	0.266572,2112	0.267634,4480	0.253209,4518	0.276002,4442
180000	0.164904,27804	0.127094,27932	0.180132,27713	0.287928,9162	0.255865,32142	0.249724,4537	0.835673,32338	0.277873,2332	0.265539,2188	0.26805,4626	0.252371,4640	0.274313,4586
185000	0.165096,28541	0.127206,28725	0.179526,28475	0.286762,9412	0.255909,33043	0.249625,4667	0.836568,33237	0.276426,2384	0.264018,2265	0.266217,4748	0.253194,4775	0.273266,4728
190000	0.165648,29291	0.127124,29491	0.180191,29269	0.286617,9654	0.25653,33918	0.249271,4798	0.83627,34160	0.277256,2449	0.265839,2336	0.265519,4881	0.251738,4890	0.273494,4863
195000	0.165565,30097	0.127255,30270	0.180976,30015	0.285801,9909	0.256498,34780	0.251523,4926	0.836815,35089	0.278491,2492	0.265749,2397	0.267914,5024	0.251196,5016	0.272016,4985
200000	0.165976,30878	0.127874,31007	0.181765,30776	0.284985,10190	0.257052,35697	0.251089,5050	0.837745,35968	0.280784,2550	0.265638,2462	0.266486,5171	0.250924,5141	0.270841,5110
205000	0.165375,31613	0.127467,31773	0.182167,31537	0.285071,10443	0.256771,36589	0.252996,5174	0.838283,36935	0.280338,2604	0.263012,2517	0.265859,5281	0.250378,5292	0.270317,5242
210000	0.164933,32401	0.127723,32547	0.182541,32305	0.284607,10713	0.256173,37459	0.25311,5306	0.838826,37841	0.281026,2651	0.263239,2587	0.264853,5403	0.250647,5410	0.268365,5377
215000	0.16442,33165	0.127694,33314	0.182334,33115	0.284515,10959	0.256767,38346	0.251664,5408	0.839396,38735	0.278676,2720	0.26526,2654	0.26511,5526	0.25,5540	0.2693,5518
220000	0.164269,33926	0.127515,34098	0.182153,33900	0.284034,11224	0.256752,39209	0.252033,5535	0.840185,39627	0.278139,2772	0.265786,2724	0.264747,5662	0.250795,5662	0.26868,5661
225000	0.164434,34713	0.127461,34889	0.182449,34711	0.284768,11476	0.256645,40067	0.252262,5637	0.839833,40539	0.276934,2831	0.265614,2786	0.264818,5770	0.250043,5807	0.267925,5774
230000	0.164433,35449	0.127453,35676	0.182634,35448	0.284302,11734	0.25654,40976	0.251522,5749	0.840754,41458	0.275352,2909	0.26676,2849	0.264058,5904	0.248152,5952	0.26713,5896
235000	0.164462,36215	0.127218,36457	0.182215,36232	0.283773,11992	0.256338,41851	0.251618,5870	0.84082,42367	0.275548,2965	0.266232,2911	0.263158,6023	0.249262,6094	0.266645,6023
240000	0.164346,36983	0.126978,37227	0.182234,36980	0.283624,12231	0.256417,42817	0.249958,5993	0.840851,43230	0.276645,3040	0.265972,2974	0.264859,6158	0.249478,6221	0.265376,6146
245000	0.164291,37750	0.126786,38001	0.182329,37712	0.283642,12477	0.256549,43746	0.250367,6131	0.841631,44150	0.275161,3100	0.264201,3028	0.264064,6275	0.250394,6342	0.266539,6288
250000	0.163541,38498	0.126441,38777	0.182085,38449	0.283167,12731	0.256405,44613	0.251079,6257	0.842443,45063	0.273903,3169	0.262938,3111	0.265096,6409	0.249769,6506	0.26648,6417
255000	0.163446,39279	0.125866,39534	0.18148,39255	0.282213,12976	0.256348,45524	0.251055,6397	0.843257,45916	0.273404,3226	0.261867,3181	0.266249,6539	0.250453,6620	0.267816,6553
260000	0.163289,40015	0.125958,40323	0.181491,40024	0.282229,13241	0.256167,46454	0.252142,6536	0.843856,46803	0.272146,3285	0.262118,3239	0.266667,6660	0.250483,6735	0.267315,6685
265000	0.163355,40819	0.125779,41080	0.181591,40828	0.283373,13484	0.256312,47333	0.2512,6668	0.844424,47668	0.272074,3341	0.263397,3303	0.265321,6788	0.250763,6879	0.266853,6809
270000	0.163198,41606	0.125466,41884	0.181381,41570	0.282998,13728	0.256501,48183	0.252759,6797	0.844817,48562	0.272621,3426	0.264549,3368	0.26474,6920	0.250498,7022	0.267234,6934
275000	0.163099,42422	0.125589,42647	0.180808,42299	0.282978,13994	0.256434,49077	0.252022,6924	0.845097,49476	0.271995,3478	0.265222,3416	0.26557,7049	0.251433,7151	0.266167,7067
280000	0.163137,43154	0.126005,43419	0.180777,43114	0.28306,14262	0.256673,49974	0.252905,7058	0.844626,50343	0.272958,3539	0.264021,3477	0.265534,7178	0.251236,7280	0.265343,7202
285000	0.163178,43903	0.12599,44186	0.181396,43915	0.282583,14509	0.256804,50817	0.251147,7195	0.845435,51234	0.271444,3614	0.263039,3547	0.264902,7331	0.251752,7420	0.26402,7329
290000	0.163517,44662	0.125987,44981	0.180832,44688	0.28218,14753	0.256979,51728	0.250034,7311	0.845615,52123	0.271568,3686	0.264381,3616	0.265558,7456	0.25,7556	0.262366,7440
295000	0.163271,45397	0.126231,45805	0.181028,45435	0.281915,15001	0.257146,52651	0.25037,7441	0.84561,53002	0.271881,3759	0.26596,3681	0.265295,7584	0.249609,7680	0.263749,7564
300000	0.163611,46146	0.126526,46599	0.181266,46225	0.281432,15247	0.257181,53542	0.251319,7580	0.845485,53904	0.27225,3809	0.264674,3748	0.265343,7707	0.249744,7808	0.264281,7685
305000	0.164173,46920	0.126567,47398	0.181447,47022	0.281964,15541	0.256822,54423	0.250293,7687	0.845872,54766	0.271739,3864	0.262329,3812	0.265134,7830	0.249432,7922	0.263084,7815
310000	0.16368,47660	0.126591,48147	0.181624,47835	0.282006,15794	0.256996,55320	0.250192,7818	0.845342,55639	0.270463,3934	0.262995,3886	0.264588,7952	0.250899,8063	0.263959,7952
315000	0.16383,48410	0.126834,48946	0.18164,48585	0.28182,16067	0.256817,56184	0.249843,7937	0.845353,56561	0.269385,3998	0.262892,3956	0.264186,8089	0.251253,8179	0.264466,8088
320000	0.163932,49179	0.126592,49695	0.181929,49382	0.281503,16284	0.257039,57108	0.249938,8066	0.84576,57443	0.27035,4054	0.261118,4025	0.264541,8218	0.252163,8320	0.263919,8226
325000	0.163613,49941	0.126475,50437	0.18124,50171	0.280474,16547	0.257265,57987	0.249786,8183	0.846054,58358	0.269799,4129	0.261911,4093	0.264318,8346	0.251094,8455	0.264097,8353
330000	0.163669,50706	0.126598,51225	0.180975,50985	0.281099,16809	0.257324,58817	0.249609,8305	0.846437,59272	0.26881,4200	0.262208,4157	0.264602,8458	0.252157,8578	0.263195,8488
335000	0.163359,51451	0.126353,52021	0.180744,51775	0.280152,17080	0.257065,59732	0.250119,8416	0.846818,60131	0.268264,4257	0.261458,4211	0.264696,8591	0.252354,8710	0.263768,8625
340000	0.163287,52221	0.126196,52759	0.18008,52549	0.279363,17318	0.257071,60637	0.249269,8545	0.847027,61037	0.265987,4316	0.260047,4280	0.264703,8723	0.252545,8842	0.26308,8773
345000	0.163434,53000	0.126254,53519	0.180198,53347	0.279172,17577	0.256914,61542	0.249654,8680	0.847333,61906	0.267445,4371	0.26062,4355	0.264437,8849	0.251814,8959	0.261832,8895
350000	0.163271,53794	0.126047,54321	0.180028,54136	0.278673,17813	0.256639,62438	0.250425,8825	0.847547,62767	0.266938,4428	0.260388,4428	0.263492,8968	0.251709,9070	0.26154,9012
355000	0.163277,54576	0.126357,55074	0.17991,54883	0.278603,18101	0.256431,63292	0.24986,8945	0.847851,63668	0.265493,4486	0.260143,4486	0.263476,9109	0.251029,9230	0.262186,9150
360000	0.163806,55346	0.126344,55824	0.180086,55640	0.27871,18356	0.256108,64180	0.24923,9096	0.848284,64568	0.264732,4548	0.26044,4550	0.263727,9252	0.250614,9369	0.262216,9271
365000	0.163937,56119	0.126703,56589	0.180732,56437	0.279151,18610	0.25597,65070	0.249268,9227	0.848102,65432	0.264948,4616	0.257785,4624	0.264286,9380	0.251316,9498	0.262609,9398
370000	0.163905,56844	0.126893,57371	0.180685,57221	0.278932,18872	0.255951,65958	0.247654,9376	0.848632,66302	0.264574,4683	0.258525,4692	0.2647,9524	0.25096,9635	0.26297,9522
375000	0.163625,57595	0.126991,58146	0.180918,57993	0.278754,19128	0.255689,66882	0.247606,9503	0.848972,67186	0.263892,4733	0.257875,4762	0.264276,9649	0.252176,9767	0.26222,9656
380000	0.163934,58359	0.127098,58852	0.180845,58774	0.279524,19408	0.255894,67782	0.248884,9635	0.84905,68102	0.264332,4797	0.257751,4838	0.263933,9779	0.252173,9894	0.260838,9780
385000	0.163968,59158	0.127009,59610	0.18103,59526	0.279963,19649	0.256178,68675	0.249513,9763	0.849031,69014	0.264815,4860	0.255814,4902	0.264608,9909	0.252466,10037	0.260281,9897
390000	0.164026,59905	0.127024,60414	0.181146,60316	0.279044,19918	0.256239,69560	0.249342,9878	0.849444,69901	0.264155,4910	0.257442,4972	0.264121,10056	0.251354,10153	0.259758,10017
395000	0.163977,60667	0.126972,61163	0.18101,61063	0.279806,20189	0.256228,70484	0.249325,10003	0.848663,70789	0.26392,4975	0.257573,5051	0.26324,10196	0.250632,10278	0.259811,10142
400000	0.163654,61459	0.126713,61951	0.181426,61860	0.280313,20445	0.256065,71357	0.248693,10141	0.848846,71649	0.262824,5049	0.257042,5112	0.263801,10307	0.250385,10396	0.25949,10274
405000	0.163738,62209	0.126945,62775	0.181613,62622	0.280284,20679	0.256067,72231	0.24861,10249	0.849464,72554	0.262346,5123	0.2569,5181	0.263955,10426	0.251306,10529	0.258588,10422
410000	0.163806,62971	0.126927,63517	0.181923,63384	0.280681,20917	0.255712,73176	0.249252,10363	0.849565,73467	0.262722,5188	0.257634,5240	0.263731,10560	0.251689,10656	0.259445,10561
415000	0.163923,63792	0.126901,64310	0.181676,64125	0.280433,21178	0.255727,74040	0.248998,10474	0.84937,74361	0.263688,5260	0.257559,5292	0.262922,10699	0.251043,10787	0.260251,10682
420000	0.163794,64569	0.126838,65099	0.181604,64905	0.280186,21450	0.255643,74956	0.247901,10601	0.849038,75171	0.263641,5333	0.2571,5352	0.262828,10836	0.251991,10925	0.259743,10803
425000	0.164077,65335	0.126946,65910	0.181872,65700	0.280493,21726	0.255561,75845	0.248297,10717	0.849304,75981	0.263636,5390	0.256614,5405	0.263024,10980	0.251763,11058	0.259564,10953
430000	0.164176,66124	0.126805,66693	0.181679,66491	0.280818,21968	0.255612,76710	0.248938,10826	0.848903,76904	0.263168,5449	0.256303,5474	0.26295,11120	0.251434,11160	0.259904,11081
435000	0.164188,66899	0.126636,67469	0.181744,67232	0.281294,22233	0.255691,77621	0.24895,10950	0.848947,77814	0.263053,5497	0.255776,5540	0.262933,11250	0.250997,11287	0.259725,11208
440000	0.164102,67653	0.126641,68248	0.181803,68035	0.281589,22476	0.255525,78466	0.249142,11074	0.849258,78790	0.263849,5560	0.255851,5597	0.263944,11385	0.250986,11407	0.259351,11309
445000	0.164017,68432	0.126632,69027	0.181792,68760	0.281181,22722	0.255414,79373	0.24904,11199	0.84979,79695	0.263457,5629	0.25608,5674	0.263551,11512	0.25013,11530	0.259893,11447
450000	0.16375,69203	0.126186,69770	0.181647,69514	0.280496,22970	0.2551,80298	0.249052,11335	0.849548,80604	0.263463,5701	0.255404,5736	0.263801,11630	0.250558,11646	0.260588,11593
455000	0.163463,69961	0.12623,70538	0.181622,70322	0.280346,23232	0.255002,81215	0.249301,11448	0.849837,81465	0.2649,5772	0.255818,5801	0.263737,11720	0.250233,11785	0.260625,11741
460000	0.16332,70708	0.126404,71295	0.181542,71124	0.280027,23487	0.255075,82121	0.249265,11566	0.850069,82351	0.264449,5831	0.255794,5868	0.263841,11867	0.250546,11914	0.259943,11868
465000	0.163465,71465	0.126275,72049	0.181597,71879	0.280507,23732	0.255247,83002	0.249358,11686	0.85035,83321	0.263675,5905	0.255775,5931	0.263987,11993	0.250871,12054	0.259618,11983
470000	0.163511,72246	0.126235,72801	0.18152,72631	0.27997,24024	0.255302,83877	0.248519,11814	0.850844,84227	0.263775,5971	0.255043,5999	0.263501,12129	0.251274,12166	0.25943,12115
475000	0.163581,72973	0.126447,73588	0.18159,73418	0.280255,24285	0.255032,84750	0.248513,11939	0.850809,85139	0.263568,6025	0.255323,6059	0.263862,12264	0.25191,12302	0.259015,12258
480000	0.163773,73730	0.126202,74373	0.181442,74233	0.279524,24531	0.25492,85619	0.248799,12070	0.851309,86044	0.262492,6084	0.255229,6120	0.264098,12378	0.25199,12437	0.259995,12381
485000	0.163518,74518	0.125993,75115	0.181204,74993	0.279721,24789	0.254969,86528	0.249836,12196	0.851766,86930	0.262098,6158	0.256741,6193	0.26328,12500	0.25179,12570	0.261151,12510
490000	0.163532,75282	0.125801,75866	0.181396,75757	0.279783,25048	0.25488,87406	0.250182,12335	0.852007,87869	0.261086,6224	0.257367,6244	0.262641,12618	0.25189,12700	0.261165,12651
495000	0.163519,76089	0.125902,76639	0.181465,76527	0.280101,25298	0.25471,88320	0.249578,12449	0.852503,88727	0.26127,6300	0.257768,6308	0.262233,12752	0.251365,12818	0.260315,12773
500000	0.163023,76848	0.125783,77411	0.181342,77285	0.279728,25557	0.254736,89218	0.249424,12577	0.852775,89645	0.261965,6352	0.257345,6365	0.262623,12893	0.252473,12940	0.259819,12909
505000	0.163093,77612	0.125825,78164	0.181402,78053	0.279599,25812	0.254805,90116	0.248956,12693	0.8527,90570	0.262518,6411	0.257005,6424	0.262435,13028	0.252334,13070	0.26006,13047
510000	0.163069,78427	0.1256,78949	0.181517,78808	0.279672,26077	0.254762,90983	0.249121,12805	0.852885,91418	0.263912,6487	0.257381,6469	0.262163,13175	0.253007,13221	0.259616,13181
515000	0.163243,79164	0.125685,79747	0.181412,79587	0.279476,26360	0.254632,91854	0.249362,12933	0.853029,92338	0.26405,6548	0.257427,6530	0.2622,13299	0.25337,13352	0.26016,13288
520000	0.163196,79910	0.125804,80530	0.181348,80354	0.279267,26591	0.254493,92749	0.249464,13064	0.853206,93267	0.264382,6623	0.257507,6594	0.262249,13430	0.253509,13467	0.260562,13421
525000	0.163096,80707	0.125863,81287	0.181487,81141	0.278973,26827	0.254488,93635	0.249905,13185	0.853574,94177	0.263937,6691	0.257594,6650	0.262187,13559	0.253549,13595	0.260889,13546
530000	0.163364,81511	0.125859,82044	0.18132,81894	0.278785,27071	0.254562,94523	0.249531,13321	0.853926,95089	0.264266,6747	0.258233,6711	0.261837,13665	0.253005,13727	0.260933,13697
535000	0.163412,82289	0.125647,82835	0.181102,82655	0.278699,27327	0.254446,95423	0.249236,13421	0.854116,96001	0.264835,6808	0.258203,6766	0.262391,13800	0.252615,13863	0.260788,13812
540000	0.163436,83060	0.125664,83596	0.181054,83428	0.278763,27579	0.254398,96341	0.249963,13538	0.854231,96900	0.26489,6867	0.258669,6835	0.263154,13931	0.253252,13990	0.260136,13935
545000	0.163407,83846	0.125756,84370	0.181106,84205	0.27897,27856	0.254181,97234	0.249781,13672	0.854516,97770	0.264124,6921	0.258486,6894	0.263083,14045	0.253361,14134	0.260656,14053
550000	0.163599,84597	0.126046,85183	0.181133,84965	0.279446,28102	0.25424,98112	0.250109,13802	0.854537,98678	0.263948,6990	0.256926,6967	0.262927,14156	0.253578,14252	0.260637,14196
555000	0.163749,85332	0.126131,85966	0.180928,85730	0.279062,28370	0.254238,98982	0.250072,13940	0.854607,99592	0.264277,7057	0.257468,7030	0.262468,14276	0.253666,14389	0.260184,14336
560000	0.163809,86094	0.126173,86770	0.180777,86499	0.278939,28612	0.254125,99868	0.249556,14065	0.854726,100486	0.264008,7121	0.257163,7085	0.262731,14414	0.25322,14517	0.259728,14469
565000	0.163774,86839	0.126145,87550	0.180945,87303	0.279033,28864	0.254219,100787	0.250071,14176	0.854857,101369	0.263458,7189	0.257199,7154	0.262173,14540	0.253006,14636	0.259919,14593
570000	0.163896,87629	0.126207,88355	0.181028,88047	0.279191,29127	0.254267,101653	0.250105,14310	0.854727,102235	0.263245,7248	0.257024,7225	0.262946,14676	0.252691,14769	0.259745,14726
575000	0.163906,88459	0.126066,89128	0.180906,88864	0.279044,29386	0.254325,102487	0.250035,14442	0.854756,103082	0.262344,7311	0.256762,7283	0.262236,14792	0.25213,14905	0.259135,14861
580000	0.163806,89246	0.125976,89922	0.180721,89591	0.2787,29652	0.254324,103372	0.249914,14565	0.85476,104000	0.26228,7370	0.256365,7345	0.262382,14921	0.25203,15026	0.259039,14990
585000	0.163877,90043	0.126114,90696	0.180708,90350	0.278644,29902	0.25432,104278	0.250153,14683	0.854615,104901	0.262081,7429	0.256417,7402	0.262693,15048	0.252029,15153	0.259213,15115
590000	0.163933,90781	0.126218,91453	0.181037,91158	0.278741,30157	0.254286,105216	0.250541,14796	0.85487,105781	0.263495,7503	0.256558,7472	0.262859,15164	0.252355,15284	0.258943,15235
595000	0.163844,91532	0.12609,92220	0.181126,91903	0.278615,30404	0.254352,106105	0.250134,14936	0.855092,106695	0.26377,7571	0.256699,7538	0.262384,15302	0.252301,15426	0.259305,15368
600000	0.163669,92302	0.126128,93009	0.180986,92698	0.278793,30650	0.254315,107009	0.250216,15071	0.85527,107566	0.263558,7634	0.256447,7600	0.26253,15423	0.252026,15550	0.25891,15488
605000	0.163542,93083	0.126128,93722	0.180987,93504	0.2789,30882	0.254314,107898	0.251119,15196	0.855027,108510	0.263356,7693	0.256886,7661	0.261839,15563	0.252454,15686	0.258685,15602
610000	0.163672,93828	0.12605,94526	0.180996,94234	0.279041,31128	0.254522,108796	0.251321,15327	0.855269,109465	0.263545,7752	0.257058,7722	0.261568,15690	0.252484,15803	0.25844,15729
615000	0.163949,94627	0.126224,95267	0.180839,95024	0.279111,31371	0.254562,109706	0.25118,15463	0.854873,110324	0.263434,7816	0.257799,7789	0.261801,15825	0.252826,15924	0.25851,15864
620000	0.163921,95375	0.126133,96018	0.180628,95788	0.278777,31649	0.254635,110633	0.25114,15565	0.854582,111217	0.263291,7881	0.257782,7871	0.261512,15961	0.25271,16050	0.258254,15992
625000	0.163922,96174	0.126324,96783	0.18064,96590	0.27931,31875	0.254642,111537	0.250845,15679	0.854351,112105	0.262707,7929	0.257049,7944	0.26114,16091	0.2528,16163	0.258029,16130
630000	0.164118,96918	0.126355,97535	0.18073,97372	0.279714,32140	0.25466,112440	0.251676,15814	0.854396,113019	0.263026,7984	0.257996,8004	0.261604,16223	0.252703,16280	0.257882,16271
635000	0.163989,97738	0.126377,98277	0.180609,98151	0.279673,32370	0.254762,113337	0.251582,15959	0.854407,113893	0.263837,8058	0.257893,8077	0.261619,16352	0.253063,16407	0.257982,16381
640000	0.164029,98507	0.126414,99024	0.180723,98914	0.279914,32635	0.254933,114281	0.251911,16093	0.854404,114763	0.264525,8124	0.258386,8139	0.261439,16478	0.253538,16534	0.258481,16508
645000	0.163904,99284	0.126425,99814	0.1807,99718	0.279756,32893	0.254808,115165	0.251973,16220	0.854496,115626	0.264135,8189	0.259142,8204	0.261438,16589	0.253602,16656	0.258382,16642
650000	0.163661,100085	0.126332,100576	0.180548,100461	0.279657,33137	0.254741,116067	0.251346,16348	0.854635,116534	0.263509,8254	0.259094,8275	0.261096,16718	0.253174,16775	0.258557,16770
655000	0.163433,100861	0.126083,101346	0.180333,101235	0.279178,33373	0.254792,117009	0.250925,16487	0.854951,117409	0.263348,8316	0.258393,8340	0.261526,16832	0.253034,16891	0.258328,16901
660000	0.163478,101616	0.12605,102110	0.180115,102029	0.279216,33637	0.254763,117882	0.251249,16613	0.854884,118326	0.262522,8365	0.257653,8395	0.261418,16969	0.253232,17016	0.258068,17042
665000	0.1635,102410	0.126082,102925	0.179919,102763	0.279042,33891	0.254708,118795	0.251421,16717	0.854746,119198	0.261602,8425	0.257028,8466	0.261696,17100	0.252933,17135	0.257933,17175
670000	0.163402,103181	0.126078,103674	0.180063,103514	0.27935,34140	0.254682,119706	0.251201,16855	0.854934,120111	0.261751,8489	0.257311,8515	0.261762,17237	0.252938,17273	0.257845,17305
675000	0.163594,103965	0.126009,104485	0.18014,104258	0.279131,34396	0.254696,120583	0.250987,16977	0.854941,120999	0.261871,8550	0.257715,8587	0.261605,17385	0.252648,17372	0.257525,17443
680000	0.163605,104746	0.126113,105279	0.179996,105008	0.279643,34637	0.254915,121507	0.251359,17103	0.855039,121902	0.262179,8601	0.257616,8633	0.261744,17498	0.252484,17514	0.257398,17572
685000	0.163575,105487	0.126044,106042	0.180057,105811	0.279774,34871	0.254752,122382	0.251145,17253	0.855086,122797	0.262229,8668	0.257149,8707	0.261833,17641	0.25255,17648	0.257164,17693
690000	0.163549,106231	0.125963,106833	0.180238,106570	0.279637,35117	0.254703,123285	0.250891,17398	0.855308,123711	0.261706,8735	0.256729,8768	0.261795,17762	0.252379,17763	0.257419,17827
695000	0.163667,107010	0.12585,107588	0.180175,107318	0.279993,35383	0.254805,124201	0.250785,17505	0.855385,124648	0.262423,8814	0.256767,8829	0.261392,17885	0.25214,17871	0.257466,17948
700000	0.163482,107767	0.12579,108323	0.180143,108125	0.27997,35661	0.254767,125083	0.250936,17634	0.855513,125527	0.26212,8870	0.255908,8886	0.261422,18013	0.252039,18021	0.257546,18090
705000	0.163235,108561	0.125733,109080	0.179931,108864	0.280028,35925	0.254786,125941	0.251391,17793	0.855556,126416	0.262174,8933	0.256313,8950	0.261145,18147	0.252038,18156	0.257705,18234
710000	0.16331,109332	0.125827,109849	0.180003,109604	0.280032,36203	0.254741,126827	0.251466,17903	0.855684,127318	0.262907,9007	0.256373,9022	0.260793,18275	0.252132,18296	0.257351,18364
715000	0.163269,110082	0.125663,110597	0.179948,110354	0.280134,36479	0.254813,127729	0.251287,18063	0.855477,128215	0.262225,9080	0.255886,9090	0.26074,18413	0.251861,18403	0.257151,18495
720000	0.163245,110870	0.125771,111361	0.179976,111098	0.280061,36717	0.254753,128666	0.25103,18201	0.855393,129095	0.261746,9131	0.257096,9160	0.260647,18527	0.251619,18528	0.257589,18646
725000	0.163087,111597	0.125805,112126	0.180018,111878	0.279944,36961	0.254728,129597	0.250723,18315	0.855487,130030	0.262757,9191	0.256774,9226	0.260157,18658	0.251622,18655	0.257274,18766
730000	0.163337,112387	0.125826,112918	0.180088,112595	0.279987,37216	0.254638,130432	0.250705,18452	0.85517,130988	0.263169,9264	0.256347,9296	0.260777,18767	0.251464,18782	0.256943,18903
735000	0.163505,113183	0.125971,113685	0.180248,113316	0.279881,37448	0.25455,131330	0.250498,18571	0.855388,131946	0.262994,9331	0.25655,9351	0.261155,18893	0.252118,18888	0.25648,19058
740000	0.163623,113939	0.125988,114447	0.180408,114080	0.280241,37714	0.254565,132253	0.25008,18690	0.85541,132872	0.262604,9402	0.256663,9417	0.261203,19012	0.251869,18998	0.256675,19176
745000	0.163515,114736	0.125967,115205	0.18043,114765	0.280186,37964	0.254664,133152	0.250691,18824	0.855653,133830	0.261942,9483	0.25751,9487	0.260856,19137	0.252131,19121	0.256582,19296
750000	0.163592,115562	0.12608,115934	0.180725,115507	0.280245,38213	0.254618,134044	0.251042,18949	0.8557,134754	0.261835,9548	0.257484,9554	0.260623,19250	0.2523,19243	0.256146,19442
755000	0.163536,116305	0.126082,116710	0.180688,116289	0.280162,38492	0.254699,134963	0.251021,19090	0.855754,135602	0.26182,9602	0.257416,9607	0.260778,19392	0.252594,19375	0.255812,19573
760000	0.163719,117115	0.126074,117455	0.180707,117024	0.280389,38764	0.254699,135835	0.251184,19209	0.85596,136518	0.261193,9671	0.257568,9679	0.260841,19510	0.252371,19507	0.256379,19713
765000	0.16379,117907	0.125987,118179	0.180826,117815	0.280377,39051	0.254775,136740	0.251163,19346	0.856213,137363	0.260571,9744	0.2577,9740	0.260431,19629	0.25219,19632	0.256523,19854
770000	0.163683,118699	0.12596,118935	0.180664,118524	0.28091,39308	0.254764,137645	0.250706,19469	0.856222,138269	0.260493,9816	0.257597,9806	0.260343,19747	0.252351,19782	0.25635,20000
775000	0.163731,119470	0.126097,119725	0.180923,119272	0.2813,39545	0.254768,138530	0.251198,19614	0.855986,139188	0.260861,9875	0.257754,9866	0.26015,19877	0.252161,19900	0.25648,20138
780000	0.163666,120233	0.126131,120502	0.180799,120067	0.281189,39774	0.254777,139416	0.251064,19740	0.856097,140101	0.260322,9930	0.258259,9928	0.2601,20000	0.252669,20042	0.256427,20267
785000	0.163567,121015	0.126119,121266	0.180724,120853	0.280929,40003	0.254692,140287	0.250918,19875	0.855766,141000	0.261,10000	0.258703,9996	0.260146,20131	0.252442,20167	0.256334,20407
790000	0.163598,121750	0.126093,122013	0.180676,121654	0.28104,40254	0.254572,141194	0.250924,20014	0.855803,141875	0.260278,10070	0.258862,10071	0.259986,20278	0.252365,20292	0.25644,20535
795000	0.163596,122509	0.126146,122818	0.180753,122421	0.281327,40508	0.254643,142085	0.250708,20127	0.855877,142746	0.260655,10136	0.25859,10128	0.2597,20412	0.251995,20425	0.256659,20685
800000	0.163895,123262	0.126205,123577	0.181034,123176	0.281854,40741	0.2546,142985	0.251184,20268	0.855999,143666	0.260784,10200	0.257922,10193	0.259593,20536	0.251738,20565	0.256493,20831
805000	0.163897,124066	0.126178,124380	0.181118,123930	0.281782,41014	0.254612,143858	0.251005,20398	0.856069,144541	0.261535,10251	0.257282,10265	0.259802,20658	0.251884,20696	0.25684,20943
810000	0.163788,124844	0.126125,125193	0.180977,124712	0.281791,41254	0.25446,144742	0.25128,20511	0.856073,145435	0.261148,10316	0.257187,10331	0.260018,20787	0.252091,20806	0.256158,21069
815000	0.163928,125653	0.126247,125952	0.180872,125481	0.281974,41518	0.254493,145615	0.251114,20640	0.856284,146295	0.261531,10385	0.256852,10399	0.260015,20918	0.252018,20935	0.256165,21209
820000	0.163858,126433	0.126258,126709	0.180784,126267	0.282103,41779	0.254476,146489	0.251119,20775	0.856376,147183	0.261531,10450	0.2575,10466	0.260194,21042	0.251864,21059	0.255855,21348
825000	0.163916,127163	0.126319,127534	0.181017,127010	0.282494,42054	0.254713,147358	0.251232,20893	0.856571,148108	0.260886,10518	0.257439,10519	0.260134,21166	0.251829,21189	0.255817,21488
830000	0.163799,127962	0.126186,128271	0.180991,127758	0.282262,42333	0.254753,148281	0.251344,21015	0.856723,148977	0.260734,10574	0.257677,10583	0.259776,21303	0.252039,21334	0.255727,21609
835000	0.16377,128711	0.126139,129056	0.181007,128531	0.282282,42617	0.254779,149141	0.251324,21144	0.856817,149857	0.260845,10627	0.256805,10654	0.259717,21458	0.252085,21465	0.25544,21739
840000	0.16372,129508	0.12606,129795	0.180954,129276	0.282336,42878	0.254802,150038	0.251657,21267	0.857039,150740	0.260739,10685	0.256938,10738	0.260012,21599	0.252062,21578	0.255457,21898
845000	0.163728,130265	0.126193,130602	0.180948,130004	0.282581,43138	0.254806,150895	0.251776,21392	0.857175,151661	0.260485,10753	0.257766,10816	0.260144,21738	0.251843,21704	0.25581,22032
850000	0.163785,131080	0.126174,131398	0.180991,130769	0.282534,43347	0.254776,151753	0.251394,21524	0.857289,152581	0.260604,10821	0.258112,10879	0.260076,21859	0.251603,21836	0.255722,22153
855000	0.163892,131849	0.126249,132199	0.180969,131531	0.282422,43605	0.254676,152594	0.251653,21633	0.857363,153473	0.260758,10899	0.257805,10954	0.260002,21996	0.252037,21969	0.256256,22298
860000	0.163943,132583	0.126281,132973	0.18083,132312	0.282815,43852	0.254698,153511	0.251769,21758	0.857451,154389	0.260343,10974	0.257488,11018	0.259619,22117	0.252117,22085	0.256376,22428
865000	0.164088,133343	0.126235,133766	0.180784,133043	0.283087,44096	0.254773,154447	0.251907,21897	0.857093,155283	0.260112,11026	0.257712,11086	0.259544,22239	0.25251,22213	0.256327,22561
870000	0.164121,134108	0.126391,134519	0.180831,133760	0.283203,44378	0.254647,155384	0.252055,22015	0.857279,156179	0.260388,11095	0.257086,11148	0.259519,22376	0.252203,22351	0.256226,22687
875000	0.164136,134888	0.126425,135290	0.180735,134501	0.282984,44628	0.254661,156282	0.252539,22151	0.857251,157101	0.260448,11150	0.256664,11217	0.259985,22509	0.252024,22478	0.25604,22805
880000	0.164082,135658	0.126457,136110	0.180909,135267	0.282831,44882	0.254743,157174	0.252626,22278	0.857231,157976	0.260579,11225	0.25609,11289	0.259868,22623	0.251727,22584	0.255603,22934
885000	0.164017,136437	0.12645,136892	0.180816,136000	0.282838,45153	0.254775,158077	0.252544,22404	0.85737,158887	0.260153,11278	0.256279,11347	0.259723,22755	0.252025,22712	0.25566,23058
890000	0.163951,137206	0.126401,137673	0.180769,136782	0.283033,45394	0.254612,158971	0.252773,22538	0.85736,159766	0.259517,11348	0.255694,11416	0.259675,22894	0.252212,22834	0.255803,23178
895000	0.163969,137971	0.12646,138463	0.180857,137556	0.283283,45647	0.254553,159853	0.252602,22672	0.857515,160684	0.258918,11409	0.254991,11471	0.259679,23013	0.252244,22946	0.255844,23315
900000	0.163973,138724	0.126584,139275	0.180868,138344	0.283292,45889	0.254558,160757	0.252291,22803	0.857631,161524	0.258869,11473	0.255029,11532	0.260257,23154	0.252428,23068	0.255574,23457
905000	0.164012,139484	0.126641,139978	0.18074,139117	0.283121,46157	0.25462,161672	0.252671,22935	0.857691,162435	0.25897,11538	0.255171,11604	0.260345,23296	0.251929,23201	0.25565,23583
910000	0.164103,140241	0.126611,140770	0.180817,139854	0.283033,46401	0.254676,162548	0.252773,23076	0.857934,163347	0.258742,11610	0.254825,11659	0.260645,23438	0.25196,23345	0.25524,23711
915000	0.16397,141014	0.126697,141542	0.180797,140616	0.28308,46637	0.254581,163500	0.253017,23204	0.858012,164211	0.258482,11672	0.255268,11721	0.260364,23567	0.252194,23474	0.255306,23842
920000	0.163834,141820	0.126623,142328	0.180674,141354	0.282841,46885	0.254494,164389	0.253322,23330	0.858087,165129	0.25837,11739	0.255455,11779	0.260319,23694	0.252374,23588	0.255539,23965
925000	0.163815,142624	0.126636,143071	0.18081,142094	0.282722,47124	0.254548,165293	0.253015,23465	0.858232,166067	0.258013,11794	0.255043,11849	0.260544,23804	0.252541,23707	0.255724,24108
930000	0.163779,143431	0.126616,143829	0.180849,142843	0.282687,47374	0.254536,166220	0.252744,23597	0.858384,166909	0.25885,11864	0.255225,11915	0.260633,23934	0.252244,23842	0.255466,24242
935000	0.163838,144191	0.12659,144585	0.180802,143616	0.282618,47612	0.254471,167151	0.252664,23739	0.858453,167810	0.259324,11931	0.255307,11966	0.261023,24063	0.252483,23966	0.255437,24370
940000	0.163681,144983	0.126532,145370	0.180925,144380	0.282589,47854	0.254384,168065	0.25268,23880	0.858534,168698	0.259034,12010	0.255447,12026	0.260994,24173	0.252493,24064	0.25595,24497
945000	0.163821,145720	0.126505,146137	0.18089,145149	0.282658,48097	0.254435,168990	0.253036,24044	0.858499,169596	0.258778,12076	0.2555,12090	0.260554,24279	0.252686,24196	0.256111,24626
950000	0.163729,146480	0.126589,146885	0.180788,145922	0.282716,48356	0.254303,169896	0.252762,24169	0.858578,170504	0.258697,12130	0.255225,12154	0.260586,24418	0.252281,24330	0.255978,24756
955000	0.163621,147218	0.126635,147676	0.180857,146668	0.282566,48601	0.254339,170768	0.252924,24284	0.858733,171456	0.259875,12202	0.254894,12209	0.260613,24546	0.252514,24466	0.256043,24906
960000	0.163601,148006	0.126699,148438	0.180958,147443	0.282331,48847	0.254374,171653	0.252755,24407	0.858636,172364	0.260054,12259	0.254627,12265	0.260644,24685	0.252551,24597	0.255872,25036
965000	0.163586,148741	0.126617,149245	0.180841,148213	0.282216,49129	0.254292,172550	0.252803,24525	0.858704,173246	0.259927,12315	0.254663,12330	0.261025,24829	0.252559,24715	0.256021,25162
970000	0.163611,149513	0.126745,149978	0.180918,148996	0.282132,49413	0.254264,173410	0.252564,24667	0.858796,174173	0.259879,12375	0.25456,12390	0.260403,24969	0.252506,24839	0.256122,25277
975000	0.163682,150279	0.126685,150720	0.181003,149799	0.282199,49660	0.254278,174278	0.253083,24814	0.85888,175071	0.260356,12433	0.254017,12448	0.260186,25109	0.252782,24978	0.255913,25411
980000	0.16376,151081	0.1268,151514	0.181121,150573	0.282148,49956	0.254358,175096	0.253149,24930	0.858808,175973	0.260508,12491	0.254178,12507	0.260008,25230	0.252939,25093	0.255713,25556
985000	0.163803,151841	0.126874,152317	0.181024,151339	0.282259,50234	0.254327,175970	0.252914,25052	0.858705,176864	0.259959,12552	0.253857,12574	0.260114,25362	0.252687,25213	0.255665,25682
990000	0.163942,152658	0.126941,153087	0.181095,152069	0.282422,50460	0.254371,176903	0.253017,25188	0.85881,177768	0.260325,12615	0.254078,12630	0.260146,25478	0.252753,25337	0.255396,25807
995000	0.16389,153432	0.127028,153871	0.181091,152879	0.282586,50735	0.254439,177787	0.253043,25304	0.858848,178630	0.260022,12672	0.253904,12678	0.26003,25624	0.25271,25464	0.255555,25924
1000000	0.164037,154221	0.12703,154633	0.181199,153665	0.282341,50995	0.254453,178701	0.252911,25420	0.858895,179490	0.260364,12736	0.254259,12739	0.259781,25764	0.25293,25596	0.255837,26040
