GEN	stNNI( topo{0};brlens{0} )$run0	eSPR( topo{0};brlens{0};stopProb=0.5 )$run0	parsSpr( topo{0};brlens{0};radius=7,warp=0.1 )$run0	likeSPR( topo{0};brlens{0};radius=6,warp=1 )$run0	blMult( brlens{0} )$run0	TL-Mult( brlens{0} )$run0	blDistGamma( brlens{0} )$run0	freqSlider( statefreq{0};brlens{0} )$run0	freqDirich( statefreq{0};brlens{0} )$run0	revMatSlider( revmat{0};brlens{0} )$run0	revMatDirich( revmat{0};brlens{0} )$run0	rateHetMulti( ratehet{0} )$run0
5000	0.0535714,784	0.0408163,784	0.0660622,772	0.0965251,259	0.280624,898	0.056,125	0.789227,854	0.16,50	0.117647,68	0.304,125	0.183206,131	0.253333,150
10000	0.0532393,1559	0.0372946,1582	0.0472441,1524	0.107692,520	0.271689,1752	0.209964,281	0.818656,1726	0.189655,116	0.080292,137	0.251908,262	0.211765,255	0.178322,286
15000	0.0508403,2380	0.034235,2366	0.0411817,2234	0.0939086,788	0.264472,2643	0.255583,403	0.831733,2603	0.277457,173	0.146341,205	0.251232,406	0.25,384	0.2,415
20000	0.0569882,3141	0.0312401,3169	0.0424342,3040	0.0950096,1042	0.258563,3562	0.232342,538	0.837642,3443	0.271605,243	0.190476,273	0.251451,517	0.242604,507	0.224762,525
25000	0.05647,3949	0.0299189,3944	0.044544,3794	0.0928237,1282	0.258303,4456	0.247126,696	0.835686,4321	0.264516,310	0.210682,337	0.246106,642	0.22763,637	0.22943,632
30000	0.0568327,4698	0.0309191,4722	0.0454842,4595	0.101116,1523	0.261048,5363	0.245025,804	0.837317,5188	0.287599,379	0.200501,399	0.25323,774	0.230179,782	0.231565,773
35000	0.0556171,5412	0.0305805,5461	0.0461224,5377	0.0981697,1803	0.258429,6288	0.25,920	0.852874,6090	0.290618,437	0.202174,460	0.255615,935	0.225027,911	0.243929,906
40000	0.0529545,6194	0.0312551,6175	0.0469156,6160	0.0941291,2061	0.25802,7170	0.249763,1053	0.864784,7011	0.289941,507	0.214815,540	0.254237,1062	0.246109,1028	0.243503,1039
45000	0.052228,6912	0.0310325,6896	0.0473783,6923	0.0931226,2341	0.256692,8107	0.252525,1188	0.872794,7932	0.313233,597	0.206271,606	0.253982,1193	0.244268,1134	0.244236,1171
50000	0.0503906,7680	0.0301291,7667	0.0492037,7723	0.0927435,2577	0.256093,8985	0.256024,1328	0.874802,8834	0.306154,650	0.215859,681	0.252664,1314	0.239617,1252	0.257448,1309
55000	0.0497447,8423	0.0292108,8490	0.0501813,8549	0.092769,2835	0.254868,9860	0.254178,1436	0.880646,9719	0.298738,713	0.219545,747	0.253825,1438	0.243599,1367	0.255798,1423
60000	0.0483519,9162	0.0289542,9256	0.0502997,9344	0.0928202,3092	0.253633,10736	0.256525,1571	0.883481,10642	0.302177,781	0.219363,816	0.253684,1561	0.242972,1494	0.260841,1545
65000	0.047806,9936	0.0292625,10047	0.0517019,10077	0.0925097,3351	0.252733,11617	0.263962,1701	0.886505,11560	0.305925,827	0.217045,880	0.25461,1681	0.241082,1626	0.256924,1697
70000	0.0487828,10721	0.0295639,10824	0.0518573,10876	0.09375,3616	0.253612,12460	0.263965,1826	0.886571,12466	0.303812,892	0.226355,941	0.250967,1809	0.246731,1759	0.258011,1810
75000	0.0495179,11511	0.0299448,11588	0.0521627,11675	0.0955201,3884	0.25395,13353	0.264054,1939	0.882401,13359	0.293067,952	0.225904,996	0.257039,1918	0.246822,1888	0.252969,1937
80000	0.0498244,12243	0.0301141,12353	0.0526779,12510	0.0962191,4126	0.255166,14277	0.26395,2061	0.883726,14268	0.288119,1010	0.226202,1061	0.261963,2027	0.242921,2013	0.249634,2051
85000	0.0495925,13006	0.0295975,13143	0.0531073,13275	0.0979899,4378	0.253723,15174	0.264279,2206	0.885221,15177	0.28935,1061	0.228086,1118	0.259311,2148	0.249298,2138	0.249081,2176
90000	0.0495495,13764	0.0291667,13920	0.0530395,14065	0.0956278,4643	0.254681,16075	0.267437,2337	0.888038,16068	0.28317,1123	0.222967,1193	0.259815,2267	0.249117,2264	0.249452,2281
95000	0.0491758,14499	0.028754,14711	0.052511,14835	0.0951115,4889	0.255414,16992	0.264372,2470	0.890808,16961	0.287037,1188	0.225118,1266	0.260652,2394	0.244342,2386	0.252387,2409
100000	0.0496078,15300	0.029427,15462	0.0536011,15634	0.0954325,5145	0.256068,17839	0.267589,2601	0.892468,17911	0.28996,1245	0.225438,1313	0.263242,2511	0.241379,2494	0.249902,2545
105000	0.0494509,16117	0.0299014,16220	0.0535998,16362	0.0957918,5418	0.255103,18714	0.269963,2730	0.894961,18812	0.294705,1303	0.23105,1372	0.263258,2640	0.242149,2643	0.252904,2669
110000	0.0494215,16855	0.0294411,17051	0.0534516,17137	0.0952885,5667	0.254668,19602	0.269513,2857	0.897142,19697	0.292593,1350	0.234525,1454	0.264376,2765	0.245303,2768	0.254558,2797
115000	0.0493225,17639	0.0295898,17844	0.0541839,17902	0.0960175,5926	0.254635,20496	0.267137,2976	0.899106,20576	0.288136,1416	0.237908,1530	0.262535,2872	0.244905,2895	0.257514,2928
120000	0.0487606,18396	0.0297923,18629	0.0544316,18684	0.0968476,6154	0.253783,21412	0.268935,3116	0.900005,21441	0.283019,1484	0.237074,1586	0.259186,3021	0.243894,3030	0.256974,3047
125000	0.0484931,19178	0.0292283,19399	0.0542823,19417	0.0977785,6392	0.254739,22317	0.270429,3243	0.901243,22368	0.283312,1546	0.236474,1645	0.262093,3163	0.243764,3167	0.259716,3165
130000	0.0482151,19973	0.0291489,20138	0.0544557,20255	0.098225,6648	0.253348,23150	0.266548,3369	0.903213,23278	0.282353,1615	0.239669,1694	0.261818,3300	0.246505,3290	0.257447,3290
135000	0.0485502,20762	0.0291248,20910	0.0545792,20997	0.098828,6911	0.253419,24055	0.267222,3484	0.904262,24191	0.280576,1668	0.243335,1763	0.262113,3426	0.24386,3420	0.256373,3413
140000	0.0483211,21502	0.0291025,21682	0.0540739,21748	0.0985112,7187	0.253346,24958	0.266982,3592	0.905278,25105	0.281034,1740	0.245109,1840	0.25732,3552	0.247251,3547	0.255427,3547
145000	0.0481917,22286	0.0290094,22441	0.0538845,22474	0.0989262,7450	0.253327,25848	0.263412,3728	0.906459,26010	0.280731,1806	0.247644,1910	0.257916,3695	0.24932,3674	0.252583,3678
150000	0.048499,23052	0.028963,23202	0.0536852,23228	0.0997926,7716	0.253185,26763	0.262584,3854	0.907316,26941	0.276358,1878	0.246325,1973	0.255185,3809	0.248614,3789	0.254018,3795
155000	0.048893,23848	0.0291157,23939	0.0533584,23970	0.0996356,7959	0.253072,27668	0.262258,3977	0.908418,27844	0.270492,1952	0.245692,2031	0.255185,3954	0.249235,3920	0.253174,3938
160000	0.0484487,24624	0.028687,24715	0.0528297,24702	0.0997337,8262	0.252934,28545	0.261114,4094	0.908993,28734	0.268317,2020	0.244053,2102	0.255621,4092	0.246667,4050	0.253941,4060
165000	0.0484786,25372	0.0290714,25489	0.0527412,25445	0.0999295,8506	0.253105,29466	0.260128,4221	0.909505,29670	0.267883,2083	0.24343,2169	0.256349,4213	0.243943,4169	0.253753,4197
170000	0.0481707,26157	0.0289794,26260	0.0531866,26172	0.100628,8755	0.252451,30394	0.259609,4345	0.910479,30585	0.272812,2148	0.24585,2229	0.254834,4344	0.244879,4296	0.254925,4315
175000	0.0481955,26932	0.029427,27016	0.0535383,26934	0.102627,9023	0.252115,31331	0.258346,4463	0.910814,31440	0.270588,2210	0.246301,2298	0.255082,4477	0.245594,4426	0.255281,4450
180000	0.0480821,27661	0.0290215,27807	0.0534026,27714	0.102249,9291	0.252504,32249	0.25817,4590	0.911599,32364	0.267344,2263	0.248302,2356	0.257087,4586	0.247245,4538	0.254966,4581
185000	0.0481263,28446	0.0290154,28571	0.0532173,28487	0.10134,9552	0.252406,33141	0.257258,4719	0.911608,33261	0.264769,2319	0.245563,2423	0.258621,4698	0.248933,4688	0.25623,4695
190000	0.0481986,29171	0.0288373,29337	0.0531279,29269	0.100275,9823	0.252571,34034	0.259839,4853	0.911759,34145	0.264223,2373	0.243579,2492	0.260294,4833	0.248966,4836	0.257137,4834
195000	0.047988,29945	0.028672,30099	0.0526543,30064	0.0999009,10090	0.252511,34941	0.261876,4968	0.912471,35017	0.262768,2428	0.24375,2560	0.259282,4956	0.251609,4972	0.259274,4960
200000	0.0476144,30768	0.0286855,30817	0.0525837,30770	0.0997973,10361	0.252995,35815	0.261816,5099	0.913435,35973	0.261953,2489	0.246014,2634	0.258425,5104	0.252555,5088	0.258953,5082
205000	0.0476221,31519	0.0286727,31598	0.0525915,31526	0.100425,10585	0.252964,36776	0.261203,5222	0.913966,36869	0.262269,2547	0.245192,2704	0.259676,5245	0.252064,5209	0.259808,5200
210000	0.0472551,32314	0.0288381,32353	0.052233,32221	0.0999447,10846	0.253138,37679	0.262381,5351	0.91492,37788	0.259601,2604	0.247304,2782	0.260119,5386	0.249672,5331	0.260243,5345
215000	0.0468627,33118	0.0285809,33099	0.0522678,32984	0.0992786,11090	0.253984,38530	0.260544,5477	0.91558,38723	0.256716,2680	0.247622,2839	0.260286,5517	0.247257,5468	0.258813,5475
220000	0.0466978,33856	0.0285681,33849	0.0521608,33761	0.0989262,11362	0.2541,39449	0.26153,5594	0.916301,39642	0.256195,2744	0.248451,2906	0.259134,5638	0.247312,5580	0.260545,5619
225000	0.0464337,34630	0.028644,34632	0.0520731,34490	0.0992938,11612	0.253805,40346	0.262515,5733	0.916817,40573	0.257468,2812	0.249916,2965	0.258121,5757	0.248813,5687	0.260108,5763
230000	0.0460552,35414	0.0286029,35381	0.0516439,35222	0.0982211,11861	0.253865,41266	0.262466,5856	0.917797,41507	0.258537,2870	0.24967,3028	0.25914,5881	0.248366,5814	0.259831,5900
235000	0.0461343,36177	0.0284759,36171	0.0517332,35973	0.0984892,12113	0.254161,42178	0.260862,5984	0.918135,42448	0.258086,2937	0.249757,3087	0.259846,5992	0.248692,5927	0.25977,6013
240000	0.0462284,36947	0.0285243,36951	0.0518325,36753	0.0988193,12366	0.253654,43106	0.259967,6120	0.918452,43312	0.258667,3000	0.252618,3151	0.25929,6109	0.248103,6062	0.259677,6123
245000	0.0461453,37707	0.0285381,37739	0.0517559,37503	0.0986384,12632	0.253868,43956	0.260327,6246	0.919024,44260	0.25718,3064	0.250544,3217	0.259634,6228	0.248912,6203	0.258767,6245
250000	0.0459054,38514	0.0284883,38507	0.0516944,38302	0.0984919,12864	0.253891,44846	0.261373,6397	0.919085,45109	0.25568,3125	0.25259,3282	0.259084,6357	0.249407,6327	0.258556,6370
255000	0.0462576,39280	0.0288253,39271	0.0520577,39072	0.0989631,13116	0.253523,45767	0.261416,6526	0.919456,45975	0.255019,3188	0.252018,3345	0.260776,6496	0.248681,6442	0.257896,6522
260000	0.0461803,40082	0.0286815,39991	0.052247,39830	0.0987885,13372	0.253873,46669	0.262123,6661	0.919811,46889	0.254545,3245	0.251243,3419	0.261513,6623	0.24825,6570	0.257783,6649
265000	0.0459863,40860	0.0286674,40778	0.0522623,40622	0.098893,13641	0.254034,47537	0.262452,6786	0.919895,47775	0.255197,3319	0.250863,3476	0.260638,6745	0.249103,6688	0.25705,6773
270000	0.0459781,41585	0.0287226,41570	0.0524562,41425	0.0989445,13927	0.254759,48434	0.261134,6916	0.920389,48649	0.253692,3386	0.250781,3521	0.260901,6880	0.249119,6808	0.258153,6899
275000	0.0461379,42373	0.028816,42407	0.0525779,42166	0.0993714,14159	0.25439,49314	0.262658,7051	0.92017,49530	0.254345,3452	0.252368,3590	0.259677,7001	0.248487,6942	0.257448,7015
280000	0.045895,43142	0.0284874,43177	0.0520906,42906	0.0991541,14422	0.254607,50195	0.262601,7182	0.920596,50451	0.25256,3516	0.252462,3656	0.259961,7128	0.248518,7086	0.256058,7139
285000	0.0459019,43898	0.0284375,43956	0.0520471,43672	0.0995032,14693	0.254203,51089	0.260965,7319	0.921174,51328	0.25223,3588	0.251744,3726	0.261451,7248	0.248822,7218	0.255747,7265
290000	0.045665,44717	0.0285126,44717	0.0518067,44473	0.0990623,14930	0.254064,51975	0.260221,7436	0.921421,52215	0.251919,3648	0.25205,3781	0.260852,7372	0.247449,7351	0.255112,7385
295000	0.0455773,45527	0.0284018,45490	0.0517337,45251	0.0987662,15157	0.254157,52857	0.259284,7567	0.921643,53116	0.251752,3710	0.253191,3839	0.261819,7509	0.249633,7483	0.254871,7494
300000	0.0457119,46268	0.0281611,46305	0.0517927,45991	0.0986693,15405	0.253905,53713	0.259086,7704	0.921746,54029	0.250858,3787	0.25237,3903	0.262201,7643	0.24954,7606	0.255428,7646
305000	0.0454555,47035	0.028013,47121	0.0515634,46758	0.0983062,15645	0.25405,54623	0.259212,7816	0.921967,54913	0.251554,3860	0.251385,3970	0.262291,7770	0.250292,7715	0.255338,7774
310000	0.04537,47829	0.0279552,47898	0.0512136,47546	0.0980491,15890	0.253692,55524	0.258523,7949	0.922274,55747	0.253887,3923	0.24969,4033	0.261959,7902	0.250574,7842	0.256031,7917
315000	0.0454227,48588	0.0279594,48642	0.0514307,48298	0.0983789,16162	0.253866,56451	0.257669,8084	0.922733,56596	0.254505,3996	0.25067,4105	0.260593,8024	0.250719,7997	0.257044,8057
320000	0.0454177,49408	0.027862,49458	0.0515878,49062	0.0984816,16399	0.253603,57377	0.257373,8206	0.922371,57440	0.255539,4062	0.251078,4174	0.260153,8126	0.251603,8112	0.257094,8176
325000	0.0452662,50192	0.0278978,50219	0.0516667,49858	0.0981735,16644	0.253526,58286	0.257352,8331	0.922312,58323	0.256056,4128	0.252299,4241	0.260044,8264	0.250852,8216	0.255965,8298
330000	0.0452592,50951	0.0277495,50992	0.0514902,50631	0.097509,16901	0.253291,59185	0.257389,8458	0.922113,59240	0.255742,4180	0.252619,4295	0.259136,8401	0.250897,8362	0.255712,8404
335000	0.0451971,51729	0.0276742,51781	0.0513264,51416	0.0970619,17154	0.25313,60064	0.258418,8583	0.922148,60114	0.254962,4232	0.252579,4363	0.258651,8525	0.250588,8504	0.255536,8535
340000	0.0452097,52533	0.027626,52523	0.0512491,52157	0.0974671,17411	0.253452,60978	0.259314,8723	0.922038,61017	0.25703,4303	0.25079,4430	0.259088,8665	0.250754,8618	0.255612,8642
345000	0.0450315,53296	0.0275124,53285	0.0511809,52969	0.0974864,17664	0.253733,61880	0.259414,8870	0.921577,61921	0.255163,4358	0.249054,4493	0.260011,8765	0.25083,8735	0.255819,8764
350000	0.0451448,54004	0.0275511,54045	0.0511952,53755	0.0976562,17920	0.253756,62828	0.258237,8984	0.920746,62823	0.25507,4438	0.248738,4555	0.260234,8892	0.250677,8860	0.255058,8896
355000	0.0451925,54810	0.0275497,54810	0.0510488,54536	0.097404,18182	0.253666,63686	0.257018,9120	0.92052,63689	0.254513,4487	0.247728,4622	0.26059,9018	0.250167,8998	0.255032,9042
360000	0.0453712,55608	0.0275193,55561	0.050982,55294	0.0981253,18456	0.253973,64621	0.257436,9245	0.919327,64532	0.255916,4564	0.248026,4685	0.259895,9146	0.249808,9115	0.254987,9173
365000	0.0452586,56365	0.0275586,56280	0.050774,56072	0.0974332,18700	0.253894,65555	0.258426,9376	0.918491,65453	0.254373,4631	0.24848,4769	0.259782,9277	0.249215,9237	0.254173,9285
370000	0.0452502,57171	0.0276521,57030	0.0506779,56869	0.0978324,18961	0.253867,66456	0.258394,9501	0.917799,66325	0.2541,4695	0.248031,4826	0.260166,9394	0.249733,9366	0.253668,9406
375000	0.0451369,57957	0.0276014,57787	0.0506804,57616	0.0975572,19199	0.254439,67356	0.258356,9634	0.917729,67229	0.253247,4774	0.249335,4885	0.260013,9538	0.249737,9498	0.254015,9527
380000	0.0451326,58738	0.027811,58574	0.0509093,58398	0.0979837,19442	0.254462,68242	0.258982,9742	0.917369,68098	0.252781,4854	0.249089,4942	0.259868,9678	0.250622,9648	0.255185,9644
385000	0.045114,59538	0.0279049,59416	0.0509895,59169	0.0983157,19712	0.254107,69097	0.258624,9856	0.916781,68951	0.253298,4927	0.247853,5007	0.259945,9779	0.250179,9773	0.255243,9775
390000	0.0451462,60293	0.0278613,60191	0.0511674,59960	0.0987802,20004	0.253938,69962	0.258155,9994	0.916299,69820	0.254414,4984	0.24833,5090	0.260523,9907	0.249596,9896	0.254773,9899
395000	0.0451682,61105	0.0278015,60968	0.0511046,60699	0.0984489,20244	0.253925,70836	0.258052,10122	0.91618,70723	0.254459,5046	0.248164,5174	0.259123,10030	0.249476,10025	0.254986,10028
400000	0.045207,61871	0.0278277,61773	0.0512287,61489	0.098463,20495	0.253966,71742	0.257617,10240	0.916122,71616	0.254446,5117	0.249379,5237	0.258869,10148	0.24963,10139	0.255008,10133
405000	0.0450813,62598	0.0277729,62543	0.0511407,62240	0.0985509,20771	0.253953,72612	0.25744,10383	0.916521,72533	0.25477,5189	0.250519,5301	0.26041,10303	0.249197,10273	0.255413,10254
410000	0.045024,63344	0.0277366,63346	0.0513793,63002	0.0984222,21042	0.254125,73511	0.25745,10503	0.916924,73463	0.254539,5233	0.251027,5354	0.260711,10433	0.249326,10392	0.255662,10377
415000	0.0450871,64076	0.0276709,64183	0.0512229,63741	0.0981414,21306	0.253833,74415	0.256852,10617	0.916869,74365	0.254532,5296	0.251664,5408	0.260767,10565	0.248811,10514	0.255469,10514
420000	0.0450773,64822	0.0277478,64942	0.0510873,64517	0.0983713,21551	0.253881,75295	0.256654,10746	0.917382,75298	0.254719,5351	0.251093,5488	0.260398,10699	0.24899,10643	0.255259,10648
425000	0.0451698,65619	0.0277871,65714	0.0513531,65293	0.0986154,21812	0.254044,76164	0.257048,10854	0.917605,76218	0.253927,5411	0.250765,5559	0.260091,10827	0.248768,10753	0.255104,10776
430000	0.0449589,66394	0.0276787,66477	0.0512176,66032	0.0982976,22086	0.254203,77033	0.257078,10985	0.917779,77134	0.253611,5469	0.251024,5613	0.260628,10962	0.249313,10914	0.254289,10901
435000	0.0447988,67167	0.0276126,67252	0.0511135,66773	0.0979234,22344	0.254177,77918	0.255942,11108	0.918059,78068	0.253478,5535	0.251101,5679	0.260791,11097	0.24923,11042	0.25379,11017
440000	0.0446689,67922	0.0275372,68017	0.050942,67567	0.0974822,22599	0.253848,78799	0.255431,11232	0.918346,78992	0.253614,5603	0.250174,5744	0.261311,11228	0.248165,11174	0.253349,11123
445000	0.0447783,68694	0.0274636,68782	0.0510106,68378	0.0976005,22838	0.254175,79693	0.255765,11362	0.91857,79872	0.253004,5660	0.250129,5805	0.26087,11362	0.24843,11307	0.253312,11247
450000	0.0447291,69485	0.0273929,69580	0.0512134,69142	0.0978228,23103	0.254253,80585	0.255397,11488	0.918321,80755	0.252361,5718	0.249487,5852	0.25964,11489	0.24834,11444	0.253279,11359
455000	0.044657,70269	0.0273365,70382	0.0512501,69873	0.0979183,23346	0.254306,81508	0.255938,11620	0.918508,81628	0.252075,5784	0.250042,5915	0.259371,11632	0.248053,11558	0.253809,11485
460000	0.0447011,71005	0.027348,71157	0.0512153,70643	0.0979006,23626	0.254374,82371	0.256399,11759	0.918638,82545	0.251969,5842	0.249958,5977	0.258726,11746	0.248932,11706	0.253463,11623
465000	0.0445785,71761	0.0274546,71937	0.051244,71384	0.0977327,23861	0.254563,83339	0.256156,11899	0.918748,83432	0.252457,5902	0.249917,6042	0.257918,11872	0.248287,11821	0.253532,11750
470000	0.0444472,72513	0.0274477,72720	0.0513861,72179	0.0974922,24125	0.254434,84230	0.255568,12032	0.918645,84310	0.254104,5970	0.25,6100	0.258457,12002	0.248556,11945	0.25299,11874
475000	0.0444253,73269	0.0273248,73523	0.051435,72927	0.097434,24396	0.254497,85121	0.255307,12154	0.918708,85187	0.25401,6047	0.249716,6167	0.258429,12131	0.248612,12067	0.253434,12011
480000	0.0442956,74048	0.0273941,74286	0.0514853,73691	0.0978578,24648	0.254461,86017	0.254953,12265	0.918931,86063	0.25429,6119	0.250883,6230	0.258819,12275	0.248956,12215	0.254138,12143
485000	0.0443063,74775	0.027415,75032	0.0514318,74487	0.0977694,24926	0.254449,86925	0.254983,12393	0.919224,86969	0.254081,6187	0.250875,6286	0.258978,12391	0.248663,12338	0.253926,12291
490000	0.044435,75571	0.0275411,75814	0.0514153,75250	0.0977661,25203	0.254301,87833	0.25519,12524	0.918902,87820	0.254191,6263	0.251574,6352	0.258539,12501	0.248694,12445	0.253783,12424
495000	0.0444826,76367	0.0275123,76584	0.0514143,76010	0.0977086,25443	0.254318,88708	0.254698,12666	0.917778,88711	0.254385,6329	0.25183,6421	0.258567,12635	0.24873,12596	0.253871,12530
500000	0.0446222,77114	0.02752,77362	0.0515014,76794	0.0978096,25703	0.254418,89632	0.254848,12788	0.917932,89596	0.25364,6387	0.251924,6498	0.258679,12761	0.248701,12706	0.253259,12659
505000	0.0447048,77844	0.0274945,78161	0.0514139,77586	0.0978587,25966	0.254472,90560	0.254434,12911	0.918217,90459	0.254416,6454	0.251371,6564	0.258328,12879	0.249143,12832	0.254146,12784
510000	0.0446114,78657	0.0275014,78905	0.0512958,78330	0.0976065,26238	0.254502,91465	0.254062,13048	0.918408,91332	0.254294,6520	0.251358,6628	0.257549,13015	0.249151,12952	0.254144,12910
515000	0.0446348,79400	0.0274787,79698	0.0512986,79125	0.0976456,26504	0.254683,92307	0.25453,13189	0.918803,92257	0.253573,6578	0.251383,6687	0.256804,13154	0.248871,13063	0.254257,13038
520000	0.0447538,80172	0.0274611,80514	0.051575,79903	0.0974543,26751	0.254613,93157	0.255204,13307	0.919199,93155	0.254143,6638	0.251554,6758	0.25701,13303	0.248805,13183	0.253895,13159
525000	0.0447177,80930	0.0273593,81252	0.0514432,80691	0.0970227,27004	0.254328,94032	0.254571,13454	0.919363,94064	0.254255,6698	0.25132,6816	0.256769,13444	0.249418,13319	0.253836,13296
530000	0.0447487,81723	0.0272847,82024	0.0514181,81411	0.0969859,27272	0.254621,94886	0.253479,13583	0.919584,95018	0.253924,6754	0.251451,6892	0.257198,13581	0.249665,13438	0.253689,13418
535000	0.0447774,82497	0.0273179,82803	0.0515344,82217	0.0972172,27526	0.254757,95746	0.253157,13699	0.919594,95913	0.253044,6817	0.250934,6958	0.25616,13718	0.248746,13560	0.253654,13546
540000	0.0446815,83256	0.0272298,83585	0.0514439,83003	0.096968,27803	0.254824,96608	0.253583,13814	0.919208,96817	0.253885,6885	0.250285,7024	0.256142,13840	0.248775,13679	0.253763,13686
545000	0.0445989,84038	0.0272497,84368	0.0512912,83757	0.0971604,28067	0.254684,97458	0.253745,13951	0.919401,97731	0.254936,6939	0.250106,7089	0.256067,13969	0.248571,13819	0.254235,13814
550000	0.0446253,84795	0.0272895,85161	0.0511883,84531	0.0971114,28318	0.254759,98344	0.253943,14074	0.919579,98643	0.255252,6997	0.25056,7148	0.25649,14098	0.248603,13954	0.254072,13937
555000	0.0445387,85566	0.0273163,85956	0.0510362,85312	0.0971221,28562	0.254567,99239	0.253962,14199	0.919889,99500	0.255202,7065	0.249896,7223	0.256866,14237	0.249024,14091	0.254377,14050
560000	0.0444702,86350	0.0273437,86711	0.0510765,86067	0.0969453,28841	0.254524,100136	0.25347,14337	0.920033,100391	0.255185,7136	0.25048,7294	0.25663,14367	0.248873,14200	0.254693,14170
565000	0.0445455,87102	0.027339,87494	0.0509486,86813	0.0967431,29077	0.254387,101047	0.253925,14457	0.920138,101312	0.255685,7212	0.250612,7358	0.256688,14504	0.249181,14351	0.254046,14273
570000	0.0444644,87868	0.0273803,88275	0.0509719,87558	0.0967346,29338	0.254453,101944	0.253446,14583	0.920397,102245	0.255507,7264	0.25118,7413	0.256531,14622	0.249085,14481	0.254008,14409
575000	0.0444487,88619	0.0274288,89067	0.0509075,88317	0.0968102,29594	0.254402,102845	0.252466,14699	0.920411,103167	0.256757,7326	0.250669,7476	0.257017,14750	0.249282,14614	0.25389,14526
580000	0.0444671,89347	0.0274284,89834	0.0507866,89118	0.0967796,29841	0.254355,103800	0.252174,14831	0.92069,104035	0.258248,7396	0.250199,7542	0.257347,14871	0.249135,14735	0.253925,14650
585000	0.0444615,90123	0.0274287,90635	0.0507856,89868	0.0966519,30077	0.254456,104686	0.25204,14954	0.920963,104963	0.258164,7472	0.250329,7606	0.25766,14981	0.249765,14866	0.254046,14769
590000	0.0445655,90900	0.0274617,91400	0.0508282,90619	0.0963022,30342	0.254699,105548	0.251788,15100	0.92106,105891	0.257692,7540	0.250586,7674	0.257546,15108	0.249683,14987	0.253777,14891
595000	0.044572,91627	0.0275939,92158	0.0512083,91450	0.0966277,30602	0.254778,106426	0.251771,15248	0.921144,106790	0.257797,7599	0.251293,7736	0.257836,15250	0.249719,15109	0.253515,15005
600000	0.0445137,92376	0.0275336,92941	0.0512473,92239	0.0966309,30839	0.254494,107307	0.251691,15372	0.921264,107676	0.257833,7660	0.250864,7813	0.257685,15387	0.25018,15265	0.253488,15125
605000	0.0445334,93166	0.0275332,93705	0.0512506,93033	0.0966798,31082	0.254524,108194	0.251468,15497	0.921342,108546	0.257265,7708	0.249968,7877	0.257314,15518	0.250195,15404	0.253569,15270
610000	0.0445088,93959	0.0275601,94412	0.0511541,93795	0.0965889,31339	0.254473,109096	0.250943,15637	0.921503,109469	0.257014,7770	0.249937,7934	0.25732,15642	0.249952,15555	0.253378,15392
615000	0.0443675,94709	0.0274862,95175	0.0511343,94555	0.0962609,31612	0.254389,109993	0.251283,15779	0.92144,110374	0.256964,7826	0.25,8004	0.257487,15760	0.250223,15690	0.254397,15523
620000	0.0442817,95457	0.0274527,95947	0.051051,95336	0.0964571,31838	0.25453,110883	0.250895,15915	0.92141,111287	0.257979,7896	0.249752,8064	0.256909,15885	0.249921,15821	0.2541,15671
625000	0.044247,96210	0.0273188,96710	0.0510692,96144	0.0962875,32081	0.25435,111779	0.249969,16054	0.921463,112177	0.257975,7962	0.249785,8135	0.256934,16008	0.249686,15948	0.253546,15792
630000	0.0442444,96984	0.0272879,97479	0.0510886,96910	0.0963442,32332	0.254448,112687	0.249691,16176	0.921661,113072	0.257859,8016	0.250335,8201	0.256436,16121	0.249425,16089	0.25375,15933
635000	0.0442682,97700	0.0273578,98290	0.0510047,97736	0.0964848,32544	0.254447,113607	0.249571,16304	0.921877,113948	0.257217,8071	0.250817,8265	0.256428,16258	0.24906,16225	0.253987,16052
640000	0.0442616,98460	0.0273425,99113	0.0509713,98526	0.0966119,32791	0.254585,114449	0.250228,16421	0.922108,114839	0.256798,8127	0.2512,8332	0.256359,16395	0.248854,16359	0.254386,16188
645000	0.0442072,99192	0.0273336,99877	0.0507778,99315	0.0965008,33036	0.254714,115349	0.2508,16559	0.922213,115777	0.257052,8189	0.250565,8405	0.255887,16519	0.248998,16470	0.253923,16312
650000	0.0442741,99923	0.0274271,100667	0.0507191,100061	0.0968372,33293	0.25472,116265	0.250434,16687	0.9224,116688	0.258139,8263	0.250384,8467	0.255336,16633	0.249594,16615	0.254106,16438
655000	0.0442352,100689	0.0275466,101428	0.050681,100807	0.0968636,33573	0.254639,117170	0.250342,16809	0.922556,117595	0.257414,8329	0.250293,8534	0.254984,16754	0.249746,16733	0.253875,16579
660000	0.0442841,101436	0.0275621,102242	0.0508473,101559	0.0968829,33814	0.254564,118041	0.250295,16968	0.922643,118476	0.25699,8405	0.250784,8609	0.255391,16880	0.249807,16861	0.254174,16709
665000	0.0442257,102203	0.0275685,103016	0.0509172,102323	0.0971016,34088	0.254569,118950	0.250366,17099	0.92282,119358	0.256347,8469	0.250865,8674	0.255408,17012	0.249323,16990	0.254668,16818
670000	0.0441305,102922	0.0276137,103753	0.0507994,103072	0.0969545,34346	0.254657,119871	0.250261,17226	0.923014,120295	0.256822,8539	0.2504,8746	0.25538,17147	0.249723,17139	0.254485,16944
675000	0.044109,103675	0.0275997,104530	0.0507574,103847	0.0969644,34590	0.254781,120794	0.250878,17371	0.922929,121174	0.256691,8594	0.250426,8801	0.254961,17285	0.249884,17244	0.253934,17095
680000	0.0440965,104430	0.0276828,105264	0.0507681,104613	0.0971629,34859	0.254581,121702	0.250443,17509	0.922989,122073	0.256171,8670	0.25031,8857	0.255499,17413	0.249467,17361	0.25358,17249
685000	0.04401,105226	0.0276536,106062	0.0507407,105379	0.0970132,35088	0.254612,122610	0.250454,17620	0.923185,122970	0.255896,8734	0.250448,8920	0.255275,17534	0.2496,17500	0.2535,17357
690000	0.0439564,105946	0.0275932,106874	0.0507809,106162	0.0972124,35335	0.254678,123497	0.250549,17753	0.923187,123859	0.255817,8811	0.25039,8974	0.255277,17671	0.249291,17634	0.253775,17484
695000	0.0438852,106733	0.0276539,107652	0.0506664,106915	0.0970754,35560	0.254472,124446	0.250321,17885	0.923377,124741	0.256107,8883	0.250304,9045	0.255271,17785	0.249239,17750	0.253962,17605
700000	0.0439013,107491	0.0276714,108415	0.0507132,107684	0.0972292,35802	0.25456,125342	0.250734,18043	0.923469,125635	0.256376,8940	0.249973,9109	0.255079,17916	0.249468,17866	0.254041,17757
705000	0.0439229,108258	0.0276553,109129	0.0505391,108431	0.097071,36087	0.254548,126263	0.251444,18183	0.923392,126540	0.256558,8996	0.248939,9187	0.254862,18049	0.249639,17994	0.254208,17883
710000	0.0439006,109019	0.0276688,109907	0.0505507,109217	0.097314,36336	0.254447,127115	0.252117,18301	0.92359,127470	0.256348,9058	0.248647,9238	0.255275,18200	0.249518,18135	0.254166,18004
715000	0.0438562,109745	0.0276703,110660	0.0506669,109993	0.0974624,36609	0.254434,128033	0.252321,18421	0.923783,128409	0.25652,9126	0.248009,9294	0.255525,18327	0.249932,18261	0.254497,18122
720000	0.0437292,110521	0.0276289,111369	0.0506089,110771	0.0974095,36865	0.254255,128922	0.252468,18541	0.923906,129340	0.256282,9193	0.247732,9369	0.255296,18457	0.249728,18404	0.254274,18248
725000	0.0436553,111281	0.0276254,112143	0.05061,111559	0.097421,37107	0.254397,129813	0.252504,18669	0.924109,130240	0.256347,9257	0.247961,9441	0.255681,18570	0.249946,18548	0.254409,18372
730000	0.0436982,112064	0.0275932,112890	0.0505694,112321	0.0975564,37363	0.254421,130748	0.252529,18782	0.924149,131125	0.256141,9323	0.24787,9509	0.255615,18700	0.249906,18675	0.254108,18500
735000	0.0436617,112845	0.0275725,113664	0.0505324,113076	0.0975571,37619	0.254598,131690	0.25205,18901	0.924121,132026	0.255541,9384	0.247492,9568	0.255381,18815	0.250013,18795	0.253908,18617
740000	0.0436164,113627	0.0275499,114447	0.0505799,113820	0.0976028,37878	0.254637,132561	0.252154,19032	0.924068,132935	0.256193,9446	0.247406,9636	0.256019,18940	0.250079,18910	0.253676,18768
745000	0.0435433,114369	0.0275429,115202	0.050623,114612	0.0974069,38139	0.254533,133464	0.251879,19164	0.924056,133848	0.255704,9511	0.247321,9704	0.255965,19069	0.250683,19024	0.253837,18894
750000	0.043499,115083	0.0274386,115968	0.0505284,115341	0.0973647,38402	0.254548,134395	0.252086,19291	0.924315,134782	0.255166,9582	0.247746,9760	0.25548,19207	0.250849,19151	0.254018,19038
755000	0.0434276,115825	0.0273501,116709	0.0505736,116187	0.0974063,38632	0.254478,135320	0.251829,19410	0.924408,135675	0.254951,9645	0.24756,9836	0.255472,19325	0.250285,19266	0.253991,19170
760000	0.0435301,116609	0.0273763,117474	0.0506626,116970	0.0974532,38911	0.25442,136212	0.251741,19532	0.924582,136546	0.25492,9705	0.24765,9893	0.255441,19437	0.249523,19405	0.254066,19306
765000	0.0437131,117402	0.0274923,118215	0.0509304,117749	0.09785,39162	0.254366,137078	0.251933,19660	0.924749,137447	0.254345,9782	0.247463,9953	0.255945,19555	0.249719,19542	0.25469,19455
770000	0.0436464,118154	0.0275529,118971	0.0509067,118511	0.0977991,39438	0.254367,138009	0.251947,19770	0.924858,138339	0.253704,9854	0.248377,10013	0.255613,19686	0.249492,19672	0.254762,19583
775000	0.0436862,118962	0.0275089,119743	0.0508767,119308	0.0977262,39713	0.254413,138861	0.251369,19907	0.924918,139207	0.253931,9920	0.248412,10076	0.2551,19804	0.249482,19785	0.254844,19714
780000	0.0436791,119737	0.0275614,120531	0.0508774,120073	0.0977135,39974	0.254424,139692	0.250936,20029	0.925068,140153	0.253579,9989	0.248298,10133	0.255286,19911	0.24941,19923	0.254898,19855
785000	0.0436803,120512	0.0275753,121304	0.0508672,120785	0.0978847,40231	0.254447,140615	0.250892,20172	0.925254,141051	0.253581,10052	0.248234,10192	0.255025,20049	0.249002,20032	0.254986,20005
790000	0.0437604,121274	0.0276492,122101	0.0509745,121551	0.0979748,40490	0.254373,141489	0.25069,20296	0.925321,141955	0.253854,10120	0.247977,10259	0.25497,20171	0.24943,20174	0.25492,20120
795000	0.0437803,122064	0.0277373,122831	0.0511352,122362	0.0979978,40756	0.254406,142410	0.250821,20409	0.925206,142833	0.253731,10184	0.247796,10323	0.255018,20277	0.249286,20302	0.254679,20249
800000	0.0437339,122811	0.0276832,123649	0.0510415,123096	0.0978576,41029	0.25432,143331	0.250827,20548	0.925239,143711	0.25383,10247	0.248144,10373	0.254888,20409	0.249657,20420	0.254662,20376
805000	0.0437932,123558	0.0277809,124402	0.0512334,123884	0.0977558,41307	0.254337,144226	0.25115,20657	0.925208,144601	0.253833,10306	0.248229,10446	0.254931,20535	0.249526,20563	0.253766,20515
810000	0.043828,124327	0.0277558,125127	0.0511282,124628	0.0977158,41590	0.254441,145122	0.251046,20801	0.925392,145521	0.253571,10360	0.247955,10514	0.254973,20661	0.249589,20698	0.253595,20651
815000	0.043837,125077	0.0277202,125901	0.051009,125370	0.0976332,41871	0.254442,145990	0.250991,20941	0.925358,146473	0.253959,10419	0.248061,10574	0.254545,20794	0.249448,20822	0.253997,20768
820000	0.04382,125833	0.027684,126716	0.0509787,126131	0.097598,42132	0.254617,146915	0.251579,21059	0.925213,147325	0.254297,10472	0.24838,10649	0.25446,20907	0.249117,20954	0.254078,20907
825000	0.0438516,126586	0.0277377,127480	0.0511029,126940	0.0975195,42371	0.254482,147857	0.250968,21174	0.925102,148201	0.253653,10538	0.248298,10721	0.254044,21020	0.249336,21088	0.254138,21024
830000	0.043828,127407	0.027705,128280	0.0510907,127714	0.0974506,42637	0.254464,148744	0.251091,21315	0.924931,149023	0.253044,10595	0.248054,10792	0.253877,21148	0.24947,21221	0.254213,21124
835000	0.0438055,128203	0.0277414,128977	0.0511643,128527	0.0974262,42894	0.254387,149603	0.251598,21431	0.924994,149962	0.253401,10659	0.248456,10851	0.253756,21300	0.249438,21340	0.254552,21253
840000	0.0438296,128954	0.0277726,129768	0.0512027,129290	0.0973773,43162	0.254318,150528	0.251322,21558	0.925085,150851	0.253265,10720	0.248807,10896	0.253965,21440	0.249405,21443	0.254418,21390
845000	0.043807,129728	0.0277112,130525	0.0512046,130047	0.097338,43426	0.254201,151451	0.251707,21680	0.925189,151742	0.253247,10780	0.2487,10965	0.253967,21554	0.249236,21590	0.253998,21512
850000	0.043898,130507	0.0277253,131288	0.0512094,130855	0.0974537,43672	0.254266,152309	0.251903,21810	0.925254,152650	0.25339,10841	0.248343,11013	0.254336,21680	0.24908,21728	0.254262,21647
855000	0.0440422,131306	0.0277081,132019	0.051261,131640	0.097441,43924	0.254324,153214	0.252076,21922	0.92524,153571	0.253645,10905	0.248555,11072	0.254389,21817	0.249234,21859	0.254011,21751
860000	0.0440886,132007	0.0276778,132778	0.0512482,132434	0.0975196,44186	0.254311,154126	0.25229,22054	0.925252,154492	0.253416,10978	0.248787,11126	0.254727,21949	0.249556,21983	0.253621,21887
865000	0.0441251,132759	0.0277048,133515	0.0512339,133193	0.0976367,44471	0.254355,155039	0.252358,22163	0.925362,155444	0.253487,11042	0.249844,11191	0.25462,22076	0.249706,22102	0.254124,22005
870000	0.0441226,133469	0.0276831,134306	0.0512411,133955	0.0978477,44743	0.254373,155940	0.25239,22283	0.925352,156361	0.253582,11097	0.250111,11255	0.254223,22201	0.249348,22246	0.254426,22144
875000	0.0441447,134195	0.0277658,135058	0.0512813,134786	0.0977121,45020	0.25431,156840	0.252133,22385	0.925505,157273	0.253674,11160	0.250066,11305	0.254413,22318	0.249363,22373	0.254184,22287
880000	0.0441901,134985	0.0277508,135852	0.0513948,135539	0.0978525,45262	0.254233,157741	0.251876,22527	0.925591,158140	0.253783,11234	0.249758,11371	0.254622,22449	0.2492,22492	0.254463,22408
885000	0.0441127,135766	0.0277329,136661	0.0513671,136274	0.0977272,45494	0.254241,158637	0.251755,22653	0.925586,159043	0.254291,11302	0.2493,11436	0.254306,22587	0.248906,22619	0.254395,22528
890000	0.044061,136538	0.0276856,137472	0.0513696,137007	0.0977959,45779	0.254257,159508	0.251624,22788	0.925694,159892	0.254066,11375	0.249065,11503	0.254456,22723	0.249286,22753	0.254479,22662
895000	0.0440958,137292	0.0276558,138235	0.0514118,137770	0.0978237,46042	0.254143,160410	0.251777,22929	0.925863,160797	0.254064,11442	0.249373,11565	0.254199,22864	0.248786,22859	0.25453,22795
900000	0.0440628,138053	0.0276383,138974	0.0513529,138551	0.0977585,46308	0.2542,161326	0.251606,23044	0.92595,161714	0.253978,11501	0.249635,11629	0.254074,23009	0.248553,22985	0.254606,22906
905000	0.0440138,138820	0.0276208,139750	0.0512824,139307	0.097672,46564	0.254324,162234	0.252093,23178	0.926041,162591	0.25406,11576	0.249465,11693	0.253532,23145	0.248616,23116	0.254451,23026
910000	0.0439712,139614	0.0275742,140530	0.0512839,140083	0.0975084,46837	0.254311,163127	0.252361,23292	0.926031,163460	0.253826,11630	0.249554,11761	0.253449,23267	0.249043,23241	0.254512,23158
915000	0.0439744,140400	0.0275468,141323	0.0513135,140840	0.0974812,47086	0.254324,164019	0.252646,23436	0.926071,164360	0.254037,11703	0.249492,11808	0.25343,23395	0.248941,23363	0.254395,23267
920000	0.0440044,141145	0.0275579,142101	0.0514222,141612	0.0974539,47366	0.25447,164939	0.252259,23571	0.926157,165216	0.253763,11759	0.249031,11870	0.2537,23516	0.248638,23500	0.254048,23405
925000	0.0440051,141938	0.0275104,142855	0.0513908,142399	0.0973331,47620	0.254414,165840	0.252521,23705	0.926238,166102	0.253362,11825	0.249414,11936	0.25333,23649	0.248898,23604	0.254261,23527
930000	0.0440152,142678	0.0275246,143617	0.0513745,143184	0.0973766,47876	0.254543,166746	0.252539,23826	0.926312,167041	0.253578,11878	0.250417,12000	0.253282,23764	0.249252,23743	0.254282,23647
935000	0.0439768,143462	0.0275522,144344	0.051421,143949	0.0973512,48135	0.254552,167659	0.252535,23969	0.926339,167931	0.253833,11937	0.250519,12047	0.253203,23886	0.249131,23891	0.254435,23790
940000	0.0440593,144260	0.0275155,145118	0.0514956,144692	0.0975645,48409	0.254642,168566	0.252573,24092	0.926389,168806	0.254109,11987	0.25064,12105	0.253496,24028	0.249355,24018	0.254526,23919
945000	0.0440751,145048	0.0275177,145870	0.0514783,145401	0.0975815,48667	0.254479,169464	0.251951,24223	0.926418,169756	0.25425,12059	0.250575,12172	0.253168,24146	0.249027,24142	0.254698,24052
950000	0.0441148,145824	0.0274997,146656	0.0515137,146136	0.0975784,48935	0.254457,170359	0.252012,24348	0.926517,170680	0.253922,12110	0.25049,12236	0.253121,24273	0.24897,24268	0.254478,24175
955000	0.0441373,146588	0.027537,147438	0.0514583,146954	0.0977077,49208	0.254355,171233	0.252247,24472	0.926607,171555	0.253942,12176	0.250814,12292	0.253126,24395	0.249098,24380	0.254309,24309
960000	0.0440911,147354	0.0275011,148176	0.0514148,147759	0.0976788,49458	0.25428,172121	0.252388,24605	0.926723,172468	0.253552,12246	0.250466,12349	0.252936,24520	0.249296,24509	0.254307,24435
965000	0.0440332,148161	0.0274615,148936	0.0514205,148540	0.0977008,49713	0.254299,173009	0.252365,24738	0.926919,173342	0.25418,12322	0.251188,12421	0.252902,24634	0.249645,24647	0.254514,24537
970000	0.0439366,148942	0.0274425,149695	0.0514179,149306	0.0974692,49985	0.254277,173905	0.252623,24879	0.927038,174241	0.254363,12376	0.251661,12489	0.252857,24761	0.249455,24778	0.254839,24643
975000	0.0439063,149728	0.0273838,150454	0.0512853,150121	0.0973104,50231	0.254331,174800	0.25257,24999	0.927151,175115	0.254158,12445	0.251692,12559	0.252832,24890	0.249377,24894	0.254402,24764
980000	0.0438315,150531	0.0273656,151212	0.0512304,150848	0.0973287,50499	0.254272,175682	0.252469,25116	0.927196,176048	0.254258,12507	0.251228,12622	0.252777,25030	0.248981,25014	0.25451,24891
985000	0.0439046,151237	0.027345,151984	0.0512398,151601	0.0973842,50768	0.254401,176603	0.252218,25248	0.927289,176975	0.253798,12573	0.251871,12697	0.252841,25170	0.248876,25137	0.254569,25007
990000	0.0438894,151973	0.0273061,152713	0.0511685,152379	0.0973028,51016	0.254331,177501	0.252659,25386	0.92734,177924	0.253381,12645	0.251978,12767	0.252759,25277	0.248882,25273	0.254514,25146
995000	0.0439124,152713	0.0272727,153487	0.0511608,153125	0.0973945,51276	0.254407,178391	0.252645,25518	0.927304,178867	0.253207,12705	0.251967,12839	0.253228,25400	0.248652,25405	0.254609,25274
1000000	0.0438539,153464	0.0272192,154266	0.0511539,153908	0.097329,51516	0.254295,179331	0.252634,25626	0.927351,179726	0.252796,12785	0.25246,12909	0.253134,25524	0.24858,25533	0.254486,25412
