GEN	stNNI( topo{0};brlens{0} )$run0	eSPR( topo{0};brlens{0};stopProb=0.5 )$run0	parsSpr( topo{0};brlens{0};radius=10,warp=0.1 )$run0	likeSPR( topo{0};brlens{0};radius=8,warp=1 )$run0	blMult( brlens{0} )$run0	TL-Mult( brlens{0} )$run0	blDistGamma( brlens{0} )$run0	freqSlider( statefreq{0};brlens{0} )$run0	freqDirich( statefreq{0};brlens{0} )$run0	revMatSlider( revmat{0};brlens{0} )$run0	revMatDirich( revmat{0};brlens{0} )$run0	rateHetMulti( ratehet{0} )$run0
5000	0.103064,718	0.0664994,797	0.128991,783	0.229885,261	0.289385,895	0.0606061,132	0.873501,917	0.194444,72	0.142857,49	0.29771,131	0.152672,131	0.350877,114
10000	0.0896646,1461	0.058634,1552	0.110546,1574	0.197343,527	0.274238,1805	0.157895,266	0.910383,1830	0.243902,123	0.0818182,110	0.194093,237	0.129032,279	0.20339,236
15000	0.0921169,2258	0.0551047,2341	0.109091,2310	0.181701,776	0.282032,2677	0.172749,411	0.924209,2718	0.274611,193	0.0769231,169	0.203753,373	0.171569,408	0.161202,366
20000	0.0856096,3002	0.0585556,3074	0.106238,3078	0.185005,1027	0.268886,3574	0.198915,553	0.932403,3654	0.239216,255	0.0916667,240	0.251953,512	0.186667,525	0.177866,506
25000	0.087845,3768	0.0650995,3871	0.110128,3841	0.187797,1262	0.264411,4493	0.197143,700	0.939414,4539	0.210031,319	0.114695,279	0.261682,642	0.192661,654	0.200949,632
30000	0.0878707,4518	0.0694294,4609	0.110823,4629	0.188642,1532	0.265215,5373	0.209386,831	0.940875,5463	0.219512,369	0.14,350	0.269476,783	0.201266,790	0.204515,753
35000	0.0874718,5316	0.0687361,5412	0.110076,5369	0.191902,1803	0.259509,6231	0.216981,954	0.941103,6367	0.250564,443	0.164649,413	0.272928,905	0.210699,916	0.205511,871
40000	0.0893092,6080	0.0688986,6183	0.110911,6104	0.188815,2092	0.260609,7164	0.227106,1092	0.942664,7238	0.28,500	0.169772,483	0.266152,1037	0.202885,1040	0.214792,987
45000	0.0898778,6876	0.0716238,6953	0.110594,6872	0.195837,2354	0.260228,8066	0.238055,1193	0.944056,8151	0.274194,558	0.175701,535	0.259829,1170	0.208297,1157	0.223318,1115
50000	0.0897118,7669	0.0699583,7676	0.109401,7669	0.195002,2641	0.261533,8974	0.241405,1338	0.945529,9014	0.272727,627	0.184746,590	0.25774,1292	0.217494,1269	0.215149,1241
55000	0.0882005,8458	0.069784,8426	0.107767,8472	0.195375,2897	0.260053,9848	0.234057,1474	0.947193,9904	0.274854,684	0.194529,658	0.254972,1408	0.214388,1390	0.213613,1381
60000	0.087974,9230	0.0702903,9162	0.110078,9248	0.199051,3160	0.260157,10732	0.240903,1594	0.948129,10796	0.291942,757	0.208791,728	0.251115,1569	0.223702,1502	0.211564,1522
65000	0.0873563,10005	0.0696836,9988	0.110558,10040	0.201285,3423	0.260162,11612	0.244718,1704	0.948793,11639	0.290131,841	0.220532,789	0.253864,1682	0.22555,1636	0.216332,1641
70000	0.0856507,10788	0.0681524,10814	0.108298,10822	0.198749,3678	0.260024,12545	0.247934,1815	0.948648,12463	0.286839,889	0.222743,853	0.250553,1808	0.225496,1765	0.218182,1760
75000	0.0864701,11530	0.0682385,11621	0.106878,11602	0.196742,3929	0.259823,13413	0.248982,1964	0.948906,13348	0.291622,943	0.215066,916	0.255275,1943	0.231014,1883	0.221174,1908
80000	0.0863039,12259	0.0684865,12382	0.107587,12390	0.194982,4185	0.260645,14349	0.246991,2077	0.949678,14268	0.292659,1008	0.218686,974	0.25363,2066	0.235854,1997	0.222494,2045
85000	0.0863221,13021	0.0688345,13162	0.106673,13143	0.19357,4448	0.26114,15260	0.246245,2197	0.949858,15157	0.286785,1067	0.222222,1035	0.257652,2189	0.241026,2145	0.221507,2176
90000	0.0863534,13769	0.0684339,13882	0.107235,13904	0.192763,4726	0.262206,16140	0.249569,2320	0.950391,16106	0.281528,1126	0.22657,1099	0.254514,2326	0.238988,2293	0.225206,2309
95000	0.0863206,14562	0.067873,14645	0.10725,14704	0.19143,4994	0.261591,16996	0.255642,2437	0.949836,17024	0.279633,1198	0.232841,1151	0.253383,2439	0.243064,2415	0.224641,2435
100000	0.0863707,15364	0.0676385,15435	0.107191,15505	0.191193,5246	0.261549,17859	0.255294,2550	0.949168,17902	0.277032,1267	0.237232,1214	0.25633,2567	0.239036,2531	0.226562,2560
105000	0.0870776,16158	0.0682604,16188	0.107053,16235	0.191439,5490	0.261502,18780	0.252899,2673	0.946893,18811	0.277063,1321	0.233746,1292	0.257238,2694	0.23536,2681	0.230482,2677
110000	0.0878997,16917	0.0682006,16950	0.108409,16982	0.190601,5745	0.262575,19682	0.253912,2812	0.947,19717	0.277299,1392	0.234043,1363	0.257457,2816	0.238944,2804	0.232624,2820
115000	0.0886914,17668	0.0681074,17722	0.109005,17724	0.189068,6019	0.262388,20565	0.254855,2935	0.94746,20613	0.272416,1461	0.232704,1431	0.256139,2932	0.236358,2987	0.233775,2943
120000	0.0891347,18444	0.0689376,18495	0.109399,18492	0.189064,6273	0.261859,21481	0.260117,3064	0.946665,21468	0.266536,1527	0.230563,1492	0.256585,3075	0.236089,3109	0.233766,3080
125000	0.0887445,19235	0.0690873,19251	0.108817,19280	0.18933,6523	0.26107,22335	0.264228,3198	0.945277,22367	0.26276,1587	0.229834,1562	0.255233,3201	0.240678,3245	0.235075,3216
130000	0.0886291,20016	0.0691253,20065	0.10863,19976	0.19011,6754	0.260548,23228	0.263015,3323	0.945246,23286	0.265625,1664	0.234538,1633	0.254202,3332	0.242289,3372	0.236347,3351
135000	0.0885118,20743	0.0696782,20853	0.108768,20723	0.189812,7028	0.259713,24142	0.261047,3440	0.945766,24173	0.263977,1735	0.237448,1693	0.253102,3465	0.241615,3518	0.234872,3487
140000	0.0891218,21465	0.0691214,21672	0.107689,21525	0.190417,7284	0.260093,25041	0.261066,3547	0.946343,25048	0.262486,1802	0.234491,1757	0.254176,3592	0.24254,3653	0.236027,3614
145000	0.0888059,22217	0.0685432,22453	0.107106,22277	0.191961,7538	0.259868,25967	0.261543,3682	0.947316,25928	0.263214,1873	0.234418,1813	0.255576,3721	0.245353,3766	0.234529,3765
150000	0.0895477,22971	0.0687591,23226	0.10733,23069	0.192396,7812	0.259207,26828	0.263584,3828	0.947471,26804	0.260196,1937	0.231423,1884	0.257343,3847	0.243921,3907	0.2354,3887
155000	0.0892466,23732	0.0684145,24030	0.10712,23833	0.191711,8059	0.258821,27718	0.263998,3947	0.947562,27728	0.261284,1994	0.227692,1950	0.257172,3974	0.244715,4021	0.235675,4014
160000	0.0898252,24492	0.0684555,24746	0.10752,24600	0.192801,8335	0.258325,28619	0.263042,4083	0.947677,28649	0.26068,2060	0.230999,2013	0.258528,4104	0.244113,4162	0.234228,4137
165000	0.0897563,25235	0.0692103,25502	0.107143,25396	0.192514,8576	0.258151,29506	0.259495,4239	0.948401,29574	0.263233,2116	0.228544,2074	0.257981,4229	0.243357,4290	0.231762,4263
170000	0.0905803,25988	0.0689353,26271	0.107966,26175	0.192647,8840	0.258322,30400	0.2592,4375	0.948423,30498	0.263182,2181	0.225596,2141	0.256605,4353	0.244146,4399	0.232016,4379
175000	0.0902202,26790	0.0687794,27043	0.108078,26962	0.193056,9101	0.257715,31302	0.258459,4492	0.947224,31340	0.262806,2245	0.222374,2199	0.259218,4475	0.245016,4514	0.232973,4537
180000	0.0897394,27591	0.0683853,27813	0.107232,27753	0.192542,9359	0.257613,32149	0.257707,4606	0.946227,32228	0.267185,2313	0.22286,2266	0.258591,4598	0.248167,4638	0.231754,4686
185000	0.0896248,28385	0.0682287,28595	0.107554,28516	0.192244,9644	0.257316,33045	0.258686,4720	0.946411,33085	0.269003,2368	0.224839,2335	0.257907,4711	0.248112,4768	0.23198,4828
190000	0.0892845,29154	0.0681687,29383	0.107789,29261	0.190856,9908	0.256475,33902	0.259695,4848	0.946711,34022	0.268283,2434	0.226185,2383	0.256983,4833	0.248214,4899	0.230444,4973
195000	0.089463,29923	0.0677201,30124	0.107828,30085	0.18964,10193	0.256235,34804	0.25608,4975	0.946461,34909	0.267231,2481	0.230045,2443	0.257322,4951	0.249305,5034	0.23139,5078
200000	0.0899342,30678	0.0678131,30879	0.108231,30860	0.189311,10422	0.255516,35712	0.257944,5098	0.946932,35803	0.265386,2551	0.229233,2504	0.254407,5106	0.248596,5165	0.233244,5222
205000	0.0901193,31425	0.0680087,31643	0.109116,31627	0.189275,10667	0.255177,36653	0.259401,5239	0.947399,36691	0.264101,2624	0.229476,2558	0.253405,5213	0.250047,5295	0.233178,5365
210000	0.0903244,32184	0.0676506,32387	0.1092,32436	0.188524,10927	0.255337,37523	0.259052,5358	0.947511,37589	0.263997,2697	0.231002,2645	0.255601,5356	0.250508,5417	0.232622,5481
215000	0.0904921,32920	0.0677777,33182	0.109624,33241	0.188959,11177	0.255558,38410	0.256149,5489	0.947015,38464	0.265269,2767	0.229429,2698	0.256653,5486	0.25018,5560	0.23564,5606
220000	0.0905146,33641	0.0677227,33962	0.109714,34043	0.18913,11426	0.255283,39325	0.255864,5628	0.947435,39342	0.266314,2835	0.231216,2755	0.255156,5624	0.251361,5693	0.234195,5726
225000	0.0905472,34413	0.0677341,34724	0.109089,34788	0.188847,11692	0.255043,40201	0.255083,5755	0.946908,40251	0.264848,2896	0.230824,2829	0.254994,5757	0.250601,5826	0.234151,5868
230000	0.0899937,35158	0.0678066,35498	0.108606,35532	0.188439,11919	0.255328,41147	0.256149,5895	0.946447,41137	0.263781,2957	0.231939,2893	0.254752,5892	0.250084,5974	0.234245,5998
235000	0.0896926,35945	0.0676428,36264	0.108325,36326	0.188692,12168	0.255038,42033	0.256939,6017	0.946492,42031	0.265104,3029	0.233458,2947	0.256108,6017	0.250657,6088	0.23586,6135
240000	0.0898922,36744	0.0676791,37072	0.108741,37088	0.188069,12421	0.255162,42910	0.256816,6125	0.946728,42912	0.264375,3113	0.231024,3017	0.256231,6139	0.252379,6201	0.236337,6258
245000	0.0901268,37536	0.0678361,37797	0.108888,37828	0.188215,12677	0.254921,43790	0.257074,6255	0.946892,43816	0.263622,3175	0.229227,3093	0.256296,6274	0.253195,6339	0.237383,6420
250000	0.0900308,38298	0.0678806,38553	0.109432,38581	0.189671,12954	0.254931,44663	0.257433,6390	0.947001,44718	0.263645,3243	0.22858,3163	0.256925,6426	0.25282,6471	0.236544,6540
255000	0.0899831,39074	0.0677858,39315	0.109336,39365	0.190786,13219	0.255047,45572	0.257235,6496	0.947254,45615	0.262776,3307	0.228359,3223	0.2557,6535	0.251513,6608	0.237446,6671
260000	0.0895111,39861	0.0676468,40061	0.109281,40190	0.191453,13455	0.254985,46442	0.25823,6622	0.947537,46490	0.263033,3376	0.228172,3287	0.256499,6655	0.252708,6739	0.239226,6822
265000	0.0895397,40630	0.0674432,40864	0.109394,40953	0.190664,13710	0.255198,47328	0.257439,6755	0.947628,47392	0.263189,3431	0.229117,3352	0.255542,6766	0.251824,6854	0.240201,6965
270000	0.0893729,41366	0.0676052,41624	0.10954,41729	0.190452,13993	0.255121,48181	0.257681,6900	0.947975,48323	0.261966,3489	0.232973,3421	0.255915,6889	0.251967,6989	0.241122,7096
275000	0.0892361,42113	0.0674876,42393	0.109636,42477	0.19116,14276	0.255132,49104	0.257619,7022	0.948086,49216	0.261569,3544	0.234638,3499	0.256403,7028	0.252247,7120	0.242092,7208
280000	0.0893719,42877	0.0676725,43149	0.109668,43258	0.191113,14515	0.254884,50011	0.258606,7146	0.947932,50108	0.26259,3614	0.23643,3574	0.25537,7170	0.251344,7253	0.241638,7325
285000	0.0891945,43635	0.067535,43918	0.109434,44063	0.191167,14762	0.254911,50904	0.25902,7289	0.948065,51006	0.262228,3680	0.237977,3639	0.255725,7293	0.250677,7388	0.242085,7423
290000	0.0895025,44401	0.0676655,44720	0.109831,44860	0.191774,15002	0.255391,51842	0.258803,7384	0.94786,51880	0.260043,3734	0.23749,3697	0.256234,7419	0.250699,7507	0.241329,7554
295000	0.0898675,45122	0.067696,45468	0.109694,45618	0.191633,15274	0.255089,52762	0.259018,7513	0.947904,52826	0.261842,3800	0.237333,3750	0.255333,7547	0.252066,7625	0.241066,7695
300000	0.0899586,45910	0.0673037,46253	0.109588,46383	0.191284,15511	0.255063,53677	0.258643,7636	0.947872,53714	0.261554,3873	0.237559,3818	0.254636,7658	0.251127,7765	0.24122,7802
305000	0.0898315,46654	0.0674064,47043	0.110035,47185	0.19108,15763	0.254966,54576	0.259307,7763	0.947906,54594	0.261644,3929	0.239091,3873	0.253879,7799	0.251488,7897	0.241671,7924
310000	0.0901904,47433	0.0676629,47781	0.110312,48000	0.191314,16026	0.255074,55478	0.257864,7884	0.948041,55486	0.261438,3978	0.241037,3933	0.253688,7931	0.250997,8024	0.242108,8046
315000	0.0902229,48225	0.0676049,48532	0.110348,48755	0.190932,16299	0.254893,56357	0.257054,8010	0.948366,56397	0.259378,4052	0.23963,4002	0.253692,8057	0.250981,8152	0.241362,8162
320000	0.0902378,49026	0.067646,49286	0.110577,49522	0.190958,16522	0.254353,57263	0.257224,8133	0.948433,57304	0.258386,4114	0.239194,4072	0.253265,8193	0.250816,8273	0.241317,8292
325000	0.0900798,49767	0.067607,50054	0.110762,50306	0.19182,16797	0.25418,58195	0.25697,8250	0.948454,58181	0.258798,4177	0.239661,4135	0.253248,8312	0.251904,8404	0.240798,8422
330000	0.0899577,50546	0.0675455,50825	0.110698,51085	0.191434,17045	0.254224,59074	0.257037,8384	0.948619,59068	0.258125,4246	0.24124,4195	0.253291,8433	0.252548,8537	0.241883,8562
335000	0.0899555,51292	0.0674675,51610	0.110657,51872	0.191556,17290	0.254069,59960	0.257133,8517	0.948863,59996	0.259483,4297	0.240941,4250	0.253773,8547	0.251729,8676	0.241804,8693
340000	0.0898086,52044	0.067242,52378	0.110477,52608	0.191212,17546	0.254217,60889	0.256746,8635	0.948897,60916	0.259991,4354	0.24293,4314	0.253575,8672	0.251589,8808	0.242078,8836
345000	0.0899483,52797	0.067102,53143	0.11051,53398	0.191279,17796	0.254393,61798	0.257374,8781	0.948982,61802	0.260605,4432	0.242009,4380	0.253555,8791	0.251904,8928	0.24168,8954
350000	0.0898872,53556	0.0668286,53929	0.11034,54169	0.191034,18023	0.254508,62717	0.256054,8920	0.949284,62683	0.26056,4498	0.241605,4437	0.254258,8924	0.251131,9063	0.242044,9081
355000	0.0895654,54329	0.0665277,54699	0.110062,54951	0.190612,18278	0.254374,63611	0.255542,9067	0.949445,63554	0.260307,4560	0.240765,4494	0.254161,9073	0.250598,9194	0.242546,9190
360000	0.0896977,55085	0.0666907,55480	0.110032,55720	0.190525,18533	0.254296,64480	0.256076,9216	0.949383,64464	0.260559,4617	0.240351,4560	0.253754,9190	0.251421,9323	0.241856,9332
365000	0.089661,55866	0.0667283,56273	0.109768,56428	0.190841,18780	0.254162,65360	0.255988,9352	0.94959,65384	0.261223,4678	0.242019,4636	0.253656,9300	0.252112,9468	0.242322,9475
370000	0.0900159,56590	0.0670021,57043	0.109973,57205	0.191237,19034	0.254004,66239	0.255738,9498	0.94966,66309	0.260063,4745	0.241313,4691	0.253391,9436	0.253225,9612	0.242551,9598
375000	0.0898116,57320	0.0669595,57826	0.109958,57986	0.191164,19308	0.254007,67136	0.25601,9609	0.949749,67243	0.259775,4808	0.24215,4745	0.252853,9551	0.252262,9724	0.2422,9744
380000	0.0901412,58131	0.0670684,58582	0.110128,58777	0.191152,19529	0.253696,68050	0.255948,9709	0.949793,68178	0.259358,4862	0.24214,4803	0.252997,9676	0.252287,9838	0.241561,9865
385000	0.0905572,58902	0.0673436,59382	0.110226,59487	0.191434,19777	0.253702,68947	0.256225,9839	0.949838,69096	0.26132,4925	0.243288,4879	0.252474,9803	0.252781,9977	0.241939,9986
390000	0.0906225,59643	0.0674111,60183	0.110201,60290	0.191772,20029	0.253823,69840	0.256271,9966	0.949944,69981	0.261297,4979	0.244134,4944	0.251966,9918	0.252968,10108	0.241822,10119
395000	0.0907526,60406	0.0674935,60954	0.11037,61049	0.191815,20280	0.25353,70741	0.256642,10088	0.950112,70939	0.261438,5049	0.2438,5000	0.252365,10041	0.253567,10234	0.243174,10219
400000	0.0906386,61166	0.0674559,61744	0.110247,61825	0.191577,20540	0.253445,71629	0.25629,10215	0.950334,71840	0.261415,5103	0.243883,5068	0.252532,10169	0.254365,10367	0.243855,10334
405000	0.0908768,61930	0.0673577,62517	0.110315,62630	0.191936,20783	0.253678,72525	0.256596,10347	0.950197,72707	0.261282,5163	0.243827,5143	0.252016,10293	0.254279,10516	0.243251,10446
410000	0.0908902,62691	0.0672755,63292	0.110193,63389	0.191619,21000	0.253662,73452	0.256374,10473	0.950338,73618	0.261203,5222	0.24356,5202	0.251438,10432	0.254199,10657	0.243095,10572
415000	0.0907357,63426	0.067112,64072	0.11026,64112	0.191182,21252	0.253525,74391	0.255401,10599	0.95062,74524	0.261306,5285	0.243402,5267	0.250189,10564	0.254353,10796	0.243745,10712
420000	0.0908043,64215	0.0670214,64830	0.110183,64865	0.191426,21507	0.25385,75320	0.255166,10695	0.950758,75443	0.261383,5337	0.243669,5331	0.250701,10706	0.254259,10918	0.243607,10833
425000	0.0909511,64980	0.0668963,65609	0.110396,65682	0.191203,21757	0.253933,76221	0.255831,10804	0.950772,76319	0.26224,5392	0.244655,5379	0.250923,10840	0.254256,11044	0.243142,10973
430000	0.0908178,65758	0.0669086,66419	0.110333,66417	0.191745,21998	0.253739,77095	0.254965,10927	0.950721,77214	0.262589,5461	0.244131,5452	0.25057,10967	0.253308,11184	0.243518,11108
435000	0.0907341,66480	0.066887,67158	0.110499,67195	0.191789,22264	0.253825,77971	0.255202,11054	0.950926,78168	0.262103,5536	0.243964,5509	0.249932,11107	0.252937,11323	0.243614,11235
440000	0.090636,67236	0.0667609,67914	0.110421,67958	0.191403,22544	0.254138,78839	0.255435,11177	0.951134,79094	0.261412,5608	0.24364,5582	0.250445,11236	0.252336,11453	0.243419,11359
445000	0.0905696,68025	0.0666531,68684	0.110623,68693	0.191404,22800	0.254421,79738	0.255199,11301	0.951194,80051	0.260694,5681	0.242639,5638	0.249626,11349	0.251512,11574	0.243154,11466
450000	0.0905723,68829	0.0667348,69424	0.11099,69457	0.191742,23057	0.254475,80664	0.25558,11425	0.951294,80934	0.260839,5743	0.243599,5702	0.249847,11471	0.252137,11700	0.243661,11594
455000	0.0905146,69591	0.0668083,70156	0.111407,70220	0.192227,23311	0.25433,81587	0.255433,11549	0.951197,81819	0.260345,5800	0.244502,5775	0.24972,11609	0.252175,11841	0.244166,11742
460000	0.0907592,70340	0.0669119,70959	0.111409,70973	0.192535,23549	0.254104,82474	0.255479,11680	0.951275,82750	0.259714,5868	0.244867,5844	0.250596,11740	0.252489,11953	0.244398,11870
465000	0.0906585,71113	0.0669029,71671	0.11139,71748	0.192343,23796	0.254088,83408	0.255757,11812	0.951338,83658	0.259559,5937	0.244508,5918	0.251053,11866	0.252444,12070	0.244439,12003
470000	0.0908433,71860	0.0670026,72430	0.111398,72524	0.192984,24059	0.254104,84316	0.25544,11948	0.951403,84532	0.260123,6001	0.243605,5981	0.251687,12007	0.253033,12200	0.245676,12142
475000	0.0908202,72594	0.0668196,73242	0.111237,73294	0.192866,24307	0.254018,85183	0.255277,12081	0.951505,85452	0.260647,6058	0.243967,6050	0.252144,12128	0.2531,12339	0.246659,12272
480000	0.0905721,73367	0.066673,74018	0.11133,74041	0.192619,24551	0.254034,86083	0.255286,12202	0.951717,86365	0.259223,6126	0.243424,6121	0.252427,12257	0.253291,12460	0.245548,12409
485000	0.0905203,74116	0.0666328,74798	0.111154,74806	0.193013,24817	0.25371,86989	0.254786,12328	0.951866,87235	0.259373,6188	0.243261,6195	0.252342,12384	0.253251,12612	0.245053,12532
490000	0.0905194,74890	0.0665943,75562	0.111093,75630	0.192849,25061	0.254094,87869	0.255261,12450	0.951635,88143	0.258668,6259	0.242812,6260	0.251861,12495	0.252786,12742	0.244798,12639
495000	0.0904392,75642	0.0665837,76310	0.111114,76399	0.192726,25352	0.25413,88801	0.255307,12577	0.951059,88984	0.258487,6333	0.242754,6348	0.251545,12618	0.253828,12867	0.24489,12769
500000	0.0906831,76431	0.0665871,77042	0.111174,77203	0.192547,25599	0.253989,89685	0.255686,12707	0.951072,89866	0.258432,6404	0.242179,6425	0.251626,12761	0.253636,12995	0.24476,12882
505000	0.090756,77174	0.066359,77789	0.111041,78025	0.192126,25858	0.254064,90603	0.255676,12817	0.951016,90743	0.259116,6472	0.241846,6500	0.252037,12887	0.254036,13132	0.244692,13000
510000	0.090713,77905	0.0664868,78557	0.110939,78764	0.192112,26115	0.254132,91476	0.255525,12942	0.951028,91705	0.259966,6547	0.241904,6577	0.251789,12999	0.254654,13269	0.244598,13144
515000	0.0905963,78756	0.0666062,79347	0.110843,79518	0.19208,26364	0.254049,92301	0.255285,13056	0.950979,92613	0.259988,6608	0.242246,6642	0.252227,13135	0.254737,13406	0.244379,13254
520000	0.0906244,79515	0.0664953,80141	0.110739,80306	0.191697,26594	0.254016,93250	0.254847,13204	0.950875,93456	0.259859,6669	0.242917,6706	0.251847,13262	0.254657,13528	0.245269,13369
525000	0.0905402,80329	0.066482,80879	0.110706,81098	0.191488,26832	0.254005,94128	0.254479,13341	0.951022,94409	0.260196,6718	0.242984,6770	0.251179,13357	0.255531,13650	0.246052,13489
530000	0.0905482,81106	0.066483,81660	0.110769,81882	0.191577,27070	0.253956,95044	0.253634,13484	0.951116,95266	0.258834,6792	0.24293,6825	0.251281,13463	0.255881,13772	0.247213,13636
535000	0.0907281,81882	0.0664596,82411	0.110994,82689	0.192202,27341	0.253909,95936	0.254227,13602	0.951141,96175	0.259005,6857	0.242521,6886	0.251344,13579	0.255886,13889	0.246419,13753
540000	0.090621,82674	0.0665905,83165	0.111087,83457	0.192554,27587	0.253796,96806	0.254519,13720	0.951006,97113	0.259564,6927	0.242559,6955	0.250292,13708	0.255459,14014	0.245928,13874
545000	0.0904004,83462	0.0665182,83962	0.111178,84225	0.192272,27846	0.253587,97718	0.254679,13837	0.95092,97983	0.259418,6981	0.242442,7012	0.249765,13809	0.255331,14162	0.246447,14003
550000	0.0904223,84227	0.0665597,84751	0.11134,84974	0.192632,28069	0.253649,98656	0.254371,13956	0.951067,98869	0.259816,7055	0.242861,7074	0.249641,13924	0.255051,14303	0.246712,14142
555000	0.0904396,84996	0.0664874,85535	0.111289,85759	0.192452,28298	0.253739,99555	0.254031,14077	0.951024,99784	0.258989,7120	0.24208,7134	0.249787,14064	0.255285,14427	0.246088,14251
560000	0.0903906,85739	0.0664296,86347	0.111436,86498	0.192321,28546	0.253649,100497	0.253822,14195	0.950981,100654	0.258842,7182	0.241389,7200	0.250299,14207	0.255784,14567	0.245615,14368
565000	0.0902702,86507	0.0663765,87064	0.111292,87293	0.192228,28794	0.253716,101373	0.254428,14342	0.950958,101586	0.258078,7242	0.240891,7273	0.249808,14347	0.255463,14691	0.246273,14488
570000	0.0903029,87284	0.0663486,87824	0.111307,88018	0.192733,29092	0.253668,102248	0.254784,14475	0.950994,102519	0.258803,7299	0.242738,7333	0.249412,14466	0.255563,14830	0.245962,14612
575000	0.0902875,88041	0.0663386,88606	0.111563,88730	0.192871,29346	0.253575,103137	0.254418,14598	0.951002,103433	0.259843,7366	0.243455,7410	0.249607,14615	0.255478,14968	0.246237,14750
580000	0.0905262,88792	0.0662668,89366	0.111394,89511	0.192625,29586	0.25358,104042	0.254486,14712	0.951051,104353	0.260379,7443	0.243319,7484	0.249134,14723	0.255558,15112	0.246236,14876
585000	0.0905204,89571	0.0662244,90148	0.11154,90255	0.19283,29845	0.253695,104953	0.254276,14850	0.951204,105255	0.260493,7505	0.242946,7549	0.249309,14833	0.255467,15227	0.247052,15009
590000	0.0905146,90339	0.0663718,90882	0.111674,91033	0.193149,30096	0.25358,105876	0.254621,14987	0.951358,106163	0.260375,7566	0.243954,7608	0.249215,14959	0.255516,15365	0.246397,15126
595000	0.0903833,91123	0.0663347,91581	0.111564,91831	0.193263,30368	0.253566,106781	0.254877,15121	0.951445,107053	0.259502,7630	0.244786,7672	0.249203,15064	0.255477,15520	0.246788,15256
600000	0.0903154,91878	0.0663093,92355	0.111637,92613	0.193503,30630	0.253447,107695	0.255748,15265	0.951499,107916	0.258961,7700	0.244545,7745	0.249259,15189	0.255582,15631	0.246636,15383
605000	0.090496,92645	0.0663259,93116	0.111651,93353	0.193402,30889	0.25357,108609	0.256195,15375	0.951567,108831	0.259426,7771	0.243852,7808	0.249283,15344	0.255992,15770	0.246756,15489
610000	0.0906434,93410	0.0663813,93912	0.111674,94086	0.193317,31125	0.253403,109521	0.256246,15489	0.951616,109748	0.258687,7828	0.24394,7879	0.249531,15473	0.255456,15901	0.247121,15628
615000	0.0907527,94179	0.0664681,94677	0.111652,94866	0.193801,31393	0.253349,110397	0.256652,15597	0.951692,110665	0.257804,7913	0.244523,7942	0.250257,15592	0.255024,16022	0.246874,15757
620000	0.0908114,94944	0.0664969,95448	0.111773,95649	0.193859,31626	0.253432,111316	0.256536,15721	0.951706,111567	0.258307,7975	0.243884,8012	0.250827,15728	0.254788,16135	0.247497,15879
625000	0.0908417,95716	0.0666417,96171	0.112002,96418	0.194107,31869	0.253456,112201	0.256392,15878	0.951725,112459	0.258454,8044	0.243658,8081	0.250819,15872	0.254983,16256	0.248706,16035
630000	0.0907517,96483	0.0665119,96930	0.112146,97168	0.194019,32136	0.253356,113074	0.256362,15993	0.951873,113429	0.25867,8103	0.243735,8140	0.25089,16007	0.25455,16374	0.249273,16163
635000	0.0909465,97310	0.0666237,97668	0.112381,97935	0.1945,32401	0.253536,113956	0.255847,16119	0.951897,114339	0.258743,8178	0.24378,8200	0.251224,16133	0.254884,16482	0.248971,16279
640000	0.0908766,97990	0.0666281,98457	0.112283,98715	0.194132,32653	0.253563,114859	0.255488,16263	0.95197,115283	0.25837,8244	0.243829,8264	0.25086,16276	0.254384,16593	0.249162,16403
645000	0.0908585,98758	0.0666076,99253	0.112343,99472	0.193693,32918	0.25366,115765	0.255324,16387	0.951943,116195	0.258434,8300	0.243574,8326	0.250305,16396	0.2541,16706	0.249697,16524
650000	0.0910552,99533	0.0667653,100052	0.112429,100223	0.193731,33180	0.253746,116668	0.255617,16513	0.951963,117077	0.257119,8358	0.244376,8401	0.250061,16528	0.253893,16826	0.249324,16641
655000	0.0912227,100293	0.0668095,100824	0.112494,100974	0.19372,33440	0.25376,117560	0.25541,16636	0.951937,117992	0.257218,8417	0.244127,8471	0.249476,16683	0.253954,16944	0.249374,16766
660000	0.091214,101081	0.0669279,101587	0.112465,101783	0.193605,33713	0.253756,118417	0.255353,16765	0.951984,118877	0.257695,8479	0.244723,8528	0.250104,16789	0.25432,17073	0.248817,16908
665000	0.0912063,101846	0.0668776,102411	0.112358,102574	0.193406,33970	0.253614,119268	0.255165,16891	0.952101,119751	0.257705,8533	0.244444,8595	0.250177,16904	0.254602,17219	0.248386,17038
670000	0.0912502,102608	0.0669872,103169	0.112482,103332	0.193566,34226	0.2537,120193	0.255426,17003	0.952084,120690	0.257595,8591	0.244424,8653	0.250059,17024	0.254467,17350	0.248354,17161
675000	0.0912652,103391	0.0670945,103943	0.11253,104123	0.194186,34503	0.253849,121080	0.255478,17113	0.952125,121567	0.25746,8646	0.244376,8712	0.250175,17160	0.254564,17473	0.248366,17289
680000	0.0912878,104176	0.0671772,104723	0.11262,104893	0.194521,34752	0.253751,121974	0.255659,17273	0.95196,122420	0.257143,8715	0.245682,8800	0.249913,17270	0.25462,17587	0.248895,17417
685000	0.0915042,104946	0.067231,105502	0.112628,105711	0.194736,34991	0.253736,122864	0.255663,17394	0.951755,123288	0.257426,8787	0.246251,8869	0.250057,17396	0.253992,17721	0.249216,17531
690000	0.0914061,105715	0.0673304,106267	0.112767,106494	0.194819,35243	0.253672,123762	0.25581,17513	0.951712,124152	0.256691,8855	0.246223,8935	0.250043,17537	0.253765,17863	0.249264,17664
695000	0.0915425,106497	0.0673258,107002	0.11288,107300	0.194899,35485	0.25366,124659	0.255864,17650	0.951581,125053	0.255918,8913	0.246383,8986	0.24942,17669	0.254247,18014	0.249156,17772
700000	0.0915505,107285	0.067359,107751	0.112818,108050	0.19511,35744	0.253572,125613	0.255645,17759	0.95119,125959	0.25599,8973	0.247237,9048	0.249227,17783	0.253804,18140	0.249846,17895
705000	0.0915695,108060	0.0673019,108511	0.11294,108819	0.194895,36004	0.253468,126513	0.255582,17869	0.950924,126845	0.255865,9036	0.247289,9131	0.249288,17915	0.253789,18279	0.249917,18018
710000	0.0916092,108810	0.0673968,109293	0.112955,109601	0.194879,36279	0.253378,127426	0.255475,17990	0.950766,127697	0.25541,9103	0.247228,9198	0.249515,18035	0.253504,18410	0.249091,18158
715000	0.0917023,109572	0.0674226,110067	0.113051,110393	0.194939,36514	0.253284,128342	0.255922,18111	0.950612,128593	0.25494,9159	0.248031,9269	0.249587,18146	0.253507,18536	0.249098,18298
720000	0.091644,110340	0.0674623,110862	0.113079,111108	0.195105,36775	0.253176,129258	0.256125,18245	0.950613,129487	0.255501,9225	0.248338,9326	0.249344,18288	0.25292,18662	0.248752,18424
725000	0.0914586,111165	0.0674658,111627	0.113272,111881	0.194944,37026	0.25314,130110	0.256257,18380	0.950565,130373	0.255521,9283	0.248962,9395	0.249471,18419	0.252809,18781	0.248653,18560
730000	0.0914709,111970	0.0674263,112419	0.113303,112592	0.194928,37265	0.253131,131039	0.256638,18493	0.950666,131308	0.255575,9328	0.24836,9454	0.249057,18554	0.252566,18898	0.248929,18680
735000	0.0913986,112737	0.0674489,113182	0.11334,113340	0.194882,37515	0.253095,131915	0.256213,18629	0.95069,132226	0.255394,9409	0.248396,9509	0.248957,18694	0.252482,19035	0.24887,18809
740000	0.0912647,113505	0.0673634,113964	0.113217,114082	0.195132,37800	0.253061,132790	0.255835,18766	0.950671,133126	0.255285,9460	0.247572,9577	0.24992,18834	0.252505,19164	0.249049,18932
745000	0.0911144,114263	0.0672855,114735	0.113095,114850	0.1951,38042	0.2531,133702	0.255804,18866	0.950802,134051	0.254982,9534	0.247356,9646	0.250079,18958	0.252683,19289	0.249318,19064
750000	0.0910901,115007	0.0672771,115552	0.113141,115617	0.194729,38284	0.253179,134616	0.256086,18978	0.95085,134913	0.255547,9599	0.247812,9713	0.250471,19092	0.253,19419	0.248933,19210
755000	0.0911203,115803	0.0672461,116319	0.112996,116402	0.194769,38538	0.253072,135499	0.255866,19092	0.950887,135830	0.256031,9659	0.24808,9767	0.25026,19200	0.252955,19545	0.24863,19346
760000	0.0911688,116575	0.0672754,117071	0.112798,117183	0.194682,38776	0.253244,136414	0.255571,19208	0.950937,136764	0.256115,9730	0.247938,9821	0.250557,19317	0.252631,19669	0.249178,19472
765000	0.0912011,117356	0.0673008,117844	0.112869,117915	0.194795,39036	0.253308,137315	0.255714,19338	0.950885,137696	0.255691,9797	0.248307,9891	0.249987,19437	0.252729,19788	0.249757,19587
770000	0.0913832,118107	0.0672816,118606	0.112856,118718	0.194606,39300	0.253251,138207	0.255814,19479	0.950601,138627	0.255835,9854	0.247937,9938	0.249949,19544	0.252599,19909	0.249353,19711
775000	0.0913649,118864	0.0673299,119412	0.112915,119470	0.194573,39543	0.253215,139135	0.255802,19605	0.95024,139530	0.2564,9922	0.248124,9995	0.250051,19672	0.252522,20026	0.248815,19826
780000	0.0912609,119635	0.0674295,120170	0.112853,120254	0.194759,39798	0.253244,140027	0.256172,19725	0.950328,140442	0.256462,9982	0.24796,10050	0.250227,19786	0.252481,20152	0.249412,19979
785000	0.091285,120436	0.0674089,120904	0.112975,121027	0.195361,40054	0.253262,140921	0.256093,19860	0.950287,141352	0.256776,10036	0.247376,10098	0.249987,19921	0.252293,20278	0.249689,20113
790000	0.091401,121224	0.0672869,121673	0.11296,121760	0.194977,40297	0.253328,141824	0.256308,19976	0.950252,142257	0.256256,10111	0.246779,10167	0.25005,20060	0.252463,20399	0.249457,20252
795000	0.0914532,121975	0.0672156,122427	0.113107,122583	0.195193,40565	0.253397,142764	0.256391,20106	0.950267,143084	0.255581,10169	0.246796,10223	0.249715,20199	0.252788,20535	0.249534,20370
800000	0.091572,122745	0.0671017,123201	0.113294,123369	0.195526,40813	0.253422,143650	0.256814,20217	0.950336,143968	0.255646,10229	0.247037,10294	0.249435,20338	0.252697,20669	0.249476,20507
805000	0.091487,123493	0.0671601,124017	0.113261,124138	0.195539,41066	0.253498,144565	0.256777,20325	0.950347,144886	0.256076,10286	0.247367,10349	0.250061,20467	0.252899,20783	0.249212,20625
810000	0.091495,124291	0.0670937,124751	0.113277,124862	0.195652,41354	0.253495,145494	0.256712,20447	0.950471,145793	0.256073,10333	0.247075,10426	0.250267,20590	0.253001,20909	0.249687,20750
815000	0.0914964,125065	0.067048,125537	0.113129,125626	0.195644,41601	0.253432,146402	0.25611,20581	0.950486,146644	0.256368,10403	0.246616,10490	0.249964,20723	0.252948,21032	0.250048,20896
820000	0.0915441,125830	0.0670595,126276	0.113136,126414	0.195612,41838	0.253455,147308	0.255804,20719	0.950474,147539	0.256089,10469	0.24652,10559	0.250048,20864	0.252576,21158	0.250166,21026
825000	0.0915045,126573	0.0670335,127026	0.113126,127195	0.195742,42086	0.253486,148237	0.255924,20846	0.950515,148450	0.256758,10543	0.246753,10626	0.249893,20989	0.252231,21290	0.24987,21139
830000	0.0916001,127358	0.0669938,127773	0.113156,127983	0.196057,42355	0.253487,149124	0.255569,20965	0.950488,149338	0.256766,10605	0.246586,10690	0.249491,21123	0.252427,21428	0.249835,21258
835000	0.0915447,128156	0.0669456,128567	0.113153,128755	0.195963,42610	0.253448,150011	0.255851,21106	0.950546,150200	0.255999,10668	0.246301,10747	0.249142,21261	0.252423,21563	0.24986,21356
840000	0.0916116,128892	0.0670135,129362	0.113213,129517	0.195863,42877	0.253562,150906	0.255629,21230	0.950633,151092	0.255634,10738	0.246258,10822	0.248995,21394	0.252572,21677	0.250081,21493
845000	0.0915547,129693	0.0670674,130108	0.11323,130336	0.195624,43103	0.253616,151836	0.255584,21355	0.95064,151966	0.255254,10801	0.245864,10880	0.249384,21497	0.252867,21798	0.249873,21627
850000	0.0916158,130436	0.067095,130904	0.113395,131117	0.196121,43361	0.253641,152688	0.255674,21500	0.950676,152845	0.254806,10871	0.245842,10942	0.249284,21634	0.252825,21944	0.249793,21758
855000	0.091626,131240	0.067056,131681	0.113444,131836	0.196207,43602	0.253577,153622	0.255904,21637	0.950667,153731	0.254609,10958	0.246684,11006	0.249368,21759	0.252663,22065	0.249508,21863
860000	0.0915917,131988	0.0671296,132490	0.113475,132602	0.196088,43863	0.253483,154543	0.255483,21751	0.950752,154625	0.254336,11013	0.247246,11074	0.24936,21884	0.253142,22201	0.249613,21966
865000	0.0915171,132773	0.067108,133218	0.113577,133398	0.196041,44149	0.253501,155443	0.25575,21869	0.950815,155536	0.254675,11069	0.246722,11134	0.249091,22004	0.25317,22317	0.249751,22090
870000	0.0914958,133558	0.0670838,133937	0.113564,134171	0.196054,44401	0.253499,156336	0.256191,22007	0.950834,156450	0.254361,11122	0.246606,11196	0.249255,22142	0.253118,22448	0.250225,22232
875000	0.0915588,134318	0.0670284,134704	0.113569,134931	0.195934,44668	0.253609,157234	0.256175,22145	0.950785,157310	0.254693,11186	0.246585,11274	0.249226,22281	0.253753,22581	0.250626,22368
880000	0.0915295,135104	0.0669806,135472	0.113492,135710	0.19581,44916	0.253617,158207	0.255997,22262	0.950805,158125	0.254933,11250	0.246473,11340	0.248885,22412	0.254061,22715	0.2505,22487
885000	0.0914377,135863	0.0669881,136248	0.113404,136477	0.195683,45175	0.253483,159139	0.25605,22398	0.950905,158979	0.254751,11313	0.246602,11403	0.248825,22546	0.253926,22861	0.250022,22598
890000	0.0915511,136645	0.0670306,137027	0.113427,137234	0.196036,45410	0.253384,160038	0.256148,22526	0.950992,159871	0.254312,11364	0.246731,11470	0.248709,22665	0.254184,23007	0.250231,22743
895000	0.0914886,137427	0.0669536,137767	0.113448,137984	0.195991,45645	0.253404,160972	0.255936,22658	0.951007,160777	0.254311,11423	0.246681,11525	0.248641,22804	0.254073,23143	0.250536,22875
900000	0.0913786,138238	0.0669064,138492	0.113314,138783	0.19581,45866	0.253392,161856	0.255846,22795	0.95106,161707	0.254419,11485	0.24689,11576	0.249106,22942	0.254105,23262	0.250674,22998
905000	0.0913597,139000	0.066818,139229	0.113346,139582	0.19585,46122	0.25345,162762	0.255984,22935	0.951058,162581	0.254567,11549	0.246606,11638	0.249068,23078	0.253771,23403	0.250984,23121
910000	0.0913058,139783	0.0667438,139983	0.113317,140332	0.195768,46366	0.253468,163650	0.25589,23049	0.951063,163496	0.254068,11615	0.245924,11715	0.248966,23208	0.254066,23549	0.250667,23254
915000	0.0913689,140573	0.0667188,140725	0.113284,141079	0.195564,46614	0.253404,164579	0.255859,23169	0.95093,164376	0.254104,11696	0.246346,11768	0.249079,23354	0.254224,23676	0.250823,23391
920000	0.0912833,141384	0.0666459,141479	0.113242,141847	0.195581,46886	0.253451,165460	0.25572,23295	0.950625,165286	0.254213,11750	0.246913,11822	0.249116,23471	0.254054,23806	0.250702,23514
925000	0.0912583,142135	0.0666264,142226	0.113161,142629	0.195556,47117	0.253326,166359	0.2556,23439	0.950617,166210	0.25453,11810	0.246717,11880	0.248856,23608	0.25421,23933	0.250782,23654
930000	0.091416,142940	0.066607,142973	0.113089,143374	0.195397,47360	0.253263,167257	0.255833,23574	0.950509,167162	0.254549,11872	0.246252,11939	0.249167,23719	0.254542,24055	0.250473,23775
935000	0.0914519,143693	0.0665971,143730	0.113004,144181	0.195524,47631	0.253284,168175	0.255933,23682	0.950556,168070	0.254463,11931	0.246333,12000	0.249738,23849	0.254293,24169	0.250869,23889
940000	0.0915448,144432	0.0666034,144452	0.113032,144986	0.195616,47900	0.253179,169054	0.255861,23802	0.950558,168987	0.25437,12014	0.246458,12071	0.249833,23980	0.254219,24294	0.250832,24028
945000	0.0915858,145219	0.0666309,145248	0.112982,145766	0.195453,48165	0.253184,169967	0.255747,23926	0.950561,169846	0.253997,12071	0.246702,12128	0.249824,24093	0.254758,24435	0.250456,24136
950000	0.0916284,145970	0.0666511,145984	0.112973,146548	0.195346,48391	0.253184,170923	0.256084,24039	0.950414,170774	0.253877,12124	0.246412,12195	0.249835,24236	0.254979,24555	0.250608,24261
955000	0.0916031,146709	0.0667371,146770	0.112958,147294	0.195291,48635	0.253151,171830	0.255953,24149	0.950481,171692	0.253817,12182	0.246905,12276	0.250256,24375	0.254913,24679	0.250891,24409
960000	0.091515,147484	0.0667019,147522	0.112967,148061	0.195112,48895	0.253159,172745	0.256334,24273	0.950285,172604	0.254511,12247	0.246639,12346	0.250592,24498	0.25504,24800	0.251131,24525
965000	0.091526,148253	0.0667786,148251	0.113005,148808	0.195076,49150	0.253144,173688	0.2562,24395	0.950028,173558	0.254104,12306	0.247036,12399	0.250822,24627	0.254782,24935	0.251117,24630
970000	0.091499,149029	0.066736,149080	0.112938,149595	0.195257,49417	0.253123,174579	0.256566,24520	0.949978,174383	0.254387,12367	0.246549,12460	0.250696,24771	0.25519,25048	0.251465,24751
975000	0.0914892,149821	0.0667753,149786	0.112938,150375	0.19519,49649	0.253203,175543	0.256239,24645	0.950013,175286	0.254465,12430	0.246568,12528	0.250794,24881	0.255336,25159	0.251155,24897
980000	0.0915942,150599	0.0667694,150548	0.113056,151173	0.195555,49894	0.253221,176415	0.256246,24777	0.95012,176202	0.253964,12486	0.245991,12598	0.25096,25008	0.255076,25267	0.251508,25033
985000	0.0917871,151372	0.0667658,151305	0.112995,151962	0.195386,50147	0.253338,177332	0.256268,24888	0.950135,177097	0.253725,12549	0.246111,12665	0.250816,25126	0.254656,25399	0.25157,25158
990000	0.0917749,152144	0.0667622,152122	0.112885,152731	0.195301,50394	0.253342,178170	0.256324,25023	0.950137,178009	0.253449,12614	0.246328,12731	0.25095,25252	0.254762,25514	0.251581,25296
995000	0.0918199,152919	0.0667827,152869	0.112968,153477	0.195505,50679	0.253307,179063	0.256439,25160	0.950063,178885	0.253231,12688	0.245877,12795	0.250778,25389	0.254884,25643	0.251838,25433
1000000	0.0918929,153668	0.0667773,153645	0.112949,154255	0.195769,50953	0.253318,179940	0.256264,25302	0.949969,179769	0.253253,12758	0.245861,12865	0.250657,25501	0.254849,25780	0.251643,25564
