GEN	stNNI( topo{0};brlens{0} )$run0	eSPR( topo{0};brlens{0};stopProb=0.5 )$run0	parsSpr( topo{0};brlens{0};radius=8,warp=0.1 )$run0	likeSPR( topo{0};brlens{0};radius=6,warp=1 )$run0	blMult( brlens{0} )$run0	TL-Mult( brlens{0} )$run0	blDistGamma( brlens{0} )$run0	freqSlider( statefreq{0};brlens{0} )$run0	freqDirich( statefreq{0};brlens{0} )$run0	revMatSlider( revmat{0};brlens{0} )$run0	revMatDirich( revmat{0};brlens{0} )$run0	rateHetMulti( ratehet{0} )$run0
5000	0.0843829,794	0.0683995,731	0.131016,748	0.208,250	0.326294,947	0.246575,146	0.796892,901	0.315789,57	0.188679,53	0.45,120	0.264,125	0.382812,128
10000	0.0984326,1595	0.076412,1505	0.128968,1512	0.220648,494	0.293275,1814	0.212766,282	0.833889,1800	0.228346,127	0.173554,121	0.329317,249	0.165289,242	0.220077,259
15000	0.108778,2381	0.0759494,2291	0.131776,2269	0.225634,749	0.282688,2738	0.227603,413	0.848394,2678	0.166667,192	0.184358,179	0.320106,378	0.170868,357	0.221333,375
20000	0.118831,3181	0.0786443,3039	0.140059,3063	0.227227,999	0.273272,3674	0.272031,522	0.857948,3548	0.151639,244	0.209677,248	0.308468,496	0.170683,498	0.215164,488
25000	0.128485,3946	0.0826338,3812	0.139712,3815	0.240697,1263	0.269415,4584	0.281493,643	0.860742,4445	0.158784,296	0.209677,310	0.293924,609	0.216511,642	0.226772,635
30000	0.127119,4720	0.081517,4588	0.136304,4578	0.24424,1519	0.264141,5463	0.301935,775	0.86519,5326	0.193277,357	0.234501,371	0.296543,752	0.211414,771	0.220513,780
35000	0.127299,5491	0.0805132,5378	0.135287,5322	0.245026,1759	0.266928,6380	0.297632,887	0.869231,6240	0.20979,429	0.246014,439	0.291429,875	0.219485,893	0.235943,907
40000	0.124542,6271	0.0789302,6132	0.137537,6122	0.242273,2006	0.266879,7228	0.275265,1039	0.868773,7186	0.204969,483	0.243243,518	0.289555,967	0.224975,1009	0.243503,1039
45000	0.123901,7054	0.0828016,6896	0.133986,6844	0.23755,2269	0.264005,8140	0.265911,1147	0.869913,8133	0.210238,547	0.224283,593	0.284133,1084	0.235816,1128	0.246352,1165
50000	0.124581,7754	0.0832904,7756	0.133621,7656	0.238038,2508	0.265177,8994	0.270396,1287	0.871533,9014	0.218954,612	0.224615,650	0.289689,1222	0.234968,1264	0.243959,1283
55000	0.12335,8561	0.0831178,8506	0.13244,8434	0.234783,2760	0.26311,9859	0.270703,1437	0.87408,9919	0.222222,675	0.214186,719	0.284748,1331	0.235632,1392	0.250888,1407
60000	0.121167,9359	0.0831803,9257	0.132364,9217	0.231101,3016	0.261969,10757	0.270202,1584	0.876474,10767	0.222826,736	0.217391,782	0.28093,1463	0.240209,1532	0.246405,1530
65000	0.121454,10152	0.0833085,10047	0.130939,9997	0.23011,3268	0.262233,11669	0.279883,1715	0.875723,11587	0.215365,794	0.227166,854	0.279257,1615	0.240122,1645	0.246832,1657
70000	0.120139,10904	0.0823224,10799	0.128636,10829	0.227429,3500	0.261015,12574	0.27868,1848	0.878298,12506	0.209848,853	0.234848,924	0.280117,1710	0.24136,1765	0.246085,1788
75000	0.11811,11701	0.0811021,11578	0.129394,11577	0.226727,3749	0.262435,13470	0.276768,1980	0.880616,13377	0.205689,914	0.226378,1016	0.280942,1826	0.240253,1898	0.248171,1914
80000	0.118851,12461	0.0811117,12341	0.129371,12383	0.22996,3992	0.26133,14365	0.274845,2103	0.882332,14269	0.215943,991	0.236599,1082	0.275862,1943	0.242409,2042	0.25789,2028
85000	0.120893,13210	0.0826471,13116	0.13013,13133	0.234188,4253	0.260223,15260	0.271011,2225	0.881997,15220	0.21163,1049	0.239092,1146	0.275194,2064	0.241743,2180	0.252799,2144
90000	0.123196,13994	0.0827193,13842	0.129608,13942	0.233296,4505	0.260209,16187	0.273075,2351	0.881421,16099	0.211957,1104	0.236908,1203	0.269248,2195	0.242333,2315	0.252762,2263
95000	0.122285,14777	0.081802,14584	0.129122,14676	0.228936,4783	0.259435,17091	0.273167,2482	0.882329,16988	0.214897,1168	0.249802,1261	0.261018,2337	0.241857,2456	0.251147,2397
100000	0.121103,15524	0.0809701,15339	0.129602,15455	0.229006,5061	0.259163,18008	0.271472,2608	0.881705,17896	0.217886,1230	0.254902,1326	0.259788,2452	0.240698,2580	0.255454,2521
105000	0.119911,16262	0.0805348,16080	0.128644,16192	0.229833,5343	0.258204,18923	0.265762,2728	0.882309,18812	0.2194,1299	0.258731,1403	0.25648,2585	0.244665,2718	0.252354,2655
110000	0.120859,16995	0.0805648,16856	0.129395,16979	0.232178,5625	0.258636,19800	0.265499,2855	0.883123,19713	0.220501,1356	0.254821,1452	0.257153,2726	0.242862,2837	0.253029,2806
115000	0.120097,17769	0.0802655,17629	0.129101,17738	0.232625,5885	0.258632,20678	0.26817,2972	0.884308,20641	0.227751,1427	0.254785,1515	0.255245,2860	0.242292,2984	0.25672,2902
120000	0.121778,18542	0.0812686,18445	0.129879,18548	0.232975,6138	0.258017,21580	0.266213,3084	0.883506,21486	0.229153,1475	0.255534,1581	0.258043,2984	0.24654,3107	0.258746,3030
125000	0.122617,19353	0.0822531,19209	0.13064,19282	0.232761,6410	0.258118,22451	0.26799,3224	0.883889,22401	0.229721,1541	0.257038,1634	0.258974,3120	0.246592,3228	0.25707,3147
130000	0.123085,20108	0.0832751,20018	0.131445,20092	0.234499,6661	0.258264,23325	0.268242,3344	0.883081,23264	0.226322,1626	0.258955,1703	0.259864,3244	0.247907,3344	0.255579,3271
135000	0.122184,20862	0.0825282,20805	0.131421,20849	0.234477,6909	0.257974,24235	0.265724,3466	0.883318,24194	0.229537,1686	0.258503,1764	0.25768,3353	0.247691,3464	0.256666,3413
140000	0.121985,21642	0.0822978,21568	0.131399,21644	0.234728,7170	0.257633,25055	0.263407,3599	0.88285,25096	0.225272,1749	0.261084,1827	0.25616,3490	0.24827,3613	0.254581,3547
145000	0.120664,22401	0.0815451,22368	0.130153,22412	0.233262,7438	0.257685,25896	0.262115,3735	0.882527,26040	0.223523,1794	0.256059,1898	0.256111,3600	0.247533,3749	0.254565,3669
150000	0.120768,23185	0.0820182,23129	0.129559,23194	0.233346,7701	0.258104,26807	0.263431,3853	0.883372,26889	0.228741,1858	0.257506,1965	0.255529,3753	0.250193,3881	0.256803,3785
155000	0.1201,23955	0.0815059,23986	0.129988,23956	0.233799,7947	0.258524,27688	0.262469,3970	0.884352,27748	0.233212,1921	0.256524,2031	0.255856,3885	0.247569,4011	0.25756,3902
160000	0.119563,24715	0.0813742,24799	0.129855,24766	0.23213,8198	0.25822,28588	0.260475,4081	0.884184,28623	0.23565,1986	0.261597,2091	0.256577,3991	0.252963,4135	0.257263,4027
165000	0.119358,25478	0.0810927,25551	0.12968,25532	0.232668,8467	0.257897,29504	0.260333,4210	0.88461,29500	0.233855,2044	0.265127,2165	0.257053,4112	0.253221,4269	0.259597,4168
170000	0.119181,26229	0.0809321,26306	0.129564,26319	0.234074,8728	0.258205,30410	0.258303,4336	0.8844,30424	0.232955,2112	0.265049,2226	0.256089,4229	0.256153,4388	0.259026,4293
175000	0.118692,27011	0.0808308,27106	0.129156,27068	0.235104,8979	0.258494,31285	0.259309,4458	0.883885,31331	0.233149,2166	0.264283,2293	0.256623,4341	0.259104,4531	0.261341,4431
180000	0.118756,27746	0.0805369,27863	0.12969,27828	0.234314,9244	0.258393,32199	0.259791,4596	0.882632,32249	0.236355,2217	0.261219,2362	0.255928,4470	0.258791,4664	0.262385,4562
185000	0.119364,28501	0.0802193,28634	0.129452,28613	0.233032,9518	0.258199,33114	0.259851,4695	0.882198,33132	0.236014,2288	0.261915,2413	0.256405,4606	0.25861,4791	0.259638,4695
190000	0.119697,29274	0.079951,29393	0.129062,29420	0.234114,9773	0.257665,33955	0.257219,4848	0.882526,34033	0.235493,2361	0.263306,2480	0.254595,4733	0.260472,4918	0.258936,4812
195000	0.119754,30070	0.0798475,30170	0.129119,30166	0.233801,10047	0.257798,34818	0.257929,4982	0.882252,34939	0.238411,2416	0.26378,2540	0.255857,4866	0.258805,5054	0.258516,4932
200000	0.119465,30829	0.080311,30992	0.129434,30896	0.234111,10290	0.257404,35757	0.259527,5117	0.881634,35779	0.237616,2483	0.265337,2608	0.254585,5016	0.260525,5178	0.259347,5055
205000	0.119118,31599	0.0804609,31767	0.129379,31682	0.233994,10543	0.257778,36644	0.260803,5253	0.881384,36673	0.237427,2565	0.263197,2671	0.254471,5144	0.261451,5305	0.257082,5154
210000	0.11905,32373	0.0805064,32544	0.129353,32423	0.234035,10789	0.257652,37539	0.260045,5376	0.880989,37610	0.238204,2628	0.261757,2743	0.251711,5260	0.259695,5441	0.254645,5274
215000	0.118611,33184	0.0805067,33314	0.128615,33192	0.233503,11032	0.257252,38437	0.258916,5496	0.881582,38474	0.239316,2691	0.263627,2807	0.250879,5401	0.257573,5579	0.254589,5393
220000	0.118498,33950	0.0806645,34129	0.128592,33929	0.23223,11269	0.257061,39337	0.259503,5630	0.880682,39382	0.239462,2752	0.262901,2868	0.251357,5526	0.258624,5711	0.253036,5517
225000	0.118217,34758	0.0803177,34874	0.128586,34685	0.232599,11522	0.257176,40206	0.261685,5755	0.880576,40310	0.239816,2823	0.262278,2932	0.250088,5674	0.257721,5828	0.254216,5633
230000	0.118086,35525	0.0802748,35665	0.128169,35461	0.2329,11769	0.257696,41126	0.263658,5894	0.880108,41187	0.242991,2889	0.261146,2983	0.250604,5794	0.257018,5949	0.253734,5758
235000	0.117768,36334	0.0800604,36435	0.127979,36217	0.233042,12015	0.257896,42013	0.26162,6024	0.879877,42082	0.242712,2950	0.261285,3035	0.250422,5918	0.256385,6069	0.253555,5908
240000	0.117858,37087	0.0798786,37219	0.127725,36931	0.232391,12281	0.257369,42915	0.261059,6194	0.878764,42974	0.243611,3013	0.263141,3101	0.249048,6043	0.256039,6210	0.253481,6032
245000	0.118068,37834	0.0801873,38011	0.128202,37745	0.232846,12519	0.257006,43781	0.259376,6319	0.878361,43884	0.244705,3069	0.264353,3170	0.250607,6181	0.25639,6338	0.254513,6149
250000	0.11795,38635	0.0800969,38803	0.12792,38532	0.233346,12775	0.2569,44636	0.258891,6439	0.878078,44750	0.245042,3126	0.265451,3236	0.249486,6321	0.257068,6473	0.253267,6274
255000	0.118465,39387	0.0807754,39616	0.128443,39286	0.233954,13041	0.256793,45527	0.260101,6559	0.878278,45645	0.243742,3196	0.263876,3297	0.249418,6447	0.256406,6595	0.25406,6404
260000	0.118732,40166	0.0808824,40392	0.128495,40056	0.233748,13275	0.257069,46435	0.25906,6678	0.877845,46572	0.242163,3254	0.264399,3351	0.24962,6578	0.256323,6722	0.255176,6521
265000	0.119002,40907	0.0808407,41155	0.128655,40838	0.23369,13535	0.256976,47374	0.2586,6802	0.878033,47480	0.241722,3322	0.266001,3406	0.249515,6705	0.256373,6826	0.253985,6650
270000	0.119223,41695	0.0808845,41924	0.12843,41618	0.234723,13795	0.25662,48266	0.260605,6907	0.878238,48373	0.239387,3392	0.2653,3464	0.250513,6822	0.256724,6953	0.254602,6791
275000	0.119606,42456	0.0811171,42716	0.128357,42374	0.234398,14053	0.256092,49123	0.261272,7031	0.87854,49292	0.241856,3469	0.263262,3525	0.249641,6958	0.257268,7086	0.255313,6917
280000	0.119388,43279	0.0810083,43477	0.128352,43108	0.234127,14317	0.256267,50026	0.260106,7174	0.87905,50153	0.243757,3524	0.263085,3592	0.249648,7094	0.256996,7218	0.255186,7038
285000	0.119652,44036	0.0811287,44263	0.128412,43851	0.234375,14592	0.256415,50933	0.261191,7305	0.878788,51051	0.244705,3588	0.262668,3651	0.249723,7220	0.255409,7349	0.254294,7161
290000	0.119748,44794	0.0807928,45004	0.128246,44625	0.234192,14834	0.256722,51846	0.261133,7433	0.878829,51943	0.244396,3658	0.263356,3725	0.249523,7338	0.256975,7491	0.25407,7309
295000	0.119686,45519	0.0809366,45826	0.128362,45395	0.233442,15083	0.256487,52724	0.261766,7564	0.878846,52842	0.248257,3730	0.2632,3788	0.250201,7466	0.257341,7628	0.252724,7435
300000	0.119405,46246	0.0806642,46613	0.128344,46134	0.233848,15339	0.256109,53649	0.261243,7694	0.878788,53790	0.248418,3792	0.263676,3857	0.24944,7589	0.256645,7750	0.253081,7547
305000	0.119469,47008	0.0806942,47364	0.128133,46881	0.234141,15606	0.256498,54558	0.262075,7826	0.879069,54709	0.248376,3849	0.26219,3917	0.249288,7726	0.257668,7890	0.25437,7666
310000	0.119643,47767	0.0807266,48113	0.128034,47675	0.234386,15867	0.25661,55485	0.262821,7975	0.878821,55546	0.248916,3921	0.262349,3968	0.249015,7871	0.257225,8028	0.252955,7784
315000	0.119794,48550	0.0805498,48889	0.128054,48456	0.234427,16086	0.256412,56343	0.261117,8096	0.879115,56467	0.249624,3990	0.262716,4050	0.247781,7999	0.258769,8154	0.253662,7920
320000	0.11945,49351	0.0802263,49672	0.127861,49194	0.234255,16354	0.256348,57223	0.260499,8215	0.879676,57362	0.249012,4048	0.261441,4108	0.248278,8132	0.25838,8294	0.253014,8047
325000	0.1189,50084	0.0804354,50438	0.127768,49997	0.233875,16620	0.256362,58156	0.260692,8347	0.879642,58218	0.247213,4126	0.261871,4170	0.247484,8247	0.259352,8421	0.253302,8176
330000	0.118864,50848	0.0804595,51181	0.127963,50788	0.234308,16888	0.256482,59045	0.260834,8469	0.879922,59120	0.247017,4190	0.2604,4255	0.247848,8364	0.258699,8535	0.253337,8317
335000	0.118897,51633	0.0804423,51913	0.127776,51598	0.233687,17134	0.256645,59931	0.260703,8596	0.880124,60037	0.248592,4260	0.259354,4303	0.248616,8487	0.258158,8673	0.253349,8435
340000	0.119061,52427	0.0806455,52675	0.128099,52350	0.233577,17369	0.256877,60854	0.260101,8712	0.880274,60956	0.246474,4325	0.259758,4381	0.247675,8604	0.259563,8784	0.252949,8563
345000	0.118862,53196	0.0803712,53452	0.127833,53077	0.233379,17628	0.256676,61755	0.2599,8838	0.879577,61882	0.246585,4392	0.26024,4419	0.248082,8735	0.25933,8923	0.252327,8703
350000	0.11891,53965	0.0799963,54240	0.127588,53853	0.233757,17869	0.256912,62613	0.259672,8969	0.879752,62820	0.245806,4471	0.261044,4482	0.247283,8832	0.25901,9046	0.252376,8840
355000	0.118621,54754	0.0800793,54983	0.127599,54593	0.233975,18143	0.256729,63530	0.25919,9113	0.879942,63694	0.244332,4543	0.262241,4534	0.247467,8983	0.259066,9183	0.253046,8947
360000	0.118525,55541	0.0802561,55759	0.12758,55338	0.233801,18396	0.25666,64451	0.258766,9240	0.879931,64596	0.243865,4605	0.262481,4587	0.247368,9120	0.258849,9295	0.253197,9072
365000	0.11842,56291	0.0806771,56534	0.127766,56087	0.233948,18658	0.256594,65360	0.259259,9369	0.879947,65521	0.244169,4673	0.263135,4644	0.246948,9257	0.259031,9412	0.2531,9194
370000	0.11817,57062	0.0806052,57304	0.127543,56828	0.234163,18927	0.256594,66268	0.258234,9503	0.879492,66452	0.243728,4743	0.263538,4709	0.247837,9361	0.260189,9520	0.253459,9323
375000	0.118159,57812	0.0806149,58091	0.127206,57623	0.234254,19180	0.256514,67201	0.25904,9624	0.879563,67338	0.243821,4815	0.264385,4762	0.247861,9469	0.260203,9654	0.25342,9431
380000	0.118176,58565	0.0806635,58837	0.127155,58409	0.233982,19416	0.256212,68178	0.258594,9745	0.879828,68244	0.244413,4877	0.265353,4820	0.247571,9573	0.260153,9775	0.253112,9561
385000	0.117996,59358	0.0807374,59613	0.12731,59147	0.234033,19681	0.256113,69110	0.258666,9866	0.879818,69112	0.242736,4956	0.266093,4878	0.247318,9696	0.259772,9901	0.25315,9682
390000	0.117916,60170	0.0805411,60466	0.127362,59908	0.233747,19919	0.256034,69936	0.259155,9994	0.879793,70004	0.243917,5014	0.266545,4941	0.248574,9820	0.260219,10030	0.252501,9798
395000	0.117729,60928	0.0805917,61247	0.127242,60664	0.233122,20174	0.255871,70860	0.258469,10125	0.88,70925	0.243633,5065	0.265974,5008	0.248467,9949	0.260664,10151	0.251918,9904
400000	0.117586,61691	0.0807432,61999	0.127262,61440	0.233307,20428	0.255837,71780	0.258316,10251	0.879483,71824	0.243645,5114	0.2643,5070	0.248313,10076	0.261089,10280	0.252812,10047
405000	0.117511,62479	0.0809118,62735	0.12746,62247	0.233161,20711	0.2562,72666	0.257481,10393	0.87887,72666	0.243066,5192	0.264654,5135	0.24765,10212	0.260506,10399	0.25391,10165
410000	0.117522,63205	0.0808337,63476	0.127281,63026	0.233165,20968	0.255963,73616	0.257583,10517	0.878831,73550	0.242586,5260	0.263998,5197	0.248863,10335	0.260366,10539	0.25497,10311
415000	0.117404,63967	0.0808921,64209	0.127276,63822	0.232988,21250	0.255648,74540	0.257008,10630	0.878937,74424	0.243045,5320	0.263628,5265	0.249021,10465	0.260393,10680	0.253644,10428
420000	0.117412,64755	0.081037,64995	0.127495,64567	0.232379,21508	0.255822,75443	0.256465,10750	0.879052,75305	0.244341,5390	0.26299,5331	0.248867,10588	0.259386,10814	0.254311,10554
425000	0.117204,65518	0.0810072,65809	0.127728,65342	0.232561,21762	0.255713,76320	0.256191,10863	0.879007,76203	0.244265,5449	0.264046,5393	0.248066,10727	0.260154,10932	0.255008,10682
430000	0.117007,66312	0.0811574,66562	0.127668,66109	0.232437,22006	0.255906,77208	0.256296,10999	0.878999,77107	0.24492,5512	0.264082,5468	0.248732,10843	0.259879,11059	0.254554,10815
435000	0.116959,67092	0.0810787,67305	0.127856,66888	0.232367,22245	0.255936,78086	0.256588,11119	0.878986,78032	0.245611,5582	0.264137,5535	0.248862,10982	0.259054,11183	0.254863,10951
440000	0.117031,67888	0.0812728,68104	0.127667,67637	0.232666,22513	0.256002,78972	0.256194,11261	0.879179,78910	0.245754,5652	0.263458,5610	0.249369,11092	0.260138,11294	0.255806,11067
445000	0.116996,68746	0.0814667,68887	0.127751,68391	0.232064,22761	0.255972,79829	0.255857,11397	0.87927,79748	0.244791,5711	0.264068,5669	0.248709,11230	0.260208,11437	0.256298,11194
450000	0.116991,69501	0.0816464,69654	0.127529,69161	0.232289,23023	0.255936,80700	0.256006,11531	0.878436,80682	0.244055,5761	0.264194,5742	0.248943,11352	0.259689,11560	0.255184,11333
455000	0.116791,70262	0.0813615,70451	0.127476,69935	0.232475,23267	0.255804,81543	0.255816,11649	0.878541,81624	0.243777,5825	0.263829,5803	0.248692,11472	0.25975,11692	0.255642,11477
460000	0.117048,71005	0.0812287,71231	0.12761,70684	0.232443,23537	0.255887,82466	0.255644,11782	0.878789,82517	0.242568,5887	0.262817,5871	0.248986,11591	0.260377,11829	0.255259,11600
465000	0.116649,71754	0.0812589,72029	0.127576,71440	0.232225,23770	0.255851,83365	0.255344,11929	0.878864,83435	0.242266,5948	0.261668,5935	0.249446,11726	0.261088,11950	0.256165,11719
470000	0.116477,72538	0.0809162,72779	0.1273,72184	0.23197,24029	0.255829,84236	0.255469,12068	0.878713,84329	0.243135,6009	0.260213,6022	0.249325,11856	0.261021,12091	0.256345,11859
475000	0.116552,73315	0.0810124,73569	0.12745,72946	0.232084,24280	0.255857,85114	0.255949,12186	0.879069,85255	0.242968,6079	0.260684,6084	0.249603,11979	0.261258,12191	0.256457,12002
480000	0.11635,74044	0.0809608,74357	0.12735,73679	0.231421,24557	0.255735,86007	0.254929,12325	0.879164,86183	0.24349,6144	0.259837,6150	0.249442,12099	0.260675,12318	0.256159,12137
485000	0.116263,74770	0.0809516,75156	0.127729,74431	0.23115,24828	0.255679,86906	0.254646,12484	0.879053,87096	0.244044,6212	0.260715,6206	0.24916,12201	0.260971,12442	0.256929,12268
490000	0.116253,75551	0.0809963,75880	0.12757,75159	0.230818,25115	0.255987,87809	0.255493,12607	0.87878,88038	0.245025,6281	0.260814,6265	0.249534,12339	0.261012,12555	0.257157,12401
495000	0.11648,76339	0.0810627,76632	0.127645,75953	0.230869,25352	0.255707,88707	0.255739,12720	0.878584,88934	0.244866,6330	0.262295,6344	0.249419,12473	0.260705,12681	0.257359,12535
500000	0.11632,77106	0.0812486,77429	0.127642,76683	0.230862,25591	0.255525,89596	0.256252,12835	0.878406,89873	0.244097,6395	0.262246,6410	0.249504,12601	0.260391,12823	0.256597,12658
505000	0.116316,77857	0.0812653,78213	0.127901,77474	0.230751,25859	0.255555,90462	0.25621,12962	0.877658,90795	0.245084,6459	0.261386,6477	0.24886,12718	0.259822,12955	0.256324,12769
510000	0.116232,78636	0.0811841,78944	0.127938,78241	0.231014,26137	0.255707,91335	0.256514,13087	0.877503,91725	0.245514,6521	0.262265,6543	0.248501,12841	0.260292,13093	0.255873,12897
515000	0.116195,79427	0.081301,79753	0.127929,78989	0.231087,26371	0.255719,92230	0.256604,13211	0.877273,92612	0.245627,6575	0.262005,6622	0.247938,12971	0.260991,13215	0.255298,13024
520000	0.116234,80192	0.0811613,80531	0.127741,79771	0.230997,26628	0.255748,93115	0.256656,13333	0.877128,93496	0.244919,6643	0.261656,6692	0.248261,13083	0.261195,13354	0.255508,13162
525000	0.116263,80980	0.0811386,81256	0.127685,80542	0.231266,26917	0.255709,94064	0.256712,13447	0.876948,94342	0.245818,6696	0.262443,6771	0.248504,13203	0.260576,13497	0.255702,13285
530000	0.116266,81795	0.0811364,82047	0.127855,81264	0.230735,27174	0.255719,94940	0.256225,13574	0.876704,95234	0.245933,6762	0.261818,6833	0.24895,13332	0.260563,13632	0.255871,13413
535000	0.116245,82584	0.0811274,82808	0.127578,82028	0.230685,27427	0.255824,95851	0.255637,13703	0.876586,96132	0.245018,6824	0.261874,6885	0.249535,13445	0.260263,13763	0.256236,13550
540000	0.11633,83375	0.0812442,83526	0.127504,82774	0.230594,27672	0.255959,96828	0.255735,13819	0.876545,97015	0.244522,6891	0.262599,6965	0.24919,13588	0.259329,13882	0.255617,13665
545000	0.116246,84149	0.0813562,84296	0.127491,83543	0.230665,27928	0.255909,97687	0.255717,13949	0.876281,97940	0.244942,6969	0.26327,7027	0.24918,13717	0.25941,14001	0.255546,13794
550000	0.11631,84894	0.0814338,85063	0.127736,84346	0.230534,28178	0.255938,98606	0.255951,14073	0.876391,98868	0.245049,7019	0.263262,7088	0.249729,13835	0.259506,14123	0.255411,13907
555000	0.116316,85689	0.0816714,85844	0.128013,85085	0.230352,28426	0.25589,99539	0.255501,14180	0.876123,99736	0.245763,7080	0.263312,7155	0.250233,13963	0.259293,14258	0.25518,14045
560000	0.116112,86468	0.0815313,86617	0.127767,85891	0.230099,28679	0.255968,100415	0.25508,14321	0.876198,100612	0.245941,7144	0.263566,7224	0.250302,14087	0.259476,14379	0.255172,14163
565000	0.115937,87254	0.0814301,87351	0.127705,86676	0.229982,28924	0.255971,101285	0.255065,14463	0.876078,101556	0.245797,7197	0.263721,7288	0.249859,14204	0.259149,14509	0.25544,14293
570000	0.115746,87951	0.0816032,88097	0.127846,87441	0.229807,29194	0.25611,102210	0.254451,14604	0.876076,102498	0.245561,7265	0.263537,7350	0.249582,14340	0.25955,14633	0.256017,14417
575000	0.115738,88718	0.0814986,88885	0.127863,88204	0.229949,29437	0.256145,103055	0.254484,14720	0.875901,103458	0.245698,7322	0.263115,7415	0.250277,14460	0.259247,14762	0.255836,14564
580000	0.11579,89481	0.0816415,89648	0.127923,88944	0.229777,29707	0.256281,103964	0.254468,14827	0.876055,104385	0.245669,7388	0.26242,7488	0.251251,14591	0.259398,14896	0.255705,14681
585000	0.115646,90267	0.0815326,90381	0.127949,89731	0.229371,29934	0.256475,104860	0.254324,14973	0.87594,105296	0.245569,7448	0.261744,7557	0.251343,14701	0.258676,15042	0.255773,14810
590000	0.11572,91039	0.0814645,91144	0.127976,90548	0.22951,30173	0.256583,105728	0.254271,15102	0.875999,106217	0.245303,7505	0.262661,7622	0.251164,14823	0.258922,15159	0.255689,14940
595000	0.115654,91808	0.0813098,91920	0.127857,91344	0.229592,30454	0.256622,106569	0.254096,15258	0.875892,107108	0.246105,7574	0.262911,7668	0.251253,14961	0.259184,15271	0.255294,15065
600000	0.115637,92522	0.0811814,92706	0.127739,92125	0.229695,30719	0.256656,107463	0.253867,15386	0.875992,108033	0.24594,7636	0.262715,7727	0.251043,15097	0.259209,15393	0.255249,15193
605000	0.115437,93272	0.081086,93481	0.127595,92911	0.229797,30949	0.256571,108399	0.254045,15513	0.876107,108941	0.246168,7698	0.261483,7794	0.2512,15211	0.258987,15522	0.25534,15309
610000	0.11544,94066	0.0810722,94200	0.127526,93675	0.229305,31203	0.256712,109247	0.253853,15639	0.876162,109894	0.246231,7761	0.262295,7869	0.250505,15353	0.259042,15650	0.254873,15443
615000	0.115296,94834	0.0810327,94974	0.127462,94444	0.229222,31463	0.256765,110163	0.253882,15779	0.876231,110763	0.24706,7824	0.261571,7929	0.250598,15467	0.259222,15778	0.255487,15582
620000	0.115317,95623	0.0808659,95714	0.12744,95198	0.22913,31720	0.256667,111070	0.254007,15909	0.8765,111668	0.246702,7884	0.261967,8001	0.250657,15603	0.259241,15908	0.255318,15702
625000	0.115158,96407	0.0807085,96483	0.127294,95943	0.228798,31967	0.256584,111979	0.253569,16039	0.876515,112572	0.246541,7950	0.263014,8068	0.251113,15730	0.259319,16042	0.255499,15820
630000	0.115111,97132	0.0806128,97255	0.127081,96749	0.228624,32232	0.256653,112888	0.253482,16155	0.876323,113481	0.246004,8008	0.263042,8147	0.251009,15852	0.259268,16157	0.255582,15944
635000	0.115019,97871	0.0805632,98010	0.127077,97547	0.228521,32474	0.256688,113827	0.253222,16294	0.876367,114387	0.245668,8080	0.262741,8202	0.25072,15978	0.259505,16281	0.255966,16049
640000	0.114861,98650	0.0804968,98799	0.127058,98357	0.228328,32738	0.256683,114733	0.253045,16420	0.876301,115207	0.2457,8140	0.262495,8263	0.251025,16098	0.259516,16419	0.255626,16176
645000	0.114831,99442	0.080483,99549	0.126965,99169	0.228545,32987	0.256579,115629	0.25275,16546	0.876442,116051	0.246525,8202	0.262754,8331	0.251016,16234	0.258733,16546	0.255793,16314
650000	0.114834,100214	0.0804932,100319	0.127031,99952	0.2284,33218	0.256497,116524	0.253241,16664	0.876511,116966	0.246308,8262	0.263014,8414	0.250611,16368	0.258341,16664	0.255674,16435
655000	0.114772,100948	0.0805394,101081	0.127295,100727	0.22842,33491	0.256692,117413	0.253365,16790	0.876423,117870	0.247543,8342	0.262947,8477	0.250773,16493	0.258529,16795	0.255536,16573
660000	0.114724,101705	0.080511,101837	0.127453,101504	0.228348,33773	0.256694,118312	0.253077,16900	0.87657,118756	0.247888,8403	0.262468,8542	0.25188,16623	0.258754,16935	0.255655,16710
665000	0.114685,102498	0.0803944,102644	0.127357,102248	0.228217,33994	0.25665,119209	0.252655,17043	0.876729,119647	0.248049,8458	0.261941,8605	0.25254,16730	0.25873,17068	0.255399,16856
670000	0.114806,103226	0.0804184,103434	0.127386,103033	0.228232,34259	0.256572,120126	0.253013,17173	0.876791,120543	0.248324,8501	0.261767,8668	0.252698,16862	0.258684,17187	0.255239,16988
675000	0.11482,103980	0.0803002,104184	0.1273,103818	0.228186,34542	0.256158,121054	0.252627,17318	0.876751,121380	0.247984,8557	0.261973,8749	0.252295,16992	0.258659,17324	0.25535,17102
680000	0.114952,104705	0.0802767,104962	0.127307,104629	0.227883,34781	0.256137,121974	0.252638,17440	0.876849,122281	0.247418,8617	0.262746,8807	0.251839,17130	0.258468,17449	0.255907,17225
685000	0.115018,105444	0.0802179,105737	0.1273,105389	0.228036,35034	0.256096,122907	0.252717,17573	0.876978,123189	0.247265,8683	0.263306,8868	0.251754,17243	0.258501,17586	0.25601,17347
690000	0.115058,106225	0.0800101,106524	0.127161,106165	0.227539,35295	0.256109,123795	0.252852,17706	0.877156,124043	0.247259,8756	0.263181,8933	0.251814,17366	0.257536,17714	0.255922,17478
695000	0.115072,107003	0.0802051,107275	0.127253,106929	0.227297,35535	0.255943,124676	0.253294,17833	0.877194,124969	0.247765,8835	0.263269,8987	0.251843,17499	0.257752,17835	0.255504,17624
700000	0.11504,107780	0.0802699,108048	0.12731,107706	0.227409,35777	0.255918,125591	0.252811,17962	0.877073,125847	0.247722,8889	0.263164,9059	0.251758,17636	0.257318,17970	0.254807,17735
705000	0.11508,108516	0.0803287,108803	0.127393,108460	0.227248,36040	0.255975,126528	0.252957,18094	0.877155,126769	0.248382,8962	0.263181,9123	0.251944,17746	0.257001,18105	0.255069,17854
710000	0.115072,109279	0.0803054,109619	0.127225,109224	0.227165,36282	0.255959,127419	0.253224,18221	0.87699,127673	0.24803,9011	0.26329,9180	0.252364,17875	0.256826,18238	0.255465,17979
715000	0.114988,110055	0.0803102,110372	0.127102,109959	0.227108,36520	0.255979,128374	0.253844,18342	0.87713,128559	0.248566,9068	0.26276,9248	0.252123,18015	0.256522,18361	0.25542,18127
720000	0.115009,110800	0.0803649,111143	0.127049,110784	0.22704,36782	0.256089,129252	0.254139,18482	0.8772,129438	0.248742,9138	0.263107,9308	0.251682,18134	0.256155,18481	0.255504,18258
725000	0.115005,111656	0.0802274,111882	0.126936,111552	0.226746,37037	0.256161,130164	0.254086,18600	0.877273,130305	0.248505,9199	0.263371,9367	0.25134,18278	0.256158,18594	0.255527,18366
730000	0.11519,112432	0.0802312,112637	0.12681,112341	0.226849,37298	0.256117,131077	0.253656,18734	0.877077,131212	0.249082,9258	0.263136,9421	0.251713,18390	0.256198,18716	0.255464,18484
735000	0.11527,113204	0.0802194,113414	0.126752,113095	0.227207,37556	0.255975,131974	0.254026,18876	0.876969,132081	0.2489,9317	0.263125,9486	0.251864,18510	0.256331,18835	0.255415,18652
740000	0.115208,113959	0.0801629,114180	0.126783,113880	0.227109,37854	0.255769,132827	0.254185,18998	0.87685,132992	0.249041,9384	0.262479,9536	0.252278,18658	0.256777,18962	0.255301,18770
745000	0.115204,114710	0.0801068,114934	0.126742,114650	0.227179,38133	0.255728,133740	0.253975,19120	0.877065,133868	0.249417,9438	0.262088,9596	0.252315,18790	0.256779,19102	0.255352,18919
750000	0.115234,115513	0.0801822,115699	0.126783,115402	0.227064,38390	0.255836,134629	0.25383,19257	0.876906,134759	0.249078,9495	0.262482,9654	0.252417,18929	0.256904,19229	0.255304,19044
755000	0.115228,116274	0.0801185,116465	0.126732,116214	0.22669,38643	0.255807,135528	0.254362,19374	0.877005,135648	0.248586,9550	0.26214,9720	0.252359,19072	0.256809,19349	0.255284,19163
760000	0.115221,117045	0.0800096,117261	0.126786,117000	0.226402,38891	0.255856,136436	0.254431,19522	0.876939,136485	0.248699,9610	0.261968,9776	0.252434,19205	0.256221,19491	0.255161,19278
765000	0.115212,117835	0.0798776,117993	0.126666,117751	0.22626,39132	0.255945,137334	0.25441,19669	0.876829,137419	0.249043,9665	0.262345,9842	0.252562,19318	0.256225,19639	0.25527,19403
770000	0.115128,118633	0.0798103,118744	0.126683,118516	0.226279,39385	0.255689,138250	0.254168,19794	0.876882,138298	0.248664,9728	0.261941,9903	0.252353,19441	0.255928,19779	0.255261,19529
775000	0.114966,119366	0.079742,119523	0.126507,119321	0.226232,39654	0.255686,139147	0.254706,19921	0.8766,139173	0.248952,9781	0.261917,9965	0.252731,19590	0.256039,19911	0.254988,19648
780000	0.114924,120166	0.079742,120313	0.126567,120087	0.225961,39914	0.255705,140021	0.254664,20046	0.876673,140058	0.248503,9851	0.261883,10035	0.252739,19712	0.255976,20037	0.255263,19760
785000	0.114889,120908	0.0797215,121084	0.126572,120848	0.226011,40175	0.255721,140931	0.254791,20193	0.876524,140951	0.249118,9919	0.261843,10090	0.253073,19848	0.255167,20175	0.255861,19878
790000	0.114978,121675	0.0798132,121872	0.126521,121600	0.226357,40445	0.255667,141821	0.254686,20327	0.876111,141853	0.249199,9988	0.261079,10154	0.252667,19963	0.254949,20306	0.255951,19996
795000	0.114909,122445	0.0797659,122659	0.126547,122397	0.226091,40696	0.25568,142702	0.254426,20446	0.87594,142761	0.249178,10037	0.26104,10213	0.252564,20082	0.255106,20419	0.256119,20143
800000	0.114937,123224	0.0797385,123441	0.126532,123170	0.226153,40928	0.255814,143585	0.254207,20562	0.875967,143663	0.249233,10099	0.261407,10279	0.252733,20215	0.255048,20553	0.2562,20281
805000	0.114836,123994	0.0796705,124199	0.126523,123914	0.226077,41194	0.255787,144472	0.254591,20692	0.876092,144607	0.249508,10168	0.260802,10345	0.252704,20340	0.255515,20672	0.256335,20403
810000	0.114903,124775	0.0797035,124938	0.126527,124701	0.226039,41453	0.255761,145378	0.254312,20813	0.876321,145490	0.249267,10238	0.260874,10415	0.253383,20467	0.255959,20808	0.256773,20524
815000	0.115073,125573	0.0798304,125704	0.126573,125445	0.226123,41703	0.255694,146249	0.254742,20931	0.876492,146403	0.248447,10304	0.260044,10479	0.253401,20584	0.255753,20946	0.256395,20679
820000	0.114997,126342	0.0797889,126396	0.126602,126254	0.22579,41986	0.255755,147176	0.254997,21063	0.876408,147299	0.248625,10361	0.260288,10546	0.253102,20715	0.25578,21065	0.256768,20797
825000	0.11502,127134	0.0797575,127173	0.126727,127029	0.225784,42235	0.255654,148040	0.255051,21184	0.876324,148226	0.248369,10424	0.260349,10605	0.253132,20835	0.255932,21197	0.256525,20918
830000	0.115029,127881	0.0797965,127963	0.126867,127787	0.22574,42487	0.255725,148996	0.255528,21301	0.87628,149127	0.247973,10485	0.260173,10666	0.253282,20945	0.255745,21322	0.256797,21040
835000	0.115319,128660	0.0798428,128753	0.127021,128530	0.225828,42767	0.255706,149879	0.255491,21445	0.876407,150016	0.247939,10551	0.259981,10720	0.253192,21071	0.255722,21453	0.256441,21155
840000	0.115451,129449	0.0799472,129523	0.127429,129303	0.226043,43036	0.25587,150772	0.255473,21560	0.876344,150911	0.248657,10609	0.260056,10790	0.253077,21203	0.255934,21572	0.256111,21272
845000	0.115625,130180	0.0800101,130271	0.127435,130098	0.22628,43296	0.255815,151707	0.255853,21700	0.876349,151733	0.248502,10684	0.260397,10868	0.252718,21340	0.255586,21707	0.256117,21416
850000	0.115525,130967	0.0799155,131076	0.127432,130878	0.226215,43547	0.255783,152590	0.256108,21815	0.876299,152610	0.24828,10754	0.260261,10939	0.252701,21476	0.255179,21820	0.256039,21528
855000	0.115541,131685	0.0799581,131844	0.12747,131662	0.226208,43818	0.25584,153479	0.256222,21938	0.876369,153546	0.248498,10817	0.26042,11013	0.252627,21601	0.255106,21936	0.25599,21661
860000	0.115767,132507	0.0801182,132604	0.127684,132421	0.226433,44088	0.255822,154334	0.256108,22061	0.876404,154439	0.248183,10871	0.26041,11071	0.252702,21741	0.255151,22085	0.256038,21778
865000	0.115696,133289	0.0800348,133417	0.127582,133130	0.226561,44359	0.255777,155229	0.256019,22178	0.876469,155346	0.248287,10943	0.260268,11127	0.252148,21880	0.25509,22200	0.256552,21902
870000	0.115795,134056	0.0800206,134203	0.12765,133913	0.226731,44608	0.255765,156124	0.256042,22301	0.876575,156240	0.248139,11014	0.259839,11180	0.252329,22003	0.254704,22320	0.256421,22038
875000	0.1157,134814	0.0799899,134967	0.127704,134671	0.226782,44858	0.255696,157038	0.255884,22432	0.876648,157144	0.248306,11071	0.259513,11248	0.252554,22126	0.254676,22456	0.256234,22175
880000	0.115859,135604	0.0801087,135728	0.127755,135408	0.226957,45123	0.255752,157911	0.255796,22557	0.876591,158068	0.248114,11136	0.259698,11317	0.252414,22265	0.25455,22581	0.256076,22302
885000	0.115882,136363	0.0801709,136446	0.127777,136222	0.227033,45381	0.255587,158858	0.255965,22675	0.876536,158945	0.247967,11191	0.259689,11379	0.252253,22410	0.254381,22714	0.255889,22416
890000	0.115693,137113	0.0801152,137190	0.12767,136963	0.227007,45655	0.255554,159759	0.255954,22801	0.876572,159874	0.248023,11257	0.259612,11444	0.252139,22559	0.25404,22835	0.255876,22550
895000	0.115654,137859	0.0800728,137912	0.127642,137745	0.227087,45912	0.255544,160669	0.255679,22935	0.8766,160810	0.248102,11330	0.259185,11513	0.252424,22688	0.25418,22968	0.255969,22659
900000	0.115683,138637	0.0802233,138663	0.127706,138513	0.227276,46173	0.255596,161575	0.256241,23072	0.876589,161703	0.24774,11395	0.259407,11561	0.252432,22822	0.25446,23096	0.255814,22790
905000	0.115614,139481	0.0802301,139424	0.127628,139264	0.227167,46424	0.255655,162465	0.255767,23193	0.876541,162580	0.248211,11458	0.259243,11630	0.252125,22941	0.254607,23224	0.255455,22916
910000	0.11569,140237	0.0802117,140229	0.127648,140002	0.227122,46693	0.255698,163384	0.255681,23322	0.876503,163477	0.248003,11520	0.258961,11689	0.252222,23067	0.254785,23353	0.255266,23027
915000	0.115651,141037	0.0801793,141009	0.127447,140780	0.227143,46944	0.255743,164290	0.255982,23447	0.876636,164367	0.247626,11586	0.25838,11754	0.25206,23181	0.254483,23475	0.255383,23130
920000	0.115629,141772	0.0801611,141802	0.127394,141537	0.227076,47200	0.255584,165198	0.255749,23570	0.876772,165255	0.248026,11652	0.258774,11825	0.252327,23311	0.253946,23631	0.255388,23247
925000	0.115672,142541	0.0802171,142588	0.127408,142314	0.227179,47434	0.255545,166100	0.255676,23698	0.876758,166153	0.248016,11721	0.259178,11876	0.252228,23455	0.25402,23754	0.255499,23366
930000	0.115542,143376	0.0802415,143280	0.127356,143103	0.227287,47693	0.255449,166988	0.255896,23830	0.876868,167056	0.248135,11796	0.258958,11944	0.252289,23592	0.254136,23873	0.255614,23469
935000	0.11554,144114	0.0802588,144034	0.127378,143887	0.227383,47950	0.255431,167912	0.255426,23960	0.876988,167943	0.248336,11871	0.258298,12021	0.252287,23723	0.253888,23987	0.255233,23598
940000	0.115572,144888	0.0802549,144851	0.127341,144643	0.227482,48184	0.255418,168794	0.255614,24091	0.876903,168810	0.248785,11938	0.25823,12090	0.252043,23857	0.254249,24122	0.254972,23732
945000	0.115595,145647	0.0802197,145625	0.127414,145416	0.227483,48408	0.255395,169698	0.255635,24222	0.876821,169712	0.248148,12013	0.258317,12144	0.252355,23994	0.254392,24246	0.25512,23875
950000	0.115581,146434	0.0802333,146423	0.127329,146173	0.227539,48673	0.255357,170522	0.255841,24355	0.876867,170636	0.248509,12076	0.25807,12206	0.252332,24123	0.254348,24380	0.255511,23999
955000	0.11553,147165	0.0801405,147229	0.127397,146958	0.227479,48932	0.2553,171402	0.255784,24466	0.876731,171543	0.248682,12144	0.25772,12273	0.252465,24241	0.254539,24511	0.255428,24136
960000	0.115579,147907	0.0802043,147997	0.127503,147761	0.22757,49163	0.255335,172358	0.25549,24588	0.876791,172431	0.248649,12210	0.257205,12352	0.252237,24362	0.254742,24621	0.25567,24250
965000	0.115509,148646	0.0802108,148783	0.127518,148567	0.227593,49426	0.25536,173183	0.255137,24724	0.876883,173331	0.24829,12284	0.256788,12411	0.252214,24503	0.254937,24763	0.255507,24379
970000	0.11551,149433	0.0803126,149578	0.127642,149363	0.227617,49680	0.255419,174008	0.255532,24854	0.876973,174214	0.248016,12346	0.256813,12476	0.252261,24653	0.255254,24885	0.255692,24510
975000	0.115636,150230	0.0801833,150343	0.127651,150097	0.227575,49944	0.255446,174894	0.255719,25004	0.876833,175088	0.247906,12416	0.257056,12542	0.252381,24780	0.255335,25022	0.255804,24640
980000	0.115759,150977	0.0801048,151077	0.127643,150890	0.227575,50234	0.255405,175733	0.25582,25131	0.876818,176056	0.248058,12485	0.256628,12598	0.252168,24904	0.25538,25139	0.25553,24776
985000	0.115777,151732	0.0801388,151849	0.12765,151680	0.227595,50502	0.255496,176641	0.25537,25277	0.876711,176910	0.248206,12542	0.256793,12660	0.252068,25029	0.255493,25261	0.255488,24917
990000	0.115768,152477	0.0800577,152640	0.127754,152434	0.227429,50763	0.2555,177577	0.255483,25395	0.876771,177832	0.248055,12594	0.256864,12711	0.252394,25171	0.25534,25374	0.255633,25032
995000	0.115778,153276	0.0800355,153407	0.127729,153223	0.227385,51006	0.255442,178432	0.255309,25522	0.876819,178737	0.248222,12658	0.257353,12784	0.252688,25296	0.25546,25503	0.255565,25156
1000000	0.115794,154023	0.0800659,154173	0.127861,154003	0.227301,51280	0.255492,179348	0.254968,25615	0.876812,179652	0.248095,12729	0.257715,12832	0.252586,25425	0.255636,25638	0.255716,25282
